0.0 0.0 0.00 30.0 1.0
0.0 4.936842 0.00 30.0 1.0
0.0 4.936842 0.01 0.0 2.0
2.01536 9.290787 -1.16356871 0.0 2.0
0.0 4.936842 0.02 29.0 2.0
0.0 9.873684 0.02 29.0 2.0
0.0 9.873684 0.03 0.0 3.0
-2.01536 14.227629 1.16356873 0.0 3.0
-2.01536 14.227629 1.16356874 0.0 4.0
-2.01536 19.16447 1.16356874 0.0 4.0
-2.01536 14.227629 1.16356875 0.0 4.0
-4.342498 18.581573 1.16356875 0.0 4.0
0.0 9.873684 0.06 28.0 3.0
0.0 14.810526 0.06 28.0 3.0
0.0 14.810526 0.07 0.0 4.0
2.01536 19.16447 -1.16356877 0.0 4.0
0.0 14.810526 0.08 27.0 4.0
0.0 19.747368 0.08 27.0 4.0
0.0 19.747368 0.09 2.0 5.0
-2.01536 24.101313 1.16356879 2.0 5.0
-2.01536 24.101313 1.163568710 0.0 6.0
-2.01536 29.038155 1.163568710 0.0 6.0
-2.01536 24.101313 1.163568711 1.0 6.0
-4.342498 28.455257 1.163568711 1.0 6.0
-4.342498 28.455257 1.163568712 0.0 7.0
-7.897308 31.198158 3.215939312 0.0 7.0
-7.897308 31.198158 3.215939313 0.0 8.0
-9.912668 35.552105 4.37950813 0.0 8.0
-7.897308 31.198158 3.215939314 0.0 8.0
-12.0020485 33.94106 3.215939314 0.0 8.0
-4.342498 28.455257 1.163568715 0.0 7.0
-6.6696353 32.809204 1.163568715 0.0 7.0
-6.6696353 32.809204 1.163568716 0.0 8.0
-6.6696353 37.746048 1.163568716 0.0 8.0
-6.6696353 32.809204 1.163568717 0.0 8.0
-8.996773 37.16315 1.163568717 0.0 8.0
0.0 19.747368 0.018 26.0 5.0
0.0 24.68421 0.018 26.0 5.0
0.0 24.68421 0.019 0.0 6.0
2.01536 29.038155 -1.163568719 0.0 6.0
0.0 24.68421 0.020 25.0 6.0
0.0 29.621052 0.020 25.0 6.0
0.0 29.621052 0.021 0.0 7.0
-2.01536 33.975 1.163568721 0.0 7.0
-2.01536 33.975 1.163568722 0.0 8.0
-2.01536 38.911842 1.163568722 0.0 8.0
-2.01536 33.975 1.163568723 0.0 8.0
-4.342498 38.328945 1.163568723 0.0 8.0
0.0 29.621052 0.024 24.0 7.0
0.0 34.55789 0.024 24.0 7.0
0.0 34.55789 0.025 0.0 8.0
2.01536 38.91184 -1.163568725 0.0 8.0
0.0 34.55789 0.026 23.0 8.0
0.0 39.494736 0.026 23.0 8.0
0.0 39.494736 0.027 6.0 9.0
-2.01536 43.848682 1.163568727 6.0 9.0
-2.01536 43.848682 1.163568728 0.0 10.0
-2.01536 48.785522 1.163568728 0.0 10.0
-2.01536 43.848682 1.163568729 5.0 10.0
-4.342498 48.20263 1.163568729 5.0 10.0
-4.342498 48.20263 1.163568730 0.0 11.0
-7.897308 50.94553 3.215939330 0.0 11.0
-7.897308 50.94553 3.215939331 0.0 12.0
-9.912668 55.299477 4.37950831 0.0 12.0
-7.897308 50.94553 3.215939332 0.0 12.0
-12.0020485 53.68843 3.215939332 0.0 12.0
-4.342498 48.20263 1.163568733 4.0 11.0
-6.6696353 52.556576 1.163568733 4.0 11.0
-6.6696353 52.556576 1.163568734 0.0 12.0
-6.6696353 57.493416 1.163568734 0.0 12.0
-6.6696353 52.556576 1.163568735 3.0 12.0
-8.996773 56.910522 1.163568735 3.0 12.0
-8.996773 56.910522 1.163568736 2.0 13.0
-12.551582 59.653423 3.215939336 2.0 13.0
-12.551582 59.653423 3.215939337 0.0 14.0
-14.566942 64.00737 4.37950837 0.0 14.0
-12.551582 59.653423 3.215939338 1.0 14.0
-16.656322 62.396324 3.215939338 1.0 14.0
-16.656322 62.396324 3.215939339 0.0 15.0
-20.911144 62.88047 5.672461539 0.0 15.0
-20.911144 62.88047 5.672461540 0.0 16.0
-24.465954 65.623375 7.72483240 0.0 16.0
-20.911144 62.88047 5.672461541 0.0 16.0
-25.824188 63.364616 5.672461541 0.0 16.0
-16.656322 62.396324 3.215939342 0.0 15.0
-20.761063 65.13923 3.215939342 0.0 15.0
-20.761063 65.13923 3.215939343 0.0 16.0
-22.776423 69.49317 4.37950843 0.0 16.0
-20.761063 65.13923 3.215939344 0.0 16.0
-24.865803 67.88213 3.215939344 0.0 16.0
-8.996773 56.910522 1.163568745 2.0 13.0
-11.32391 61.26447 1.163568745 2.0 13.0
-11.32391 61.26447 1.163568746 0.0 14.0
-11.32391 66.20131 1.163568746 0.0 14.0
-11.32391 61.26447 1.163568747 1.0 14.0
-13.651047 65.618416 1.163568747 1.0 14.0
-13.651047 65.618416 1.163568748 0.0 15.0
-17.205856 68.36132 3.215939348 0.0 15.0
-17.205856 68.36132 3.215939349 0.0 16.0
-19.221216 72.71526 4.37950849 0.0 16.0
-17.205856 68.36132 3.215939350 0.0 16.0
-21.310596 71.104225 3.215939350 0.0 16.0
-13.651047 65.618416 1.163568751 0.0 15.0
-15.978184 69.97236 1.163568751 0.0 15.0
-15.978184 69.97236 1.163568752 0.0 16.0
-15.978184 74.9092 1.163568752 0.0 16.0
-15.978184 69.97236 1.163568753 0.0 16.0
-18.30532 74.3263 1.163568753 0.0 16.0
0.0 39.494736 0.054 22.0 9.0
0.0 44.43158 0.054 22.0 9.0
0.0 44.43158 0.055 0.0 10.0
2.01536 48.785526 -1.163568755 0.0 10.0
0.0 44.43158 0.056 21.0 10.0
0.0 49.368423 0.056 21.0 10.0
0.0 49.368423 0.057 0.0 11.0
-2.01536 53.72237 1.163568757 0.0 11.0
-2.01536 53.72237 1.163568758 0.0 12.0
-2.01536 58.65921 1.163568758 0.0 12.0
-2.01536 53.72237 1.163568759 0.0 12.0
-4.342498 58.076317 1.163568759 0.0 12.0
0.0 49.368423 0.060 20.0 11.0
0.0 54.305267 0.060 20.0 11.0
0.0 54.305267 0.061 0.0 12.0
2.01536 58.659214 -1.163568761 0.0 12.0
0.0 54.305267 0.062 19.0 12.0
0.0 59.24211 0.062 19.0 12.0
0.0 59.24211 0.063 2.0 13.0
-2.01536 63.596058 1.163568763 2.0 13.0
-2.01536 63.596058 1.163568764 0.0 14.0
-2.01536 68.5329 1.163568764 0.0 14.0
-2.01536 63.596058 1.163568765 1.0 14.0
-4.342498 67.950005 1.163568765 1.0 14.0
-4.342498 67.950005 1.163568766 0.0 15.0
-7.897308 70.69291 3.215939366 0.0 15.0
-7.897308 70.69291 3.215939367 0.0 16.0
-9.912668 75.04685 4.37950867 0.0 16.0
-7.897308 70.69291 3.215939368 0.0 16.0
-12.0020485 73.435814 3.215939368 0.0 16.0
-4.342498 67.950005 1.163568769 0.0 15.0
-6.6696353 72.30395 1.163568769 0.0 15.0
-6.6696353 72.30395 1.163568770 0.0 16.0
-6.6696353 77.24079 1.163568770 0.0 16.0
-6.6696353 72.30395 1.163568771 0.0 16.0
-8.996773 76.65789 1.163568771 0.0 16.0
0.0 59.24211 0.072 18.0 13.0
0.0 64.178955 0.072 18.0 13.0
0.0 64.178955 0.073 0.0 14.0
2.01536 68.5329 -1.163568773 0.0 14.0
0.0 64.178955 0.074 17.0 14.0
0.0 69.1158 0.074 17.0 14.0
0.0 69.1158 0.075 0.0 15.0
-2.01536 73.46974 1.163568775 0.0 15.0
-2.01536 73.46974 1.163568776 0.0 16.0
-2.01536 78.406586 1.163568776 0.0 16.0
-2.01536 73.46974 1.163568777 0.0 16.0
-4.342498 77.823685 1.163568777 0.0 16.0
0.0 69.1158 0.078 16.0 15.0
0.0 74.05264 0.078 16.0 15.0
0.0 74.05264 0.079 0.0 16.0
2.01536 78.406586 -1.163568779 0.0 16.0
0.0 74.05264 0.080 15.0 16.0
0.0 78.98949 0.080 15.0 16.0
0.0 78.98949 0.081 14.0 17.0
2.01536 83.34343 -1.163568781 14.0 17.0
2.01536 83.34343 -1.163568782 0.0 18.0
5.5701704 86.086334 -3.215939382 0.0 18.0
2.01536 83.34343 -1.163568783 13.0 18.0
4.342498 87.69737 -1.163568783 13.0 18.0
4.342498 87.69737 -1.163568784 0.0 19.0
4.342498 92.63422 -1.163568784 0.0 19.0
4.342498 92.63422 -1.163568785 0.0 20.0
6.3578577 96.98816 -2.327137585 0.0 20.0
4.342498 92.63422 -1.163568786 0.0 20.0
4.342498 97.57106 -1.163568786 0.0 20.0
4.342498 87.69737 -1.163568787 12.0 19.0
6.6696353 92.051315 -1.163568787 12.0 19.0
6.6696353 92.051315 -1.163568788 0.0 20.0
10.224445 94.79422 -3.215939388 0.0 20.0
6.6696353 92.051315 -1.163568789 11.0 20.0
8.996773 96.40526 -1.163568789 11.0 20.0
8.996773 96.40526 -1.163568790 2.0 21.0
8.996773 101.3421 -1.163568790 2.0 21.0
8.996773 101.3421 -1.163568791 0.0 22.0
11.012133 105.696045 -2.327137591 0.0 22.0
8.996773 101.3421 -1.163568792 1.0 22.0
8.996773 106.278946 -1.163568792 1.0 22.0
8.996773 106.278946 -1.163568793 0.0 23.0
6.981413 110.63289 0.093 0.0 23.0
6.981413 110.63289 0.094 0.0 24.0
6.981413 115.56973 0.094 0.0 24.0
6.981413 110.63289 0.095 0.0 24.0
4.6542754 114.98683 0.095 0.0 24.0
8.996773 106.278946 -1.163568796 0.0 23.0
8.996773 111.21579 -1.163568796 0.0 23.0
8.996773 111.21579 -1.163568797 0.0 24.0
11.012133 115.56973 -2.327137597 0.0 24.0
8.996773 111.21579 -1.163568798 0.0 24.0
8.996773 116.15263 -1.163568798 0.0 24.0
8.996773 96.40526 -1.163568799 10.0 21.0
11.32391 100.7592 -1.163568799 10.0 21.0
11.32391 100.7592 -1.1635687100 0.0 22.0
14.878719 103.502106 -3.2159393100 0.0 22.0
11.32391 100.7592 -1.1635687101 9.0 22.0
13.651047 105.113144 -1.1635687101 9.0 22.0
13.651047 105.113144 -1.1635687102 0.0 23.0
13.651047 110.04999 -1.1635687102 0.0 23.0
13.651047 110.04999 -1.1635687103 0.0 24.0
15.666407 114.40393 -2.3271375103 0.0 24.0
13.651047 110.04999 -1.1635687104 0.0 24.0
13.651047 114.98683 -1.1635687104 0.0 24.0
13.651047 105.113144 -1.1635687105 8.0 23.0
15.978184 109.46709 -1.1635687105 8.0 23.0
15.978184 109.46709 -1.1635687106 0.0 24.0
19.532993 112.20999 -3.2159393106 0.0 24.0
15.978184 109.46709 -1.1635687107 7.0 24.0
18.30532 113.82103 -1.1635687107 7.0 24.0
18.30532 113.82103 -1.1635687108 6.0 25.0
18.30532 118.75787 -1.1635687108 6.0 25.0
18.30532 118.75787 -1.1635687109 0.0 26.0
20.32068 123.11182 -2.3271375109 0.0 26.0
18.30532 118.75787 -1.1635687110 5.0 26.0
18.30532 123.69472 -1.1635687110 5.0 26.0
18.30532 123.69472 -1.1635687111 0.0 27.0
16.28996 128.04866 0.0111 0.0 27.0
16.28996 128.04866 0.0112 0.0 28.0
16.28996 132.9855 0.0112 0.0 28.0
16.28996 128.04866 0.0113 0.0 28.0
13.962824 132.4026 0.0113 0.0 28.0
18.30532 123.69472 -1.1635687114 4.0 27.0
18.30532 128.63156 -1.1635687114 4.0 27.0
18.30532 128.63156 -1.1635687115 0.0 28.0
20.32068 132.9855 -2.3271375115 0.0 28.0
18.30532 128.63156 -1.1635687116 3.0 28.0
18.30532 133.5684 -1.1635687116 3.0 28.0
18.30532 133.5684 -1.1635687117 2.0 29.0
16.28996 137.92235 0.0117 2.0 29.0
16.28996 137.92235 0.0118 0.0 30.0
16.28996 142.85919 0.0118 0.0 30.0
16.28996 137.92235 0.0119 1.0 30.0
13.962824 142.27629 0.0119 1.0 30.0
13.962824 142.27629 0.0120 0.0 31.0
10.408014 145.0192 2.0523705120 0.0 31.0
10.408014 145.0192 2.0523705121 0.0 32.0
8.392654 149.37314 3.2159393121 0.0 32.0
10.408014 145.0192 2.0523705122 0.0 32.0
6.303273 147.7621 2.0523705122 0.0 32.0
13.962824 142.27629 0.0123 0.0 31.0
11.635687 146.63023 0.0123 0.0 31.0
11.635687 146.63023 0.0124 0.0 32.0
11.635687 151.56708 0.0124 0.0 32.0
11.635687 146.63023 0.0125 0.0 32.0
9.30855 150.98418 0.0125 0.0 32.0
18.30532 133.5684 -1.1635687126 2.0 29.0
18.30532 138.50525 -1.1635687126 2.0 29.0
18.30532 138.50525 -1.1635687127 0.0 30.0
20.32068 142.85919 -2.3271375127 0.0 30.0
18.30532 138.50525 -1.1635687128 1.0 30.0
18.30532 143.4421 -1.1635687128 1.0 30.0
18.30532 143.4421 -1.1635687129 0.0 31.0
16.28996 147.79604 0.0129 0.0 31.0
16.28996 147.79604 0.0130 0.0 32.0
16.28996 152.73288 0.0130 0.0 32.0
16.28996 147.79604 0.0131 0.0 32.0
13.962824 152.14998 0.0131 0.0 32.0
18.30532 143.4421 -1.1635687132 0.0 31.0
18.30532 148.37894 -1.1635687132 0.0 31.0
18.30532 148.37894 -1.1635687133 0.0 32.0
20.32068 152.73288 -2.3271375133 0.0 32.0
18.30532 148.37894 -1.1635687134 0.0 32.0
18.30532 153.31578 -1.1635687134 0.0 32.0
18.30532 113.82103 -1.1635687135 6.0 25.0
20.632458 118.17497 -1.1635687135 6.0 25.0
20.632458 118.17497 -1.1635687136 0.0 26.0
24.187267 120.91788 -3.2159393136 0.0 26.0
20.632458 118.17497 -1.1635687137 5.0 26.0
22.959595 122.528915 -1.1635687137 5.0 26.0
22.959595 122.528915 -1.1635687138 0.0 27.0
22.959595 127.46576 -1.1635687138 0.0 27.0
22.959595 127.46576 -1.1635687139 0.0 28.0
24.974955 131.8197 -2.3271375139 0.0 28.0
22.959595 127.46576 -1.1635687140 0.0 28.0
22.959595 132.4026 -1.1635687140 0.0 28.0
22.959595 122.528915 -1.1635687141 4.0 27.0
25.286732 126.88286 -1.1635687141 4.0 27.0
25.286732 126.88286 -1.1635687142 0.0 28.0
28.841541 129.62576 -3.2159393142 0.0 28.0
25.286732 126.88286 -1.1635687143 3.0 28.0
27.613869 131.2368 -1.1635687143 3.0 28.0
27.613869 131.2368 -1.1635687144 2.0 29.0
27.613869 136.17365 -1.1635687144 2.0 29.0
27.613869 136.17365 -1.1635687145 0.0 30.0
29.629229 140.52759 -2.3271375145 0.0 30.0
27.613869 136.17365 -1.1635687146 1.0 30.0
27.613869 141.11049 -1.1635687146 1.0 30.0
27.613869 141.11049 -1.1635687147 0.0 31.0
25.598509 145.46443 0.0147 0.0 31.0
25.598509 145.46443 0.0148 0.0 32.0
25.598509 150.40128 0.0148 0.0 32.0
25.598509 145.46443 0.0149 0.0 32.0
23.271372 149.81837 0.0149 0.0 32.0
27.613869 141.11049 -1.1635687150 0.0 31.0
27.613869 146.04733 -1.1635687150 0.0 31.0
27.613869 146.04733 -1.1635687151 0.0 32.0
29.629229 150.40128 -2.3271375151 0.0 32.0
27.613869 146.04733 -1.1635687152 0.0 32.0
27.613869 150.98418 -1.1635687152 0.0 32.0
27.613869 131.2368 -1.1635687153 2.0 29.0
29.941006 135.59074 -1.1635687153 2.0 29.0
29.941006 135.59074 -1.1635687154 0.0 30.0
33.495815 138.33365 -3.2159393154 0.0 30.0
29.941006 135.59074 -1.1635687155 1.0 30.0
32.268143 139.94469 -1.1635687155 1.0 30.0
32.268143 139.94469 -1.1635687156 0.0 31.0
32.268143 144.88153 -1.1635687156 0.0 31.0
32.268143 144.88153 -1.1635687157 0.0 32.0
34.283504 149.23547 -2.3271375157 0.0 32.0
32.268143 144.88153 -1.1635687158 0.0 32.0
32.268143 149.81837 -1.1635687158 0.0 32.0
32.268143 139.94469 -1.1635687159 0.0 31.0
34.59528 144.29863 -1.1635687159 0.0 31.0
34.59528 144.29863 -1.1635687160 0.0 32.0
38.15009 147.04153 -3.2159393160 0.0 32.0
34.59528 144.29863 -1.1635687161 0.0 32.0
36.922417 148.65257 -1.1635687161 0.0 32.0
0.0 78.98949 0.0162 14.0 17.0
0.0 83.92633 0.0162 14.0 17.0
0.0 83.92633 0.0163 0.0 18.0
2.01536 88.28027 -1.1635687163 0.0 18.0
0.0 83.92633 0.0164 13.0 18.0
0.0 88.863174 0.0164 13.0 18.0
0.0 88.863174 0.0165 0.0 19.0
-2.01536 93.21712 1.1635687165 0.0 19.0
-2.01536 93.21712 1.1635687166 0.0 20.0
-2.01536 98.15396 1.1635687166 0.0 20.0
-2.01536 93.21712 1.1635687167 0.0 20.0
-4.342498 97.57106 1.1635687167 0.0 20.0
0.0 88.863174 0.0168 12.0 19.0
0.0 93.80002 0.0168 12.0 19.0
0.0 93.80002 0.0169 0.0 20.0
2.01536 98.15396 -1.1635687169 0.0 20.0
0.0 93.80002 0.0170 11.0 20.0
0.0 98.73686 0.0170 11.0 20.0
0.0 98.73686 0.0171 2.0 21.0
-2.01536 103.090805 1.1635687171 2.0 21.0
-2.01536 103.090805 1.1635687172 0.0 22.0
-2.01536 108.02765 1.1635687172 0.0 22.0
-2.01536 103.090805 1.1635687173 1.0 22.0
-4.342498 107.44475 1.1635687173 1.0 22.0
-4.342498 107.44475 1.1635687174 0.0 23.0
-7.897308 110.18765 3.2159393174 0.0 23.0
-7.897308 110.18765 3.2159393175 0.0 24.0
-9.912668 114.541595 4.379508175 0.0 24.0
-7.897308 110.18765 3.2159393176 0.0 24.0
-12.0020485 112.93056 3.2159393176 0.0 24.0
-4.342498 107.44475 1.1635687177 0.0 23.0
-6.6696353 111.79869 1.1635687177 0.0 23.0
-6.6696353 111.79869 1.1635687178 0.0 24.0
-6.6696353 116.735535 1.1635687178 0.0 24.0
-6.6696353 111.79869 1.1635687179 0.0 24.0
-8.996773 116.15263 1.1635687179 0.0 24.0
0.0 98.73686 0.0180 10.0 21.0
0.0 103.673706 0.0180 10.0 21.0
0.0 103.673706 0.0181 0.0 22.0
2.01536 108.02765 -1.1635687181 0.0 22.0
0.0 103.673706 0.0182 9.0 22.0
0.0 108.61055 0.0182 9.0 22.0
0.0 108.61055 0.0183 0.0 23.0
-2.01536 112.96449 1.1635687183 0.0 23.0
-2.01536 112.96449 1.1635687184 0.0 24.0
-2.01536 117.90134 1.1635687184 0.0 24.0
-2.01536 112.96449 1.1635687185 0.0 24.0
-4.342498 117.318436 1.1635687185 0.0 24.0
0.0 108.61055 0.0186 8.0 23.0
0.0 113.54739 0.0186 8.0 23.0
0.0 113.54739 0.0187 0.0 24.0
2.01536 117.90134 -1.1635687187 0.0 24.0
0.0 113.54739 0.0188 7.0 24.0
0.0 118.48424 0.0188 7.0 24.0
0.0 118.48424 0.0189 6.0 25.0
-2.01536 122.83818 1.1635687189 6.0 25.0
-2.01536 122.83818 1.1635687190 0.0 26.0
-2.01536 127.775024 1.1635687190 0.0 26.0
-2.01536 122.83818 1.1635687191 5.0 26.0
-4.342498 127.19212 1.1635687191 5.0 26.0
-4.342498 127.19212 1.1635687192 0.0 27.0
-7.897308 129.93503 3.2159393192 0.0 27.0
-7.897308 129.93503 3.2159393193 0.0 28.0
-9.912668 134.28897 4.379508193 0.0 28.0
-7.897308 129.93503 3.2159393194 0.0 28.0
-12.0020485 132.67793 3.2159393194 0.0 28.0
-4.342498 127.19212 1.1635687195 4.0 27.0
-6.6696353 131.54607 1.1635687195 4.0 27.0
-6.6696353 131.54607 1.1635687196 0.0 28.0
-6.6696353 136.48291 1.1635687196 0.0 28.0
-6.6696353 131.54607 1.1635687197 3.0 28.0
-8.996773 135.90001 1.1635687197 3.0 28.0
-8.996773 135.90001 1.1635687198 2.0 29.0
-12.551582 138.64291 3.2159393198 2.0 29.0
-12.551582 138.64291 3.2159393199 0.0 30.0
-14.566942 142.99686 4.379508199 0.0 30.0
-12.551582 138.64291 3.2159393200 1.0 30.0
-16.656322 141.38582 3.2159393200 1.0 30.0
-16.656322 141.38582 3.2159393201 0.0 31.0
-20.911144 141.86996 5.6724615201 0.0 31.0
-20.911144 141.86996 5.6724615202 0.0 32.0
-24.465954 144.61287 7.724832202 0.0 32.0
-20.911144 141.86996 5.6724615203 0.0 32.0
-25.824188 142.35411 5.6724615203 0.0 32.0
-16.656322 141.38582 3.2159393204 0.0 31.0
-20.761063 144.12872 3.2159393204 0.0 31.0
-20.761063 144.12872 3.2159393205 0.0 32.0
-22.776423 148.48267 4.379508205 0.0 32.0
-20.761063 144.12872 3.2159393206 0.0 32.0
-24.865803 146.87163 3.2159393206 0.0 32.0
-8.996773 135.90001 1.1635687207 2.0 29.0
-11.32391 140.25395 1.1635687207 2.0 29.0
-11.32391 140.25395 1.1635687208 0.0 30.0
-11.32391 145.1908 1.1635687208 0.0 30.0
-11.32391 140.25395 1.1635687209 1.0 30.0
-13.651047 144.6079 1.1635687209 1.0 30.0
-13.651047 144.6079 1.1635687210 0.0 31.0
-17.205856 147.3508 3.2159393210 0.0 31.0
-17.205856 147.3508 3.2159393211 0.0 32.0
-19.221216 151.70474 4.379508211 0.0 32.0
-17.205856 147.3508 3.2159393212 0.0 32.0
-21.310596 150.0937 3.2159393212 0.0 32.0
-13.651047 144.6079 1.1635687213 0.0 31.0
-15.978184 148.96184 1.1635687213 0.0 31.0
-15.978184 148.96184 1.1635687214 0.0 32.0
-15.978184 153.89868 1.1635687214 0.0 32.0
-15.978184 148.96184 1.1635687215 0.0 32.0
-18.30532 153.31578 1.1635687215 0.0 32.0
0.0 118.48424 0.0216 6.0 25.0
0.0 123.42108 0.0216 6.0 25.0
0.0 123.42108 0.0217 0.0 26.0
2.01536 127.775024 -1.1635687217 0.0 26.0
0.0 123.42108 0.0218 5.0 26.0
0.0 128.35793 0.0218 5.0 26.0
0.0 128.35793 0.0219 0.0 27.0
-2.01536 132.71187 1.1635687219 0.0 27.0
-2.01536 132.71187 1.1635687220 0.0 28.0
-2.01536 137.64871 1.1635687220 0.0 28.0
-2.01536 132.71187 1.1635687221 0.0 28.0
-4.342498 137.06581 1.1635687221 0.0 28.0
0.0 128.35793 0.0222 4.0 27.0
0.0 133.29477 0.0222 4.0 27.0
0.0 133.29477 0.0223 0.0 28.0
2.01536 137.64871 -1.1635687223 0.0 28.0
0.0 133.29477 0.0224 3.0 28.0
0.0 138.23161 0.0224 3.0 28.0
0.0 138.23161 0.0225 2.0 29.0
-2.01536 142.58556 1.1635687225 2.0 29.0
-2.01536 142.58556 1.1635687226 0.0 30.0
-2.01536 147.5224 1.1635687226 0.0 30.0
-2.01536 142.58556 1.1635687227 1.0 30.0
-4.342498 146.9395 1.1635687227 1.0 30.0
-4.342498 146.9395 1.1635687228 0.0 31.0
-7.897308 149.6824 3.2159393228 0.0 31.0
-7.897308 149.6824 3.2159393229 0.0 32.0
-9.912668 154.03635 4.379508229 0.0 32.0
-7.897308 149.6824 3.2159393230 0.0 32.0
-12.0020485 152.42531 3.2159393230 0.0 32.0
-4.342498 146.9395 1.1635687231 0.0 31.0
-6.6696353 151.29344 1.1635687231 0.0 31.0
-6.6696353 151.29344 1.1635687232 0.0 32.0
-6.6696353 156.23029 1.1635687232 0.0 32.0
-6.6696353 151.29344 1.1635687233 0.0 32.0
-8.996773 155.64738 1.1635687233 0.0 32.0
0.0 138.23161 0.0234 2.0 29.0
0.0 143.16846 0.0234 2.0 29.0
0.0 143.16846 0.0235 0.0 30.0
2.01536 147.5224 -1.1635687235 0.0 30.0
0.0 143.16846 0.0236 1.0 30.0
0.0 148.1053 0.0236 1.0 30.0
0.0 148.1053 0.0237 0.0 31.0
-2.01536 152.45924 1.1635687237 0.0 31.0
-2.01536 152.45924 1.1635687238 0.0 32.0
-2.01536 157.39609 1.1635687238 0.0 32.0
-2.01536 152.45924 1.1635687239 0.0 32.0
-4.342498 156.81319 1.1635687239 0.0 32.0
0.0 148.1053 0.0240 0.0 31.0
0.0 153.04214 0.0240 0.0 31.0
0.0 153.04214 0.0241 0.0 32.0
2.01536 157.39609 -1.1635687241 0.0 32.0
0.0 153.04214 0.0242 0.0 32.0
0.0 157.97899 0.0242 0.0 32.0
