0.0 0.0 0.00 60.0 1.0
0.0 1.3125132 0.00 60.0 1.0
0.0 1.3125132 0.01 59.0 2.0
0.0 2.6250265 0.01 59.0 2.0
0.0 2.6250265 0.02 58.0 3.0
0.0 3.9375396 0.02 58.0 3.0
0.0 3.9375396 0.03 57.0 4.0
0.0 5.250053 0.03 57.0 4.0
0.0 5.250053 0.04 56.0 5.0
0.0 6.5625663 0.04 56.0 5.0
0.0 6.5625663 0.05 55.0 6.0
0.0 7.8750796 0.05 55.0 6.0
0.0 7.8750796 0.06 54.0 7.0
0.0 9.1875925 0.06 54.0 7.0
0.0 9.1875925 0.07 53.0 8.0
0.0 10.500106 0.07 53.0 8.0
0.0 10.500106 0.08 52.0 9.0
0.0 11.812619 0.08 52.0 9.0
0.0 11.812619 0.09 51.0 10.0
0.0 13.125133 0.09 51.0 10.0
0.0 13.125133 0.010 50.0 11.0
0.0 14.437646 0.010 50.0 11.0
0.0 14.437646 0.011 49.0 12.0
0.0 15.750159 0.011 49.0 12.0
0.0 15.750159 0.012 48.0 13.0
0.0 17.062672 0.012 48.0 13.0
0.0 17.062672 0.013 47.0 14.0
0.0 18.375185 0.013 47.0 14.0
0.0 18.375185 0.014 46.0 15.0
0.0 19.687698 0.014 46.0 15.0
0.0 19.687698 0.015 45.0 16.0
0.0 21.000212 0.015 45.0 16.0
0.0 21.000212 0.016 28.0 17.0
-0.32064342 22.25942 0.1851235816 28.0 17.0
-0.32064342 22.25942 0.1851235817 27.0 18.0
-0.64128685 23.51863 0.3702471617 27.0 18.0
-0.64128685 23.51863 0.3702471618 26.0 19.0
-0.9619303 24.777838 0.5553707518 26.0 19.0
-0.9619303 24.777838 0.5553707519 25.0 20.0
-1.2825737 26.037046 0.740494319 25.0 20.0
-1.2825737 26.037046 0.740494320 24.0 21.0
-1.6032171 27.296255 0.925617920 24.0 21.0
-1.6032171 27.296255 0.925617921 23.0 22.0
-1.9238605 28.555464 1.110741521 23.0 22.0
-1.9238605 28.555464 1.110741522 22.0 23.0
-2.244504 29.814672 1.29586522 22.0 23.0
-2.244504 29.814672 1.29586523 21.0 24.0
-2.5651474 31.073881 1.480988623 21.0 24.0
-2.5651474 31.073881 1.480988624 12.0 25.0
-3.1803904 32.17751 1.836199324 12.0 25.0
-3.1803904 32.17751 1.836199325 11.0 26.0
-3.7956333 33.281136 2.191409825 11.0 26.0
-3.7956333 33.281136 2.191409826 10.0 27.0
-4.4108763 34.38476 2.546620426 10.0 27.0
-4.4108763 34.38476 2.546620427 9.0 28.0
-5.026119 35.488388 2.90183127 9.0 28.0
-5.026119 35.488388 2.90183128 4.0 29.0
-5.8859887 36.34679 3.398276828 4.0 29.0
-5.8859887 36.34679 3.398276829 3.0 30.0
-6.745858 37.205193 3.894722729 3.0 30.0
-6.745858 37.205193 3.894722730 0.0 31.0
-7.7805123 37.74865 4.492080730 0.0 31.0
-7.7805123 37.74865 4.492080731 0.0 32.0
-8.975228 38.292107 4.492080731 0.0 32.0
-6.745858 37.205193 3.894722732 0.0 31.0
-7.361101 38.30882 4.249933232 0.0 31.0
-7.361101 38.30882 4.249933233 0.0 32.0
-8.071523 39.412445 4.249933233 0.0 32.0
-6.745858 37.205193 3.894722734 2.0 31.0
-7.73875 38.063595 3.894722734 2.0 31.0
-7.73875 38.063595 3.894722735 1.0 32.0
-8.731642 38.921997 3.894722735 1.0 32.0
-8.731642 38.921997 3.894722736 0.0 33.0
-9.724534 39.7804 3.894722736 0.0 33.0
-9.724534 39.7804 3.894722737 0.0 34.0
-10.717426 40.6388 3.894722737 0.0 34.0
-5.026119 35.488388 2.90183138 4.0 29.0
-5.3467627 36.747597 3.086954638 4.0 29.0
-5.3467627 36.747597 3.086954639 3.0 30.0
-5.667406 38.006805 3.272078339 3.0 30.0
-5.667406 38.006805 3.272078340 0.0 31.0
-6.282649 39.11043 3.627288840 0.0 31.0
-6.282649 39.11043 3.627288841 0.0 32.0
-6.99307 40.214058 3.627288841 0.0 32.0
-5.667406 38.006805 3.272078342 0.0 31.0
-5.667406 39.319317 3.272078342 0.0 31.0
-5.667406 39.319317 3.272078343 0.0 32.0
-5.667406 40.63183 3.272078343 0.0 32.0
-5.667406 38.006805 3.272078344 2.0 31.0
-6.0376534 39.266014 3.272078344 2.0 31.0
-6.0376534 39.266014 3.272078345 1.0 32.0
-6.407901 40.525223 3.272078345 1.0 32.0
-6.407901 40.525223 3.272078346 0.0 33.0
-6.778148 41.78443 3.272078346 0.0 33.0
-6.778148 41.78443 3.272078347 0.0 34.0
-7.1483955 43.04364 3.272078347 0.0 34.0
-5.026119 35.488388 2.90183148 8.0 29.0
-5.7365403 36.592014 2.90183148 8.0 29.0
-5.7365403 36.592014 2.90183149 7.0 30.0
-6.4469614 37.69564 2.90183149 7.0 30.0
-6.4469614 37.69564 2.90183150 6.0 31.0
-7.1573825 38.799267 2.90183150 6.0 31.0
-7.1573825 38.799267 2.90183151 5.0 32.0
-7.8678036 39.902893 2.90183151 5.0 32.0
-7.8678036 39.902893 2.90183152 4.0 33.0
-8.578225 41.00652 2.90183152 4.0 33.0
-8.578225 41.00652 2.90183153 3.0 34.0
-9.288647 42.110146 2.90183153 3.0 34.0
-9.288647 42.110146 2.90183154 0.0 35.0
-10.148517 42.968548 3.398276854 0.0 35.0
-10.148517 42.968548 3.398276855 0.0 36.0
-11.141409 43.82695 3.398276855 0.0 36.0
-9.288647 42.110146 2.90183156 0.0 35.0
-9.60929 43.369354 3.086954656 0.0 35.0
-9.60929 43.369354 3.086954657 0.0 36.0
-9.979537 44.628563 3.086954657 0.0 36.0
-9.288647 42.110146 2.90183158 2.0 35.0
-9.999068 43.21377 2.90183158 2.0 35.0
-9.999068 43.21377 2.90183159 1.0 36.0
-10.70949 44.317398 2.90183159 1.0 36.0
-10.70949 44.317398 2.90183160 0.0 37.0
-11.419911 45.421024 2.90183160 0.0 37.0
-11.419911 45.421024 2.90183161 0.0 38.0
-12.130333 46.52465 2.90183161 0.0 38.0
-2.5651474 31.073881 1.480988662 12.0 25.0
-2.5651474 32.386395 1.480988662 12.0 25.0
-2.5651474 32.386395 1.480988663 11.0 26.0
-2.5651474 33.698906 1.480988663 11.0 26.0
-2.5651474 33.698906 1.480988664 10.0 27.0
-2.5651474 35.011417 1.480988664 10.0 27.0
-2.5651474 35.011417 1.480988665 9.0 28.0
-2.5651474 36.32393 1.480988665 9.0 28.0
-2.5651474 36.32393 1.480988666 4.0 29.0
-2.8857908 37.583138 1.666112266 4.0 29.0
-2.8857908 37.583138 1.666112267 3.0 30.0
-3.2064342 38.842346 1.851235767 3.0 30.0
-3.2064342 38.842346 1.851235768 0.0 31.0
-3.8216772 39.945972 2.206446468 0.0 31.0
-3.8216772 39.945972 2.206446469 0.0 32.0
-4.5320983 41.0496 2.206446469 0.0 32.0
-3.2064342 38.842346 1.851235770 0.0 31.0
-3.2064342 40.154858 1.851235770 0.0 31.0
-3.2064342 40.154858 1.851235771 0.0 32.0
-3.2064342 41.46737 1.851235771 0.0 32.0
-3.2064342 38.842346 1.851235772 2.0 31.0
-3.5766814 40.101555 1.851235772 2.0 31.0
-3.5766814 40.101555 1.851235773 1.0 32.0
-3.9469285 41.360764 1.851235773 1.0 32.0
-3.9469285 41.360764 1.851235774 0.0 33.0
-4.317176 42.619972 1.851235774 0.0 33.0
-4.317176 42.619972 1.851235775 0.0 34.0
-4.687423 43.87918 1.851235775 0.0 34.0
-2.5651474 36.32393 1.480988676 4.0 29.0
-2.244504 37.583138 1.29586576 4.0 29.0
-2.244504 37.583138 1.29586577 3.0 30.0
-1.9238605 38.842346 1.110741577 3.0 30.0
-1.9238605 38.842346 1.110741578 0.0 31.0
-1.9238605 40.154858 1.110741578 0.0 31.0
-1.9238605 40.154858 1.110741579 0.0 32.0
-1.9238605 41.46737 1.110741579 0.0 32.0
-1.9238605 38.842346 1.110741580 0.0 31.0
-1.3086177 39.945972 0.7555308380 0.0 31.0
-1.3086177 39.945972 0.7555308381 0.0 32.0
-0.59819645 41.0496 0.7555308381 0.0 32.0
-1.9238605 38.842346 1.110741582 2.0 31.0
-1.5536134 40.101555 1.110741582 2.0 31.0
-1.5536134 40.101555 1.110741583 1.0 32.0
-1.1833663 41.360764 1.110741583 1.0 32.0
-1.1833663 41.360764 1.110741584 0.0 33.0
-0.8131192 42.619972 1.110741584 0.0 33.0
-0.8131192 42.619972 1.110741585 0.0 34.0
-0.44287202 43.87918 1.110741585 0.0 34.0
-2.5651474 36.32393 1.480988686 8.0 29.0
-2.5651474 37.63644 1.480988686 8.0 29.0
-2.5651474 37.63644 1.480988687 7.0 30.0
-2.5651474 38.94895 1.480988687 7.0 30.0
-2.5651474 38.94895 1.480988688 6.0 31.0
-2.5651474 40.261463 1.480988688 6.0 31.0
-2.5651474 40.261463 1.480988689 5.0 32.0
-2.5651474 41.573975 1.480988689 5.0 32.0
-2.5651474 41.573975 1.480988690 4.0 33.0
-2.5651474 42.886486 1.480988690 4.0 33.0
-2.5651474 42.886486 1.480988691 3.0 34.0
-2.5651474 44.198997 1.480988691 3.0 34.0
-2.5651474 44.198997 1.480988692 0.0 35.0
-2.8857908 45.458206 1.666112292 0.0 35.0
-2.8857908 45.458206 1.666112293 0.0 36.0
-3.256038 46.717415 1.666112293 0.0 36.0
-2.5651474 44.198997 1.480988694 0.0 35.0
-2.244504 45.458206 1.29586594 0.0 35.0
-2.244504 45.458206 1.29586595 0.0 36.0
-1.8742568 46.717415 1.29586595 0.0 36.0
-2.5651474 44.198997 1.480988696 2.0 35.0
-2.5651474 45.51151 1.480988696 2.0 35.0
-2.5651474 45.51151 1.480988697 1.0 36.0
-2.5651474 46.82402 1.480988697 1.0 36.0
-2.5651474 46.82402 1.480988698 0.0 37.0
-2.5651474 48.13653 1.480988698 0.0 37.0
-2.5651474 48.13653 1.480988699 0.0 38.0
-2.5651474 49.449043 1.480988699 0.0 38.0
-2.5651474 31.073881 1.4809886100 20.0 25.0
-2.9353945 32.33309 1.4809886100 20.0 25.0
-2.9353945 32.33309 1.4809886101 19.0 26.0
-3.3056417 33.5923 1.4809886101 19.0 26.0
-3.3056417 33.5923 1.4809886102 18.0 27.0
-3.6758888 34.85151 1.4809886102 18.0 27.0
-3.6758888 34.85151 1.4809886103 17.0 28.0
-4.046136 36.110718 1.4809886103 17.0 28.0
-4.046136 36.110718 1.4809886104 16.0 29.0
-4.4163833 37.369926 1.4809886104 16.0 29.0
-4.4163833 37.369926 1.4809886105 15.0 30.0
-4.7866306 38.629135 1.4809886105 15.0 30.0
-4.7866306 38.629135 1.4809886106 14.0 31.0
-5.156878 39.888344 1.4809886106 14.0 31.0
-5.156878 39.888344 1.4809886107 13.0 32.0
-5.5271254 41.147552 1.4809886107 13.0 32.0
-5.5271254 41.147552 1.4809886108 12.0 33.0
-5.8973727 42.40676 1.4809886108 12.0 33.0
-5.8973727 42.40676 1.4809886109 11.0 34.0
-6.26762 43.66597 1.4809886109 11.0 34.0
-6.26762 43.66597 1.4809886110 10.0 35.0
-6.6378675 44.92518 1.4809886110 10.0 35.0
-6.6378675 44.92518 1.4809886111 9.0 36.0
-7.008115 46.184387 1.4809886111 9.0 36.0
-7.008115 46.184387 1.4809886112 4.0 37.0
-7.623358 47.288013 1.8361993112 4.0 37.0
-7.623358 47.288013 1.8361993113 3.0 38.0
-8.238601 48.39164 2.1914098113 3.0 38.0
-8.238601 48.39164 2.1914098114 0.0 39.0
-9.098471 49.250042 2.6878557114 0.0 39.0
-9.098471 49.250042 2.6878557115 0.0 40.0
-10.091363 50.108444 2.6878557115 0.0 40.0
-8.238601 48.39164 2.1914098116 0.0 39.0
-8.559244 49.65085 2.3765335116 0.0 39.0
-8.559244 49.65085 2.3765335117 0.0 40.0
-8.929491 50.910057 2.3765335117 0.0 40.0
-8.238601 48.39164 2.1914098118 2.0 39.0
-8.949022 49.495266 2.1914098118 2.0 39.0
-8.949022 49.495266 2.1914098119 1.0 40.0
-9.659444 50.598892 2.1914098119 1.0 40.0
-9.659444 50.598892 2.1914098120 0.0 41.0
-10.369865 51.70252 2.1914098120 0.0 41.0
-10.369865 51.70252 2.1914098121 0.0 42.0
-11.080287 52.806145 2.1914098121 0.0 42.0
-7.008115 46.184387 1.4809886122 4.0 37.0
-7.008115 47.4969 1.4809886122 4.0 37.0
-7.008115 47.4969 1.4809886123 3.0 38.0
-7.008115 48.80941 1.4809886123 3.0 38.0
-7.008115 48.80941 1.4809886124 0.0 39.0
-7.3287582 50.06862 1.6661122124 0.0 39.0
-7.3287582 50.06862 1.6661122125 0.0 40.0
-7.6990056 51.327827 1.6661122125 0.0 40.0
-7.008115 48.80941 1.4809886126 0.0 39.0
-6.6874714 50.06862 1.295865126 0.0 39.0
-6.6874714 50.06862 1.295865127 0.0 40.0
-6.317224 51.327827 1.295865127 0.0 40.0
-7.008115 48.80941 1.4809886128 2.0 39.0
-7.008115 50.12192 1.4809886128 2.0 39.0
-7.008115 50.12192 1.4809886129 1.0 40.0
-7.008115 51.434433 1.4809886129 1.0 40.0
-7.008115 51.434433 1.4809886130 0.0 41.0
-7.008115 52.746944 1.4809886130 0.0 41.0
-7.008115 52.746944 1.4809886131 0.0 42.0
-7.008115 54.059456 1.4809886131 0.0 42.0
-7.008115 46.184387 1.4809886132 8.0 37.0
-7.378362 47.443596 1.4809886132 8.0 37.0
-7.378362 47.443596 1.4809886133 7.0 38.0
-7.7486095 48.702805 1.4809886133 7.0 38.0
-7.7486095 48.702805 1.4809886134 6.0 39.0
-8.118856 49.962013 1.4809886134 6.0 39.0
-8.118856 49.962013 1.4809886135 5.0 40.0
-8.489103 51.221222 1.4809886135 5.0 40.0
-8.489103 51.221222 1.4809886136 4.0 41.0
-8.85935 52.48043 1.4809886136 4.0 41.0
-8.85935 52.48043 1.4809886137 3.0 42.0
-9.229597 53.73964 1.4809886137 3.0 42.0
-9.229597 53.73964 1.4809886138 0.0 43.0
-9.84484 54.843266 1.8361993138 0.0 43.0
-9.84484 54.843266 1.8361993139 0.0 44.0
-10.555262 55.94689 1.8361993139 0.0 44.0
-9.229597 53.73964 1.4809886140 0.0 43.0
-9.229597 55.05215 1.4809886140 0.0 43.0
-9.229597 55.05215 1.4809886141 0.0 44.0
-9.229597 56.364662 1.4809886141 0.0 44.0
-9.229597 53.73964 1.4809886142 2.0 43.0
-9.599844 54.998848 1.4809886142 2.0 43.0
-9.599844 54.998848 1.4809886143 1.0 44.0
-9.970091 56.258057 1.4809886143 1.0 44.0
-9.970091 56.258057 1.4809886144 0.0 45.0
-10.340338 57.517265 1.4809886144 0.0 45.0
-10.340338 57.517265 1.4809886145 0.0 46.0
-10.710585 58.776474 1.4809886145 0.0 46.0
0.0 21.000212 0.0146 28.0 17.0
0.32064342 22.25942 -0.18512358146 28.0 17.0
0.32064342 22.25942 -0.18512358147 27.0 18.0
0.64128685 23.51863 -0.37024716147 27.0 18.0
0.64128685 23.51863 -0.37024716148 26.0 19.0
0.9619303 24.777838 -0.55537075148 26.0 19.0
0.9619303 24.777838 -0.55537075149 25.0 20.0
1.2825737 26.037046 -0.7404943149 25.0 20.0
1.2825737 26.037046 -0.7404943150 24.0 21.0
1.6032171 27.296255 -0.9256179150 24.0 21.0
1.6032171 27.296255 -0.9256179151 23.0 22.0
1.9238605 28.555464 -1.1107415151 23.0 22.0
1.9238605 28.555464 -1.1107415152 22.0 23.0
2.244504 29.814672 -1.295865152 22.0 23.0
2.244504 29.814672 -1.295865153 21.0 24.0
2.5651474 31.073881 -1.4809886153 21.0 24.0
2.5651474 31.073881 -1.4809886154 12.0 25.0
2.5651474 32.386395 -1.4809886154 12.0 25.0
2.5651474 32.386395 -1.4809886155 11.0 26.0
2.5651474 33.698906 -1.4809886155 11.0 26.0
2.5651474 33.698906 -1.4809886156 10.0 27.0
2.5651474 35.011417 -1.4809886156 10.0 27.0
2.5651474 35.011417 -1.4809886157 9.0 28.0
2.5651474 36.32393 -1.4809886157 9.0 28.0
2.5651474 36.32393 -1.4809886158 4.0 29.0
2.244504 37.583138 -1.295865158 4.0 29.0
2.244504 37.583138 -1.295865159 3.0 30.0
1.9238605 38.842346 -1.1107415159 3.0 30.0
1.9238605 38.842346 -1.1107415160 0.0 31.0
1.3086177 39.945972 -0.75553083160 0.0 31.0
1.3086177 39.945972 -0.75553083161 0.0 32.0
0.59819645 41.0496 -0.75553083161 0.0 32.0
1.9238605 38.842346 -1.1107415162 0.0 31.0
1.9238605 40.154858 -1.1107415162 0.0 31.0
1.9238605 40.154858 -1.1107415163 0.0 32.0
1.9238605 41.46737 -1.1107415163 0.0 32.0
1.9238605 38.842346 -1.1107415164 2.0 31.0
1.5536134 40.101555 -1.1107415164 2.0 31.0
1.5536134 40.101555 -1.1107415165 1.0 32.0
1.1833663 41.360764 -1.1107415165 1.0 32.0
1.1833663 41.360764 -1.1107415166 0.0 33.0
0.8131192 42.619972 -1.1107415166 0.0 33.0
0.8131192 42.619972 -1.1107415167 0.0 34.0
0.44287202 43.87918 -1.1107415167 0.0 34.0
2.5651474 36.32393 -1.4809886168 4.0 29.0
2.8857908 37.583138 -1.6661122168 4.0 29.0
2.8857908 37.583138 -1.6661122169 3.0 30.0
3.2064342 38.842346 -1.8512357169 3.0 30.0
3.2064342 38.842346 -1.8512357170 0.0 31.0
3.2064342 40.154858 -1.8512357170 0.0 31.0
3.2064342 40.154858 -1.8512357171 0.0 32.0
3.2064342 41.46737 -1.8512357171 0.0 32.0
3.2064342 38.842346 -1.8512357172 0.0 31.0
3.8216772 39.945972 -2.2064464172 0.0 31.0
3.8216772 39.945972 -2.2064464173 0.0 32.0
4.5320983 41.0496 -2.2064464173 0.0 32.0
3.2064342 38.842346 -1.8512357174 2.0 31.0
3.5766814 40.101555 -1.8512357174 2.0 31.0
3.5766814 40.101555 -1.8512357175 1.0 32.0
3.9469285 41.360764 -1.8512357175 1.0 32.0
3.9469285 41.360764 -1.8512357176 0.0 33.0
4.317176 42.619972 -1.8512357176 0.0 33.0
4.317176 42.619972 -1.8512357177 0.0 34.0
4.687423 43.87918 -1.8512357177 0.0 34.0
2.5651474 36.32393 -1.4809886178 8.0 29.0
2.5651474 37.63644 -1.4809886178 8.0 29.0
2.5651474 37.63644 -1.4809886179 7.0 30.0
2.5651474 38.94895 -1.4809886179 7.0 30.0
2.5651474 38.94895 -1.4809886180 6.0 31.0
2.5651474 40.261463 -1.4809886180 6.0 31.0
2.5651474 40.261463 -1.4809886181 5.0 32.0
2.5651474 41.573975 -1.4809886181 5.0 32.0
2.5651474 41.573975 -1.4809886182 4.0 33.0
2.5651474 42.886486 -1.4809886182 4.0 33.0
2.5651474 42.886486 -1.4809886183 3.0 34.0
2.5651474 44.198997 -1.4809886183 3.0 34.0
2.5651474 44.198997 -1.4809886184 0.0 35.0
2.244504 45.458206 -1.295865184 0.0 35.0
2.244504 45.458206 -1.295865185 0.0 36.0
1.8742568 46.717415 -1.295865185 0.0 36.0
2.5651474 44.198997 -1.4809886186 0.0 35.0
2.8857908 45.458206 -1.6661122186 0.0 35.0
2.8857908 45.458206 -1.6661122187 0.0 36.0
3.256038 46.717415 -1.6661122187 0.0 36.0
2.5651474 44.198997 -1.4809886188 2.0 35.0
2.5651474 45.51151 -1.4809886188 2.0 35.0
2.5651474 45.51151 -1.4809886189 1.0 36.0
2.5651474 46.82402 -1.4809886189 1.0 36.0
2.5651474 46.82402 -1.4809886190 0.0 37.0
2.5651474 48.13653 -1.4809886190 0.0 37.0
2.5651474 48.13653 -1.4809886191 0.0 38.0
2.5651474 49.449043 -1.4809886191 0.0 38.0
2.5651474 31.073881 -1.4809886192 12.0 25.0
3.1803904 32.17751 -1.8361993192 12.0 25.0
3.1803904 32.17751 -1.8361993193 11.0 26.0
3.7956333 33.281136 -2.1914098193 11.0 26.0
3.7956333 33.281136 -2.1914098194 10.0 27.0
4.4108763 34.38476 -2.5466204194 10.0 27.0
4.4108763 34.38476 -2.5466204195 9.0 28.0
5.026119 35.488388 -2.901831195 9.0 28.0
5.026119 35.488388 -2.901831196 4.0 29.0
5.3467627 36.747597 -3.0869546196 4.0 29.0
5.3467627 36.747597 -3.0869546197 3.0 30.0
5.667406 38.006805 -3.2720783197 3.0 30.0
5.667406 38.006805 -3.2720783198 0.0 31.0
5.667406 39.319317 -3.2720783198 0.0 31.0
5.667406 39.319317 -3.2720783199 0.0 32.0
5.667406 40.63183 -3.2720783199 0.0 32.0
5.667406 38.006805 -3.2720783200 0.0 31.0
6.282649 39.11043 -3.6272888200 0.0 31.0
6.282649 39.11043 -3.6272888201 0.0 32.0
6.99307 40.214058 -3.6272888201 0.0 32.0
5.667406 38.006805 -3.2720783202 2.0 31.0
6.0376534 39.266014 -3.2720783202 2.0 31.0
6.0376534 39.266014 -3.2720783203 1.0 32.0
6.407901 40.525223 -3.2720783203 1.0 32.0
6.407901 40.525223 -3.2720783204 0.0 33.0
6.778148 41.78443 -3.2720783204 0.0 33.0
6.778148 41.78443 -3.2720783205 0.0 34.0
7.1483955 43.04364 -3.2720783205 0.0 34.0
5.026119 35.488388 -2.901831206 4.0 29.0
5.8859887 36.34679 -3.3982768206 4.0 29.0
5.8859887 36.34679 -3.3982768207 3.0 30.0
6.745858 37.205193 -3.8947227207 3.0 30.0
6.745858 37.205193 -3.8947227208 0.0 31.0
7.361101 38.30882 -4.2499332208 0.0 31.0
7.361101 38.30882 -4.2499332209 0.0 32.0
8.071523 39.412445 -4.2499332209 0.0 32.0
6.745858 37.205193 -3.8947227210 0.0 31.0
7.7805123 37.74865 -4.4920807210 0.0 31.0
7.7805123 37.74865 -4.4920807211 0.0 32.0
8.975228 38.292107 -4.4920807211 0.0 32.0
6.745858 37.205193 -3.8947227212 2.0 31.0
7.73875 38.063595 -3.8947227212 2.0 31.0
7.73875 38.063595 -3.8947227213 1.0 32.0
8.731642 38.921997 -3.8947227213 1.0 32.0
8.731642 38.921997 -3.8947227214 0.0 33.0
9.724534 39.7804 -3.8947227214 0.0 33.0
9.724534 39.7804 -3.8947227215 0.0 34.0
10.717426 40.6388 -3.8947227215 0.0 34.0
5.026119 35.488388 -2.901831216 8.0 29.0
5.7365403 36.592014 -2.901831216 8.0 29.0
5.7365403 36.592014 -2.901831217 7.0 30.0
6.4469614 37.69564 -2.901831217 7.0 30.0
6.4469614 37.69564 -2.901831218 6.0 31.0
7.1573825 38.799267 -2.901831218 6.0 31.0
7.1573825 38.799267 -2.901831219 5.0 32.0
7.8678036 39.902893 -2.901831219 5.0 32.0
7.8678036 39.902893 -2.901831220 4.0 33.0
8.578225 41.00652 -2.901831220 4.0 33.0
8.578225 41.00652 -2.901831221 3.0 34.0
9.288647 42.110146 -2.901831221 3.0 34.0
9.288647 42.110146 -2.901831222 0.0 35.0
9.60929 43.369354 -3.0869546222 0.0 35.0
9.60929 43.369354 -3.0869546223 0.0 36.0
9.979537 44.628563 -3.0869546223 0.0 36.0
9.288647 42.110146 -2.901831224 0.0 35.0
10.148517 42.968548 -3.3982768224 0.0 35.0
10.148517 42.968548 -3.3982768225 0.0 36.0
11.141409 43.82695 -3.3982768225 0.0 36.0
9.288647 42.110146 -2.901831226 2.0 35.0
9.999068 43.21377 -2.901831226 2.0 35.0
9.999068 43.21377 -2.901831227 1.0 36.0
10.70949 44.317398 -2.901831227 1.0 36.0
10.70949 44.317398 -2.901831228 0.0 37.0
11.419911 45.421024 -2.901831228 0.0 37.0
11.419911 45.421024 -2.901831229 0.0 38.0
12.130333 46.52465 -2.901831229 0.0 38.0
2.5651474 31.073881 -1.4809886230 20.0 25.0
2.9353945 32.33309 -1.4809886230 20.0 25.0
2.9353945 32.33309 -1.4809886231 19.0 26.0
3.3056417 33.5923 -1.4809886231 19.0 26.0
3.3056417 33.5923 -1.4809886232 18.0 27.0
3.6758888 34.85151 -1.4809886232 18.0 27.0
3.6758888 34.85151 -1.4809886233 17.0 28.0
4.046136 36.110718 -1.4809886233 17.0 28.0
4.046136 36.110718 -1.4809886234 16.0 29.0
4.4163833 37.369926 -1.4809886234 16.0 29.0
4.4163833 37.369926 -1.4809886235 15.0 30.0
4.7866306 38.629135 -1.4809886235 15.0 30.0
4.7866306 38.629135 -1.4809886236 14.0 31.0
5.156878 39.888344 -1.4809886236 14.0 31.0
5.156878 39.888344 -1.4809886237 13.0 32.0
5.5271254 41.147552 -1.4809886237 13.0 32.0
5.5271254 41.147552 -1.4809886238 12.0 33.0
5.8973727 42.40676 -1.4809886238 12.0 33.0
5.8973727 42.40676 -1.4809886239 11.0 34.0
6.26762 43.66597 -1.4809886239 11.0 34.0
6.26762 43.66597 -1.4809886240 10.0 35.0
6.6378675 44.92518 -1.4809886240 10.0 35.0
6.6378675 44.92518 -1.4809886241 9.0 36.0
7.008115 46.184387 -1.4809886241 9.0 36.0
7.008115 46.184387 -1.4809886242 4.0 37.0
7.008115 47.4969 -1.4809886242 4.0 37.0
7.008115 47.4969 -1.4809886243 3.0 38.0
7.008115 48.80941 -1.4809886243 3.0 38.0
7.008115 48.80941 -1.4809886244 0.0 39.0
6.6874714 50.06862 -1.295865244 0.0 39.0
6.6874714 50.06862 -1.295865245 0.0 40.0
6.317224 51.327827 -1.295865245 0.0 40.0
7.008115 48.80941 -1.4809886246 0.0 39.0
7.3287582 50.06862 -1.6661122246 0.0 39.0
7.3287582 50.06862 -1.6661122247 0.0 40.0
7.6990056 51.327827 -1.6661122247 0.0 40.0
7.008115 48.80941 -1.4809886248 2.0 39.0
7.008115 50.12192 -1.4809886248 2.0 39.0
7.008115 50.12192 -1.4809886249 1.0 40.0
7.008115 51.434433 -1.4809886249 1.0 40.0
7.008115 51.434433 -1.4809886250 0.0 41.0
7.008115 52.746944 -1.4809886250 0.0 41.0
7.008115 52.746944 -1.4809886251 0.0 42.0
7.008115 54.059456 -1.4809886251 0.0 42.0
7.008115 46.184387 -1.4809886252 4.0 37.0
7.623358 47.288013 -1.8361993252 4.0 37.0
7.623358 47.288013 -1.8361993253 3.0 38.0
8.238601 48.39164 -2.1914098253 3.0 38.0
8.238601 48.39164 -2.1914098254 0.0 39.0
8.559244 49.65085 -2.3765335254 0.0 39.0
8.559244 49.65085 -2.3765335255 0.0 40.0
8.929491 50.910057 -2.3765335255 0.0 40.0
8.238601 48.39164 -2.1914098256 0.0 39.0
9.098471 49.250042 -2.6878557256 0.0 39.0
9.098471 49.250042 -2.6878557257 0.0 40.0
10.091363 50.108444 -2.6878557257 0.0 40.0
8.238601 48.39164 -2.1914098258 2.0 39.0
8.949022 49.495266 -2.1914098258 2.0 39.0
8.949022 49.495266 -2.1914098259 1.0 40.0
9.659444 50.598892 -2.1914098259 1.0 40.0
9.659444 50.598892 -2.1914098260 0.0 41.0
10.369865 51.70252 -2.1914098260 0.0 41.0
10.369865 51.70252 -2.1914098261 0.0 42.0
11.080287 52.806145 -2.1914098261 0.0 42.0
7.008115 46.184387 -1.4809886262 8.0 37.0
7.378362 47.443596 -1.4809886262 8.0 37.0
7.378362 47.443596 -1.4809886263 7.0 38.0
7.7486095 48.702805 -1.4809886263 7.0 38.0
7.7486095 48.702805 -1.4809886264 6.0 39.0
8.118856 49.962013 -1.4809886264 6.0 39.0
8.118856 49.962013 -1.4809886265 5.0 40.0
8.489103 51.221222 -1.4809886265 5.0 40.0
8.489103 51.221222 -1.4809886266 4.0 41.0
8.85935 52.48043 -1.4809886266 4.0 41.0
8.85935 52.48043 -1.4809886267 3.0 42.0
9.229597 53.73964 -1.4809886267 3.0 42.0
9.229597 53.73964 -1.4809886268 0.0 43.0
9.229597 55.05215 -1.4809886268 0.0 43.0
9.229597 55.05215 -1.4809886269 0.0 44.0
9.229597 56.364662 -1.4809886269 0.0 44.0
9.229597 53.73964 -1.4809886270 0.0 43.0
9.84484 54.843266 -1.8361993270 0.0 43.0
9.84484 54.843266 -1.8361993271 0.0 44.0
10.555262 55.94689 -1.8361993271 0.0 44.0
9.229597 53.73964 -1.4809886272 2.0 43.0
9.599844 54.998848 -1.4809886272 2.0 43.0
9.599844 54.998848 -1.4809886273 1.0 44.0
9.970091 56.258057 -1.4809886273 1.0 44.0
9.970091 56.258057 -1.4809886274 0.0 45.0
10.340338 57.517265 -1.4809886274 0.0 45.0
10.340338 57.517265 -1.4809886275 0.0 46.0
10.710585 58.776474 -1.4809886275 0.0 46.0
0.0 21.000212 0.0276 44.0 17.0
0.0 22.312725 0.0276 44.0 17.0
0.0 22.312725 0.0277 43.0 18.0
0.0 23.625238 0.0277 43.0 18.0
0.0 23.625238 0.0278 42.0 19.0
0.0 24.937752 0.0278 42.0 19.0
0.0 24.937752 0.0279 41.0 20.0
0.0 26.250265 0.0279 41.0 20.0
0.0 26.250265 0.0280 40.0 21.0
0.0 27.562778 0.0280 40.0 21.0
0.0 27.562778 0.0281 39.0 22.0
0.0 28.875292 0.0281 39.0 22.0
0.0 28.875292 0.0282 38.0 23.0
0.0 30.187805 0.0282 38.0 23.0
0.0 30.187805 0.0283 37.0 24.0
0.0 31.500319 0.0283 37.0 24.0
0.0 31.500319 0.0284 36.0 25.0
0.0 32.81283 0.0284 36.0 25.0
0.0 32.81283 0.0285 35.0 26.0
0.0 34.125343 0.0285 35.0 26.0
0.0 34.125343 0.0286 34.0 27.0
0.0 35.437855 0.0286 34.0 27.0
0.0 35.437855 0.0287 33.0 28.0
0.0 36.750366 0.0287 33.0 28.0
0.0 36.750366 0.0288 32.0 29.0
0.0 38.062878 0.0288 32.0 29.0
0.0 38.062878 0.0289 31.0 30.0
0.0 39.37539 0.0289 31.0 30.0
0.0 39.37539 0.0290 30.0 31.0
0.0 40.6879 0.0290 30.0 31.0
0.0 40.6879 0.0291 29.0 32.0
0.0 42.000412 0.0291 29.0 32.0
0.0 42.000412 0.0292 28.0 33.0
0.0 43.312923 0.0292 28.0 33.0
0.0 43.312923 0.0293 27.0 34.0
0.0 44.625435 0.0293 27.0 34.0
0.0 44.625435 0.0294 26.0 35.0
0.0 45.937946 0.0294 26.0 35.0
0.0 45.937946 0.0295 25.0 36.0
0.0 47.250458 0.0295 25.0 36.0
0.0 47.250458 0.0296 24.0 37.0
0.0 48.56297 0.0296 24.0 37.0
0.0 48.56297 0.0297 23.0 38.0
0.0 49.87548 0.0297 23.0 38.0
0.0 49.87548 0.0298 22.0 39.0
0.0 51.187992 0.0298 22.0 39.0
0.0 51.187992 0.0299 21.0 40.0
0.0 52.500504 0.0299 21.0 40.0
0.0 52.500504 0.0300 12.0 41.0
-0.32064342 53.759712 0.18512358300 12.0 41.0
-0.32064342 53.759712 0.18512358301 11.0 42.0
-0.64128685 55.01892 0.37024716301 11.0 42.0
-0.64128685 55.01892 0.37024716302 10.0 43.0
-0.9619303 56.27813 0.55537075302 10.0 43.0
-0.9619303 56.27813 0.55537075303 9.0 44.0
-1.2825737 57.53734 0.7404943303 9.0 44.0
-1.2825737 57.53734 0.7404943304 4.0 45.0
-1.8978165 58.640965 1.0957049304 4.0 45.0
-1.8978165 58.640965 1.0957049305 3.0 46.0
-2.5130594 59.74459 1.4509156305 3.0 46.0
-2.5130594 59.74459 1.4509156306 0.0 47.0
-3.372929 60.602993 1.9473616306 0.0 47.0
-3.372929 60.602993 1.9473616307 0.0 48.0
-4.365821 61.461395 1.9473616307 0.0 48.0
-2.5130594 59.74459 1.4509156308 0.0 47.0
-2.8337028 61.0038 1.6360391308 0.0 47.0
-2.8337028 61.0038 1.6360391309 0.0 48.0
-3.20395 62.26301 1.6360391309 0.0 48.0
-2.5130594 59.74459 1.4509156310 2.0 47.0
-3.2234807 60.848217 1.4509156310 2.0 47.0
-3.2234807 60.848217 1.4509156311 1.0 48.0
-3.933902 61.951843 1.4509156311 1.0 48.0
-3.933902 61.951843 1.4509156312 0.0 49.0
-4.6443233 63.05547 1.4509156312 0.0 49.0
-4.6443233 63.05547 1.4509156313 0.0 50.0
-5.3547444 64.159096 1.4509156313 0.0 50.0
-1.2825737 57.53734 0.7404943314 4.0 45.0
-1.2825737 58.84985 0.7404943314 4.0 45.0
-1.2825737 58.84985 0.7404943315 3.0 46.0
-1.2825737 60.16236 0.7404943315 3.0 46.0
-1.2825737 60.16236 0.7404943316 0.0 47.0
-1.6032171 61.42157 0.9256179316 0.0 47.0
-1.6032171 61.42157 0.9256179317 0.0 48.0
-1.9734643 62.68078 0.9256179317 0.0 48.0
-1.2825737 60.16236 0.7404943318 0.0 47.0
-0.9619303 61.42157 0.55537075318 0.0 47.0
-0.9619303 61.42157 0.55537075319 0.0 48.0
-0.59168315 62.68078 0.55537075319 0.0 48.0
-1.2825737 60.16236 0.7404943320 2.0 47.0
-1.2825737 61.474873 0.7404943320 2.0 47.0
-1.2825737 61.474873 0.7404943321 1.0 48.0
-1.2825737 62.787384 0.7404943321 1.0 48.0
-1.2825737 62.787384 0.7404943322 0.0 49.0
-1.2825737 64.0999 0.7404943322 0.0 49.0
-1.2825737 64.0999 0.7404943323 0.0 50.0
-1.2825737 65.412415 0.7404943323 0.0 50.0
-1.2825737 57.53734 0.7404943324 8.0 45.0
-1.6528208 58.796547 0.7404943324 8.0 45.0
-1.6528208 58.796547 0.7404943325 7.0 46.0
-2.023068 60.055756 0.7404943325 7.0 46.0
-2.023068 60.055756 0.7404943326 6.0 47.0
-2.393315 61.314964 0.7404943326 6.0 47.0
-2.393315 61.314964 0.7404943327 5.0 48.0
-2.7635622 62.574173 0.7404943327 5.0 48.0
-2.7635622 62.574173 0.7404943328 4.0 49.0
-3.1338093 63.83338 0.7404943328 4.0 49.0
-3.1338093 63.83338 0.7404943329 3.0 50.0
-3.5040565 65.09259 0.7404943329 3.0 50.0
-3.5040565 65.09259 0.7404943330 0.0 51.0
-4.1192994 66.19622 1.0957049330 0.0 51.0
-4.1192994 66.19622 1.0957049331 0.0 52.0
-4.8297205 67.29985 1.0957049331 0.0 52.0
-3.5040565 65.09259 0.7404943332 0.0 51.0
-3.5040565 66.405106 0.7404943332 0.0 51.0
-3.5040565 66.405106 0.7404943333 0.0 52.0
-3.5040565 67.71762 0.7404943333 0.0 52.0
-3.5040565 65.09259 0.7404943334 2.0 51.0
-3.8743036 66.3518 0.7404943334 2.0 51.0
-3.8743036 66.3518 0.7404943335 1.0 52.0
-4.2445507 67.61101 0.7404943335 1.0 52.0
-4.2445507 67.61101 0.7404943336 0.0 53.0
-4.614798 68.87022 0.7404943336 0.0 53.0
-4.614798 68.87022 0.7404943337 0.0 54.0
-4.9850454 70.129425 0.7404943337 0.0 54.0
0.0 52.500504 0.0338 12.0 41.0
0.32064342 53.759712 -0.18512358338 12.0 41.0
0.32064342 53.759712 -0.18512358339 11.0 42.0
0.64128685 55.01892 -0.37024716339 11.0 42.0
0.64128685 55.01892 -0.37024716340 10.0 43.0
0.9619303 56.27813 -0.55537075340 10.0 43.0
0.9619303 56.27813 -0.55537075341 9.0 44.0
1.2825737 57.53734 -0.7404943341 9.0 44.0
1.2825737 57.53734 -0.7404943342 4.0 45.0
1.2825737 58.84985 -0.7404943342 4.0 45.0
1.2825737 58.84985 -0.7404943343 3.0 46.0
1.2825737 60.16236 -0.7404943343 3.0 46.0
1.2825737 60.16236 -0.7404943344 0.0 47.0
0.9619303 61.42157 -0.55537075344 0.0 47.0
0.9619303 61.42157 -0.55537075345 0.0 48.0
0.59168315 62.68078 -0.55537075345 0.0 48.0
1.2825737 60.16236 -0.7404943346 0.0 47.0
1.6032171 61.42157 -0.9256179346 0.0 47.0
1.6032171 61.42157 -0.9256179347 0.0 48.0
1.9734643 62.68078 -0.9256179347 0.0 48.0
1.2825737 60.16236 -0.7404943348 2.0 47.0
1.2825737 61.474873 -0.7404943348 2.0 47.0
1.2825737 61.474873 -0.7404943349 1.0 48.0
1.2825737 62.787384 -0.7404943349 1.0 48.0
1.2825737 62.787384 -0.7404943350 0.0 49.0
1.2825737 64.0999 -0.7404943350 0.0 49.0
1.2825737 64.0999 -0.7404943351 0.0 50.0
1.2825737 65.412415 -0.7404943351 0.0 50.0
1.2825737 57.53734 -0.7404943352 4.0 45.0
1.8978165 58.640965 -1.0957049352 4.0 45.0
1.8978165 58.640965 -1.0957049353 3.0 46.0
2.5130594 59.74459 -1.4509156353 3.0 46.0
2.5130594 59.74459 -1.4509156354 0.0 47.0
2.8337028 61.0038 -1.6360391354 0.0 47.0
2.8337028 61.0038 -1.6360391355 0.0 48.0
3.20395 62.26301 -1.6360391355 0.0 48.0
2.5130594 59.74459 -1.4509156356 0.0 47.0
3.372929 60.602993 -1.9473616356 0.0 47.0
3.372929 60.602993 -1.9473616357 0.0 48.0
4.365821 61.461395 -1.9473616357 0.0 48.0
2.5130594 59.74459 -1.4509156358 2.0 47.0
3.2234807 60.848217 -1.4509156358 2.0 47.0
3.2234807 60.848217 -1.4509156359 1.0 48.0
3.933902 61.951843 -1.4509156359 1.0 48.0
3.933902 61.951843 -1.4509156360 0.0 49.0
4.6443233 63.05547 -1.4509156360 0.0 49.0
4.6443233 63.05547 -1.4509156361 0.0 50.0
5.3547444 64.159096 -1.4509156361 0.0 50.0
1.2825737 57.53734 -0.7404943362 8.0 45.0
1.6528208 58.796547 -0.7404943362 8.0 45.0
1.6528208 58.796547 -0.7404943363 7.0 46.0
2.023068 60.055756 -0.7404943363 7.0 46.0
2.023068 60.055756 -0.7404943364 6.0 47.0
2.393315 61.314964 -0.7404943364 6.0 47.0
2.393315 61.314964 -0.7404943365 5.0 48.0
2.7635622 62.574173 -0.7404943365 5.0 48.0
2.7635622 62.574173 -0.7404943366 4.0 49.0
3.1338093 63.83338 -0.7404943366 4.0 49.0
3.1338093 63.83338 -0.7404943367 3.0 50.0
3.5040565 65.09259 -0.7404943367 3.0 50.0
3.5040565 65.09259 -0.7404943368 0.0 51.0
3.5040565 66.405106 -0.7404943368 0.0 51.0
3.5040565 66.405106 -0.7404943369 0.0 52.0
3.5040565 67.71762 -0.7404943369 0.0 52.0
3.5040565 65.09259 -0.7404943370 0.0 51.0
4.1192994 66.19622 -1.0957049370 0.0 51.0
4.1192994 66.19622 -1.0957049371 0.0 52.0
4.8297205 67.29985 -1.0957049371 0.0 52.0
3.5040565 65.09259 -0.7404943372 2.0 51.0
3.8743036 66.3518 -0.7404943372 2.0 51.0
3.8743036 66.3518 -0.7404943373 1.0 52.0
4.2445507 67.61101 -0.7404943373 1.0 52.0
4.2445507 67.61101 -0.7404943374 0.0 53.0
4.614798 68.87022 -0.7404943374 0.0 53.0
4.614798 68.87022 -0.7404943375 0.0 54.0
4.9850454 70.129425 -0.7404943375 0.0 54.0
0.0 52.500504 0.0376 20.0 41.0
0.0 53.813015 0.0376 20.0 41.0
0.0 53.813015 0.0377 19.0 42.0
0.0 55.125526 0.0377 19.0 42.0
0.0 55.125526 0.0378 18.0 43.0
0.0 56.438038 0.0378 18.0 43.0
0.0 56.438038 0.0379 17.0 44.0
0.0 57.75055 0.0379 17.0 44.0
0.0 57.75055 0.0380 16.0 45.0
0.0 59.06306 0.0380 16.0 45.0
0.0 59.06306 0.0381 15.0 46.0
0.0 60.375572 0.0381 15.0 46.0
0.0 60.375572 0.0382 14.0 47.0
0.0 61.688084 0.0382 14.0 47.0
0.0 61.688084 0.0383 13.0 48.0
0.0 63.000595 0.0383 13.0 48.0
0.0 63.000595 0.0384 12.0 49.0
0.0 64.31311 0.0384 12.0 49.0
0.0 64.31311 0.0385 11.0 50.0
0.0 65.625626 0.0385 11.0 50.0
0.0 65.625626 0.0386 10.0 51.0
0.0 66.93814 0.0386 10.0 51.0
0.0 66.93814 0.0387 9.0 52.0
0.0 68.250656 0.0387 9.0 52.0
0.0 68.250656 0.0388 4.0 53.0
-0.32064342 69.509865 0.18512358388 4.0 53.0
-0.32064342 69.509865 0.18512358389 3.0 54.0
-0.64128685 70.76907 0.37024716389 3.0 54.0
-0.64128685 70.76907 0.37024716390 0.0 55.0
-1.2565297 71.8727 0.7254578390 0.0 55.0
-1.2565297 71.8727 0.7254578391 0.0 56.0
-1.9669509 72.97633 0.7254578391 0.0 56.0
-0.64128685 70.76907 0.37024716392 0.0 55.0
-0.64128685 72.08159 0.37024716392 0.0 55.0
-0.64128685 72.08159 0.37024716393 0.0 56.0
-0.64128685 73.394104 0.37024716393 0.0 56.0
-0.64128685 70.76907 0.37024716394 2.0 55.0
-1.011534 72.02828 0.37024716394 2.0 55.0
-1.011534 72.02828 0.37024716395 1.0 56.0
-1.3817811 73.28749 0.37024716395 1.0 56.0
-1.3817811 73.28749 0.37024716396 0.0 57.0
-1.7520282 74.5467 0.37024716396 0.0 57.0
-1.7520282 74.5467 0.37024716397 0.0 58.0
-2.1222754 75.80591 0.37024716397 0.0 58.0
0.0 68.250656 0.0398 4.0 53.0
0.32064342 69.509865 -0.18512358398 4.0 53.0
0.32064342 69.509865 -0.18512358399 3.0 54.0
0.64128685 70.76907 -0.37024716399 3.0 54.0
0.64128685 70.76907 -0.37024716400 0.0 55.0
0.64128685 72.08159 -0.37024716400 0.0 55.0
0.64128685 72.08159 -0.37024716401 0.0 56.0
0.64128685 73.394104 -0.37024716401 0.0 56.0
0.64128685 70.76907 -0.37024716402 0.0 55.0
1.2565297 71.8727 -0.7254578402 0.0 55.0
1.2565297 71.8727 -0.7254578403 0.0 56.0
1.9669509 72.97633 -0.7254578403 0.0 56.0
0.64128685 70.76907 -0.37024716404 2.0 55.0
1.011534 72.02828 -0.37024716404 2.0 55.0
1.011534 72.02828 -0.37024716405 1.0 56.0
1.3817811 73.28749 -0.37024716405 1.0 56.0
1.3817811 73.28749 -0.37024716406 0.0 57.0
1.7520282 74.5467 -0.37024716406 0.0 57.0
1.7520282 74.5467 -0.37024716407 0.0 58.0
2.1222754 75.80591 -0.37024716407 0.0 58.0
0.0 68.250656 0.0408 8.0 53.0
0.0 69.56317 0.0408 8.0 53.0
0.0 69.56317 0.0409 7.0 54.0
0.0 70.87569 0.0409 7.0 54.0
0.0 70.87569 0.0410 6.0 55.0
0.0 72.1882 0.0410 6.0 55.0
0.0 72.1882 0.0411 5.0 56.0
0.0 73.50072 0.0411 5.0 56.0
0.0 73.50072 0.0412 4.0 57.0
0.0 74.81323 0.0412 4.0 57.0
0.0 74.81323 0.0413 3.0 58.0
0.0 76.12575 0.0413 3.0 58.0
0.0 76.12575 0.0414 0.0 59.0
-0.32064342 77.38496 0.18512358414 0.0 59.0
-0.32064342 77.38496 0.18512358415 0.0 60.0
-0.69089055 78.644165 0.18512358415 0.0 60.0
0.0 76.12575 0.0416 0.0 59.0
0.32064342 77.38496 -0.18512358416 0.0 59.0
0.32064342 77.38496 -0.18512358417 0.0 60.0
0.69089055 78.644165 -0.18512358417 0.0 60.0
0.0 76.12575 0.0418 2.0 59.0
0.0 77.43826 0.0418 2.0 59.0
0.0 77.43826 0.0419 1.0 60.0
0.0 78.75078 0.0419 1.0 60.0
0.0 78.75078 0.0420 0.0 61.0
0.0 80.06329 0.0420 0.0 61.0
0.0 80.06329 0.0421 0.0 62.0
0.0 81.37581 0.0421 0.0 62.0
