0.0 0.0 0.00 30.0 1.0
0.0 4.47266 0.00 30.0 1.0
0.0 4.47266 0.01 0.0 2.0
-1.3646905 8.658531 0.787904441 0.0 2.0
0.0 4.47266 0.02 29.0 2.0
0.0 8.94532 0.02 29.0 2.0
0.0 8.94532 0.03 0.0 3.0
1.3646905 13.131191 -0.787904443 0.0 3.0
1.3646905 13.131191 -0.787904444 0.0 4.0
1.3646905 17.603851 -0.787904444 0.0 4.0
1.3646905 13.131191 -0.787904445 0.0 4.0
2.9404993 17.317062 -0.787904445 0.0 4.0
0.0 8.94532 0.06 28.0 3.0
0.0 13.41798 0.06 28.0 3.0
0.0 13.41798 0.07 0.0 4.0
-1.3646905 17.603851 0.787904447 0.0 4.0
0.0 13.41798 0.08 27.0 4.0
0.0 17.89064 0.08 27.0 4.0
0.0 17.89064 0.09 2.0 5.0
-1.3646905 22.076511 0.787904449 2.0 5.0
-1.3646905 22.076511 0.7879044410 0.0 6.0
-3.9190624 25.438793 2.262671710 0.0 6.0
-1.3646905 22.076511 0.7879044411 1.0 6.0
-2.9404993 26.262383 0.7879044411 1.0 6.0
-2.9404993 26.262383 0.7879044412 0.0 7.0
-2.9404993 30.735043 0.7879044412 0.0 7.0
-2.9404993 30.735043 0.7879044413 0.0 8.0
-4.30519 34.920914 1.575808913 0.0 8.0
-2.9404993 30.735043 0.7879044414 0.0 8.0
-2.9404993 35.207703 0.7879044414 0.0 8.0
-2.9404993 26.262383 0.7879044415 0.0 7.0
-4.5163083 30.448254 0.7879044415 0.0 7.0
-4.5163083 30.448254 0.7879044416 0.0 8.0
-7.07068 33.810535 2.262671716 0.0 8.0
-4.5163083 30.448254 0.7879044417 0.0 8.0
-6.0921173 34.634125 0.7879044417 0.0 8.0
0.0 17.89064 0.018 26.0 5.0
0.0 22.3633 0.018 26.0 5.0
0.0 22.3633 0.019 0.0 6.0
-1.3646905 26.549171 0.7879044419 0.0 6.0
0.0 22.3633 0.020 25.0 6.0
0.0 26.83596 0.020 25.0 6.0
0.0 26.83596 0.021 0.0 7.0
1.3646905 31.021832 -0.7879044421 0.0 7.0
1.3646905 31.021832 -0.7879044422 0.0 8.0
1.3646905 35.49449 -0.7879044422 0.0 8.0
1.3646905 31.021832 -0.7879044423 0.0 8.0
2.9404993 35.207703 -0.7879044423 0.0 8.0
0.0 26.83596 0.024 24.0 7.0
0.0 31.30862 0.024 24.0 7.0
0.0 31.30862 0.025 0.0 8.0
-1.3646905 35.49449 0.7879044425 0.0 8.0
0.0 31.30862 0.026 23.0 8.0
0.0 35.78128 0.026 23.0 8.0
0.0 35.78128 0.027 6.0 9.0
1.3646905 39.96715 -0.7879044427 6.0 9.0
1.3646905 39.96715 -0.7879044428 0.0 10.0
1.3646905 44.43981 -0.7879044428 0.0 10.0
1.3646905 39.96715 -0.7879044429 5.0 10.0
2.9404993 44.153023 -0.7879044429 5.0 10.0
2.9404993 44.153023 -0.7879044430 0.0 11.0
5.494871 47.515305 -2.262671730 0.0 11.0
5.494871 47.515305 -2.262671731 0.0 12.0
6.859562 51.701176 -3.050576231 0.0 12.0
5.494871 47.515305 -2.262671732 0.0 12.0
8.444406 50.877586 -2.262671732 0.0 12.0
2.9404993 44.153023 -0.7879044433 4.0 11.0
4.5163083 48.338894 -0.7879044433 4.0 11.0
4.5163083 48.338894 -0.7879044434 0.0 12.0
4.5163083 52.811554 -0.7879044434 0.0 12.0
4.5163083 48.338894 -0.7879044435 3.0 12.0
6.0921173 52.524765 -0.7879044435 3.0 12.0
6.0921173 52.524765 -0.7879044436 2.0 13.0
6.0921173 56.997425 -0.7879044436 2.0 13.0
6.0921173 56.997425 -0.7879044437 0.0 14.0
4.7274265 61.183296 0.037 0.0 14.0
6.0921173 56.997425 -0.7879044438 1.0 14.0
6.0921173 61.470085 -0.7879044438 1.0 14.0
6.0921173 61.470085 -0.7879044439 0.0 15.0
7.456808 65.65595 -1.575808939 0.0 15.0
7.456808 65.65595 -1.575808940 0.0 16.0
7.456808 70.12862 -1.575808940 0.0 16.0
7.456808 65.65595 -1.575808941 0.0 16.0
9.032617 69.84182 -1.575808941 0.0 16.0
6.0921173 61.470085 -0.7879044442 0.0 15.0
6.0921173 65.94275 -0.7879044442 0.0 15.0
6.0921173 65.94275 -0.7879044443 0.0 16.0
4.7274265 70.12862 0.043 0.0 16.0
6.0921173 65.94275 -0.7879044444 0.0 16.0
6.0921173 70.415405 -0.7879044444 0.0 16.0
6.0921173 52.524765 -0.7879044445 2.0 13.0
7.6679263 56.710636 -0.7879044445 2.0 13.0
7.6679263 56.710636 -0.7879044446 0.0 14.0
7.6679263 61.183296 -0.7879044446 0.0 14.0
7.6679263 56.710636 -0.7879044447 1.0 14.0
9.243735 60.896507 -0.7879044447 1.0 14.0
9.243735 60.896507 -0.7879044448 0.0 15.0
11.798107 64.25879 -2.262671748 0.0 15.0
11.798107 64.25879 -2.262671749 0.0 16.0
13.162798 68.44466 -3.050576249 0.0 16.0
11.798107 64.25879 -2.262671750 0.0 16.0
14.747642 67.62107 -2.262671750 0.0 16.0
9.243735 60.896507 -0.7879044451 0.0 15.0
10.819544 65.082375 -0.7879044451 0.0 15.0
10.819544 65.082375 -0.7879044452 0.0 16.0
10.819544 69.55504 -0.7879044452 0.0 16.0
10.819544 65.082375 -0.7879044453 0.0 16.0
12.395352 69.26824 -0.7879044453 0.0 16.0
0.0 35.78128 0.054 22.0 9.0
0.0 40.25394 0.054 22.0 9.0
0.0 40.25394 0.055 0.0 10.0
-1.3646905 44.43981 0.7879044455 0.0 10.0
0.0 40.25394 0.056 21.0 10.0
0.0 44.7266 0.056 21.0 10.0
0.0 44.7266 0.057 0.0 11.0
1.3646905 48.91247 -0.7879044457 0.0 11.0
1.3646905 48.91247 -0.7879044458 0.0 12.0
1.3646905 53.38513 -0.7879044458 0.0 12.0
1.3646905 48.91247 -0.7879044459 0.0 12.0
2.9404993 53.098343 -0.7879044459 0.0 12.0
0.0 44.7266 0.060 20.0 11.0
0.0 49.19926 0.060 20.0 11.0
0.0 49.19926 0.061 0.0 12.0
-1.3646905 53.38513 0.7879044461 0.0 12.0
0.0 49.19926 0.062 19.0 12.0
0.0 53.67192 0.062 19.0 12.0
0.0 53.67192 0.063 2.0 13.0
-1.3646905 57.85779 0.7879044463 2.0 13.0
-1.3646905 57.85779 0.7879044464 0.0 14.0
-3.9190624 61.220074 2.262671764 0.0 14.0
-1.3646905 57.85779 0.7879044465 1.0 14.0
-2.9404993 62.043663 0.7879044465 1.0 14.0
-2.9404993 62.043663 0.7879044466 0.0 15.0
-2.9404993 66.51633 0.7879044466 0.0 15.0
-2.9404993 66.51633 0.7879044467 0.0 16.0
-4.30519 70.702194 1.575808967 0.0 16.0
-2.9404993 66.51633 0.7879044468 0.0 16.0
-2.9404993 70.98898 0.7879044468 0.0 16.0
-2.9404993 62.043663 0.7879044469 0.0 15.0
-4.5163083 66.22953 0.7879044469 0.0 15.0
-4.5163083 66.22953 0.7879044470 0.0 16.0
-7.07068 69.59181 2.262671770 0.0 16.0
-4.5163083 66.22953 0.7879044471 0.0 16.0
-6.0921173 70.4154 0.7879044471 0.0 16.0
0.0 53.67192 0.072 18.0 13.0
0.0 58.14458 0.072 18.0 13.0
0.0 58.14458 0.073 0.0 14.0
-1.3646905 62.330452 0.7879044473 0.0 14.0
0.0 58.14458 0.074 17.0 14.0
0.0 62.61724 0.074 17.0 14.0
0.0 62.61724 0.075 0.0 15.0
1.3646905 66.80311 -0.7879044475 0.0 15.0
1.3646905 66.80311 -0.7879044476 0.0 16.0
1.3646905 71.27577 -0.7879044476 0.0 16.0
1.3646905 66.80311 -0.7879044477 0.0 16.0
2.9404993 70.988976 -0.7879044477 0.0 16.0
0.0 62.61724 0.078 16.0 15.0
0.0 67.089905 0.078 16.0 15.0
0.0 67.089905 0.079 0.0 16.0
-1.3646905 71.27577 0.7879044479 0.0 16.0
0.0 67.089905 0.080 15.0 16.0
0.0 71.56256 0.080 15.0 16.0
0.0 71.56256 0.081 14.0 17.0
1.3646905 75.74843 -0.7879044481 14.0 17.0
1.3646905 75.74843 -0.7879044482 0.0 18.0
1.3646905 80.221085 -0.7879044482 0.0 18.0
1.3646905 75.74843 -0.7879044483 13.0 18.0
2.9404993 79.934296 -0.7879044483 13.0 18.0
2.9404993 79.934296 -0.7879044484 0.0 19.0
5.494871 83.29658 -2.262671784 0.0 19.0
5.494871 83.29658 -2.262671785 0.0 20.0
6.859562 87.482445 -3.050576285 0.0 20.0
5.494871 83.29658 -2.262671786 0.0 20.0
8.444406 86.65886 -2.262671786 0.0 20.0
2.9404993 79.934296 -0.7879044487 12.0 19.0
4.5163083 84.12016 -0.7879044487 12.0 19.0
4.5163083 84.12016 -0.7879044488 0.0 20.0
4.5163083 88.59282 -0.7879044488 0.0 20.0
4.5163083 84.12016 -0.7879044489 11.0 20.0
6.0921173 88.30603 -0.7879044489 11.0 20.0
6.0921173 88.30603 -0.7879044490 2.0 21.0
6.0921173 92.77869 -0.7879044490 2.0 21.0
6.0921173 92.77869 -0.7879044491 0.0 22.0
4.7274265 96.964554 0.091 0.0 22.0
6.0921173 92.77869 -0.7879044492 1.0 22.0
6.0921173 97.25134 -0.7879044492 1.0 22.0
6.0921173 97.25134 -0.7879044493 0.0 23.0
7.456808 101.43721 -1.575808993 0.0 23.0
7.456808 101.43721 -1.575808994 0.0 24.0
7.456808 105.90987 -1.575808994 0.0 24.0
7.456808 101.43721 -1.575808995 0.0 24.0
9.032617 105.62308 -1.575808995 0.0 24.0
6.0921173 97.25134 -0.7879044496 0.0 23.0
6.0921173 101.724 -0.7879044496 0.0 23.0
6.0921173 101.724 -0.7879044497 0.0 24.0
4.7274265 105.90987 0.097 0.0 24.0
6.0921173 101.724 -0.7879044498 0.0 24.0
6.0921173 106.196655 -0.7879044498 0.0 24.0
6.0921173 88.30603 -0.7879044499 10.0 21.0
7.6679263 92.4919 -0.7879044499 10.0 21.0
7.6679263 92.4919 -0.78790444100 0.0 22.0
7.6679263 96.964554 -0.78790444100 0.0 22.0
7.6679263 92.4919 -0.78790444101 9.0 22.0
9.243735 96.677765 -0.78790444101 9.0 22.0
9.243735 96.677765 -0.78790444102 0.0 23.0
11.798107 100.04005 -2.2626717102 0.0 23.0
11.798107 100.04005 -2.2626717103 0.0 24.0
13.162798 104.225914 -3.0505762103 0.0 24.0
11.798107 100.04005 -2.2626717104 0.0 24.0
14.747642 103.40233 -2.2626717104 0.0 24.0
9.243735 96.677765 -0.78790444105 8.0 23.0
10.819544 100.86363 -0.78790444105 8.0 23.0
10.819544 100.86363 -0.78790444106 0.0 24.0
10.819544 105.33629 -0.78790444106 0.0 24.0
10.819544 100.86363 -0.78790444107 7.0 24.0
12.395352 105.0495 -0.78790444107 7.0 24.0
12.395352 105.0495 -0.78790444108 6.0 25.0
14.949724 108.41178 -2.2626717108 6.0 25.0
14.949724 108.41178 -2.2626717109 0.0 26.0
16.314415 112.59765 -3.0505762109 0.0 26.0
14.949724 108.41178 -2.2626717110 5.0 26.0
17.89926 111.77406 -2.2626717110 5.0 26.0
17.89926 111.77406 -2.2626717111 0.0 27.0
21.315737 113.88157 -4.235176111 0.0 27.0
21.315737 113.88157 -4.235176112 0.0 28.0
23.870108 117.24385 -5.7099433112 0.0 28.0
21.315737 113.88157 -4.235176113 0.0 28.0
25.260746 115.989075 -4.235176113 0.0 28.0
17.89926 111.77406 -2.2626717114 4.0 27.0
20.848795 115.136345 -2.2626717114 4.0 27.0
20.848795 115.136345 -2.2626717115 0.0 28.0
22.213486 119.32221 -3.0505762115 0.0 28.0
20.848795 115.136345 -2.2626717116 3.0 28.0
23.79833 118.49863 -2.2626717116 3.0 28.0
23.79833 118.49863 -2.2626717117 2.0 29.0
25.163021 122.684494 -3.0505762117 2.0 29.0
25.163021 122.684494 -3.0505762118 0.0 30.0
25.163021 127.15715 -3.0505762118 0.0 30.0
25.163021 122.684494 -3.0505762119 1.0 30.0
26.73883 126.87036 -3.0505762119 1.0 30.0
26.73883 126.87036 -3.0505762120 0.0 31.0
29.293201 130.23264 -4.5253434120 0.0 31.0
29.293201 130.23264 -4.5253434121 0.0 32.0
30.657892 134.4185 -5.3132477121 0.0 32.0
29.293201 130.23264 -4.5253434122 0.0 32.0
32.242737 133.59491 -4.5253434122 0.0 32.0
26.73883 126.87036 -3.0505762123 0.0 31.0
28.31464 131.05623 -3.0505762123 0.0 31.0
28.31464 131.05623 -3.0505762124 0.0 32.0
28.31464 135.52888 -3.0505762124 0.0 32.0
28.31464 131.05623 -3.0505762125 0.0 32.0
29.89045 135.2421 -3.0505762125 0.0 32.0
23.79833 118.49863 -2.2626717126 2.0 29.0
26.747866 121.86091 -2.2626717126 2.0 29.0
26.747866 121.86091 -2.2626717127 0.0 30.0
28.112556 126.046776 -3.0505762127 0.0 30.0
26.747866 121.86091 -2.2626717128 1.0 30.0
29.697401 125.22319 -2.2626717128 1.0 30.0
29.697401 125.22319 -2.2626717129 0.0 31.0
33.11388 127.330696 -4.235176129 0.0 31.0
33.11388 127.330696 -4.235176130 0.0 32.0
35.66825 130.69298 -5.7099433130 0.0 32.0
33.11388 127.330696 -4.235176131 0.0 32.0
37.058887 129.4382 -4.235176131 0.0 32.0
29.697401 125.22319 -2.2626717132 0.0 31.0
32.646935 128.58546 -2.2626717132 0.0 31.0
32.646935 128.58546 -2.2626717133 0.0 32.0
34.011623 132.77133 -3.0505762133 0.0 32.0
32.646935 128.58546 -2.2626717134 0.0 32.0
35.59647 131.94774 -2.2626717134 0.0 32.0
12.395352 105.0495 -0.78790444135 6.0 25.0
13.971161 109.23537 -0.78790444135 6.0 25.0
13.971161 109.23537 -0.78790444136 0.0 26.0
13.971161 113.70802 -0.78790444136 0.0 26.0
13.971161 109.23537 -0.78790444137 5.0 26.0
15.546969 113.421234 -0.78790444137 5.0 26.0
15.546969 113.421234 -0.78790444138 0.0 27.0
18.101341 116.783516 -2.2626717138 0.0 27.0
18.101341 116.783516 -2.2626717139 0.0 28.0
19.466032 120.96938 -3.0505762139 0.0 28.0
18.101341 116.783516 -2.2626717140 0.0 28.0
21.050877 120.1458 -2.2626717140 0.0 28.0
15.546969 113.421234 -0.78790444141 4.0 27.0
17.122778 117.6071 -0.78790444141 4.0 27.0
17.122778 117.6071 -0.78790444142 0.0 28.0
17.122778 122.07976 -0.78790444142 0.0 28.0
17.122778 117.6071 -0.78790444143 3.0 28.0
18.698587 121.79297 -0.78790444143 3.0 28.0
18.698587 121.79297 -0.78790444144 2.0 29.0
18.698587 126.265625 -0.78790444144 2.0 29.0
18.698587 126.265625 -0.78790444145 0.0 30.0
17.333897 130.45149 0.0145 0.0 30.0
18.698587 126.265625 -0.78790444146 1.0 30.0
18.698587 130.73828 -0.78790444146 1.0 30.0
18.698587 130.73828 -0.78790444147 0.0 31.0
20.063278 134.92415 -1.5758089147 0.0 31.0
20.063278 134.92415 -1.5758089148 0.0 32.0
20.063278 139.3968 -1.5758089148 0.0 32.0
20.063278 134.92415 -1.5758089149 0.0 32.0
21.639088 139.11002 -1.5758089149 0.0 32.0
18.698587 130.73828 -0.78790444150 0.0 31.0
18.698587 135.21094 -0.78790444150 0.0 31.0
18.698587 135.21094 -0.78790444151 0.0 32.0
17.333897 139.3968 0.0151 0.0 32.0
18.698587 135.21094 -0.78790444152 0.0 32.0
18.698587 139.6836 -0.78790444152 0.0 32.0
18.698587 121.79297 -0.78790444153 2.0 29.0
20.274397 125.978836 -0.78790444153 2.0 29.0
20.274397 125.978836 -0.78790444154 0.0 30.0
20.274397 130.45149 -0.78790444154 0.0 30.0
20.274397 125.978836 -0.78790444155 1.0 30.0
21.850206 130.1647 -0.78790444155 1.0 30.0
21.850206 130.1647 -0.78790444156 0.0 31.0
24.40458 133.52698 -2.2626717156 0.0 31.0
24.40458 133.52698 -2.2626717157 0.0 32.0
25.76927 137.71284 -3.0505762157 0.0 32.0
24.40458 133.52698 -2.2626717158 0.0 32.0
27.354115 136.88925 -2.2626717158 0.0 32.0
21.850206 130.1647 -0.78790444159 0.0 31.0
23.426016 134.35057 -0.78790444159 0.0 31.0
23.426016 134.35057 -0.78790444160 0.0 32.0
23.426016 138.82323 -0.78790444160 0.0 32.0
23.426016 134.35057 -0.78790444161 0.0 32.0
25.001825 138.53644 -0.78790444161 0.0 32.0
0.0 71.56256 0.0162 14.0 17.0
0.0 76.03522 0.0162 14.0 17.0
0.0 76.03522 0.0163 0.0 18.0
-1.3646905 80.221085 0.78790444163 0.0 18.0
0.0 76.03522 0.0164 13.0 18.0
0.0 80.50787 0.0164 13.0 18.0
0.0 80.50787 0.0165 0.0 19.0
1.3646905 84.69374 -0.78790444165 0.0 19.0
1.3646905 84.69374 -0.78790444166 0.0 20.0
1.3646905 89.1664 -0.78790444166 0.0 20.0
1.3646905 84.69374 -0.78790444167 0.0 20.0
2.9404993 88.87961 -0.78790444167 0.0 20.0
0.0 80.50787 0.0168 12.0 19.0
0.0 84.98053 0.0168 12.0 19.0
0.0 84.98053 0.0169 0.0 20.0
-1.3646905 89.1664 0.78790444169 0.0 20.0
0.0 84.98053 0.0170 11.0 20.0
0.0 89.453186 0.0170 11.0 20.0
0.0 89.453186 0.0171 2.0 21.0
-1.3646905 93.63905 0.78790444171 2.0 21.0
-1.3646905 93.63905 0.78790444172 0.0 22.0
-3.9190624 97.001335 2.2626717172 0.0 22.0
-1.3646905 93.63905 0.78790444173 1.0 22.0
-2.9404993 97.82492 0.78790444173 1.0 22.0
-2.9404993 97.82492 0.78790444174 0.0 23.0
-2.9404993 102.29758 0.78790444174 0.0 23.0
-2.9404993 102.29758 0.78790444175 0.0 24.0
-4.30519 106.483444 1.5758089175 0.0 24.0
-2.9404993 102.29758 0.78790444176 0.0 24.0
-2.9404993 106.77023 0.78790444176 0.0 24.0
-2.9404993 97.82492 0.78790444177 0.0 23.0
-4.5163083 102.01079 0.78790444177 0.0 23.0
-4.5163083 102.01079 0.78790444178 0.0 24.0
-7.07068 105.37307 2.2626717178 0.0 24.0
-4.5163083 102.01079 0.78790444179 0.0 24.0
-6.0921173 106.196655 0.78790444179 0.0 24.0
0.0 89.453186 0.0180 10.0 21.0
0.0 93.92584 0.0180 10.0 21.0
0.0 93.92584 0.0181 0.0 22.0
-1.3646905 98.11171 0.78790444181 0.0 22.0
0.0 93.92584 0.0182 9.0 22.0
0.0 98.3985 0.0182 9.0 22.0
0.0 98.3985 0.0183 0.0 23.0
1.3646905 102.584366 -0.78790444183 0.0 23.0
1.3646905 102.584366 -0.78790444184 0.0 24.0
1.3646905 107.05702 -0.78790444184 0.0 24.0
1.3646905 102.584366 -0.78790444185 0.0 24.0
2.9404993 106.77023 -0.78790444185 0.0 24.0
0.0 98.3985 0.0186 8.0 23.0
0.0 102.871155 0.0186 8.0 23.0
0.0 102.871155 0.0187 0.0 24.0
-1.3646905 107.05702 0.78790444187 0.0 24.0
0.0 102.871155 0.0188 7.0 24.0
0.0 107.34381 0.0188 7.0 24.0
0.0 107.34381 0.0189 6.0 25.0
1.3646905 111.52968 -0.78790444189 6.0 25.0
1.3646905 111.52968 -0.78790444190 0.0 26.0
1.3646905 116.002335 -0.78790444190 0.0 26.0
1.3646905 111.52968 -0.78790444191 5.0 26.0
2.9404993 115.715546 -0.78790444191 5.0 26.0
2.9404993 115.715546 -0.78790444192 0.0 27.0
5.494871 119.07783 -2.2626717192 0.0 27.0
5.494871 119.07783 -2.2626717193 0.0 28.0
6.859562 123.263695 -3.0505762193 0.0 28.0
5.494871 119.07783 -2.2626717194 0.0 28.0
8.444406 122.44011 -2.2626717194 0.0 28.0
2.9404993 115.715546 -0.78790444195 4.0 27.0
4.5163083 119.90141 -0.78790444195 4.0 27.0
4.5163083 119.90141 -0.78790444196 0.0 28.0
4.5163083 124.37407 -0.78790444196 0.0 28.0
4.5163083 119.90141 -0.78790444197 3.0 28.0
6.0921173 124.08728 -0.78790444197 3.0 28.0
6.0921173 124.08728 -0.78790444198 2.0 29.0
6.0921173 128.55994 -0.78790444198 2.0 29.0
6.0921173 128.55994 -0.78790444199 0.0 30.0
4.7274265 132.7458 0.0199 0.0 30.0
6.0921173 128.55994 -0.78790444200 1.0 30.0
6.0921173 133.0326 -0.78790444200 1.0 30.0
6.0921173 133.0326 -0.78790444201 0.0 31.0
7.456808 137.21846 -1.5758089201 0.0 31.0
7.456808 137.21846 -1.5758089202 0.0 32.0
7.456808 141.69112 -1.5758089202 0.0 32.0
7.456808 137.21846 -1.5758089203 0.0 32.0
9.032617 141.40433 -1.5758089203 0.0 32.0
6.0921173 133.0326 -0.78790444204 0.0 31.0
6.0921173 137.50525 -0.78790444204 0.0 31.0
6.0921173 137.50525 -0.78790444205 0.0 32.0
4.7274265 141.69112 0.0205 0.0 32.0
6.0921173 137.50525 -0.78790444206 0.0 32.0
6.0921173 141.9779 -0.78790444206 0.0 32.0
6.0921173 124.08728 -0.78790444207 2.0 29.0
7.6679263 128.27315 -0.78790444207 2.0 29.0
7.6679263 128.27315 -0.78790444208 0.0 30.0
7.6679263 132.7458 -0.78790444208 0.0 30.0
7.6679263 128.27315 -0.78790444209 1.0 30.0
9.243735 132.45901 -0.78790444209 1.0 30.0
9.243735 132.45901 -0.78790444210 0.0 31.0
11.798107 135.82129 -2.2626717210 0.0 31.0
11.798107 135.82129 -2.2626717211 0.0 32.0
13.162798 140.00716 -3.0505762211 0.0 32.0
11.798107 135.82129 -2.2626717212 0.0 32.0
14.747642 139.18356 -2.2626717212 0.0 32.0
9.243735 132.45901 -0.78790444213 0.0 31.0
10.819544 136.64488 -0.78790444213 0.0 31.0
10.819544 136.64488 -0.78790444214 0.0 32.0
10.819544 141.11754 -0.78790444214 0.0 32.0
10.819544 136.64488 -0.78790444215 0.0 32.0
12.395352 140.83075 -0.78790444215 0.0 32.0
0.0 107.34381 0.0216 6.0 25.0
0.0 111.81647 0.0216 6.0 25.0
0.0 111.81647 0.0217 0.0 26.0
-1.3646905 116.002335 0.78790444217 0.0 26.0
0.0 111.81647 0.0218 5.0 26.0
0.0 116.28912 0.0218 5.0 26.0
0.0 116.28912 0.0219 0.0 27.0
1.3646905 120.47499 -0.78790444219 0.0 27.0
1.3646905 120.47499 -0.78790444220 0.0 28.0
1.3646905 124.94765 -0.78790444220 0.0 28.0
1.3646905 120.47499 -0.78790444221 0.0 28.0
2.9404993 124.66086 -0.78790444221 0.0 28.0
0.0 116.28912 0.0222 4.0 27.0
0.0 120.76178 0.0222 4.0 27.0
0.0 120.76178 0.0223 0.0 28.0
-1.3646905 124.94765 0.78790444223 0.0 28.0
0.0 120.76178 0.0224 3.0 28.0
0.0 125.234436 0.0224 3.0 28.0
0.0 125.234436 0.0225 2.0 29.0
-1.3646905 129.4203 0.78790444225 2.0 29.0
-1.3646905 129.4203 0.78790444226 0.0 30.0
-3.9190624 132.78258 2.2626717226 0.0 30.0
-1.3646905 129.4203 0.78790444227 1.0 30.0
-2.9404993 133.60617 0.78790444227 1.0 30.0
-2.9404993 133.60617 0.78790444228 0.0 31.0
-2.9404993 138.07883 0.78790444228 0.0 31.0
-2.9404993 138.07883 0.78790444229 0.0 32.0
-4.30519 142.2647 1.5758089229 0.0 32.0
-2.9404993 138.07883 0.78790444230 0.0 32.0
-2.9404993 142.55148 0.78790444230 0.0 32.0
-2.9404993 133.60617 0.78790444231 0.0 31.0
-4.5163083 137.79204 0.78790444231 0.0 31.0
-4.5163083 137.79204 0.78790444232 0.0 32.0
-7.07068 141.15431 2.2626717232 0.0 32.0
-4.5163083 137.79204 0.78790444233 0.0 32.0
-6.0921173 141.9779 0.78790444233 0.0 32.0
0.0 125.234436 0.0234 2.0 29.0
0.0 129.70709 0.0234 2.0 29.0
0.0 129.70709 0.0235 0.0 30.0
-1.3646905 133.89296 0.78790444235 0.0 30.0
0.0 129.70709 0.0236 1.0 30.0
0.0 134.17975 0.0236 1.0 30.0
0.0 134.17975 0.0237 0.0 31.0
1.3646905 138.36562 -0.78790444237 0.0 31.0
1.3646905 138.36562 -0.78790444238 0.0 32.0
1.3646905 142.83827 -0.78790444238 0.0 32.0
1.3646905 138.36562 -0.78790444239 0.0 32.0
2.9404993 142.55148 -0.78790444239 0.0 32.0
0.0 134.17975 0.0240 0.0 31.0
0.0 138.6524 0.0240 0.0 31.0
0.0 138.6524 0.0241 0.0 32.0
-1.3646905 142.83827 0.78790444241 0.0 32.0
0.0 138.6524 0.0242 0.0 32.0
0.0 143.12506 0.0242 0.0 32.0
