0.0 0.0 0.00 60.0 1.0
0.0 2.4076128 0.00 60.0 1.0
0.0 2.4076128 0.01 59.0 2.0
0.0 4.8152256 0.01 59.0 2.0
0.0 4.8152256 0.02 58.0 3.0
0.0 7.2228384 0.02 58.0 3.0
0.0 7.2228384 0.03 57.0 4.0
0.0 9.630451 0.03 57.0 4.0
0.0 9.630451 0.04 56.0 5.0
0.0 12.038064 0.04 56.0 5.0
0.0 12.038064 0.05 55.0 6.0
0.0 14.445677 0.05 55.0 6.0
0.0 14.445677 0.06 54.0 7.0
0.0 16.85329 0.06 54.0 7.0
0.0 16.85329 0.07 53.0 8.0
0.0 19.260902 0.07 53.0 8.0
0.0 19.260902 0.08 52.0 9.0
0.0 21.668514 0.08 52.0 9.0
0.0 21.668514 0.09 51.0 10.0
0.0 24.076126 0.09 51.0 10.0
0.0 24.076126 0.010 50.0 11.0
0.0 26.483738 0.010 50.0 11.0
0.0 26.483738 0.011 49.0 12.0
0.0 28.89135 0.011 49.0 12.0
0.0 28.89135 0.012 48.0 13.0
0.0 31.298962 0.012 48.0 13.0
0.0 31.298962 0.013 47.0 14.0
0.0 33.706573 0.013 47.0 14.0
0.0 33.706573 0.014 46.0 15.0
0.0 36.114185 0.014 46.0 15.0
0.0 36.114185 0.015 45.0 16.0
0.0 38.521797 0.015 45.0 16.0
0.0 38.521797 0.016 28.0 17.0
-0.446476 40.873566 0.2577730416 28.0 17.0
-0.446476 40.873566 0.2577730417 27.0 18.0
-0.892952 43.225334 0.515546117 27.0 18.0
-0.892952 43.225334 0.515546118 26.0 19.0
-1.3394281 45.577103 0.773319118 26.0 19.0
-1.3394281 45.577103 0.773319119 25.0 20.0
-1.785904 47.92887 1.031092219 25.0 20.0
-1.785904 47.92887 1.031092220 24.0 21.0
-2.2323802 50.28064 1.288865220 24.0 21.0
-2.2323802 50.28064 1.288865221 23.0 22.0
-2.6788561 52.63241 1.546638321 23.0 22.0
-2.6788561 52.63241 1.546638322 22.0 23.0
-3.125332 54.984177 1.804411322 22.0 23.0
-3.125332 54.984177 1.804411323 21.0 24.0
-3.571808 57.335945 2.062184323 21.0 24.0
-3.571808 57.335945 2.062184324 12.0 25.0
-4.444048 59.52277 2.565772324 12.0 25.0
-4.444048 59.52277 2.565772325 11.0 26.0
-5.316288 61.709595 3.069360325 11.0 26.0
-5.316288 61.709595 3.069360326 10.0 27.0
-6.188528 63.89642 3.572948226 10.0 27.0
-6.188528 63.89642 3.572948227 9.0 28.0
-7.060768 66.083244 4.07653627 9.0 28.0
-7.060768 66.083244 4.07653628 4.0 29.0
-8.318308 68.00368 4.802577528 4.0 29.0
-8.318308 68.00368 4.802577529 3.0 30.0
-9.575848 69.92411 5.52861929 3.0 30.0
-9.575848 69.92411 5.52861930 0.0 31.0
-11.160351 71.48906 6.44343230 0.0 31.0
-11.160351 71.48906 6.44343231 0.0 32.0
-12.989977 73.05401 6.44343231 0.0 32.0
-9.575848 69.92411 5.52861932 0.0 31.0
-10.448088 72.11093 6.032206532 0.0 31.0
-10.448088 72.11093 6.032206533 0.0 32.0
-11.455263 74.29775 6.032206533 0.0 32.0
-9.575848 69.92411 5.52861934 2.0 31.0
-11.02793 71.84454 5.52861934 2.0 31.0
-11.02793 71.84454 5.52861935 1.0 32.0
-12.480013 73.76498 5.52861935 1.0 32.0
-12.480013 73.76498 5.52861936 0.0 33.0
-13.932096 75.68541 5.52861936 0.0 33.0
-13.932096 75.68541 5.52861937 0.0 34.0
-15.384178 77.60584 5.52861937 0.0 34.0
-7.060768 66.083244 4.07653638 4.0 29.0
-7.507244 68.43501 4.33430938 4.0 29.0
-7.507244 68.43501 4.33430939 3.0 30.0
-7.95372 70.78678 4.59208239 3.0 30.0
-7.95372 70.78678 4.59208240 0.0 31.0
-8.82596 72.9736 5.095669740 0.0 31.0
-8.82596 72.9736 5.095669741 0.0 32.0
-9.833136 75.16042 5.095669741 0.0 32.0
-7.95372 70.78678 4.59208242 0.0 31.0
-7.95372 73.1944 4.59208242 0.0 31.0
-7.95372 73.1944 4.59208243 0.0 32.0
-7.95372 75.60201 4.59208243 0.0 32.0
-7.95372 70.78678 4.59208244 2.0 31.0
-8.469266 73.13855 4.59208244 2.0 31.0
-8.469266 73.13855 4.59208245 1.0 32.0
-8.984812 75.49032 4.59208245 1.0 32.0
-8.984812 75.49032 4.59208246 0.0 33.0
-9.500358 77.84209 4.59208246 0.0 33.0
-9.500358 77.84209 4.59208247 0.0 34.0
-10.015903 80.193855 4.59208247 0.0 34.0
-7.060768 66.083244 4.07653648 8.0 29.0
-8.067944 68.270065 4.07653648 8.0 29.0
-8.067944 68.270065 4.07653649 7.0 30.0
-9.075119 70.45689 4.07653649 7.0 30.0
-9.075119 70.45689 4.07653650 6.0 31.0
-10.082294 72.64371 4.07653650 6.0 31.0
-10.082294 72.64371 4.07653651 5.0 32.0
-11.08947 74.83053 4.07653651 5.0 32.0
-11.08947 74.83053 4.07653652 4.0 33.0
-12.096645 77.01735 4.07653652 4.0 33.0
-12.096645 77.01735 4.07653653 3.0 34.0
-13.103821 79.20417 4.07653653 3.0 34.0
-13.103821 79.20417 4.07653654 0.0 35.0
-14.361361 81.1246 4.802577554 0.0 35.0
-14.361361 81.1246 4.802577555 0.0 36.0
-15.813443 83.04504 4.802577555 0.0 36.0
-13.103821 79.20417 4.07653656 0.0 35.0
-13.550297 81.55594 4.33430956 0.0 35.0
-13.550297 81.55594 4.33430957 0.0 36.0
-14.065843 83.90771 4.33430957 0.0 36.0
-13.103821 79.20417 4.07653658 2.0 35.0
-14.110996 81.39099 4.07653658 2.0 35.0
-14.110996 81.39099 4.07653659 1.0 36.0
-15.118172 83.57781 4.07653659 1.0 36.0
-15.118172 83.57781 4.07653660 0.0 37.0
-16.125347 85.76463 4.07653660 0.0 37.0
-16.125347 85.76463 4.07653661 0.0 38.0
-17.132523 87.951454 4.07653661 0.0 38.0
-3.571808 57.335945 2.062184362 12.0 25.0
-3.571808 59.743557 2.062184362 12.0 25.0
-3.571808 59.743557 2.062184363 11.0 26.0
-3.571808 62.15117 2.062184363 11.0 26.0
-3.571808 62.15117 2.062184364 10.0 27.0
-3.571808 64.558784 2.062184364 10.0 27.0
-3.571808 64.558784 2.062184365 9.0 28.0
-3.571808 66.9664 2.062184365 9.0 28.0
-3.571808 66.9664 2.062184366 4.0 29.0
-4.0182843 69.31817 2.319957366 4.0 29.0
-4.0182843 69.31817 2.319957367 3.0 30.0
-4.4647603 71.66994 2.577730267 3.0 30.0
-4.4647603 71.66994 2.577730268 0.0 31.0
-5.337 73.85676 3.081318168 0.0 31.0
-5.337 73.85676 3.081318169 0.0 32.0
-6.344176 76.04358 3.081318169 0.0 32.0
-4.4647603 71.66994 2.577730270 0.0 31.0
-4.4647603 74.07755 2.577730270 0.0 31.0
-4.4647603 74.07755 2.577730271 0.0 32.0
-4.4647603 76.48517 2.577730271 0.0 32.0
-4.4647603 71.66994 2.577730272 2.0 31.0
-4.9803066 74.021706 2.577730272 2.0 31.0
-4.9803066 74.021706 2.577730273 1.0 32.0
-5.4958525 76.373474 2.577730273 1.0 32.0
-5.4958525 76.373474 2.577730274 0.0 33.0
-6.0113983 78.72524 2.577730274 0.0 33.0
-6.0113983 78.72524 2.577730275 0.0 34.0
-6.526944 81.07701 2.577730275 0.0 34.0
-3.571808 66.9664 2.062184376 4.0 29.0
-3.125332 69.31817 1.804411376 4.0 29.0
-3.125332 69.31817 1.804411377 3.0 30.0
-2.6788561 71.66994 1.546638377 3.0 30.0
-2.6788561 71.66994 1.546638378 0.0 31.0
-2.6788561 74.07755 1.546638378 0.0 31.0
-2.6788561 74.07755 1.546638379 0.0 32.0
-2.6788561 76.48517 1.546638379 0.0 32.0
-2.6788561 71.66994 1.546638380 0.0 31.0
-1.8066163 73.85676 1.043050380 0.0 31.0
-1.8066163 73.85676 1.043050381 0.0 32.0
-0.7994405 76.04358 1.043050381 0.0 32.0
-2.6788561 71.66994 1.546638382 2.0 31.0
-2.16331 74.021706 1.546638382 2.0 31.0
-2.16331 74.021706 1.546638383 1.0 32.0
-1.647764 76.373474 1.546638383 1.0 32.0
-1.647764 76.373474 1.546638384 0.0 33.0
-1.1322179 78.72524 1.546638384 0.0 33.0
-1.1322179 78.72524 1.546638385 0.0 34.0
-0.6166718 81.07701 1.546638385 0.0 34.0
-3.571808 66.9664 2.062184386 8.0 29.0
-3.571808 69.374016 2.062184386 8.0 29.0
-3.571808 69.374016 2.062184387 7.0 30.0
-3.571808 71.78163 2.062184387 7.0 30.0
-3.571808 71.78163 2.062184388 6.0 31.0
-3.571808 74.18925 2.062184388 6.0 31.0
-3.571808 74.18925 2.062184389 5.0 32.0
-3.571808 76.59686 2.062184389 5.0 32.0
-3.571808 76.59686 2.062184390 4.0 33.0
-3.571808 79.00448 2.062184390 4.0 33.0
-3.571808 79.00448 2.062184391 3.0 34.0
-3.571808 81.412094 2.062184391 3.0 34.0
-3.571808 81.412094 2.062184392 0.0 35.0
-4.0182843 83.76386 2.319957392 0.0 35.0
-4.0182843 83.76386 2.319957393 0.0 36.0
-4.5338306 86.11563 2.319957393 0.0 36.0
-3.571808 81.412094 2.062184394 0.0 35.0
-3.125332 83.76386 1.804411394 0.0 35.0
-3.125332 83.76386 1.804411395 0.0 36.0
-2.609786 86.11563 1.804411395 0.0 36.0
-3.571808 81.412094 2.062184396 2.0 35.0
-3.571808 83.81971 2.062184396 2.0 35.0
-3.571808 83.81971 2.062184397 1.0 36.0
-3.571808 86.227325 2.062184397 1.0 36.0
-3.571808 86.227325 2.062184398 0.0 37.0
-3.571808 88.63494 2.062184398 0.0 37.0
-3.571808 88.63494 2.062184399 0.0 38.0
-3.571808 91.04256 2.062184399 0.0 38.0
-3.571808 57.335945 2.0621843100 20.0 25.0
-4.087354 59.687714 2.0621843100 20.0 25.0
-4.087354 59.687714 2.0621843101 19.0 26.0
-4.6029005 62.039482 2.0621843101 19.0 26.0
-4.6029005 62.039482 2.0621843102 18.0 27.0
-5.1184464 64.39125 2.0621843102 18.0 27.0
-5.1184464 64.39125 2.0621843103 17.0 28.0
-5.633992 66.74302 2.0621843103 17.0 28.0
-5.633992 66.74302 2.0621843104 16.0 29.0
-6.149538 69.09479 2.0621843104 16.0 29.0
-6.149538 69.09479 2.0621843105 15.0 30.0
-6.665084 71.446556 2.0621843105 15.0 30.0
-6.665084 71.446556 2.0621843106 14.0 31.0
-7.1806297 73.798325 2.0621843106 14.0 31.0
-7.1806297 73.798325 2.0621843107 13.0 32.0
-7.6961756 76.15009 2.0621843107 13.0 32.0
-7.6961756 76.15009 2.0621843108 12.0 33.0
-8.211721 78.50186 2.0621843108 12.0 33.0
-8.211721 78.50186 2.0621843109 11.0 34.0
-8.727267 80.85363 2.0621843109 11.0 34.0
-8.727267 80.85363 2.0621843110 10.0 35.0
-9.242813 83.2054 2.0621843110 10.0 35.0
-9.242813 83.2054 2.0621843111 9.0 36.0
-9.758359 85.55717 2.0621843111 9.0 36.0
-9.758359 85.55717 2.0621843112 4.0 37.0
-10.630599 87.74399 2.5657723112 4.0 37.0
-10.630599 87.74399 2.5657723113 3.0 38.0
-11.502839 89.93081 3.0693603113 3.0 38.0
-11.502839 89.93081 3.0693603114 0.0 39.0
-12.760379 91.85124 3.7954013114 0.0 39.0
-12.760379 91.85124 3.7954013115 0.0 40.0
-14.212461 93.771675 3.7954013115 0.0 40.0
-11.502839 89.93081 3.0693603116 0.0 39.0
-11.949315 92.28258 3.3271332116 0.0 39.0
-11.949315 92.28258 3.3271332117 0.0 40.0
-12.464861 94.634346 3.3271332117 0.0 40.0
-11.502839 89.93081 3.0693603118 2.0 39.0
-12.510015 92.11763 3.0693603118 2.0 39.0
-12.510015 92.11763 3.0693603119 1.0 40.0
-13.51719 94.30445 3.0693603119 1.0 40.0
-13.51719 94.30445 3.0693603120 0.0 41.0
-14.524365 96.49127 3.0693603120 0.0 41.0
-14.524365 96.49127 3.0693603121 0.0 42.0
-15.531541 98.67809 3.0693603121 0.0 42.0
-9.758359 85.55717 2.0621843122 4.0 37.0
-9.758359 87.96478 2.0621843122 4.0 37.0
-9.758359 87.96478 2.0621843123 3.0 38.0
-9.758359 90.3724 2.0621843123 3.0 38.0
-9.758359 90.3724 2.0621843124 0.0 39.0
-10.204835 92.72417 2.3199573124 0.0 39.0
-10.204835 92.72417 2.3199573125 0.0 40.0
-10.720381 95.075935 2.3199573125 0.0 40.0
-9.758359 90.3724 2.0621843126 0.0 39.0
-9.311883 92.72417 1.8044113126 0.0 39.0
-9.311883 92.72417 1.8044113127 0.0 40.0
-8.796337 95.075935 1.8044113127 0.0 40.0
-9.758359 90.3724 2.0621843128 2.0 39.0
-9.758359 92.780014 2.0621843128 2.0 39.0
-9.758359 92.780014 2.0621843129 1.0 40.0
-9.758359 95.18763 2.0621843129 1.0 40.0
-9.758359 95.18763 2.0621843130 0.0 41.0
-9.758359 97.595245 2.0621843130 0.0 41.0
-9.758359 97.595245 2.0621843131 0.0 42.0
-9.758359 100.00286 2.0621843131 0.0 42.0
-9.758359 85.55717 2.0621843132 8.0 37.0
-10.273905 87.908936 2.0621843132 8.0 37.0
-10.273905 87.908936 2.0621843133 7.0 38.0
-10.789451 90.260704 2.0621843133 7.0 38.0
-10.789451 90.260704 2.0621843134 6.0 39.0
-11.3049965 92.61247 2.0621843134 6.0 39.0
-11.3049965 92.61247 2.0621843135 5.0 40.0
-11.820542 94.96424 2.0621843135 5.0 40.0
-11.820542 94.96424 2.0621843136 4.0 41.0
-12.336088 97.31601 2.0621843136 4.0 41.0
-12.336088 97.31601 2.0621843137 3.0 42.0
-12.851634 99.66778 2.0621843137 3.0 42.0
-12.851634 99.66778 2.0621843138 0.0 43.0
-13.723874 101.8546 2.5657723138 0.0 43.0
-13.723874 101.8546 2.5657723139 0.0 44.0
-14.73105 104.04142 2.5657723139 0.0 44.0
-12.851634 99.66778 2.0621843140 0.0 43.0
-12.851634 102.07539 2.0621843140 0.0 43.0
-12.851634 102.07539 2.0621843141 0.0 44.0
-12.851634 104.48301 2.0621843141 0.0 44.0
-12.851634 99.66778 2.0621843142 2.0 43.0
-13.36718 102.01955 2.0621843142 2.0 43.0
-13.36718 102.01955 2.0621843143 1.0 44.0
-13.882726 104.371315 2.0621843143 1.0 44.0
-13.882726 104.371315 2.0621843144 0.0 45.0
-14.398272 106.72308 2.0621843144 0.0 45.0
-14.398272 106.72308 2.0621843145 0.0 46.0
-14.913817 109.07485 2.0621843145 0.0 46.0
0.0 38.521797 0.0146 28.0 17.0
0.446476 40.873566 -0.25777304146 28.0 17.0
0.446476 40.873566 -0.25777304147 27.0 18.0
0.892952 43.225334 -0.5155461147 27.0 18.0
0.892952 43.225334 -0.5155461148 26.0 19.0
1.3394281 45.577103 -0.7733191148 26.0 19.0
1.3394281 45.577103 -0.7733191149 25.0 20.0
1.785904 47.92887 -1.0310922149 25.0 20.0
1.785904 47.92887 -1.0310922150 24.0 21.0
2.2323802 50.28064 -1.2888652150 24.0 21.0
2.2323802 50.28064 -1.2888652151 23.0 22.0
2.6788561 52.63241 -1.5466383151 23.0 22.0
2.6788561 52.63241 -1.5466383152 22.0 23.0
3.125332 54.984177 -1.8044113152 22.0 23.0
3.125332 54.984177 -1.8044113153 21.0 24.0
3.571808 57.335945 -2.0621843153 21.0 24.0
3.571808 57.335945 -2.0621843154 12.0 25.0
3.571808 59.743557 -2.0621843154 12.0 25.0
3.571808 59.743557 -2.0621843155 11.0 26.0
3.571808 62.15117 -2.0621843155 11.0 26.0
3.571808 62.15117 -2.0621843156 10.0 27.0
3.571808 64.558784 -2.0621843156 10.0 27.0
3.571808 64.558784 -2.0621843157 9.0 28.0
3.571808 66.9664 -2.0621843157 9.0 28.0
3.571808 66.9664 -2.0621843158 4.0 29.0
3.125332 69.31817 -1.8044113158 4.0 29.0
3.125332 69.31817 -1.8044113159 3.0 30.0
2.6788561 71.66994 -1.5466383159 3.0 30.0
2.6788561 71.66994 -1.5466383160 0.0 31.0
1.8066163 73.85676 -1.0430503160 0.0 31.0
1.8066163 73.85676 -1.0430503161 0.0 32.0
0.7994405 76.04358 -1.0430503161 0.0 32.0
2.6788561 71.66994 -1.5466383162 0.0 31.0
2.6788561 74.07755 -1.5466383162 0.0 31.0
2.6788561 74.07755 -1.5466383163 0.0 32.0
2.6788561 76.48517 -1.5466383163 0.0 32.0
2.6788561 71.66994 -1.5466383164 2.0 31.0
2.16331 74.021706 -1.5466383164 2.0 31.0
2.16331 74.021706 -1.5466383165 1.0 32.0
1.647764 76.373474 -1.5466383165 1.0 32.0
1.647764 76.373474 -1.5466383166 0.0 33.0
1.1322179 78.72524 -1.5466383166 0.0 33.0
1.1322179 78.72524 -1.5466383167 0.0 34.0
0.6166718 81.07701 -1.5466383167 0.0 34.0
3.571808 66.9664 -2.0621843168 4.0 29.0
4.0182843 69.31817 -2.3199573168 4.0 29.0
4.0182843 69.31817 -2.3199573169 3.0 30.0
4.4647603 71.66994 -2.5777302169 3.0 30.0
4.4647603 71.66994 -2.5777302170 0.0 31.0
4.4647603 74.07755 -2.5777302170 0.0 31.0
4.4647603 74.07755 -2.5777302171 0.0 32.0
4.4647603 76.48517 -2.5777302171 0.0 32.0
4.4647603 71.66994 -2.5777302172 0.0 31.0
5.337 73.85676 -3.0813181172 0.0 31.0
5.337 73.85676 -3.0813181173 0.0 32.0
6.344176 76.04358 -3.0813181173 0.0 32.0
4.4647603 71.66994 -2.5777302174 2.0 31.0
4.9803066 74.021706 -2.5777302174 2.0 31.0
4.9803066 74.021706 -2.5777302175 1.0 32.0
5.4958525 76.373474 -2.5777302175 1.0 32.0
5.4958525 76.373474 -2.5777302176 0.0 33.0
6.0113983 78.72524 -2.5777302176 0.0 33.0
6.0113983 78.72524 -2.5777302177 0.0 34.0
6.526944 81.07701 -2.5777302177 0.0 34.0
3.571808 66.9664 -2.0621843178 8.0 29.0
3.571808 69.374016 -2.0621843178 8.0 29.0
3.571808 69.374016 -2.0621843179 7.0 30.0
3.571808 71.78163 -2.0621843179 7.0 30.0
3.571808 71.78163 -2.0621843180 6.0 31.0
3.571808 74.18925 -2.0621843180 6.0 31.0
3.571808 74.18925 -2.0621843181 5.0 32.0
3.571808 76.59686 -2.0621843181 5.0 32.0
3.571808 76.59686 -2.0621843182 4.0 33.0
3.571808 79.00448 -2.0621843182 4.0 33.0
3.571808 79.00448 -2.0621843183 3.0 34.0
3.571808 81.412094 -2.0621843183 3.0 34.0
3.571808 81.412094 -2.0621843184 0.0 35.0
3.125332 83.76386 -1.8044113184 0.0 35.0
3.125332 83.76386 -1.8044113185 0.0 36.0
2.609786 86.11563 -1.8044113185 0.0 36.0
3.571808 81.412094 -2.0621843186 0.0 35.0
4.0182843 83.76386 -2.3199573186 0.0 35.0
4.0182843 83.76386 -2.3199573187 0.0 36.0
4.5338306 86.11563 -2.3199573187 0.0 36.0
3.571808 81.412094 -2.0621843188 2.0 35.0
3.571808 83.81971 -2.0621843188 2.0 35.0
3.571808 83.81971 -2.0621843189 1.0 36.0
3.571808 86.227325 -2.0621843189 1.0 36.0
3.571808 86.227325 -2.0621843190 0.0 37.0
3.571808 88.63494 -2.0621843190 0.0 37.0
3.571808 88.63494 -2.0621843191 0.0 38.0
3.571808 91.04256 -2.0621843191 0.0 38.0
3.571808 57.335945 -2.0621843192 12.0 25.0
4.444048 59.52277 -2.5657723192 12.0 25.0
4.444048 59.52277 -2.5657723193 11.0 26.0
5.316288 61.709595 -3.0693603193 11.0 26.0
5.316288 61.709595 -3.0693603194 10.0 27.0
6.188528 63.89642 -3.5729482194 10.0 27.0
6.188528 63.89642 -3.5729482195 9.0 28.0
7.060768 66.083244 -4.076536195 9.0 28.0
7.060768 66.083244 -4.076536196 4.0 29.0
7.507244 68.43501 -4.334309196 4.0 29.0
7.507244 68.43501 -4.334309197 3.0 30.0
7.95372 70.78678 -4.592082197 3.0 30.0
7.95372 70.78678 -4.592082198 0.0 31.0
7.95372 73.1944 -4.592082198 0.0 31.0
7.95372 73.1944 -4.592082199 0.0 32.0
7.95372 75.60201 -4.592082199 0.0 32.0
7.95372 70.78678 -4.592082200 0.0 31.0
8.82596 72.9736 -5.0956697200 0.0 31.0
8.82596 72.9736 -5.0956697201 0.0 32.0
9.833136 75.16042 -5.0956697201 0.0 32.0
7.95372 70.78678 -4.592082202 2.0 31.0
8.469266 73.13855 -4.592082202 2.0 31.0
8.469266 73.13855 -4.592082203 1.0 32.0
8.984812 75.49032 -4.592082203 1.0 32.0
8.984812 75.49032 -4.592082204 0.0 33.0
9.500358 77.84209 -4.592082204 0.0 33.0
9.500358 77.84209 -4.592082205 0.0 34.0
10.015903 80.193855 -4.592082205 0.0 34.0
7.060768 66.083244 -4.076536206 4.0 29.0
8.318308 68.00368 -4.8025775206 4.0 29.0
8.318308 68.00368 -4.8025775207 3.0 30.0
9.575848 69.92411 -5.528619207 3.0 30.0
9.575848 69.92411 -5.528619208 0.0 31.0
10.448088 72.11093 -6.0322065208 0.0 31.0
10.448088 72.11093 -6.0322065209 0.0 32.0
11.455263 74.29775 -6.0322065209 0.0 32.0
9.575848 69.92411 -5.528619210 0.0 31.0
11.160351 71.48906 -6.443432210 0.0 31.0
11.160351 71.48906 -6.443432211 0.0 32.0
12.989977 73.05401 -6.443432211 0.0 32.0
9.575848 69.92411 -5.528619212 2.0 31.0
11.02793 71.84454 -5.528619212 2.0 31.0
11.02793 71.84454 -5.528619213 1.0 32.0
12.480013 73.76498 -5.528619213 1.0 32.0
12.480013 73.76498 -5.528619214 0.0 33.0
13.932096 75.68541 -5.528619214 0.0 33.0
13.932096 75.68541 -5.528619215 0.0 34.0
15.384178 77.60584 -5.528619215 0.0 34.0
7.060768 66.083244 -4.076536216 8.0 29.0
8.067944 68.270065 -4.076536216 8.0 29.0
8.067944 68.270065 -4.076536217 7.0 30.0
9.075119 70.45689 -4.076536217 7.0 30.0
9.075119 70.45689 -4.076536218 6.0 31.0
10.082294 72.64371 -4.076536218 6.0 31.0
10.082294 72.64371 -4.076536219 5.0 32.0
11.08947 74.83053 -4.076536219 5.0 32.0
11.08947 74.83053 -4.076536220 4.0 33.0
12.096645 77.01735 -4.076536220 4.0 33.0
12.096645 77.01735 -4.076536221 3.0 34.0
13.103821 79.20417 -4.076536221 3.0 34.0
13.103821 79.20417 -4.076536222 0.0 35.0
13.550297 81.55594 -4.334309222 0.0 35.0
13.550297 81.55594 -4.334309223 0.0 36.0
14.065843 83.90771 -4.334309223 0.0 36.0
13.103821 79.20417 -4.076536224 0.0 35.0
14.361361 81.1246 -4.8025775224 0.0 35.0
14.361361 81.1246 -4.8025775225 0.0 36.0
15.813443 83.04504 -4.8025775225 0.0 36.0
13.103821 79.20417 -4.076536226 2.0 35.0
14.110996 81.39099 -4.076536226 2.0 35.0
14.110996 81.39099 -4.076536227 1.0 36.0
15.118172 83.57781 -4.076536227 1.0 36.0
15.118172 83.57781 -4.076536228 0.0 37.0
16.125347 85.76463 -4.076536228 0.0 37.0
16.125347 85.76463 -4.076536229 0.0 38.0
17.132523 87.951454 -4.076536229 0.0 38.0
3.571808 57.335945 -2.0621843230 20.0 25.0
4.087354 59.687714 -2.0621843230 20.0 25.0
4.087354 59.687714 -2.0621843231 19.0 26.0
4.6029005 62.039482 -2.0621843231 19.0 26.0
4.6029005 62.039482 -2.0621843232 18.0 27.0
5.1184464 64.39125 -2.0621843232 18.0 27.0
5.1184464 64.39125 -2.0621843233 17.0 28.0
5.633992 66.74302 -2.0621843233 17.0 28.0
5.633992 66.74302 -2.0621843234 16.0 29.0
6.149538 69.09479 -2.0621843234 16.0 29.0
6.149538 69.09479 -2.0621843235 15.0 30.0
6.665084 71.446556 -2.0621843235 15.0 30.0
6.665084 71.446556 -2.0621843236 14.0 31.0
7.1806297 73.798325 -2.0621843236 14.0 31.0
7.1806297 73.798325 -2.0621843237 13.0 32.0
7.6961756 76.15009 -2.0621843237 13.0 32.0
7.6961756 76.15009 -2.0621843238 12.0 33.0
8.211721 78.50186 -2.0621843238 12.0 33.0
8.211721 78.50186 -2.0621843239 11.0 34.0
8.727267 80.85363 -2.0621843239 11.0 34.0
8.727267 80.85363 -2.0621843240 10.0 35.0
9.242813 83.2054 -2.0621843240 10.0 35.0
9.242813 83.2054 -2.0621843241 9.0 36.0
9.758359 85.55717 -2.0621843241 9.0 36.0
9.758359 85.55717 -2.0621843242 4.0 37.0
9.758359 87.96478 -2.0621843242 4.0 37.0
9.758359 87.96478 -2.0621843243 3.0 38.0
9.758359 90.3724 -2.0621843243 3.0 38.0
9.758359 90.3724 -2.0621843244 0.0 39.0
9.311883 92.72417 -1.8044113244 0.0 39.0
9.311883 92.72417 -1.8044113245 0.0 40.0
8.796337 95.075935 -1.8044113245 0.0 40.0
9.758359 90.3724 -2.0621843246 0.0 39.0
10.204835 92.72417 -2.3199573246 0.0 39.0
10.204835 92.72417 -2.3199573247 0.0 40.0
10.720381 95.075935 -2.3199573247 0.0 40.0
9.758359 90.3724 -2.0621843248 2.0 39.0
9.758359 92.780014 -2.0621843248 2.0 39.0
9.758359 92.780014 -2.0621843249 1.0 40.0
9.758359 95.18763 -2.0621843249 1.0 40.0
9.758359 95.18763 -2.0621843250 0.0 41.0
9.758359 97.595245 -2.0621843250 0.0 41.0
9.758359 97.595245 -2.0621843251 0.0 42.0
9.758359 100.00286 -2.0621843251 0.0 42.0
9.758359 85.55717 -2.0621843252 4.0 37.0
10.630599 87.74399 -2.5657723252 4.0 37.0
10.630599 87.74399 -2.5657723253 3.0 38.0
11.502839 89.93081 -3.0693603253 3.0 38.0
11.502839 89.93081 -3.0693603254 0.0 39.0
11.949315 92.28258 -3.3271332254 0.0 39.0
11.949315 92.28258 -3.3271332255 0.0 40.0
12.464861 94.634346 -3.3271332255 0.0 40.0
11.502839 89.93081 -3.0693603256 0.0 39.0
12.760379 91.85124 -3.7954013256 0.0 39.0
12.760379 91.85124 -3.7954013257 0.0 40.0
14.212461 93.771675 -3.7954013257 0.0 40.0
11.502839 89.93081 -3.0693603258 2.0 39.0
12.510015 92.11763 -3.0693603258 2.0 39.0
12.510015 92.11763 -3.0693603259 1.0 40.0
13.51719 94.30445 -3.0693603259 1.0 40.0
13.51719 94.30445 -3.0693603260 0.0 41.0
14.524365 96.49127 -3.0693603260 0.0 41.0
14.524365 96.49127 -3.0693603261 0.0 42.0
15.531541 98.67809 -3.0693603261 0.0 42.0
9.758359 85.55717 -2.0621843262 8.0 37.0
10.273905 87.908936 -2.0621843262 8.0 37.0
10.273905 87.908936 -2.0621843263 7.0 38.0
10.789451 90.260704 -2.0621843263 7.0 38.0
10.789451 90.260704 -2.0621843264 6.0 39.0
11.3049965 92.61247 -2.0621843264 6.0 39.0
11.3049965 92.61247 -2.0621843265 5.0 40.0
11.820542 94.96424 -2.0621843265 5.0 40.0
11.820542 94.96424 -2.0621843266 4.0 41.0
12.336088 97.31601 -2.0621843266 4.0 41.0
12.336088 97.31601 -2.0621843267 3.0 42.0
12.851634 99.66778 -2.0621843267 3.0 42.0
12.851634 99.66778 -2.0621843268 0.0 43.0
12.851634 102.07539 -2.0621843268 0.0 43.0
12.851634 102.07539 -2.0621843269 0.0 44.0
12.851634 104.48301 -2.0621843269 0.0 44.0
12.851634 99.66778 -2.0621843270 0.0 43.0
13.723874 101.8546 -2.5657723270 0.0 43.0
13.723874 101.8546 -2.5657723271 0.0 44.0
14.73105 104.04142 -2.5657723271 0.0 44.0
12.851634 99.66778 -2.0621843272 2.0 43.0
13.36718 102.01955 -2.0621843272 2.0 43.0
13.36718 102.01955 -2.0621843273 1.0 44.0
13.882726 104.371315 -2.0621843273 1.0 44.0
13.882726 104.371315 -2.0621843274 0.0 45.0
14.398272 106.72308 -2.0621843274 0.0 45.0
14.398272 106.72308 -2.0621843275 0.0 46.0
14.913817 109.07485 -2.0621843275 0.0 46.0
0.0 38.521797 0.0276 44.0 17.0
0.0 40.92941 0.0276 44.0 17.0
0.0 40.92941 0.0277 43.0 18.0
0.0 43.33702 0.0277 43.0 18.0
0.0 43.33702 0.0278 42.0 19.0
0.0 45.744633 0.0278 42.0 19.0
0.0 45.744633 0.0279 41.0 20.0
0.0 48.152245 0.0279 41.0 20.0
0.0 48.152245 0.0280 40.0 21.0
0.0 50.559856 0.0280 40.0 21.0
0.0 50.559856 0.0281 39.0 22.0
0.0 52.96747 0.0281 39.0 22.0
0.0 52.96747 0.0282 38.0 23.0
0.0 55.37508 0.0282 38.0 23.0
0.0 55.37508 0.0283 37.0 24.0
0.0 57.782692 0.0283 37.0 24.0
0.0 57.782692 0.0284 36.0 25.0
0.0 60.190304 0.0284 36.0 25.0
0.0 60.190304 0.0285 35.0 26.0
0.0 62.597916 0.0285 35.0 26.0
0.0 62.597916 0.0286 34.0 27.0
0.0 65.00553 0.0286 34.0 27.0
0.0 65.00553 0.0287 33.0 28.0
0.0 67.41315 0.0287 33.0 28.0
0.0 67.41315 0.0288 32.0 29.0
0.0 69.82076 0.0288 32.0 29.0
0.0 69.82076 0.0289 31.0 30.0
0.0 72.22838 0.0289 31.0 30.0
0.0 72.22838 0.0290 30.0 31.0
0.0 74.635994 0.0290 30.0 31.0
0.0 74.635994 0.0291 29.0 32.0
0.0 77.04361 0.0291 29.0 32.0
0.0 77.04361 0.0292 28.0 33.0
0.0 79.451225 0.0292 28.0 33.0
0.0 79.451225 0.0293 27.0 34.0
0.0 81.85884 0.0293 27.0 34.0
0.0 81.85884 0.0294 26.0 35.0
0.0 84.26646 0.0294 26.0 35.0
0.0 84.26646 0.0295 25.0 36.0
0.0 86.67407 0.0295 25.0 36.0
0.0 86.67407 0.0296 24.0 37.0
0.0 89.08169 0.0296 24.0 37.0
0.0 89.08169 0.0297 23.0 38.0
0.0 91.4893 0.0297 23.0 38.0
0.0 91.4893 0.0298 22.0 39.0
0.0 93.89692 0.0298 22.0 39.0
0.0 93.89692 0.0299 21.0 40.0
0.0 96.304535 0.0299 21.0 40.0
0.0 96.304535 0.0300 12.0 41.0
-0.446476 98.6563 0.25777304300 12.0 41.0
-0.446476 98.6563 0.25777304301 11.0 42.0
-0.892952 101.00807 0.5155461301 11.0 42.0
-0.892952 101.00807 0.5155461302 10.0 43.0
-1.3394281 103.35984 0.7733191302 10.0 43.0
-1.3394281 103.35984 0.7733191303 9.0 44.0
-1.785904 105.71161 1.0310922303 9.0 44.0
-1.785904 105.71161 1.0310922304 4.0 45.0
-2.658144 107.89843 1.5346801304 4.0 45.0
-2.658144 107.89843 1.5346801305 3.0 46.0
-3.5303838 110.08525 2.038268305 3.0 46.0
-3.5303838 110.08525 2.038268306 0.0 47.0
-4.787924 112.005684 2.7643092306 0.0 47.0
-4.787924 112.005684 2.7643092307 0.0 48.0
-6.240006 113.92612 2.7643092307 0.0 48.0
-3.5303838 110.08525 2.038268308 0.0 47.0
-3.9768598 112.43702 2.296041308 0.0 47.0
-3.9768598 112.43702 2.296041309 0.0 48.0
-4.492406 114.78879 2.296041309 0.0 48.0
-3.5303838 110.08525 2.038268310 2.0 47.0
-4.5375595 112.27207 2.038268310 2.0 47.0
-4.5375595 112.27207 2.038268311 1.0 48.0
-5.5447354 114.45889 2.038268311 1.0 48.0
-5.5447354 114.45889 2.038268312 0.0 49.0
-6.5519114 116.64571 2.038268312 0.0 49.0
-6.5519114 116.64571 2.038268313 0.0 50.0
-7.5590873 118.832535 2.038268313 0.0 50.0
-1.785904 105.71161 1.0310922314 4.0 45.0
-1.785904 108.119225 1.0310922314 4.0 45.0
-1.785904 108.119225 1.0310922315 3.0 46.0
-1.785904 110.52684 1.0310922315 3.0 46.0
-1.785904 110.52684 1.0310922316 0.0 47.0
-2.2323802 112.87861 1.2888652316 0.0 47.0
-2.2323802 112.87861 1.2888652317 0.0 48.0
-2.7479262 115.23038 1.2888652317 0.0 48.0
-1.785904 110.52684 1.0310922318 0.0 47.0
-1.3394281 112.87861 0.7733191318 0.0 47.0
-1.3394281 112.87861 0.7733191319 0.0 48.0
-0.823882 115.23038 0.7733191319 0.0 48.0
-1.785904 110.52684 1.0310922320 2.0 47.0
-1.785904 112.934456 1.0310922320 2.0 47.0
-1.785904 112.934456 1.0310922321 1.0 48.0
-1.785904 115.34207 1.0310922321 1.0 48.0
-1.785904 115.34207 1.0310922322 0.0 49.0
-1.785904 117.74969 1.0310922322 0.0 49.0
-1.785904 117.74969 1.0310922323 0.0 50.0
-1.785904 120.1573 1.0310922323 0.0 50.0
-1.785904 105.71161 1.0310922324 8.0 45.0
-2.3014503 108.06338 1.0310922324 8.0 45.0
-2.3014503 108.06338 1.0310922325 7.0 46.0
-2.8169963 110.415146 1.0310922325 7.0 46.0
-2.8169963 110.415146 1.0310922326 6.0 47.0
-3.3325424 112.766914 1.0310922326 6.0 47.0
-3.3325424 112.766914 1.0310922327 5.0 48.0
-3.8480885 115.11868 1.0310922327 5.0 48.0
-3.8480885 115.11868 1.0310922328 4.0 49.0
-4.3636346 117.47045 1.0310922328 4.0 49.0
-4.3636346 117.47045 1.0310922329 3.0 50.0
-4.879181 119.82222 1.0310922329 3.0 50.0
-4.879181 119.82222 1.0310922330 0.0 51.0
-5.751421 122.00904 1.5346801330 0.0 51.0
-5.751421 122.00904 1.5346801331 0.0 52.0
-6.758597 124.19586 1.5346801331 0.0 52.0
-4.879181 119.82222 1.0310922332 0.0 51.0
-4.879181 122.229836 1.0310922332 0.0 51.0
-4.879181 122.229836 1.0310922333 0.0 52.0
-4.879181 124.63745 1.0310922333 0.0 52.0
-4.879181 119.82222 1.0310922334 2.0 51.0
-5.3947268 122.17399 1.0310922334 2.0 51.0
-5.3947268 122.17399 1.0310922335 1.0 52.0
-5.9102726 124.52576 1.0310922335 1.0 52.0
-5.9102726 124.52576 1.0310922336 0.0 53.0
-6.4258184 126.877525 1.0310922336 0.0 53.0
-6.4258184 126.877525 1.0310922337 0.0 54.0
-6.9413643 129.2293 1.0310922337 0.0 54.0
0.0 96.304535 0.0338 12.0 41.0
0.446476 98.6563 -0.25777304338 12.0 41.0
0.446476 98.6563 -0.25777304339 11.0 42.0
0.892952 101.00807 -0.5155461339 11.0 42.0
0.892952 101.00807 -0.5155461340 10.0 43.0
1.3394281 103.35984 -0.7733191340 10.0 43.0
1.3394281 103.35984 -0.7733191341 9.0 44.0
1.785904 105.71161 -1.0310922341 9.0 44.0
1.785904 105.71161 -1.0310922342 4.0 45.0
1.785904 108.119225 -1.0310922342 4.0 45.0
1.785904 108.119225 -1.0310922343 3.0 46.0
1.785904 110.52684 -1.0310922343 3.0 46.0
1.785904 110.52684 -1.0310922344 0.0 47.0
1.3394281 112.87861 -0.7733191344 0.0 47.0
1.3394281 112.87861 -0.7733191345 0.0 48.0
0.823882 115.23038 -0.7733191345 0.0 48.0
1.785904 110.52684 -1.0310922346 0.0 47.0
2.2323802 112.87861 -1.2888652346 0.0 47.0
2.2323802 112.87861 -1.2888652347 0.0 48.0
2.7479262 115.23038 -1.2888652347 0.0 48.0
1.785904 110.52684 -1.0310922348 2.0 47.0
1.785904 112.934456 -1.0310922348 2.0 47.0
1.785904 112.934456 -1.0310922349 1.0 48.0
1.785904 115.34207 -1.0310922349 1.0 48.0
1.785904 115.34207 -1.0310922350 0.0 49.0
1.785904 117.74969 -1.0310922350 0.0 49.0
1.785904 117.74969 -1.0310922351 0.0 50.0
1.785904 120.1573 -1.0310922351 0.0 50.0
1.785904 105.71161 -1.0310922352 4.0 45.0
2.658144 107.89843 -1.5346801352 4.0 45.0
2.658144 107.89843 -1.5346801353 3.0 46.0
3.5303838 110.08525 -2.038268353 3.0 46.0
3.5303838 110.08525 -2.038268354 0.0 47.0
3.9768598 112.43702 -2.296041354 0.0 47.0
3.9768598 112.43702 -2.296041355 0.0 48.0
4.492406 114.78879 -2.296041355 0.0 48.0
3.5303838 110.08525 -2.038268356 0.0 47.0
4.787924 112.005684 -2.7643092356 0.0 47.0
4.787924 112.005684 -2.7643092357 0.0 48.0
6.240006 113.92612 -2.7643092357 0.0 48.0
3.5303838 110.08525 -2.038268358 2.0 47.0
4.5375595 112.27207 -2.038268358 2.0 47.0
4.5375595 112.27207 -2.038268359 1.0 48.0
5.5447354 114.45889 -2.038268359 1.0 48.0
5.5447354 114.45889 -2.038268360 0.0 49.0
6.5519114 116.64571 -2.038268360 0.0 49.0
6.5519114 116.64571 -2.038268361 0.0 50.0
7.5590873 118.832535 -2.038268361 0.0 50.0
1.785904 105.71161 -1.0310922362 8.0 45.0
2.3014503 108.06338 -1.0310922362 8.0 45.0
2.3014503 108.06338 -1.0310922363 7.0 46.0
2.8169963 110.415146 -1.0310922363 7.0 46.0
2.8169963 110.415146 -1.0310922364 6.0 47.0
3.3325424 112.766914 -1.0310922364 6.0 47.0
3.3325424 112.766914 -1.0310922365 5.0 48.0
3.8480885 115.11868 -1.0310922365 5.0 48.0
3.8480885 115.11868 -1.0310922366 4.0 49.0
4.3636346 117.47045 -1.0310922366 4.0 49.0
4.3636346 117.47045 -1.0310922367 3.0 50.0
4.879181 119.82222 -1.0310922367 3.0 50.0
4.879181 119.82222 -1.0310922368 0.0 51.0
4.879181 122.229836 -1.0310922368 0.0 51.0
4.879181 122.229836 -1.0310922369 0.0 52.0
4.879181 124.63745 -1.0310922369 0.0 52.0
4.879181 119.82222 -1.0310922370 0.0 51.0
5.751421 122.00904 -1.5346801370 0.0 51.0
5.751421 122.00904 -1.5346801371 0.0 52.0
6.758597 124.19586 -1.5346801371 0.0 52.0
4.879181 119.82222 -1.0310922372 2.0 51.0
5.3947268 122.17399 -1.0310922372 2.0 51.0
5.3947268 122.17399 -1.0310922373 1.0 52.0
5.9102726 124.52576 -1.0310922373 1.0 52.0
5.9102726 124.52576 -1.0310922374 0.0 53.0
6.4258184 126.877525 -1.0310922374 0.0 53.0
6.4258184 126.877525 -1.0310922375 0.0 54.0
6.9413643 129.2293 -1.0310922375 0.0 54.0
0.0 96.304535 0.0376 20.0 41.0
0.0 98.71215 0.0376 20.0 41.0
0.0 98.71215 0.0377 19.0 42.0
0.0 101.11977 0.0377 19.0 42.0
0.0 101.11977 0.0378 18.0 43.0
0.0 103.52738 0.0378 18.0 43.0
0.0 103.52738 0.0379 17.0 44.0
0.0 105.935 0.0379 17.0 44.0
0.0 105.935 0.0380 16.0 45.0
0.0 108.34261 0.0380 16.0 45.0
0.0 108.34261 0.0381 15.0 46.0
0.0 110.75023 0.0381 15.0 46.0
0.0 110.75023 0.0382 14.0 47.0
0.0 113.157845 0.0382 14.0 47.0
0.0 113.157845 0.0383 13.0 48.0
0.0 115.56546 0.0383 13.0 48.0
0.0 115.56546 0.0384 12.0 49.0
0.0 117.973076 0.0384 12.0 49.0
0.0 117.973076 0.0385 11.0 50.0
0.0 120.38069 0.0385 11.0 50.0
0.0 120.38069 0.0386 10.0 51.0
0.0 122.78831 0.0386 10.0 51.0
0.0 122.78831 0.0387 9.0 52.0
0.0 125.19592 0.0387 9.0 52.0
0.0 125.19592 0.0388 4.0 53.0
-0.446476 127.54769 0.25777304388 4.0 53.0
-0.446476 127.54769 0.25777304389 3.0 54.0
-0.892952 129.89946 0.5155461389 3.0 54.0
-0.892952 129.89946 0.5155461390 0.0 55.0
-1.7651918 132.08629 1.019134390 0.0 55.0
-1.7651918 132.08629 1.019134391 0.0 56.0
-2.7723675 134.27312 1.019134391 0.0 56.0
-0.892952 129.89946 0.5155461392 0.0 55.0
-0.892952 132.30707 0.5155461392 0.0 55.0
-0.892952 132.30707 0.5155461393 0.0 56.0
-0.892952 134.71468 0.5155461393 0.0 56.0
-0.892952 129.89946 0.5155461394 2.0 55.0
-1.408498 132.25122 0.5155461394 2.0 55.0
-1.408498 132.25122 0.5155461395 1.0 56.0
-1.9240441 134.60298 0.5155461395 1.0 56.0
-1.9240441 134.60298 0.5155461396 0.0 57.0
-2.4395902 136.95474 0.5155461396 0.0 57.0
-2.4395902 136.95474 0.5155461397 0.0 58.0
-2.9551363 139.3065 0.5155461397 0.0 58.0
0.0 125.19592 0.0398 4.0 53.0
0.446476 127.54769 -0.25777304398 4.0 53.0
0.446476 127.54769 -0.25777304399 3.0 54.0
0.892952 129.89946 -0.5155461399 3.0 54.0
0.892952 129.89946 -0.5155461400 0.0 55.0
0.892952 132.30707 -0.5155461400 0.0 55.0
0.892952 132.30707 -0.5155461401 0.0 56.0
0.892952 134.71468 -0.5155461401 0.0 56.0
0.892952 129.89946 -0.5155461402 0.0 55.0
1.7651918 132.08629 -1.019134402 0.0 55.0
1.7651918 132.08629 -1.019134403 0.0 56.0
2.7723675 134.27312 -1.019134403 0.0 56.0
0.892952 129.89946 -0.5155461404 2.0 55.0
1.408498 132.25122 -0.5155461404 2.0 55.0
1.408498 132.25122 -0.5155461405 1.0 56.0
1.9240441 134.60298 -0.5155461405 1.0 56.0
1.9240441 134.60298 -0.5155461406 0.0 57.0
2.4395902 136.95474 -0.5155461406 0.0 57.0
2.4395902 136.95474 -0.5155461407 0.0 58.0
2.9551363 139.3065 -0.5155461407 0.0 58.0
0.0 125.19592 0.0408 8.0 53.0
0.0 127.60354 0.0408 8.0 53.0
0.0 127.60354 0.0409 7.0 54.0
0.0 130.01115 0.0409 7.0 54.0
0.0 130.01115 0.0410 6.0 55.0
0.0 132.41876 0.0410 6.0 55.0
0.0 132.41876 0.0411 5.0 56.0
0.0 134.82637 0.0411 5.0 56.0
0.0 134.82637 0.0412 4.0 57.0
0.0 137.23398 0.0412 4.0 57.0
0.0 137.23398 0.0413 3.0 58.0
0.0 139.64159 0.0413 3.0 58.0
0.0 139.64159 0.0414 0.0 59.0
-0.446476 141.99335 0.25777304414 0.0 59.0
-0.446476 141.99335 0.25777304415 0.0 60.0
-0.96202207 144.34511 0.25777304415 0.0 60.0
0.0 139.64159 0.0416 0.0 59.0
0.446476 141.99335 -0.25777304416 0.0 59.0
0.446476 141.99335 -0.25777304417 0.0 60.0
0.96202207 144.34511 -0.25777304417 0.0 60.0
0.0 139.64159 0.0418 2.0 59.0
0.0 142.0492 0.0418 2.0 59.0
0.0 142.0492 0.0419 1.0 60.0
0.0 144.4568 0.0419 1.0 60.0
0.0 144.4568 0.0420 0.0 61.0
0.0 146.86441 0.0420 0.0 61.0
0.0 146.86441 0.0421 0.0 62.0
0.0 149.27202 0.0421 0.0 62.0
