0.0 0.0 0.00 60.0 1.0
0.0 2.919247 0.00 60.0 1.0
0.0 2.919247 0.01 59.0 2.0
0.0 5.838494 0.01 59.0 2.0
0.0 5.838494 0.02 58.0 3.0
0.0 8.757741 0.02 58.0 3.0
0.0 8.757741 0.03 57.0 4.0
0.0 11.676988 0.03 57.0 4.0
0.0 11.676988 0.04 56.0 5.0
0.0 14.596234 0.04 56.0 5.0
0.0 14.596234 0.05 55.0 6.0
0.0 17.515482 0.05 55.0 6.0
0.0 17.515482 0.06 54.0 7.0
0.0 20.434729 0.06 54.0 7.0
0.0 20.434729 0.07 53.0 8.0
0.0 23.353975 0.07 53.0 8.0
0.0 23.353975 0.08 52.0 9.0
0.0 26.273222 0.08 52.0 9.0
0.0 26.273222 0.09 51.0 10.0
0.0 29.192469 0.09 51.0 10.0
0.0 29.192469 0.010 50.0 11.0
0.0 32.111717 0.010 50.0 11.0
0.0 32.111717 0.011 49.0 12.0
0.0 35.030964 0.011 49.0 12.0
0.0 35.030964 0.012 48.0 13.0
0.0 37.95021 0.012 48.0 13.0
0.0 37.95021 0.013 47.0 14.0
0.0 40.869457 0.013 47.0 14.0
0.0 40.869457 0.014 46.0 15.0
0.0 43.788704 0.014 46.0 15.0
0.0 43.788704 0.015 45.0 16.0
0.0 46.70795 0.015 45.0 16.0
0.0 46.70795 0.016 28.0 17.0
-0.5657018 49.553177 0.3266080616 28.0 17.0
-0.5657018 49.553177 0.3266080617 27.0 18.0
-1.1314036 52.398403 0.653216117 27.0 18.0
-1.1314036 52.398403 0.653216118 26.0 19.0
-1.6971054 55.24363 0.979824218 26.0 19.0
-1.6971054 55.24363 0.979824219 25.0 20.0
-2.2628071 58.088856 1.306432219 25.0 20.0
-2.2628071 58.088856 1.306432220 24.0 21.0
-2.8285089 60.934082 1.633040320 24.0 21.0
-2.8285089 60.934082 1.633040321 23.0 22.0
-3.3942106 63.77931 1.959648421 23.0 22.0
-3.3942106 63.77931 1.959648422 22.0 23.0
-3.9599123 66.624535 2.286256322 22.0 23.0
-3.9599123 66.624535 2.286256323 21.0 24.0
-4.5256143 69.46976 2.612864523 21.0 24.0
-4.5256143 69.46976 2.612864524 12.0 25.0
-5.6283298 72.09667 3.249517724 12.0 25.0
-5.6283298 72.09667 3.249517725 11.0 26.0
-6.7310452 74.72359 3.886170925 11.0 26.0
-6.7310452 74.72359 3.886170926 10.0 27.0
-7.8337607 77.3505 4.52282426 10.0 27.0
-7.8337607 77.3505 4.52282427 9.0 28.0
-8.936476 79.97742 5.159476827 9.0 28.0
-8.936476 79.97742 5.159476828 4.0 29.0
-10.520284 82.25281 6.07388928 4.0 29.0
-10.520284 82.25281 6.07388929 3.0 30.0
-12.104092 84.5282 6.98830129 3.0 30.0
-12.104092 84.5282 6.98830130 0.0 31.0
-14.088674 86.33667 8.134130 0.0 31.0
-14.088674 86.33667 8.134131 0.0 32.0
-16.380272 88.14514 8.134131 0.0 32.0
-12.104092 84.5282 6.98830132 0.0 31.0
-13.206807 87.15511 7.62495432 0.0 31.0
-13.206807 87.15511 7.62495433 0.0 32.0
-14.480114 89.78203 7.62495433 0.0 32.0
-12.104092 84.5282 6.98830134 2.0 31.0
-13.932916 86.80359 6.98830134 2.0 31.0
-13.932916 86.80359 6.98830135 1.0 32.0
-15.76174 89.07898 6.98830135 1.0 32.0
-15.76174 89.07898 6.98830136 0.0 33.0
-17.590565 91.35437 6.98830136 0.0 33.0
-17.590565 91.35437 6.98830137 0.0 34.0
-19.419388 93.62976 6.98830137 0.0 34.0
-8.936476 79.97742 5.159476838 4.0 29.0
-9.502177 82.82264 5.48608538 4.0 29.0
-9.502177 82.82264 5.48608539 3.0 30.0
-10.067879 85.66786 5.81269339 3.0 30.0
-10.067879 85.66786 5.81269340 0.0 31.0
-11.170594 88.29478 6.44934640 0.0 31.0
-11.170594 88.29478 6.44934641 0.0 32.0
-12.4439 90.92169 6.44934641 0.0 32.0
-10.067879 85.66786 5.81269342 0.0 31.0
-10.067879 88.58711 5.81269342 0.0 31.0
-10.067879 88.58711 5.81269343 0.0 32.0
-10.067879 91.50636 5.81269343 0.0 32.0
-10.067879 85.66786 5.81269344 2.0 31.0
-10.721095 88.513084 5.81269344 2.0 31.0
-10.721095 88.513084 5.81269345 1.0 32.0
-11.374311 91.35831 5.81269345 1.0 32.0
-11.374311 91.35831 5.81269346 0.0 33.0
-12.027528 94.20353 5.81269346 0.0 33.0
-12.027528 94.20353 5.81269347 0.0 34.0
-12.680744 97.04875 5.81269347 0.0 34.0
-8.936476 79.97742 5.159476848 8.0 29.0
-10.209782 82.60433 5.159476848 8.0 29.0
-10.209782 82.60433 5.159476849 7.0 30.0
-11.483088 85.23125 5.159476849 7.0 30.0
-11.483088 85.23125 5.159476850 6.0 31.0
-12.756393 87.85816 5.159476850 6.0 31.0
-12.756393 87.85816 5.159476851 5.0 32.0
-14.029699 90.48508 5.159476851 5.0 32.0
-14.029699 90.48508 5.159476852 4.0 33.0
-15.303005 93.11199 5.159476852 4.0 33.0
-15.303005 93.11199 5.159476853 3.0 34.0
-16.576311 95.73891 5.159476853 3.0 34.0
-16.576311 95.73891 5.159476854 0.0 35.0
-18.16012 98.0143 6.07388954 0.0 35.0
-18.16012 98.0143 6.07388955 0.0 36.0
-19.988945 100.28969 6.07388955 0.0 36.0
-16.576311 95.73891 5.159476856 0.0 35.0
-17.142014 98.58413 5.48608556 0.0 35.0
-17.142014 98.58413 5.48608557 0.0 36.0
-17.795229 101.42935 5.48608557 0.0 36.0
-16.576311 95.73891 5.159476858 2.0 35.0
-17.849617 98.36582 5.159476858 2.0 35.0
-17.849617 98.36582 5.159476859 1.0 36.0
-19.122923 100.99274 5.159476859 1.0 36.0
-19.122923 100.99274 5.159476860 0.0 37.0
-20.396229 103.61965 5.159476860 0.0 37.0
-20.396229 103.61965 5.159476861 0.0 38.0
-21.669535 106.24657 5.159476861 0.0 38.0
-4.5256143 69.46976 2.612864562 12.0 25.0
-4.5256143 72.38901 2.612864562 12.0 25.0
-4.5256143 72.38901 2.612864563 11.0 26.0
-4.5256143 75.30826 2.612864563 11.0 26.0
-4.5256143 75.30826 2.612864564 10.0 27.0
-4.5256143 78.22751 2.612864564 10.0 27.0
-4.5256143 78.22751 2.612864565 9.0 28.0
-4.5256143 81.14676 2.612864565 9.0 28.0
-4.5256143 81.14676 2.612864566 4.0 29.0
-5.091316 83.99198 2.939472766 4.0 29.0
-5.091316 83.99198 2.939472767 3.0 30.0
-5.657018 86.837204 3.266080967 3.0 30.0
-5.657018 86.837204 3.266080968 0.0 31.0
-6.7597337 89.46412 3.90273468 0.0 31.0
-6.7597337 89.46412 3.90273469 0.0 32.0
-8.03304 92.091034 3.90273469 0.0 32.0
-5.657018 86.837204 3.266080970 0.0 31.0
-5.657018 89.756454 3.266080970 0.0 31.0
-5.657018 89.756454 3.266080971 0.0 32.0
-5.657018 92.675705 3.266080971 0.0 32.0
-5.657018 86.837204 3.266080972 2.0 31.0
-6.310234 89.68243 3.266080972 2.0 31.0
-6.310234 89.68243 3.266080973 1.0 32.0
-6.9634504 92.52765 3.266080973 1.0 32.0
-6.9634504 92.52765 3.266080974 0.0 33.0
-7.616667 95.37287 3.266080974 0.0 33.0
-7.616667 95.37287 3.266080975 0.0 34.0
-8.269883 98.218094 3.266080975 0.0 34.0
-4.5256143 81.14676 2.612864576 4.0 29.0
-3.9599125 83.99198 2.286256376 4.0 29.0
-3.9599125 83.99198 2.286256377 3.0 30.0
-3.3942108 86.837204 1.959648377 3.0 30.0
-3.3942108 86.837204 1.959648378 0.0 31.0
-3.3942108 89.756454 1.959648378 0.0 31.0
-3.3942108 89.756454 1.959648379 0.0 32.0
-3.3942108 92.675705 1.959648379 0.0 32.0
-3.3942108 86.837204 1.959648380 0.0 31.0
-2.2914953 89.46412 1.322995280 0.0 31.0
-2.2914953 89.46412 1.322995281 0.0 32.0
-1.0181891 92.091034 1.322995281 0.0 32.0
-3.3942108 86.837204 1.959648382 2.0 31.0
-2.7409947 89.68243 1.959648382 2.0 31.0
-2.7409947 89.68243 1.959648383 1.0 32.0
-2.0877786 92.52765 1.959648383 1.0 32.0
-2.0877786 92.52765 1.959648384 0.0 33.0
-1.4345624 95.37287 1.959648384 0.0 33.0
-1.4345624 95.37287 1.959648385 0.0 34.0
-0.7813463 98.218094 1.959648385 0.0 34.0
-4.5256143 81.14676 2.612864586 8.0 29.0
-4.5256143 84.06601 2.612864586 8.0 29.0
-4.5256143 84.06601 2.612864587 7.0 30.0
-4.5256143 86.98526 2.612864587 7.0 30.0
-4.5256143 86.98526 2.612864588 6.0 31.0
-4.5256143 89.90451 2.612864588 6.0 31.0
-4.5256143 89.90451 2.612864589 5.0 32.0
-4.5256143 92.82376 2.612864589 5.0 32.0
-4.5256143 92.82376 2.612864590 4.0 33.0
-4.5256143 95.74301 2.612864590 4.0 33.0
-4.5256143 95.74301 2.612864591 3.0 34.0
-4.5256143 98.66226 2.612864591 3.0 34.0
-4.5256143 98.66226 2.612864592 0.0 35.0
-5.091316 101.507484 2.939472792 0.0 35.0
-5.091316 101.507484 2.939472793 0.0 36.0
-5.7445326 104.35271 2.939472793 0.0 36.0
-4.5256143 98.66226 2.612864594 0.0 35.0
-3.9599125 101.507484 2.286256394 0.0 35.0
-3.9599125 101.507484 2.286256395 0.0 36.0
-3.3066964 104.35271 2.286256395 0.0 36.0
-4.5256143 98.66226 2.612864596 2.0 35.0
-4.5256143 101.58151 2.612864596 2.0 35.0
-4.5256143 101.58151 2.612864597 1.0 36.0
-4.5256143 104.50076 2.612864597 1.0 36.0
-4.5256143 104.50076 2.612864598 0.0 37.0
-4.5256143 107.42001 2.612864598 0.0 37.0
-4.5256143 107.42001 2.612864599 0.0 38.0
-4.5256143 110.339264 2.612864599 0.0 38.0
-4.5256143 69.46976 2.6128645100 20.0 25.0
-5.17883 72.31498 2.6128645100 20.0 25.0
-5.17883 72.31498 2.6128645101 19.0 26.0
-5.8320465 75.1602 2.6128645101 19.0 26.0
-5.8320465 75.1602 2.6128645102 18.0 27.0
-6.485263 78.005424 2.6128645102 18.0 27.0
-6.485263 78.005424 2.6128645103 17.0 28.0
-7.138479 80.85065 2.6128645103 17.0 28.0
-7.138479 80.85065 2.6128645104 16.0 29.0
-7.7916956 83.69587 2.6128645104 16.0 29.0
-7.7916956 83.69587 2.6128645105 15.0 30.0
-8.444912 86.54109 2.6128645105 15.0 30.0
-8.444912 86.54109 2.6128645106 14.0 31.0
-9.098128 89.386314 2.6128645106 14.0 31.0
-9.098128 89.386314 2.6128645107 13.0 32.0
-9.751345 92.23154 2.6128645107 13.0 32.0
-9.751345 92.23154 2.6128645108 12.0 33.0
-10.404561 95.07676 2.6128645108 12.0 33.0
-10.404561 95.07676 2.6128645109 11.0 34.0
-11.057777 97.92198 2.6128645109 11.0 34.0
-11.057777 97.92198 2.6128645110 10.0 35.0
-11.710994 100.767204 2.6128645110 10.0 35.0
-11.710994 100.767204 2.6128645111 9.0 36.0
-12.36421 103.61243 2.6128645111 9.0 36.0
-12.36421 103.61243 2.6128645112 4.0 37.0
-13.466926 106.23934 3.2495177112 4.0 37.0
-13.466926 106.23934 3.2495177113 3.0 38.0
-14.569641 108.86626 3.8861709113 3.0 38.0
-14.569641 108.86626 3.8861709114 0.0 39.0
-16.15345 111.14165 4.800583114 0.0 39.0
-16.15345 111.14165 4.800583115 0.0 40.0
-17.982273 113.41704 4.800583115 0.0 40.0
-14.569641 108.86626 3.8861709116 0.0 39.0
-15.135343 111.71148 4.212779116 0.0 39.0
-15.135343 111.71148 4.212779117 0.0 40.0
-15.788559 114.5567 4.212779117 0.0 40.0
-14.569641 108.86626 3.8861709118 2.0 39.0
-15.842947 111.49317 3.8861709118 2.0 39.0
-15.842947 111.49317 3.8861709119 1.0 40.0
-17.116253 114.12009 3.8861709119 1.0 40.0
-17.116253 114.12009 3.8861709120 0.0 41.0
-18.389559 116.747 3.8861709120 0.0 41.0
-18.389559 116.747 3.8861709121 0.0 42.0
-19.662865 119.37392 3.8861709121 0.0 42.0
-12.36421 103.61243 2.6128645122 4.0 37.0
-12.36421 106.53168 2.6128645122 4.0 37.0
-12.36421 106.53168 2.6128645123 3.0 38.0
-12.36421 109.45093 2.6128645123 3.0 38.0
-12.36421 109.45093 2.6128645124 0.0 39.0
-12.929912 112.29615 2.9394727124 0.0 39.0
-12.929912 112.29615 2.9394727125 0.0 40.0
-13.583128 115.14137 2.9394727125 0.0 40.0
-12.36421 109.45093 2.6128645126 0.0 39.0
-11.798509 112.29615 2.2862563126 0.0 39.0
-11.798509 112.29615 2.2862563127 0.0 40.0
-11.145292 115.14137 2.2862563127 0.0 40.0
-12.36421 109.45093 2.6128645128 2.0 39.0
-12.36421 112.37018 2.6128645128 2.0 39.0
-12.36421 112.37018 2.6128645129 1.0 40.0
-12.36421 115.28943 2.6128645129 1.0 40.0
-12.36421 115.28943 2.6128645130 0.0 41.0
-12.36421 118.20868 2.6128645130 0.0 41.0
-12.36421 118.20868 2.6128645131 0.0 42.0
-12.36421 121.12793 2.6128645131 0.0 42.0
-12.36421 103.61243 2.6128645132 8.0 37.0
-13.0174265 106.45765 2.6128645132 8.0 37.0
-13.0174265 106.45765 2.6128645133 7.0 38.0
-13.670643 109.30287 2.6128645133 7.0 38.0
-13.670643 109.30287 2.6128645134 6.0 39.0
-14.323859 112.148094 2.6128645134 6.0 39.0
-14.323859 112.148094 2.6128645135 5.0 40.0
-14.977076 114.99332 2.6128645135 5.0 40.0
-14.977076 114.99332 2.6128645136 4.0 41.0
-15.630292 117.83854 2.6128645136 4.0 41.0
-15.630292 117.83854 2.6128645137 3.0 42.0
-16.283508 120.68376 2.6128645137 3.0 42.0
-16.283508 120.68376 2.6128645138 0.0 43.0
-17.386223 123.31068 3.2495177138 0.0 43.0
-17.386223 123.31068 3.2495177139 0.0 44.0
-18.659529 125.93759 3.2495177139 0.0 44.0
-16.283508 120.68376 2.6128645140 0.0 43.0
-16.283508 123.60301 2.6128645140 0.0 43.0
-16.283508 123.60301 2.6128645141 0.0 44.0
-16.283508 126.52226 2.6128645141 0.0 44.0
-16.283508 120.68376 2.6128645142 2.0 43.0
-16.936724 123.528984 2.6128645142 2.0 43.0
-16.936724 123.528984 2.6128645143 1.0 44.0
-17.58994 126.37421 2.6128645143 1.0 44.0
-17.58994 126.37421 2.6128645144 0.0 45.0
-18.243155 129.21944 2.6128645144 0.0 45.0
-18.243155 129.21944 2.6128645145 0.0 46.0
-18.89637 132.06467 2.6128645145 0.0 46.0
0.0 46.70795 0.0146 28.0 17.0
0.5657018 49.553177 -0.32660806146 28.0 17.0
0.5657018 49.553177 -0.32660806147 27.0 18.0
1.1314036 52.398403 -0.6532161147 27.0 18.0
1.1314036 52.398403 -0.6532161148 26.0 19.0
1.6971054 55.24363 -0.9798242148 26.0 19.0
1.6971054 55.24363 -0.9798242149 25.0 20.0
2.2628071 58.088856 -1.3064322149 25.0 20.0
2.2628071 58.088856 -1.3064322150 24.0 21.0
2.8285089 60.934082 -1.6330403150 24.0 21.0
2.8285089 60.934082 -1.6330403151 23.0 22.0
3.3942106 63.77931 -1.9596484151 23.0 22.0
3.3942106 63.77931 -1.9596484152 22.0 23.0
3.9599123 66.624535 -2.2862563152 22.0 23.0
3.9599123 66.624535 -2.2862563153 21.0 24.0
4.5256143 69.46976 -2.6128645153 21.0 24.0
4.5256143 69.46976 -2.6128645154 12.0 25.0
4.5256143 72.38901 -2.6128645154 12.0 25.0
4.5256143 72.38901 -2.6128645155 11.0 26.0
4.5256143 75.30826 -2.6128645155 11.0 26.0
4.5256143 75.30826 -2.6128645156 10.0 27.0
4.5256143 78.22751 -2.6128645156 10.0 27.0
4.5256143 78.22751 -2.6128645157 9.0 28.0
4.5256143 81.14676 -2.6128645157 9.0 28.0
4.5256143 81.14676 -2.6128645158 4.0 29.0
3.9599125 83.99198 -2.2862563158 4.0 29.0
3.9599125 83.99198 -2.2862563159 3.0 30.0
3.3942108 86.837204 -1.9596483159 3.0 30.0
3.3942108 86.837204 -1.9596483160 0.0 31.0
2.2914953 89.46412 -1.3229952160 0.0 31.0
2.2914953 89.46412 -1.3229952161 0.0 32.0
1.0181891 92.091034 -1.3229952161 0.0 32.0
3.3942108 86.837204 -1.9596483162 0.0 31.0
3.3942108 89.756454 -1.9596483162 0.0 31.0
3.3942108 89.756454 -1.9596483163 0.0 32.0
3.3942108 92.675705 -1.9596483163 0.0 32.0
3.3942108 86.837204 -1.9596483164 2.0 31.0
2.7409947 89.68243 -1.9596483164 2.0 31.0
2.7409947 89.68243 -1.9596483165 1.0 32.0
2.0877786 92.52765 -1.9596483165 1.0 32.0
2.0877786 92.52765 -1.9596483166 0.0 33.0
1.4345624 95.37287 -1.9596483166 0.0 33.0
1.4345624 95.37287 -1.9596483167 0.0 34.0
0.7813463 98.218094 -1.9596483167 0.0 34.0
4.5256143 81.14676 -2.6128645168 4.0 29.0
5.091316 83.99198 -2.9394727168 4.0 29.0
5.091316 83.99198 -2.9394727169 3.0 30.0
5.657018 86.837204 -3.2660809169 3.0 30.0
5.657018 86.837204 -3.2660809170 0.0 31.0
5.657018 89.756454 -3.2660809170 0.0 31.0
5.657018 89.756454 -3.2660809171 0.0 32.0
5.657018 92.675705 -3.2660809171 0.0 32.0
5.657018 86.837204 -3.2660809172 0.0 31.0
6.7597337 89.46412 -3.902734172 0.0 31.0
6.7597337 89.46412 -3.902734173 0.0 32.0
8.03304 92.091034 -3.902734173 0.0 32.0
5.657018 86.837204 -3.2660809174 2.0 31.0
6.310234 89.68243 -3.2660809174 2.0 31.0
6.310234 89.68243 -3.2660809175 1.0 32.0
6.9634504 92.52765 -3.2660809175 1.0 32.0
6.9634504 92.52765 -3.2660809176 0.0 33.0
7.616667 95.37287 -3.2660809176 0.0 33.0
7.616667 95.37287 -3.2660809177 0.0 34.0
8.269883 98.218094 -3.2660809177 0.0 34.0
4.5256143 81.14676 -2.6128645178 8.0 29.0
4.5256143 84.06601 -2.6128645178 8.0 29.0
4.5256143 84.06601 -2.6128645179 7.0 30.0
4.5256143 86.98526 -2.6128645179 7.0 30.0
4.5256143 86.98526 -2.6128645180 6.0 31.0
4.5256143 89.90451 -2.6128645180 6.0 31.0
4.5256143 89.90451 -2.6128645181 5.0 32.0
4.5256143 92.82376 -2.6128645181 5.0 32.0
4.5256143 92.82376 -2.6128645182 4.0 33.0
4.5256143 95.74301 -2.6128645182 4.0 33.0
4.5256143 95.74301 -2.6128645183 3.0 34.0
4.5256143 98.66226 -2.6128645183 3.0 34.0
4.5256143 98.66226 -2.6128645184 0.0 35.0
3.9599125 101.507484 -2.2862563184 0.0 35.0
3.9599125 101.507484 -2.2862563185 0.0 36.0
3.3066964 104.35271 -2.2862563185 0.0 36.0
4.5256143 98.66226 -2.6128645186 0.0 35.0
5.091316 101.507484 -2.9394727186 0.0 35.0
5.091316 101.507484 -2.9394727187 0.0 36.0
5.7445326 104.35271 -2.9394727187 0.0 36.0
4.5256143 98.66226 -2.6128645188 2.0 35.0
4.5256143 101.58151 -2.6128645188 2.0 35.0
4.5256143 101.58151 -2.6128645189 1.0 36.0
4.5256143 104.50076 -2.6128645189 1.0 36.0
4.5256143 104.50076 -2.6128645190 0.0 37.0
4.5256143 107.42001 -2.6128645190 0.0 37.0
4.5256143 107.42001 -2.6128645191 0.0 38.0
4.5256143 110.339264 -2.6128645191 0.0 38.0
4.5256143 69.46976 -2.6128645192 12.0 25.0
5.6283298 72.09667 -3.2495177192 12.0 25.0
5.6283298 72.09667 -3.2495177193 11.0 26.0
6.7310452 74.72359 -3.8861709193 11.0 26.0
6.7310452 74.72359 -3.8861709194 10.0 27.0
7.8337607 77.3505 -4.522824194 10.0 27.0
7.8337607 77.3505 -4.522824195 9.0 28.0
8.936476 79.97742 -5.1594768195 9.0 28.0
8.936476 79.97742 -5.1594768196 4.0 29.0
9.502177 82.82264 -5.486085196 4.0 29.0
9.502177 82.82264 -5.486085197 3.0 30.0
10.067879 85.66786 -5.812693197 3.0 30.0
10.067879 85.66786 -5.812693198 0.0 31.0
10.067879 88.58711 -5.812693198 0.0 31.0
10.067879 88.58711 -5.812693199 0.0 32.0
10.067879 91.50636 -5.812693199 0.0 32.0
10.067879 85.66786 -5.812693200 0.0 31.0
11.170594 88.29478 -6.449346200 0.0 31.0
11.170594 88.29478 -6.449346201 0.0 32.0
12.4439 90.92169 -6.449346201 0.0 32.0
10.067879 85.66786 -5.812693202 2.0 31.0
10.721095 88.513084 -5.812693202 2.0 31.0
10.721095 88.513084 -5.812693203 1.0 32.0
11.374311 91.35831 -5.812693203 1.0 32.0
11.374311 91.35831 -5.812693204 0.0 33.0
12.027528 94.20353 -5.812693204 0.0 33.0
12.027528 94.20353 -5.812693205 0.0 34.0
12.680744 97.04875 -5.812693205 0.0 34.0
8.936476 79.97742 -5.1594768206 4.0 29.0
10.520284 82.25281 -6.073889206 4.0 29.0
10.520284 82.25281 -6.073889207 3.0 30.0
12.104092 84.5282 -6.988301207 3.0 30.0
12.104092 84.5282 -6.988301208 0.0 31.0
13.206807 87.15511 -7.624954208 0.0 31.0
13.206807 87.15511 -7.624954209 0.0 32.0
14.480114 89.78203 -7.624954209 0.0 32.0
12.104092 84.5282 -6.988301210 0.0 31.0
14.088674 86.33667 -8.1341210 0.0 31.0
14.088674 86.33667 -8.1341211 0.0 32.0
16.380272 88.14514 -8.1341211 0.0 32.0
12.104092 84.5282 -6.988301212 2.0 31.0
13.932916 86.80359 -6.988301212 2.0 31.0
13.932916 86.80359 -6.988301213 1.0 32.0
15.76174 89.07898 -6.988301213 1.0 32.0
15.76174 89.07898 -6.988301214 0.0 33.0
17.590565 91.35437 -6.988301214 0.0 33.0
17.590565 91.35437 -6.988301215 0.0 34.0
19.419388 93.62976 -6.988301215 0.0 34.0
8.936476 79.97742 -5.1594768216 8.0 29.0
10.209782 82.60433 -5.1594768216 8.0 29.0
10.209782 82.60433 -5.1594768217 7.0 30.0
11.483088 85.23125 -5.1594768217 7.0 30.0
11.483088 85.23125 -5.1594768218 6.0 31.0
12.756393 87.85816 -5.1594768218 6.0 31.0
12.756393 87.85816 -5.1594768219 5.0 32.0
14.029699 90.48508 -5.1594768219 5.0 32.0
14.029699 90.48508 -5.1594768220 4.0 33.0
15.303005 93.11199 -5.1594768220 4.0 33.0
15.303005 93.11199 -5.1594768221 3.0 34.0
16.576311 95.73891 -5.1594768221 3.0 34.0
16.576311 95.73891 -5.1594768222 0.0 35.0
17.142014 98.58413 -5.486085222 0.0 35.0
17.142014 98.58413 -5.486085223 0.0 36.0
17.795229 101.42935 -5.486085223 0.0 36.0
16.576311 95.73891 -5.1594768224 0.0 35.0
18.16012 98.0143 -6.073889224 0.0 35.0
18.16012 98.0143 -6.073889225 0.0 36.0
19.988945 100.28969 -6.073889225 0.0 36.0
16.576311 95.73891 -5.1594768226 2.0 35.0
17.849617 98.36582 -5.1594768226 2.0 35.0
17.849617 98.36582 -5.1594768227 1.0 36.0
19.122923 100.99274 -5.1594768227 1.0 36.0
19.122923 100.99274 -5.1594768228 0.0 37.0
20.396229 103.61965 -5.1594768228 0.0 37.0
20.396229 103.61965 -5.1594768229 0.0 38.0
21.669535 106.24657 -5.1594768229 0.0 38.0
4.5256143 69.46976 -2.6128645230 20.0 25.0
5.17883 72.31498 -2.6128645230 20.0 25.0
5.17883 72.31498 -2.6128645231 19.0 26.0
5.8320465 75.1602 -2.6128645231 19.0 26.0
5.8320465 75.1602 -2.6128645232 18.0 27.0
6.485263 78.005424 -2.6128645232 18.0 27.0
6.485263 78.005424 -2.6128645233 17.0 28.0
7.138479 80.85065 -2.6128645233 17.0 28.0
7.138479 80.85065 -2.6128645234 16.0 29.0
7.7916956 83.69587 -2.6128645234 16.0 29.0
7.7916956 83.69587 -2.6128645235 15.0 30.0
8.444912 86.54109 -2.6128645235 15.0 30.0
8.444912 86.54109 -2.6128645236 14.0 31.0
9.098128 89.386314 -2.6128645236 14.0 31.0
9.098128 89.386314 -2.6128645237 13.0 32.0
9.751345 92.23154 -2.6128645237 13.0 32.0
9.751345 92.23154 -2.6128645238 12.0 33.0
10.404561 95.07676 -2.6128645238 12.0 33.0
10.404561 95.07676 -2.6128645239 11.0 34.0
11.057777 97.92198 -2.6128645239 11.0 34.0
11.057777 97.92198 -2.6128645240 10.0 35.0
11.710994 100.767204 -2.6128645240 10.0 35.0
11.710994 100.767204 -2.6128645241 9.0 36.0
12.36421 103.61243 -2.6128645241 9.0 36.0
12.36421 103.61243 -2.6128645242 4.0 37.0
12.36421 106.53168 -2.6128645242 4.0 37.0
12.36421 106.53168 -2.6128645243 3.0 38.0
12.36421 109.45093 -2.6128645243 3.0 38.0
12.36421 109.45093 -2.6128645244 0.0 39.0
11.798509 112.29615 -2.2862563244 0.0 39.0
11.798509 112.29615 -2.2862563245 0.0 40.0
11.145292 115.14137 -2.2862563245 0.0 40.0
12.36421 109.45093 -2.6128645246 0.0 39.0
12.929912 112.29615 -2.9394727246 0.0 39.0
12.929912 112.29615 -2.9394727247 0.0 40.0
13.583128 115.14137 -2.9394727247 0.0 40.0
12.36421 109.45093 -2.6128645248 2.0 39.0
12.36421 112.37018 -2.6128645248 2.0 39.0
12.36421 112.37018 -2.6128645249 1.0 40.0
12.36421 115.28943 -2.6128645249 1.0 40.0
12.36421 115.28943 -2.6128645250 0.0 41.0
12.36421 118.20868 -2.6128645250 0.0 41.0
12.36421 118.20868 -2.6128645251 0.0 42.0
12.36421 121.12793 -2.6128645251 0.0 42.0
12.36421 103.61243 -2.6128645252 4.0 37.0
13.466926 106.23934 -3.2495177252 4.0 37.0
13.466926 106.23934 -3.2495177253 3.0 38.0
14.569641 108.86626 -3.8861709253 3.0 38.0
14.569641 108.86626 -3.8861709254 0.0 39.0
15.135343 111.71148 -4.212779254 0.0 39.0
15.135343 111.71148 -4.212779255 0.0 40.0
15.788559 114.5567 -4.212779255 0.0 40.0
14.569641 108.86626 -3.8861709256 0.0 39.0
16.15345 111.14165 -4.800583256 0.0 39.0
16.15345 111.14165 -4.800583257 0.0 40.0
17.982273 113.41704 -4.800583257 0.0 40.0
14.569641 108.86626 -3.8861709258 2.0 39.0
15.842947 111.49317 -3.8861709258 2.0 39.0
15.842947 111.49317 -3.8861709259 1.0 40.0
17.116253 114.12009 -3.8861709259 1.0 40.0
17.116253 114.12009 -3.8861709260 0.0 41.0
18.389559 116.747 -3.8861709260 0.0 41.0
18.389559 116.747 -3.8861709261 0.0 42.0
19.662865 119.37392 -3.8861709261 0.0 42.0
12.36421 103.61243 -2.6128645262 8.0 37.0
13.0174265 106.45765 -2.6128645262 8.0 37.0
13.0174265 106.45765 -2.6128645263 7.0 38.0
13.670643 109.30287 -2.6128645263 7.0 38.0
13.670643 109.30287 -2.6128645264 6.0 39.0
14.323859 112.148094 -2.6128645264 6.0 39.0
14.323859 112.148094 -2.6128645265 5.0 40.0
14.977076 114.99332 -2.6128645265 5.0 40.0
14.977076 114.99332 -2.6128645266 4.0 41.0
15.630292 117.83854 -2.6128645266 4.0 41.0
15.630292 117.83854 -2.6128645267 3.0 42.0
16.283508 120.68376 -2.6128645267 3.0 42.0
16.283508 120.68376 -2.6128645268 0.0 43.0
16.283508 123.60301 -2.6128645268 0.0 43.0
16.283508 123.60301 -2.6128645269 0.0 44.0
16.283508 126.52226 -2.6128645269 0.0 44.0
16.283508 120.68376 -2.6128645270 0.0 43.0
17.386223 123.31068 -3.2495177270 0.0 43.0
17.386223 123.31068 -3.2495177271 0.0 44.0
18.659529 125.93759 -3.2495177271 0.0 44.0
16.283508 120.68376 -2.6128645272 2.0 43.0
16.936724 123.528984 -2.6128645272 2.0 43.0
16.936724 123.528984 -2.6128645273 1.0 44.0
17.58994 126.37421 -2.6128645273 1.0 44.0
17.58994 126.37421 -2.6128645274 0.0 45.0
18.243155 129.21944 -2.6128645274 0.0 45.0
18.243155 129.21944 -2.6128645275 0.0 46.0
18.89637 132.06467 -2.6128645275 0.0 46.0
0.0 46.70795 0.0276 44.0 17.0
0.0 49.627197 0.0276 44.0 17.0
0.0 49.627197 0.0277 43.0 18.0
0.0 52.546444 0.0277 43.0 18.0
0.0 52.546444 0.0278 42.0 19.0
0.0 55.46569 0.0278 42.0 19.0
0.0 55.46569 0.0279 41.0 20.0
0.0 58.384937 0.0279 41.0 20.0
0.0 58.384937 0.0280 40.0 21.0
0.0 61.304184 0.0280 40.0 21.0
0.0 61.304184 0.0281 39.0 22.0
0.0 64.223434 0.0281 39.0 22.0
0.0 64.223434 0.0282 38.0 23.0
0.0 67.142685 0.0282 38.0 23.0
0.0 67.142685 0.0283 37.0 24.0
0.0 70.061935 0.0283 37.0 24.0
0.0 70.061935 0.0284 36.0 25.0
0.0 72.981186 0.0284 36.0 25.0
0.0 72.981186 0.0285 35.0 26.0
0.0 75.90044 0.0285 35.0 26.0
0.0 75.90044 0.0286 34.0 27.0
0.0 78.81969 0.0286 34.0 27.0
0.0 78.81969 0.0287 33.0 28.0
0.0 81.73894 0.0287 33.0 28.0
0.0 81.73894 0.0288 32.0 29.0
0.0 84.65819 0.0288 32.0 29.0
0.0 84.65819 0.0289 31.0 30.0
0.0 87.57744 0.0289 31.0 30.0
0.0 87.57744 0.0290 30.0 31.0
0.0 90.49669 0.0290 30.0 31.0
0.0 90.49669 0.0291 29.0 32.0
0.0 93.41594 0.0291 29.0 32.0
0.0 93.41594 0.0292 28.0 33.0
0.0 96.33519 0.0292 28.0 33.0
0.0 96.33519 0.0293 27.0 34.0
0.0 99.25444 0.0293 27.0 34.0
0.0 99.25444 0.0294 26.0 35.0
0.0 102.17369 0.0294 26.0 35.0
0.0 102.17369 0.0295 25.0 36.0
0.0 105.09294 0.0295 25.0 36.0
0.0 105.09294 0.0296 24.0 37.0
0.0 108.01219 0.0296 24.0 37.0
0.0 108.01219 0.0297 23.0 38.0
0.0 110.93144 0.0297 23.0 38.0
0.0 110.93144 0.0298 22.0 39.0
0.0 113.85069 0.0298 22.0 39.0
0.0 113.85069 0.0299 21.0 40.0
0.0 116.76994 0.0299 21.0 40.0
0.0 116.76994 0.0300 12.0 41.0
-0.5657018 119.615166 0.32660806300 12.0 41.0
-0.5657018 119.615166 0.32660806301 11.0 42.0
-1.1314036 122.46039 0.6532161301 11.0 42.0
-1.1314036 122.46039 0.6532161302 10.0 43.0
-1.6971054 125.30561 0.9798242302 10.0 43.0
-1.6971054 125.30561 0.9798242303 9.0 44.0
-2.2628071 128.15083 1.3064322303 9.0 44.0
-2.2628071 128.15083 1.3064322304 4.0 45.0
-3.3655226 130.77776 1.9430854304 4.0 45.0
-3.3655226 130.77776 1.9430854305 3.0 46.0
-4.468238 133.40468 2.5797386305 3.0 46.0
-4.468238 133.40468 2.5797386306 0.0 47.0
-6.052046 135.68007 3.4941506306 0.0 47.0
-6.052046 135.68007 3.4941506307 0.0 48.0
-7.88087 137.95546 3.4941506307 0.0 48.0
-4.468238 133.40468 2.5797386308 0.0 47.0
-5.03394 136.24991 2.9063468308 0.0 47.0
-5.03394 136.24991 2.9063468309 0.0 48.0
-5.6871557 139.09514 2.9063468309 0.0 48.0
-4.468238 133.40468 2.5797386310 2.0 47.0
-5.7415442 136.0316 2.5797386310 2.0 47.0
-5.7415442 136.0316 2.5797386311 1.0 48.0
-7.0148506 138.65852 2.5797386311 1.0 48.0
-7.0148506 138.65852 2.5797386312 0.0 49.0
-8.2881565 141.28545 2.5797386312 0.0 49.0
-8.2881565 141.28545 2.5797386313 0.0 50.0
-9.561462 143.91237 2.5797386313 0.0 50.0
-2.2628071 128.15083 1.3064322314 4.0 45.0
-2.2628071 131.07008 1.3064322314 4.0 45.0
-2.2628071 131.07008 1.3064322315 3.0 46.0
-2.2628071 133.98933 1.3064322315 3.0 46.0
-2.2628071 133.98933 1.3064322316 0.0 47.0
-2.8285089 136.83456 1.6330403316 0.0 47.0
-2.8285089 136.83456 1.6330403317 0.0 48.0
-3.481725 139.6798 1.6330403317 0.0 48.0
-2.2628071 133.98933 1.3064322318 0.0 47.0
-1.6971054 136.83456 0.9798242318 0.0 47.0
-1.6971054 136.83456 0.9798242319 0.0 48.0
-1.0438893 139.6798 0.9798242319 0.0 48.0
-2.2628071 133.98933 1.3064322320 2.0 47.0
-2.2628071 136.90858 1.3064322320 2.0 47.0
-2.2628071 136.90858 1.3064322321 1.0 48.0
-2.2628071 139.82784 1.3064322321 1.0 48.0
-2.2628071 139.82784 1.3064322322 0.0 49.0
-2.2628071 142.74709 1.3064322322 0.0 49.0
-2.2628071 142.74709 1.3064322323 0.0 50.0
-2.2628071 145.66634 1.3064322323 0.0 50.0
-2.2628071 128.15083 1.3064322324 8.0 45.0
-2.9160233 130.99606 1.3064322324 8.0 45.0
-2.9160233 130.99606 1.3064322325 7.0 46.0
-3.5692394 133.8413 1.3064322325 7.0 46.0
-3.5692394 133.8413 1.3064322326 6.0 47.0
-4.2224555 136.68652 1.3064322326 6.0 47.0
-4.2224555 136.68652 1.3064322327 5.0 48.0
-4.8756714 139.53175 1.3064322327 5.0 48.0
-4.8756714 139.53175 1.3064322328 4.0 49.0
-5.5288877 142.37698 1.3064322328 4.0 49.0
-5.5288877 142.37698 1.3064322329 3.0 50.0
-6.182104 145.22221 1.3064322329 3.0 50.0
-6.182104 145.22221 1.3064322330 0.0 51.0
-7.2848196 147.84914 1.9430854330 0.0 51.0
-7.2848196 147.84914 1.9430854331 0.0 52.0
-8.5581255 150.47606 1.9430854331 0.0 52.0
-6.182104 145.22221 1.3064322332 0.0 51.0
-6.182104 148.14146 1.3064322332 0.0 51.0
-6.182104 148.14146 1.3064322333 0.0 52.0
-6.182104 151.06071 1.3064322333 0.0 52.0
-6.182104 145.22221 1.3064322334 2.0 51.0
-6.8353205 148.06744 1.3064322334 2.0 51.0
-6.8353205 148.06744 1.3064322335 1.0 52.0
-7.488537 150.91267 1.3064322335 1.0 52.0
-7.488537 150.91267 1.3064322336 0.0 53.0
-8.141753 153.7579 1.3064322336 0.0 53.0
-8.141753 153.7579 1.3064322337 0.0 54.0
-8.79497 156.60313 1.3064322337 0.0 54.0
0.0 116.76994 0.0338 12.0 41.0
0.5657018 119.615166 -0.32660806338 12.0 41.0
0.5657018 119.615166 -0.32660806339 11.0 42.0
1.1314036 122.46039 -0.6532161339 11.0 42.0
1.1314036 122.46039 -0.6532161340 10.0 43.0
1.6971054 125.30561 -0.9798242340 10.0 43.0
1.6971054 125.30561 -0.9798242341 9.0 44.0
2.2628071 128.15083 -1.3064322341 9.0 44.0
2.2628071 128.15083 -1.3064322342 4.0 45.0
2.2628071 131.07008 -1.3064322342 4.0 45.0
2.2628071 131.07008 -1.3064322343 3.0 46.0
2.2628071 133.98933 -1.3064322343 3.0 46.0
2.2628071 133.98933 -1.3064322344 0.0 47.0
1.6971054 136.83456 -0.9798242344 0.0 47.0
1.6971054 136.83456 -0.9798242345 0.0 48.0
1.0438893 139.6798 -0.9798242345 0.0 48.0
2.2628071 133.98933 -1.3064322346 0.0 47.0
2.8285089 136.83456 -1.6330403346 0.0 47.0
2.8285089 136.83456 -1.6330403347 0.0 48.0
3.481725 139.6798 -1.6330403347 0.0 48.0
2.2628071 133.98933 -1.3064322348 2.0 47.0
2.2628071 136.90858 -1.3064322348 2.0 47.0
2.2628071 136.90858 -1.3064322349 1.0 48.0
2.2628071 139.82784 -1.3064322349 1.0 48.0
2.2628071 139.82784 -1.3064322350 0.0 49.0
2.2628071 142.74709 -1.3064322350 0.0 49.0
2.2628071 142.74709 -1.3064322351 0.0 50.0
2.2628071 145.66634 -1.3064322351 0.0 50.0
2.2628071 128.15083 -1.3064322352 4.0 45.0
3.3655226 130.77776 -1.9430854352 4.0 45.0
3.3655226 130.77776 -1.9430854353 3.0 46.0
4.468238 133.40468 -2.5797386353 3.0 46.0
4.468238 133.40468 -2.5797386354 0.0 47.0
5.03394 136.24991 -2.9063468354 0.0 47.0
5.03394 136.24991 -2.9063468355 0.0 48.0
5.6871557 139.09514 -2.9063468355 0.0 48.0
4.468238 133.40468 -2.5797386356 0.0 47.0
6.052046 135.68007 -3.4941506356 0.0 47.0
6.052046 135.68007 -3.4941506357 0.0 48.0
7.88087 137.95546 -3.4941506357 0.0 48.0
4.468238 133.40468 -2.5797386358 2.0 47.0
5.7415442 136.0316 -2.5797386358 2.0 47.0
5.7415442 136.0316 -2.5797386359 1.0 48.0
7.0148506 138.65852 -2.5797386359 1.0 48.0
7.0148506 138.65852 -2.5797386360 0.0 49.0
8.2881565 141.28545 -2.5797386360 0.0 49.0
8.2881565 141.28545 -2.5797386361 0.0 50.0
9.561462 143.91237 -2.5797386361 0.0 50.0
2.2628071 128.15083 -1.3064322362 8.0 45.0
2.9160233 130.99606 -1.3064322362 8.0 45.0
2.9160233 130.99606 -1.3064322363 7.0 46.0
3.5692394 133.8413 -1.3064322363 7.0 46.0
3.5692394 133.8413 -1.3064322364 6.0 47.0
4.2224555 136.68652 -1.3064322364 6.0 47.0
4.2224555 136.68652 -1.3064322365 5.0 48.0
4.8756714 139.53175 -1.3064322365 5.0 48.0
4.8756714 139.53175 -1.3064322366 4.0 49.0
5.5288877 142.37698 -1.3064322366 4.0 49.0
5.5288877 142.37698 -1.3064322367 3.0 50.0
6.182104 145.22221 -1.3064322367 3.0 50.0
6.182104 145.22221 -1.3064322368 0.0 51.0
6.182104 148.14146 -1.3064322368 0.0 51.0
6.182104 148.14146 -1.3064322369 0.0 52.0
6.182104 151.06071 -1.3064322369 0.0 52.0
6.182104 145.22221 -1.3064322370 0.0 51.0
7.2848196 147.84914 -1.9430854370 0.0 51.0
7.2848196 147.84914 -1.9430854371 0.0 52.0
8.5581255 150.47606 -1.9430854371 0.0 52.0
6.182104 145.22221 -1.3064322372 2.0 51.0
6.8353205 148.06744 -1.3064322372 2.0 51.0
6.8353205 148.06744 -1.3064322373 1.0 52.0
7.488537 150.91267 -1.3064322373 1.0 52.0
7.488537 150.91267 -1.3064322374 0.0 53.0
8.141753 153.7579 -1.3064322374 0.0 53.0
8.141753 153.7579 -1.3064322375 0.0 54.0
8.79497 156.60313 -1.3064322375 0.0 54.0
0.0 116.76994 0.0376 20.0 41.0
0.0 119.68919 0.0376 20.0 41.0
0.0 119.68919 0.0377 19.0 42.0
0.0 122.608444 0.0377 19.0 42.0
0.0 122.608444 0.0378 18.0 43.0
0.0 125.527695 0.0378 18.0 43.0
0.0 125.527695 0.0379 17.0 44.0
0.0 128.44695 0.0379 17.0 44.0
0.0 128.44695 0.0380 16.0 45.0
0.0 131.3662 0.0380 16.0 45.0
0.0 131.3662 0.0381 15.0 46.0
0.0 134.28545 0.0381 15.0 46.0
0.0 134.28545 0.0382 14.0 47.0
0.0 137.2047 0.0382 14.0 47.0
0.0 137.2047 0.0383 13.0 48.0
0.0 140.12395 0.0383 13.0 48.0
0.0 140.12395 0.0384 12.0 49.0
0.0 143.0432 0.0384 12.0 49.0
0.0 143.0432 0.0385 11.0 50.0
0.0 145.96245 0.0385 11.0 50.0
0.0 145.96245 0.0386 10.0 51.0
0.0 148.8817 0.0386 10.0 51.0
0.0 148.8817 0.0387 9.0 52.0
0.0 151.80095 0.0387 9.0 52.0
0.0 151.80095 0.0388 4.0 53.0
-0.5657018 154.64618 0.32660806388 4.0 53.0
-0.5657018 154.64618 0.32660806389 3.0 54.0
-1.1314036 157.49141 0.6532161389 3.0 54.0
-1.1314036 157.49141 0.6532161390 0.0 55.0
-2.234119 160.11833 1.2898693390 0.0 55.0
-2.234119 160.11833 1.2898693391 0.0 56.0
-3.5074253 162.74525 1.2898693391 0.0 56.0
-1.1314036 157.49141 0.6532161392 0.0 55.0
-1.1314036 160.41066 0.6532161392 0.0 55.0
-1.1314036 160.41066 0.6532161393 0.0 56.0
-1.1314036 163.32991 0.6532161393 0.0 56.0
-1.1314036 157.49141 0.6532161394 2.0 55.0
-1.7846197 160.33664 0.6532161394 2.0 55.0
-1.7846197 160.33664 0.6532161395 1.0 56.0
-2.4378357 163.18187 0.6532161395 1.0 56.0
-2.4378357 163.18187 0.6532161396 0.0 57.0
-3.0910518 166.0271 0.6532161396 0.0 57.0
-3.0910518 166.0271 0.6532161397 0.0 58.0
-3.744268 168.87233 0.6532161397 0.0 58.0
0.0 151.80095 0.0398 4.0 53.0
0.5657018 154.64618 -0.32660806398 4.0 53.0
0.5657018 154.64618 -0.32660806399 3.0 54.0
1.1314036 157.49141 -0.6532161399 3.0 54.0
1.1314036 157.49141 -0.6532161400 0.0 55.0
1.1314036 160.41066 -0.6532161400 0.0 55.0
1.1314036 160.41066 -0.6532161401 0.0 56.0
1.1314036 163.32991 -0.6532161401 0.0 56.0
1.1314036 157.49141 -0.6532161402 0.0 55.0
2.234119 160.11833 -1.2898693402 0.0 55.0
2.234119 160.11833 -1.2898693403 0.0 56.0
3.5074253 162.74525 -1.2898693403 0.0 56.0
1.1314036 157.49141 -0.6532161404 2.0 55.0
1.7846197 160.33664 -0.6532161404 2.0 55.0
1.7846197 160.33664 -0.6532161405 1.0 56.0
2.4378357 163.18187 -0.6532161405 1.0 56.0
2.4378357 163.18187 -0.6532161406 0.0 57.0
3.0910518 166.0271 -0.6532161406 0.0 57.0
3.0910518 166.0271 -0.6532161407 0.0 58.0
3.744268 168.87233 -0.6532161407 0.0 58.0
0.0 151.80095 0.0408 8.0 53.0
0.0 154.7202 0.0408 8.0 53.0
0.0 154.7202 0.0409 7.0 54.0
0.0 157.63945 0.0409 7.0 54.0
0.0 157.63945 0.0410 6.0 55.0
0.0 160.5587 0.0410 6.0 55.0
0.0 160.5587 0.0411 5.0 56.0
0.0 163.47795 0.0411 5.0 56.0
0.0 163.47795 0.0412 4.0 57.0
0.0 166.3972 0.0412 4.0 57.0
0.0 166.3972 0.0413 3.0 58.0
0.0 169.31645 0.0413 3.0 58.0
0.0 169.31645 0.0414 0.0 59.0
-0.5657018 172.16168 0.32660806414 0.0 59.0
-0.5657018 172.16168 0.32660806415 0.0 60.0
-1.2189178 175.00691 0.32660806415 0.0 60.0
0.0 169.31645 0.0416 0.0 59.0
0.5657018 172.16168 -0.32660806416 0.0 59.0
0.5657018 172.16168 -0.32660806417 0.0 60.0
1.2189178 175.00691 -0.32660806417 0.0 60.0
0.0 169.31645 0.0418 2.0 59.0
0.0 172.2357 0.0418 2.0 59.0
0.0 172.2357 0.0419 1.0 60.0
0.0 175.15495 0.0419 1.0 60.0
0.0 175.15495 0.0420 0.0 61.0
0.0 178.0742 0.0420 0.0 61.0
0.0 178.0742 0.0421 0.0 62.0
0.0 180.99345 0.0421 0.0 62.0
