0.0 0.0 0.00 60.0 1.0
0.0 1.6821964 0.00 60.0 1.0
0.0 1.6821964 0.01 59.0 2.0
0.0 3.3643928 0.01 59.0 2.0
0.0 3.3643928 0.02 58.0 3.0
0.0 5.046589 0.02 58.0 3.0
0.0 5.046589 0.03 57.0 4.0
0.0 6.7287855 0.03 57.0 4.0
0.0 6.7287855 0.04 56.0 5.0
0.0 8.410982 0.04 56.0 5.0
0.0 8.410982 0.05 55.0 6.0
0.0 10.093179 0.05 55.0 6.0
0.0 10.093179 0.06 54.0 7.0
0.0 11.775375 0.06 54.0 7.0
0.0 11.775375 0.07 53.0 8.0
0.0 13.457572 0.07 53.0 8.0
0.0 13.457572 0.08 52.0 9.0
0.0 15.139769 0.08 52.0 9.0
0.0 15.139769 0.09 51.0 10.0
0.0 16.821964 0.09 51.0 10.0
0.0 16.821964 0.010 50.0 11.0
0.0 18.50416 0.010 50.0 11.0
0.0 18.50416 0.011 49.0 12.0
0.0 20.186356 0.011 49.0 12.0
0.0 20.186356 0.012 48.0 13.0
0.0 21.868551 0.012 48.0 13.0
0.0 21.868551 0.013 47.0 14.0
0.0 23.550747 0.013 47.0 14.0
0.0 23.550747 0.014 46.0 15.0
0.0 25.232943 0.014 46.0 15.0
0.0 25.232943 0.015 45.0 16.0
0.0 26.915138 0.015 45.0 16.0
0.0 26.915138 0.016 28.0 17.0
1.0957792 28.023655 -0.632648416 28.0 17.0
1.0957792 28.023655 -0.632648417 27.0 18.0
2.1915584 29.132172 -1.265296817 27.0 18.0
2.1915584 29.132172 -1.265296818 26.0 19.0
3.2873375 30.240688 -1.897945218 26.0 19.0
3.2873375 30.240688 -1.897945219 25.0 20.0
4.3831167 31.349205 -2.530593619 25.0 20.0
4.3831167 31.349205 -2.530593620 24.0 21.0
5.478896 32.45772 -3.16324220 24.0 21.0
5.478896 32.45772 -3.16324221 23.0 22.0
6.5746756 33.56624 -3.795890621 23.0 22.0
6.5746756 33.56624 -3.795890622 22.0 23.0
7.670455 34.674755 -4.42853922 22.0 23.0
7.670455 34.674755 -4.42853923 21.0 24.0
8.766234 35.78327 -5.061187323 21.0 24.0
8.766234 35.78327 -5.061187324 12.0 25.0
8.766234 37.46547 -5.061187324 12.0 25.0
8.766234 37.46547 -5.061187325 11.0 26.0
8.766234 39.147667 -5.061187325 11.0 26.0
8.766234 39.147667 -5.061187326 10.0 27.0
8.766234 40.829865 -5.061187326 10.0 27.0
8.766234 40.829865 -5.061187327 9.0 28.0
8.766234 42.512062 -5.061187327 9.0 28.0
8.766234 42.512062 -5.061187328 4.0 29.0
9.862014 43.62058 -5.693835728 4.0 29.0
9.862014 43.62058 -5.693835729 3.0 30.0
10.957793 44.729095 -6.32648429 3.0 30.0
10.957793 44.729095 -6.32648430 0.0 31.0
10.957793 46.411293 -6.32648430 0.0 31.0
10.957793 46.411293 -6.32648431 0.0 32.0
10.957793 48.09349 -6.32648431 0.0 32.0
10.957793 44.729095 -6.32648432 2.0 31.0
12.22309 45.837612 -6.32648432 2.0 31.0
12.22309 45.837612 -6.32648433 1.0 32.0
13.488387 46.94613 -6.32648433 1.0 32.0
13.488387 46.94613 -6.32648434 0.0 33.0
14.932558 46.72489 -7.160276434 0.0 33.0
14.932558 46.72489 -7.160276435 0.0 34.0
16.600143 46.503654 -7.160276435 0.0 34.0
13.488387 46.94613 -6.32648436 0.0 33.0
13.488387 48.628326 -6.32648436 0.0 33.0
13.488387 48.628326 -6.32648437 0.0 34.0
13.488387 50.310524 -6.32648437 0.0 34.0
8.766234 42.512062 -5.061187338 8.0 29.0
8.766234 44.19426 -5.061187338 8.0 29.0
8.766234 44.19426 -5.061187339 7.0 30.0
8.766234 45.876457 -5.061187339 7.0 30.0
8.766234 45.876457 -5.061187340 6.0 31.0
8.766234 47.558655 -5.061187340 6.0 31.0
8.766234 47.558655 -5.061187341 5.0 32.0
8.766234 49.240852 -5.061187341 5.0 32.0
8.766234 49.240852 -5.061187342 4.0 33.0
9.862014 50.34937 -5.693835742 4.0 33.0
9.862014 50.34937 -5.693835743 3.0 34.0
10.957793 51.457886 -6.32648443 3.0 34.0
10.957793 51.457886 -6.32648444 0.0 35.0
10.957793 53.140083 -6.32648444 0.0 35.0
10.957793 53.140083 -6.32648445 0.0 36.0
10.957793 54.82228 -6.32648445 0.0 36.0
10.957793 51.457886 -6.32648446 2.0 35.0
12.22309 52.566402 -6.32648446 2.0 35.0
12.22309 52.566402 -6.32648447 1.0 36.0
13.488387 53.67492 -6.32648447 1.0 36.0
13.488387 53.67492 -6.32648448 0.0 37.0
14.932558 53.453682 -7.160276448 0.0 37.0
14.932558 53.453682 -7.160276449 0.0 38.0
16.600143 53.232445 -7.160276449 0.0 38.0
13.488387 53.67492 -6.32648450 0.0 37.0
13.488387 55.357117 -6.32648450 0.0 37.0
13.488387 55.357117 -6.32648451 0.0 38.0
13.488387 57.039314 -6.32648451 0.0 38.0
8.766234 49.240852 -5.061187352 4.0 33.0
7.5009375 50.34937 -5.061187352 4.0 33.0
7.5009375 50.34937 -5.061187353 3.0 34.0
6.2356405 51.457886 -5.061187353 3.0 34.0
6.2356405 51.457886 -5.061187354 0.0 35.0
4.79147 51.23665 -4.22739554 0.0 35.0
4.79147 51.23665 -4.22739555 0.0 36.0
3.1238856 51.01541 -4.22739555 0.0 36.0
6.2356405 51.457886 -5.061187356 2.0 35.0
4.9703436 52.566402 -5.061187356 2.0 35.0
4.9703436 52.566402 -5.061187357 1.0 36.0
3.7050467 53.67492 -5.061187357 1.0 36.0
3.7050467 53.67492 -5.061187358 0.0 37.0
3.7050467 55.357117 -5.061187358 0.0 37.0
3.7050467 55.357117 -5.061187359 0.0 38.0
3.7050467 57.039314 -5.061187359 0.0 38.0
3.7050467 53.67492 -5.061187360 0.0 37.0
2.0374622 53.453682 -5.061187360 0.0 37.0
2.0374622 53.453682 -5.061187361 0.0 38.0
0.3698777 53.232445 -5.061187361 0.0 38.0
8.766234 35.78327 -5.061187362 20.0 25.0
10.031531 36.89179 -5.061187362 20.0 25.0
10.031531 36.89179 -5.061187363 19.0 26.0
11.296828 38.000305 -5.061187363 19.0 26.0
11.296828 38.000305 -5.061187364 18.0 27.0
12.562125 39.10882 -5.061187364 18.0 27.0
12.562125 39.10882 -5.061187365 17.0 28.0
13.827422 40.21734 -5.061187365 17.0 28.0
13.827422 40.21734 -5.061187366 16.0 29.0
15.092719 41.325855 -5.061187366 16.0 29.0
15.092719 41.325855 -5.061187367 15.0 30.0
16.358015 42.434372 -5.061187367 15.0 30.0
16.358015 42.434372 -5.061187368 14.0 31.0
17.623312 43.54289 -5.061187368 14.0 31.0
17.623312 43.54289 -5.061187369 13.0 32.0
18.888609 44.651405 -5.061187369 13.0 32.0
18.888609 44.651405 -5.061187370 12.0 33.0
20.332779 44.43017 -5.894979570 12.0 33.0
20.332779 44.43017 -5.894979571 11.0 34.0
21.776949 44.20893 -6.728771771 11.0 34.0
21.776949 44.20893 -6.728771772 10.0 35.0
23.221119 43.987694 -7.56256472 10.0 35.0
23.221119 43.987694 -7.56256473 9.0 36.0
24.665289 43.766457 -8.39635773 9.0 36.0
24.665289 43.766457 -8.39635774 4.0 37.0
25.47284 42.36636 -8.86259674 4.0 37.0
25.47284 42.36636 -8.86259675 3.0 38.0
26.28039 40.966263 -9.32883575 3.0 38.0
26.28039 40.966263 -9.32883576 0.0 39.0
27.72456 40.745026 -10.16262776 0.0 39.0
27.72456 40.745026 -10.16262777 0.0 40.0
29.392145 40.52379 -10.16262777 0.0 40.0
26.28039 40.966263 -9.32883578 2.0 39.0
27.212868 39.566166 -9.32883578 2.0 39.0
27.212868 39.566166 -9.32883579 1.0 40.0
28.145346 38.16607 -9.32883579 1.0 40.0
28.145346 38.16607 -9.32883580 0.0 41.0
27.765478 36.542065 -9.10951780 0.0 41.0
27.765478 36.542065 -9.10951781 0.0 42.0
27.326843 34.91806 -9.10951781 0.0 42.0
28.145346 38.16607 -9.32883582 0.0 41.0
29.812931 37.94483 -9.32883582 0.0 41.0
29.812931 37.94483 -9.32883583 0.0 42.0
31.480516 37.723595 -9.32883583 0.0 42.0
24.665289 43.766457 -8.39635784 8.0 37.0
26.332874 43.54522 -8.39635784 8.0 37.0
26.332874 43.54522 -8.39635785 7.0 38.0
28.00046 43.323982 -8.39635785 7.0 38.0
28.00046 43.323982 -8.39635786 6.0 39.0
29.668045 43.102745 -8.39635786 6.0 39.0
29.668045 43.102745 -8.39635787 5.0 40.0
31.33563 42.881508 -8.39635787 5.0 40.0
31.33563 42.881508 -8.39635788 4.0 41.0
32.14318 41.48141 -8.86259688 4.0 41.0
32.14318 41.48141 -8.86259689 3.0 42.0
32.95073 40.081314 -9.32883589 3.0 42.0
32.95073 40.081314 -9.32883590 0.0 43.0
34.3949 39.860077 -10.16262790 0.0 43.0
34.3949 39.860077 -10.16262791 0.0 44.0
36.062485 39.63884 -10.16262791 0.0 44.0
32.95073 40.081314 -9.32883592 2.0 43.0
33.88321 38.681217 -9.32883592 2.0 43.0
33.88321 38.681217 -9.32883593 1.0 44.0
34.81569 37.28112 -9.32883593 1.0 44.0
34.81569 37.28112 -9.32883594 0.0 45.0
34.43582 35.657116 -9.10951794 0.0 45.0
34.43582 35.657116 -9.10951795 0.0 46.0
33.99719 34.03311 -9.10951795 0.0 46.0
34.81569 37.28112 -9.32883596 0.0 45.0
36.483273 37.059883 -9.32883596 0.0 45.0
36.483273 37.059883 -9.32883597 0.0 46.0
38.150856 36.838646 -9.32883597 0.0 46.0
31.33563 42.881508 -8.39635798 4.0 41.0
32.600925 43.990025 -8.39635798 4.0 41.0
32.600925 43.990025 -8.39635799 3.0 42.0
33.866222 45.09854 -8.39635799 3.0 42.0
33.866222 45.09854 -8.396357100 0.0 43.0
33.866222 46.78074 -8.396357100 0.0 43.0
33.866222 46.78074 -8.396357101 0.0 44.0
33.866222 48.462936 -8.396357101 0.0 44.0
33.866222 45.09854 -8.396357102 2.0 43.0
35.13152 46.207058 -8.396357102 2.0 43.0
35.13152 46.207058 -8.396357103 1.0 44.0
36.396816 47.315575 -8.396357103 1.0 44.0
36.396816 47.315575 -8.396357104 0.0 45.0
37.84099 47.094337 -9.230149104 0.0 45.0
37.84099 47.094337 -9.230149105 0.0 46.0
39.50857 46.8731 -9.230149105 0.0 46.0
36.396816 47.315575 -8.396357106 0.0 45.0
36.396816 48.997772 -8.396357106 0.0 45.0
36.396816 48.997772 -8.396357107 0.0 46.0
36.396816 50.67997 -8.396357107 0.0 46.0
18.888609 44.651405 -5.0611873108 12.0 33.0
18.888609 46.333603 -5.0611873108 12.0 33.0
18.888609 46.333603 -5.0611873109 11.0 34.0
18.888609 48.0158 -5.0611873109 11.0 34.0
18.888609 48.0158 -5.0611873110 10.0 35.0
18.888609 49.697998 -5.0611873110 10.0 35.0
18.888609 49.697998 -5.0611873111 9.0 36.0
18.888609 51.380196 -5.0611873111 9.0 36.0
18.888609 51.380196 -5.0611873112 4.0 37.0
19.984388 52.488712 -5.6938357112 4.0 37.0
19.984388 52.488712 -5.6938357113 3.0 38.0
21.080168 53.59723 -6.326484113 3.0 38.0
21.080168 53.59723 -6.326484114 0.0 39.0
21.080168 55.279427 -6.326484114 0.0 39.0
21.080168 55.279427 -6.326484115 0.0 40.0
21.080168 56.961624 -6.326484115 0.0 40.0
21.080168 53.59723 -6.326484116 2.0 39.0
22.345465 54.705746 -6.326484116 2.0 39.0
22.345465 54.705746 -6.326484117 1.0 40.0
23.610762 55.814262 -6.326484117 1.0 40.0
23.610762 55.814262 -6.326484118 0.0 41.0
25.054932 55.593025 -7.1602764118 0.0 41.0
25.054932 55.593025 -7.1602764119 0.0 42.0
26.722517 55.371788 -7.1602764119 0.0 42.0
23.610762 55.814262 -6.326484120 0.0 41.0
23.610762 57.49646 -6.326484120 0.0 41.0
23.610762 57.49646 -6.326484121 0.0 42.0
23.610762 59.178658 -6.326484121 0.0 42.0
18.888609 51.380196 -5.0611873122 8.0 37.0
18.888609 53.062393 -5.0611873122 8.0 37.0
18.888609 53.062393 -5.0611873123 7.0 38.0
18.888609 54.74459 -5.0611873123 7.0 38.0
18.888609 54.74459 -5.0611873124 6.0 39.0
18.888609 56.42679 -5.0611873124 6.0 39.0
18.888609 56.42679 -5.0611873125 5.0 40.0
18.888609 58.108986 -5.0611873125 5.0 40.0
18.888609 58.108986 -5.0611873126 4.0 41.0
19.984388 59.217503 -5.6938357126 4.0 41.0
19.984388 59.217503 -5.6938357127 3.0 42.0
21.080168 60.32602 -6.326484127 3.0 42.0
21.080168 60.32602 -6.326484128 0.0 43.0
21.080168 62.008217 -6.326484128 0.0 43.0
21.080168 62.008217 -6.326484129 0.0 44.0
21.080168 63.690414 -6.326484129 0.0 44.0
21.080168 60.32602 -6.326484130 2.0 43.0
22.345465 61.434536 -6.326484130 2.0 43.0
22.345465 61.434536 -6.326484131 1.0 44.0
23.610762 62.543053 -6.326484131 1.0 44.0
23.610762 62.543053 -6.326484132 0.0 45.0
25.054932 62.321815 -7.1602764132 0.0 45.0
25.054932 62.321815 -7.1602764133 0.0 46.0
26.722517 62.10058 -7.1602764133 0.0 46.0
23.610762 62.543053 -6.326484134 0.0 45.0
23.610762 64.22525 -6.326484134 0.0 45.0
23.610762 64.22525 -6.326484135 0.0 46.0
23.610762 65.90745 -6.326484135 0.0 46.0
18.888609 58.108986 -5.0611873136 4.0 41.0
17.623312 59.217503 -5.0611873136 4.0 41.0
17.623312 59.217503 -5.0611873137 3.0 42.0
16.358015 60.32602 -5.0611873137 3.0 42.0
16.358015 60.32602 -5.0611873138 0.0 43.0
14.913845 60.104782 -4.227395138 0.0 43.0
14.913845 60.104782 -4.227395139 0.0 44.0
13.246261 59.883545 -4.227395139 0.0 44.0
16.358015 60.32602 -5.0611873140 2.0 43.0
15.092718 61.434536 -5.0611873140 2.0 43.0
15.092718 61.434536 -5.0611873141 1.0 44.0
13.827421 62.543053 -5.0611873141 1.0 44.0
13.827421 62.543053 -5.0611873142 0.0 45.0
13.827421 64.22525 -5.0611873142 0.0 45.0
13.827421 64.22525 -5.0611873143 0.0 46.0
13.827421 65.90745 -5.0611873143 0.0 46.0
13.827421 62.543053 -5.0611873144 0.0 45.0
12.159837 62.321815 -5.0611873144 0.0 45.0
12.159837 62.321815 -5.0611873145 0.0 46.0
10.492252 62.10058 -5.0611873145 0.0 46.0
0.0 26.915138 0.0146 44.0 17.0
0.0 28.597334 0.0146 44.0 17.0
0.0 28.597334 0.0147 43.0 18.0
0.0 30.27953 0.0147 43.0 18.0
0.0 30.27953 0.0148 42.0 19.0
0.0 31.961725 0.0148 42.0 19.0
0.0 31.961725 0.0149 41.0 20.0
0.0 33.64392 0.0149 41.0 20.0
0.0 33.64392 0.0150 40.0 21.0
0.0 35.32612 0.0150 40.0 21.0
0.0 35.32612 0.0151 39.0 22.0
0.0 37.008316 0.0151 39.0 22.0
0.0 37.008316 0.0152 38.0 23.0
0.0 38.690514 0.0152 38.0 23.0
0.0 38.690514 0.0153 37.0 24.0
0.0 40.37271 0.0153 37.0 24.0
0.0 40.37271 0.0154 36.0 25.0
0.0 42.05491 0.0154 36.0 25.0
0.0 42.05491 0.0155 35.0 26.0
0.0 43.737106 0.0155 35.0 26.0
0.0 43.737106 0.0156 34.0 27.0
0.0 45.419304 0.0156 34.0 27.0
0.0 45.419304 0.0157 33.0 28.0
0.0 47.1015 0.0157 33.0 28.0
0.0 47.1015 0.0158 32.0 29.0
0.0 48.7837 0.0158 32.0 29.0
0.0 48.7837 0.0159 31.0 30.0
0.0 50.465897 0.0159 31.0 30.0
0.0 50.465897 0.0160 30.0 31.0
0.0 52.148094 0.0160 30.0 31.0
0.0 52.148094 0.0161 29.0 32.0
0.0 53.83029 0.0161 29.0 32.0
0.0 53.83029 0.0162 28.0 33.0
1.0957792 54.93881 -0.6326484162 28.0 33.0
1.0957792 54.93881 -0.6326484163 27.0 34.0
2.1915584 56.047325 -1.2652968163 27.0 34.0
2.1915584 56.047325 -1.2652968164 26.0 35.0
3.2873375 57.15584 -1.8979452164 26.0 35.0
3.2873375 57.15584 -1.8979452165 25.0 36.0
4.3831167 58.26436 -2.5305936165 25.0 36.0
4.3831167 58.26436 -2.5305936166 24.0 37.0
5.478896 59.372875 -3.163242166 24.0 37.0
5.478896 59.372875 -3.163242167 23.0 38.0
6.5746756 60.48139 -3.7958906167 23.0 38.0
6.5746756 60.48139 -3.7958906168 22.0 39.0
7.670455 61.58991 -4.428539168 22.0 39.0
7.670455 61.58991 -4.428539169 21.0 40.0
8.766234 62.698425 -5.0611873169 21.0 40.0
8.766234 62.698425 -5.0611873170 12.0 41.0
8.766234 64.38062 -5.0611873170 12.0 41.0
8.766234 64.38062 -5.0611873171 11.0 42.0
8.766234 66.06282 -5.0611873171 11.0 42.0
8.766234 66.06282 -5.0611873172 10.0 43.0
8.766234 67.74502 -5.0611873172 10.0 43.0
8.766234 67.74502 -5.0611873173 9.0 44.0
8.766234 69.427216 -5.0611873173 9.0 44.0
8.766234 69.427216 -5.0611873174 4.0 45.0
9.862014 70.53573 -5.6938357174 4.0 45.0
9.862014 70.53573 -5.6938357175 3.0 46.0
10.957793 71.64424 -6.326484175 3.0 46.0
10.957793 71.64424 -6.326484176 0.0 47.0
10.957793 73.32644 -6.326484176 0.0 47.0
10.957793 73.32644 -6.326484177 0.0 48.0
10.957793 75.00864 -6.326484177 0.0 48.0
10.957793 71.64424 -6.326484178 2.0 47.0
12.22309 72.752754 -6.326484178 2.0 47.0
12.22309 72.752754 -6.326484179 1.0 48.0
13.488387 73.86127 -6.326484179 1.0 48.0
13.488387 73.86127 -6.326484180 0.0 49.0
14.932558 73.64003 -7.1602764180 0.0 49.0
14.932558 73.64003 -7.1602764181 0.0 50.0
16.600143 73.41879 -7.1602764181 0.0 50.0
13.488387 73.86127 -6.326484182 0.0 49.0
13.488387 75.543465 -6.326484182 0.0 49.0
13.488387 75.543465 -6.326484183 0.0 50.0
13.488387 77.22566 -6.326484183 0.0 50.0
8.766234 69.427216 -5.0611873184 8.0 45.0
8.766234 71.10941 -5.0611873184 8.0 45.0
8.766234 71.10941 -5.0611873185 7.0 46.0
8.766234 72.79161 -5.0611873185 7.0 46.0
8.766234 72.79161 -5.0611873186 6.0 47.0
8.766234 74.47381 -5.0611873186 6.0 47.0
8.766234 74.47381 -5.0611873187 5.0 48.0
8.766234 76.156006 -5.0611873187 5.0 48.0
8.766234 76.156006 -5.0611873188 4.0 49.0
9.862014 77.26452 -5.6938357188 4.0 49.0
9.862014 77.26452 -5.6938357189 3.0 50.0
10.957793 78.37303 -6.326484189 3.0 50.0
10.957793 78.37303 -6.326484190 0.0 51.0
10.957793 80.05523 -6.326484190 0.0 51.0
10.957793 80.05523 -6.326484191 0.0 52.0
10.957793 81.73743 -6.326484191 0.0 52.0
10.957793 78.37303 -6.326484192 2.0 51.0
12.22309 79.481544 -6.326484192 2.0 51.0
12.22309 79.481544 -6.326484193 1.0 52.0
13.488387 80.59006 -6.326484193 1.0 52.0
13.488387 80.59006 -6.326484194 0.0 53.0
14.932558 80.36882 -7.1602764194 0.0 53.0
14.932558 80.36882 -7.1602764195 0.0 54.0
16.600143 80.14758 -7.1602764195 0.0 54.0
13.488387 80.59006 -6.326484196 0.0 53.0
13.488387 82.272255 -6.326484196 0.0 53.0
13.488387 82.272255 -6.326484197 0.0 54.0
13.488387 83.95445 -6.326484197 0.0 54.0
8.766234 76.156006 -5.0611873198 4.0 49.0
7.5009375 77.26452 -5.0611873198 4.0 49.0
7.5009375 77.26452 -5.0611873199 3.0 50.0
6.2356405 78.37303 -5.0611873199 3.0 50.0
6.2356405 78.37303 -5.0611873200 0.0 51.0
4.79147 78.151794 -4.227395200 0.0 51.0
4.79147 78.151794 -4.227395201 0.0 52.0
3.1238856 77.93056 -4.227395201 0.0 52.0
6.2356405 78.37303 -5.0611873202 2.0 51.0
4.9703436 79.481544 -5.0611873202 2.0 51.0
4.9703436 79.481544 -5.0611873203 1.0 52.0
3.7050467 80.59006 -5.0611873203 1.0 52.0
3.7050467 80.59006 -5.0611873204 0.0 53.0
3.7050467 82.272255 -5.0611873204 0.0 53.0
3.7050467 82.272255 -5.0611873205 0.0 54.0
3.7050467 83.95445 -5.0611873205 0.0 54.0
3.7050467 80.59006 -5.0611873206 0.0 53.0
2.0374622 80.36882 -5.0611873206 0.0 53.0
2.0374622 80.36882 -5.0611873207 0.0 54.0
0.3698777 80.14758 -5.0611873207 0.0 54.0
8.766234 62.698425 -5.0611873208 20.0 41.0
10.031531 63.806942 -5.0611873208 20.0 41.0
10.031531 63.806942 -5.0611873209 19.0 42.0
11.296828 64.91546 -5.0611873209 19.0 42.0
11.296828 64.91546 -5.0611873210 18.0 43.0
12.562125 66.02397 -5.0611873210 18.0 43.0
12.562125 66.02397 -5.0611873211 17.0 44.0
13.827422 67.132484 -5.0611873211 17.0 44.0
13.827422 67.132484 -5.0611873212 16.0 45.0
15.092719 68.241 -5.0611873212 16.0 45.0
15.092719 68.241 -5.0611873213 15.0 46.0
16.358015 69.34951 -5.0611873213 15.0 46.0
16.358015 69.34951 -5.0611873214 14.0 47.0
17.623312 70.45802 -5.0611873214 14.0 47.0
17.623312 70.45802 -5.0611873215 13.0 48.0
18.888609 71.566536 -5.0611873215 13.0 48.0
18.888609 71.566536 -5.0611873216 12.0 49.0
20.332779 71.3453 -5.8949795216 12.0 49.0
20.332779 71.3453 -5.8949795217 11.0 50.0
21.776949 71.12406 -6.7287717217 11.0 50.0
21.776949 71.12406 -6.7287717218 10.0 51.0
23.221119 70.902824 -7.562564218 10.0 51.0
23.221119 70.902824 -7.562564219 9.0 52.0
24.665289 70.68159 -8.396357219 9.0 52.0
24.665289 70.68159 -8.396357220 4.0 53.0
25.47284 69.281494 -8.862596220 4.0 53.0
25.47284 69.281494 -8.862596221 3.0 54.0
26.28039 67.8814 -9.328835221 3.0 54.0
26.28039 67.8814 -9.328835222 0.0 55.0
27.72456 67.660164 -10.162627222 0.0 55.0
27.72456 67.660164 -10.162627223 0.0 56.0
29.392145 67.43893 -10.162627223 0.0 56.0
26.28039 67.8814 -9.328835224 2.0 55.0
27.212868 66.48131 -9.328835224 2.0 55.0
27.212868 66.48131 -9.328835225 1.0 56.0
28.145346 65.081215 -9.328835225 1.0 56.0
28.145346 65.081215 -9.328835226 0.0 57.0
27.765478 63.45721 -9.109517226 0.0 57.0
27.765478 63.45721 -9.109517227 0.0 58.0
27.326843 61.833206 -9.109517227 0.0 58.0
28.145346 65.081215 -9.328835228 0.0 57.0
29.812931 64.85998 -9.328835228 0.0 57.0
29.812931 64.85998 -9.328835229 0.0 58.0
31.480516 64.63874 -9.328835229 0.0 58.0
24.665289 70.68159 -8.396357230 8.0 53.0
26.332874 70.46035 -8.396357230 8.0 53.0
26.332874 70.46035 -8.396357231 7.0 54.0
28.00046 70.23911 -8.396357231 7.0 54.0
28.00046 70.23911 -8.396357232 6.0 55.0
29.668045 70.017876 -8.396357232 6.0 55.0
29.668045 70.017876 -8.396357233 5.0 56.0
31.33563 69.79664 -8.396357233 5.0 56.0
31.33563 69.79664 -8.396357234 4.0 57.0
32.14318 68.396545 -8.862596234 4.0 57.0
32.14318 68.396545 -8.862596235 3.0 58.0
32.95073 66.99645 -9.328835235 3.0 58.0
32.95073 66.99645 -9.328835236 0.0 59.0
34.3949 66.775215 -10.162627236 0.0 59.0
34.3949 66.775215 -10.162627237 0.0 60.0
36.062485 66.55398 -10.162627237 0.0 60.0
32.95073 66.99645 -9.328835238 2.0 59.0
33.88321 65.59636 -9.328835238 2.0 59.0
33.88321 65.59636 -9.328835239 1.0 60.0
34.81569 64.196266 -9.328835239 1.0 60.0
34.81569 64.196266 -9.328835240 0.0 61.0
34.43582 62.57226 -9.109517240 0.0 61.0
34.43582 62.57226 -9.109517241 0.0 62.0
33.99719 60.948257 -9.109517241 0.0 62.0
34.81569 64.196266 -9.328835242 0.0 61.0
36.483273 63.97503 -9.328835242 0.0 61.0
36.483273 63.97503 -9.328835243 0.0 62.0
38.150856 63.75379 -9.328835243 0.0 62.0
31.33563 69.79664 -8.396357244 4.0 57.0
32.600925 70.90515 -8.396357244 4.0 57.0
32.600925 70.90515 -8.396357245 3.0 58.0
33.866222 72.013664 -8.396357245 3.0 58.0
33.866222 72.013664 -8.396357246 0.0 59.0
33.866222 73.69586 -8.396357246 0.0 59.0
33.866222 73.69586 -8.396357247 0.0 60.0
33.866222 75.37806 -8.396357247 0.0 60.0
33.866222 72.013664 -8.396357248 2.0 59.0
35.13152 73.12218 -8.396357248 2.0 59.0
35.13152 73.12218 -8.396357249 1.0 60.0
36.396816 74.23069 -8.396357249 1.0 60.0
36.396816 74.23069 -8.396357250 0.0 61.0
37.84099 74.00945 -9.230149250 0.0 61.0
37.84099 74.00945 -9.230149251 0.0 62.0
39.50857 73.788216 -9.230149251 0.0 62.0
36.396816 74.23069 -8.396357252 0.0 61.0
36.396816 75.91289 -8.396357252 0.0 61.0
36.396816 75.91289 -8.396357253 0.0 62.0
36.396816 77.595085 -8.396357253 0.0 62.0
18.888609 71.566536 -5.0611873254 12.0 49.0
18.888609 73.24873 -5.0611873254 12.0 49.0
18.888609 73.24873 -5.0611873255 11.0 50.0
18.888609 74.93093 -5.0611873255 11.0 50.0
18.888609 74.93093 -5.0611873256 10.0 51.0
18.888609 76.61313 -5.0611873256 10.0 51.0
18.888609 76.61313 -5.0611873257 9.0 52.0
18.888609 78.29533 -5.0611873257 9.0 52.0
18.888609 78.29533 -5.0611873258 4.0 53.0
19.984388 79.40384 -5.6938357258 4.0 53.0
19.984388 79.40384 -5.6938357259 3.0 54.0
21.080168 80.51235 -6.326484259 3.0 54.0
21.080168 80.51235 -6.326484260 0.0 55.0
21.080168 82.19455 -6.326484260 0.0 55.0
21.080168 82.19455 -6.326484261 0.0 56.0
21.080168 83.87675 -6.326484261 0.0 56.0
21.080168 80.51235 -6.326484262 2.0 55.0
22.345465 81.620865 -6.326484262 2.0 55.0
22.345465 81.620865 -6.326484263 1.0 56.0
23.610762 82.72938 -6.326484263 1.0 56.0
23.610762 82.72938 -6.326484264 0.0 57.0
25.054932 82.50814 -7.1602764264 0.0 57.0
25.054932 82.50814 -7.1602764265 0.0 58.0
26.722517 82.2869 -7.1602764265 0.0 58.0
23.610762 82.72938 -6.326484266 0.0 57.0
23.610762 84.411575 -6.326484266 0.0 57.0
23.610762 84.411575 -6.326484267 0.0 58.0
23.610762 86.09377 -6.326484267 0.0 58.0
18.888609 78.29533 -5.0611873268 8.0 53.0
18.888609 79.97752 -5.0611873268 8.0 53.0
18.888609 79.97752 -5.0611873269 7.0 54.0
18.888609 81.65972 -5.0611873269 7.0 54.0
18.888609 81.65972 -5.0611873270 6.0 55.0
18.888609 83.34192 -5.0611873270 6.0 55.0
18.888609 83.34192 -5.0611873271 5.0 56.0
18.888609 85.02412 -5.0611873271 5.0 56.0
18.888609 85.02412 -5.0611873272 4.0 57.0
19.984388 86.13263 -5.6938357272 4.0 57.0
19.984388 86.13263 -5.6938357273 3.0 58.0
21.080168 87.24114 -6.326484273 3.0 58.0
21.080168 87.24114 -6.326484274 0.0 59.0
21.080168 88.92334 -6.326484274 0.0 59.0
21.080168 88.92334 -6.326484275 0.0 60.0
21.080168 90.60554 -6.326484275 0.0 60.0
21.080168 87.24114 -6.326484276 2.0 59.0
22.345465 88.349655 -6.326484276 2.0 59.0
22.345465 88.349655 -6.326484277 1.0 60.0
23.610762 89.45817 -6.326484277 1.0 60.0
23.610762 89.45817 -6.326484278 0.0 61.0
25.054932 89.23693 -7.1602764278 0.0 61.0
25.054932 89.23693 -7.1602764279 0.0 62.0
26.722517 89.01569 -7.1602764279 0.0 62.0
23.610762 89.45817 -6.326484280 0.0 61.0
23.610762 91.140366 -6.326484280 0.0 61.0
23.610762 91.140366 -6.326484281 0.0 62.0
23.610762 92.82256 -6.326484281 0.0 62.0
18.888609 85.02412 -5.0611873282 4.0 57.0
17.623312 86.13263 -5.0611873282 4.0 57.0
17.623312 86.13263 -5.0611873283 3.0 58.0
16.358015 87.24114 -5.0611873283 3.0 58.0
16.358015 87.24114 -5.0611873284 0.0 59.0
14.913845 87.019905 -4.227395284 0.0 59.0
14.913845 87.019905 -4.227395285 0.0 60.0
13.246261 86.79867 -4.227395285 0.0 60.0
16.358015 87.24114 -5.0611873286 2.0 59.0
15.092718 88.349655 -5.0611873286 2.0 59.0
15.092718 88.349655 -5.0611873287 1.0 60.0
13.827421 89.45817 -5.0611873287 1.0 60.0
13.827421 89.45817 -5.0611873288 0.0 61.0
13.827421 91.140366 -5.0611873288 0.0 61.0
13.827421 91.140366 -5.0611873289 0.0 62.0
13.827421 92.82256 -5.0611873289 0.0 62.0
13.827421 89.45817 -5.0611873290 0.0 61.0
12.159837 89.23693 -5.0611873290 0.0 61.0
12.159837 89.23693 -5.0611873291 0.0 62.0
10.492252 89.01569 -5.0611873291 0.0 62.0
0.0 53.83029 0.0292 28.0 33.0
-1.2652968 54.93881 0.0292 28.0 33.0
-1.2652968 54.93881 0.0293 27.0 34.0
-2.5305936 56.047325 0.0293 27.0 34.0
-2.5305936 56.047325 0.0294 26.0 35.0
-3.7958903 57.15584 0.0294 26.0 35.0
-3.7958903 57.15584 0.0295 25.0 36.0
-5.0611873 58.26436 0.0295 25.0 36.0
-5.0611873 58.26436 0.0296 24.0 37.0
-6.326484 59.372875 0.0296 24.0 37.0
-6.326484 59.372875 0.0297 23.0 38.0
-7.591781 60.48139 0.0297 23.0 38.0
-7.591781 60.48139 0.0298 22.0 39.0
-8.857078 61.58991 0.0298 22.0 39.0
-8.857078 61.58991 0.0299 21.0 40.0
-10.122375 62.698425 0.0299 21.0 40.0
-10.122375 62.698425 0.0300 12.0 41.0
-11.5665455 62.47719 0.83379227300 12.0 41.0
-11.5665455 62.47719 0.83379227301 11.0 42.0
-13.0107155 62.25595 1.6675845301 11.0 42.0
-13.0107155 62.25595 1.6675845302 10.0 43.0
-14.4548855 62.034714 2.5013769302 10.0 43.0
-14.4548855 62.034714 2.5013769303 9.0 44.0
-15.8990555 61.813477 3.335169303 9.0 44.0
-15.8990555 61.813477 3.335169304 4.0 45.0
-16.994835 62.921993 3.9678175304 4.0 45.0
-16.994835 62.921993 3.9678175305 3.0 46.0
-18.090614 64.03051 4.600466305 3.0 46.0
-18.090614 64.03051 4.600466306 0.0 47.0
-19.534784 63.809273 5.434258306 0.0 47.0
-19.534784 63.809273 5.434258307 0.0 48.0
-21.20237 63.588036 5.434258307 0.0 48.0
-18.090614 64.03051 4.600466308 2.0 47.0
-19.355911 65.13902 4.600466308 2.0 47.0
-19.355911 65.13902 4.600466309 1.0 48.0
-20.621208 66.247536 4.600466309 1.0 48.0
-20.621208 66.247536 4.600466310 0.0 49.0
-20.621208 67.92973 4.600466310 0.0 49.0
-20.621208 67.92973 4.600466311 0.0 50.0
-20.621208 69.61193 4.600466311 0.0 50.0
-20.621208 66.247536 4.600466312 0.0 49.0
-22.288794 66.0263 4.600466312 0.0 49.0
-22.288794 66.0263 4.600466313 0.0 50.0
-23.956379 65.80506 4.600466313 0.0 50.0
-15.8990555 61.813477 3.335169314 8.0 45.0
-17.56664 61.59224 3.335169314 8.0 45.0
-17.56664 61.59224 3.335169315 7.0 46.0
-19.234226 61.371002 3.335169315 7.0 46.0
-19.234226 61.371002 3.335169316 6.0 47.0
-20.901812 61.149765 3.335169316 6.0 47.0
-20.901812 61.149765 3.335169317 5.0 48.0
-22.569397 60.928528 3.335169317 5.0 48.0
-22.569397 60.928528 3.335169318 4.0 49.0
-23.665176 62.037045 3.9678175318 4.0 49.0
-23.665176 62.037045 3.9678175319 3.0 50.0
-24.760956 63.14556 4.600466319 3.0 50.0
-24.760956 63.14556 4.600466320 0.0 51.0
-26.205126 62.924324 5.434258320 0.0 51.0
-26.205126 62.924324 5.434258321 0.0 52.0
-27.872711 62.703087 5.434258321 0.0 52.0
-24.760956 63.14556 4.600466322 2.0 51.0
-26.026253 64.254074 4.600466322 2.0 51.0
-26.026253 64.254074 4.600466323 1.0 52.0
-27.29155 65.36259 4.600466323 1.0 52.0
-27.29155 65.36259 4.600466324 0.0 53.0
-27.29155 67.044785 4.600466324 0.0 53.0
-27.29155 67.044785 4.600466325 0.0 54.0
-27.29155 68.72698 4.600466325 0.0 54.0
-27.29155 65.36259 4.600466326 0.0 53.0
-28.959135 65.14135 4.600466326 0.0 53.0
-28.959135 65.14135 4.600466327 0.0 54.0
-30.62672 64.92011 4.600466327 0.0 54.0
-22.569397 60.928528 3.335169328 4.0 49.0
-23.501875 59.52843 3.335169328 4.0 49.0
-23.501875 59.52843 3.335169329 3.0 50.0
-24.434353 58.128334 3.335169329 3.0 50.0
-24.434353 58.128334 3.335169330 0.0 51.0
-24.054485 56.50433 3.1158519330 0.0 51.0
-24.054485 56.50433 3.1158519331 0.0 52.0
-23.61585 54.880325 3.1158519331 0.0 52.0
-24.434353 58.128334 3.335169332 2.0 51.0
-25.36683 56.728237 3.335169332 2.0 51.0
-25.36683 56.728237 3.335169333 1.0 52.0
-26.299309 55.32814 3.335169333 1.0 52.0
-26.299309 55.32814 3.335169334 0.0 53.0
-27.743479 55.106903 4.1689615334 0.0 53.0
-27.743479 55.106903 4.1689615335 0.0 54.0
-29.411064 54.885666 4.1689615335 0.0 54.0
-26.299309 55.32814 3.335169336 0.0 53.0
-25.860674 53.704136 3.335169336 0.0 53.0
-25.860674 53.704136 3.335169337 0.0 54.0
-25.422039 52.08013 3.335169337 0.0 54.0
-10.122375 62.698425 0.0338 20.0 41.0
-11.387671 63.806942 0.0338 20.0 41.0
-11.387671 63.806942 0.0339 19.0 42.0
-12.652968 64.91546 0.0339 19.0 42.0
-12.652968 64.91546 0.0340 18.0 43.0
-13.918265 66.02397 0.0340 18.0 43.0
-13.918265 66.02397 0.0341 17.0 44.0
-15.183562 67.132484 0.0341 17.0 44.0
-15.183562 67.132484 0.0342 16.0 45.0
-16.448858 68.241 0.0342 16.0 45.0
-16.448858 68.241 0.0343 15.0 46.0
-17.714155 69.34951 0.0343 15.0 46.0
-17.714155 69.34951 0.0344 14.0 47.0
-18.979452 70.45802 0.0344 14.0 47.0
-18.979452 70.45802 0.0345 13.0 48.0
-20.24475 71.566536 0.0345 13.0 48.0
-20.24475 71.566536 0.0346 12.0 49.0
-20.24475 73.24873 0.0346 12.0 49.0
-20.24475 73.24873 0.0347 11.0 50.0
-20.24475 74.93093 0.0347 11.0 50.0
-20.24475 74.93093 0.0348 10.0 51.0
-20.24475 76.61313 0.0348 10.0 51.0
-20.24475 76.61313 0.0349 9.0 52.0
-20.24475 78.29533 0.0349 9.0 52.0
-20.24475 78.29533 0.0350 4.0 53.0
-19.14897 79.40384 -0.6326484350 4.0 53.0
-19.14897 79.40384 -0.6326484351 3.0 54.0
-18.05319 80.51235 -1.2652968351 3.0 54.0
-18.05319 80.51235 -1.2652968352 0.0 55.0
-18.05319 82.19455 -1.2652968352 0.0 55.0
-18.05319 82.19455 -1.2652968353 0.0 56.0
-18.05319 83.87675 -1.2652968353 0.0 56.0
-18.05319 80.51235 -1.2652968354 2.0 55.0
-16.787893 81.620865 -1.2652968354 2.0 55.0
-16.787893 81.620865 -1.2652968355 1.0 56.0
-15.522596 82.72938 -1.2652968355 1.0 56.0
-15.522596 82.72938 -1.2652968356 0.0 57.0
-14.078426 82.50814 -2.0990891356 0.0 57.0
-14.078426 82.50814 -2.0990891357 0.0 58.0
-12.410842 82.2869 -2.0990891357 0.0 58.0
-15.522596 82.72938 -1.2652968358 0.0 57.0
-15.522596 84.411575 -1.2652968358 0.0 57.0
-15.522596 84.411575 -1.2652968359 0.0 58.0
-15.522596 86.09377 -1.2652968359 0.0 58.0
-20.24475 78.29533 0.0360 8.0 53.0
-20.24475 79.97752 0.0360 8.0 53.0
-20.24475 79.97752 0.0361 7.0 54.0
-20.24475 81.65972 0.0361 7.0 54.0
-20.24475 81.65972 0.0362 6.0 55.0
-20.24475 83.34192 0.0362 6.0 55.0
-20.24475 83.34192 0.0363 5.0 56.0
-20.24475 85.02412 0.0363 5.0 56.0
-20.24475 85.02412 0.0364 4.0 57.0
-19.14897 86.13263 -0.6326484364 4.0 57.0
-19.14897 86.13263 -0.6326484365 3.0 58.0
-18.05319 87.24114 -1.2652968365 3.0 58.0
-18.05319 87.24114 -1.2652968366 0.0 59.0
-18.05319 88.92334 -1.2652968366 0.0 59.0
-18.05319 88.92334 -1.2652968367 0.0 60.0
-18.05319 90.60554 -1.2652968367 0.0 60.0
-18.05319 87.24114 -1.2652968368 2.0 59.0
-16.787893 88.349655 -1.2652968368 2.0 59.0
-16.787893 88.349655 -1.2652968369 1.0 60.0
-15.522596 89.45817 -1.2652968369 1.0 60.0
-15.522596 89.45817 -1.2652968370 0.0 61.0
-14.078426 89.23693 -2.0990891370 0.0 61.0
-14.078426 89.23693 -2.0990891371 0.0 62.0
-12.410842 89.01569 -2.0990891371 0.0 62.0
-15.522596 89.45817 -1.2652968372 0.0 61.0
-15.522596 91.140366 -1.2652968372 0.0 61.0
-15.522596 91.140366 -1.2652968373 0.0 62.0
-15.522596 92.82256 -1.2652968373 0.0 62.0
-20.24475 85.02412 0.0374 4.0 57.0
-21.510046 86.13263 0.0374 4.0 57.0
-21.510046 86.13263 0.0375 3.0 58.0
-22.775343 87.24114 0.0375 3.0 58.0
-22.775343 87.24114 0.0376 0.0 59.0
-24.219513 87.019905 0.83379227376 0.0 59.0
-24.219513 87.019905 0.83379227377 0.0 60.0
-25.887098 86.79867 0.83379227377 0.0 60.0
-22.775343 87.24114 0.0378 2.0 59.0
-24.04064 88.349655 0.0378 2.0 59.0
-24.04064 88.349655 0.0379 1.0 60.0
-25.305937 89.45817 0.0379 1.0 60.0
-25.305937 89.45817 0.0380 0.0 61.0
-25.305937 91.140366 0.0380 0.0 61.0
-25.305937 91.140366 0.0381 0.0 62.0
-25.305937 92.82256 0.0381 0.0 62.0
-25.305937 89.45817 0.0382 0.0 61.0
-26.973522 89.23693 0.0382 0.0 61.0
-26.973522 89.23693 0.0383 0.0 62.0
-28.641108 89.01569 0.0383 0.0 62.0
-20.24475 71.566536 0.0384 12.0 49.0
-21.912334 71.3453 0.0384 12.0 49.0
-21.912334 71.3453 0.0385 11.0 50.0
-23.57992 71.12406 0.0385 11.0 50.0
-23.57992 71.12406 0.0386 10.0 51.0
-25.247505 70.902824 0.0386 10.0 51.0
-25.247505 70.902824 0.0387 9.0 52.0
-26.91509 70.68159 0.0387 9.0 52.0
-26.91509 70.68159 0.0388 4.0 53.0
-28.01087 71.7901 0.6326484388 4.0 53.0
-28.01087 71.7901 0.6326484389 3.0 54.0
-29.10665 72.89861 1.2652968389 3.0 54.0
-29.10665 72.89861 1.2652968390 0.0 55.0
-30.55082 72.677376 2.0990891390 0.0 55.0
-30.55082 72.677376 2.0990891391 0.0 56.0
-32.218403 72.45614 2.0990891391 0.0 56.0
-29.10665 72.89861 1.2652968392 2.0 55.0
-30.371946 74.007126 1.2652968392 2.0 55.0
-30.371946 74.007126 1.2652968393 1.0 56.0
-31.637243 75.11564 1.2652968393 1.0 56.0
-31.637243 75.11564 1.2652968394 0.0 57.0
-31.637243 76.79784 1.2652968394 0.0 57.0
-31.637243 76.79784 1.2652968395 0.0 58.0
-31.637243 78.480034 1.2652968395 0.0 58.0
-31.637243 75.11564 1.2652968396 0.0 57.0
-33.30483 74.8944 1.2652968396 0.0 57.0
-33.30483 74.8944 1.2652968397 0.0 58.0
-34.972412 74.673164 1.2652968397 0.0 58.0
-26.91509 70.68159 0.0398 8.0 53.0
-28.582676 70.46035 0.0398 8.0 53.0
-28.582676 70.46035 0.0399 7.0 54.0
-30.250261 70.23911 0.0399 7.0 54.0
-30.250261 70.23911 0.0400 6.0 55.0
-31.917847 70.017876 0.0400 6.0 55.0
-31.917847 70.017876 0.0401 5.0 56.0
-33.58543 69.79664 0.0401 5.0 56.0
-33.58543 69.79664 0.0402 4.0 57.0
-34.68121 70.90515 0.6326484402 4.0 57.0
-34.68121 70.90515 0.6326484403 3.0 58.0
-35.77699 72.013664 1.2652968403 3.0 58.0
-35.77699 72.013664 1.2652968404 0.0 59.0
-37.22116 71.79243 2.0990891404 0.0 59.0
-37.22116 71.79243 2.0990891405 0.0 60.0
-38.888744 71.57119 2.0990891405 0.0 60.0
-35.77699 72.013664 1.2652968406 2.0 59.0
-37.042286 73.12218 1.2652968406 2.0 59.0
-37.042286 73.12218 1.2652968407 1.0 60.0
-38.307583 74.23069 1.2652968407 1.0 60.0
-38.307583 74.23069 1.2652968408 0.0 61.0
-38.307583 75.91289 1.2652968408 0.0 61.0
-38.307583 75.91289 1.2652968409 0.0 62.0
-38.307583 77.595085 1.2652968409 0.0 62.0
-38.307583 74.23069 1.2652968410 0.0 61.0
-39.975166 74.00945 1.2652968410 0.0 61.0
-39.975166 74.00945 1.2652968411 0.0 62.0
-41.64275 73.788216 1.2652968411 0.0 62.0
-33.58543 69.79664 0.0412 4.0 57.0
-34.51791 68.396545 0.0412 4.0 57.0
-34.51791 68.396545 0.0413 3.0 58.0
-35.45039 66.99645 0.0413 3.0 58.0
-35.45039 66.99645 0.0414 0.0 59.0
-35.070522 65.37245 -0.21931715414 0.0 59.0
-35.070522 65.37245 -0.21931715415 0.0 60.0
-34.63189 63.748447 -0.21931715415 0.0 60.0
-35.45039 66.99645 0.0416 2.0 59.0
-36.38287 65.59636 0.0416 2.0 59.0
-36.38287 65.59636 0.0417 1.0 60.0
-37.31535 64.196266 0.0417 1.0 60.0
-37.31535 64.196266 0.0418 0.0 61.0
-38.75952 63.97503 0.83379227418 0.0 61.0
-38.75952 63.97503 0.83379227419 0.0 62.0
-40.427105 63.75379 0.83379227419 0.0 62.0
-37.31535 64.196266 0.0420 0.0 61.0
-36.876717 62.57226 0.0420 0.0 61.0
-36.876717 62.57226 0.0421 0.0 62.0
-36.438084 60.948257 0.0421 0.0 62.0
