0.0 0.0 0.00 27.0 1.0
0.0 3.0057247 0.00 27.0 1.0
0.0 3.0057247 0.01 26.0 2.0
0.0 6.0114493 0.01 26.0 2.0
0.0 6.0114493 0.02 1.0 3.0
0.0 9.017174 0.02 1.0 3.0
0.0 9.017174 0.03 0.0 4.0
-1.2504808 11.653354 0.72196553 0.0 4.0
-1.2504808 11.653354 0.72196554 0.0 5.0
-3.4439569 13.271768 1.98836954 0.0 5.0
0.0 6.0114493 0.05 1.0 3.0
-2.5971086 6.2141395 1.49944145 1.0 3.0
-2.5971086 6.2141395 1.49944146 0.0 4.0
-4.7905846 7.8325534 2.76584536 0.0 4.0
-4.7905846 7.8325534 2.76584537 0.0 5.0
-6.0410657 10.468733 3.4878117 0.0 5.0
0.0 6.0114493 0.08 25.0 3.0
-2.5328078 7.6298637 0.08 25.0 3.0
-2.5328078 7.6298637 0.09 24.0 4.0
-5.0656157 9.248278 0.09 24.0 4.0
-5.0656157 9.248278 0.010 1.0 5.0
-7.2590914 10.866692 1.26640410 1.0 5.0
-7.2590914 10.866692 1.26640411 0.0 6.0
-9.8562 11.069382 2.765845311 0.0 6.0
-9.8562 11.069382 2.765845312 0.0 7.0
-12.218328 9.806508 4.129620612 0.0 7.0
-5.0656157 9.248278 0.013 1.0 5.0
-6.6119294 6.830373 0.892764813 1.0 5.0
-6.6119294 6.830373 0.892764814 0.0 6.0
-8.974057 5.5674987 2.256539814 0.0 6.0
-8.974057 5.5674987 2.256539815 0.0 7.0
-11.571166 5.770189 3.755981215 0.0 7.0
-5.0656157 9.248278 0.016 7.0 5.0
-7.2590914 10.866692 1.26640416 7.0 5.0
-7.2590914 10.866692 1.26640417 6.0 6.0
-9.452567 12.4851055 2.53280817 6.0 6.0
-9.452567 12.4851055 2.53280818 1.0 7.0
-11.646043 14.103519 3.79921218 1.0 7.0
-11.646043 14.103519 3.79921219 0.0 8.0
-14.243152 14.30621 5.298653619 0.0 8.0
-14.243152 14.30621 5.298653620 0.0 9.0
-16.60528 13.043336 6.66242920 0.0 9.0
-9.452567 12.4851055 2.53280821 1.0 7.0
-10.998881 10.067201 3.425572921 1.0 7.0
-10.998881 10.067201 3.425572922 0.0 8.0
-13.36101 8.804327 4.789347622 0.0 8.0
-13.36101 8.804327 4.789347623 0.0 9.0
-15.958118 9.007017 6.28878923 0.0 9.0
-9.452567 12.4851055 2.53280824 5.0 7.0
-11.238096 10.067201 2.53280824 5.0 7.0
-11.238096 10.067201 2.53280825 4.0 8.0
-13.023626 7.649296 2.53280825 4.0 8.0
-13.023626 7.649296 2.53280826 1.0 9.0
-14.569941 5.231391 3.425572926 1.0 9.0
-14.569941 5.231391 3.425572927 0.0 10.0
-14.920212 2.2530031 3.62780227 0.0 10.0
-14.920212 2.2530031 3.62780228 0.0 11.0
-13.98831 -0.5535002 3.089768228 0.0 11.0
-13.023626 7.649296 2.53280829 1.0 9.0
-11.038701 5.70478 1.386810829 1.0 9.0
-11.038701 5.70478 1.386810830 0.0 10.0
-10.106799 2.8982773 0.848776830 0.0 10.0
-10.106799 2.8982773 0.848776831 0.0 11.0
-10.457069 -0.08011055 1.051005531 0.0 11.0
-13.023626 7.649296 2.53280832 3.0 9.0
-10.731632 5.70478 2.53280832 3.0 9.0
-10.731632 5.70478 2.53280833 2.0 10.0
-8.439638 3.7602644 2.53280833 2.0 10.0
-8.439638 3.7602644 2.53280834 1.0 11.0
-6.454713 1.8157486 1.386810834 1.0 11.0
-6.454713 1.8157486 1.386810835 0.0 12.0
-3.904845 1.2113645 -0.0853561235 0.0 12.0
-3.904845 1.2113645 -0.0853561236 0.0 13.0
-1.417032 2.0957267 -1.521695636 0.0 13.0
-8.439638 3.7602644 2.53280837 1.0 11.0
-6.625618 5.9159136 1.48548337 1.0 11.0
-6.625618 5.9159136 1.48548338 0.0 12.0
-4.137805 6.800276 0.04914355338 0.0 12.0
-4.137805 6.800276 0.04914355339 0.0 13.0
-1.5879371 6.195892 -1.423023339 0.0 13.0
-5.0656157 9.248278 0.040 7.0 5.0
-6.6119294 6.830373 0.892764840 7.0 5.0
-6.6119294 6.830373 0.892764841 6.0 6.0
-8.158243 4.412468 1.785529641 6.0 6.0
-8.158243 4.412468 1.785529642 1.0 7.0
-9.704557 1.9945629 2.678294442 1.0 7.0
-9.704557 1.9945629 2.678294443 0.0 8.0
-10.054829 -0.98382497 2.880523443 0.0 8.0
-10.054829 -0.98382497 2.880523444 0.0 9.0
-9.122927 -3.7903283 2.342489744 0.0 9.0
-8.158243 4.412468 1.785529645 1.0 7.0
-6.173318 2.4679523 0.639532345 1.0 7.0
-6.173318 2.4679523 0.639532346 0.0 8.0
-5.241416 -0.33855057 0.10149836546 0.0 8.0
-5.241416 -0.33855057 0.10149836547 0.0 9.0
-5.5916862 -3.3169384 0.3037270347 0.0 9.0
-8.158243 4.412468 1.785529648 5.0 7.0
-8.562701 1.4340801 1.785529648 5.0 7.0
-8.562701 1.4340801 1.785529649 4.0 8.0
-8.967159 -1.5443077 1.785529649 4.0 8.0
-8.967159 -1.5443077 1.785529650 1.0 9.0
-9.3174305 -4.5226955 1.987758650 1.0 9.0
-9.3174305 -4.5226955 1.987758651 0.0 10.0
-8.385529 -7.329199 1.449724951 0.0 10.0
-8.385529 -7.329199 1.449724952 0.0 11.0
-6.4006033 -9.273715 0.3037276352 0.0 11.0
-8.967159 -1.5443077 1.785529653 1.0 9.0
-6.4172916 -2.1486917 0.3133627253 1.0 9.0
-6.4172916 -2.1486917 0.3133627254 0.0 10.0
-4.4323664 -4.0932074 -0.8326345754 0.0 10.0
-4.4323664 -4.0932074 -0.8326345755 0.0 11.0
-3.5004642 -6.89971 -1.370668555 0.0 11.0
-8.967159 -1.5443077 1.785529656 3.0 9.0
-7.8910913 -4.3508105 1.785529656 3.0 9.0
-7.8910913 -4.3508105 1.785529657 2.0 10.0
-6.8150234 -7.1573133 1.785529657 2.0 10.0
-6.8150234 -7.1573133 1.785529658 1.0 11.0
-5.8831215 -9.963816 1.247495758 1.0 11.0
-5.8831215 -9.963816 1.247495759 0.0 12.0
-3.898196 -11.908332 0.10149836559 0.0 12.0
-3.898196 -11.908332 0.10149836560 0.0 13.0
-1.3483281 -12.512716 -1.370668560 0.0 13.0
-6.8150234 -7.1573133 1.785529661 1.0 11.0
-4.3272104 -6.272951 0.3491901261 1.0 11.0
-4.3272104 -6.272951 0.3491901262 0.0 12.0
-1.7773426 -6.877335 -1.122976862 0.0 12.0
-1.7773426 -6.877335 -1.122976863 0.0 13.0
0.20758295 -8.821851 -2.26897463 0.0 13.0
-5.0656157 9.248278 0.064 23.0 5.0
-7.7931657 7.9854035 0.064 23.0 5.0
-7.7931657 7.9854035 0.065 22.0 6.0
-10.520716 6.7225294 0.065 22.0 6.0
-10.520716 6.7225294 0.066 1.0 7.0
-12.882843 5.4596553 1.36377566 1.0 7.0
-12.882843 5.4596553 1.36377567 0.0 8.0
-14.429157 3.0417502 2.256539867 0.0 8.0
-14.429157 3.0417502 2.256539868 0.0 9.0
-14.7794285 0.06336236 2.458768868 0.0 9.0
-10.520716 6.7225294 0.069 1.0 7.0
-9.588814 3.916026 -0.5380336669 1.0 7.0
-9.588814 3.916026 -0.5380336670 0.0 8.0
-9.939085 0.9376383 -0.3358046470 0.0 8.0
-9.939085 0.9376383 -0.3358046471 0.0 9.0
-11.485399 -1.4802668 0.5569601771 0.0 9.0
-10.520716 6.7225294 0.072 21.0 7.0
-10.925174 3.7441416 0.072 21.0 7.0
-10.925174 3.7441416 0.073 20.0 8.0
-11.329632 0.76575375 0.073 20.0 8.0
-11.329632 0.76575375 0.074 1.0 9.0
-11.679903 -2.212634 0.2022290174 1.0 9.0
-11.679903 -2.212634 0.2022290175 0.0 10.0
-10.748001 -5.0191374 -0.3358046475 0.0 10.0
-10.748001 -5.0191374 -0.3358046476 0.0 11.0
-8.763076 -6.963653 -1.48180276 0.0 11.0
-11.329632 0.76575375 0.077 1.0 9.0
-8.779764 0.16136974 -1.472166977 1.0 9.0
-8.779764 0.16136974 -1.472166978 0.0 10.0
-6.794839 -1.7831461 -2.61816478 0.0 10.0
-6.794839 -1.7831461 -2.61816479 0.0 11.0
-5.862937 -4.589649 -3.15619879 0.0 11.0
-11.329632 0.76575375 0.080 7.0 9.0
-11.679902 -2.212634 0.2022286880 7.0 9.0
-11.679902 -2.212634 0.2022286881 6.0 10.0
-12.030172 -5.191022 0.4044573681 6.0 10.0
-12.030172 -5.191022 0.4044573682 1.0 11.0
-12.380443 -8.16941 0.6066860682 1.0 11.0
-12.380443 -8.16941 0.6066860683 0.0 12.0
-11.448541 -10.975912 0.0686520983 0.0 12.0
-11.448541 -10.975912 0.0686520984 0.0 13.0
-9.463615 -12.920428 -1.077345184 0.0 13.0
-12.030172 -5.191022 0.4044573685 1.0 11.0
-9.480305 -5.795406 -1.067709685 1.0 11.0
-9.480305 -5.795406 -1.067709686 0.0 12.0
-7.4953794 -7.7399216 -2.21370786 0.0 12.0
-7.4953794 -7.7399216 -2.21370787 0.0 13.0
-6.5634775 -10.546425 -2.75174187 0.0 13.0
-12.030172 -5.191022 0.4044573688 5.0 11.0
-9.085838 -5.795406 0.4044573688 5.0 11.0
-9.085838 -5.795406 0.4044573689 4.0 12.0
-6.1415043 -6.39979 0.4044573689 4.0 12.0
-6.1415043 -6.39979 0.4044573690 1.0 13.0
-3.5916364 -7.0041738 -1.067709690 1.0 13.0
-3.5916364 -7.0041738 -1.067709691 0.0 14.0
-1.1038234 -6.1198115 -2.50404991 0.0 14.0
-1.1038234 -6.1198115 -2.50404992 0.0 15.0
0.7101966 -3.9641626 -3.55137492 0.0 15.0
-6.1415043 -6.39979 0.4044573693 1.0 13.0
-5.447334 -3.502915 0.00367784593 1.0 13.0
-5.447334 -3.502915 0.00367784594 0.0 14.0
-3.6333137 -1.347266 -1.043647294 0.0 14.0
-3.6333137 -1.347266 -1.043647295 0.0 15.0
-1.1455007 -0.4629038 -2.479986795 0.0 15.0
-6.1415043 -6.39979 0.4044573696 3.0 13.0
-5.3399453 -3.502915 0.4044573696 3.0 13.0
-5.3399453 -3.502915 0.4044573697 2.0 14.0
-4.5383863 -0.60604 0.4044573697 2.0 14.0
-4.5383863 -0.60604 0.4044573698 1.0 15.0
-3.8442159 2.290835 0.00367784598 1.0 15.0
-3.8442159 2.290835 0.00367784599 0.0 16.0
-4.440587 5.216612 0.3479929699 0.0 16.0
-4.440587 5.216612 0.34799296100 0.0 17.0
-6.1808558 7.4518595 1.3527377100 0.0 17.0
-4.5383863 -0.60604 0.40445736101 1.0 15.0
-6.994632 0.38904494 1.8225712101 1.0 15.0
-6.994632 0.38904494 1.8225712102 0.0 16.0
-8.7349 2.6242926 2.8273158102 0.0 16.0
-8.7349 2.6242926 2.8273158103 0.0 17.0
-9.331272 5.5500693 3.1716309103 0.0 17.0
-11.329632 0.76575375 0.0104 7.0 9.0
-8.779764 0.16136974 -1.4721669104 7.0 9.0
-8.779764 0.16136974 -1.4721669105 6.0 10.0
-6.2298965 -0.44301426 -2.9443338105 6.0 10.0
-6.2298965 -0.44301426 -2.9443338106 1.0 11.0
-3.6800287 -1.0473983 -4.4165006106 1.0 11.0
-3.6800287 -1.0473983 -4.4165006107 0.0 12.0
-1.1922157 -0.16303617 -5.85284107 0.0 12.0
-1.1922157 -0.16303617 -5.85284108 0.0 13.0
0.62180436 1.9926128 -6.900165108 0.0 13.0
-6.2298965 -0.44301426 -2.9443338109 1.0 11.0
-5.535726 2.4538608 -3.3451133109 1.0 11.0
-5.535726 2.4538608 -3.3451133110 0.0 12.0
-3.721706 4.6095095 -4.3924384110 0.0 12.0
-3.721706 4.6095095 -4.3924384111 0.0 13.0
-1.2338929 5.4938717 -5.828778111 0.0 13.0
-6.2298965 -0.44301426 -2.9443338112 5.0 11.0
-3.3572176 0.4413479 -2.9443338112 5.0 11.0
-3.3572176 0.4413479 -2.9443338113 4.0 12.0
-0.48453856 1.32571 -2.9443338113 4.0 12.0
-0.48453856 1.32571 -2.9443338114 1.0 13.0
2.0032744 2.2100723 -4.3806734114 1.0 13.0
2.0032744 2.2100723 -4.3806734115 0.0 14.0
3.8172946 4.365721 -5.4279985115 0.0 14.0
3.8172946 4.365721 -5.4279985116 0.0 15.0
4.511465 7.262596 -5.8287783116 0.0 15.0
-0.48453856 1.32571 -2.9443338117 1.0 13.0
-1.0809098 4.251487 -2.6000187117 1.0 13.0
-1.0809098 4.251487 -2.6000187118 0.0 14.0
-0.38673937 7.1483617 -3.0007982118 0.0 14.0
-0.38673937 7.1483617 -3.0007982119 0.0 15.0
1.4272807 9.30401 -4.0481234119 0.0 15.0
-0.48453856 1.32571 -2.9443338120 3.0 13.0
1.6101115 3.481359 -2.9443338120 3.0 13.0
1.6101115 3.481359 -2.9443338121 2.0 14.0
3.7047615 5.6370077 -2.9443338121 2.0 14.0
3.7047615 5.6370077 -2.9443338122 1.0 15.0
5.5187817 7.792657 -3.9916587122 1.0 15.0
5.5187817 7.792657 -3.9916587123 0.0 16.0
6.212952 10.689531 -4.3924384123 0.0 16.0
6.212952 10.689531 -4.3924384124 0.0 17.0
5.616581 13.615308 -4.0481234124 0.0 17.0
3.7047615 5.6370077 -2.9443338125 1.0 15.0
1.9644926 7.8722553 -1.939589125 1.0 15.0
1.9644926 7.8722553 -1.939589126 0.0 16.0
1.3681213 10.798032 -1.595274126 0.0 16.0
1.3681213 10.798032 -1.595274127 0.0 17.0
2.0622916 13.694906 -1.9960535127 0.0 17.0
-11.329632 0.76575375 0.0128 19.0 9.0
-11.679902 -2.212634 0.20222868128 19.0 9.0
-11.679902 -2.212634 0.20222868129 18.0 10.0
-12.030172 -5.191022 0.40445736129 18.0 10.0
-12.030172 -5.191022 0.40445736130 1.0 11.0
-12.380443 -8.16941 0.60668606130 1.0 11.0
-12.380443 -8.16941 0.60668606131 0.0 12.0
-11.448541 -10.975912 0.06865209131 0.0 12.0
-11.448541 -10.975912 0.06865209132 0.0 13.0
-9.463615 -12.920428 -1.0773451132 0.0 13.0
-12.030172 -5.191022 0.40445736133 1.0 11.0
-9.480305 -5.795406 -1.0677096133 1.0 11.0
-9.480305 -5.795406 -1.0677096134 0.0 12.0
-7.4953794 -7.7399216 -2.213707134 0.0 12.0
-7.4953794 -7.7399216 -2.213707135 0.0 13.0
-6.5634775 -10.546425 -2.751741135 0.0 13.0
-12.030172 -5.191022 0.40445736136 17.0 11.0
-9.738178 -7.1355376 0.40445736136 17.0 11.0
-9.738178 -7.1355376 0.40445736137 16.0 12.0
-7.4461837 -9.080053 0.40445736137 16.0 12.0
-7.4461837 -9.080053 0.40445736138 1.0 13.0
-5.461258 -11.0245695 -0.74153996138 1.0 13.0
-5.461258 -11.0245695 -0.74153996139 0.0 14.0
-2.91139 -11.628954 -2.213707139 0.0 14.0
-2.91139 -11.628954 -2.213707140 0.0 15.0
-0.42357707 -10.744592 -3.6500463140 0.0 15.0
-7.4461837 -9.080053 0.40445736141 1.0 13.0
-5.6321635 -6.924404 -0.6428677141 1.0 13.0
-5.6321635 -6.924404 -0.6428677142 0.0 14.0
-3.1443505 -6.040042 -2.0792072142 0.0 14.0
-3.1443505 -6.040042 -2.0792072143 0.0 15.0
-0.59448266 -6.644426 -3.551374143 0.0 15.0
-7.4461837 -9.080053 0.40445736144 7.0 13.0
-5.461258 -11.0245695 -0.74153996144 7.0 13.0
-5.461258 -11.0245695 -0.74153996145 6.0 14.0
-3.4763324 -12.969086 -1.8875372145 6.0 14.0
-3.4763324 -12.969086 -1.8875372146 1.0 15.0
-1.4914069 -14.913602 -3.0335345146 1.0 15.0
-1.4914069 -14.913602 -3.0335345147 0.0 16.0
1.058461 -15.517986 -4.5057015147 0.0 16.0
1.058461 -15.517986 -4.5057015148 0.0 17.0
3.546274 -14.633624 -5.942041148 0.0 17.0
-3.4763324 -12.969086 -1.8875372149 1.0 15.0
-1.6623124 -10.8134365 -2.9348621149 1.0 15.0
-1.6623124 -10.8134365 -2.9348621150 0.0 16.0
0.8255006 -9.929074 -4.3712015150 0.0 16.0
0.8255006 -9.929074 -4.3712015151 0.0 17.0
3.3753686 -10.533459 -5.8433685151 0.0 17.0
-3.4763324 -12.969086 -1.8875372152 5.0 15.0
-1.3816824 -10.8134365 -1.8875372152 5.0 15.0
-1.3816824 -10.8134365 -1.8875372153 4.0 16.0
0.71296763 -8.657787 -1.8875372153 4.0 16.0
0.71296763 -8.657787 -1.8875372154 1.0 17.0
2.5269876 -6.502138 -2.9348621154 1.0 17.0
2.5269876 -6.502138 -2.9348621155 0.0 18.0
3.221158 -3.6052632 -3.3356416155 0.0 18.0
3.221158 -3.6052632 -3.3356416156 0.0 19.0
2.6247869 -0.6794865 -2.9913266156 0.0 19.0
0.71296763 -8.657787 -1.8875372157 1.0 17.0
-1.0273013 -6.4225397 -0.8827925157 1.0 17.0
-1.0273013 -6.4225397 -0.8827925158 0.0 18.0
-1.6236726 -3.496763 -0.53847736158 0.0 18.0
-1.6236726 -3.496763 -0.53847736159 0.0 19.0
-0.9295021 -0.5998881 -0.9392569159 0.0 19.0
0.71296763 -8.657787 -1.8875372160 3.0 17.0
-1.2965219 -6.4225397 -1.8875372160 3.0 17.0
-1.2965219 -6.4225397 -1.8875372161 2.0 18.0
-3.3060114 -4.187292 -1.8875372161 2.0 18.0
-3.3060114 -4.187292 -1.8875372162 1.0 19.0
-5.0462804 -1.9520445 -0.8827925162 1.0 19.0
-5.0462804 -1.9520445 -0.8827925163 0.0 20.0
-7.5025253 -0.95695955 0.53532135163 0.0 20.0
-7.5025253 -0.95695955 0.53532135164 0.0 21.0
-10.07077 -1.4467242 2.0180984164 0.0 21.0
-3.3060114 -4.187292 -1.8875372165 1.0 19.0
-5.3547406 -6.041475 -0.704703165 1.0 19.0
-5.3547406 -6.041475 -0.704703166 0.0 20.0
-7.922986 -6.5312395 0.77807415166 0.0 20.0
-7.922986 -6.5312395 0.77807415167 0.0 21.0
-10.379231 -5.5361557 2.196188167 0.0 21.0
-7.4461837 -9.080053 0.40445736168 7.0 13.0
-5.6321635 -6.924404 -0.6428677168 7.0 13.0
-5.6321635 -6.924404 -0.6428677169 6.0 14.0
-3.8181434 -4.768755 -1.6901927169 6.0 14.0
-3.8181434 -4.768755 -1.6901927170 1.0 15.0
-2.0041232 -2.613106 -2.7375178170 1.0 15.0
-2.0041232 -2.613106 -2.7375178171 0.0 16.0
-1.3099527 0.2837689 -3.1382973171 0.0 16.0
-1.3099527 0.2837689 -3.1382973172 0.0 17.0
-1.906324 3.2095456 -2.7939823172 0.0 17.0
-3.8181434 -4.768755 -1.6901927173 1.0 15.0
-5.5584126 -2.5335073 -0.68544793173 1.0 15.0
-5.5584126 -2.5335073 -0.68544793174 0.0 16.0
-6.1547837 0.39226937 -0.34113282174 0.0 16.0
-6.1547837 0.39226937 -0.34113282175 0.0 17.0
-5.4606133 3.2891443 -0.74191236175 0.0 17.0
-3.8181434 -4.768755 -1.6901927176 5.0 15.0
-3.0165844 -1.87188 -1.6901927176 5.0 15.0
-3.0165844 -1.87188 -1.6901927177 4.0 16.0
-2.2150254 1.0249949 -1.6901927177 4.0 16.0
-2.2150254 1.0249949 -1.6901927178 1.0 17.0
-1.520855 3.9218698 -2.0909722178 1.0 17.0
-1.520855 3.9218698 -2.0909722179 0.0 18.0
-2.1172261 6.8476467 -1.7466571179 0.0 18.0
-2.1172261 6.8476467 -1.7466571180 0.0 19.0
-3.857495 9.082894 -0.74191236180 0.0 19.0
-2.2150254 1.0249949 -1.6901927181 1.0 17.0
-4.6712704 2.0200799 -0.27207887181 1.0 17.0
-4.6712704 2.0200799 -0.27207887182 0.0 18.0
-6.411539 4.255327 0.7326659182 0.0 18.0
-6.411539 4.255327 0.7326659183 0.0 19.0
-7.0079103 7.1811037 1.0769811183 0.0 19.0
-2.2150254 1.0249949 -1.6901927184 3.0 17.0
-2.9036555 3.9507716 -1.6901927184 3.0 17.0
-2.9036555 3.9507716 -1.6901927185 2.0 18.0
-3.5922856 6.8765483 -1.6901927185 2.0 18.0
-3.5922856 6.8765483 -1.6901927186 1.0 19.0
-4.188657 9.802325 -1.3458776186 1.0 19.0
-4.188657 9.802325 -1.3458776187 0.0 20.0
-5.9289255 12.037573 -0.34113288187 0.0 20.0
-5.9289255 12.037573 -0.34113288188 0.0 21.0
-8.385171 13.032658 1.076981188 0.0 21.0
-3.5922856 6.8765483 -1.6901927189 1.0 19.0
-6.160531 6.3867836 -0.20741558189 1.0 19.0
-6.160531 6.3867836 -0.20741558190 0.0 20.0
-8.616776 7.3818674 1.2106984190 0.0 20.0
-8.616776 7.3818674 1.2106984191 0.0 21.0
-10.357046 9.617114 2.2154436191 0.0 21.0
-7.4461837 -9.080053 0.40445736192 15.0 13.0
-5.351534 -6.924404 0.40445736192 15.0 13.0
-5.351534 -6.924404 0.40445736193 14.0 14.0
-3.2568839 -4.768755 0.40445736193 14.0 14.0
-3.2568839 -4.768755 0.40445736194 1.0 15.0
-1.4428638 -2.613106 -0.6428677194 1.0 15.0
-1.4428638 -2.613106 -0.6428677195 0.0 16.0
-0.74869335 0.2837689 -1.0436472195 0.0 16.0
-0.74869335 0.2837689 -1.0436472196 0.0 17.0
-1.3450646 3.2095456 -0.69933206196 0.0 17.0
-3.2568839 -4.768755 0.40445736197 1.0 15.0
-4.997153 -2.5335073 1.4092021197 1.0 15.0
-4.997153 -2.5335073 1.4092021198 0.0 16.0
-5.593524 0.39226937 1.7535172198 0.0 16.0
-5.593524 0.39226937 1.7535172199 0.0 17.0
-4.8993535 3.2891443 1.3527377199 0.0 17.0
-3.2568839 -4.768755 0.40445736200 13.0 15.0
-3.9455142 -1.8429782 0.40445736200 13.0 15.0
-3.9455142 -1.8429782 0.40445736201 12.0 16.0
-4.6341443 1.0827985 0.40445736201 12.0 16.0
-4.6341443 1.0827985 0.40445736202 1.0 17.0
-5.2305155 4.0085754 0.7487725202 1.0 17.0
-5.2305155 4.0085754 0.7487725203 0.0 18.0
-6.970784 6.243823 1.7535173203 0.0 18.0
-6.970784 6.243823 1.7535173204 0.0 19.0
-9.42703 7.238908 3.171631204 0.0 19.0
-4.6341443 1.0827985 0.40445736205 1.0 17.0
-7.2023897 0.59303385 1.8872344205 1.0 17.0
-7.2023897 0.59303385 1.8872344206 0.0 18.0
-9.658635 1.5881175 3.3053484206 0.0 18.0
-9.658635 1.5881175 3.3053484207 0.0 19.0
-11.398905 3.8233643 4.310094207 0.0 19.0
-4.6341443 1.0827985 0.40445736208 7.0 17.0
-5.2305155 4.0085754 0.7487725208 7.0 17.0
-5.2305155 4.0085754 0.7487725209 6.0 18.0
-5.8268867 6.934352 1.0930877209 6.0 18.0
-5.8268867 6.934352 1.0930877210 1.0 19.0
-6.423258 9.860128 1.4374027210 1.0 19.0
-6.423258 9.860128 1.4374027211 0.0 20.0
-8.163527 12.095376 2.4421475211 0.0 20.0
-8.163527 12.095376 2.4421475212 0.0 21.0
-10.619772 13.090461 3.8602614212 0.0 21.0
-5.8268867 6.934352 1.0930877213 1.0 19.0
-8.395132 6.444587 2.5758648213 1.0 19.0
-8.395132 6.444587 2.5758648214 0.0 20.0
-10.8513775 7.439671 3.9939787214 0.0 20.0
-10.8513775 7.439671 3.9939787215 0.0 21.0
-12.591647 9.674918 4.998724215 0.0 21.0
-5.8268867 6.934352 1.0930877216 5.0 19.0
-8.79244 6.444587 1.0930877216 5.0 19.0
-8.79244 6.444587 1.0930877217 4.0 20.0
-11.757995 5.9548225 1.0930877217 4.0 20.0
-11.757995 5.9548225 1.0930877218 1.0 21.0
-14.32624 5.465058 2.5758648218 1.0 21.0
-14.32624 5.465058 2.5758648219 0.0 22.0
-16.37497 3.6108751 3.758699219 0.0 22.0
-16.37497 3.6108751 3.758699220 0.0 23.0
-17.400412 0.84820676 4.3507385220 0.0 23.0
-11.757995 5.9548225 1.0930877221 1.0 21.0
-11.508001 2.9629917 0.9487537221 1.0 21.0
-11.508001 2.9629917 0.9487537222 0.0 22.0
-12.533444 0.20032334 1.5407933222 0.0 22.0
-12.533444 0.20032334 1.5407933223 0.0 23.0
-14.582173 -1.6538594 2.7236276223 0.0 23.0
-11.757995 5.9548225 1.0930877224 3.0 21.0
-11.469327 2.9629917 1.0930877224 3.0 21.0
-11.469327 2.9629917 1.0930877225 2.0 22.0
-11.180659 -0.028839111 1.0930877225 2.0 22.0
-11.180659 -0.028839111 1.0930877226 1.0 23.0
-10.930666 -3.02067 0.9487537226 1.0 23.0
-10.930666 -3.02067 0.9487537227 0.0 24.0
-9.466708 -5.50599 0.10353708227 0.0 24.0
-9.466708 -5.50599 0.10353708228 0.0 25.0
-7.1487637 -6.8736744 -1.2347287228 0.0 25.0
-11.180659 -0.028839111 1.0930877229 1.0 23.0
-8.578697 0.057417832 -0.40915573229 1.0 23.0
-8.578697 0.057417832 -0.40915573230 0.0 24.0
-6.2607527 -1.3102664 -1.7474215230 0.0 24.0
-6.2607527 -1.3102664 -1.7474215231 0.0 25.0
-4.7967944 -3.7955866 -2.592638231 0.0 25.0
-4.6341443 1.0827985 0.40445736232 7.0 17.0
-7.2023897 0.59303385 1.8872344232 7.0 17.0
-7.2023897 0.59303385 1.8872344233 6.0 18.0
-9.770635 0.10326922 3.3700116233 6.0 18.0
-9.770635 0.10326922 3.3700116234 1.0 19.0
-12.33888 -0.3864954 4.852789234 1.0 19.0
-12.33888 -0.3864954 4.852789235 0.0 20.0
-14.387609 -2.240678 6.035623235 0.0 20.0
-14.387609 -2.240678 6.035623236 0.0 21.0
-15.413052 -5.0033464 6.6276627236 0.0 21.0
-9.770635 0.10326922 3.3700116237 1.0 19.0
-9.520641 -2.8885617 3.2256777237 1.0 19.0
-9.520641 -2.8885617 3.2256777238 0.0 20.0
-10.546084 -5.65123 3.8177173238 0.0 20.0
-10.546084 -5.65123 3.8177173239 0.0 21.0
-12.594813 -7.5054126 5.0005517239 0.0 21.0
-9.770635 0.10326922 3.3700116240 5.0 19.0
-12.136303 -1.7509135 3.3700116240 5.0 19.0
-12.136303 -1.7509135 3.3700116241 4.0 20.0
-14.501971 -3.6050963 3.3700116241 4.0 20.0
-14.501971 -3.6050963 3.3700116242 1.0 21.0
-16.550701 -5.459279 4.552846242 1.0 21.0
-16.550701 -5.459279 4.552846243 0.0 22.0
-17.576143 -8.221948 5.1448855243 0.0 22.0
-17.576143 -8.221948 5.1448855244 0.0 23.0
-17.326149 -11.2137785 5.0005517244 0.0 23.0
-14.501971 -3.6050963 3.3700116245 1.0 21.0
-13.038013 -6.0904164 2.524795245 1.0 21.0
-13.038013 -6.0904164 2.524795246 0.0 22.0
-12.78802 -9.082247 2.3804612246 0.0 22.0
-12.78802 -9.082247 2.3804612247 0.0 23.0
-13.813463 -11.844915 2.9725008247 0.0 23.0
-14.501971 -3.6050963 3.3700116248 3.0 21.0
-15.68605 -6.3677645 3.3700116248 3.0 21.0
-15.68605 -6.3677645 3.3700116249 2.0 22.0
-16.870129 -9.130433 3.3700116249 2.0 22.0
-16.870129 -9.130433 3.3700116250 1.0 23.0
-17.89557 -11.893102 3.9620512250 1.0 23.0
-17.89557 -11.893102 3.9620512251 0.0 24.0
-17.645576 -14.8849325 3.8177173251 0.0 24.0
-17.645576 -14.8849325 3.8177173252 0.0 25.0
-16.181618 -17.370253 2.9725008252 0.0 25.0
-16.870129 -9.130433 3.3700116253 1.0 23.0
-14.552184 -10.498117 2.031746253 1.0 23.0
-14.552184 -10.498117 2.031746254 0.0 24.0
-13.088226 -12.983438 1.1865293254 0.0 24.0
-13.088226 -12.983438 1.1865293255 0.0 25.0
-12.838233 -15.975268 1.0421953255 0.0 25.0
-4.6341443 1.0827985 0.40445736256 11.0 17.0
-7.5996985 0.59303385 0.40445736256 11.0 17.0
-7.5996985 0.59303385 0.40445736257 10.0 18.0
-10.565252 0.10326922 0.40445736257 10.0 18.0
-10.565252 0.10326922 0.40445736258 1.0 19.0
-13.133497 -0.3864954 1.8872344258 1.0 19.0
-13.133497 -0.3864954 1.8872344259 0.0 20.0
-15.182226 -2.240678 3.0700688259 0.0 20.0
-15.182226 -2.240678 3.0700688260 0.0 21.0
-16.207668 -5.0033464 3.6621084260 0.0 21.0
-10.565252 0.10326922 0.40445736261 1.0 19.0
-10.315259 -2.8885617 0.26012343261 1.0 19.0
-10.315259 -2.8885617 0.26012343262 0.0 20.0
-11.340702 -5.65123 0.852163262 0.0 20.0
-11.340702 -5.65123 0.852163263 0.0 21.0
-13.389431 -7.5054126 2.0349972263 0.0 21.0
-10.565252 0.10326922 0.40445736264 9.0 19.0
-11.749331 -2.659399 0.40445736264 9.0 19.0
-11.749331 -2.659399 0.40445736265 8.0 20.0
-12.933411 -5.4220676 0.40445736265 8.0 20.0
-12.933411 -5.4220676 0.40445736266 1.0 21.0
-13.958854 -8.184736 0.9964969266 1.0 21.0
-13.958854 -8.184736 0.9964969267 0.0 22.0
-13.70886 -11.176567 0.85216296267 0.0 22.0
-13.70886 -11.176567 0.85216296268 0.0 23.0
-12.244903 -13.661887 0.0069463253268 0.0 23.0
-12.933411 -5.4220676 0.40445736269 1.0 21.0
-10.615466 -6.789752 -0.93380845269 1.0 21.0
-10.615466 -6.789752 -0.93380845270 0.0 22.0
-9.151508 -9.275072 -1.7790251270 0.0 22.0
-9.151508 -9.275072 -1.7790251271 0.0 23.0
-8.901515 -12.266903 -1.923359271 0.0 23.0
-12.933411 -5.4220676 0.40445736272 7.0 21.0
-13.958854 -8.184736 0.9964969272 7.0 21.0
-13.958854 -8.184736 0.9964969273 6.0 22.0
-14.984297 -10.947405 1.5885365273 6.0 22.0
-14.984297 -10.947405 1.5885365274 1.0 23.0
-16.009739 -13.710073 2.180576274 1.0 23.0
-16.009739 -13.710073 2.180576275 0.0 24.0
-15.759746 -16.701904 2.0362422275 0.0 24.0
-15.759746 -16.701904 2.0362422276 0.0 25.0
-14.295788 -19.187225 1.1910256276 0.0 25.0
-14.984297 -10.947405 1.5885365277 1.0 23.0
-12.666352 -12.315089 0.25027072277 1.0 23.0
-12.666352 -12.315089 0.25027072278 0.0 24.0
-11.2023945 -14.800409 -0.5949459278 0.0 24.0
-11.2023945 -14.800409 -0.5949459279 0.0 25.0
-10.952401 -17.79224 -0.73927987279 0.0 25.0
-14.984297 -10.947405 1.5885365280 5.0 23.0
-12.307765 -12.315089 1.5885365280 5.0 23.0
-12.307765 -12.315089 1.5885365281 4.0 24.0
-9.631233 -13.682774 1.5885365281 4.0 24.0
-9.631233 -13.682774 1.5885365282 1.0 25.0
-7.3132887 -15.050458 0.25027072282 1.0 25.0
-7.3132887 -15.050458 0.25027072283 0.0 26.0
-4.7113266 -14.964201 -1.2519727283 0.0 26.0
-4.7113266 -14.964201 -1.2519727284 0.0 27.0
-2.465154 -13.445213 -2.548801284 0.0 27.0
-9.631233 -13.682774 1.5885365285 1.0 25.0
-8.29317 -11.104565 0.81600523285 1.0 25.0
-8.29317 -11.104565 0.81600523286 0.0 26.0
-6.046997 -9.585577 -0.48082316286 0.0 26.0
-6.046997 -9.585577 -0.48082316287 0.0 27.0
-3.4450352 -9.49932 -1.9830666287 0.0 27.0
-9.631233 -13.682774 1.5885365288 3.0 25.0
-8.08617 -11.104565 1.5885365288 3.0 25.0
-8.08617 -11.104565 1.5885365289 2.0 26.0
-6.5411077 -8.526356 1.5885365289 2.0 26.0
-6.5411077 -8.526356 1.5885365290 1.0 27.0
-5.2030444 -5.948147 0.81600523290 1.0 27.0
-5.2030444 -5.948147 0.81600523291 0.0 28.0
-5.102112 -2.9446826 0.75773185291 0.0 28.0
-5.102112 -2.9446826 0.75773185292 0.0 29.0
-6.263129 -0.2544968 1.4280455292 0.0 29.0
-6.5411077 -8.526356 1.5885365293 1.0 27.0
-8.678587 -6.810949 2.822611293 1.0 27.0
-8.678587 -6.810949 2.822611294 0.0 28.0
-9.839604 -4.120763 3.4929247294 0.0 28.0
-9.839604 -4.120763 3.4929247295 0.0 29.0
-9.738672 -1.1172986 3.4346514295 0.0 29.0
-12.933411 -5.4220676 0.40445736296 7.0 21.0
-10.615466 -6.789752 -0.93380845296 7.0 21.0
-10.615466 -6.789752 -0.93380845297 6.0 22.0
-8.297522 -8.157436 -2.2720742297 6.0 22.0
-8.297522 -8.157436 -2.2720742298 1.0 23.0
-5.979577 -9.525121 -3.61034298 1.0 23.0
-5.979577 -9.525121 -3.61034299 0.0 24.0
-3.3776152 -9.438864 -5.1125836299 0.0 24.0
-3.3776152 -9.438864 -5.1125836300 0.0 25.0
-1.1314425 -7.9198756 -6.409412300 0.0 25.0
-8.297522 -8.157436 -2.2720742301 1.0 23.0
-6.9594584 -5.5792274 -3.0446055301 1.0 23.0
-6.9594584 -5.5792274 -3.0446055302 0.0 24.0
-4.7132854 -4.0602393 -4.341434302 0.0 24.0
-4.7132854 -4.0602393 -4.341434303 0.0 25.0
-2.1113236 -3.9739823 -5.8436775303 0.0 25.0
-8.297522 -8.157436 -2.2720742304 5.0 23.0
-5.2930346 -8.071179 -2.2720742304 5.0 23.0
-5.2930346 -8.071179 -2.2720742305 4.0 24.0
-2.2885478 -7.9849224 -2.2720742305 4.0 24.0
-2.2885478 -7.9849224 -2.2720742306 1.0 25.0
0.3134141 -7.8986654 -3.7743177306 1.0 25.0
0.3134141 -7.8986654 -3.7743177307 0.0 26.0
2.5595868 -6.3796773 -5.071146307 0.0 26.0
2.5595868 -6.3796773 -5.071146308 0.0 27.0
3.8976502 -3.8014681 -5.8436775308 0.0 27.0
-2.2885478 -7.9849224 -2.2720742309 1.0 25.0
-2.1876154 -4.981458 -2.3303475309 1.0 25.0
-2.1876154 -4.981458 -2.3303475310 0.0 26.0
-0.84955204 -2.403249 -3.1028788310 0.0 26.0
-0.84955204 -2.403249 -3.1028788311 0.0 27.0
1.3966206 -0.8842609 -4.3997073311 0.0 27.0
-2.2885478 -7.9849224 -2.2720742312 3.0 25.0
0.30510902 -6.4659343 -2.2720742312 3.0 25.0
0.30510902 -6.4659343 -2.2720742313 2.0 26.0
2.8987658 -4.946946 -2.2720742313 2.0 26.0
2.8987658 -4.946946 -2.2720742314 1.0 27.0
5.1449385 -3.427958 -3.5689025314 1.0 27.0
5.1449385 -3.427958 -3.5689025315 0.0 28.0
6.4830017 -0.84974885 -4.3414335315 0.0 28.0
6.4830017 -0.84974885 -4.3414335316 0.0 29.0
6.5839343 2.1537154 -4.399707316 0.0 29.0
2.8987658 -4.946946 -2.2720742317 1.0 27.0
1.7377485 -2.2567604 -1.6017606317 1.0 27.0
1.7377485 -2.2567604 -1.6017606318 0.0 28.0
1.8386809 0.74670386 -1.660034318 0.0 28.0
1.8386809 0.74670386 -1.660034319 0.0 29.0
3.1767442 3.324913 -2.4325652319 0.0 29.0
-11.329632 0.76575375 0.0320 19.0 9.0
-8.779764 0.16136974 -1.4721669320 19.0 9.0
-8.779764 0.16136974 -1.4721669321 18.0 10.0
-6.2298965 -0.44301426 -2.9443338321 18.0 10.0
-6.2298965 -0.44301426 -2.9443338322 1.0 11.0
-3.6800287 -1.0473983 -4.4165006322 1.0 11.0
-3.6800287 -1.0473983 -4.4165006323 0.0 12.0
-1.1922157 -0.16303617 -5.85284323 0.0 12.0
-1.1922157 -0.16303617 -5.85284324 0.0 13.0
0.62180436 1.9926128 -6.900165324 0.0 13.0
-6.2298965 -0.44301426 -2.9443338325 1.0 11.0
-5.535726 2.4538608 -3.3451133325 1.0 11.0
-5.535726 2.4538608 -3.3451133326 0.0 12.0
-3.721706 4.6095095 -4.3924384326 0.0 12.0
-3.721706 4.6095095 -4.3924384327 0.0 13.0
-1.2338929 5.4938717 -5.828778327 0.0 13.0
-6.2298965 -0.44301426 -2.9443338328 17.0 11.0
-4.1352463 1.7126347 -2.9443338328 17.0 11.0
-4.1352463 1.7126347 -2.9443338329 16.0 12.0
-2.0405962 3.8682837 -2.9443338329 16.0 12.0
-2.0405962 3.8682837 -2.9443338330 1.0 13.0
-0.22657621 6.0239325 -3.9916587330 1.0 13.0
-0.22657621 6.0239325 -3.9916587331 0.0 14.0
0.46759427 8.920807 -4.3924384331 0.0 14.0
0.46759427 8.920807 -4.3924384332 0.0 15.0
-0.12877703 11.846583 -4.0481234332 0.0 15.0
-2.0405962 3.8682837 -2.9443338333 1.0 13.0
-3.7808652 6.1035314 -1.939589333 1.0 13.0
-3.7808652 6.1035314 -1.939589334 0.0 14.0
-4.3772364 9.029308 -1.595274334 0.0 14.0
-4.3772364 9.029308 -1.595274335 0.0 15.0
-3.683066 11.926184 -1.9960535335 0.0 15.0
-2.0405962 3.8682837 -2.9443338336 7.0 13.0
-0.22657621 6.0239325 -3.9916587336 7.0 13.0
-0.22657621 6.0239325 -3.9916587337 6.0 14.0
1.5874438 8.179582 -5.038984337 6.0 14.0
1.5874438 8.179582 -5.038984338 1.0 15.0
3.401464 10.335231 -6.086309338 1.0 15.0
3.401464 10.335231 -6.086309339 0.0 16.0
4.0956345 13.232105 -6.4870887339 0.0 16.0
4.0956345 13.232105 -6.4870887340 0.0 17.0
3.4992633 16.157883 -6.1427736340 0.0 17.0
1.5874438 8.179582 -5.038984341 1.0 15.0
-0.15282512 10.414829 -4.034239341 1.0 15.0
-0.15282512 10.414829 -4.034239342 0.0 16.0
-0.7491964 13.340606 -3.6899238342 0.0 16.0
-0.7491964 13.340606 -3.6899238343 0.0 17.0
-0.055025935 16.23748 -4.0907035343 0.0 17.0
1.5874438 8.179582 -5.038984344 5.0 15.0
-0.4220457 10.414829 -5.038984344 5.0 15.0
-0.4220457 10.414829 -5.038984345 4.0 16.0
-2.4315352 12.650077 -5.038984345 4.0 16.0
-2.4315352 12.650077 -5.038984346 1.0 17.0
-4.1718044 14.8853245 -4.034239346 1.0 17.0
-4.1718044 14.8853245 -4.034239347 0.0 18.0
-6.62805 15.880409 -2.616125347 0.0 18.0
-6.62805 15.880409 -2.616125348 0.0 19.0
-9.196295 15.390645 -1.133348348 0.0 19.0
-2.4315352 12.650077 -5.038984349 1.0 17.0
-4.4802647 10.795895 -3.8561497349 1.0 17.0
-4.4802647 10.795895 -3.8561497350 0.0 18.0
-7.0485096 10.30613 -2.3733726350 0.0 18.0
-7.0485096 10.30613 -2.3733726351 0.0 19.0
-9.504755 11.301214 -0.9552586351 0.0 19.0
-2.4315352 12.650077 -5.038984352 3.0 17.0
-4.797204 10.795895 -5.038984352 3.0 17.0
-4.797204 10.795895 -5.038984353 2.0 18.0
-7.1628723 8.941711 -5.038984353 2.0 18.0
-7.1628723 8.941711 -5.038984354 1.0 19.0
-9.211601 7.0875287 -3.8561497354 1.0 19.0
-9.211601 7.0875287 -3.8561497355 0.0 20.0
-10.237044 4.3248606 -3.26411355 0.0 20.0
-10.237044 4.3248606 -3.26411356 0.0 21.0
-9.987051 1.3330297 -3.408444356 0.0 21.0
-7.1628723 8.941711 -5.038984357 1.0 19.0
-5.698914 6.4563913 -5.8842006357 1.0 19.0
-5.698914 6.4563913 -5.8842006358 0.0 20.0
-5.4489202 3.4645605 -6.0285344358 0.0 20.0
-5.4489202 3.4645605 -6.0285344359 0.0 21.0
-6.474363 0.70189214 -5.436495359 0.0 21.0
-2.0405962 3.8682837 -2.9443338360 7.0 13.0
-3.7808652 6.1035314 -1.939589360 7.0 13.0
-3.7808652 6.1035314 -1.939589361 6.0 14.0
-5.5211344 8.338779 -0.93484426361 6.0 14.0
-5.5211344 8.338779 -0.93484426362 1.0 15.0
-7.261403 10.574027 0.06990051362 1.0 15.0
-7.261403 10.574027 0.06990051363 0.0 16.0
-9.7176485 11.569112 1.4880143363 0.0 16.0
-9.7176485 11.569112 1.4880143364 0.0 17.0
-12.285893 11.079348 2.9707913364 0.0 17.0
-5.5211344 8.338779 -0.93484426365 1.0 15.0
-7.5698633 6.4845967 0.24799001365 1.0 15.0
-7.5698633 6.4845967 0.24799001366 0.0 16.0
-10.138108 5.994832 1.7307671366 0.0 16.0
-10.138108 5.994832 1.7307671367 0.0 17.0
-12.594354 6.989916 3.148881367 0.0 17.0
-5.5211344 8.338779 -0.93484426368 5.0 15.0
-8.357363 9.333863 -0.93484426368 5.0 15.0
-8.357363 9.333863 -0.93484426369 4.0 16.0
-11.19359 10.328947 -0.93484426369 4.0 16.0
-11.19359 10.328947 -0.93484426370 1.0 17.0
-13.649836 11.324031 0.4832697370 1.0 17.0
-13.649836 11.324031 0.4832697371 0.0 18.0
-16.21808 10.834267 1.9660468371 0.0 18.0
-16.21808 10.834267 1.9660468372 0.0 19.0
-18.26681 8.980083 3.148881372 0.0 19.0
-11.19359 10.328947 -0.93484426373 1.0 17.0
-12.219033 7.5662785 -0.34280467373 1.0 17.0
-12.219033 7.5662785 -0.34280467374 0.0 18.0
-14.267762 5.7120957 0.8400296374 0.0 18.0
-14.267762 5.7120957 0.8400296375 0.0 19.0
-16.836008 5.222331 2.3228068375 0.0 19.0
-11.19359 10.328947 -0.93484426376 3.0 17.0
-14.159144 9.839183 -0.93484426376 3.0 17.0
-14.159144 9.839183 -0.93484426377 2.0 18.0
-17.124699 9.349419 -0.93484426377 2.0 18.0
-17.124699 9.349419 -0.93484426378 1.0 19.0
-19.692944 8.859654 0.54793286378 1.0 19.0
-19.692944 8.859654 0.54793286379 0.0 20.0
-21.741673 7.0054717 1.7307671379 0.0 20.0
-21.741673 7.0054717 1.7307671380 0.0 21.0
-22.767115 4.2428036 2.3228068380 0.0 21.0
-17.124699 9.349419 -0.93484426381 1.0 19.0
-16.874704 6.357588 -1.0791782381 1.0 19.0
-16.874704 6.357588 -1.0791782382 0.0 20.0
-17.900146 3.5949194 -0.48713863382 0.0 20.0
-17.900146 3.5949194 -0.48713863383 0.0 21.0
-19.948875 1.7407367 0.69569564383 0.0 21.0
-2.0405962 3.8682837 -2.9443338384 15.0 13.0
-1.2390373 6.7651587 -2.9443338384 15.0 13.0
-1.2390373 6.7651587 -2.9443338385 14.0 14.0
-0.43747824 9.662033 -2.9443338385 14.0 14.0
-0.43747824 9.662033 -2.9443338386 1.0 15.0
0.25669223 12.558908 -3.3451133386 1.0 15.0
0.25669223 12.558908 -3.3451133387 0.0 16.0
-0.33967906 15.484685 -3.0007982387 0.0 16.0
-0.33967906 15.484685 -3.0007982388 0.0 17.0
-2.079948 17.719933 -1.9960535388 0.0 17.0
-0.43747824 9.662033 -2.9443338389 1.0 15.0
-2.8937235 10.657118 -1.52622389 1.0 15.0
-2.8937235 10.657118 -1.52622390 0.0 16.0
-4.633992 12.892365 -0.5214752390 0.0 16.0
-4.633992 12.892365 -0.5214752391 0.0 17.0
-5.2303634 15.818142 -0.17716008391 0.0 17.0
-0.43747824 9.662033 -2.9443338392 13.0 15.0
-2.4469678 11.897281 -2.9443338392 13.0 15.0
-2.4469678 11.897281 -2.9443338393 12.0 16.0
-4.456457 14.132528 -2.9443338393 12.0 16.0
-4.456457 14.132528 -2.9443338394 1.0 17.0
-6.196726 16.367775 -1.939589394 1.0 17.0
-6.196726 16.367775 -1.939589395 0.0 18.0
-8.652971 17.36286 -0.5214752395 0.0 18.0
-8.652971 17.36286 -0.5214752396 0.0 19.0
-11.221216 16.873095 0.9613019396 0.0 19.0
-4.456457 14.132528 -2.9443338397 1.0 17.0
-6.505186 12.278345 -1.7614995397 1.0 17.0
-6.505186 12.278345 -1.7614995398 0.0 18.0
-9.073431 11.788581 -0.2787224398 0.0 18.0
-9.073431 11.788581 -0.2787224399 0.0 19.0
-11.529676 12.783665 1.1393915399 0.0 19.0
-4.456457 14.132528 -2.9443338400 7.0 17.0
-6.196727 16.367775 -1.9395885400 7.0 17.0
-6.196727 16.367775 -1.9395885401 6.0 18.0
-7.9369965 18.603022 -0.9348433401 6.0 18.0
-7.9369965 18.603022 -0.9348433402 1.0 19.0
-9.677266 20.838268 0.06990194402 1.0 19.0
-9.677266 20.838268 0.06990194403 0.0 20.0
-12.133512 21.833351 1.4880159403 0.0 20.0
-12.133512 21.833351 1.4880159404 0.0 21.0
-14.7017565 21.343586 2.970793404 0.0 21.0
-7.9369965 18.603022 -0.9348433405 1.0 19.0
-9.985725 16.748838 0.24799097405 1.0 19.0
-9.985725 16.748838 0.24799097406 0.0 20.0
-12.55397 16.259073 1.7307681406 0.0 20.0
-12.55397 16.259073 1.7307681407 0.0 21.0
-15.010216 17.254156 3.148882407 0.0 21.0
-7.9369965 18.603022 -0.9348433408 5.0 19.0
-10.302665 16.748838 -0.9348433408 5.0 19.0
-10.302665 16.748838 -0.9348433409 4.0 20.0
-12.668333 14.894655 -0.9348433409 4.0 20.0
-12.668333 14.894655 -0.9348433410 1.0 21.0
-14.717062 13.040472 0.24799097410 1.0 21.0
-14.717062 13.040472 0.24799097411 0.0 22.0
-15.742505 10.277803 0.84003055411 0.0 22.0
-15.742505 10.277803 0.84003055412 0.0 23.0
-15.492512 7.2859726 0.6956966412 0.0 23.0
-12.668333 14.894655 -0.9348433413 1.0 21.0
-11.204375 12.409335 -1.7800599413 1.0 21.0
-11.204375 12.409335 -1.7800599414 0.0 22.0
-10.954382 9.417504 -1.9243939414 0.0 22.0
-10.954382 9.417504 -1.9243939415 0.0 23.0
-11.979825 6.6548357 -1.3323543415 0.0 23.0
-12.668333 14.894655 -0.9348433416 3.0 21.0
-10.9779 12.409335 -0.9348433416 3.0 21.0
-10.9779 12.409335 -0.9348433417 2.0 22.0
-9.287466 9.924015 -0.9348433417 2.0 22.0
-9.287466 9.924015 -0.9348433418 1.0 23.0
-7.823508 7.438695 -1.7800599418 1.0 23.0
-7.823508 7.438695 -1.7800599419 0.0 24.0
-5.5055637 6.0710106 -3.1183257419 0.0 24.0
-5.5055637 6.0710106 -3.1183257420 0.0 25.0
-2.903602 6.1572676 -4.620569420 0.0 25.0
-9.287466 9.924015 -0.9348433421 1.0 23.0
-7.041293 11.443003 -2.2316718421 1.0 23.0
-7.041293 11.443003 -2.2316718422 0.0 24.0
-4.439331 11.52926 -3.7339153422 0.0 24.0
-4.439331 11.52926 -3.7339153423 0.0 25.0
-2.1213868 10.161575 -5.072181423 0.0 25.0
-4.456457 14.132528 -2.9443338424 7.0 17.0
-6.505186 12.278345 -1.7614995424 7.0 17.0
-6.505186 12.278345 -1.7614995425 6.0 18.0
-8.553915 10.424162 -0.57866526425 6.0 18.0
-8.553915 10.424162 -0.57866526426 1.0 19.0
-10.602644 8.569979 0.604169426 1.0 19.0
-10.602644 8.569979 0.604169427 0.0 20.0
-11.628087 5.80731 1.1962086427 0.0 20.0
-11.628087 5.80731 1.1962086428 0.0 21.0
-11.378094 2.8154793 1.0518746428 0.0 21.0
-8.553915 10.424162 -0.57866526429 1.0 19.0
-7.0899568 7.938842 -1.4238819429 1.0 19.0
-7.0899568 7.938842 -1.4238819430 0.0 20.0
-6.839963 4.947011 -1.5682158430 0.0 20.0
-6.839963 4.947011 -1.5682158431 0.0 21.0
-7.8654056 2.1843426 -0.97617626431 0.0 21.0
-8.553915 10.424162 -0.57866526432 5.0 19.0
-9.737994 7.6614933 -0.57866526432 5.0 19.0
-9.737994 7.6614933 -0.57866526433 4.0 20.0
-10.922073 4.8988247 -0.57866526433 4.0 20.0
-10.922073 4.8988247 -0.57866526434 1.0 21.0
-11.947516 2.1361563 0.013374329434 1.0 21.0
-11.947516 2.1361563 0.013374329435 0.0 22.0
-11.697523 -0.8556745 -0.13095962435 0.0 22.0
-11.697523 -0.8556745 -0.13095962436 0.0 23.0
-10.233565 -3.3409946 -0.97617626436 0.0 23.0
-10.922073 4.8988247 -0.57866526437 1.0 21.0
-8.604129 3.5311403 -1.916931437 1.0 21.0
-8.604129 3.5311403 -1.916931438 0.0 22.0
-7.1401706 1.0458202 -2.7621477438 0.0 22.0
-7.1401706 1.0458202 -2.7621477439 0.0 23.0
-6.890177 -1.9460106 -2.9064815439 0.0 23.0
-10.922073 4.8988247 -0.57866526440 3.0 21.0
-10.633406 1.9069939 -0.57866526440 3.0 21.0
-10.633406 1.9069939 -0.57866526441 2.0 22.0
-10.344738 -1.084837 -0.57866526441 2.0 22.0
-10.344738 -1.084837 -0.57866526442 1.0 23.0
-10.094745 -4.076668 -0.7229992442 1.0 23.0
-10.094745 -4.076668 -0.7229992443 0.0 24.0
-8.630787 -6.561988 -1.5682158443 0.0 24.0
-8.630787 -6.561988 -1.5682158444 0.0 25.0
-6.3128424 -7.9296722 -2.9064817444 0.0 25.0
-10.344738 -1.084837 -0.57866526445 1.0 23.0
-7.742776 -0.99858004 -2.0809088445 1.0 23.0
-7.742776 -0.99858004 -2.0809088446 0.0 24.0
-5.4248314 -2.3662643 -3.4191747446 0.0 24.0
-5.4248314 -2.3662643 -3.4191747447 0.0 25.0
-3.9608731 -4.8515844 -4.2643914447 0.0 25.0
-4.456457 14.132528 -2.9443338448 11.0 17.0
-7.292685 15.127612 -2.9443338448 11.0 17.0
-7.292685 15.127612 -2.9443338449 10.0 18.0
-10.128913 16.122696 -2.9443338449 10.0 18.0
-10.128913 16.122696 -2.9443338450 1.0 19.0
-12.585158 17.117779 -1.5262198450 1.0 19.0
-12.585158 17.117779 -1.5262198451 0.0 20.0
-15.153403 16.628014 -0.043442726451 0.0 20.0
-15.153403 16.628014 -0.043442726452 0.0 21.0
-17.202133 14.77383 1.1393915452 0.0 21.0
-10.128913 16.122696 -2.9443338453 1.0 19.0
-11.154356 13.360027 -2.3522942453 1.0 19.0
-11.154356 13.360027 -2.3522942454 0.0 20.0
-13.203085 11.505844 -1.1694599454 0.0 20.0
-13.203085 11.505844 -1.1694599455 0.0 21.0
-15.77133 11.01608 0.31331718455 0.0 21.0
-10.128913 16.122696 -2.9443338456 9.0 19.0
-12.494581 14.268513 -2.9443338456 9.0 19.0
-12.494581 14.268513 -2.9443338457 8.0 20.0
-14.8602495 12.41433 -2.9443338457 8.0 20.0
-14.8602495 12.41433 -2.9443338458 1.0 21.0
-16.90898 10.560146 -1.7614995458 1.0 21.0
-16.90898 10.560146 -1.7614995459 0.0 22.0
-17.934422 7.7974777 -1.1694599459 0.0 22.0
-17.934422 7.7974777 -1.1694599460 0.0 23.0
-17.684427 4.805647 -1.3137939460 0.0 23.0
-14.8602495 12.41433 -2.9443338461 1.0 21.0
-13.396292 9.929009 -3.7895503461 1.0 21.0
-13.396292 9.929009 -3.7895503462 0.0 22.0
-13.146298 6.9371786 -3.9338841462 0.0 22.0
-13.146298 6.9371786 -3.9338841463 0.0 23.0
-14.1717415 4.17451 -3.3418446463 0.0 23.0
-14.8602495 12.41433 -2.9443338464 7.0 21.0
-16.90898 10.560146 -1.7614995464 7.0 21.0
-16.90898 10.560146 -1.7614995465 6.0 22.0
-18.957708 8.705963 -0.57866526465 6.0 22.0
-18.957708 8.705963 -0.57866526466 1.0 23.0
-21.006437 6.8517804 0.604169466 1.0 23.0
-21.006437 6.8517804 0.604169467 0.0 24.0
-22.03188 4.0891123 1.1962086467 0.0 24.0
-22.03188 4.0891123 1.1962086468 0.0 25.0
-21.781885 1.0972815 1.0518746468 0.0 25.0
-18.957708 8.705963 -0.57866526469 1.0 23.0
-17.49375 6.220643 -1.4238819469 1.0 23.0
-17.49375 6.220643 -1.4238819470 0.0 24.0
-17.243755 3.2288122 -1.5682158470 0.0 24.0
-17.243755 3.2288122 -1.5682158471 0.0 25.0
-18.269197 0.46614385 -0.97617626471 0.0 25.0
-18.957708 8.705963 -0.57866526472 5.0 23.0
-17.267275 6.220643 -0.57866526472 5.0 23.0
-17.267275 6.220643 -0.57866526473 4.0 24.0
-15.576841 3.735323 -0.57866526473 4.0 24.0
-15.576841 3.735323 -0.57866526474 1.0 25.0
-14.112884 1.2500029 -1.4238819474 1.0 25.0
-14.112884 1.2500029 -1.4238819475 0.0 26.0
-11.794939 -0.117681384 -2.7621477475 0.0 26.0
-11.794939 -0.117681384 -2.7621477476 0.0 27.0
-9.192977 -0.03142444 -4.264391476 0.0 27.0
-15.576841 3.735323 -0.57866526477 1.0 25.0
-13.330668 5.254311 -1.8754936477 1.0 25.0
-13.330668 5.254311 -1.8754936478 0.0 26.0
-10.728706 5.340568 -3.377737478 0.0 26.0
-10.728706 5.340568 -3.377737479 0.0 27.0
-8.410762 3.9728837 -4.716003479 0.0 27.0
-15.576841 3.735323 -0.57866526480 3.0 25.0
-12.983185 5.254311 -0.57866526480 3.0 25.0
-12.983185 5.254311 -0.57866526481 2.0 26.0
-10.389528 6.773299 -0.57866526481 2.0 26.0
-10.389528 6.773299 -0.57866526482 1.0 27.0
-8.143355 8.292288 -1.8754936482 1.0 27.0
-8.143355 8.292288 -1.8754936483 0.0 28.0
-6.805292 10.870497 -2.648025483 0.0 28.0
-6.805292 10.870497 -2.648025484 0.0 29.0
-6.7043595 13.8739605 -2.7062984484 0.0 29.0
-10.389528 6.773299 -0.57866526485 1.0 27.0
-11.550546 9.463485 0.0916484485 1.0 27.0
-11.550546 9.463485 0.0916484486 0.0 28.0
-11.449614 12.466949 0.03337505486 0.0 28.0
-11.449614 12.466949 0.03337505487 0.0 29.0
-10.11155 15.045158 -0.73915625487 0.0 29.0
-14.8602495 12.41433 -2.9443338488 7.0 21.0
-13.396292 9.929009 -3.7895503488 7.0 21.0
-13.396292 9.929009 -3.7895503489 6.0 22.0
-11.932334 7.4436893 -4.634767489 6.0 22.0
-11.932334 7.4436893 -4.634767490 1.0 23.0
-10.468376 4.9583693 -5.479984490 1.0 23.0
-10.468376 4.9583693 -5.479984491 0.0 24.0
-8.150432 3.590685 -6.8182497491 0.0 24.0
-8.150432 3.590685 -6.8182497492 0.0 25.0
-5.5484695 3.6769419 -8.320493492 0.0 25.0
-11.932334 7.4436893 -4.634767493 1.0 23.0
-9.686161 8.962677 -5.9315953493 1.0 23.0
-9.686161 8.962677 -5.9315953494 0.0 24.0
-7.084199 9.048934 -7.433839494 0.0 24.0
-7.084199 9.048934 -7.433839495 0.0 25.0
-4.7662544 7.6812496 -8.772104495 0.0 25.0
-11.932334 7.4436893 -4.634767496 5.0 23.0
-9.255802 6.076005 -4.634767496 5.0 23.0
-9.255802 6.076005 -4.634767497 4.0 24.0
-6.5792704 4.7083206 -4.634767497 4.0 24.0
-6.5792704 4.7083206 -4.634767498 1.0 25.0
-4.261326 3.3406363 -5.973033498 1.0 25.0
-4.261326 3.3406363 -5.973033499 0.0 26.0
-1.659364 3.4268932 -7.4752765499 0.0 26.0
-1.659364 3.4268932 -7.4752765500 0.0 27.0
0.5868087 4.9458814 -8.772105500 0.0 27.0
-6.5792704 4.7083206 -4.634767501 1.0 25.0
-5.241207 7.2865295 -5.407298501 1.0 25.0
-5.241207 7.2865295 -5.407298502 0.0 26.0
-2.9950345 8.805517 -6.7041264502 0.0 26.0
-2.9950345 8.805517 -6.7041264503 0.0 27.0
-0.3930726 8.891774 -8.206369503 0.0 27.0
-6.5792704 4.7083206 -4.634767504 3.0 25.0
-3.5747836 4.7945776 -4.634767504 3.0 25.0
-3.5747836 4.7945776 -4.634767505 2.0 26.0
-0.57029676 4.8808346 -4.634767505 2.0 26.0
-0.57029676 4.8808346 -4.634767506 1.0 27.0
2.031665 4.9670916 -6.1370106506 1.0 27.0
2.031665 4.9670916 -6.1370106507 0.0 28.0
4.2778378 6.4860797 -7.433839507 0.0 28.0
4.2778378 6.4860797 -7.433839508 0.0 29.0
5.615901 9.064289 -8.20637508 0.0 29.0
-0.57029676 4.8808346 -4.634767509 1.0 27.0
-0.46936437 7.884299 -4.6930404509 1.0 27.0
-0.46936437 7.884299 -4.6930404510 0.0 28.0
0.86869895 10.462508 -5.4655714510 0.0 28.0
0.86869895 10.462508 -5.4655714511 0.0 29.0
3.1148715 11.981497 -6.7623997511 0.0 29.0
