0.0 0.0 0.00 30.0 1.0
0.0 4.412881 0.00 30.0 1.0
0.0 4.412881 0.01 0.0 2.0
2.4649727 7.78513 -1.42315271 0.0 2.0
0.0 4.412881 0.02 29.0 2.0
0.0 8.825762 0.02 29.0 2.0
0.0 8.825762 0.03 0.0 3.0
-2.4649727 12.198011 1.42315273 0.0 3.0
-2.4649727 12.198011 1.42315274 0.0 4.0
-2.4649727 16.610893 1.42315274 0.0 4.0
-2.4649727 12.198011 1.42315275 0.0 4.0
-5.3112783 15.570261 1.42315275 0.0 4.0
0.0 8.825762 0.06 28.0 3.0
0.0 13.238643 0.06 28.0 3.0
0.0 13.238643 0.07 0.0 4.0
2.4649727 16.610891 -1.42315277 0.0 4.0
0.0 13.238643 0.08 27.0 4.0
0.0 17.651524 0.08 27.0 4.0
0.0 17.651524 0.09 2.0 5.0
-2.4649727 21.023773 1.42315279 2.0 5.0
-2.4649727 21.023773 1.423152710 0.0 6.0
-2.4649727 25.436653 1.423152710 0.0 6.0
-2.4649727 21.023773 1.423152711 1.0 6.0
-5.3112783 24.396023 1.423152711 1.0 6.0
-5.3112783 24.396023 1.423152712 0.0 7.0
-9.078659 25.137173 3.59825112 0.0 7.0
-9.078659 25.137173 3.59825113 0.0 8.0
-11.543632 28.509422 5.02140413 0.0 8.0
-9.078659 25.137173 3.59825114 0.0 8.0
-13.428856 25.878323 3.59825114 0.0 8.0
-5.3112783 24.396023 1.423152715 0.0 7.0
-8.157583 27.768272 1.423152715 0.0 7.0
-8.157583 27.768272 1.423152716 0.0 8.0
-8.157583 32.181152 1.423152716 0.0 8.0
-8.157583 27.768272 1.423152717 0.0 8.0
-11.003889 31.140522 1.423152717 0.0 8.0
0.0 17.651524 0.018 26.0 5.0
0.0 22.064404 0.018 26.0 5.0
0.0 22.064404 0.019 0.0 6.0
2.4649727 25.436653 -1.423152719 0.0 6.0
0.0 22.064404 0.020 25.0 6.0
0.0 26.477283 0.020 25.0 6.0
0.0 26.477283 0.021 0.0 7.0
-2.4649727 29.849533 1.423152721 0.0 7.0
-2.4649727 29.849533 1.423152722 0.0 8.0
-2.4649727 34.262413 1.423152722 0.0 8.0
-2.4649727 29.849533 1.423152723 0.0 8.0
-5.3112783 33.221783 1.423152723 0.0 8.0
0.0 26.477283 0.024 24.0 7.0
0.0 30.890163 0.024 24.0 7.0
0.0 30.890163 0.025 0.0 8.0
2.4649727 34.262413 -1.423152725 0.0 8.0
0.0 30.890163 0.026 23.0 8.0
0.0 35.303043 0.026 23.0 8.0
0.0 35.303043 0.027 6.0 9.0
-2.4649727 38.675293 1.423152727 6.0 9.0
-2.4649727 38.675293 1.423152728 0.0 10.0
-2.4649727 43.088173 1.423152728 0.0 10.0
-2.4649727 38.675293 1.423152729 5.0 10.0
-5.3112783 42.047543 1.423152729 5.0 10.0
-5.3112783 42.047543 1.423152730 0.0 11.0
-9.078659 42.788692 3.59825130 0.0 11.0
-9.078659 42.788692 3.59825131 0.0 12.0
-11.543632 46.160942 5.02140431 0.0 12.0
-9.078659 42.788692 3.59825132 0.0 12.0
-13.428856 43.529842 3.59825132 0.0 12.0
-5.3112783 42.047543 1.423152733 4.0 11.0
-8.157583 45.419792 1.423152733 4.0 11.0
-8.157583 45.419792 1.423152734 0.0 12.0
-8.157583 49.832672 1.423152734 0.0 12.0
-8.157583 45.419792 1.423152735 3.0 12.0
-11.003889 48.79204 1.423152735 3.0 12.0
-11.003889 48.79204 1.423152736 2.0 13.0
-14.77127 49.53319 3.59825136 2.0 13.0
-14.77127 49.53319 3.59825137 0.0 14.0
-17.236242 52.90544 5.02140437 0.0 14.0
-14.77127 49.53319 3.59825138 1.0 14.0
-19.121468 50.27434 3.59825138 1.0 14.0
-19.121468 50.27434 3.59825139 0.0 15.0
-22.414433 48.034843 5.499445439 0.0 15.0
-22.414433 48.034843 5.499445440 0.0 16.0
-26.181814 48.775993 7.67454440 0.0 16.0
-22.414433 48.034843 5.499445441 0.0 16.0
-26.216822 45.795345 5.499445441 0.0 16.0
-19.121468 50.27434 3.59825142 0.0 15.0
-23.471664 51.01549 3.59825142 0.0 15.0
-23.471664 51.01549 3.59825143 0.0 16.0
-25.936638 54.38774 5.02140443 0.0 16.0
-23.471664 51.01549 3.59825144 0.0 16.0
-27.821861 51.75664 3.59825144 0.0 16.0
-11.003889 48.79204 1.423152745 2.0 13.0
-13.850195 52.16429 1.423152745 2.0 13.0
-13.850195 52.16429 1.423152746 0.0 14.0
-13.850195 56.57717 1.423152746 0.0 14.0
-13.850195 52.16429 1.423152747 1.0 14.0
-16.6965 55.53654 1.423152747 1.0 14.0
-16.6965 55.53654 1.423152748 0.0 15.0
-20.463882 56.27769 3.59825148 0.0 15.0
-20.463882 56.27769 3.59825149 0.0 16.0
-22.928856 59.64994 5.02140449 0.0 16.0
-20.463882 56.27769 3.59825150 0.0 16.0
-24.81408 57.01884 3.59825150 0.0 16.0
-16.6965 55.53654 1.423152751 0.0 15.0
-19.542807 58.90879 1.423152751 0.0 15.0
-19.542807 58.90879 1.423152752 0.0 16.0
-19.542807 63.32167 1.423152752 0.0 16.0
-19.542807 58.90879 1.423152753 0.0 16.0
-22.389112 62.28104 1.423152753 0.0 16.0
0.0 35.303043 0.054 22.0 9.0
0.0 39.715923 0.054 22.0 9.0
0.0 39.715923 0.055 0.0 10.0
2.4649727 43.088173 -1.423152755 0.0 10.0
0.0 39.715923 0.056 21.0 10.0
0.0 44.128803 0.056 21.0 10.0
0.0 44.128803 0.057 0.0 11.0
-2.4649727 47.501053 1.423152757 0.0 11.0
-2.4649727 47.501053 1.423152758 0.0 12.0
-2.4649727 51.913933 1.423152758 0.0 12.0
-2.4649727 47.501053 1.423152759 0.0 12.0
-5.3112783 50.873302 1.423152759 0.0 12.0
0.0 44.128803 0.060 20.0 11.0
0.0 48.541683 0.060 20.0 11.0
0.0 48.541683 0.061 0.0 12.0
2.4649727 51.913933 -1.423152761 0.0 12.0
0.0 48.541683 0.062 19.0 12.0
0.0 52.954563 0.062 19.0 12.0
0.0 52.954563 0.063 2.0 13.0
-2.4649727 56.326813 1.423152763 2.0 13.0
-2.4649727 56.326813 1.423152764 0.0 14.0
-2.4649727 60.739693 1.423152764 0.0 14.0
-2.4649727 56.326813 1.423152765 1.0 14.0
-5.3112783 59.699062 1.423152765 1.0 14.0
-5.3112783 59.699062 1.423152766 0.0 15.0
-9.078659 60.440212 3.59825166 0.0 15.0
-9.078659 60.440212 3.59825167 0.0 16.0
-11.543632 63.81246 5.02140467 0.0 16.0
-9.078659 60.440212 3.59825168 0.0 16.0
-13.428856 61.181362 3.59825168 0.0 16.0
-5.3112783 59.699062 1.423152769 0.0 15.0
-8.157583 63.071312 1.423152769 0.0 15.0
-8.157583 63.071312 1.423152770 0.0 16.0
-8.157583 67.48419 1.423152770 0.0 16.0
-8.157583 63.071312 1.423152771 0.0 16.0
-11.003889 66.44356 1.423152771 0.0 16.0
0.0 52.954563 0.072 18.0 13.0
0.0 57.367443 0.072 18.0 13.0
0.0 57.367443 0.073 0.0 14.0
2.4649727 60.739693 -1.423152773 0.0 14.0
0.0 57.367443 0.074 17.0 14.0
0.0 61.780323 0.074 17.0 14.0
0.0 61.780323 0.075 0.0 15.0
-2.4649727 65.15257 1.423152775 0.0 15.0
-2.4649727 65.15257 1.423152776 0.0 16.0
-2.4649727 69.56545 1.423152776 0.0 16.0
-2.4649727 65.15257 1.423152777 0.0 16.0
-5.3112783 68.52482 1.423152777 0.0 16.0
0.0 61.780323 0.078 16.0 15.0
0.0 66.19321 0.078 16.0 15.0
0.0 66.19321 0.079 0.0 16.0
2.4649727 69.56545 -1.423152779 0.0 16.0
0.0 66.19321 0.080 15.0 16.0
0.0 70.60609 0.080 15.0 16.0
0.0 70.60609 0.081 14.0 17.0
2.4649727 73.97833 -1.423152781 14.0 17.0
2.4649727 73.97833 -1.423152782 0.0 18.0
6.2323537 74.71948 -3.59825182 0.0 18.0
2.4649727 73.97833 -1.423152783 13.0 18.0
5.3112783 77.35058 -1.423152783 13.0 18.0
5.3112783 77.35058 -1.423152784 0.0 19.0
5.3112783 81.76346 -1.423152784 0.0 19.0
5.3112783 81.76346 -1.423152785 0.0 20.0
7.776251 85.135704 -2.846305485 0.0 20.0
5.3112783 81.76346 -1.423152786 0.0 20.0
5.3112783 86.17634 -1.423152786 0.0 20.0
5.3112783 77.35058 -1.423152787 12.0 19.0
8.157583 80.722824 -1.423152787 12.0 19.0
8.157583 80.722824 -1.423152788 0.0 20.0
11.924964 81.463974 -3.59825188 0.0 20.0
8.157583 80.722824 -1.423152789 11.0 20.0
11.003889 84.09507 -1.423152789 11.0 20.0
11.003889 84.09507 -1.423152790 2.0 21.0
11.003889 88.50795 -1.423152790 2.0 21.0
11.003889 88.50795 -1.423152791 0.0 22.0
13.468862 91.880196 -2.846305491 0.0 22.0
11.003889 88.50795 -1.423152792 1.0 22.0
11.003889 92.92083 -1.423152792 1.0 22.0
11.003889 92.92083 -1.423152793 0.0 23.0
8.538917 96.293076 0.093 0.0 23.0
8.538917 96.293076 0.094 0.0 24.0
8.538917 100.705956 0.094 0.0 24.0
8.538917 96.293076 0.095 0.0 24.0
5.692611 99.66532 0.095 0.0 24.0
11.003889 92.92083 -1.423152796 0.0 23.0
11.003889 97.33371 -1.423152796 0.0 23.0
11.003889 97.33371 -1.423152797 0.0 24.0
13.468862 100.705956 -2.846305497 0.0 24.0
11.003889 97.33371 -1.423152798 0.0 24.0
11.003889 101.74659 -1.423152798 0.0 24.0
11.003889 84.09507 -1.423152799 10.0 21.0
13.850195 87.467316 -1.423152799 10.0 21.0
13.850195 87.467316 -1.4231527100 0.0 22.0
17.617577 88.208466 -3.598251100 0.0 22.0
13.850195 87.467316 -1.4231527101 9.0 22.0
16.6965 90.83956 -1.4231527101 9.0 22.0
16.6965 90.83956 -1.4231527102 0.0 23.0
16.6965 95.25244 -1.4231527102 0.0 23.0
16.6965 95.25244 -1.4231527103 0.0 24.0
19.161474 98.62469 -2.8463054103 0.0 24.0
16.6965 95.25244 -1.4231527104 0.0 24.0
16.6965 99.66532 -1.4231527104 0.0 24.0
16.6965 90.83956 -1.4231527105 8.0 23.0
19.542807 94.21181 -1.4231527105 8.0 23.0
19.542807 94.21181 -1.4231527106 0.0 24.0
23.310188 94.95296 -3.598251106 0.0 24.0
19.542807 94.21181 -1.4231527107 7.0 24.0
22.389112 97.58405 -1.4231527107 7.0 24.0
22.389112 97.58405 -1.4231527108 6.0 25.0
22.389112 101.99693 -1.4231527108 6.0 25.0
22.389112 101.99693 -1.4231527109 0.0 26.0
24.854086 105.36918 -2.8463054109 0.0 26.0
22.389112 101.99693 -1.4231527110 5.0 26.0
22.389112 106.40981 -1.4231527110 5.0 26.0
22.389112 106.40981 -1.4231527111 0.0 27.0
19.924139 109.78206 0.0111 0.0 27.0
19.924139 109.78206 0.0112 0.0 28.0
19.924139 114.19494 0.0112 0.0 28.0
19.924139 109.78206 0.0113 0.0 28.0
17.077833 113.154305 0.0113 0.0 28.0
22.389112 106.40981 -1.4231527114 4.0 27.0
22.389112 110.82269 -1.4231527114 4.0 27.0
22.389112 110.82269 -1.4231527115 0.0 28.0
24.854086 114.19494 -2.8463054115 0.0 28.0
22.389112 110.82269 -1.4231527116 3.0 28.0
22.389112 115.23557 -1.4231527116 3.0 28.0
22.389112 115.23557 -1.4231527117 2.0 29.0
19.924139 118.60782 0.0117 2.0 29.0
19.924139 118.60782 0.0118 0.0 30.0
19.924139 123.0207 0.0118 0.0 30.0
19.924139 118.60782 0.0119 1.0 30.0
17.077833 121.980064 0.0119 1.0 30.0
17.077833 121.980064 0.0120 0.0 31.0
13.310452 122.721214 2.1750984120 0.0 31.0
13.310452 122.721214 2.1750984121 0.0 32.0
10.84548 126.09346 3.598251121 0.0 32.0
13.310452 122.721214 2.1750984122 0.0 32.0
8.960256 123.462364 2.1750984122 0.0 32.0
17.077833 121.980064 0.0123 0.0 31.0
14.231527 125.35231 0.0123 0.0 31.0
14.231527 125.35231 0.0124 0.0 32.0
14.231527 129.7652 0.0124 0.0 32.0
14.231527 125.35231 0.0125 0.0 32.0
11.3852215 128.72456 0.0125 0.0 32.0
22.389112 115.23557 -1.4231527126 2.0 29.0
22.389112 119.64845 -1.4231527126 2.0 29.0
22.389112 119.64845 -1.4231527127 0.0 30.0
24.854086 123.0207 -2.8463054127 0.0 30.0
22.389112 119.64845 -1.4231527128 1.0 30.0
22.389112 124.06133 -1.4231527128 1.0 30.0
22.389112 124.06133 -1.4231527129 0.0 31.0
19.924139 127.43358 0.0129 0.0 31.0
19.924139 127.43358 0.0130 0.0 32.0
19.924139 131.84647 0.0130 0.0 32.0
19.924139 127.43358 0.0131 0.0 32.0
17.077833 130.80583 0.0131 0.0 32.0
22.389112 124.06133 -1.4231527132 0.0 31.0
22.389112 128.47421 -1.4231527132 0.0 31.0
22.389112 128.47421 -1.4231527133 0.0 32.0
24.854086 131.84647 -2.8463054133 0.0 32.0
22.389112 128.47421 -1.4231527134 0.0 32.0
22.389112 132.8871 -1.4231527134 0.0 32.0
22.389112 97.58405 -1.4231527135 6.0 25.0
25.235418 100.9563 -1.4231527135 6.0 25.0
25.235418 100.9563 -1.4231527136 0.0 26.0
29.0028 101.69745 -3.598251136 0.0 26.0
25.235418 100.9563 -1.4231527137 5.0 26.0
28.081724 104.328545 -1.4231527137 5.0 26.0
28.081724 104.328545 -1.4231527138 0.0 27.0
28.081724 108.741425 -1.4231527138 0.0 27.0
28.081724 108.741425 -1.4231527139 0.0 28.0
30.546698 112.11367 -2.8463054139 0.0 28.0
28.081724 108.741425 -1.4231527140 0.0 28.0
28.081724 113.154305 -1.4231527140 0.0 28.0
28.081724 104.328545 -1.4231527141 4.0 27.0
30.92803 107.70079 -1.4231527141 4.0 27.0
30.92803 107.70079 -1.4231527142 0.0 28.0
34.69541 108.44194 -3.598251142 0.0 28.0
30.92803 107.70079 -1.4231527143 3.0 28.0
33.774334 111.07304 -1.4231527143 3.0 28.0
33.774334 111.07304 -1.4231527144 2.0 29.0
33.774334 115.485916 -1.4231527144 2.0 29.0
33.774334 115.485916 -1.4231527145 0.0 30.0
36.239307 118.85816 -2.8463054145 0.0 30.0
33.774334 115.485916 -1.4231527146 1.0 30.0
33.774334 119.898796 -1.4231527146 1.0 30.0
33.774334 119.898796 -1.4231527147 0.0 31.0
31.30936 123.27104 0.0147 0.0 31.0
31.30936 123.27104 0.0148 0.0 32.0
31.30936 127.68392 0.0148 0.0 32.0
31.30936 123.27104 0.0149 0.0 32.0
28.463055 126.64329 0.0149 0.0 32.0
33.774334 119.898796 -1.4231527150 0.0 31.0
33.774334 124.311676 -1.4231527150 0.0 31.0
33.774334 124.311676 -1.4231527151 0.0 32.0
36.239307 127.68392 -2.8463054151 0.0 32.0
33.774334 124.311676 -1.4231527152 0.0 32.0
33.774334 128.72456 -1.4231527152 0.0 32.0
33.774334 111.07304 -1.4231527153 2.0 29.0
36.62064 114.44528 -1.4231527153 2.0 29.0
36.62064 114.44528 -1.4231527154 0.0 30.0
40.38802 115.18643 -3.598251154 0.0 30.0
36.62064 114.44528 -1.4231527155 1.0 30.0
39.466946 117.81753 -1.4231527155 1.0 30.0
39.466946 117.81753 -1.4231527156 0.0 31.0
39.466946 122.23041 -1.4231527156 0.0 31.0
39.466946 122.23041 -1.4231527157 0.0 32.0
41.93192 125.60265 -2.8463054157 0.0 32.0
39.466946 122.23041 -1.4231527158 0.0 32.0
39.466946 126.64329 -1.4231527158 0.0 32.0
39.466946 117.81753 -1.4231527159 0.0 31.0
42.31325 121.18977 -1.4231527159 0.0 31.0
42.31325 121.18977 -1.4231527160 0.0 32.0
46.08063 121.93092 -3.598251160 0.0 32.0
42.31325 121.18977 -1.4231527161 0.0 32.0
45.159557 124.56202 -1.4231527161 0.0 32.0
0.0 70.60609 0.0162 14.0 17.0
0.0 75.01897 0.0162 14.0 17.0
0.0 75.01897 0.0163 0.0 18.0
2.4649727 78.39121 -1.4231527163 0.0 18.0
0.0 75.01897 0.0164 13.0 18.0
0.0 79.43185 0.0164 13.0 18.0
0.0 79.43185 0.0165 0.0 19.0
-2.4649727 82.80409 1.4231527165 0.0 19.0
-2.4649727 82.80409 1.4231527166 0.0 20.0
-2.4649727 87.21697 1.4231527166 0.0 20.0
-2.4649727 82.80409 1.4231527167 0.0 20.0
-5.3112783 86.17634 1.4231527167 0.0 20.0
0.0 79.43185 0.0168 12.0 19.0
0.0 83.84473 0.0168 12.0 19.0
0.0 83.84473 0.0169 0.0 20.0
2.4649727 87.21697 -1.4231527169 0.0 20.0
0.0 83.84473 0.0170 11.0 20.0
0.0 88.25761 0.0170 11.0 20.0
0.0 88.25761 0.0171 2.0 21.0
-2.4649727 91.62985 1.4231527171 2.0 21.0
-2.4649727 91.62985 1.4231527172 0.0 22.0
-2.4649727 96.04273 1.4231527172 0.0 22.0
-2.4649727 91.62985 1.4231527173 1.0 22.0
-5.3112783 95.0021 1.4231527173 1.0 22.0
-5.3112783 95.0021 1.4231527174 0.0 23.0
-9.078659 95.74325 3.598251174 0.0 23.0
-9.078659 95.74325 3.598251175 0.0 24.0
-11.543632 99.11549 5.021404175 0.0 24.0
-9.078659 95.74325 3.598251176 0.0 24.0
-13.428856 96.4844 3.598251176 0.0 24.0
-5.3112783 95.0021 1.4231527177 0.0 23.0
-8.157583 98.374344 1.4231527177 0.0 23.0
-8.157583 98.374344 1.4231527178 0.0 24.0
-8.157583 102.787224 1.4231527178 0.0 24.0
-8.157583 98.374344 1.4231527179 0.0 24.0
-11.003889 101.74659 1.4231527179 0.0 24.0
0.0 88.25761 0.0180 10.0 21.0
0.0 92.67049 0.0180 10.0 21.0
0.0 92.67049 0.0181 0.0 22.0
2.4649727 96.04273 -1.4231527181 0.0 22.0
0.0 92.67049 0.0182 9.0 22.0
0.0 97.08337 0.0182 9.0 22.0
0.0 97.08337 0.0183 0.0 23.0
-2.4649727 100.45561 1.4231527183 0.0 23.0
-2.4649727 100.45561 1.4231527184 0.0 24.0
-2.4649727 104.86849 1.4231527184 0.0 24.0
-2.4649727 100.45561 1.4231527185 0.0 24.0
-5.3112783 103.82786 1.4231527185 0.0 24.0
0.0 97.08337 0.0186 8.0 23.0
0.0 101.49625 0.0186 8.0 23.0
0.0 101.49625 0.0187 0.0 24.0
2.4649727 104.86849 -1.4231527187 0.0 24.0
0.0 101.49625 0.0188 7.0 24.0
0.0 105.90913 0.0188 7.0 24.0
0.0 105.90913 0.0189 6.0 25.0
-2.4649727 109.28137 1.4231527189 6.0 25.0
-2.4649727 109.28137 1.4231527190 0.0 26.0
-2.4649727 113.69425 1.4231527190 0.0 26.0
-2.4649727 109.28137 1.4231527191 5.0 26.0
-5.3112783 112.65362 1.4231527191 5.0 26.0
-5.3112783 112.65362 1.4231527192 0.0 27.0
-9.078659 113.39477 3.598251192 0.0 27.0
-9.078659 113.39477 3.598251193 0.0 28.0
-11.543632 116.76701 5.021404193 0.0 28.0
-9.078659 113.39477 3.598251194 0.0 28.0
-13.428856 114.13592 3.598251194 0.0 28.0
-5.3112783 112.65362 1.4231527195 4.0 27.0
-8.157583 116.02586 1.4231527195 4.0 27.0
-8.157583 116.02586 1.4231527196 0.0 28.0
-8.157583 120.43874 1.4231527196 0.0 28.0
-8.157583 116.02586 1.4231527197 3.0 28.0
-11.003889 119.39811 1.4231527197 3.0 28.0
-11.003889 119.39811 1.4231527198 2.0 29.0
-14.77127 120.13926 3.598251198 2.0 29.0
-14.77127 120.13926 3.598251199 0.0 30.0
-17.236242 123.511505 5.021404199 0.0 30.0
-14.77127 120.13926 3.598251200 1.0 30.0
-19.121468 120.88041 3.598251200 1.0 30.0
-19.121468 120.88041 3.598251201 0.0 31.0
-22.414433 118.64091 5.4994454201 0.0 31.0
-22.414433 118.64091 5.4994454202 0.0 32.0
-26.181814 119.38206 7.674544202 0.0 32.0
-22.414433 118.64091 5.4994454203 0.0 32.0
-26.216822 116.401405 5.4994454203 0.0 32.0
-19.121468 120.88041 3.598251204 0.0 31.0
-23.471664 121.62156 3.598251204 0.0 31.0
-23.471664 121.62156 3.598251205 0.0 32.0
-25.936638 124.993805 5.021404205 0.0 32.0
-23.471664 121.62156 3.598251206 0.0 32.0
-27.821861 122.36271 3.598251206 0.0 32.0
-11.003889 119.39811 1.4231527207 2.0 29.0
-13.850195 122.770355 1.4231527207 2.0 29.0
-13.850195 122.770355 1.4231527208 0.0 30.0
-13.850195 127.183235 1.4231527208 0.0 30.0
-13.850195 122.770355 1.4231527209 1.0 30.0
-16.6965 126.1426 1.4231527209 1.0 30.0
-16.6965 126.1426 1.4231527210 0.0 31.0
-20.463882 126.88375 3.598251210 0.0 31.0
-20.463882 126.88375 3.598251211 0.0 32.0
-22.928856 130.256 5.021404211 0.0 32.0
-20.463882 126.88375 3.598251212 0.0 32.0
-24.81408 127.6249 3.598251212 0.0 32.0
-16.6965 126.1426 1.4231527213 0.0 31.0
-19.542807 129.51485 1.4231527213 0.0 31.0
-19.542807 129.51485 1.4231527214 0.0 32.0
-19.542807 133.92773 1.4231527214 0.0 32.0
-19.542807 129.51485 1.4231527215 0.0 32.0
-22.389112 132.8871 1.4231527215 0.0 32.0
0.0 105.90913 0.0216 6.0 25.0
0.0 110.32201 0.0216 6.0 25.0
0.0 110.32201 0.0217 0.0 26.0
2.4649727 113.69425 -1.4231527217 0.0 26.0
0.0 110.32201 0.0218 5.0 26.0
0.0 114.734886 0.0218 5.0 26.0
0.0 114.734886 0.0219 0.0 27.0
-2.4649727 118.10713 1.4231527219 0.0 27.0
-2.4649727 118.10713 1.4231527220 0.0 28.0
-2.4649727 122.52001 1.4231527220 0.0 28.0
-2.4649727 118.10713 1.4231527221 0.0 28.0
-5.3112783 121.47938 1.4231527221 0.0 28.0
0.0 114.734886 0.0222 4.0 27.0
0.0 119.147766 0.0222 4.0 27.0
0.0 119.147766 0.0223 0.0 28.0
2.4649727 122.52001 -1.4231527223 0.0 28.0
0.0 119.147766 0.0224 3.0 28.0
0.0 123.560646 0.0224 3.0 28.0
0.0 123.560646 0.0225 2.0 29.0
-2.4649727 126.93289 1.4231527225 2.0 29.0
-2.4649727 126.93289 1.4231527226 0.0 30.0
-2.4649727 131.34578 1.4231527226 0.0 30.0
-2.4649727 126.93289 1.4231527227 1.0 30.0
-5.3112783 130.30515 1.4231527227 1.0 30.0
-5.3112783 130.30515 1.4231527228 0.0 31.0
-9.078659 131.0463 3.598251228 0.0 31.0
-9.078659 131.0463 3.598251229 0.0 32.0
-11.543632 134.41855 5.021404229 0.0 32.0
-9.078659 131.0463 3.598251230 0.0 32.0
-13.428856 131.78745 3.598251230 0.0 32.0
-5.3112783 130.30515 1.4231527231 0.0 31.0
-8.157583 133.6774 1.4231527231 0.0 31.0
-8.157583 133.6774 1.4231527232 0.0 32.0
-8.157583 138.09029 1.4231527232 0.0 32.0
-8.157583 133.6774 1.4231527233 0.0 32.0
-11.003889 137.04965 1.4231527233 0.0 32.0
0.0 123.560646 0.0234 2.0 29.0
0.0 127.973526 0.0234 2.0 29.0
0.0 127.973526 0.0235 0.0 30.0
2.4649727 131.34578 -1.4231527235 0.0 30.0
0.0 127.973526 0.0236 1.0 30.0
0.0 132.38641 0.0236 1.0 30.0
0.0 132.38641 0.0237 0.0 31.0
-2.4649727 135.75867 1.4231527237 0.0 31.0
-2.4649727 135.75867 1.4231527238 0.0 32.0
-2.4649727 140.17155 1.4231527238 0.0 32.0
-2.4649727 135.75867 1.4231527239 0.0 32.0
-5.3112783 139.13092 1.4231527239 0.0 32.0
0.0 132.38641 0.0240 0.0 31.0
0.0 136.7993 0.0240 0.0 31.0
0.0 136.7993 0.0241 0.0 32.0
2.4649727 140.17155 -1.4231527241 0.0 32.0
0.0 136.7993 0.0242 0.0 32.0
0.0 141.21219 0.0242 0.0 32.0
