0.0 0.0 0.00 60.0 1.0
0.0 1.6597823 0.00 60.0 1.0
0.0 1.6597823 0.01 59.0 2.0
0.0 3.3195646 0.01 59.0 2.0
0.0 3.3195646 0.02 58.0 3.0
0.0 4.9793468 0.02 58.0 3.0
0.0 4.9793468 0.03 57.0 4.0
0.0 6.639129 0.03 57.0 4.0
0.0 6.639129 0.04 56.0 5.0
0.0 8.298911 0.04 56.0 5.0
0.0 8.298911 0.05 55.0 6.0
0.0 9.9586935 0.05 55.0 6.0
0.0 9.9586935 0.06 54.0 7.0
0.0 11.618476 0.06 54.0 7.0
0.0 11.618476 0.07 53.0 8.0
0.0 13.278258 0.07 53.0 8.0
0.0 13.278258 0.08 52.0 9.0
0.0 14.938041 0.08 52.0 9.0
0.0 14.938041 0.09 51.0 10.0
0.0 16.597822 0.09 51.0 10.0
0.0 16.597822 0.010 50.0 11.0
0.0 18.257605 0.010 50.0 11.0
0.0 18.257605 0.011 49.0 12.0
0.0 19.917387 0.011 49.0 12.0
0.0 19.917387 0.012 48.0 13.0
0.0 21.57717 0.012 48.0 13.0
0.0 21.57717 0.013 47.0 14.0
0.0 23.236952 0.013 47.0 14.0
0.0 23.236952 0.014 46.0 15.0
0.0 24.896734 0.014 46.0 15.0
0.0 24.896734 0.015 45.0 16.0
0.0 26.556517 0.015 45.0 16.0
0.0 26.556517 0.016 28.0 17.0
-0.32862857 28.172338 0.189733816 28.0 17.0
-0.32862857 28.172338 0.189733817 27.0 18.0
-0.65725714 29.78816 0.379467617 27.0 18.0
-0.65725714 29.78816 0.379467618 26.0 19.0
-0.98588574 31.403982 0.569201418 26.0 19.0
-0.98588574 31.403982 0.569201419 25.0 20.0
-1.3145143 33.019806 0.758935219 25.0 20.0
-1.3145143 33.019806 0.758935220 24.0 21.0
-1.6431428 34.635628 0.94866920 24.0 21.0
-1.6431428 34.635628 0.94866921 23.0 22.0
-1.9717714 36.25145 1.138402821 23.0 22.0
-1.9717714 36.25145 1.138402822 22.0 23.0
-2.3004 37.86727 1.328136722 22.0 23.0
-2.3004 37.86727 1.328136723 21.0 24.0
-2.6290286 39.483093 1.517870423 21.0 24.0
-2.6290286 39.483093 1.517870424 12.0 25.0
-3.268878 40.969364 1.887287624 12.0 25.0
-3.268878 40.969364 1.887287625 11.0 26.0
-3.9087274 42.455635 2.256704825 11.0 26.0
-3.9087274 42.455635 2.256704826 10.0 27.0
-4.548577 43.941906 2.62612226 10.0 27.0
-4.548577 43.941906 2.62612227 9.0 28.0
-5.1884265 45.428177 2.995539227 9.0 28.0
-5.1884265 45.428177 2.995539228 4.0 29.0
-6.105603 46.70617 3.525071628 4.0 29.0
-6.105603 46.70617 3.525071629 3.0 30.0
-7.0227804 47.98416 4.05460429 3.0 30.0
-7.0227804 47.98416 4.05460430 0.0 31.0
-8.168701 48.986176 4.71620230 0.0 31.0
-8.168701 48.986176 4.71620231 0.0 32.0
-9.491897 49.98819 4.71620231 0.0 32.0
-7.0227804 47.98416 4.05460432 0.0 31.0
-7.66263 49.470432 4.424021232 0.0 31.0
-7.66263 49.470432 4.424021233 0.0 32.0
-8.401464 50.956703 4.424021233 0.0 32.0
-7.0227804 47.98416 4.05460434 2.0 31.0
-8.081845 49.262154 4.05460434 2.0 31.0
-8.081845 49.262154 4.05460435 1.0 32.0
-9.14091 50.540146 4.05460435 1.0 32.0
-9.14091 50.540146 4.05460436 0.0 33.0
-10.199975 51.81814 4.05460436 0.0 33.0
-10.199975 51.81814 4.05460437 0.0 34.0
-11.25904 53.09613 4.05460437 0.0 34.0
-5.1884265 45.428177 2.995539238 4.0 29.0
-5.517055 47.044 3.18527338 4.0 29.0
-5.517055 47.044 3.18527339 3.0 30.0
-5.8456836 48.65982 3.375006739 3.0 30.0
-5.8456836 48.65982 3.375006740 0.0 31.0
-6.485533 50.14609 3.744423940 0.0 31.0
-6.485533 50.14609 3.744423941 0.0 32.0
-7.2243676 51.632362 3.744423941 0.0 32.0
-5.8456836 48.65982 3.375006742 0.0 31.0
-5.8456836 50.319603 3.375006742 0.0 31.0
-5.8456836 50.319603 3.375006743 0.0 32.0
-5.8456836 51.979385 3.375006743 0.0 32.0
-5.8456836 48.65982 3.375006744 2.0 31.0
-6.225151 50.275642 3.375006744 2.0 31.0
-6.225151 50.275642 3.375006745 1.0 32.0
-6.6046185 51.891464 3.375006745 1.0 32.0
-6.6046185 51.891464 3.375006746 0.0 33.0
-6.984086 53.507286 3.375006746 0.0 33.0
-6.984086 53.507286 3.375006747 0.0 34.0
-7.3635535 55.123108 3.375006747 0.0 34.0
-5.1884265 45.428177 2.995539248 8.0 29.0
-5.927261 46.914448 2.995539248 8.0 29.0
-5.927261 46.914448 2.995539249 7.0 30.0
-6.6660953 48.40072 2.995539249 7.0 30.0
-6.6660953 48.40072 2.995539250 6.0 31.0
-7.4049296 49.88699 2.995539250 6.0 31.0
-7.4049296 49.88699 2.995539251 5.0 32.0
-8.1437645 51.37326 2.995539251 5.0 32.0
-8.1437645 51.37326 2.995539252 4.0 33.0
-8.882599 52.85953 2.995539252 4.0 33.0
-8.882599 52.85953 2.995539253 3.0 34.0
-9.621433 54.345802 2.995539253 3.0 34.0
-9.621433 54.345802 2.995539254 0.0 35.0
-10.53861 55.623795 3.525071654 0.0 35.0
-10.53861 55.623795 3.525071655 0.0 36.0
-11.597675 56.901787 3.525071655 0.0 36.0
-9.621433 54.345802 2.995539256 0.0 35.0
-9.950062 55.961624 3.18527356 0.0 35.0
-9.950062 55.961624 3.18527357 0.0 36.0
-10.32953 57.577446 3.18527357 0.0 36.0
-9.621433 54.345802 2.995539258 2.0 35.0
-10.360268 55.832073 2.995539258 2.0 35.0
-10.360268 55.832073 2.995539259 1.0 36.0
-11.099102 57.318344 2.995539259 1.0 36.0
-11.099102 57.318344 2.995539260 0.0 37.0
-11.837936 58.804615 2.995539260 0.0 37.0
-11.837936 58.804615 2.995539261 0.0 38.0
-12.576771 60.290886 2.995539261 0.0 38.0
-2.6290286 39.483093 1.517870462 12.0 25.0
-2.6290286 41.142876 1.517870462 12.0 25.0
-2.6290286 41.142876 1.517870463 11.0 26.0
-2.6290286 42.802658 1.517870463 11.0 26.0
-2.6290286 42.802658 1.517870464 10.0 27.0
-2.6290286 44.46244 1.517870464 10.0 27.0
-2.6290286 44.46244 1.517870465 9.0 28.0
-2.6290286 46.122223 1.517870465 9.0 28.0
-2.6290286 46.122223 1.517870466 4.0 29.0
-2.957657 47.738045 1.707604266 4.0 29.0
-2.957657 47.738045 1.707604267 3.0 30.0
-3.2862856 49.353867 1.897337967 3.0 30.0
-3.2862856 49.353867 1.897337968 0.0 31.0
-3.926135 50.840137 2.26675568 0.0 31.0
-3.926135 50.840137 2.26675569 0.0 32.0
-4.6649694 52.32641 2.26675569 0.0 32.0
-3.2862856 49.353867 1.897337970 0.0 31.0
-3.2862856 51.01365 1.897337970 0.0 31.0
-3.2862856 51.01365 1.897337971 0.0 32.0
-3.2862856 52.67343 1.897337971 0.0 32.0
-3.2862856 49.353867 1.897337972 2.0 31.0
-3.6657534 50.96969 1.897337972 2.0 31.0
-3.6657534 50.96969 1.897337973 1.0 32.0
-4.045221 52.58551 1.897337973 1.0 32.0
-4.045221 52.58551 1.897337974 0.0 33.0
-4.4246883 54.201332 1.897337974 0.0 33.0
-4.4246883 54.201332 1.897337975 0.0 34.0
-4.804156 55.817154 1.897337975 0.0 34.0
-2.6290286 46.122223 1.517870476 4.0 29.0
-2.3004 47.738045 1.328136776 4.0 29.0
-2.3004 47.738045 1.328136777 3.0 30.0
-1.9717715 49.353867 1.138402977 3.0 30.0
-1.9717715 49.353867 1.138402978 0.0 31.0
-1.9717715 51.01365 1.138402978 0.0 31.0
-1.9717715 51.01365 1.138402979 0.0 32.0
-1.9717715 52.67343 1.138402979 0.0 32.0
-1.9717715 49.353867 1.138402980 0.0 31.0
-1.331922 50.840137 0.768985780 0.0 31.0
-1.331922 50.840137 0.768985781 0.0 32.0
-0.59308755 52.32641 0.768985781 0.0 32.0
-1.9717715 49.353867 1.138402982 2.0 31.0
-1.5923039 50.96969 1.138402982 2.0 31.0
-1.5923039 50.96969 1.138402983 1.0 32.0
-1.2128363 52.58551 1.138402983 1.0 32.0
-1.2128363 52.58551 1.138402984 0.0 33.0
-0.83336866 54.201332 1.138402984 0.0 33.0
-0.83336866 54.201332 1.138402985 0.0 34.0
-0.45390105 55.817154 1.138402985 0.0 34.0
-2.6290286 46.122223 1.517870486 8.0 29.0
-2.6290286 47.782005 1.517870486 8.0 29.0
-2.6290286 47.782005 1.517870487 7.0 30.0
-2.6290286 49.441788 1.517870487 7.0 30.0
-2.6290286 49.441788 1.517870488 6.0 31.0
-2.6290286 51.10157 1.517870488 6.0 31.0
-2.6290286 51.10157 1.517870489 5.0 32.0
-2.6290286 52.761353 1.517870489 5.0 32.0
-2.6290286 52.761353 1.517870490 4.0 33.0
-2.6290286 54.421135 1.517870490 4.0 33.0
-2.6290286 54.421135 1.517870491 3.0 34.0
-2.6290286 56.080917 1.517870491 3.0 34.0
-2.6290286 56.080917 1.517870492 0.0 35.0
-2.957657 57.69674 1.707604292 0.0 35.0
-2.957657 57.69674 1.707604293 0.0 36.0
-3.3371248 59.31256 1.707604293 0.0 36.0
-2.6290286 56.080917 1.517870494 0.0 35.0
-2.3004 57.69674 1.328136794 0.0 35.0
-2.3004 57.69674 1.328136795 0.0 36.0
-1.9209324 59.31256 1.328136795 0.0 36.0
-2.6290286 56.080917 1.517870496 2.0 35.0
-2.6290286 57.7407 1.517870496 2.0 35.0
-2.6290286 57.7407 1.517870497 1.0 36.0
-2.6290286 59.400482 1.517870497 1.0 36.0
-2.6290286 59.400482 1.517870498 0.0 37.0
-2.6290286 61.060265 1.517870498 0.0 37.0
-2.6290286 61.060265 1.517870499 0.0 38.0
-2.6290286 62.720047 1.517870499 0.0 38.0
-2.6290286 39.483093 1.5178704100 20.0 25.0
-3.0084963 41.098915 1.5178704100 20.0 25.0
-3.0084963 41.098915 1.5178704101 19.0 26.0
-3.3879638 42.714737 1.5178704101 19.0 26.0
-3.3879638 42.714737 1.5178704102 18.0 27.0
-3.7674313 44.33056 1.5178704102 18.0 27.0
-3.7674313 44.33056 1.5178704103 17.0 28.0
-4.1468987 45.94638 1.5178704103 17.0 28.0
-4.1468987 45.94638 1.5178704104 16.0 29.0
-4.526366 47.562202 1.5178704104 16.0 29.0
-4.526366 47.562202 1.5178704105 15.0 30.0
-4.9058337 49.178024 1.5178704105 15.0 30.0
-4.9058337 49.178024 1.5178704106 14.0 31.0
-5.285301 50.793846 1.5178704106 14.0 31.0
-5.285301 50.793846 1.5178704107 13.0 32.0
-5.6647687 52.409668 1.5178704107 13.0 32.0
-5.6647687 52.409668 1.5178704108 12.0 33.0
-6.044236 54.02549 1.5178704108 12.0 33.0
-6.044236 54.02549 1.5178704109 11.0 34.0
-6.4237037 55.64131 1.5178704109 11.0 34.0
-6.4237037 55.64131 1.5178704110 10.0 35.0
-6.803171 57.257133 1.5178704110 10.0 35.0
-6.803171 57.257133 1.5178704111 9.0 36.0
-7.1826386 58.872955 1.5178704111 9.0 36.0
-7.1826386 58.872955 1.5178704112 4.0 37.0
-7.8224883 60.359226 1.8872876112 4.0 37.0
-7.8224883 60.359226 1.8872876113 3.0 38.0
-8.4623375 61.845497 2.2567048113 3.0 38.0
-8.4623375 61.845497 2.2567048114 0.0 39.0
-9.379515 63.12349 2.7862372114 0.0 39.0
-9.379515 63.12349 2.7862372115 0.0 40.0
-10.43858 64.40148 2.7862372115 0.0 40.0
-8.4623375 61.845497 2.2567048116 0.0 39.0
-8.790966 63.46132 2.4464386116 0.0 39.0
-8.790966 63.46132 2.4464386117 0.0 40.0
-9.170434 65.07714 2.4464386117 0.0 40.0
-8.4623375 61.845497 2.2567048118 2.0 39.0
-9.201172 63.331768 2.2567048118 2.0 39.0
-9.201172 63.331768 2.2567048119 1.0 40.0
-9.940006 64.81804 2.2567048119 1.0 40.0
-9.940006 64.81804 2.2567048120 0.0 41.0
-10.678841 66.304306 2.2567048120 0.0 41.0
-10.678841 66.304306 2.2567048121 0.0 42.0
-11.417675 67.79057 2.2567048121 0.0 42.0
-7.1826386 58.872955 1.5178704122 4.0 37.0
-7.1826386 60.532738 1.5178704122 4.0 37.0
-7.1826386 60.532738 1.5178704123 3.0 38.0
-7.1826386 62.19252 1.5178704123 3.0 38.0
-7.1826386 62.19252 1.5178704124 0.0 39.0
-7.511267 63.808342 1.7076042124 0.0 39.0
-7.511267 63.808342 1.7076042125 0.0 40.0
-7.8907347 65.424164 1.7076042125 0.0 40.0
-7.1826386 62.19252 1.5178704126 0.0 39.0
-6.85401 63.808342 1.3281367126 0.0 39.0
-6.85401 63.808342 1.3281367127 0.0 40.0
-6.4745426 65.424164 1.3281367127 0.0 40.0
-7.1826386 62.19252 1.5178704128 2.0 39.0
-7.1826386 63.852303 1.5178704128 2.0 39.0
-7.1826386 63.852303 1.5178704129 1.0 40.0
-7.1826386 65.512085 1.5178704129 1.0 40.0
-7.1826386 65.512085 1.5178704130 0.0 41.0
-7.1826386 67.17187 1.5178704130 0.0 41.0
-7.1826386 67.17187 1.5178704131 0.0 42.0
-7.1826386 68.83165 1.5178704131 0.0 42.0
-7.1826386 58.872955 1.5178704132 8.0 37.0
-7.562106 60.488777 1.5178704132 8.0 37.0
-7.562106 60.488777 1.5178704133 7.0 38.0
-7.9415736 62.1046 1.5178704133 7.0 38.0
-7.9415736 62.1046 1.5178704134 6.0 39.0
-8.321041 63.72042 1.5178704134 6.0 39.0
-8.321041 63.72042 1.5178704135 5.0 40.0
-8.700509 65.33624 1.5178704135 5.0 40.0
-8.700509 65.33624 1.5178704136 4.0 41.0
-9.079977 66.952065 1.5178704136 4.0 41.0
-9.079977 66.952065 1.5178704137 3.0 42.0
-9.459445 68.56789 1.5178704137 3.0 42.0
-9.459445 68.56789 1.5178704138 0.0 43.0
-10.099295 70.05415 1.8872876138 0.0 43.0
-10.099295 70.05415 1.8872876139 0.0 44.0
-10.838129 71.54042 1.8872876139 0.0 44.0
-9.459445 68.56789 1.5178704140 0.0 43.0
-9.459445 70.22767 1.5178704140 0.0 43.0
-9.459445 70.22767 1.5178704141 0.0 44.0
-9.459445 71.88745 1.5178704141 0.0 44.0
-9.459445 68.56789 1.5178704142 2.0 43.0
-9.838913 70.18371 1.5178704142 2.0 43.0
-9.838913 70.18371 1.5178704143 1.0 44.0
-10.218381 71.79953 1.5178704143 1.0 44.0
-10.218381 71.79953 1.5178704144 0.0 45.0
-10.597849 73.41535 1.5178704144 0.0 45.0
-10.597849 73.41535 1.5178704145 0.0 46.0
-10.977317 75.03117 1.5178704145 0.0 46.0
0.0 26.556517 0.0146 28.0 17.0
0.32862857 28.172338 -0.1897338146 28.0 17.0
0.32862857 28.172338 -0.1897338147 27.0 18.0
0.65725714 29.78816 -0.3794676147 27.0 18.0
0.65725714 29.78816 -0.3794676148 26.0 19.0
0.98588574 31.403982 -0.5692014148 26.0 19.0
0.98588574 31.403982 -0.5692014149 25.0 20.0
1.3145143 33.019806 -0.7589352149 25.0 20.0
1.3145143 33.019806 -0.7589352150 24.0 21.0
1.6431428 34.635628 -0.948669150 24.0 21.0
1.6431428 34.635628 -0.948669151 23.0 22.0
1.9717714 36.25145 -1.1384028151 23.0 22.0
1.9717714 36.25145 -1.1384028152 22.0 23.0
2.3004 37.86727 -1.3281367152 22.0 23.0
2.3004 37.86727 -1.3281367153 21.0 24.0
2.6290286 39.483093 -1.5178704153 21.0 24.0
2.6290286 39.483093 -1.5178704154 12.0 25.0
2.6290286 41.142876 -1.5178704154 12.0 25.0
2.6290286 41.142876 -1.5178704155 11.0 26.0
2.6290286 42.802658 -1.5178704155 11.0 26.0
2.6290286 42.802658 -1.5178704156 10.0 27.0
2.6290286 44.46244 -1.5178704156 10.0 27.0
2.6290286 44.46244 -1.5178704157 9.0 28.0
2.6290286 46.122223 -1.5178704157 9.0 28.0
2.6290286 46.122223 -1.5178704158 4.0 29.0
2.3004 47.738045 -1.3281367158 4.0 29.0
2.3004 47.738045 -1.3281367159 3.0 30.0
1.9717715 49.353867 -1.1384029159 3.0 30.0
1.9717715 49.353867 -1.1384029160 0.0 31.0
1.331922 50.840137 -0.7689857160 0.0 31.0
1.331922 50.840137 -0.7689857161 0.0 32.0
0.59308755 52.32641 -0.7689857161 0.0 32.0
1.9717715 49.353867 -1.1384029162 0.0 31.0
1.9717715 51.01365 -1.1384029162 0.0 31.0
1.9717715 51.01365 -1.1384029163 0.0 32.0
1.9717715 52.67343 -1.1384029163 0.0 32.0
1.9717715 49.353867 -1.1384029164 2.0 31.0
1.5923039 50.96969 -1.1384029164 2.0 31.0
1.5923039 50.96969 -1.1384029165 1.0 32.0
1.2128363 52.58551 -1.1384029165 1.0 32.0
1.2128363 52.58551 -1.1384029166 0.0 33.0
0.83336866 54.201332 -1.1384029166 0.0 33.0
0.83336866 54.201332 -1.1384029167 0.0 34.0
0.45390105 55.817154 -1.1384029167 0.0 34.0
2.6290286 46.122223 -1.5178704168 4.0 29.0
2.957657 47.738045 -1.7076042168 4.0 29.0
2.957657 47.738045 -1.7076042169 3.0 30.0
3.2862856 49.353867 -1.8973379169 3.0 30.0
3.2862856 49.353867 -1.8973379170 0.0 31.0
3.2862856 51.01365 -1.8973379170 0.0 31.0
3.2862856 51.01365 -1.8973379171 0.0 32.0
3.2862856 52.67343 -1.8973379171 0.0 32.0
3.2862856 49.353867 -1.8973379172 0.0 31.0
3.926135 50.840137 -2.266755172 0.0 31.0
3.926135 50.840137 -2.266755173 0.0 32.0
4.6649694 52.32641 -2.266755173 0.0 32.0
3.2862856 49.353867 -1.8973379174 2.0 31.0
3.6657534 50.96969 -1.8973379174 2.0 31.0
3.6657534 50.96969 -1.8973379175 1.0 32.0
4.045221 52.58551 -1.8973379175 1.0 32.0
4.045221 52.58551 -1.8973379176 0.0 33.0
4.4246883 54.201332 -1.8973379176 0.0 33.0
4.4246883 54.201332 -1.8973379177 0.0 34.0
4.804156 55.817154 -1.8973379177 0.0 34.0
2.6290286 46.122223 -1.5178704178 8.0 29.0
2.6290286 47.782005 -1.5178704178 8.0 29.0
2.6290286 47.782005 -1.5178704179 7.0 30.0
2.6290286 49.441788 -1.5178704179 7.0 30.0
2.6290286 49.441788 -1.5178704180 6.0 31.0
2.6290286 51.10157 -1.5178704180 6.0 31.0
2.6290286 51.10157 -1.5178704181 5.0 32.0
2.6290286 52.761353 -1.5178704181 5.0 32.0
2.6290286 52.761353 -1.5178704182 4.0 33.0
2.6290286 54.421135 -1.5178704182 4.0 33.0
2.6290286 54.421135 -1.5178704183 3.0 34.0
2.6290286 56.080917 -1.5178704183 3.0 34.0
2.6290286 56.080917 -1.5178704184 0.0 35.0
2.3004 57.69674 -1.3281367184 0.0 35.0
2.3004 57.69674 -1.3281367185 0.0 36.0
1.9209324 59.31256 -1.3281367185 0.0 36.0
2.6290286 56.080917 -1.5178704186 0.0 35.0
2.957657 57.69674 -1.7076042186 0.0 35.0
2.957657 57.69674 -1.7076042187 0.0 36.0
3.3371248 59.31256 -1.7076042187 0.0 36.0
2.6290286 56.080917 -1.5178704188 2.0 35.0
2.6290286 57.7407 -1.5178704188 2.0 35.0
2.6290286 57.7407 -1.5178704189 1.0 36.0
2.6290286 59.400482 -1.5178704189 1.0 36.0
2.6290286 59.400482 -1.5178704190 0.0 37.0
2.6290286 61.060265 -1.5178704190 0.0 37.0
2.6290286 61.060265 -1.5178704191 0.0 38.0
2.6290286 62.720047 -1.5178704191 0.0 38.0
2.6290286 39.483093 -1.5178704192 12.0 25.0
3.268878 40.969364 -1.8872876192 12.0 25.0
3.268878 40.969364 -1.8872876193 11.0 26.0
3.9087274 42.455635 -2.2567048193 11.0 26.0
3.9087274 42.455635 -2.2567048194 10.0 27.0
4.548577 43.941906 -2.626122194 10.0 27.0
4.548577 43.941906 -2.626122195 9.0 28.0
5.1884265 45.428177 -2.9955392195 9.0 28.0
5.1884265 45.428177 -2.9955392196 4.0 29.0
5.517055 47.044 -3.185273196 4.0 29.0
5.517055 47.044 -3.185273197 3.0 30.0
5.8456836 48.65982 -3.3750067197 3.0 30.0
5.8456836 48.65982 -3.3750067198 0.0 31.0
5.8456836 50.319603 -3.3750067198 0.0 31.0
5.8456836 50.319603 -3.3750067199 0.0 32.0
5.8456836 51.979385 -3.3750067199 0.0 32.0
5.8456836 48.65982 -3.3750067200 0.0 31.0
6.485533 50.14609 -3.7444239200 0.0 31.0
6.485533 50.14609 -3.7444239201 0.0 32.0
7.2243676 51.632362 -3.7444239201 0.0 32.0
5.8456836 48.65982 -3.3750067202 2.0 31.0
6.225151 50.275642 -3.3750067202 2.0 31.0
6.225151 50.275642 -3.3750067203 1.0 32.0
6.6046185 51.891464 -3.3750067203 1.0 32.0
6.6046185 51.891464 -3.3750067204 0.0 33.0
6.984086 53.507286 -3.3750067204 0.0 33.0
6.984086 53.507286 -3.3750067205 0.0 34.0
7.3635535 55.123108 -3.3750067205 0.0 34.0
5.1884265 45.428177 -2.9955392206 4.0 29.0
6.105603 46.70617 -3.5250716206 4.0 29.0
6.105603 46.70617 -3.5250716207 3.0 30.0
7.0227804 47.98416 -4.054604207 3.0 30.0
7.0227804 47.98416 -4.054604208 0.0 31.0
7.66263 49.470432 -4.4240212208 0.0 31.0
7.66263 49.470432 -4.4240212209 0.0 32.0
8.401464 50.956703 -4.4240212209 0.0 32.0
7.0227804 47.98416 -4.054604210 0.0 31.0
8.168701 48.986176 -4.716202210 0.0 31.0
8.168701 48.986176 -4.716202211 0.0 32.0
9.491897 49.98819 -4.716202211 0.0 32.0
7.0227804 47.98416 -4.054604212 2.0 31.0
8.081845 49.262154 -4.054604212 2.0 31.0
8.081845 49.262154 -4.054604213 1.0 32.0
9.14091 50.540146 -4.054604213 1.0 32.0
9.14091 50.540146 -4.054604214 0.0 33.0
10.199975 51.81814 -4.054604214 0.0 33.0
10.199975 51.81814 -4.054604215 0.0 34.0
11.25904 53.09613 -4.054604215 0.0 34.0
5.1884265 45.428177 -2.9955392216 8.0 29.0
5.927261 46.914448 -2.9955392216 8.0 29.0
5.927261 46.914448 -2.9955392217 7.0 30.0
6.6660953 48.40072 -2.9955392217 7.0 30.0
6.6660953 48.40072 -2.9955392218 6.0 31.0
7.4049296 49.88699 -2.9955392218 6.0 31.0
7.4049296 49.88699 -2.9955392219 5.0 32.0
8.1437645 51.37326 -2.9955392219 5.0 32.0
8.1437645 51.37326 -2.9955392220 4.0 33.0
8.882599 52.85953 -2.9955392220 4.0 33.0
8.882599 52.85953 -2.9955392221 3.0 34.0
9.621433 54.345802 -2.9955392221 3.0 34.0
9.621433 54.345802 -2.9955392222 0.0 35.0
9.950062 55.961624 -3.185273222 0.0 35.0
9.950062 55.961624 -3.185273223 0.0 36.0
10.32953 57.577446 -3.185273223 0.0 36.0
9.621433 54.345802 -2.9955392224 0.0 35.0
10.53861 55.623795 -3.5250716224 0.0 35.0
10.53861 55.623795 -3.5250716225 0.0 36.0
11.597675 56.901787 -3.5250716225 0.0 36.0
9.621433 54.345802 -2.9955392226 2.0 35.0
10.360268 55.832073 -2.9955392226 2.0 35.0
10.360268 55.832073 -2.9955392227 1.0 36.0
11.099102 57.318344 -2.9955392227 1.0 36.0
11.099102 57.318344 -2.9955392228 0.0 37.0
11.837936 58.804615 -2.9955392228 0.0 37.0
11.837936 58.804615 -2.9955392229 0.0 38.0
12.576771 60.290886 -2.9955392229 0.0 38.0
2.6290286 39.483093 -1.5178704230 20.0 25.0
3.0084963 41.098915 -1.5178704230 20.0 25.0
3.0084963 41.098915 -1.5178704231 19.0 26.0
3.3879638 42.714737 -1.5178704231 19.0 26.0
3.3879638 42.714737 -1.5178704232 18.0 27.0
3.7674313 44.33056 -1.5178704232 18.0 27.0
3.7674313 44.33056 -1.5178704233 17.0 28.0
4.1468987 45.94638 -1.5178704233 17.0 28.0
4.1468987 45.94638 -1.5178704234 16.0 29.0
4.526366 47.562202 -1.5178704234 16.0 29.0
4.526366 47.562202 -1.5178704235 15.0 30.0
4.9058337 49.178024 -1.5178704235 15.0 30.0
4.9058337 49.178024 -1.5178704236 14.0 31.0
5.285301 50.793846 -1.5178704236 14.0 31.0
5.285301 50.793846 -1.5178704237 13.0 32.0
5.6647687 52.409668 -1.5178704237 13.0 32.0
5.6647687 52.409668 -1.5178704238 12.0 33.0
6.044236 54.02549 -1.5178704238 12.0 33.0
6.044236 54.02549 -1.5178704239 11.0 34.0
6.4237037 55.64131 -1.5178704239 11.0 34.0
6.4237037 55.64131 -1.5178704240 10.0 35.0
6.803171 57.257133 -1.5178704240 10.0 35.0
6.803171 57.257133 -1.5178704241 9.0 36.0
7.1826386 58.872955 -1.5178704241 9.0 36.0
7.1826386 58.872955 -1.5178704242 4.0 37.0
7.1826386 60.532738 -1.5178704242 4.0 37.0
7.1826386 60.532738 -1.5178704243 3.0 38.0
7.1826386 62.19252 -1.5178704243 3.0 38.0
7.1826386 62.19252 -1.5178704244 0.0 39.0
6.85401 63.808342 -1.3281367244 0.0 39.0
6.85401 63.808342 -1.3281367245 0.0 40.0
6.4745426 65.424164 -1.3281367245 0.0 40.0
7.1826386 62.19252 -1.5178704246 0.0 39.0
7.511267 63.808342 -1.7076042246 0.0 39.0
7.511267 63.808342 -1.7076042247 0.0 40.0
7.8907347 65.424164 -1.7076042247 0.0 40.0
7.1826386 62.19252 -1.5178704248 2.0 39.0
7.1826386 63.852303 -1.5178704248 2.0 39.0
7.1826386 63.852303 -1.5178704249 1.0 40.0
7.1826386 65.512085 -1.5178704249 1.0 40.0
7.1826386 65.512085 -1.5178704250 0.0 41.0
7.1826386 67.17187 -1.5178704250 0.0 41.0
7.1826386 67.17187 -1.5178704251 0.0 42.0
7.1826386 68.83165 -1.5178704251 0.0 42.0
7.1826386 58.872955 -1.5178704252 4.0 37.0
7.8224883 60.359226 -1.8872876252 4.0 37.0
7.8224883 60.359226 -1.8872876253 3.0 38.0
8.4623375 61.845497 -2.2567048253 3.0 38.0
8.4623375 61.845497 -2.2567048254 0.0 39.0
8.790966 63.46132 -2.4464386254 0.0 39.0
8.790966 63.46132 -2.4464386255 0.0 40.0
9.170434 65.07714 -2.4464386255 0.0 40.0
8.4623375 61.845497 -2.2567048256 0.0 39.0
9.379515 63.12349 -2.7862372256 0.0 39.0
9.379515 63.12349 -2.7862372257 0.0 40.0
10.43858 64.40148 -2.7862372257 0.0 40.0
8.4623375 61.845497 -2.2567048258 2.0 39.0
9.201172 63.331768 -2.2567048258 2.0 39.0
9.201172 63.331768 -2.2567048259 1.0 40.0
9.940006 64.81804 -2.2567048259 1.0 40.0
9.940006 64.81804 -2.2567048260 0.0 41.0
10.678841 66.304306 -2.2567048260 0.0 41.0
10.678841 66.304306 -2.2567048261 0.0 42.0
11.417675 67.79057 -2.2567048261 0.0 42.0
7.1826386 58.872955 -1.5178704262 8.0 37.0
7.562106 60.488777 -1.5178704262 8.0 37.0
7.562106 60.488777 -1.5178704263 7.0 38.0
7.9415736 62.1046 -1.5178704263 7.0 38.0
7.9415736 62.1046 -1.5178704264 6.0 39.0
8.321041 63.72042 -1.5178704264 6.0 39.0
8.321041 63.72042 -1.5178704265 5.0 40.0
8.700509 65.33624 -1.5178704265 5.0 40.0
8.700509 65.33624 -1.5178704266 4.0 41.0
9.079977 66.952065 -1.5178704266 4.0 41.0
9.079977 66.952065 -1.5178704267 3.0 42.0
9.459445 68.56789 -1.5178704267 3.0 42.0
9.459445 68.56789 -1.5178704268 0.0 43.0
9.459445 70.22767 -1.5178704268 0.0 43.0
9.459445 70.22767 -1.5178704269 0.0 44.0
9.459445 71.88745 -1.5178704269 0.0 44.0
9.459445 68.56789 -1.5178704270 0.0 43.0
10.099295 70.05415 -1.8872876270 0.0 43.0
10.099295 70.05415 -1.8872876271 0.0 44.0
10.838129 71.54042 -1.8872876271 0.0 44.0
9.459445 68.56789 -1.5178704272 2.0 43.0
9.838913 70.18371 -1.5178704272 2.0 43.0
9.838913 70.18371 -1.5178704273 1.0 44.0
10.218381 71.79953 -1.5178704273 1.0 44.0
10.218381 71.79953 -1.5178704274 0.0 45.0
10.597849 73.41535 -1.5178704274 0.0 45.0
10.597849 73.41535 -1.5178704275 0.0 46.0
10.977317 75.03117 -1.5178704275 0.0 46.0
0.0 26.556517 0.0276 44.0 17.0
0.0 28.2163 0.0276 44.0 17.0
0.0 28.2163 0.0277 43.0 18.0
0.0 29.876081 0.0277 43.0 18.0
0.0 29.876081 0.0278 42.0 19.0
0.0 31.535864 0.0278 42.0 19.0
0.0 31.535864 0.0279 41.0 20.0
0.0 33.195644 0.0279 41.0 20.0
0.0 33.195644 0.0280 40.0 21.0
0.0 34.855427 0.0280 40.0 21.0
0.0 34.855427 0.0281 39.0 22.0
0.0 36.51521 0.0281 39.0 22.0
0.0 36.51521 0.0282 38.0 23.0
0.0 38.17499 0.0282 38.0 23.0
0.0 38.17499 0.0283 37.0 24.0
0.0 39.834774 0.0283 37.0 24.0
0.0 39.834774 0.0284 36.0 25.0
0.0 41.494556 0.0284 36.0 25.0
0.0 41.494556 0.0285 35.0 26.0
0.0 43.15434 0.0285 35.0 26.0
0.0 43.15434 0.0286 34.0 27.0
0.0 44.81412 0.0286 34.0 27.0
0.0 44.81412 0.0287 33.0 28.0
0.0 46.473904 0.0287 33.0 28.0
0.0 46.473904 0.0288 32.0 29.0
0.0 48.133686 0.0288 32.0 29.0
0.0 48.133686 0.0289 31.0 30.0
0.0 49.79347 0.0289 31.0 30.0
0.0 49.79347 0.0290 30.0 31.0
0.0 51.45325 0.0290 30.0 31.0
0.0 51.45325 0.0291 29.0 32.0
0.0 53.113033 0.0291 29.0 32.0
0.0 53.113033 0.0292 28.0 33.0
0.0 54.772816 0.0292 28.0 33.0
0.0 54.772816 0.0293 27.0 34.0
0.0 56.4326 0.0293 27.0 34.0
0.0 56.4326 0.0294 26.0 35.0
0.0 58.09238 0.0294 26.0 35.0
0.0 58.09238 0.0295 25.0 36.0
0.0 59.752163 0.0295 25.0 36.0
0.0 59.752163 0.0296 24.0 37.0
0.0 61.411945 0.0296 24.0 37.0
0.0 61.411945 0.0297 23.0 38.0
0.0 63.071728 0.0297 23.0 38.0
0.0 63.071728 0.0298 22.0 39.0
0.0 64.73151 0.0298 22.0 39.0
0.0 64.73151 0.0299 21.0 40.0
0.0 66.39129 0.0299 21.0 40.0
0.0 66.39129 0.0300 12.0 41.0
-0.32862857 68.00711 0.1897338300 12.0 41.0
-0.32862857 68.00711 0.1897338301 11.0 42.0
-0.65725714 69.62293 0.3794676301 11.0 42.0
-0.65725714 69.62293 0.3794676302 10.0 43.0
-0.98588574 71.238754 0.5692014302 10.0 43.0
-0.98588574 71.238754 0.5692014303 9.0 44.0
-1.3145143 72.854576 0.7589352303 9.0 44.0
-1.3145143 72.854576 0.7589352304 4.0 45.0
-1.9543638 74.34084 1.1283524304 4.0 45.0
-1.9543638 74.34084 1.1283524305 3.0 46.0
-2.5942132 75.82711 1.4977696305 3.0 46.0
-2.5942132 75.82711 1.4977696306 0.0 47.0
-3.5113902 77.1051 2.0273018306 0.0 47.0
-3.5113902 77.1051 2.0273018307 0.0 48.0
-4.5704546 78.383095 2.0273018307 0.0 48.0
-2.5942132 75.82711 1.4977696308 0.0 47.0
-2.9228418 77.44293 1.6875033308 0.0 47.0
-2.9228418 77.44293 1.6875033309 0.0 48.0
-3.3023095 79.058754 1.6875033309 0.0 48.0
-2.5942132 75.82711 1.4977696310 2.0 47.0
-3.3330479 77.31338 1.4977696310 2.0 47.0
-3.3330479 77.31338 1.4977696311 1.0 48.0
-4.0718822 78.799644 1.4977696311 1.0 48.0
-4.0718822 78.799644 1.4977696312 0.0 49.0
-4.8107166 80.28591 1.4977696312 0.0 49.0
-4.8107166 80.28591 1.4977696313 0.0 50.0
-5.549551 81.77218 1.4977696313 0.0 50.0
-1.3145143 72.854576 0.7589352314 4.0 45.0
-1.3145143 74.51436 0.7589352314 4.0 45.0
-1.3145143 74.51436 0.7589352315 3.0 46.0
-1.3145143 76.17414 0.7589352315 3.0 46.0
-1.3145143 76.17414 0.7589352316 0.0 47.0
-1.6431428 77.78996 0.948669316 0.0 47.0
-1.6431428 77.78996 0.948669317 0.0 48.0
-2.0226104 79.405785 0.948669317 0.0 48.0
-1.3145143 76.17414 0.7589352318 0.0 47.0
-0.98588574 77.78996 0.5692014318 0.0 47.0
-0.98588574 77.78996 0.5692014319 0.0 48.0
-0.60641813 79.405785 0.5692014319 0.0 48.0
-1.3145143 76.17414 0.7589352320 2.0 47.0
-1.3145143 77.83392 0.7589352320 2.0 47.0
-1.3145143 77.83392 0.7589352321 1.0 48.0
-1.3145143 79.493706 0.7589352321 1.0 48.0
-1.3145143 79.493706 0.7589352322 0.0 49.0
-1.3145143 81.15349 0.7589352322 0.0 49.0
-1.3145143 81.15349 0.7589352323 0.0 50.0
-1.3145143 82.81327 0.7589352323 0.0 50.0
-1.3145143 72.854576 0.7589352324 8.0 45.0
-1.6939819 74.4704 0.7589352324 8.0 45.0
-1.6939819 74.4704 0.7589352325 7.0 46.0
-2.0734496 76.08622 0.7589352325 7.0 46.0
-2.0734496 76.08622 0.7589352326 6.0 47.0
-2.452917 77.70204 0.7589352326 6.0 47.0
-2.452917 77.70204 0.7589352327 5.0 48.0
-2.8323846 79.31786 0.7589352327 5.0 48.0
-2.8323846 79.31786 0.7589352328 4.0 49.0
-3.211852 80.933685 0.7589352328 4.0 49.0
-3.211852 80.933685 0.7589352329 3.0 50.0
-3.5913196 82.54951 0.7589352329 3.0 50.0
-3.5913196 82.54951 0.7589352330 0.0 51.0
-4.231169 84.035774 1.1283524330 0.0 51.0
-4.231169 84.035774 1.1283524331 0.0 52.0
-4.9700036 85.52204 1.1283524331 0.0 52.0
-3.5913196 82.54951 0.7589352332 0.0 51.0
-3.5913196 84.20929 0.7589352332 0.0 51.0
-3.5913196 84.20929 0.7589352333 0.0 52.0
-3.5913196 85.86907 0.7589352333 0.0 52.0
-3.5913196 82.54951 0.7589352334 2.0 51.0
-3.970787 84.16533 0.7589352334 2.0 51.0
-3.970787 84.16533 0.7589352335 1.0 52.0
-4.3502545 85.78115 0.7589352335 1.0 52.0
-4.3502545 85.78115 0.7589352336 0.0 53.0
-4.729722 87.39697 0.7589352336 0.0 53.0
-4.729722 87.39697 0.7589352337 0.0 54.0
-5.1091895 89.012794 0.7589352337 0.0 54.0
0.0 66.39129 0.0338 12.0 41.0
0.32862857 68.00711 -0.1897338338 12.0 41.0
0.32862857 68.00711 -0.1897338339 11.0 42.0
0.65725714 69.62293 -0.3794676339 11.0 42.0
0.65725714 69.62293 -0.3794676340 10.0 43.0
0.98588574 71.238754 -0.5692014340 10.0 43.0
0.98588574 71.238754 -0.5692014341 9.0 44.0
1.3145143 72.854576 -0.7589352341 9.0 44.0
1.3145143 72.854576 -0.7589352342 4.0 45.0
1.3145143 74.51436 -0.7589352342 4.0 45.0
1.3145143 74.51436 -0.7589352343 3.0 46.0
1.3145143 76.17414 -0.7589352343 3.0 46.0
1.3145143 76.17414 -0.7589352344 0.0 47.0
0.98588574 77.78996 -0.5692014344 0.0 47.0
0.98588574 77.78996 -0.5692014345 0.0 48.0
0.60641813 79.405785 -0.5692014345 0.0 48.0
1.3145143 76.17414 -0.7589352346 0.0 47.0
1.6431428 77.78996 -0.948669346 0.0 47.0
1.6431428 77.78996 -0.948669347 0.0 48.0
2.0226104 79.405785 -0.948669347 0.0 48.0
1.3145143 76.17414 -0.7589352348 2.0 47.0
1.3145143 77.83392 -0.7589352348 2.0 47.0
1.3145143 77.83392 -0.7589352349 1.0 48.0
1.3145143 79.493706 -0.7589352349 1.0 48.0
1.3145143 79.493706 -0.7589352350 0.0 49.0
1.3145143 81.15349 -0.7589352350 0.0 49.0
1.3145143 81.15349 -0.7589352351 0.0 50.0
1.3145143 82.81327 -0.7589352351 0.0 50.0
1.3145143 72.854576 -0.7589352352 4.0 45.0
1.9543638 74.34084 -1.1283524352 4.0 45.0
1.9543638 74.34084 -1.1283524353 3.0 46.0
2.5942132 75.82711 -1.4977696353 3.0 46.0
2.5942132 75.82711 -1.4977696354 0.0 47.0
2.9228418 77.44293 -1.6875033354 0.0 47.0
2.9228418 77.44293 -1.6875033355 0.0 48.0
3.3023095 79.058754 -1.6875033355 0.0 48.0
2.5942132 75.82711 -1.4977696356 0.0 47.0
3.5113902 77.1051 -2.0273018356 0.0 47.0
3.5113902 77.1051 -2.0273018357 0.0 48.0
4.5704546 78.383095 -2.0273018357 0.0 48.0
2.5942132 75.82711 -1.4977696358 2.0 47.0
3.3330479 77.31338 -1.4977696358 2.0 47.0
3.3330479 77.31338 -1.4977696359 1.0 48.0
4.0718822 78.799644 -1.4977696359 1.0 48.0
4.0718822 78.799644 -1.4977696360 0.0 49.0
4.8107166 80.28591 -1.4977696360 0.0 49.0
4.8107166 80.28591 -1.4977696361 0.0 50.0
5.549551 81.77218 -1.4977696361 0.0 50.0
1.3145143 72.854576 -0.7589352362 8.0 45.0
1.6939819 74.4704 -0.7589352362 8.0 45.0
1.6939819 74.4704 -0.7589352363 7.0 46.0
2.0734496 76.08622 -0.7589352363 7.0 46.0
2.0734496 76.08622 -0.7589352364 6.0 47.0
2.452917 77.70204 -0.7589352364 6.0 47.0
2.452917 77.70204 -0.7589352365 5.0 48.0
2.8323846 79.31786 -0.7589352365 5.0 48.0
2.8323846 79.31786 -0.7589352366 4.0 49.0
3.211852 80.933685 -0.7589352366 4.0 49.0
3.211852 80.933685 -0.7589352367 3.0 50.0
3.5913196 82.54951 -0.7589352367 3.0 50.0
3.5913196 82.54951 -0.7589352368 0.0 51.0
3.5913196 84.20929 -0.7589352368 0.0 51.0
3.5913196 84.20929 -0.7589352369 0.0 52.0
3.5913196 85.86907 -0.7589352369 0.0 52.0
3.5913196 82.54951 -0.7589352370 0.0 51.0
4.231169 84.035774 -1.1283524370 0.0 51.0
4.231169 84.035774 -1.1283524371 0.0 52.0
4.9700036 85.52204 -1.1283524371 0.0 52.0
3.5913196 82.54951 -0.7589352372 2.0 51.0
3.970787 84.16533 -0.7589352372 2.0 51.0
3.970787 84.16533 -0.7589352373 1.0 52.0
4.3502545 85.78115 -0.7589352373 1.0 52.0
4.3502545 85.78115 -0.7589352374 0.0 53.0
4.729722 87.39697 -0.7589352374 0.0 53.0
4.729722 87.39697 -0.7589352375 0.0 54.0
5.1091895 89.012794 -0.7589352375 0.0 54.0
0.0 66.39129 0.0376 20.0 41.0
0.0 68.05107 0.0376 20.0 41.0
0.0 68.05107 0.0377 19.0 42.0
0.0 69.71085 0.0377 19.0 42.0
0.0 69.71085 0.0378 18.0 43.0
0.0 71.370636 0.0378 18.0 43.0
0.0 71.370636 0.0379 17.0 44.0
0.0 73.03042 0.0379 17.0 44.0
0.0 73.03042 0.0380 16.0 45.0
0.0 74.6902 0.0380 16.0 45.0
0.0 74.6902 0.0381 15.0 46.0
0.0 76.34998 0.0381 15.0 46.0
0.0 76.34998 0.0382 14.0 47.0
0.0 78.009766 0.0382 14.0 47.0
0.0 78.009766 0.0383 13.0 48.0
0.0 79.66955 0.0383 13.0 48.0
0.0 79.66955 0.0384 12.0 49.0
0.0 81.32933 0.0384 12.0 49.0
0.0 81.32933 0.0385 11.0 50.0
0.0 82.98911 0.0385 11.0 50.0
0.0 82.98911 0.0386 10.0 51.0
0.0 84.648895 0.0386 10.0 51.0
0.0 84.648895 0.0387 9.0 52.0
0.0 86.30868 0.0387 9.0 52.0
0.0 86.30868 0.0388 4.0 53.0
-0.32862857 87.9245 0.1897338388 4.0 53.0
-0.32862857 87.9245 0.1897338389 3.0 54.0
-0.65725714 89.54032 0.3794676389 3.0 54.0
-0.65725714 89.54032 0.3794676390 0.0 55.0
-1.2971066 91.02659 0.74888486390 0.0 55.0
-1.2971066 91.02659 0.74888486391 0.0 56.0
-2.0359411 92.512856 0.74888486391 0.0 56.0
-0.65725714 89.54032 0.3794676392 0.0 55.0
-0.65725714 91.2001 0.3794676392 0.0 55.0
-0.65725714 91.2001 0.3794676393 0.0 56.0
-0.65725714 92.859886 0.3794676393 0.0 56.0
-0.65725714 89.54032 0.3794676394 2.0 55.0
-1.0367248 91.15614 0.3794676394 2.0 55.0
-1.0367248 91.15614 0.3794676395 1.0 56.0
-1.4161924 92.771965 0.3794676395 1.0 56.0
-1.4161924 92.771965 0.3794676396 0.0 57.0
-1.79566 94.38779 0.3794676396 0.0 57.0
-1.79566 94.38779 0.3794676397 0.0 58.0
-2.1751275 96.00361 0.3794676397 0.0 58.0
0.0 86.30868 0.0398 4.0 53.0
0.32862857 87.9245 -0.1897338398 4.0 53.0
0.32862857 87.9245 -0.1897338399 3.0 54.0
0.65725714 89.54032 -0.3794676399 3.0 54.0
0.65725714 89.54032 -0.3794676400 0.0 55.0
0.65725714 91.2001 -0.3794676400 0.0 55.0
0.65725714 91.2001 -0.3794676401 0.0 56.0
0.65725714 92.859886 -0.3794676401 0.0 56.0
0.65725714 89.54032 -0.3794676402 0.0 55.0
1.2971066 91.02659 -0.74888486402 0.0 55.0
1.2971066 91.02659 -0.74888486403 0.0 56.0
2.0359411 92.512856 -0.74888486403 0.0 56.0
0.65725714 89.54032 -0.3794676404 2.0 55.0
1.0367248 91.15614 -0.3794676404 2.0 55.0
1.0367248 91.15614 -0.3794676405 1.0 56.0
1.4161924 92.771965 -0.3794676405 1.0 56.0
1.4161924 92.771965 -0.3794676406 0.0 57.0
1.79566 94.38779 -0.3794676406 0.0 57.0
1.79566 94.38779 -0.3794676407 0.0 58.0
2.1751275 96.00361 -0.3794676407 0.0 58.0
0.0 86.30868 0.0408 8.0 53.0
0.0 87.96846 0.0408 8.0 53.0
0.0 87.96846 0.0409 7.0 54.0
0.0 89.62824 0.0409 7.0 54.0
0.0 89.62824 0.0410 6.0 55.0
0.0 91.288025 0.0410 6.0 55.0
0.0 91.288025 0.0411 5.0 56.0
0.0 92.94781 0.0411 5.0 56.0
0.0 92.94781 0.0412 4.0 57.0
0.0 94.60759 0.0412 4.0 57.0
0.0 94.60759 0.0413 3.0 58.0
0.0 96.26737 0.0413 3.0 58.0
0.0 96.26737 0.0414 0.0 59.0
-0.32862857 97.883194 0.1897338414 0.0 59.0
-0.32862857 97.883194 0.1897338415 0.0 60.0
-0.70809615 99.499016 0.1897338415 0.0 60.0
0.0 96.26737 0.0416 0.0 59.0
0.32862857 97.883194 -0.1897338416 0.0 59.0
0.32862857 97.883194 -0.1897338417 0.0 60.0
0.70809615 99.499016 -0.1897338417 0.0 60.0
0.0 96.26737 0.0418 2.0 59.0
0.0 97.927155 0.0418 2.0 59.0
0.0 97.927155 0.0419 1.0 60.0
0.0 99.58694 0.0419 1.0 60.0
0.0 99.58694 0.0420 0.0 61.0
0.0 101.24672 0.0420 0.0 61.0
0.0 101.24672 0.0421 0.0 62.0
0.0 102.9065 0.0421 0.0 62.0
