0.0 0.0 0.00 60.0 1.0
0.0 1.9600824 0.00 60.0 1.0
0.0 1.9600824 0.01 59.0 2.0
0.0 3.9201648 0.01 59.0 2.0
0.0 3.9201648 0.02 58.0 3.0
0.0 5.880247 0.02 58.0 3.0
0.0 5.880247 0.03 57.0 4.0
0.0 7.8403296 0.03 57.0 4.0
0.0 7.8403296 0.04 56.0 5.0
0.0 9.800412 0.04 56.0 5.0
0.0 9.800412 0.05 55.0 6.0
0.0 11.760494 0.05 55.0 6.0
0.0 11.760494 0.06 54.0 7.0
0.0 13.720576 0.06 54.0 7.0
0.0 13.720576 0.07 53.0 8.0
0.0 15.680658 0.07 53.0 8.0
0.0 15.680658 0.08 52.0 9.0
0.0 17.640741 0.08 52.0 9.0
0.0 17.640741 0.09 51.0 10.0
0.0 19.600824 0.09 51.0 10.0
0.0 19.600824 0.010 50.0 11.0
0.0 21.560907 0.010 50.0 11.0
0.0 21.560907 0.011 49.0 12.0
0.0 23.52099 0.011 49.0 12.0
0.0 23.52099 0.012 48.0 13.0
0.0 25.481073 0.012 48.0 13.0
0.0 25.481073 0.013 47.0 14.0
0.0 27.441156 0.013 47.0 14.0
0.0 27.441156 0.014 46.0 15.0
0.0 29.40124 0.014 46.0 15.0
0.0 29.40124 0.015 45.0 16.0
0.0 31.361322 0.015 45.0 16.0
0.0 31.361322 0.016 28.0 17.0
-0.58596927 33.200916 0.3383095616 28.0 17.0
-0.58596927 33.200916 0.3383095617 27.0 18.0
-1.1719385 35.040512 0.676619117 27.0 18.0
-1.1719385 35.040512 0.676619118 26.0 19.0
-1.7579079 36.880108 1.014928718 26.0 19.0
-1.7579079 36.880108 1.014928719 25.0 20.0
-2.343877 38.719704 1.353238219 25.0 20.0
-2.343877 38.719704 1.353238220 24.0 21.0
-2.9298463 40.5593 1.691547820 24.0 21.0
-2.9298463 40.5593 1.691547821 23.0 22.0
-3.5158155 42.398895 2.029857421 23.0 22.0
-3.5158155 42.398895 2.029857422 22.0 23.0
-4.1017847 44.23849 2.36816722 22.0 23.0
-4.1017847 44.23849 2.36816723 21.0 24.0
-4.687754 46.078087 2.706476423 21.0 24.0
-4.687754 46.078087 2.706476424 12.0 25.0
-5.787653 47.571033 3.341503424 12.0 25.0
-5.787653 47.571033 3.341503425 11.0 26.0
-6.887552 49.06398 3.976530325 11.0 26.0
-6.887552 49.06398 3.976530326 10.0 27.0
-7.9874506 50.556927 4.61155726 10.0 27.0
-7.9874506 50.556927 4.61155727 9.0 28.0
-9.087349 52.049873 5.24658427 9.0 28.0
-9.087349 52.049873 5.24658428 4.0 29.0
-10.565954 53.012627 6.100257428 4.0 29.0
-10.565954 53.012627 6.100257429 3.0 30.0
-12.0445595 53.97538 6.95393129 3.0 30.0
-12.0445595 53.97538 6.95393130 0.0 31.0
-13.72009 54.289577 7.92129930 0.0 31.0
-13.72009 54.289577 7.92129931 0.0 32.0
-15.654826 54.603775 7.92129931 0.0 32.0
-12.0445595 53.97538 6.95393132 0.0 31.0
-13.144459 55.468327 7.58895832 0.0 31.0
-13.144459 55.468327 7.58895833 0.0 32.0
-14.414513 56.961273 7.58895833 0.0 32.0
-12.0445595 53.97538 6.95393134 2.0 31.0
-13.751906 54.938133 6.95393134 2.0 31.0
-13.751906 54.938133 6.95393135 1.0 32.0
-15.459253 55.900887 6.95393135 1.0 32.0
-15.459253 55.900887 6.95393136 0.0 33.0
-17.1666 56.86364 6.95393136 0.0 33.0
-17.1666 56.86364 6.95393137 0.0 34.0
-18.873945 57.826393 6.95393137 0.0 34.0
-9.087349 52.049873 5.24658438 4.0 29.0
-9.673318 53.88947 5.584893738 4.0 29.0
-9.673318 53.88947 5.584893739 3.0 30.0
-10.259287 55.729065 5.923203539 3.0 30.0
-10.259287 55.729065 5.923203540 0.0 31.0
-11.359186 57.22201 6.558230440 0.0 31.0
-11.359186 57.22201 6.558230441 0.0 32.0
-12.62924 58.71496 6.558230441 0.0 32.0
-10.259287 55.729065 5.923203542 0.0 31.0
-10.259287 57.689148 5.923203542 0.0 31.0
-10.259287 57.689148 5.923203543 0.0 32.0
-10.259287 59.64923 5.923203543 0.0 32.0
-10.259287 55.729065 5.923203544 2.0 31.0
-10.935906 57.56866 5.923203544 2.0 31.0
-10.935906 57.56866 5.923203545 1.0 32.0
-11.612526 59.408257 5.923203545 1.0 32.0
-11.612526 59.408257 5.923203546 0.0 33.0
-12.289145 61.247852 5.923203546 0.0 33.0
-12.289145 61.247852 5.923203547 0.0 34.0
-12.965765 63.08745 5.923203547 0.0 34.0
-9.087349 52.049873 5.24658448 8.0 29.0
-10.357403 53.54282 5.24658448 8.0 29.0
-10.357403 53.54282 5.24658449 7.0 30.0
-11.627457 55.035767 5.24658449 7.0 30.0
-11.627457 55.035767 5.24658450 6.0 31.0
-12.897511 56.528713 5.24658450 6.0 31.0
-12.897511 56.528713 5.24658451 5.0 32.0
-14.167564 58.02166 5.24658451 5.0 32.0
-14.167564 58.02166 5.24658452 4.0 33.0
-15.437618 59.514606 5.24658452 4.0 33.0
-15.437618 59.514606 5.24658453 3.0 34.0
-16.707672 61.007553 5.24658453 3.0 34.0
-16.707672 61.007553 5.24658454 0.0 35.0
-18.186277 61.970306 6.100257454 0.0 35.0
-18.186277 61.970306 6.100257455 0.0 36.0
-19.893623 62.93306 6.100257455 0.0 36.0
-16.707672 61.007553 5.24658456 0.0 35.0
-17.293642 62.84715 5.584893756 0.0 35.0
-17.293642 62.84715 5.584893757 0.0 36.0
-17.97026 64.686745 5.584893757 0.0 36.0
-16.707672 61.007553 5.24658458 2.0 35.0
-17.977726 62.5005 5.24658458 2.0 35.0
-17.977726 62.5005 5.24658459 1.0 36.0
-19.24778 63.993446 5.24658459 1.0 36.0
-19.24778 63.993446 5.24658460 0.0 37.0
-20.517834 65.48639 5.24658460 0.0 37.0
-20.517834 65.48639 5.24658461 0.0 38.0
-21.787888 66.97933 5.24658461 0.0 38.0
-4.687754 46.078087 2.706476462 12.0 25.0
-4.687754 48.03817 2.706476462 12.0 25.0
-4.687754 48.03817 2.706476463 11.0 26.0
-4.687754 49.998253 2.706476463 11.0 26.0
-4.687754 49.998253 2.706476464 10.0 27.0
-4.687754 51.958336 2.706476464 10.0 27.0
-4.687754 51.958336 2.706476465 9.0 28.0
-4.687754 53.91842 2.706476465 9.0 28.0
-4.687754 53.91842 2.706476466 4.0 29.0
-5.2737236 55.758015 3.04478666 4.0 29.0
-5.2737236 55.758015 3.04478667 3.0 30.0
-5.859693 57.59761 3.383095567 3.0 30.0
-5.859693 57.59761 3.383095568 0.0 31.0
-6.959592 59.090557 4.018122768 0.0 31.0
-6.959592 59.090557 4.018122769 0.0 32.0
-8.229646 60.583504 4.018122769 0.0 32.0
-5.859693 57.59761 3.383095570 0.0 31.0
-5.859693 59.557693 3.383095570 0.0 31.0
-5.859693 59.557693 3.383095571 0.0 32.0
-5.859693 61.517776 3.383095571 0.0 32.0
-5.859693 57.59761 3.383095572 2.0 31.0
-6.536312 59.437206 3.383095572 2.0 31.0
-6.536312 59.437206 3.383095573 1.0 32.0
-7.212931 61.276802 3.383095573 1.0 32.0
-7.212931 61.276802 3.383095574 0.0 33.0
-7.88955 63.116398 3.383095574 0.0 33.0
-7.88955 63.116398 3.383095575 0.0 34.0
-8.56617 64.95599 3.383095575 0.0 34.0
-4.687754 53.91842 2.706476476 4.0 29.0
-4.1017847 55.758015 2.36816776 4.0 29.0
-4.1017847 55.758015 2.36816777 3.0 30.0
-3.5158155 57.59761 2.029857477 3.0 30.0
-3.5158155 57.59761 2.029857478 0.0 31.0
-3.5158155 59.557693 2.029857478 0.0 31.0
-3.5158155 59.557693 2.029857479 0.0 32.0
-3.5158155 61.517776 2.029857479 0.0 32.0
-3.5158155 57.59761 2.029857480 0.0 31.0
-2.4159167 59.090557 1.394830580 0.0 31.0
-2.4159167 59.090557 1.394830581 0.0 32.0
-1.1458628 60.583504 1.394830581 0.0 32.0
-3.5158155 57.59761 2.029857482 2.0 31.0
-2.8391964 59.437206 2.029857482 2.0 31.0
-2.8391964 59.437206 2.029857483 1.0 32.0
-2.1625774 61.276802 2.029857483 1.0 32.0
-2.1625774 61.276802 2.029857484 0.0 33.0
-1.4859583 63.116398 2.029857484 0.0 33.0
-1.4859583 63.116398 2.029857485 0.0 34.0
-0.8093392 64.95599 2.029857485 0.0 34.0
-4.687754 53.91842 2.706476486 8.0 29.0
-4.687754 55.8785 2.706476486 8.0 29.0
-4.687754 55.8785 2.706476487 7.0 30.0
-4.687754 57.838585 2.706476487 7.0 30.0
-4.687754 57.838585 2.706476488 6.0 31.0
-4.687754 59.798668 2.706476488 6.0 31.0
-4.687754 59.798668 2.706476489 5.0 32.0
-4.687754 61.75875 2.706476489 5.0 32.0
-4.687754 61.75875 2.706476490 4.0 33.0
-4.687754 63.718834 2.706476490 4.0 33.0
-4.687754 63.718834 2.706476491 3.0 34.0
-4.687754 65.67892 2.706476491 3.0 34.0
-4.687754 65.67892 2.706476492 0.0 35.0
-5.2737236 67.51851 3.04478692 0.0 35.0
-5.2737236 67.51851 3.04478693 0.0 36.0
-5.9503427 69.3581 3.04478693 0.0 36.0
-4.687754 65.67892 2.706476494 0.0 35.0
-4.1017847 67.51851 2.36816794 0.0 35.0
-4.1017847 67.51851 2.36816795 0.0 36.0
-3.4251657 69.3581 2.36816795 0.0 36.0
-4.687754 65.67892 2.706476496 2.0 35.0
-4.687754 67.639 2.706476496 2.0 35.0
-4.687754 67.639 2.706476497 1.0 36.0
-4.687754 69.59908 2.706476497 1.0 36.0
-4.687754 69.59908 2.706476498 0.0 37.0
-4.687754 71.559166 2.706476498 0.0 37.0
-4.687754 71.559166 2.706476499 0.0 38.0
-4.687754 73.51925 2.706476499 0.0 38.0
-4.687754 46.078087 2.7064764100 20.0 25.0
-5.364373 47.917683 2.7064764100 20.0 25.0
-5.364373 47.917683 2.7064764101 19.0 26.0
-6.0409923 49.75728 2.7064764101 19.0 26.0
-6.0409923 49.75728 2.7064764102 18.0 27.0
-6.7176113 51.596874 2.7064764102 18.0 27.0
-6.7176113 51.596874 2.7064764103 17.0 28.0
-7.3942304 53.43647 2.7064764103 17.0 28.0
-7.3942304 53.43647 2.7064764104 16.0 29.0
-8.070849 55.276066 2.7064764104 16.0 29.0
-8.070849 55.276066 2.7064764105 15.0 30.0
-8.747469 57.11566 2.7064764105 15.0 30.0
-8.747469 57.11566 2.7064764106 14.0 31.0
-9.4240885 58.955257 2.7064764106 14.0 31.0
-9.4240885 58.955257 2.7064764107 13.0 32.0
-10.100708 60.794853 2.7064764107 13.0 32.0
-10.100708 60.794853 2.7064764108 12.0 33.0
-10.777328 62.63445 2.7064764108 12.0 33.0
-10.777328 62.63445 2.7064764109 11.0 34.0
-11.453947 64.474045 2.7064764109 11.0 34.0
-11.453947 64.474045 2.7064764110 10.0 35.0
-12.130567 66.31364 2.7064764110 10.0 35.0
-12.130567 66.31364 2.7064764111 9.0 36.0
-12.807186 68.15323 2.7064764111 9.0 36.0
-12.807186 68.15323 2.7064764112 4.0 37.0
-13.907085 69.64617 3.3415034112 4.0 37.0
-13.907085 69.64617 3.3415034113 3.0 38.0
-15.006985 71.139114 3.9765303113 3.0 38.0
-15.006985 71.139114 3.9765303114 0.0 39.0
-16.48559 72.10187 4.8302035114 0.0 39.0
-16.48559 72.10187 4.8302035115 0.0 40.0
-18.192936 73.06462 4.8302035115 0.0 40.0
-15.006985 71.139114 3.9765303116 0.0 39.0
-15.592954 72.97871 4.31484116 0.0 39.0
-15.592954 72.97871 4.31484117 0.0 40.0
-16.269573 74.8183 4.31484117 0.0 40.0
-15.006985 71.139114 3.9765303118 2.0 39.0
-16.277039 72.63206 3.9765303118 2.0 39.0
-16.277039 72.63206 3.9765303119 1.0 40.0
-17.547092 74.125 3.9765303119 1.0 40.0
-17.547092 74.125 3.9765303120 0.0 41.0
-18.817146 75.61794 3.9765303120 0.0 41.0
-18.817146 75.61794 3.9765303121 0.0 42.0
-20.0872 77.110886 3.9765303121 0.0 42.0
-12.807186 68.15323 2.7064764122 4.0 37.0
-12.807186 70.11331 2.7064764122 4.0 37.0
-12.807186 70.11331 2.7064764123 3.0 38.0
-12.807186 72.073395 2.7064764123 3.0 38.0
-12.807186 72.073395 2.7064764124 0.0 39.0
-13.393155 73.91299 3.044786124 0.0 39.0
-13.393155 73.91299 3.044786125 0.0 40.0
-14.069775 75.75258 3.044786125 0.0 40.0
-12.807186 72.073395 2.7064764126 0.0 39.0
-12.221217 73.91299 2.368167126 0.0 39.0
-12.221217 73.91299 2.368167127 0.0 40.0
-11.544598 75.75258 2.368167127 0.0 40.0
-12.807186 72.073395 2.7064764128 2.0 39.0
-12.807186 74.03348 2.7064764128 2.0 39.0
-12.807186 74.03348 2.7064764129 1.0 40.0
-12.807186 75.99356 2.7064764129 1.0 40.0
-12.807186 75.99356 2.7064764130 0.0 41.0
-12.807186 77.95364 2.7064764130 0.0 41.0
-12.807186 77.95364 2.7064764131 0.0 42.0
-12.807186 79.91373 2.7064764131 0.0 42.0
-12.807186 68.15323 2.7064764132 8.0 37.0
-13.483806 69.99282 2.7064764132 8.0 37.0
-13.483806 69.99282 2.7064764133 7.0 38.0
-14.160425 71.83241 2.7064764133 7.0 38.0
-14.160425 71.83241 2.7064764134 6.0 39.0
-14.837045 73.672005 2.7064764134 6.0 39.0
-14.837045 73.672005 2.7064764135 5.0 40.0
-15.513664 75.5116 2.7064764135 5.0 40.0
-15.513664 75.5116 2.7064764136 4.0 41.0
-16.190283 77.35119 2.7064764136 4.0 41.0
-16.190283 77.35119 2.7064764137 3.0 42.0
-16.866901 79.19078 2.7064764137 3.0 42.0
-16.866901 79.19078 2.7064764138 0.0 43.0
-17.9668 80.68372 3.3415034138 0.0 43.0
-17.9668 80.68372 3.3415034139 0.0 44.0
-19.236855 82.17667 3.3415034139 0.0 44.0
-16.866901 79.19078 2.7064764140 0.0 43.0
-16.866901 81.15086 2.7064764140 0.0 43.0
-16.866901 81.15086 2.7064764141 0.0 44.0
-16.866901 83.11095 2.7064764141 0.0 44.0
-16.866901 79.19078 2.7064764142 2.0 43.0
-17.54352 81.03037 2.7064764142 2.0 43.0
-17.54352 81.03037 2.7064764143 1.0 44.0
-18.220139 82.869965 2.7064764143 1.0 44.0
-18.220139 82.869965 2.7064764144 0.0 45.0
-18.896757 84.70956 2.7064764144 0.0 45.0
-18.896757 84.70956 2.7064764145 0.0 46.0
-19.573376 86.54915 2.7064764145 0.0 46.0
0.0 31.361322 0.0146 28.0 17.0
0.58596927 33.200916 -0.33830956146 28.0 17.0
0.58596927 33.200916 -0.33830956147 27.0 18.0
1.1719385 35.040512 -0.6766191147 27.0 18.0
1.1719385 35.040512 -0.6766191148 26.0 19.0
1.7579079 36.880108 -1.0149287148 26.0 19.0
1.7579079 36.880108 -1.0149287149 25.0 20.0
2.343877 38.719704 -1.3532382149 25.0 20.0
2.343877 38.719704 -1.3532382150 24.0 21.0
2.9298463 40.5593 -1.6915478150 24.0 21.0
2.9298463 40.5593 -1.6915478151 23.0 22.0
3.5158155 42.398895 -2.0298574151 23.0 22.0
3.5158155 42.398895 -2.0298574152 22.0 23.0
4.1017847 44.23849 -2.368167152 22.0 23.0
4.1017847 44.23849 -2.368167153 21.0 24.0
4.687754 46.078087 -2.7064764153 21.0 24.0
4.687754 46.078087 -2.7064764154 12.0 25.0
4.687754 48.03817 -2.7064764154 12.0 25.0
4.687754 48.03817 -2.7064764155 11.0 26.0
4.687754 49.998253 -2.7064764155 11.0 26.0
4.687754 49.998253 -2.7064764156 10.0 27.0
4.687754 51.958336 -2.7064764156 10.0 27.0
4.687754 51.958336 -2.7064764157 9.0 28.0
4.687754 53.91842 -2.7064764157 9.0 28.0
4.687754 53.91842 -2.7064764158 4.0 29.0
4.1017847 55.758015 -2.368167158 4.0 29.0
4.1017847 55.758015 -2.368167159 3.0 30.0
3.5158155 57.59761 -2.0298574159 3.0 30.0
3.5158155 57.59761 -2.0298574160 0.0 31.0
2.4159167 59.090557 -1.3948305160 0.0 31.0
2.4159167 59.090557 -1.3948305161 0.0 32.0
1.1458628 60.583504 -1.3948305161 0.0 32.0
3.5158155 57.59761 -2.0298574162 0.0 31.0
3.5158155 59.557693 -2.0298574162 0.0 31.0
3.5158155 59.557693 -2.0298574163 0.0 32.0
3.5158155 61.517776 -2.0298574163 0.0 32.0
3.5158155 57.59761 -2.0298574164 2.0 31.0
2.8391964 59.437206 -2.0298574164 2.0 31.0
2.8391964 59.437206 -2.0298574165 1.0 32.0
2.1625774 61.276802 -2.0298574165 1.0 32.0
2.1625774 61.276802 -2.0298574166 0.0 33.0
1.4859583 63.116398 -2.0298574166 0.0 33.0
1.4859583 63.116398 -2.0298574167 0.0 34.0
0.8093392 64.95599 -2.0298574167 0.0 34.0
4.687754 53.91842 -2.7064764168 4.0 29.0
5.2737236 55.758015 -3.044786168 4.0 29.0
5.2737236 55.758015 -3.044786169 3.0 30.0
5.859693 57.59761 -3.3830955169 3.0 30.0
5.859693 57.59761 -3.3830955170 0.0 31.0
5.859693 59.557693 -3.3830955170 0.0 31.0
5.859693 59.557693 -3.3830955171 0.0 32.0
5.859693 61.517776 -3.3830955171 0.0 32.0
5.859693 57.59761 -3.3830955172 0.0 31.0
6.959592 59.090557 -4.0181227172 0.0 31.0
6.959592 59.090557 -4.0181227173 0.0 32.0
8.229646 60.583504 -4.0181227173 0.0 32.0
5.859693 57.59761 -3.3830955174 2.0 31.0
6.536312 59.437206 -3.3830955174 2.0 31.0
6.536312 59.437206 -3.3830955175 1.0 32.0
7.212931 61.276802 -3.3830955175 1.0 32.0
7.212931 61.276802 -3.3830955176 0.0 33.0
7.88955 63.116398 -3.3830955176 0.0 33.0
7.88955 63.116398 -3.3830955177 0.0 34.0
8.56617 64.95599 -3.3830955177 0.0 34.0
4.687754 53.91842 -2.7064764178 8.0 29.0
4.687754 55.8785 -2.7064764178 8.0 29.0
4.687754 55.8785 -2.7064764179 7.0 30.0
4.687754 57.838585 -2.7064764179 7.0 30.0
4.687754 57.838585 -2.7064764180 6.0 31.0
4.687754 59.798668 -2.7064764180 6.0 31.0
4.687754 59.798668 -2.7064764181 5.0 32.0
4.687754 61.75875 -2.7064764181 5.0 32.0
4.687754 61.75875 -2.7064764182 4.0 33.0
4.687754 63.718834 -2.7064764182 4.0 33.0
4.687754 63.718834 -2.7064764183 3.0 34.0
4.687754 65.67892 -2.7064764183 3.0 34.0
4.687754 65.67892 -2.7064764184 0.0 35.0
4.1017847 67.51851 -2.368167184 0.0 35.0
4.1017847 67.51851 -2.368167185 0.0 36.0
3.4251657 69.3581 -2.368167185 0.0 36.0
4.687754 65.67892 -2.7064764186 0.0 35.0
5.2737236 67.51851 -3.044786186 0.0 35.0
5.2737236 67.51851 -3.044786187 0.0 36.0
5.9503427 69.3581 -3.044786187 0.0 36.0
4.687754 65.67892 -2.7064764188 2.0 35.0
4.687754 67.639 -2.7064764188 2.0 35.0
4.687754 67.639 -2.7064764189 1.0 36.0
4.687754 69.59908 -2.7064764189 1.0 36.0
4.687754 69.59908 -2.7064764190 0.0 37.0
4.687754 71.559166 -2.7064764190 0.0 37.0
4.687754 71.559166 -2.7064764191 0.0 38.0
4.687754 73.51925 -2.7064764191 0.0 38.0
4.687754 46.078087 -2.7064764192 12.0 25.0
5.787653 47.571033 -3.3415034192 12.0 25.0
5.787653 47.571033 -3.3415034193 11.0 26.0
6.887552 49.06398 -3.9765303193 11.0 26.0
6.887552 49.06398 -3.9765303194 10.0 27.0
7.9874506 50.556927 -4.611557194 10.0 27.0
7.9874506 50.556927 -4.611557195 9.0 28.0
9.087349 52.049873 -5.246584195 9.0 28.0
9.087349 52.049873 -5.246584196 4.0 29.0
9.673318 53.88947 -5.5848937196 4.0 29.0
9.673318 53.88947 -5.5848937197 3.0 30.0
10.259287 55.729065 -5.9232035197 3.0 30.0
10.259287 55.729065 -5.9232035198 0.0 31.0
10.259287 57.689148 -5.9232035198 0.0 31.0
10.259287 57.689148 -5.9232035199 0.0 32.0
10.259287 59.64923 -5.9232035199 0.0 32.0
10.259287 55.729065 -5.9232035200 0.0 31.0
11.359186 57.22201 -6.5582304200 0.0 31.0
11.359186 57.22201 -6.5582304201 0.0 32.0
12.62924 58.71496 -6.5582304201 0.0 32.0
10.259287 55.729065 -5.9232035202 2.0 31.0
10.935906 57.56866 -5.9232035202 2.0 31.0
10.935906 57.56866 -5.9232035203 1.0 32.0
11.612526 59.408257 -5.9232035203 1.0 32.0
11.612526 59.408257 -5.9232035204 0.0 33.0
12.289145 61.247852 -5.9232035204 0.0 33.0
12.289145 61.247852 -5.9232035205 0.0 34.0
12.965765 63.08745 -5.9232035205 0.0 34.0
9.087349 52.049873 -5.246584206 4.0 29.0
10.565954 53.012627 -6.1002574206 4.0 29.0
10.565954 53.012627 -6.1002574207 3.0 30.0
12.0445595 53.97538 -6.953931207 3.0 30.0
12.0445595 53.97538 -6.953931208 0.0 31.0
13.144459 55.468327 -7.588958208 0.0 31.0
13.144459 55.468327 -7.588958209 0.0 32.0
14.414513 56.961273 -7.588958209 0.0 32.0
12.0445595 53.97538 -6.953931210 0.0 31.0
13.72009 54.289577 -7.921299210 0.0 31.0
13.72009 54.289577 -7.921299211 0.0 32.0
15.654826 54.603775 -7.921299211 0.0 32.0
12.0445595 53.97538 -6.953931212 2.0 31.0
13.751906 54.938133 -6.953931212 2.0 31.0
13.751906 54.938133 -6.953931213 1.0 32.0
15.459253 55.900887 -6.953931213 1.0 32.0
15.459253 55.900887 -6.953931214 0.0 33.0
17.1666 56.86364 -6.953931214 0.0 33.0
17.1666 56.86364 -6.953931215 0.0 34.0
18.873945 57.826393 -6.953931215 0.0 34.0
9.087349 52.049873 -5.246584216 8.0 29.0
10.357403 53.54282 -5.246584216 8.0 29.0
10.357403 53.54282 -5.246584217 7.0 30.0
11.627457 55.035767 -5.246584217 7.0 30.0
11.627457 55.035767 -5.246584218 6.0 31.0
12.897511 56.528713 -5.246584218 6.0 31.0
12.897511 56.528713 -5.246584219 5.0 32.0
14.167564 58.02166 -5.246584219 5.0 32.0
14.167564 58.02166 -5.246584220 4.0 33.0
15.437618 59.514606 -5.246584220 4.0 33.0
15.437618 59.514606 -5.246584221 3.0 34.0
16.707672 61.007553 -5.246584221 3.0 34.0
16.707672 61.007553 -5.246584222 0.0 35.0
17.293642 62.84715 -5.5848937222 0.0 35.0
17.293642 62.84715 -5.5848937223 0.0 36.0
17.97026 64.686745 -5.5848937223 0.0 36.0
16.707672 61.007553 -5.246584224 0.0 35.0
18.186277 61.970306 -6.1002574224 0.0 35.0
18.186277 61.970306 -6.1002574225 0.0 36.0
19.893623 62.93306 -6.1002574225 0.0 36.0
16.707672 61.007553 -5.246584226 2.0 35.0
17.977726 62.5005 -5.246584226 2.0 35.0
17.977726 62.5005 -5.246584227 1.0 36.0
19.24778 63.993446 -5.246584227 1.0 36.0
19.24778 63.993446 -5.246584228 0.0 37.0
20.517834 65.48639 -5.246584228 0.0 37.0
20.517834 65.48639 -5.246584229 0.0 38.0
21.787888 66.97933 -5.246584229 0.0 38.0
4.687754 46.078087 -2.7064764230 20.0 25.0
5.364373 47.917683 -2.7064764230 20.0 25.0
5.364373 47.917683 -2.7064764231 19.0 26.0
6.0409923 49.75728 -2.7064764231 19.0 26.0
6.0409923 49.75728 -2.7064764232 18.0 27.0
6.7176113 51.596874 -2.7064764232 18.0 27.0
6.7176113 51.596874 -2.7064764233 17.0 28.0
7.3942304 53.43647 -2.7064764233 17.0 28.0
7.3942304 53.43647 -2.7064764234 16.0 29.0
8.070849 55.276066 -2.7064764234 16.0 29.0
8.070849 55.276066 -2.7064764235 15.0 30.0
8.747469 57.11566 -2.7064764235 15.0 30.0
8.747469 57.11566 -2.7064764236 14.0 31.0
9.4240885 58.955257 -2.7064764236 14.0 31.0
9.4240885 58.955257 -2.7064764237 13.0 32.0
10.100708 60.794853 -2.7064764237 13.0 32.0
10.100708 60.794853 -2.7064764238 12.0 33.0
10.777328 62.63445 -2.7064764238 12.0 33.0
10.777328 62.63445 -2.7064764239 11.0 34.0
11.453947 64.474045 -2.7064764239 11.0 34.0
11.453947 64.474045 -2.7064764240 10.0 35.0
12.130567 66.31364 -2.7064764240 10.0 35.0
12.130567 66.31364 -2.7064764241 9.0 36.0
12.807186 68.15323 -2.7064764241 9.0 36.0
12.807186 68.15323 -2.7064764242 4.0 37.0
12.807186 70.11331 -2.7064764242 4.0 37.0
12.807186 70.11331 -2.7064764243 3.0 38.0
12.807186 72.073395 -2.7064764243 3.0 38.0
12.807186 72.073395 -2.7064764244 0.0 39.0
12.221217 73.91299 -2.368167244 0.0 39.0
12.221217 73.91299 -2.368167245 0.0 40.0
11.544598 75.75258 -2.368167245 0.0 40.0
12.807186 72.073395 -2.7064764246 0.0 39.0
13.393155 73.91299 -3.044786246 0.0 39.0
13.393155 73.91299 -3.044786247 0.0 40.0
14.069775 75.75258 -3.044786247 0.0 40.0
12.807186 72.073395 -2.7064764248 2.0 39.0
12.807186 74.03348 -2.7064764248 2.0 39.0
12.807186 74.03348 -2.7064764249 1.0 40.0
12.807186 75.99356 -2.7064764249 1.0 40.0
12.807186 75.99356 -2.7064764250 0.0 41.0
12.807186 77.95364 -2.7064764250 0.0 41.0
12.807186 77.95364 -2.7064764251 0.0 42.0
12.807186 79.91373 -2.7064764251 0.0 42.0
12.807186 68.15323 -2.7064764252 4.0 37.0
13.907085 69.64617 -3.3415034252 4.0 37.0
13.907085 69.64617 -3.3415034253 3.0 38.0
15.006985 71.139114 -3.9765303253 3.0 38.0
15.006985 71.139114 -3.9765303254 0.0 39.0
15.592954 72.97871 -4.31484254 0.0 39.0
15.592954 72.97871 -4.31484255 0.0 40.0
16.269573 74.8183 -4.31484255 0.0 40.0
15.006985 71.139114 -3.9765303256 0.0 39.0
16.48559 72.10187 -4.8302035256 0.0 39.0
16.48559 72.10187 -4.8302035257 0.0 40.0
18.192936 73.06462 -4.8302035257 0.0 40.0
15.006985 71.139114 -3.9765303258 2.0 39.0
16.277039 72.63206 -3.9765303258 2.0 39.0
16.277039 72.63206 -3.9765303259 1.0 40.0
17.547092 74.125 -3.9765303259 1.0 40.0
17.547092 74.125 -3.9765303260 0.0 41.0
18.817146 75.61794 -3.9765303260 0.0 41.0
18.817146 75.61794 -3.9765303261 0.0 42.0
20.0872 77.110886 -3.9765303261 0.0 42.0
12.807186 68.15323 -2.7064764262 8.0 37.0
13.483806 69.99282 -2.7064764262 8.0 37.0
13.483806 69.99282 -2.7064764263 7.0 38.0
14.160425 71.83241 -2.7064764263 7.0 38.0
14.160425 71.83241 -2.7064764264 6.0 39.0
14.837045 73.672005 -2.7064764264 6.0 39.0
14.837045 73.672005 -2.7064764265 5.0 40.0
15.513664 75.5116 -2.7064764265 5.0 40.0
15.513664 75.5116 -2.7064764266 4.0 41.0
16.190283 77.35119 -2.7064764266 4.0 41.0
16.190283 77.35119 -2.7064764267 3.0 42.0
16.866901 79.19078 -2.7064764267 3.0 42.0
16.866901 79.19078 -2.7064764268 0.0 43.0
16.866901 81.15086 -2.7064764268 0.0 43.0
16.866901 81.15086 -2.7064764269 0.0 44.0
16.866901 83.11095 -2.7064764269 0.0 44.0
16.866901 79.19078 -2.7064764270 0.0 43.0
17.9668 80.68372 -3.3415034270 0.0 43.0
17.9668 80.68372 -3.3415034271 0.0 44.0
19.236855 82.17667 -3.3415034271 0.0 44.0
16.866901 79.19078 -2.7064764272 2.0 43.0
17.54352 81.03037 -2.7064764272 2.0 43.0
17.54352 81.03037 -2.7064764273 1.0 44.0
18.220139 82.869965 -2.7064764273 1.0 44.0
18.220139 82.869965 -2.7064764274 0.0 45.0
18.896757 84.70956 -2.7064764274 0.0 45.0
18.896757 84.70956 -2.7064764275 0.0 46.0
19.573376 86.54915 -2.7064764275 0.0 46.0
0.0 31.361322 0.0276 44.0 17.0
0.0 33.321404 0.0276 44.0 17.0
0.0 33.321404 0.0277 43.0 18.0
0.0 35.281487 0.0277 43.0 18.0
0.0 35.281487 0.0278 42.0 19.0
0.0 37.24157 0.0278 42.0 19.0
0.0 37.24157 0.0279 41.0 20.0
0.0 39.201653 0.0279 41.0 20.0
0.0 39.201653 0.0280 40.0 21.0
0.0 41.161736 0.0280 40.0 21.0
0.0 41.161736 0.0281 39.0 22.0
0.0 43.12182 0.0281 39.0 22.0
0.0 43.12182 0.0282 38.0 23.0
0.0 45.0819 0.0282 38.0 23.0
0.0 45.0819 0.0283 37.0 24.0
0.0 47.041985 0.0283 37.0 24.0
0.0 47.041985 0.0284 36.0 25.0
0.0 49.002068 0.0284 36.0 25.0
0.0 49.002068 0.0285 35.0 26.0
0.0 50.96215 0.0285 35.0 26.0
0.0 50.96215 0.0286 34.0 27.0
0.0 52.922234 0.0286 34.0 27.0
0.0 52.922234 0.0287 33.0 28.0
0.0 54.882317 0.0287 33.0 28.0
0.0 54.882317 0.0288 32.0 29.0
0.0 56.8424 0.0288 32.0 29.0
0.0 56.8424 0.0289 31.0 30.0
0.0 58.802483 0.0289 31.0 30.0
0.0 58.802483 0.0290 30.0 31.0
0.0 60.762566 0.0290 30.0 31.0
0.0 60.762566 0.0291 29.0 32.0
0.0 62.72265 0.0291 29.0 32.0
0.0 62.72265 0.0292 28.0 33.0
0.0 64.68273 0.0292 28.0 33.0
0.0 64.68273 0.0293 27.0 34.0
0.0 66.642815 0.0293 27.0 34.0
0.0 66.642815 0.0294 26.0 35.0
0.0 68.6029 0.0294 26.0 35.0
0.0 68.6029 0.0295 25.0 36.0
0.0 70.56298 0.0295 25.0 36.0
0.0 70.56298 0.0296 24.0 37.0
0.0 72.52306 0.0296 24.0 37.0
0.0 72.52306 0.0297 23.0 38.0
0.0 74.48315 0.0297 23.0 38.0
0.0 74.48315 0.0298 22.0 39.0
0.0 76.44323 0.0298 22.0 39.0
0.0 76.44323 0.0299 21.0 40.0
0.0 78.40331 0.0299 21.0 40.0
0.0 78.40331 0.0300 12.0 41.0
-0.58596927 80.242905 0.33830956300 12.0 41.0
-0.58596927 80.242905 0.33830956301 11.0 42.0
-1.1719385 82.0825 0.6766191301 11.0 42.0
-1.1719385 82.0825 0.6766191302 10.0 43.0
-1.7579079 83.92209 1.0149287302 10.0 43.0
-1.7579079 83.92209 1.0149287303 9.0 44.0
-2.343877 85.76168 1.3532382303 9.0 44.0
-2.343877 85.76168 1.3532382304 4.0 45.0
-3.443776 87.25462 1.9882652304 4.0 45.0
-3.443776 87.25462 1.9882652305 3.0 46.0
-4.5436745 88.74757 2.623292305 3.0 46.0
-4.5436745 88.74757 2.623292306 0.0 47.0
-6.02228 89.71032 3.4769654306 0.0 47.0
-6.02228 89.71032 3.4769654307 0.0 48.0
-7.7296267 90.67307 3.4769654307 0.0 48.0
-4.5436745 88.74757 2.623292308 0.0 47.0
-5.129644 90.58716 2.9616015308 0.0 47.0
-5.129644 90.58716 2.9616015309 0.0 48.0
-5.806263 92.42675 2.9616015309 0.0 48.0
-4.5436745 88.74757 2.623292310 2.0 47.0
-5.8137283 90.24051 2.623292310 2.0 47.0
-5.8137283 90.24051 2.623292311 1.0 48.0
-7.083782 91.73345 2.623292311 1.0 48.0
-7.083782 91.73345 2.623292312 0.0 49.0
-8.353836 93.226395 2.623292312 0.0 49.0
-8.353836 93.226395 2.623292313 0.0 50.0
-9.62389 94.71934 2.623292313 0.0 50.0
-2.343877 85.76168 1.3532382314 4.0 45.0
-2.343877 87.72176 1.3532382314 4.0 45.0
-2.343877 87.72176 1.3532382315 3.0 46.0
-2.343877 89.68185 1.3532382315 3.0 46.0
-2.343877 89.68185 1.3532382316 0.0 47.0
-2.9298463 91.52144 1.6915478316 0.0 47.0
-2.9298463 91.52144 1.6915478317 0.0 48.0
-3.6064653 93.36103 1.6915478317 0.0 48.0
-2.343877 89.68185 1.3532382318 0.0 47.0
-1.7579079 91.52144 1.0149287318 0.0 47.0
-1.7579079 91.52144 1.0149287319 0.0 48.0
-1.0812888 93.36103 1.0149287319 0.0 48.0
-2.343877 89.68185 1.3532382320 2.0 47.0
-2.343877 91.64193 1.3532382320 2.0 47.0
-2.343877 91.64193 1.3532382321 1.0 48.0
-2.343877 93.60201 1.3532382321 1.0 48.0
-2.343877 93.60201 1.3532382322 0.0 49.0
-2.343877 95.562096 1.3532382322 0.0 49.0
-2.343877 95.562096 1.3532382323 0.0 50.0
-2.343877 97.52218 1.3532382323 0.0 50.0
-2.343877 85.76168 1.3532382324 8.0 45.0
-3.0204961 87.60127 1.3532382324 8.0 45.0
-3.0204961 87.60127 1.3532382325 7.0 46.0
-3.6971152 89.440865 1.3532382325 7.0 46.0
-3.6971152 89.440865 1.3532382326 6.0 47.0
-4.3737345 91.28046 1.3532382326 6.0 47.0
-4.3737345 91.28046 1.3532382327 5.0 48.0
-5.0503535 93.12005 1.3532382327 5.0 48.0
-5.0503535 93.12005 1.3532382328 4.0 49.0
-5.7269726 94.95964 1.3532382328 4.0 49.0
-5.7269726 94.95964 1.3532382329 3.0 50.0
-6.4035916 96.79923 1.3532382329 3.0 50.0
-6.4035916 96.79923 1.3532382330 0.0 51.0
-7.5034904 98.292175 1.9882652330 0.0 51.0
-7.5034904 98.292175 1.9882652331 0.0 52.0
-8.773544 99.78512 1.9882652331 0.0 52.0
-6.4035916 96.79923 1.3532382332 0.0 51.0
-6.4035916 98.759315 1.3532382332 0.0 51.0
-6.4035916 98.759315 1.3532382333 0.0 52.0
-6.4035916 100.7194 1.3532382333 0.0 52.0
-6.4035916 96.79923 1.3532382334 2.0 51.0
-7.0802107 98.638824 1.3532382334 2.0 51.0
-7.0802107 98.638824 1.3532382335 1.0 52.0
-7.7568297 100.47842 1.3532382335 1.0 52.0
-7.7568297 100.47842 1.3532382336 0.0 53.0
-8.433449 102.31801 1.3532382336 0.0 53.0
-8.433449 102.31801 1.3532382337 0.0 54.0
-9.110068 104.1576 1.3532382337 0.0 54.0
0.0 78.40331 0.0338 12.0 41.0
0.58596927 80.242905 -0.33830956338 12.0 41.0
0.58596927 80.242905 -0.33830956339 11.0 42.0
1.1719385 82.0825 -0.6766191339 11.0 42.0
1.1719385 82.0825 -0.6766191340 10.0 43.0
1.7579079 83.92209 -1.0149287340 10.0 43.0
1.7579079 83.92209 -1.0149287341 9.0 44.0
2.343877 85.76168 -1.3532382341 9.0 44.0
2.343877 85.76168 -1.3532382342 4.0 45.0
2.343877 87.72176 -1.3532382342 4.0 45.0
2.343877 87.72176 -1.3532382343 3.0 46.0
2.343877 89.68185 -1.3532382343 3.0 46.0
2.343877 89.68185 -1.3532382344 0.0 47.0
1.7579079 91.52144 -1.0149287344 0.0 47.0
1.7579079 91.52144 -1.0149287345 0.0 48.0
1.0812888 93.36103 -1.0149287345 0.0 48.0
2.343877 89.68185 -1.3532382346 0.0 47.0
2.9298463 91.52144 -1.6915478346 0.0 47.0
2.9298463 91.52144 -1.6915478347 0.0 48.0
3.6064653 93.36103 -1.6915478347 0.0 48.0
2.343877 89.68185 -1.3532382348 2.0 47.0
2.343877 91.64193 -1.3532382348 2.0 47.0
2.343877 91.64193 -1.3532382349 1.0 48.0
2.343877 93.60201 -1.3532382349 1.0 48.0
2.343877 93.60201 -1.3532382350 0.0 49.0
2.343877 95.562096 -1.3532382350 0.0 49.0
2.343877 95.562096 -1.3532382351 0.0 50.0
2.343877 97.52218 -1.3532382351 0.0 50.0
2.343877 85.76168 -1.3532382352 4.0 45.0
3.443776 87.25462 -1.9882652352 4.0 45.0
3.443776 87.25462 -1.9882652353 3.0 46.0
4.5436745 88.74757 -2.623292353 3.0 46.0
4.5436745 88.74757 -2.623292354 0.0 47.0
5.129644 90.58716 -2.9616015354 0.0 47.0
5.129644 90.58716 -2.9616015355 0.0 48.0
5.806263 92.42675 -2.9616015355 0.0 48.0
4.5436745 88.74757 -2.623292356 0.0 47.0
6.02228 89.71032 -3.4769654356 0.0 47.0
6.02228 89.71032 -3.4769654357 0.0 48.0
7.7296267 90.67307 -3.4769654357 0.0 48.0
4.5436745 88.74757 -2.623292358 2.0 47.0
5.8137283 90.24051 -2.623292358 2.0 47.0
5.8137283 90.24051 -2.623292359 1.0 48.0
7.083782 91.73345 -2.623292359 1.0 48.0
7.083782 91.73345 -2.623292360 0.0 49.0
8.353836 93.226395 -2.623292360 0.0 49.0
8.353836 93.226395 -2.623292361 0.0 50.0
9.62389 94.71934 -2.623292361 0.0 50.0
2.343877 85.76168 -1.3532382362 8.0 45.0
3.0204961 87.60127 -1.3532382362 8.0 45.0
3.0204961 87.60127 -1.3532382363 7.0 46.0
3.6971152 89.440865 -1.3532382363 7.0 46.0
3.6971152 89.440865 -1.3532382364 6.0 47.0
4.3737345 91.28046 -1.3532382364 6.0 47.0
4.3737345 91.28046 -1.3532382365 5.0 48.0
5.0503535 93.12005 -1.3532382365 5.0 48.0
5.0503535 93.12005 -1.3532382366 4.0 49.0
5.7269726 94.95964 -1.3532382366 4.0 49.0
5.7269726 94.95964 -1.3532382367 3.0 50.0
6.4035916 96.79923 -1.3532382367 3.0 50.0
6.4035916 96.79923 -1.3532382368 0.0 51.0
6.4035916 98.759315 -1.3532382368 0.0 51.0
6.4035916 98.759315 -1.3532382369 0.0 52.0
6.4035916 100.7194 -1.3532382369 0.0 52.0
6.4035916 96.79923 -1.3532382370 0.0 51.0
7.5034904 98.292175 -1.9882652370 0.0 51.0
7.5034904 98.292175 -1.9882652371 0.0 52.0
8.773544 99.78512 -1.9882652371 0.0 52.0
6.4035916 96.79923 -1.3532382372 2.0 51.0
7.0802107 98.638824 -1.3532382372 2.0 51.0
7.0802107 98.638824 -1.3532382373 1.0 52.0
7.7568297 100.47842 -1.3532382373 1.0 52.0
7.7568297 100.47842 -1.3532382374 0.0 53.0
8.433449 102.31801 -1.3532382374 0.0 53.0
8.433449 102.31801 -1.3532382375 0.0 54.0
9.110068 104.1576 -1.3532382375 0.0 54.0
0.0 78.40331 0.0376 20.0 41.0
0.0 80.363396 0.0376 20.0 41.0
0.0 80.363396 0.0377 19.0 42.0
0.0 82.32348 0.0377 19.0 42.0
0.0 82.32348 0.0378 18.0 43.0
0.0 84.28356 0.0378 18.0 43.0
0.0 84.28356 0.0379 17.0 44.0
0.0 86.243645 0.0379 17.0 44.0
0.0 86.243645 0.0380 16.0 45.0
0.0 88.20373 0.0380 16.0 45.0
0.0 88.20373 0.0381 15.0 46.0
0.0 90.16381 0.0381 15.0 46.0
0.0 90.16381 0.0382 14.0 47.0
0.0 92.12389 0.0382 14.0 47.0
0.0 92.12389 0.0383 13.0 48.0
0.0 94.08398 0.0383 13.0 48.0
0.0 94.08398 0.0384 12.0 49.0
0.0 96.04406 0.0384 12.0 49.0
0.0 96.04406 0.0385 11.0 50.0
0.0 98.00414 0.0385 11.0 50.0
0.0 98.00414 0.0386 10.0 51.0
0.0 99.964226 0.0386 10.0 51.0
0.0 99.964226 0.0387 9.0 52.0
0.0 101.92431 0.0387 9.0 52.0
0.0 101.92431 0.0388 4.0 53.0
-0.58596927 103.7639 0.33830956388 4.0 53.0
-0.58596927 103.7639 0.33830956389 3.0 54.0
-1.1719385 105.60349 0.6766191389 3.0 54.0
-1.1719385 105.60349 0.6766191390 0.0 55.0
-2.2718372 107.096436 1.311646390 0.0 55.0
-2.2718372 107.096436 1.311646391 0.0 56.0
-3.541891 108.58938 1.311646391 0.0 56.0
-1.1719385 105.60349 0.6766191392 0.0 55.0
-1.1719385 107.563576 0.6766191392 0.0 55.0
-1.1719385 107.563576 0.6766191393 0.0 56.0
-1.1719385 109.52366 0.6766191393 0.0 56.0
-1.1719385 105.60349 0.6766191394 2.0 55.0
-1.8485577 107.443085 0.6766191394 2.0 55.0
-1.8485577 107.443085 0.6766191395 1.0 56.0
-2.5251768 109.28268 0.6766191395 1.0 56.0
-2.5251768 109.28268 0.6766191396 0.0 57.0
-3.2017958 111.12227 0.6766191396 0.0 57.0
-3.2017958 111.12227 0.6766191397 0.0 58.0
-3.8784149 112.96186 0.6766191397 0.0 58.0
0.0 101.92431 0.0398 4.0 53.0
0.58596927 103.7639 -0.33830956398 4.0 53.0
0.58596927 103.7639 -0.33830956399 3.0 54.0
1.1719385 105.60349 -0.6766191399 3.0 54.0
1.1719385 105.60349 -0.6766191400 0.0 55.0
1.1719385 107.563576 -0.6766191400 0.0 55.0
1.1719385 107.563576 -0.6766191401 0.0 56.0
1.1719385 109.52366 -0.6766191401 0.0 56.0
1.1719385 105.60349 -0.6766191402 0.0 55.0
2.2718372 107.096436 -1.311646402 0.0 55.0
2.2718372 107.096436 -1.311646403 0.0 56.0
3.541891 108.58938 -1.311646403 0.0 56.0
1.1719385 105.60349 -0.6766191404 2.0 55.0
1.8485577 107.443085 -0.6766191404 2.0 55.0
1.8485577 107.443085 -0.6766191405 1.0 56.0
2.5251768 109.28268 -0.6766191405 1.0 56.0
2.5251768 109.28268 -0.6766191406 0.0 57.0
3.2017958 111.12227 -0.6766191406 0.0 57.0
3.2017958 111.12227 -0.6766191407 0.0 58.0
3.8784149 112.96186 -0.6766191407 0.0 58.0
0.0 101.92431 0.0408 8.0 53.0
0.0 103.88439 0.0408 8.0 53.0
0.0 103.88439 0.0409 7.0 54.0
0.0 105.844475 0.0409 7.0 54.0
0.0 105.844475 0.0410 6.0 55.0
0.0 107.80456 0.0410 6.0 55.0
0.0 107.80456 0.0411 5.0 56.0
0.0 109.76464 0.0411 5.0 56.0
0.0 109.76464 0.0412 4.0 57.0
0.0 111.724724 0.0412 4.0 57.0
0.0 111.724724 0.0413 3.0 58.0
0.0 113.68481 0.0413 3.0 58.0
0.0 113.68481 0.0414 0.0 59.0
-0.58596927 115.5244 0.33830956414 0.0 59.0
-0.58596927 115.5244 0.33830956415 0.0 60.0
-1.2625884 117.36399 0.33830956415 0.0 60.0
0.0 113.68481 0.0416 0.0 59.0
0.58596927 115.5244 -0.33830956416 0.0 59.0
0.58596927 115.5244 -0.33830956417 0.0 60.0
1.2625884 117.36399 -0.33830956417 0.0 60.0
0.0 113.68481 0.0418 2.0 59.0
0.0 115.64489 0.0418 2.0 59.0
0.0 115.64489 0.0419 1.0 60.0
0.0 117.60497 0.0419 1.0 60.0
0.0 117.60497 0.0420 0.0 61.0
0.0 119.565056 0.0420 0.0 61.0
0.0 119.565056 0.0421 0.0 62.0
0.0 121.52514 0.0421 0.0 62.0
