0.0 0.0 0.00 27.0 1.0
0.0 4.8822584 0.00 27.0 1.0
0.0 4.8822584 0.01 26.0 2.0
0.0 9.764517 0.01 26.0 2.0
0.0 9.764517 0.02 1.0 3.0
0.0 14.646775 0.02 1.0 3.0
0.0 14.646775 0.03 0.0 4.0
-2.5148623 18.571535 1.45195663 0.0 4.0
-2.5148623 18.571535 1.45195664 0.0 5.0
-6.5581675 19.999363 3.78635984 0.0 5.0
0.0 9.764517 0.05 1.0 3.0
-3.9858172 8.135367 2.30121285 1.0 3.0
-3.9858172 8.135367 2.30121286 0.0 4.0
-8.029122 9.563195 4.63561636 0.0 4.0
-8.029122 9.563195 4.63561637 0.0 5.0
-10.543985 13.487954 6.0875737 0.0 5.0
0.0 9.764517 0.08 25.0 3.0
-4.6688066 11.192345 0.08 25.0 3.0
-4.6688066 11.192345 0.09 24.0 4.0
-9.337613 12.6201725 0.09 24.0 4.0
-9.337613 12.6201725 0.010 1.0 5.0
-13.3809185 14.048 2.334403310 1.0 5.0
-13.3809185 14.048 2.334403311 0.0 6.0
-17.366735 12.418851 4.635616311 0.0 6.0
-17.366735 12.418851 4.635616312 0.0 7.0
-19.731684 8.371736 6.001019512 0.0 7.0
-9.337613 12.6201725 0.013 1.0 5.0
-9.154075 7.742516 -0.10596616613 1.0 5.0
-9.154075 7.742516 -0.10596616614 0.0 6.0
-11.519023 3.6954007 1.259437214 0.0 6.0
-11.519023 3.6954007 1.259437215 0.0 7.0
-15.50484 2.0662513 3.560649915 0.0 7.0
-9.337613 12.6201725 0.016 7.0 5.0
-13.3809185 14.048 2.334403316 7.0 5.0
-13.3809185 14.048 2.334403317 6.0 6.0
-17.424223 15.475828 4.668806617 6.0 6.0
-17.424223 15.475828 4.668806618 1.0 7.0
-21.467527 16.903656 7.0032118 1.0 7.0
-21.467527 16.903656 7.0032119 0.0 8.0
-25.453344 15.274507 9.30442219 0.0 8.0
-25.453344 15.274507 9.30442220 0.0 9.0
-27.818293 11.227391 10.66982620 0.0 9.0
-17.424223 15.475828 4.668806621 1.0 7.0
-17.240685 10.598171 4.562840521 1.0 7.0
-17.240685 10.598171 4.562840522 0.0 8.0
-19.605633 6.551056 5.928243622 0.0 8.0
-19.605633 6.551056 5.928243623 0.0 9.0
-23.59145 4.9219065 8.22945623 0.0 9.0
-17.424223 15.475828 4.668806624 5.0 7.0
-17.21229 10.598171 4.668806624 5.0 7.0
-17.21229 10.598171 4.668806625 4.0 8.0
-17.000357 5.720515 4.668806625 4.0 8.0
-17.000357 5.720515 4.668806626 1.0 9.0
-16.816818 0.8428583 4.562840526 1.0 9.0
-16.816818 0.8428583 4.562840527 0.0 10.0
-14.156783 -2.9521468 3.027068427 0.0 10.0
-14.156783 -2.9521468 3.027068428 0.0 11.0
-10.063613 -4.1759615 0.6638753428 0.0 11.0
-17.000357 5.720515 4.668806629 1.0 9.0
-13.079541 7.5479136 2.405122529 1.0 9.0
-13.079541 7.5479136 2.405122530 0.0 10.0
-8.986371 6.3240986 0.04192948330 0.0 10.0
-8.986371 6.3240986 0.04192948331 0.0 11.0
-6.326335 2.529094 -1.49384331 0.0 11.0
-17.000357 5.720515 4.668806632 3.0 9.0
-12.472988 7.5479136 4.668806632 3.0 9.0
-12.472988 7.5479136 4.668806633 2.0 10.0
-7.94562 9.375313 4.668806633 2.0 10.0
-7.94562 9.375313 4.668806634 1.0 11.0
-4.0248046 11.202711 2.405122534 1.0 11.0
-4.0248046 11.202711 2.405122535 0.0 12.0
-1.8142288 15.364552 1.128845935 0.0 12.0
-1.8142288 15.364552 1.128845936 0.0 13.0
-2.1809602 20.22841 1.340578436 0.0 13.0
-7.94562 9.375313 4.668806637 1.0 11.0
-10.745813 13.033409 6.28549937 1.0 11.0
-10.745813 13.033409 6.28549938 0.0 12.0
-11.112545 17.897268 6.497231538 0.0 12.0
-11.112545 17.897268 6.497231539 0.0 13.0
-8.901969 22.059109 5.22095539 0.0 13.0
-9.337613 12.6201725 0.040 7.0 5.0
-9.154075 7.742516 -0.10596616640 7.0 5.0
-9.154075 7.742516 -0.10596616641 6.0 6.0
-8.970536 2.8648596 -0.2119323341 6.0 6.0
-8.970536 2.8648596 -0.2119323342 1.0 7.0
-8.786998 -2.0127969 -0.317898542 1.0 7.0
-8.786998 -2.0127969 -0.317898543 0.0 8.0
-6.1269627 -5.807802 -1.853670643 0.0 8.0
-6.1269627 -5.807802 -1.853670644 0.0 9.0
-2.0337925 -7.031617 -4.216863644 0.0 9.0
-8.970536 2.8648596 -0.2119323345 1.0 7.0
-5.049721 4.6922584 -2.475616545 1.0 7.0
-5.049721 4.6922584 -2.475616546 0.0 8.0
-0.9565506 3.4684434 -4.838809546 0.0 8.0
-0.9565506 3.4684434 -4.838809547 0.0 9.0
1.7034853 -0.3265612 -6.37458247 0.0 9.0
-8.970536 2.8648596 -0.2119323348 5.0 7.0
-5.8989916 -0.930145 -0.2119323348 5.0 7.0
-5.8989916 -0.930145 -0.2119323349 4.0 8.0
-2.8274467 -4.7251496 -0.2119323349 4.0 8.0
-2.8274467 -4.7251496 -0.2119323350 1.0 9.0
-0.16741085 -8.520154 -1.747704750 1.0 9.0
-0.16741085 -8.520154 -1.747704751 0.0 10.0
3.9257593 -9.743969 -4.11089851 0.0 10.0
3.9257593 -9.743969 -4.11089852 0.0 11.0
7.846575 -7.91657 -6.374582352 0.0 11.0
-2.8274467 -4.7251496 -0.2119323353 1.0 9.0
-0.6168709 -0.5633087 -1.488208953 1.0 9.0
-0.6168709 -0.5633087 -1.488208954 0.0 10.0
3.3039446 1.2640901 -3.75189354 0.0 10.0
3.3039446 1.2640901 -3.75189355 0.0 11.0
7.3971148 0.040275097 -6.11508655 0.0 11.0
-2.8274467 -4.7251496 -0.2119323356 3.0 9.0
1.8989394 -5.9489646 -0.2119323356 3.0 9.0
1.8989394 -5.9489646 -0.2119323357 2.0 10.0
6.625325 -7.1727796 -0.2119323357 2.0 10.0
6.625325 -7.1727796 -0.2119323358 1.0 11.0
10.718495 -8.396595 -2.575125558 1.0 11.0
10.718495 -8.396595 -2.575125559 0.0 12.0
14.639311 -6.569196 -4.838809559 0.0 12.0
14.639311 -6.569196 -4.838809560 0.0 13.0
16.849886 -2.4073553 -6.11508660 0.0 13.0
6.625325 -7.1727796 -0.2119323361 1.0 11.0
6.2585936 -2.3089204 -1.9977987E-461 1.0 11.0
6.2585936 -2.3089204 -1.9977987E-462 0.0 12.0
8.46917 1.8529205 -1.276476462 0.0 12.0
8.46917 1.8529205 -1.276476463 0.0 13.0
12.389985 3.6803193 -3.540160463 0.0 13.0
-9.337613 12.6201725 0.064 23.0 5.0
-12.06842 8.573057 0.064 23.0 5.0
-12.06842 8.573057 0.065 22.0 6.0
-14.799227 4.525942 0.065 22.0 6.0
-14.799227 4.525942 0.066 1.0 7.0
-17.164175 0.47882652 1.365403466 1.0 7.0
-17.164175 0.47882652 1.365403467 0.0 8.0
-16.980637 -4.39883 1.259437267 0.0 8.0
-16.980637 -4.39883 1.259437268 0.0 9.0
-14.320601 -8.193835 -0.2763348868 0.0 9.0
-14.799227 4.525942 0.069 1.0 7.0
-10.706057 3.302127 -2.36319369 1.0 7.0
-10.706057 3.302127 -2.36319370 0.0 8.0
-8.0460205 -0.49287772 -3.898965470 0.0 8.0
-8.0460205 -0.49287772 -3.898965471 0.0 9.0
-7.8624806 -5.370534 -4.00493271 0.0 9.0
-14.799227 4.525942 0.072 21.0 7.0
-11.727682 0.73093677 0.072 21.0 7.0
-11.727682 0.73093677 0.073 20.0 8.0
-8.656137 -3.0640683 0.073 20.0 8.0
-8.656137 -3.0640683 0.074 1.0 9.0
-5.9961014 -6.8590727 -1.535772474 1.0 9.0
-5.9961014 -6.8590727 -1.535772475 0.0 10.0
-1.9029312 -8.082888 -3.898965475 0.0 10.0
-1.9029312 -8.082888 -3.898965476 0.0 11.0
2.0178843 -6.255489 -6.16264976 0.0 11.0
-8.656137 -3.0640683 0.077 1.0 9.0
-6.4455614 1.0977726 -1.276276677 1.0 9.0
-6.4455614 1.0977726 -1.276276678 0.0 10.0
-2.524746 2.9251714 -3.539960678 0.0 10.0
-2.524746 2.9251714 -3.539960679 0.0 11.0
1.5684242 1.7013564 -5.903153479 0.0 11.0
-8.656137 -3.0640683 0.080 7.0 9.0
-5.9961014 -6.8590727 -1.535772480 7.0 9.0
-5.9961014 -6.8590727 -1.535772481 6.0 10.0
-3.3360655 -10.654078 -3.07154581 6.0 10.0
-3.3360655 -10.654078 -3.07154582 1.0 11.0
-0.6760297 -14.449082 -4.607317482 1.0 11.0
-0.6760297 -14.449082 -4.607317483 0.0 12.0
3.4171405 -15.672897 -6.970510583 0.0 12.0
3.4171405 -15.672897 -6.970510584 0.0 13.0
7.337956 -13.845499 -9.23419584 0.0 13.0
-3.3360655 -10.654078 -3.07154585 1.0 11.0
-1.1254897 -6.4922366 -4.34782185 1.0 11.0
-1.1254897 -6.4922366 -4.34782186 0.0 12.0
2.7953258 -4.664838 -6.611505586 0.0 12.0
2.7953258 -4.664838 -6.611505587 0.0 13.0
6.888496 -5.888653 -8.97469987 0.0 13.0
-3.3360655 -10.654078 -3.07154588 5.0 11.0
-0.78351235 -6.4922366 -3.07154588 5.0 11.0
-0.78351235 -6.4922366 -3.07154589 4.0 12.0
1.7690408 -2.3303957 -3.07154589 4.0 12.0
1.7690408 -2.3303957 -3.07154590 1.0 13.0
3.9796166 1.8314452 -4.34782190 1.0 13.0
3.9796166 1.8314452 -4.34782191 0.0 14.0
3.6128852 6.6953044 -4.13608991 0.0 14.0
3.6128852 6.6953044 -4.13608992 0.0 15.0
0.8126919 10.353401 -2.519396392 0.0 15.0
1.7690408 -2.3303957 -3.07154593 1.0 13.0
-2.366278 -1.3128994 -0.6840176693 1.0 13.0
-2.366278 -1.3128994 -0.6840176694 0.0 14.0
-5.1664715 2.345197 0.932674994 0.0 14.0
-5.1664715 2.345197 0.932674995 0.0 15.0
-5.533203 7.209056 1.144407495 0.0 15.0
1.7690408 -2.3303957 -3.07154596 3.0 13.0
-3.0060136 -1.3128994 -3.07154596 3.0 13.0
-3.0060136 -1.3128994 -3.07154597 2.0 14.0
-7.781068 -0.295403 -3.07154597 2.0 14.0
-7.781068 -0.295403 -3.07154598 1.0 15.0
-11.916388 0.7220911 -0.684017298 1.0 15.0
-11.916388 0.7220911 -0.684017299 0.0 16.0
-15.76481 -1.3001133 1.537870499 0.0 16.0
-15.76481 -1.3001133 1.5378704100 0.0 17.0
-17.816845 -5.568835 2.7226133100 0.0 17.0
-7.781068 -0.295403 -3.071545101 1.0 15.0
-7.231834 -5.136295 -3.3886452101 1.0 15.0
-7.231834 -5.136295 -3.3886452102 0.0 16.0
-9.283869 -9.405016 -2.2039022102 0.0 16.0
-9.283869 -9.405016 -2.2039022103 0.0 17.0
-13.132291 -11.42722 0.017985344103 0.0 17.0
-8.656137 -3.0640683 0.0104 7.0 9.0
-6.4455614 1.0977726 -1.2762766104 7.0 9.0
-6.4455614 1.0977726 -1.2762766105 6.0 10.0
-4.2349854 5.2596135 -2.5525532105 6.0 10.0
-4.2349854 5.2596135 -2.5525532106 1.0 11.0
-2.0244095 9.421454 -3.8288298106 1.0 11.0
-2.0244095 9.421454 -3.8288298107 0.0 12.0
-2.391141 14.285314 -3.6170971107 0.0 12.0
-2.391141 14.285314 -3.6170971108 0.0 13.0
-5.1913342 17.943409 -2.0004046108 0.0 13.0
-4.2349854 5.2596135 -2.5525532109 1.0 11.0
-8.370304 6.27711 -0.16502595109 1.0 11.0
-8.370304 6.27711 -0.16502595110 0.0 12.0
-11.170498 9.935206 1.4516666110 0.0 12.0
-11.170498 9.935206 1.4516666111 0.0 13.0
-11.53723 14.799066 1.6633991111 0.0 13.0
-4.2349854 5.2596135 -2.5525532112 5.0 11.0
-4.6584506 10.123472 -2.5525532112 5.0 11.0
-4.6584506 10.123472 -2.5525532113 4.0 12.0
-5.081916 14.987331 -2.5525532113 4.0 12.0
-5.081916 14.987331 -2.5525532114 1.0 13.0
-5.4486475 19.85119 -2.3408206114 1.0 13.0
-5.4486475 19.85119 -2.3408206115 0.0 14.0
-8.24884 23.509287 -0.724128115 0.0 14.0
-8.24884 23.509287 -0.724128116 0.0 15.0
-12.384159 24.526783 1.6633992116 0.0 15.0
-5.081916 14.987331 -2.5525532117 1.0 13.0
-8.930338 12.965127 -0.3306656117 1.0 13.0
-8.930338 12.965127 -0.3306656118 0.0 14.0
-13.065657 13.982621 2.056862118 0.0 14.0
-13.065657 13.982621 2.056862119 0.0 15.0
-15.865851 17.640717 3.6735554119 0.0 15.0
-5.081916 14.987331 -2.5525532120 3.0 13.0
-8.315301 18.645428 -2.5525532120 3.0 13.0
-8.315301 18.645428 -2.5525532121 2.0 14.0
-11.548686 22.303524 -2.5525532121 2.0 14.0
-11.548686 22.303524 -2.5525532122 1.0 15.0
-14.348879 25.96162 -0.93586063122 1.0 15.0
-14.348879 25.96162 -0.93586063123 0.0 16.0
-18.484198 26.979116 1.4516666123 0.0 16.0
-18.484198 26.979116 1.4516666124 0.0 17.0
-22.332619 24.956913 3.6735542124 0.0 17.0
-11.548686 22.303524 -2.5525532125 1.0 15.0
-13.600721 18.034801 -1.3678101125 1.0 15.0
-13.600721 18.034801 -1.3678101126 0.0 16.0
-17.449142 16.012596 0.85407746126 0.0 16.0
-17.449142 16.012596 0.85407746127 0.0 17.0
-21.584461 17.03009 3.2416053127 0.0 17.0
-8.656137 -3.0640683 0.0128 19.0 9.0
-4.735322 -1.2366695 -2.263684128 19.0 9.0
-4.735322 -1.2366695 -2.263684129 18.0 10.0
-0.81450653 0.59072924 -4.527368129 18.0 10.0
-0.81450653 0.59072924 -4.527368130 1.0 11.0
3.106309 2.418128 -6.791052130 1.0 11.0
3.106309 2.418128 -6.791052131 0.0 12.0
5.316885 6.579969 -8.067328131 0.0 12.0
5.316885 6.579969 -8.067328132 0.0 13.0
4.9501534 11.443829 -7.855596132 0.0 13.0
-0.81450653 0.59072924 -4.527368133 1.0 11.0
-3.6146998 4.2488256 -2.9106755133 1.0 11.0
-3.6146998 4.2488256 -2.9106755134 0.0 12.0
-3.9814312 9.112684 -2.698943134 0.0 12.0
-3.9814312 9.112684 -2.698943135 0.0 13.0
-1.7708554 13.274525 -3.9752195135 0.0 13.0
-0.81450653 0.59072924 -4.527368136 17.0 11.0
-1.2379717 5.4545884 -4.527368136 17.0 11.0
-1.2379717 5.4545884 -4.527368137 16.0 12.0
-1.6614368 10.318447 -4.527368137 16.0 12.0
-1.6614368 10.318447 -4.527368138 1.0 13.0
-2.0281682 15.182306 -4.3156357138 1.0 13.0
-2.0281682 15.182306 -4.3156357139 0.0 14.0
-4.8283615 18.840403 -2.6989431139 0.0 14.0
-4.8283615 18.840403 -2.6989431140 0.0 15.0
-8.96368 19.857899 -0.3114159140 0.0 15.0
-1.6614368 10.318447 -4.527368141 1.0 13.0
-5.509859 8.296243 -2.3054805141 1.0 13.0
-5.509859 8.296243 -2.3054805142 0.0 14.0
-9.645178 9.313737 0.082047224142 0.0 14.0
-9.645178 9.313737 0.082047224143 0.0 15.0
-12.445373 12.971831 1.6987406143 0.0 15.0
-1.6614368 10.318447 -4.527368144 7.0 13.0
-2.0281682 15.182306 -4.3156357144 7.0 13.0
-2.0281682 15.182306 -4.3156357145 6.0 14.0
-2.3948996 20.046165 -4.1039033145 6.0 14.0
-2.3948996 20.046165 -4.1039033146 1.0 15.0
-2.761631 24.910025 -3.8921707146 1.0 15.0
-2.761631 24.910025 -3.8921707147 0.0 16.0
-5.5618243 28.568121 -2.2754781147 0.0 16.0
-5.5618243 28.568121 -2.2754781148 0.0 17.0
-9.697144 29.585617 0.1120491148 0.0 17.0
-2.3948996 20.046165 -4.1039033149 1.0 15.0
-6.2433214 18.02396 -1.8820157149 1.0 15.0
-6.2433214 18.02396 -1.8820157150 0.0 16.0
-10.378641 19.041454 0.505512150 0.0 16.0
-10.378641 19.041454 0.505512151 0.0 17.0
-13.178836 22.699549 2.1222053151 0.0 17.0
-2.3948996 20.046165 -4.1039033152 5.0 15.0
-6.8386745 18.02396 -4.1039033152 5.0 15.0
-6.8386745 18.02396 -4.1039033153 4.0 16.0
-11.28245 16.001755 -4.1039033153 4.0 16.0
-11.28245 16.001755 -4.1039033154 1.0 17.0
-15.130872 13.97955 -1.8820157154 1.0 17.0
-15.130872 13.97955 -1.8820157155 0.0 18.0
-17.182907 9.710829 -0.69727266155 0.0 18.0
-17.182907 9.710829 -0.69727266156 0.0 19.0
-16.633673 4.869937 -1.0143731156 0.0 19.0
-11.28245 16.001755 -4.1039033157 1.0 17.0
-8.347376 12.487465 -5.798469157 1.0 17.0
-8.347376 12.487465 -5.798469158 0.0 18.0
-7.798142 7.646573 -6.1155696158 0.0 18.0
-7.798142 7.646573 -6.1155696159 0.0 19.0
-9.850177 3.3778515 -4.9308267159 0.0 19.0
-11.28245 16.001755 -4.1039033160 3.0 17.0
-7.893318 12.487465 -4.1039033160 3.0 17.0
-7.893318 12.487465 -4.1039033161 2.0 18.0
-4.5041866 8.973175 -4.1039033161 2.0 18.0
-4.5041866 8.973175 -4.1039033162 1.0 19.0
-1.569113 5.4588847 -5.798469162 1.0 19.0
-1.569113 5.4588847 -5.798469163 0.0 20.0
2.6005585 4.649627 -8.20583163 0.0 20.0
2.6005585 4.649627 -8.20583164 0.0 21.0
6.3693323 6.8628225 -10.381733164 0.0 21.0
-4.5041866 8.973175 -4.1039033165 1.0 19.0
-2.614559 13.340729 -5.1948805165 1.0 19.0
-2.614559 13.340729 -5.1948805166 0.0 20.0
1.1542151 15.553925 -7.3707833166 0.0 20.0
1.1542151 15.553925 -7.3707833167 0.0 21.0
5.323887 14.744667 -9.778145167 0.0 21.0
-1.6614368 10.318447 -4.527368168 7.0 13.0
-5.509859 8.296243 -2.3054805168 7.0 13.0
-5.509859 8.296243 -2.3054805169 6.0 14.0
-9.358281 6.2740383 -0.08359289169 6.0 14.0
-9.358281 6.2740383 -0.08359289170 1.0 15.0
-13.206703 4.251834 2.1382947170 1.0 15.0
-13.206703 4.251834 2.1382947171 0.0 16.0
-15.2587385 -0.016887665 3.3230376171 0.0 16.0
-15.2587385 -0.016887665 3.3230376172 0.0 17.0
-14.709505 -4.8577795 3.0059373172 0.0 17.0
-9.358281 6.2740383 -0.08359289173 1.0 15.0
-6.4232073 2.759748 -1.7781585173 1.0 15.0
-6.4232073 2.759748 -1.7781585174 0.0 16.0
-5.8739734 -2.0811439 -2.095259174 0.0 16.0
-5.8739734 -2.0811439 -2.095259175 0.0 17.0
-7.926008 -6.3498654 -0.9105159175 0.0 17.0
-9.358281 6.2740383 -0.08359289176 5.0 15.0
-11.727767 2.0053167 -0.08359289176 5.0 15.0
-11.727767 2.0053167 -0.08359289177 4.0 16.0
-14.097253 -2.2634048 -0.08359289177 4.0 16.0
-14.097253 -2.2634048 -0.08359289178 1.0 17.0
-16.149288 -6.5321264 1.1011502178 1.0 17.0
-16.149288 -6.5321264 1.1011502179 0.0 18.0
-15.600054 -11.373018 0.78404975179 0.0 18.0
-15.600054 -11.373018 0.78404975180 0.0 19.0
-12.66498 -14.887308 -0.9105159180 0.0 19.0
-14.097253 -2.2634048 -0.08359289181 1.0 17.0
-9.927582 -3.0726624 -2.490954181 1.0 17.0
-9.927582 -3.0726624 -2.490954182 0.0 18.0
-6.992508 -6.5869527 -4.1855197182 0.0 18.0
-6.992508 -6.5869527 -4.1855197183 0.0 19.0
-6.443274 -11.427845 -4.50262183 0.0 19.0
-14.097253 -2.2634048 -0.08359289184 3.0 17.0
-13.463052 -7.1042967 -0.08359289184 3.0 17.0
-13.463052 -7.1042967 -0.08359289185 2.0 18.0
-12.828851 -11.9451885 -0.08359289185 2.0 18.0
-12.828851 -11.9451885 -0.08359289186 1.0 19.0
-12.279617 -16.78608 -0.40069327186 1.0 19.0
-12.279617 -16.78608 -0.40069327187 0.0 20.0
-9.344543 -20.30037 -2.095259187 0.0 20.0
-9.344543 -20.30037 -2.095259188 0.0 21.0
-5.174872 -21.109627 -4.5026197188 0.0 21.0
-12.828851 -11.9451885 -0.08359289189 1.0 19.0
-9.060077 -9.731993 -2.2594957189 1.0 19.0
-9.060077 -9.731993 -2.2594957190 0.0 20.0
-4.890405 -10.54125 -4.666857190 0.0 20.0
-4.890405 -10.54125 -4.666857191 0.0 21.0
-1.9553316 -14.05554 -6.3614225191 0.0 21.0
-1.6614368 10.318447 -4.527368192 15.0 13.0
-6.105212 8.296243 -4.527368192 15.0 13.0
-6.105212 8.296243 -4.527368193 14.0 14.0
-10.548987 6.2740383 -4.527368193 14.0 14.0
-10.548987 6.2740383 -4.527368194 1.0 15.0
-14.397409 4.251834 -2.3054805194 1.0 15.0
-14.397409 4.251834 -2.3054805195 0.0 16.0
-16.449444 -0.016887665 -1.1207374195 0.0 16.0
-16.449444 -0.016887665 -1.1207374196 0.0 17.0
-15.900209 -4.8577795 -1.4378378196 0.0 17.0
-10.548987 6.2740383 -4.527368197 1.0 15.0
-7.6139135 2.759748 -6.221934197 1.0 15.0
-7.6139135 2.759748 -6.221934198 0.0 16.0
-7.0646796 -2.0811439 -6.5390344198 0.0 16.0
-7.0646796 -2.0811439 -6.5390344199 0.0 17.0
-9.1167145 -6.3498654 -5.3542914199 0.0 17.0
-10.548987 6.2740383 -4.527368200 13.0 15.0
-9.914786 1.4331465 -4.527368200 13.0 15.0
-9.914786 1.4331465 -4.527368201 12.0 16.0
-9.280585 -3.4077454 -4.527368201 12.0 16.0
-9.280585 -3.4077454 -4.527368202 1.0 17.0
-8.731352 -8.248637 -4.8444686202 1.0 17.0
-8.731352 -8.248637 -4.8444686203 0.0 18.0
-5.796278 -11.762928 -6.5390344203 0.0 18.0
-5.796278 -11.762928 -6.5390344204 0.0 19.0
-1.6266065 -12.5721855 -8.946396204 0.0 19.0
-9.280585 -3.4077454 -4.527368205 1.0 17.0
-5.5118113 -1.1945498 -6.703271205 1.0 17.0
-5.5118113 -1.1945498 -6.703271206 0.0 18.0
-1.3421397 -2.003807 -9.110632206 0.0 18.0
-1.3421397 -2.003807 -9.110632207 0.0 19.0
1.5929339 -5.5180974 -10.805198207 0.0 19.0
-9.280585 -3.4077454 -4.527368208 7.0 17.0
-8.731352 -8.248637 -4.8444686208 7.0 17.0
-8.731352 -8.248637 -4.8444686209 6.0 18.0
-8.182117 -13.089529 -5.161569209 6.0 18.0
-8.182117 -13.089529 -5.161569210 1.0 19.0
-7.6328835 -17.93042 -5.4786696210 1.0 19.0
-7.6328835 -17.93042 -5.4786696211 0.0 20.0
-4.69781 -21.44471 -7.1732354211 0.0 20.0
-4.69781 -21.44471 -7.1732354212 0.0 21.0
-0.52813864 -22.253967 -9.580597212 0.0 21.0
-8.182117 -13.089529 -5.161569213 1.0 19.0
-4.4133434 -10.876333 -7.337472213 1.0 19.0
-4.4133434 -10.876333 -7.337472214 0.0 20.0
-0.2436719 -11.685591 -9.744833214 0.0 20.0
-0.2436719 -11.685591 -9.744833215 0.0 21.0
2.6914017 -15.199881 -11.439399215 0.0 21.0
-8.182117 -13.089529 -5.161569216 5.0 19.0
-3.8303118 -10.876333 -5.161569216 5.0 19.0
-3.8303118 -10.876333 -5.161569217 4.0 20.0
0.5214939 -8.663137 -5.161569217 4.0 20.0
0.5214939 -8.663137 -5.161569218 1.0 21.0
4.290268 -6.4499416 -7.337472218 1.0 21.0
4.290268 -6.4499416 -7.337472219 0.0 22.0
6.1798954 -2.082388 -8.428449219 0.0 22.0
6.1798954 -2.082388 -8.428449220 0.0 23.0
5.4491963 2.7264113 -8.006579220 0.0 23.0
0.5214939 -8.663137 -5.161569221 1.0 21.0
-2.5429254 -5.2992764 -3.3923259221 1.0 21.0
-2.5429254 -5.2992764 -3.3923259222 0.0 22.0
-3.2736242 -0.4904771 -2.9704566222 0.0 22.0
-3.2736242 -0.4904771 -2.9704566223 0.0 23.0
-1.3839965 3.8770766 -4.061434223 0.0 23.0
0.5214939 -8.663137 -5.161569224 3.0 21.0
-3.0169926 -5.2992764 -5.161569224 3.0 21.0
-3.0169926 -5.2992764 -5.161569225 2.0 22.0
-6.555479 -1.9354153 -5.161569225 2.0 22.0
-6.555479 -1.9354153 -5.161569226 1.0 23.0
-9.619898 1.4284458 -3.3923259226 1.0 23.0
-9.619898 1.4284458 -3.3923259227 0.0 24.0
-13.816061 2.0279408 -0.9696696227 0.0 24.0
-13.816061 2.0279408 -0.9696696228 0.0 25.0
-17.498083 -0.3720739 1.1561465228 0.0 25.0
-6.555479 -1.9354153 -5.161569229 1.0 23.0
-8.279137 -6.393567 -4.1664147229 1.0 23.0
-8.279137 -6.393567 -4.1664147230 0.0 24.0
-11.961158 -8.793582 -2.0405986230 0.0 24.0
-11.961158 -8.793582 -2.0405986231 0.0 25.0
-16.157322 -8.194087 0.38205767231 0.0 25.0
-9.280585 -3.4077454 -4.527368232 7.0 17.0
-5.5118113 -1.1945498 -6.703271232 7.0 17.0
-5.5118113 -1.1945498 -6.703271233 6.0 18.0
-1.7430372 1.0186458 -8.879173233 6.0 18.0
-1.7430372 1.0186458 -8.879173234 1.0 19.0
2.0257368 3.2318413 -11.055077234 1.0 19.0
2.0257368 3.2318413 -11.055077235 0.0 20.0
3.9153645 7.599395 -12.146053235 0.0 20.0
3.9153645 7.599395 -12.146053236 0.0 21.0
3.1846657 12.408194 -11.724184236 0.0 21.0
-1.7430372 1.0186458 -8.879173237 1.0 19.0
-4.8074565 4.382507 -7.10993237 1.0 19.0
-4.8074565 4.382507 -7.10993238 0.0 20.0
-5.5381556 9.191306 -6.6880608238 0.0 20.0
-5.5381556 9.191306 -6.6880608239 0.0 21.0
-3.6485279 13.55886 -7.779038239 0.0 21.0
-1.7430372 1.0186458 -8.879173240 5.0 19.0
0.43891692 5.3861995 -8.879173240 5.0 19.0
0.43891692 5.3861995 -8.879173241 4.0 20.0
2.620871 9.753754 -8.879173241 4.0 20.0
2.620871 9.753754 -8.879173242 1.0 21.0
4.510499 14.121307 -9.97015242 1.0 21.0
4.510499 14.121307 -9.97015243 0.0 22.0
3.7798002 18.930107 -9.548281243 0.0 22.0
3.7798002 18.930107 -9.548281244 0.0 23.0
0.7153809 22.293968 -7.7790375244 0.0 23.0
2.620871 9.753754 -8.879173245 1.0 21.0
-1.5752926 10.353249 -6.456517245 1.0 21.0
-1.5752926 10.353249 -6.456517246 0.0 22.0
-4.639712 13.71711 -4.687274246 0.0 22.0
-4.639712 13.71711 -4.687274247 0.0 23.0
-5.370411 18.52591 -4.2654047247 0.0 23.0
2.620871 9.753754 -8.879173248 3.0 21.0
1.7771326 14.562553 -8.879173248 3.0 21.0
1.7771326 14.562553 -8.879173249 2.0 22.0
0.9333942 19.371353 -8.879173249 2.0 22.0
0.9333942 19.371353 -8.879173250 1.0 23.0
0.20269531 24.180153 -8.457304250 1.0 23.0
0.20269531 24.180153 -8.457304251 0.0 24.0
-2.861724 27.544014 -6.6880608251 0.0 24.0
-2.861724 27.544014 -6.6880608252 0.0 25.0
-7.0578876 28.143509 -4.2654047252 0.0 25.0
0.9333942 19.371353 -8.879173253 1.0 23.0
-2.7486272 16.971338 -6.753357253 1.0 23.0
-2.7486272 16.971338 -6.753357254 0.0 24.0
-6.944791 17.570833 -4.330701254 0.0 24.0
-6.944791 17.570833 -4.330701255 0.0 25.0
-10.009211 20.934694 -2.5614576255 0.0 25.0
-9.280585 -3.4077454 -4.527368256 11.0 17.0
-4.9287796 -1.1945498 -4.527368256 11.0 17.0
-4.9287796 -1.1945498 -4.527368257 10.0 18.0
-0.5769739 1.0186458 -4.527368257 10.0 18.0
-0.5769739 1.0186458 -4.527368258 1.0 19.0
3.1918 3.2318413 -6.703271258 1.0 19.0
3.1918 3.2318413 -6.703271259 0.0 20.0
5.0814276 7.599395 -7.794248259 0.0 20.0
5.0814276 7.599395 -7.794248260 0.0 21.0
4.3507285 12.408194 -7.372379260 0.0 21.0
-0.5769739 1.0186458 -4.527368261 1.0 19.0
-3.6413932 4.382507 -2.7581248261 1.0 19.0
-3.6413932 4.382507 -2.7581248262 0.0 20.0
-4.3720922 9.191306 -2.3362556262 0.0 20.0
-4.3720922 9.191306 -2.3362556263 0.0 21.0
-2.4824646 13.55886 -3.4272327263 0.0 21.0
-0.5769739 1.0186458 -4.527368264 9.0 19.0
-1.4207124 5.827445 -4.527368264 9.0 19.0
-1.4207124 5.827445 -4.527368265 8.0 20.0
-2.2644508 10.636244 -4.527368265 8.0 20.0
-2.2644508 10.636244 -4.527368266 1.0 21.0
-2.9951496 15.445044 -4.105499266 1.0 21.0
-2.9951496 15.445044 -4.105499267 0.0 22.0
-6.059569 18.808905 -2.3362556267 0.0 22.0
-6.059569 18.808905 -2.3362556268 0.0 23.0
-10.255733 19.4084 0.08640075268 0.0 23.0
-2.2644508 10.636244 -4.527368269 1.0 21.0
-5.946472 8.236229 -2.401552269 1.0 21.0
-5.946472 8.236229 -2.401552270 0.0 22.0
-10.142635 8.835724 0.021104336270 0.0 22.0
-10.142635 8.835724 0.021104336271 0.0 23.0
-13.207054 12.199585 1.7903476271 0.0 23.0
-2.2644508 10.636244 -4.527368272 7.0 21.0
-2.9951496 15.445044 -4.105499272 7.0 21.0
-2.9951496 15.445044 -4.105499273 6.0 22.0
-3.7258484 20.253843 -3.6836295273 6.0 22.0
-3.7258484 20.253843 -3.6836295274 1.0 23.0
-4.4565473 25.062643 -3.2617602274 1.0 23.0
-4.4565473 25.062643 -3.2617602275 0.0 24.0
-7.5209665 28.426504 -1.492517275 0.0 24.0
-7.5209665 28.426504 -1.492517276 0.0 25.0
-11.717131 29.026 0.9301393276 0.0 25.0
-3.7258484 20.253843 -3.6836295277 1.0 23.0
-7.40787 17.853828 -1.5578134277 1.0 23.0
-7.40787 17.853828 -1.5578134278 0.0 24.0
-11.604033 18.453323 0.8648429278 0.0 24.0
-11.604033 18.453323 0.8648429279 0.0 25.0
-14.668453 21.817184 2.6340861279 0.0 25.0
-3.7258484 20.253843 -3.6836295280 5.0 23.0
-7.977481 17.853828 -3.6836295280 5.0 23.0
-7.977481 17.853828 -3.6836295281 4.0 24.0
-12.229113 15.453814 -3.6836295281 4.0 24.0
-12.229113 15.453814 -3.6836295282 1.0 25.0
-15.911134 13.053799 -1.5578134282 1.0 25.0
-15.911134 13.053799 -1.5578134283 0.0 26.0
-17.634792 8.595647 -0.562659283 0.0 26.0
-17.634792 8.595647 -0.562659284 0.0 27.0
-16.724007 3.8280053 -1.0885018284 0.0 27.0
-12.229113 15.453814 -3.6836295285 1.0 25.0
-9.041122 12.246727 -5.5242167285 1.0 25.0
-9.041122 12.246727 -5.5242167286 0.0 26.0
-8.130332 7.4790864 -6.0500617286 0.0 26.0
-8.130332 7.4790864 -6.0500617287 0.0 27.0
-9.853987 3.0209327 -5.054909287 0.0 27.0
-12.229113 15.453814 -3.6836295288 3.0 25.0
-8.547938 12.246727 -3.6836295288 3.0 25.0
-8.547938 12.246727 -3.6836295289 2.0 26.0
-4.866764 9.03964 -3.6836295289 2.0 26.0
-4.866764 9.03964 -3.6836295290 1.0 27.0
-1.6787739 5.832554 -5.5242167290 1.0 27.0
-1.6787739 5.832554 -5.5242167291 0.0 28.0
2.5359712 5.443956 -7.957601291 0.0 28.0
2.5359712 5.443956 -7.957601292 0.0 29.0
6.1242967 8.026269 -10.029322292 0.0 29.0
-4.866764 9.03964 -3.6836295293 1.0 27.0
-3.3123288 13.5799885 -4.581083293 1.0 27.0
-3.3123288 13.5799885 -4.581083294 0.0 28.0
0.27599669 16.162302 -6.6528034294 0.0 28.0
0.27599669 16.162302 -6.6528034295 0.0 29.0
4.4907417 15.773705 -9.086187295 0.0 29.0
-2.2644508 10.636244 -4.527368296 7.0 21.0
-5.946472 8.236229 -2.401552296 7.0 21.0
-5.946472 8.236229 -2.401552297 6.0 22.0
-9.628493 5.836214 -0.27573586297 6.0 22.0
-9.628493 5.836214 -0.27573586298 1.0 23.0
-13.310514 3.4361994 1.8500803298 1.0 23.0
-13.310514 3.4361994 1.8500803299 0.0 24.0
-15.034172 -1.0219524 2.8452346299 0.0 24.0
-15.034172 -1.0219524 2.8452346300 0.0 25.0
-14.123385 -5.7895937 2.3193917300 0.0 25.0
-9.628493 5.836214 -0.27573586301 1.0 23.0
-6.440503 2.6291275 -2.116323301 1.0 23.0
-6.440503 2.6291275 -2.116323302 0.0 24.0
-5.5297127 -2.138513 -2.642168302 0.0 24.0
-5.5297127 -2.138513 -2.642168303 0.0 25.0
-7.253367 -6.596667 -1.6470158303 0.0 25.0
-9.628493 5.836214 -0.27573586304 5.0 23.0
-11.618802 1.3780622 -0.27573586304 5.0 23.0
-11.618802 1.3780622 -0.27573586305 4.0 24.0
-13.609111 -3.0800896 -0.27573586305 4.0 24.0
-13.609111 -3.0800896 -0.27573586306 1.0 25.0
-15.332768 -7.5382414 0.7194185306 1.0 25.0
-15.332768 -7.5382414 0.7194185307 0.0 26.0
-14.421982 -12.305883 0.19357574307 0.0 26.0
-14.421982 -12.305883 0.19357574308 0.0 27.0
-11.233992 -15.51297 -1.6470113308 0.0 27.0
-13.609111 -3.0800896 -0.27573586309 1.0 25.0
-9.394365 -3.4686875 -2.7091203309 1.0 25.0
-9.394365 -3.4686875 -2.7091203310 0.0 26.0
-6.206375 -6.675774 -4.5497074310 0.0 26.0
-6.206375 -6.675774 -4.5497074311 0.0 27.0
-5.2955847 -11.443415 -5.0755525311 0.0 27.0
-13.609111 -3.0800896 -0.27573586312 3.0 25.0
-12.557421 -7.84773 -0.27573586312 3.0 25.0
-12.557421 -7.84773 -0.27573586313 2.0 26.0
-11.505731 -12.615371 -0.27573586313 2.0 26.0
-11.505731 -12.615371 -0.27573586314 1.0 27.0
-10.59494 -17.38301 -0.8015809314 1.0 27.0
-10.59494 -17.38301 -0.8015809315 0.0 28.0
-7.40695 -20.590097 -2.642168315 0.0 28.0
-7.40695 -20.590097 -2.642168316 0.0 29.0
-3.192205 -20.978695 -5.0755525316 0.0 29.0
-11.505731 -12.615371 -0.27573586317 1.0 27.0
-7.917405 -10.033058 -2.3474565317 1.0 27.0
-7.917405 -10.033058 -2.3474565318 0.0 28.0
-3.70266 -10.421656 -4.780841318 0.0 28.0
-3.70266 -10.421656 -4.780841319 0.0 29.0
-0.5146699 -13.628742 -6.621428319 0.0 29.0
-8.656137 -3.0640683 0.0320 19.0 9.0
-11.456331 0.594028 1.6166925320 19.0 9.0
-11.456331 0.594028 1.6166925321 18.0 10.0
-14.256525 4.2521243 3.233385321 18.0 10.0
-14.256525 4.2521243 3.233385322 1.0 11.0
-17.056719 7.9102206 4.8500776322 1.0 11.0
-17.056719 7.9102206 4.8500776323 0.0 12.0
-21.192038 8.927717 7.237605323 0.0 12.0
-21.192038 8.927717 7.237605324 0.0 13.0
-25.040459 6.905513 9.459493324 0.0 13.0
-14.256525 4.2521243 3.233385325 1.0 11.0
-16.30856 -0.016597271 4.418128325 1.0 11.0
-16.30856 -0.016597271 4.418128326 0.0 12.0
-20.156982 -2.0388017 6.6400156326 0.0 12.0
-20.156982 -2.0388017 6.6400156327 0.0 13.0
-24.292301 -1.0213076 9.027543327 0.0 13.0
-14.256525 4.2521243 3.233385328 17.0 11.0
-18.7003 2.22992 3.233385328 17.0 11.0
-18.7003 2.22992 3.233385329 16.0 12.0
-23.144075 0.20771551 3.233385329 16.0 12.0
-23.144075 0.20771551 3.233385330 1.0 13.0
-26.992496 -1.8144889 5.4552727330 1.0 13.0
-26.992496 -1.8144889 5.4552727331 0.0 14.0
-29.04453 -6.0832105 6.6400156331 0.0 14.0
-29.04453 -6.0832105 6.6400156332 0.0 15.0
-28.495296 -10.924103 6.322915332 0.0 15.0
-23.144075 0.20771551 3.233385333 1.0 13.0
-20.209002 -3.3065748 1.5388194333 1.0 13.0
-20.209002 -3.3065748 1.5388194334 0.0 14.0
-19.659767 -8.147467 1.221719334 0.0 14.0
-19.659767 -8.147467 1.221719335 0.0 15.0
-21.711802 -12.416188 2.4064622335 0.0 15.0
-23.144075 0.20771551 3.233385336 7.0 13.0
-26.992496 -1.8144889 5.4552727336 7.0 13.0
-26.992496 -1.8144889 5.4552727337 6.0 14.0
-30.84092 -3.8366933 7.6771603337 6.0 14.0
-30.84092 -3.8366933 7.6771603338 1.0 15.0
-34.689342 -5.8588977 9.899048338 1.0 15.0
-34.689342 -5.8588977 9.899048339 0.0 16.0
-36.74138 -10.127619 11.083791339 0.0 16.0
-36.74138 -10.127619 11.083791340 0.0 17.0
-36.192146 -14.968511 10.76669340 0.0 17.0
-30.84092 -3.8366933 7.6771603341 1.0 15.0
-27.905846 -7.3509836 5.9825945341 1.0 15.0
-27.905846 -7.3509836 5.9825945342 0.0 16.0
-27.356611 -12.191875 5.665494342 0.0 16.0
-27.356611 -12.191875 5.665494343 0.0 17.0
-29.408646 -16.460598 6.850237343 0.0 17.0
-30.84092 -3.8366933 7.6771603344 5.0 15.0
-27.451788 -7.3509836 7.6771603344 5.0 15.0
-27.451788 -7.3509836 7.6771603345 4.0 16.0
-24.062656 -10.865274 7.6771603345 4.0 16.0
-24.062656 -10.865274 7.6771603346 1.0 17.0
-21.127583 -14.379564 5.9825945346 1.0 17.0
-21.127583 -14.379564 5.9825945347 0.0 18.0
-16.95791 -15.188822 3.5752335347 0.0 18.0
-16.95791 -15.188822 3.5752335348 0.0 19.0
-13.1891365 -12.975626 1.3993306348 0.0 19.0
-24.062656 -10.865274 7.6771603349 1.0 17.0
-22.173029 -6.4977207 6.586183349 1.0 17.0
-22.173029 -6.4977207 6.586183350 0.0 18.0
-18.404255 -4.284525 4.41028350 0.0 18.0
-18.404255 -4.284525 4.41028351 0.0 19.0
-14.234583 -5.0937824 2.0029192351 0.0 19.0
-24.062656 -10.865274 7.6771603352 3.0 17.0
-21.880703 -6.4977207 7.6771603352 3.0 17.0
-21.880703 -6.4977207 7.6771603353 2.0 18.0
-19.69875 -2.130167 7.6771603353 2.0 18.0
-19.69875 -2.130167 7.6771603354 1.0 19.0
-17.809122 2.2373867 6.586183354 1.0 19.0
-17.809122 2.2373867 6.586183355 0.0 20.0
-18.539822 7.046186 7.0080523355 0.0 20.0
-18.539822 7.046186 7.0080523356 0.0 21.0
-21.60424 10.410048 8.777296356 0.0 21.0
-19.69875 -2.130167 7.6771603357 1.0 19.0
-23.894913 -1.530672 10.099816357 1.0 19.0
-23.894913 -1.530672 10.099816358 0.0 20.0
-26.959332 1.8331891 11.86906358 0.0 20.0
-26.959332 1.8331891 11.86906359 0.0 21.0
-27.690031 6.6419883 12.290929359 0.0 21.0
-23.144075 0.20771551 3.233385360 7.0 13.0
-20.209002 -3.3065748 1.5388194360 7.0 13.0
-20.209002 -3.3065748 1.5388194361 6.0 14.0
-17.273928 -6.820865 -0.15574622361 6.0 14.0
-17.273928 -6.820865 -0.15574622362 1.0 15.0
-14.338854 -10.3351555 -1.8503119362 1.0 15.0
-14.338854 -10.3351555 -1.8503119363 0.0 16.0
-10.169182 -11.144413 -4.257673363 0.0 16.0
-10.169182 -11.144413 -4.257673364 0.0 17.0
-6.400408 -8.931217 -6.4335756364 0.0 17.0
-17.273928 -6.820865 -0.15574622365 1.0 15.0
-15.3843 -2.4533114 -1.2467233365 1.0 15.0
-15.3843 -2.4533114 -1.2467233366 0.0 16.0
-11.615526 -0.24011588 -3.422626366 0.0 16.0
-11.615526 -0.24011588 -3.422626367 0.0 17.0
-7.4458547 -1.0493733 -5.829987367 0.0 17.0
-17.273928 -6.820865 -0.15574622368 5.0 15.0
-12.459206 -7.6301227 -0.15574622368 5.0 15.0
-12.459206 -7.6301227 -0.15574622369 4.0 16.0
-7.6444836 -8.43938 -0.15574622369 4.0 16.0
-7.6444836 -8.43938 -0.15574622370 1.0 17.0
-3.474812 -9.248637 -2.5631073370 1.0 17.0
-3.474812 -9.248637 -2.5631073371 0.0 18.0
0.293962 -7.0354414 -4.73901371 0.0 18.0
0.293962 -7.0354414 -4.73901372 0.0 19.0
2.1835897 -2.6678877 -5.829987372 0.0 19.0
-7.6444836 -8.43938 -0.15574622373 1.0 17.0
-8.375182 -3.6305804 0.266123373 1.0 17.0
-8.375182 -3.6305804 0.266123374 0.0 18.0
-6.4855547 0.7369733 -0.8248541374 0.0 18.0
-6.4855547 0.7369733 -0.8248541375 0.0 19.0
-2.7167807 2.9501688 -3.000757375 0.0 19.0
-7.6444836 -8.43938 -0.15574622376 3.0 17.0
-3.2926779 -6.226184 -0.15574622376 3.0 17.0
-3.2926779 -6.226184 -0.15574622377 2.0 18.0
1.0591278 -4.012988 -0.15574622377 2.0 18.0
1.0591278 -4.012988 -0.15574622378 1.0 19.0
4.827902 -1.7997925 -2.331649378 1.0 19.0
4.827902 -1.7997925 -2.331649379 0.0 20.0
6.7175293 2.5677612 -3.422626379 0.0 20.0
6.7175293 2.5677612 -3.422626380 0.0 21.0
5.98683 7.37656 -3.0007567380 0.0 21.0
1.0591278 -4.012988 -0.15574622381 1.0 19.0
-2.0052915 -0.649127 1.613497381 1.0 19.0
-2.0052915 -0.649127 1.613497382 0.0 20.0
-2.7359903 4.1596723 2.0353663382 0.0 20.0
-2.7359903 4.1596723 2.0353663383 0.0 21.0
-0.8463626 8.5272255 0.9443892383 0.0 21.0
-23.144075 0.20771551 3.233385384 15.0 13.0
-25.513561 -4.061006 3.233385384 15.0 13.0
-25.513561 -4.061006 3.233385385 14.0 14.0
-27.883047 -8.329727 3.233385385 14.0 14.0
-27.883047 -8.329727 3.233385386 1.0 15.0
-29.935081 -12.598449 4.418128386 1.0 15.0
-29.935081 -12.598449 4.418128387 0.0 16.0
-29.385847 -17.43934 4.1010275387 0.0 16.0
-29.385847 -17.43934 4.1010275388 0.0 17.0
-26.450773 -20.95363 2.4064617388 0.0 17.0
-27.883047 -8.329727 3.233385389 1.0 15.0
-23.713375 -9.138985 0.82602406389 1.0 15.0
-23.713375 -9.138985 0.82602406390 0.0 16.0
-20.778301 -12.653275 -0.8685416390 0.0 16.0
-20.778301 -12.653275 -0.8685416391 0.0 17.0
-20.229067 -17.494167 -1.185642391 0.0 17.0
-27.883047 -8.329727 3.233385392 13.0 15.0
-24.493916 -11.844017 3.233385392 13.0 15.0
-24.493916 -11.844017 3.233385393 12.0 16.0
-21.104784 -15.358307 3.233385393 12.0 16.0
-21.104784 -15.358307 3.233385394 1.0 17.0
-18.16971 -18.872597 1.5388194394 1.0 17.0
-18.16971 -18.872597 1.5388194395 0.0 18.0
-14.000038 -19.681854 -0.8685416395 0.0 18.0
-14.000038 -19.681854 -0.8685416396 0.0 19.0
-10.231264 -17.468658 -3.0444446396 0.0 19.0
-21.104784 -15.358307 3.233385397 1.0 17.0
-19.215157 -10.990753 2.142408397 1.0 17.0
-19.215157 -10.990753 2.142408398 0.0 18.0
-15.4463825 -8.777557 -0.03349495398 0.0 18.0
-15.4463825 -8.777557 -0.03349495399 0.0 19.0
-11.2767105 -9.586815 -2.440856399 0.0 19.0
-21.104784 -15.358307 3.233385400 7.0 17.0
-18.16971 -18.872597 1.5388194400 7.0 17.0
-18.16971 -18.872597 1.5388194401 6.0 18.0
-15.234636 -22.386887 -0.15574622401 6.0 18.0
-15.234636 -22.386887 -0.15574622402 1.0 19.0
-12.299562 -25.901176 -1.8503119402 1.0 19.0
-12.299562 -25.901176 -1.8503119403 0.0 20.0
-8.12989 -26.710434 -4.257673403 0.0 20.0
-8.12989 -26.710434 -4.257673404 0.0 21.0
-4.3611164 -24.497238 -6.4335756404 0.0 21.0
-15.234636 -22.386887 -0.15574622405 1.0 19.0
-13.345009 -18.019333 -1.2467233405 1.0 19.0
-13.345009 -18.019333 -1.2467233406 0.0 20.0
-9.576235 -15.806137 -3.422626406 0.0 20.0
-9.576235 -15.806137 -3.422626407 0.0 21.0
-5.4065633 -16.615395 -5.829987407 0.0 21.0
-15.234636 -22.386887 -0.15574622408 5.0 19.0
-13.052682 -18.019333 -0.15574622408 5.0 19.0
-13.052682 -18.019333 -0.15574622409 4.0 20.0
-10.870728 -13.651779 -0.15574622409 4.0 20.0
-10.870728 -13.651779 -0.15574622410 1.0 21.0
-8.9811 -9.284225 -1.2467233410 1.0 21.0
-8.9811 -9.284225 -1.2467233411 0.0 22.0
-9.711799 -4.475426 -0.8248541411 0.0 22.0
-9.711799 -4.475426 -0.8248541412 0.0 23.0
-12.776218 -1.1115651 0.94438916412 0.0 23.0
-10.870728 -13.651779 -0.15574622413 1.0 21.0
-15.066891 -13.052284 2.26691413 1.0 21.0
-15.066891 -13.052284 2.26691414 0.0 22.0
-18.13131 -9.688423 4.0361533414 0.0 22.0
-18.13131 -9.688423 4.0361533415 0.0 23.0
-18.86201 -4.879624 4.4580226415 0.0 23.0
-10.870728 -13.651779 -0.15574622416 3.0 21.0
-15.71604 -13.052284 -0.15574622416 3.0 21.0
-15.71604 -13.052284 -0.15574622417 2.0 22.0
-20.561352 -12.452789 -0.15574622417 2.0 22.0
-20.561352 -12.452789 -0.15574622418 1.0 23.0
-24.757515 -11.853294 2.26691418 1.0 23.0
-24.757515 -11.853294 2.26691419 0.0 24.0
-28.439537 -14.253309 4.392726419 0.0 24.0
-28.439537 -14.253309 4.392726420 0.0 25.0
-30.163195 -18.71146 5.3878803420 0.0 25.0
-20.561352 -12.452789 -0.15574622421 1.0 23.0
-19.650566 -17.22043 -0.681589421 1.0 23.0
-19.650566 -17.22043 -0.681589422 0.0 24.0
-21.374224 -21.678581 0.31356537422 0.0 24.0
-21.374224 -21.678581 0.31356537423 0.0 25.0
-25.056246 -24.078596 2.4393816423 0.0 25.0
-21.104784 -15.358307 3.233385424 7.0 17.0
-19.215157 -10.990753 2.142408424 7.0 17.0
-19.215157 -10.990753 2.142408425 6.0 18.0
-17.32553 -6.6231995 1.0514308425 6.0 18.0
-17.32553 -6.6231995 1.0514308426 1.0 19.0
-15.435902 -2.2556458 -0.03954625426 1.0 19.0
-15.435902 -2.2556458 -0.03954625427 0.0 20.0
-16.166601 2.5531535 0.38232297427 0.0 20.0
-16.166601 2.5531535 0.38232297428 0.0 21.0
-19.23102 5.9170146 2.1515663428 0.0 21.0
-17.32553 -6.6231995 1.0514308429 1.0 19.0
-21.521692 -6.0237045 3.4740872429 1.0 19.0
-21.521692 -6.0237045 3.4740872430 0.0 20.0
-24.586111 -2.6598434 5.2433305430 0.0 20.0
-24.586111 -2.6598434 5.2433305431 0.0 21.0
-25.31681 2.1489558 5.6651998431 0.0 21.0
-17.32553 -6.6231995 1.0514308432 5.0 19.0
-18.169268 -1.8144002 1.0514308432 5.0 19.0
-18.169268 -1.8144002 1.0514308433 4.0 20.0
-19.013006 2.994399 1.0514308433 4.0 20.0
-19.013006 2.994399 1.0514308434 1.0 21.0
-19.743706 7.8031983 1.4733434 1.0 21.0
-19.743706 7.8031983 1.4733435 0.0 22.0
-22.808125 11.167059 3.2425432435 0.0 22.0
-22.808125 11.167059 3.2425432436 0.0 23.0
-27.004288 11.766554 5.6651993436 0.0 23.0
-19.013006 2.994399 1.0514308437 1.0 21.0
-22.695028 0.59438443 3.177247437 1.0 21.0
-22.695028 0.59438443 3.177247438 0.0 22.0
-26.891191 1.1938795 5.599903438 0.0 22.0
-26.891191 1.1938795 5.599903439 0.0 23.0
-29.95561 4.5577407 7.3691463439 0.0 23.0
-19.013006 2.994399 1.0514308440 3.0 21.0
-22.551493 6.35826 1.0514308440 3.0 21.0
-22.551493 6.35826 1.0514308441 2.0 22.0
-26.08998 9.722121 1.0514308441 2.0 22.0
-26.08998 9.722121 1.0514308442 1.0 23.0
-29.154398 13.085982 2.820674442 1.0 23.0
-29.154398 13.085982 2.820674443 0.0 24.0
-33.350563 13.685477 5.24333443 0.0 24.0
-33.350563 13.685477 5.24333444 0.0 25.0
-37.032585 11.285462 7.3691463444 0.0 25.0
-26.08998 9.722121 1.0514308445 1.0 23.0
-27.813637 5.2639694 2.046585445 1.0 23.0
-27.813637 5.2639694 2.046585446 0.0 24.0
-31.495659 2.8639548 4.1724014446 0.0 24.0
-31.495659 2.8639548 4.1724014447 0.0 25.0
-35.691822 3.46345 6.5950575447 0.0 25.0
-21.104784 -15.358307 3.233385448 11.0 17.0
-16.290062 -16.167564 3.233385448 11.0 17.0
-16.290062 -16.167564 3.233385449 10.0 18.0
-11.47534 -16.976822 3.233385449 10.0 18.0
-11.47534 -16.976822 3.233385450 1.0 19.0
-7.3056684 -17.78608 0.82602406450 1.0 19.0
-7.3056684 -17.78608 0.82602406451 0.0 20.0
-3.5368943 -15.572884 -1.3498788451 0.0 20.0
-3.5368943 -15.572884 -1.3498788452 0.0 21.0
-1.6472666 -11.20533 -2.440856452 0.0 21.0
-11.47534 -16.976822 3.233385453 1.0 19.0
-12.206038 -12.168022 3.6552544453 1.0 19.0
-12.206038 -12.168022 3.6552544454 0.0 20.0
-10.316411 -7.8004684 2.5642772454 0.0 20.0
-10.316411 -7.8004684 2.5642772455 0.0 21.0
-6.547637 -5.5872726 0.38837433455 0.0 21.0
-11.47534 -16.976822 3.233385456 9.0 19.0
-9.2933855 -12.609268 3.233385456 9.0 19.0
-9.2933855 -12.609268 3.233385457 8.0 20.0
-7.111431 -8.2417145 3.233385457 8.0 20.0
-7.111431 -8.2417145 3.233385458 1.0 21.0
-5.2218037 -3.8741608 2.142408458 1.0 21.0
-5.2218037 -3.8741608 2.142408459 0.0 22.0
-5.9525027 0.9346385 2.5642772459 0.0 22.0
-5.9525027 0.9346385 2.5642772460 0.0 23.0
-9.016922 4.2984996 4.3335204460 0.0 23.0
-7.111431 -8.2417145 3.233385461 1.0 21.0
-11.307594 -7.6422195 5.656041461 1.0 21.0
-11.307594 -7.6422195 5.656041462 0.0 22.0
-14.372013 -4.2783585 7.4252844462 0.0 22.0
-14.372013 -4.2783585 7.4252844463 0.0 23.0
-15.102712 0.5304408 7.8471537463 0.0 23.0
-7.111431 -8.2417145 3.233385464 7.0 21.0
-5.2218037 -3.8741608 2.142408464 7.0 21.0
-5.2218037 -3.8741608 2.142408465 6.0 22.0
-3.332176 0.49339294 1.0514308465 6.0 22.0
-3.332176 0.49339294 1.0514308466 1.0 23.0
-1.4425483 4.8609467 -0.03954625466 1.0 23.0
-1.4425483 4.8609467 -0.03954625467 0.0 24.0
-2.173247 9.669746 0.38232297467 0.0 24.0
-2.173247 9.669746 0.38232297468 0.0 25.0
-5.237666 13.0336075 2.1515663468 0.0 25.0
-3.332176 0.49339294 1.0514308469 1.0 23.0
-7.5283394 1.092888 3.4740872469 1.0 23.0
-7.5283394 1.092888 3.4740872470 0.0 24.0
-10.592758 4.456749 5.2433305470 0.0 24.0
-10.592758 4.456749 5.2433305471 0.0 25.0
-11.323457 9.265549 5.6651998471 0.0 25.0
-3.332176 0.49339294 1.0514308472 5.0 23.0
-8.177488 1.092888 1.0514308472 5.0 23.0
-8.177488 1.092888 1.0514308473 4.0 24.0
-13.0228 1.692383 1.0514308473 4.0 24.0
-13.0228 1.692383 1.0514308474 1.0 25.0
-17.218964 2.2918782 3.4740872474 1.0 25.0
-17.218964 2.2918782 3.4740872475 0.0 26.0
-20.900986 -0.108136415 5.599903475 0.0 26.0
-20.900986 -0.108136415 5.599903476 0.0 27.0
-22.624643 -4.566288 6.5950575476 0.0 27.0
-13.0228 1.692383 1.0514308477 1.0 25.0
-12.112014 -3.0752585 0.52558804477 1.0 25.0
-12.112014 -3.0752585 0.52558804478 0.0 26.0
-13.835671 -7.53341 1.5207424478 0.0 26.0
-13.835671 -7.53341 1.5207424479 0.0 27.0
-17.517693 -9.933425 3.6465585479 0.0 27.0
-13.0228 1.692383 1.0514308480 3.0 25.0
-11.971115 -3.0752585 1.0514308480 3.0 25.0
-11.971115 -3.0752585 1.0514308481 2.0 26.0
-10.91943 -7.8429003 1.0514308481 2.0 26.0
-10.91943 -7.8429003 1.0514308482 1.0 27.0
-10.008639 -12.61054 0.5255858482 1.0 27.0
-10.008639 -12.61054 0.5255858483 0.0 28.0
-6.820649 -15.817627 -1.3150012483 0.0 28.0
-6.820649 -15.817627 -1.3150012484 0.0 29.0
-2.605904 -16.206224 -3.7483857484 0.0 29.0
-10.91943 -7.8429003 1.0514308485 1.0 27.0
-7.3311043 -5.2605877 -1.0202898485 1.0 27.0
-7.3311043 -5.2605877 -1.0202898486 0.0 28.0
-3.1163592 -5.6491857 -3.4536743486 0.0 28.0
-3.1163592 -5.6491857 -3.4536743487 0.0 29.0
0.071630955 -8.856272 -5.2942615487 0.0 29.0
-7.111431 -8.2417145 3.233385488 7.0 21.0
-11.307594 -7.6422195 5.656041488 7.0 21.0
-11.307594 -7.6422195 5.656041489 6.0 22.0
-15.503757 -7.0427246 8.078697489 6.0 22.0
-15.503757 -7.0427246 8.078697490 1.0 23.0
-19.69992 -6.4432297 10.501353490 1.0 23.0
-19.69992 -6.4432297 10.501353491 0.0 24.0
-23.381943 -8.843245 12.62717491 0.0 24.0
-23.381943 -8.843245 12.62717492 0.0 25.0
-25.1056 -13.301396 13.622324492 0.0 25.0
-15.503757 -7.0427246 8.078697493 1.0 23.0
-14.592971 -11.810366 7.5528545493 1.0 23.0
-14.592971 -11.810366 7.5528545494 0.0 24.0
-16.31663 -16.268517 8.548009494 0.0 24.0
-16.31663 -16.268517 8.548009495 0.0 25.0
-19.998652 -18.668531 10.673825495 0.0 25.0
-15.503757 -7.0427246 8.078697496 5.0 23.0
-19.75539 -9.4427395 8.078697496 5.0 23.0
-19.75539 -9.4427395 8.078697497 4.0 24.0
-24.007023 -11.842754 8.078697497 4.0 24.0
-24.007023 -11.842754 8.078697498 1.0 25.0
-27.689045 -14.242769 10.204514498 1.0 25.0
-27.689045 -14.242769 10.204514499 0.0 26.0
-29.412703 -18.70092 11.199668499 0.0 26.0
-29.412703 -18.70092 11.199668500 0.0 27.0
-28.501917 -23.468561 10.673825500 0.0 27.0
-24.007023 -11.842754 8.078697501 1.0 25.0
-20.819033 -15.049841 6.23811501 1.0 25.0
-20.819033 -15.049841 6.23811502 0.0 26.0
-19.908243 -19.817482 5.712265502 0.0 26.0
-19.908243 -19.817482 5.712265503 0.0 27.0
-21.631897 -24.275635 6.7074175503 0.0 27.0
-24.007023 -11.842754 8.078697504 3.0 25.0
-25.997332 -16.300907 8.078697504 3.0 25.0
-25.997332 -16.300907 8.078697505 2.0 26.0
-27.98764 -20.75906 8.078697505 2.0 26.0
-27.98764 -20.75906 8.078697506 1.0 27.0
-29.711298 -25.217213 9.073852506 1.0 27.0
-29.711298 -25.217213 9.073852507 0.0 28.0
-28.800512 -29.984854 8.548009507 0.0 28.0
-28.800512 -29.984854 8.548009508 0.0 29.0
-25.612522 -33.19194 6.707422508 0.0 29.0
-27.98764 -20.75906 8.078697509 1.0 27.0
-23.772896 -21.147657 5.645313509 1.0 27.0
-23.772896 -21.147657 5.645313510 0.0 28.0
-20.584906 -24.354744 3.8047256510 0.0 28.0
-20.584906 -24.354744 3.8047256511 0.0 29.0
-19.674116 -29.122385 3.2788806511 0.0 29.0
