0.0 0.0 0.00 60.0 1.0
0.0 1.3455999 0.00 60.0 1.0
0.0 1.3455999 0.01 59.0 2.0
0.0 2.6911998 0.01 59.0 2.0
0.0 2.6911998 0.02 58.0 3.0
0.0 4.0367994 0.02 58.0 3.0
0.0 4.0367994 0.03 57.0 4.0
0.0 5.3823996 0.03 57.0 4.0
0.0 5.3823996 0.04 56.0 5.0
0.0 6.7279997 0.04 56.0 5.0
0.0 6.7279997 0.05 55.0 6.0
0.0 8.0736 0.05 55.0 6.0
0.0 8.0736 0.06 54.0 7.0
0.0 9.4192 0.06 54.0 7.0
0.0 9.4192 0.07 53.0 8.0
0.0 10.7648 0.07 53.0 8.0
0.0 10.7648 0.08 52.0 9.0
0.0 12.1104 0.08 52.0 9.0
0.0 12.1104 0.09 51.0 10.0
0.0 13.456 0.09 51.0 10.0
0.0 13.456 0.010 50.0 11.0
0.0 14.8016 0.010 50.0 11.0
0.0 14.8016 0.011 49.0 12.0
0.0 16.1472 0.011 49.0 12.0
0.0 16.1472 0.012 48.0 13.0
0.0 17.4928 0.012 48.0 13.0
0.0 17.4928 0.013 47.0 14.0
0.0 18.8384 0.013 47.0 14.0
0.0 18.8384 0.014 46.0 15.0
0.0 20.184 0.014 46.0 15.0
0.0 20.184 0.015 45.0 16.0
0.0 21.5296 0.015 45.0 16.0
0.0 21.5296 0.016 28.0 17.0
0.42778844 22.781254 -0.2469837516 28.0 17.0
0.42778844 22.781254 -0.2469837517 27.0 18.0
0.8555769 24.032907 -0.493967517 27.0 18.0
0.8555769 24.032907 -0.493967518 26.0 19.0
1.2833652 25.284561 -0.7409512418 26.0 19.0
1.2833652 25.284561 -0.7409512419 25.0 20.0
1.7111537 26.536215 -0.98793519 25.0 20.0
1.7111537 26.536215 -0.98793520 24.0 21.0
2.1389422 27.787868 -1.234918720 24.0 21.0
2.1389422 27.787868 -1.234918721 23.0 22.0
2.5667307 29.039522 -1.481902521 23.0 22.0
2.5667307 29.039522 -1.481902522 22.0 23.0
2.9945192 30.291176 -1.728886222 22.0 23.0
2.9945192 30.291176 -1.728886223 21.0 24.0
3.4223077 31.54283 -1.9758723 21.0 24.0
3.4223077 31.54283 -1.9758724 12.0 25.0
4.21815 32.52576 -2.435349724 12.0 25.0
4.21815 32.52576 -2.435349725 11.0 26.0
5.0139923 33.50869 -2.894829525 11.0 26.0
5.0139923 33.50869 -2.894829526 10.0 27.0
5.8098345 34.49162 -3.354309326 10.0 27.0
5.8098345 34.49162 -3.354309327 9.0 28.0
6.6056767 35.47455 -3.813789127 9.0 28.0
6.6056767 35.47455 -3.813789128 4.0 29.0
7.033465 36.7262 -4.06077328 4.0 29.0
7.033465 36.7262 -4.06077329 3.0 30.0
7.461253 37.97785 -4.307756429 3.0 30.0
7.461253 37.97785 -4.307756430 0.0 31.0
8.257095 38.96078 -4.76723630 0.0 31.0
8.257095 38.96078 -4.76723631 0.0 32.0
9.176055 39.94371 -4.76723631 0.0 32.0
7.461253 37.97785 -4.307756432 2.0 31.0
7.9552207 39.229504 -4.307756432 2.0 31.0
7.9552207 39.229504 -4.307756433 1.0 32.0
8.449188 40.481155 -4.307756433 1.0 32.0
8.449188 40.481155 -4.307756434 0.0 33.0
9.24503 41.464085 -4.76723634 0.0 33.0
9.24503 41.464085 -4.76723635 0.0 34.0
10.16399 42.447014 -4.76723635 0.0 34.0
8.449188 40.481155 -4.307756436 0.0 33.0
8.449188 41.826756 -4.307756436 0.0 33.0
8.449188 41.826756 -4.307756437 0.0 34.0
8.449188 43.172356 -4.307756437 0.0 34.0
6.6056767 35.47455 -3.813789138 8.0 29.0
7.5246363 36.457478 -3.813789138 8.0 29.0
7.5246363 36.457478 -3.813789139 7.0 30.0
8.443596 37.440407 -3.813789139 7.0 30.0
8.443596 37.440407 -3.813789140 6.0 31.0
9.3625555 38.423336 -3.813789140 6.0 31.0
9.3625555 38.423336 -3.813789141 5.0 32.0
10.281515 39.406265 -3.813789141 5.0 32.0
10.281515 39.406265 -3.813789142 4.0 33.0
11.334283 39.983223 -4.42160542 4.0 33.0
11.334283 39.983223 -4.42160543 3.0 34.0
12.387051 40.56018 -5.02942143 3.0 34.0
12.387051 40.56018 -5.02942144 0.0 35.0
13.549741 40.650597 -5.700700344 0.0 35.0
13.549741 40.650597 -5.700700345 0.0 36.0
14.8923 40.741013 -5.700700345 0.0 36.0
12.387051 40.56018 -5.02942146 2.0 35.0
13.602682 41.13714 -5.02942146 2.0 35.0
13.602682 41.13714 -5.02942147 1.0 36.0
14.818314 41.714096 -5.02942147 1.0 36.0
14.818314 41.714096 -5.02942148 0.0 37.0
15.981004 41.804512 -5.700700348 0.0 37.0
15.981004 41.804512 -5.700700349 0.0 38.0
17.323563 41.894928 -5.700700349 0.0 38.0
14.818314 41.714096 -5.02942150 0.0 37.0
15.737273 42.697025 -5.02942150 0.0 37.0
15.737273 42.697025 -5.02942151 0.0 38.0
16.656233 43.679955 -5.02942151 0.0 38.0
10.281515 39.406265 -3.813789152 4.0 33.0
10.775482 40.657917 -3.813789152 4.0 33.0
10.775482 40.657917 -3.813789153 3.0 34.0
11.269449 41.90957 -3.813789153 3.0 34.0
11.269449 41.90957 -3.813789154 0.0 35.0
12.065291 42.892498 -4.273268754 0.0 35.0
12.065291 42.892498 -4.273268755 0.0 36.0
12.984251 43.875427 -4.273268755 0.0 36.0
11.269449 41.90957 -3.813789156 2.0 35.0
11.763416 43.16122 -3.813789156 2.0 35.0
11.763416 43.16122 -3.813789157 1.0 36.0
12.257383 44.412872 -3.813789157 1.0 36.0
12.257383 44.412872 -3.813789158 0.0 37.0
13.0532255 45.3958 -4.273268758 0.0 37.0
13.0532255 45.3958 -4.273268759 0.0 38.0
13.972185 46.37873 -4.273268759 0.0 38.0
12.257383 44.412872 -3.813789160 0.0 37.0
12.257383 45.758472 -3.813789160 0.0 37.0
12.257383 45.758472 -3.813789161 0.0 38.0
12.257383 47.104073 -3.813789161 0.0 38.0
3.4223077 31.54283 -1.9758762 20.0 25.0
3.9162753 32.794483 -1.9758762 20.0 25.0
3.9162753 32.794483 -1.9758763 19.0 26.0
4.4102426 34.046135 -1.9758763 19.0 26.0
4.4102426 34.046135 -1.9758764 18.0 27.0
4.90421 35.297787 -1.9758764 18.0 27.0
4.90421 35.297787 -1.9758765 17.0 28.0
5.3981776 36.54944 -1.9758765 17.0 28.0
5.3981776 36.54944 -1.9758766 16.0 29.0
5.892145 37.80109 -1.9758766 16.0 29.0
5.892145 37.80109 -1.9758767 15.0 30.0
6.3861127 39.052742 -1.9758767 15.0 30.0
6.3861127 39.052742 -1.9758768 14.0 31.0
6.88008 40.304394 -1.9758768 14.0 31.0
6.88008 40.304394 -1.9758769 13.0 32.0
7.3740478 41.556046 -1.9758769 13.0 32.0
7.3740478 41.556046 -1.9758770 12.0 33.0
8.16989 42.538975 -2.435349770 12.0 33.0
8.16989 42.538975 -2.435349771 11.0 34.0
8.965733 43.521904 -2.894829571 11.0 34.0
8.965733 43.521904 -2.894829572 10.0 35.0
9.761575 44.504833 -3.354309372 10.0 35.0
9.761575 44.504833 -3.354309373 9.0 36.0
10.557417 45.487762 -3.813789173 9.0 36.0
10.557417 45.487762 -3.813789174 4.0 37.0
10.985206 46.739414 -4.06077374 4.0 37.0
10.985206 46.739414 -4.06077375 3.0 38.0
11.412994 47.991066 -4.307756475 3.0 38.0
11.412994 47.991066 -4.307756476 0.0 39.0
12.208837 48.973995 -4.76723676 0.0 39.0
12.208837 48.973995 -4.76723677 0.0 40.0
13.127796 49.956924 -4.76723677 0.0 40.0
11.412994 47.991066 -4.307756478 2.0 39.0
11.906961 49.242718 -4.307756478 2.0 39.0
11.906961 49.242718 -4.307756479 1.0 40.0
12.4009285 50.49437 -4.307756479 1.0 40.0
12.4009285 50.49437 -4.307756480 0.0 41.0
13.196771 51.4773 -4.76723680 0.0 41.0
13.196771 51.4773 -4.76723681 0.0 42.0
14.11573 52.460228 -4.76723681 0.0 42.0
12.4009285 50.49437 -4.307756482 0.0 41.0
12.4009285 51.83997 -4.307756482 0.0 41.0
12.4009285 51.83997 -4.307756483 0.0 42.0
12.4009285 53.18557 -4.307756483 0.0 42.0
10.557417 45.487762 -3.813789184 8.0 37.0
11.476377 46.47069 -3.813789184 8.0 37.0
11.476377 46.47069 -3.813789185 7.0 38.0
12.395336 47.45362 -3.813789185 7.0 38.0
12.395336 47.45362 -3.813789186 6.0 39.0
13.314296 48.43655 -3.813789186 6.0 39.0
13.314296 48.43655 -3.813789187 5.0 40.0
14.233255 49.41948 -3.813789187 5.0 40.0
14.233255 49.41948 -3.813789188 4.0 41.0
15.286023 49.996437 -4.42160588 4.0 41.0
15.286023 49.996437 -4.42160589 3.0 42.0
16.33879 50.573395 -5.02942189 3.0 42.0
16.33879 50.573395 -5.02942190 0.0 43.0
17.50148 50.66381 -5.700700390 0.0 43.0
17.50148 50.66381 -5.700700391 0.0 44.0
18.844038 50.754227 -5.700700391 0.0 44.0
16.33879 50.573395 -5.02942192 2.0 43.0
17.554422 51.150352 -5.02942192 2.0 43.0
17.554422 51.150352 -5.02942193 1.0 44.0
18.770054 51.72731 -5.02942193 1.0 44.0
18.770054 51.72731 -5.02942194 0.0 45.0
19.932743 51.817726 -5.700700394 0.0 45.0
19.932743 51.817726 -5.700700395 0.0 46.0
21.275301 51.908142 -5.700700395 0.0 46.0
18.770054 51.72731 -5.02942196 0.0 45.0
19.689013 52.71024 -5.02942196 0.0 45.0
19.689013 52.71024 -5.02942197 0.0 46.0
20.607971 53.69317 -5.02942197 0.0 46.0
14.233255 49.41948 -3.813789198 4.0 41.0
14.727222 50.67113 -3.813789198 4.0 41.0
14.727222 50.67113 -3.813789199 3.0 42.0
15.2211895 51.922783 -3.813789199 3.0 42.0
15.2211895 51.922783 -3.8137891100 0.0 43.0
16.017033 52.905712 -4.2732687100 0.0 43.0
16.017033 52.905712 -4.2732687101 0.0 44.0
16.935991 53.88864 -4.2732687101 0.0 44.0
15.2211895 51.922783 -3.8137891102 2.0 43.0
15.715157 53.174435 -3.8137891102 2.0 43.0
15.715157 53.174435 -3.8137891103 1.0 44.0
16.209124 54.426086 -3.8137891103 1.0 44.0
16.209124 54.426086 -3.8137891104 0.0 45.0
17.004967 55.409016 -4.2732687104 0.0 45.0
17.004967 55.409016 -4.2732687105 0.0 46.0
17.923925 56.391945 -4.2732687105 0.0 46.0
16.209124 54.426086 -3.8137891106 0.0 45.0
16.209124 55.771687 -3.8137891106 0.0 45.0
16.209124 55.771687 -3.8137891107 0.0 46.0
16.209124 57.117287 -3.8137891107 0.0 46.0
7.3740478 41.556046 -1.97587108 12.0 33.0
7.3740478 42.901646 -1.97587108 12.0 33.0
7.3740478 42.901646 -1.97587109 11.0 34.0
7.3740478 44.247246 -1.97587109 11.0 34.0
7.3740478 44.247246 -1.97587110 10.0 35.0
7.3740478 45.592846 -1.97587110 10.0 35.0
7.3740478 45.592846 -1.97587111 9.0 36.0
7.3740478 46.938446 -1.97587111 9.0 36.0
7.3740478 46.938446 -1.97587112 4.0 37.0
6.9462595 48.190098 -1.7288862112 4.0 37.0
6.9462595 48.190098 -1.7288862113 3.0 38.0
6.5184712 49.44175 -1.4819025113 3.0 38.0
6.5184712 49.44175 -1.4819025114 0.0 39.0
6.5184712 50.78735 -1.4819025114 0.0 39.0
6.5184712 50.78735 -1.4819025115 0.0 40.0
6.5184712 52.13295 -1.4819025115 0.0 40.0
6.5184712 49.44175 -1.4819025116 2.0 39.0
6.0245037 50.6934 -1.4819025116 2.0 39.0
6.0245037 50.6934 -1.4819025117 1.0 40.0
5.530536 51.945053 -1.4819025117 1.0 40.0
5.530536 51.945053 -1.4819025118 0.0 41.0
5.530536 53.290653 -1.4819025118 0.0 41.0
5.530536 53.290653 -1.4819025119 0.0 42.0
5.530536 54.636253 -1.4819025119 0.0 42.0
5.530536 51.945053 -1.4819025120 0.0 41.0
4.6115766 52.927982 -1.4819025120 0.0 41.0
4.6115766 52.927982 -1.4819025121 0.0 42.0
3.692617 53.91091 -1.4819025121 0.0 42.0
7.3740478 46.938446 -1.97587122 8.0 37.0
7.3740478 48.284046 -1.97587122 8.0 37.0
7.3740478 48.284046 -1.97587123 7.0 38.0
7.3740478 49.629646 -1.97587123 7.0 38.0
7.3740478 49.629646 -1.97587124 6.0 39.0
7.3740478 50.975246 -1.97587124 6.0 39.0
7.3740478 50.975246 -1.97587125 5.0 40.0
7.3740478 52.320847 -1.97587125 5.0 40.0
7.3740478 52.320847 -1.97587126 4.0 41.0
7.801836 53.5725 -2.2228537126 4.0 41.0
7.801836 53.5725 -2.2228537127 3.0 42.0
8.229625 54.82415 -2.4698374127 3.0 42.0
8.229625 54.82415 -2.4698374128 0.0 43.0
9.025467 55.80708 -2.9293172128 0.0 43.0
9.025467 55.80708 -2.9293172129 0.0 44.0
9.944427 56.79001 -2.9293172129 0.0 44.0
8.229625 54.82415 -2.4698374130 2.0 43.0
8.723592 56.0758 -2.4698374130 2.0 43.0
8.723592 56.0758 -2.4698374131 1.0 44.0
9.217559 57.327454 -2.4698374131 1.0 44.0
9.217559 57.327454 -2.4698374132 0.0 45.0
10.013401 58.310383 -2.9293172132 0.0 45.0
10.013401 58.310383 -2.9293172133 0.0 46.0
10.932361 59.293312 -2.9293172133 0.0 46.0
9.217559 57.327454 -2.4698374134 0.0 45.0
9.217559 58.673054 -2.4698374134 0.0 45.0
9.217559 58.673054 -2.4698374135 0.0 46.0
9.217559 60.018654 -2.4698374135 0.0 46.0
7.3740478 52.320847 -1.97587136 4.0 41.0
6.88008 53.5725 -1.97587136 4.0 41.0
6.88008 53.5725 -1.97587137 3.0 42.0
6.3861127 54.82415 -1.97587137 3.0 42.0
6.3861127 54.82415 -1.97587138 0.0 43.0
6.3861127 56.16975 -1.97587138 0.0 43.0
6.3861127 56.16975 -1.97587139 0.0 44.0
6.3861127 57.51535 -1.97587139 0.0 44.0
6.3861127 54.82415 -1.97587140 2.0 43.0
5.892145 56.0758 -1.97587140 2.0 43.0
5.892145 56.0758 -1.97587141 1.0 44.0
5.3981776 57.327454 -1.97587141 1.0 44.0
5.3981776 57.327454 -1.97587142 0.0 45.0
5.3981776 58.673054 -1.97587142 0.0 45.0
5.3981776 58.673054 -1.97587143 0.0 46.0
5.3981776 60.018654 -1.97587143 0.0 46.0
5.3981776 57.327454 -1.97587144 0.0 45.0
4.479218 58.310383 -1.97587144 0.0 45.0
4.479218 58.310383 -1.97587145 0.0 46.0
3.5602584 59.293312 -1.97587145 0.0 46.0
0.0 21.5296 0.0146 44.0 17.0
0.0 22.8752 0.0146 44.0 17.0
0.0 22.8752 0.0147 43.0 18.0
0.0 24.2208 0.0147 43.0 18.0
0.0 24.2208 0.0148 42.0 19.0
0.0 25.5664 0.0148 42.0 19.0
0.0 25.5664 0.0149 41.0 20.0
0.0 26.912 0.0149 41.0 20.0
0.0 26.912 0.0150 40.0 21.0
0.0 28.2576 0.0150 40.0 21.0
0.0 28.2576 0.0151 39.0 22.0
0.0 29.6032 0.0151 39.0 22.0
0.0 29.6032 0.0152 38.0 23.0
0.0 30.948801 0.0152 38.0 23.0
0.0 30.948801 0.0153 37.0 24.0
0.0 32.2944 0.0153 37.0 24.0
0.0 32.2944 0.0154 36.0 25.0
0.0 33.64 0.0154 36.0 25.0
0.0 33.64 0.0155 35.0 26.0
0.0 34.9856 0.0155 35.0 26.0
0.0 34.9856 0.0156 34.0 27.0
0.0 36.3312 0.0156 34.0 27.0
0.0 36.3312 0.0157 33.0 28.0
0.0 37.6768 0.0157 33.0 28.0
0.0 37.6768 0.0158 32.0 29.0
0.0 39.0224 0.0158 32.0 29.0
0.0 39.0224 0.0159 31.0 30.0
0.0 40.368 0.0159 31.0 30.0
0.0 40.368 0.0160 30.0 31.0
0.0 41.7136 0.0160 30.0 31.0
0.0 41.7136 0.0161 29.0 32.0
0.0 43.0592 0.0161 29.0 32.0
0.0 43.0592 0.0162 28.0 33.0
0.42778844 44.310852 -0.24698375162 28.0 33.0
0.42778844 44.310852 -0.24698375163 27.0 34.0
0.8555769 45.562504 -0.4939675163 27.0 34.0
0.8555769 45.562504 -0.4939675164 26.0 35.0
1.2833652 46.814156 -0.74095124164 26.0 35.0
1.2833652 46.814156 -0.74095124165 25.0 36.0
1.7111537 48.065807 -0.987935165 25.0 36.0
1.7111537 48.065807 -0.987935166 24.0 37.0
2.1389422 49.31746 -1.2349187166 24.0 37.0
2.1389422 49.31746 -1.2349187167 23.0 38.0
2.5667307 50.56911 -1.4819025167 23.0 38.0
2.5667307 50.56911 -1.4819025168 22.0 39.0
2.9945192 51.820763 -1.7288862168 22.0 39.0
2.9945192 51.820763 -1.7288862169 21.0 40.0
3.4223077 53.072414 -1.97587169 21.0 40.0
3.4223077 53.072414 -1.97587170 12.0 41.0
4.21815 54.055344 -2.4353497170 12.0 41.0
4.21815 54.055344 -2.4353497171 11.0 42.0
5.0139923 55.038273 -2.8948295171 11.0 42.0
5.0139923 55.038273 -2.8948295172 10.0 43.0
5.8098345 56.021202 -3.3543093172 10.0 43.0
5.8098345 56.021202 -3.3543093173 9.0 44.0
6.6056767 57.00413 -3.8137891173 9.0 44.0
6.6056767 57.00413 -3.8137891174 4.0 45.0
7.033465 58.255783 -4.060773174 4.0 45.0
7.033465 58.255783 -4.060773175 3.0 46.0
7.461253 59.507435 -4.3077564175 3.0 46.0
7.461253 59.507435 -4.3077564176 0.0 47.0
8.257095 60.490364 -4.767236176 0.0 47.0
8.257095 60.490364 -4.767236177 0.0 48.0
9.176055 61.473293 -4.767236177 0.0 48.0
7.461253 59.507435 -4.3077564178 2.0 47.0
7.9552207 60.759087 -4.3077564178 2.0 47.0
7.9552207 60.759087 -4.3077564179 1.0 48.0
8.449188 62.01074 -4.3077564179 1.0 48.0
8.449188 62.01074 -4.3077564180 0.0 49.0
9.24503 62.993668 -4.767236180 0.0 49.0
9.24503 62.993668 -4.767236181 0.0 50.0
10.16399 63.976597 -4.767236181 0.0 50.0
8.449188 62.01074 -4.3077564182 0.0 49.0
8.449188 63.35634 -4.3077564182 0.0 49.0
8.449188 63.35634 -4.3077564183 0.0 50.0
8.449188 64.701935 -4.3077564183 0.0 50.0
6.6056767 57.00413 -3.8137891184 8.0 45.0
7.5246363 57.98706 -3.8137891184 8.0 45.0
7.5246363 57.98706 -3.8137891185 7.0 46.0
8.443596 58.96999 -3.8137891185 7.0 46.0
8.443596 58.96999 -3.8137891186 6.0 47.0
9.3625555 59.95292 -3.8137891186 6.0 47.0
9.3625555 59.95292 -3.8137891187 5.0 48.0
10.281515 60.93585 -3.8137891187 5.0 48.0
10.281515 60.93585 -3.8137891188 4.0 49.0
11.334283 61.512806 -4.421605188 4.0 49.0
11.334283 61.512806 -4.421605189 3.0 50.0
12.387051 62.089764 -5.029421189 3.0 50.0
12.387051 62.089764 -5.029421190 0.0 51.0
13.549741 62.18018 -5.7007003190 0.0 51.0
13.549741 62.18018 -5.7007003191 0.0 52.0
14.8923 62.270596 -5.7007003191 0.0 52.0
12.387051 62.089764 -5.029421192 2.0 51.0
13.602682 62.66672 -5.029421192 2.0 51.0
13.602682 62.66672 -5.029421193 1.0 52.0
14.818314 63.24368 -5.029421193 1.0 52.0
14.818314 63.24368 -5.029421194 0.0 53.0
15.981004 63.334095 -5.7007003194 0.0 53.0
15.981004 63.334095 -5.7007003195 0.0 54.0
17.323563 63.42451 -5.7007003195 0.0 54.0
14.818314 63.24368 -5.029421196 0.0 53.0
15.737273 64.22661 -5.029421196 0.0 53.0
15.737273 64.22661 -5.029421197 0.0 54.0
16.656233 65.20954 -5.029421197 0.0 54.0
10.281515 60.93585 -3.8137891198 4.0 49.0
10.775482 62.1875 -3.8137891198 4.0 49.0
10.775482 62.1875 -3.8137891199 3.0 50.0
11.269449 63.43915 -3.8137891199 3.0 50.0
11.269449 63.43915 -3.8137891200 0.0 51.0
12.065291 64.42208 -4.2732687200 0.0 51.0
12.065291 64.42208 -4.2732687201 0.0 52.0
12.984251 65.405014 -4.2732687201 0.0 52.0
11.269449 63.43915 -3.8137891202 2.0 51.0
11.763416 64.6908 -3.8137891202 2.0 51.0
11.763416 64.6908 -3.8137891203 1.0 52.0
12.257383 65.94246 -3.8137891203 1.0 52.0
12.257383 65.94246 -3.8137891204 0.0 53.0
13.0532255 66.92539 -4.2732687204 0.0 53.0
13.0532255 66.92539 -4.2732687205 0.0 54.0
13.972185 67.908325 -4.2732687205 0.0 54.0
12.257383 65.94246 -3.8137891206 0.0 53.0
12.257383 67.288055 -3.8137891206 0.0 53.0
12.257383 67.288055 -3.8137891207 0.0 54.0
12.257383 68.63365 -3.8137891207 0.0 54.0
3.4223077 53.072414 -1.97587208 20.0 41.0
3.9162753 54.324066 -1.97587208 20.0 41.0
3.9162753 54.324066 -1.97587209 19.0 42.0
4.4102426 55.575718 -1.97587209 19.0 42.0
4.4102426 55.575718 -1.97587210 18.0 43.0
4.90421 56.82737 -1.97587210 18.0 43.0
4.90421 56.82737 -1.97587211 17.0 44.0
5.3981776 58.07902 -1.97587211 17.0 44.0
5.3981776 58.07902 -1.97587212 16.0 45.0
5.892145 59.330673 -1.97587212 16.0 45.0
5.892145 59.330673 -1.97587213 15.0 46.0
6.3861127 60.582325 -1.97587213 15.0 46.0
6.3861127 60.582325 -1.97587214 14.0 47.0
6.88008 61.833977 -1.97587214 14.0 47.0
6.88008 61.833977 -1.97587215 13.0 48.0
7.3740478 63.08563 -1.97587215 13.0 48.0
7.3740478 63.08563 -1.97587216 12.0 49.0
8.16989 64.06856 -2.4353497216 12.0 49.0
8.16989 64.06856 -2.4353497217 11.0 50.0
8.965733 65.05149 -2.8948295217 11.0 50.0
8.965733 65.05149 -2.8948295218 10.0 51.0
9.761575 66.034424 -3.3543093218 10.0 51.0
9.761575 66.034424 -3.3543093219 9.0 52.0
10.557417 67.01736 -3.8137891219 9.0 52.0
10.557417 67.01736 -3.8137891220 4.0 53.0
10.985206 68.26901 -4.060773220 4.0 53.0
10.985206 68.26901 -4.060773221 3.0 54.0
11.412994 69.52067 -4.3077564221 3.0 54.0
11.412994 69.52067 -4.3077564222 0.0 55.0
12.208837 70.5036 -4.767236222 0.0 55.0
12.208837 70.5036 -4.767236223 0.0 56.0
13.127796 71.486534 -4.767236223 0.0 56.0
11.412994 69.52067 -4.3077564224 2.0 55.0
11.906961 70.77232 -4.3077564224 2.0 55.0
11.906961 70.77232 -4.3077564225 1.0 56.0
12.4009285 72.02398 -4.3077564225 1.0 56.0
12.4009285 72.02398 -4.3077564226 0.0 57.0
13.196771 73.00691 -4.767236226 0.0 57.0
13.196771 73.00691 -4.767236227 0.0 58.0
14.11573 73.989845 -4.767236227 0.0 58.0
12.4009285 72.02398 -4.3077564228 0.0 57.0
12.4009285 73.369576 -4.3077564228 0.0 57.0
12.4009285 73.369576 -4.3077564229 0.0 58.0
12.4009285 74.71517 -4.3077564229 0.0 58.0
10.557417 67.01736 -3.8137891230 8.0 53.0
11.476377 68.00029 -3.8137891230 8.0 53.0
11.476377 68.00029 -3.8137891231 7.0 54.0
12.395336 68.98322 -3.8137891231 7.0 54.0
12.395336 68.98322 -3.8137891232 6.0 55.0
13.314296 69.966156 -3.8137891232 6.0 55.0
13.314296 69.966156 -3.8137891233 5.0 56.0
14.233255 70.94909 -3.8137891233 5.0 56.0
14.233255 70.94909 -3.8137891234 4.0 57.0
15.286023 71.52605 -4.421605234 4.0 57.0
15.286023 71.52605 -4.421605235 3.0 58.0
16.33879 72.103004 -5.029421235 3.0 58.0
16.33879 72.103004 -5.029421236 0.0 59.0
17.50148 72.19342 -5.7007003236 0.0 59.0
17.50148 72.19342 -5.7007003237 0.0 60.0
18.844038 72.28384 -5.7007003237 0.0 60.0
16.33879 72.103004 -5.029421238 2.0 59.0
17.554422 72.67996 -5.029421238 2.0 59.0
17.554422 72.67996 -5.029421239 1.0 60.0
18.770054 73.25692 -5.029421239 1.0 60.0
18.770054 73.25692 -5.029421240 0.0 61.0
19.932743 73.347336 -5.7007003240 0.0 61.0
19.932743 73.347336 -5.7007003241 0.0 62.0
21.275301 73.43775 -5.7007003241 0.0 62.0
18.770054 73.25692 -5.029421242 0.0 61.0
19.689013 74.23985 -5.029421242 0.0 61.0
19.689013 74.23985 -5.029421243 0.0 62.0
20.607971 75.222786 -5.029421243 0.0 62.0
14.233255 70.94909 -3.8137891244 4.0 57.0
14.727222 72.200745 -3.8137891244 4.0 57.0
14.727222 72.200745 -3.8137891245 3.0 58.0
15.2211895 73.4524 -3.8137891245 3.0 58.0
15.2211895 73.4524 -3.8137891246 0.0 59.0
16.017033 74.43533 -4.2732687246 0.0 59.0
16.017033 74.43533 -4.2732687247 0.0 60.0
16.935991 75.41827 -4.2732687247 0.0 60.0
15.2211895 73.4524 -3.8137891248 2.0 59.0
15.715157 74.704056 -3.8137891248 2.0 59.0
15.715157 74.704056 -3.8137891249 1.0 60.0
16.209124 75.95571 -3.8137891249 1.0 60.0
16.209124 75.95571 -3.8137891250 0.0 61.0
17.004967 76.938644 -4.2732687250 0.0 61.0
17.004967 76.938644 -4.2732687251 0.0 62.0
17.923925 77.92158 -4.2732687251 0.0 62.0
16.209124 75.95571 -3.8137891252 0.0 61.0
16.209124 77.30131 -3.8137891252 0.0 61.0
16.209124 77.30131 -3.8137891253 0.0 62.0
16.209124 78.646904 -3.8137891253 0.0 62.0
7.3740478 63.08563 -1.97587254 12.0 49.0
7.3740478 64.43123 -1.97587254 12.0 49.0
7.3740478 64.43123 -1.97587255 11.0 50.0
7.3740478 65.776825 -1.97587255 11.0 50.0
7.3740478 65.776825 -1.97587256 10.0 51.0
7.3740478 67.12242 -1.97587256 10.0 51.0
7.3740478 67.12242 -1.97587257 9.0 52.0
7.3740478 68.46802 -1.97587257 9.0 52.0
7.3740478 68.46802 -1.97587258 4.0 53.0
6.9462595 69.71967 -1.7288862258 4.0 53.0
6.9462595 69.71967 -1.7288862259 3.0 54.0
6.5184712 70.97133 -1.4819025259 3.0 54.0
6.5184712 70.97133 -1.4819025260 0.0 55.0
6.5184712 72.316925 -1.4819025260 0.0 55.0
6.5184712 72.316925 -1.4819025261 0.0 56.0
6.5184712 73.66252 -1.4819025261 0.0 56.0
6.5184712 70.97133 -1.4819025262 2.0 55.0
6.0245037 72.222984 -1.4819025262 2.0 55.0
6.0245037 72.222984 -1.4819025263 1.0 56.0
5.530536 73.47464 -1.4819025263 1.0 56.0
5.530536 73.47464 -1.4819025264 0.0 57.0
5.530536 74.82024 -1.4819025264 0.0 57.0
5.530536 74.82024 -1.4819025265 0.0 58.0
5.530536 76.16583 -1.4819025265 0.0 58.0
5.530536 73.47464 -1.4819025266 0.0 57.0
4.6115766 74.45757 -1.4819025266 0.0 57.0
4.6115766 74.45757 -1.4819025267 0.0 58.0
3.692617 75.440506 -1.4819025267 0.0 58.0
7.3740478 68.46802 -1.97587268 8.0 53.0
7.3740478 69.813614 -1.97587268 8.0 53.0
7.3740478 69.813614 -1.97587269 7.0 54.0
7.3740478 71.15921 -1.97587269 7.0 54.0
7.3740478 71.15921 -1.97587270 6.0 55.0
7.3740478 72.50481 -1.97587270 6.0 55.0
7.3740478 72.50481 -1.97587271 5.0 56.0
7.3740478 73.8504 -1.97587271 5.0 56.0
7.3740478 73.8504 -1.97587272 4.0 57.0
7.801836 75.10206 -2.2228537272 4.0 57.0
7.801836 75.10206 -2.2228537273 3.0 58.0
8.229625 76.353714 -2.4698374273 3.0 58.0
8.229625 76.353714 -2.4698374274 0.0 59.0
9.025467 77.33665 -2.9293172274 0.0 59.0
9.025467 77.33665 -2.9293172275 0.0 60.0
9.944427 78.31958 -2.9293172275 0.0 60.0
8.229625 76.353714 -2.4698374276 2.0 59.0
8.723592 77.60537 -2.4698374276 2.0 59.0
8.723592 77.60537 -2.4698374277 1.0 60.0
9.217559 78.857025 -2.4698374277 1.0 60.0
9.217559 78.857025 -2.4698374278 0.0 61.0
10.013401 79.83996 -2.9293172278 0.0 61.0
10.013401 79.83996 -2.9293172279 0.0 62.0
10.932361 80.82289 -2.9293172279 0.0 62.0
9.217559 78.857025 -2.4698374280 0.0 61.0
9.217559 80.20262 -2.4698374280 0.0 61.0
9.217559 80.20262 -2.4698374281 0.0 62.0
9.217559 81.54822 -2.4698374281 0.0 62.0
7.3740478 73.8504 -1.97587282 4.0 57.0
6.88008 75.10206 -1.97587282 4.0 57.0
6.88008 75.10206 -1.97587283 3.0 58.0
6.3861127 76.353714 -1.97587283 3.0 58.0
6.3861127 76.353714 -1.97587284 0.0 59.0
6.3861127 77.69931 -1.97587284 0.0 59.0
6.3861127 77.69931 -1.97587285 0.0 60.0
6.3861127 79.04491 -1.97587285 0.0 60.0
6.3861127 76.353714 -1.97587286 2.0 59.0
5.892145 77.60537 -1.97587286 2.0 59.0
5.892145 77.60537 -1.97587287 1.0 60.0
5.3981776 78.857025 -1.97587287 1.0 60.0
5.3981776 78.857025 -1.97587288 0.0 61.0
5.3981776 80.20262 -1.97587288 0.0 61.0
5.3981776 80.20262 -1.97587289 0.0 62.0
5.3981776 81.54822 -1.97587289 0.0 62.0
5.3981776 78.857025 -1.97587290 0.0 61.0
4.479218 79.83996 -1.97587290 0.0 61.0
4.479218 79.83996 -1.97587291 0.0 62.0
3.5602584 80.82289 -1.97587291 0.0 62.0
0.0 43.0592 0.0292 28.0 33.0
-0.4939675 44.310852 0.0292 28.0 33.0
-0.4939675 44.310852 0.0293 27.0 34.0
-0.987935 45.562504 0.0293 27.0 34.0
-0.987935 45.562504 0.0294 26.0 35.0
-1.4819025 46.814156 0.0294 26.0 35.0
-1.4819025 46.814156 0.0295 25.0 36.0
-1.97587 48.065807 0.0295 25.0 36.0
-1.97587 48.065807 0.0296 24.0 37.0
-2.4698374 49.31746 0.0296 24.0 37.0
-2.4698374 49.31746 0.0297 23.0 38.0
-2.963805 50.56911 0.0297 23.0 38.0
-2.963805 50.56911 0.0298 22.0 39.0
-3.4577725 51.820763 0.0298 22.0 39.0
-3.4577725 51.820763 0.0299 21.0 40.0
-3.95174 53.072414 0.0299 21.0 40.0
-3.95174 53.072414 0.0300 12.0 41.0
-3.95174 54.418015 0.0300 12.0 41.0
-3.95174 54.418015 0.0301 11.0 42.0
-3.95174 55.763615 0.0301 11.0 42.0
-3.95174 55.763615 0.0302 10.0 43.0
-3.95174 57.109215 0.0302 10.0 43.0
-3.95174 57.109215 0.0303 9.0 44.0
-3.95174 58.454815 0.0303 9.0 44.0
-3.95174 58.454815 0.0304 4.0 45.0
-4.3795285 59.706467 0.24698375304 4.0 45.0
-4.3795285 59.706467 0.24698375305 3.0 46.0
-4.807317 60.95812 0.4939675305 3.0 46.0
-4.807317 60.95812 0.4939675306 0.0 47.0
-4.807317 62.30372 0.4939675306 0.0 47.0
-4.807317 62.30372 0.4939675307 0.0 48.0
-4.807317 63.64932 0.4939675307 0.0 48.0
-4.807317 60.95812 0.4939675308 2.0 47.0
-5.3012843 62.20977 0.4939675308 2.0 47.0
-5.3012843 62.20977 0.4939675309 1.0 48.0
-5.795252 63.461422 0.4939675309 1.0 48.0
-5.795252 63.461422 0.4939675310 0.0 49.0
-5.795252 64.80702 0.4939675310 0.0 49.0
-5.795252 64.80702 0.4939675311 0.0 50.0
-5.795252 66.15262 0.4939675311 0.0 50.0
-5.795252 63.461422 0.4939675312 0.0 49.0
-6.7142115 64.44435 0.4939675312 0.0 49.0
-6.7142115 64.44435 0.4939675313 0.0 50.0
-7.633171 65.427284 0.4939675313 0.0 50.0
-3.95174 58.454815 0.0314 8.0 45.0
-3.95174 59.800415 0.0314 8.0 45.0
-3.95174 59.800415 0.0315 7.0 46.0
-3.95174 61.146015 0.0315 7.0 46.0
-3.95174 61.146015 0.0316 6.0 47.0
-3.95174 62.491615 0.0316 6.0 47.0
-3.95174 62.491615 0.0317 5.0 48.0
-3.95174 63.837215 0.0317 5.0 48.0
-3.95174 63.837215 0.0318 4.0 49.0
-3.5239515 65.08887 -0.24698375318 4.0 49.0
-3.5239515 65.08887 -0.24698375319 3.0 50.0
-3.096163 66.34052 -0.4939675319 3.0 50.0
-3.096163 66.34052 -0.4939675320 0.0 51.0
-2.3003206 67.323456 -0.9534472320 0.0 51.0
-2.3003206 67.323456 -0.9534472321 0.0 52.0
-1.3813611 68.30639 -0.9534472321 0.0 52.0
-3.096163 66.34052 -0.4939675322 2.0 51.0
-2.6021955 67.59218 -0.4939675322 2.0 51.0
-2.6021955 67.59218 -0.4939675323 1.0 52.0
-2.108228 68.843834 -0.4939675323 1.0 52.0
-2.108228 68.843834 -0.4939675324 0.0 53.0
-1.3123857 69.82677 -0.9534472324 0.0 53.0
-1.3123857 69.82677 -0.9534472325 0.0 54.0
-0.39342618 70.8097 -0.9534472325 0.0 54.0
-2.108228 68.843834 -0.4939675326 0.0 53.0
-2.108228 70.18943 -0.4939675326 0.0 53.0
-2.108228 70.18943 -0.4939675327 0.0 54.0
-2.108228 71.53503 -0.4939675327 0.0 54.0
-3.95174 63.837215 0.0328 4.0 49.0
-4.4457073 65.08887 0.0328 4.0 49.0
-4.4457073 65.08887 0.0329 3.0 50.0
-4.939675 66.34052 0.0329 3.0 50.0
-4.939675 66.34052 0.0330 0.0 51.0
-4.939675 67.68612 0.0330 0.0 51.0
-4.939675 67.68612 0.0331 0.0 52.0
-4.939675 69.031715 0.0331 0.0 52.0
-4.939675 66.34052 0.0332 2.0 51.0
-5.4336424 67.59218 0.0332 2.0 51.0
-5.4336424 67.59218 0.0333 1.0 52.0
-5.92761 68.843834 0.0333 1.0 52.0
-5.92761 68.843834 0.0334 0.0 53.0
-5.92761 70.18943 0.0334 0.0 53.0
-5.92761 70.18943 0.0335 0.0 54.0
-5.92761 71.53503 0.0335 0.0 54.0
-5.92761 68.843834 0.0336 0.0 53.0
-6.8465695 69.82677 0.0336 0.0 53.0
-6.8465695 69.82677 0.0337 0.0 54.0
-7.765529 70.8097 0.0337 0.0 54.0
-3.95174 53.072414 0.0338 20.0 41.0
-4.4457073 54.324066 0.0338 20.0 41.0
-4.4457073 54.324066 0.0339 19.0 42.0
-4.939675 55.575718 0.0339 19.0 42.0
-4.939675 55.575718 0.0340 18.0 43.0
-5.4336424 56.82737 0.0340 18.0 43.0
-5.4336424 56.82737 0.0341 17.0 44.0
-5.92761 58.07902 0.0341 17.0 44.0
-5.92761 58.07902 0.0342 16.0 45.0
-6.4215775 59.330673 0.0342 16.0 45.0
-6.4215775 59.330673 0.0343 15.0 46.0
-6.915545 60.582325 0.0343 15.0 46.0
-6.915545 60.582325 0.0344 14.0 47.0
-7.4095125 61.833977 0.0344 14.0 47.0
-7.4095125 61.833977 0.0345 13.0 48.0
-7.90348 63.08563 0.0345 13.0 48.0
-7.90348 63.08563 0.0346 12.0 49.0
-7.90348 64.43123 0.0346 12.0 49.0
-7.90348 64.43123 0.0347 11.0 50.0
-7.90348 65.776825 0.0347 11.0 50.0
-7.90348 65.776825 0.0348 10.0 51.0
-7.90348 67.12242 0.0348 10.0 51.0
-7.90348 67.12242 0.0349 9.0 52.0
-7.90348 68.46802 0.0349 9.0 52.0
-7.90348 68.46802 0.0350 4.0 53.0
-8.331268 69.71967 0.24698375350 4.0 53.0
-8.331268 69.71967 0.24698375351 3.0 54.0
-8.759057 70.97133 0.4939675351 3.0 54.0
-8.759057 70.97133 0.4939675352 0.0 55.0
-8.759057 72.316925 0.4939675352 0.0 55.0
-8.759057 72.316925 0.4939675353 0.0 56.0
-8.759057 73.66252 0.4939675353 0.0 56.0
-8.759057 70.97133 0.4939675354 2.0 55.0
-9.253024 72.222984 0.4939675354 2.0 55.0
-9.253024 72.222984 0.4939675355 1.0 56.0
-9.746991 73.47464 0.4939675355 1.0 56.0
-9.746991 73.47464 0.4939675356 0.0 57.0
-9.746991 74.82024 0.4939675356 0.0 57.0
-9.746991 74.82024 0.4939675357 0.0 58.0
-9.746991 76.16583 0.4939675357 0.0 58.0
-9.746991 73.47464 0.4939675358 0.0 57.0
-10.665951 74.45757 0.4939675358 0.0 57.0
-10.665951 74.45757 0.4939675359 0.0 58.0
-11.58491 75.440506 0.4939675359 0.0 58.0
-7.90348 68.46802 0.0360 8.0 53.0
-7.90348 69.813614 0.0360 8.0 53.0
-7.90348 69.813614 0.0361 7.0 54.0
-7.90348 71.15921 0.0361 7.0 54.0
-7.90348 71.15921 0.0362 6.0 55.0
-7.90348 72.50481 0.0362 6.0 55.0
-7.90348 72.50481 0.0363 5.0 56.0
-7.90348 73.8504 0.0363 5.0 56.0
-7.90348 73.8504 0.0364 4.0 57.0
-7.475692 75.10206 -0.24698375364 4.0 57.0
-7.475692 75.10206 -0.24698375365 3.0 58.0
-7.0479035 76.353714 -0.4939675365 3.0 58.0
-7.0479035 76.353714 -0.4939675366 0.0 59.0
-6.2520614 77.33665 -0.9534472366 0.0 59.0
-6.2520614 77.33665 -0.9534472367 0.0 60.0
-5.3331017 78.31958 -0.9534472367 0.0 60.0
-7.0479035 76.353714 -0.4939675368 2.0 59.0
-6.553936 77.60537 -0.4939675368 2.0 59.0
-6.553936 77.60537 -0.4939675369 1.0 60.0
-6.0599685 78.857025 -0.4939675369 1.0 60.0
-6.0599685 78.857025 -0.4939675370 0.0 61.0
-5.2641263 79.83996 -0.9534472370 0.0 61.0
-5.2641263 79.83996 -0.9534472371 0.0 62.0
-4.3451667 80.82289 -0.9534472371 0.0 62.0
-6.0599685 78.857025 -0.4939675372 0.0 61.0
-6.0599685 80.20262 -0.4939675372 0.0 61.0
-6.0599685 80.20262 -0.4939675373 0.0 62.0
-6.0599685 81.54822 -0.4939675373 0.0 62.0
-7.90348 73.8504 0.0374 4.0 57.0
-8.397448 75.10206 0.0374 4.0 57.0
-8.397448 75.10206 0.0375 3.0 58.0
-8.891415 76.353714 0.0375 3.0 58.0
-8.891415 76.353714 0.0376 0.0 59.0
-8.891415 77.69931 0.0376 0.0 59.0
-8.891415 77.69931 0.0377 0.0 60.0
-8.891415 79.04491 0.0377 0.0 60.0
-8.891415 76.353714 0.0378 2.0 59.0
-9.385382 77.60537 0.0378 2.0 59.0
-9.385382 77.60537 0.0379 1.0 60.0
-9.879349 78.857025 0.0379 1.0 60.0
-9.879349 78.857025 0.0380 0.0 61.0
-9.879349 80.20262 0.0380 0.0 61.0
-9.879349 80.20262 0.0381 0.0 62.0
-9.879349 81.54822 0.0381 0.0 62.0
-9.879349 78.857025 0.0382 0.0 61.0
-10.798308 79.83996 0.0382 0.0 61.0
-10.798308 79.83996 0.0383 0.0 62.0
-11.717268 80.82289 0.0383 0.0 62.0
-7.90348 63.08563 0.0384 12.0 49.0
-8.822439 64.06856 0.0384 12.0 49.0
-8.822439 64.06856 0.0385 11.0 50.0
-9.741399 65.05149 0.0385 11.0 50.0
-9.741399 65.05149 0.0386 10.0 51.0
-10.660358 66.034424 0.0386 10.0 51.0
-10.660358 66.034424 0.0387 9.0 52.0
-11.579318 67.01736 0.0387 9.0 52.0
-11.579318 67.01736 0.0388 4.0 53.0
-12.632086 67.594315 0.607816388 4.0 53.0
-12.632086 67.594315 0.607816389 3.0 54.0
-13.684854 68.17127 1.215632389 3.0 54.0
-13.684854 68.17127 1.215632390 0.0 55.0
-14.480696 69.154205 1.6751118390 0.0 55.0
-14.480696 69.154205 1.6751118391 0.0 56.0
-15.399655 70.13714 1.6751118391 0.0 56.0
-13.684854 68.17127 1.215632392 2.0 55.0
-14.900486 68.74823 1.215632392 2.0 55.0
-14.900486 68.74823 1.215632393 1.0 56.0
-16.116117 69.32519 1.215632393 1.0 56.0
-16.116117 69.32519 1.215632394 0.0 57.0
-16.91196 70.30812 1.6751118394 0.0 57.0
-16.91196 70.30812 1.6751118395 0.0 58.0
-17.83092 71.29105 1.6751118395 0.0 58.0
-16.116117 69.32519 1.215632396 0.0 57.0
-17.458675 69.4156 1.215632396 0.0 57.0
-17.458675 69.4156 1.215632397 0.0 58.0
-18.801233 69.50602 1.215632397 0.0 58.0
-11.579318 67.01736 0.0398 8.0 53.0
-12.498278 68.00029 0.0398 8.0 53.0
-12.498278 68.00029 0.0399 7.0 54.0
-13.417237 68.98322 0.0399 7.0 54.0
-13.417237 68.98322 0.0400 6.0 55.0
-14.336197 69.966156 0.0400 6.0 55.0
-14.336197 69.966156 0.0401 5.0 56.0
-15.2551565 70.94909 0.0401 5.0 56.0
-15.2551565 70.94909 0.0402 4.0 57.0
-15.682945 72.200745 0.24698375402 4.0 57.0
-15.682945 72.200745 0.24698375403 3.0 58.0
-16.110733 73.4524 0.4939675403 3.0 58.0
-16.110733 73.4524 0.4939675404 0.0 59.0
-16.110733 74.798 0.4939675404 0.0 59.0
-16.110733 74.798 0.4939675405 0.0 60.0
-16.110733 76.14359 0.4939675405 0.0 60.0
-16.110733 73.4524 0.4939675406 2.0 59.0
-16.6047 74.704056 0.4939675406 2.0 59.0
-16.6047 74.704056 0.4939675407 1.0 60.0
-17.098667 75.95571 0.4939675407 1.0 60.0
-17.098667 75.95571 0.4939675408 0.0 61.0
-17.098667 77.30131 0.4939675408 0.0 61.0
-17.098667 77.30131 0.4939675409 0.0 62.0
-17.098667 78.646904 0.4939675409 0.0 62.0
-17.098667 75.95571 0.4939675410 0.0 61.0
-18.017626 76.938644 0.4939675410 0.0 61.0
-18.017626 76.938644 0.4939675411 0.0 62.0
-18.936584 77.92158 0.4939675411 0.0 62.0
-15.2551565 70.94909 0.0412 4.0 57.0
-16.470789 71.52605 0.0412 4.0 57.0
-16.470789 71.52605 0.0413 3.0 58.0
-17.68642 72.103004 0.0413 3.0 58.0
-17.68642 72.103004 0.0414 0.0 59.0
-18.482264 73.08594 0.45947978414 0.0 59.0
-18.482264 73.08594 0.45947978415 0.0 60.0
-19.401222 74.06887 0.45947978415 0.0 60.0
-17.68642 72.103004 0.0416 2.0 59.0
-18.902052 72.67996 0.0416 2.0 59.0
-18.902052 72.67996 0.0417 1.0 60.0
-20.117683 73.25692 0.0417 1.0 60.0
-20.117683 73.25692 0.0418 0.0 61.0
-20.913527 74.23985 0.45947978418 0.0 61.0
-20.913527 74.23985 0.45947978419 0.0 62.0
-21.832485 75.222786 0.45947978419 0.0 62.0
-20.117683 73.25692 0.0420 0.0 61.0
-21.460241 73.347336 0.0420 0.0 61.0
-21.460241 73.347336 0.0421 0.0 62.0
-22.8028 73.43775 0.0421 0.0 62.0
