0.0 0.0 0.00 60.0 1.0
0.0 1.8424261 0.00 60.0 1.0
0.0 1.8424261 0.01 59.0 2.0
0.0 3.6848521 0.01 59.0 2.0
0.0 3.6848521 0.02 58.0 3.0
0.0 5.527278 0.02 58.0 3.0
0.0 5.527278 0.03 57.0 4.0
0.0 7.3697042 0.03 57.0 4.0
0.0 7.3697042 0.04 56.0 5.0
0.0 9.212131 0.04 56.0 5.0
0.0 9.212131 0.05 55.0 6.0
0.0 11.054557 0.05 55.0 6.0
0.0 11.054557 0.06 54.0 7.0
0.0 12.896983 0.06 54.0 7.0
0.0 12.896983 0.07 53.0 8.0
0.0 14.739409 0.07 53.0 8.0
0.0 14.739409 0.08 52.0 9.0
0.0 16.581835 0.08 52.0 9.0
0.0 16.581835 0.09 51.0 10.0
0.0 18.424261 0.09 51.0 10.0
0.0 18.424261 0.010 50.0 11.0
0.0 20.266687 0.010 50.0 11.0
0.0 20.266687 0.011 49.0 12.0
0.0 22.109114 0.011 49.0 12.0
0.0 22.109114 0.012 48.0 13.0
0.0 23.95154 0.012 48.0 13.0
0.0 23.95154 0.013 47.0 14.0
0.0 25.793966 0.013 47.0 14.0
0.0 25.793966 0.014 46.0 15.0
0.0 27.636393 0.014 46.0 15.0
0.0 27.636393 0.015 45.0 16.0
0.0 29.478819 0.015 45.0 16.0
0.0 29.478819 0.016 28.0 17.0
0.39748183 31.26316 -0.2294862416 28.0 17.0
0.39748183 31.26316 -0.2294862417 27.0 18.0
0.79496366 33.047504 -0.4589724817 27.0 18.0
0.79496366 33.047504 -0.4589724818 26.0 19.0
1.1924455 34.83185 -0.6884587418 26.0 19.0
1.1924455 34.83185 -0.6884587419 25.0 20.0
1.5899273 36.61619 -0.9179449719 25.0 20.0
1.5899273 36.61619 -0.9179449720 24.0 21.0
1.9874091 38.400536 -1.147431320 24.0 21.0
1.9874091 38.400536 -1.147431321 23.0 22.0
2.384891 40.18488 -1.376917521 23.0 22.0
2.384891 40.18488 -1.376917522 22.0 23.0
2.782373 41.969223 -1.606403722 22.0 23.0
2.782373 41.969223 -1.606403723 21.0 24.0
3.1798549 43.753567 -1.835889923 21.0 24.0
3.1798549 43.753567 -1.835889924 12.0 25.0
3.9497569 45.36732 -2.280393124 12.0 25.0
3.9497569 45.36732 -2.280393125 11.0 26.0
4.719659 46.981075 -2.724896225 11.0 26.0
4.719659 46.981075 -2.724896226 10.0 27.0
5.4895606 48.59483 -3.169399326 10.0 27.0
5.4895606 48.59483 -3.169399327 9.0 28.0
6.2594624 50.208584 -3.613902327 9.0 28.0
6.2594624 50.208584 -3.613902328 4.0 29.0
6.6569443 51.992928 -3.843388628 4.0 29.0
6.6569443 51.992928 -3.843388629 3.0 30.0
7.054426 53.77727 -4.07287529 3.0 30.0
7.054426 53.77727 -4.07287530 0.0 31.0
7.824328 55.391026 -4.517378330 0.0 31.0
7.824328 55.391026 -4.517378331 0.0 32.0
8.713334 57.00478 -4.517378331 0.0 32.0
7.054426 53.77727 -4.07287532 2.0 31.0
7.5133986 55.561615 -4.07287532 2.0 31.0
7.5133986 55.561615 -4.07287533 1.0 32.0
7.972371 57.34596 -4.07287533 1.0 32.0
7.972371 57.34596 -4.07287534 0.0 33.0
8.742273 58.959713 -4.517378334 0.0 33.0
8.742273 58.959713 -4.517378335 0.0 34.0
9.63128 60.573467 -4.517378335 0.0 34.0
7.972371 57.34596 -4.07287536 0.0 33.0
7.972371 59.188385 -4.07287536 0.0 33.0
7.972371 59.188385 -4.07287537 0.0 34.0
7.972371 61.03081 -4.07287537 0.0 34.0
6.2594624 50.208584 -3.613902338 8.0 29.0
7.1484685 51.82234 -3.613902338 8.0 29.0
7.1484685 51.82234 -3.613902339 7.0 30.0
8.037475 53.436092 -3.613902339 7.0 30.0
8.037475 53.436092 -3.613902340 6.0 31.0
8.926481 55.049847 -3.613902340 6.0 31.0
8.926481 55.049847 -3.613902341 5.0 32.0
9.815488 56.6636 -3.613902341 5.0 32.0
9.815488 56.6636 -3.613902342 4.0 33.0
10.909266 58.005016 -4.245395742 4.0 33.0
10.909266 58.005016 -4.245395743 3.0 34.0
12.003045 59.34643 -4.87688943 3.0 34.0
12.003045 59.34643 -4.87688944 0.0 35.0
13.351737 60.330933 -5.655556744 0.0 35.0
13.351737 60.330933 -5.655556745 0.0 36.0
14.909072 61.315434 -5.655556745 0.0 36.0
12.003045 59.34643 -4.87688946 2.0 35.0
13.266032 60.687847 -4.87688946 2.0 35.0
13.266032 60.687847 -4.87688947 1.0 36.0
14.529019 62.029263 -4.87688947 1.0 36.0
14.529019 62.029263 -4.87688948 0.0 37.0
15.877711 63.013763 -5.655556748 0.0 37.0
15.877711 63.013763 -5.655556749 0.0 38.0
17.435047 63.998264 -5.655556749 0.0 38.0
14.529019 62.029263 -4.87688950 0.0 37.0
15.418026 63.643017 -4.87688950 0.0 37.0
15.418026 63.643017 -4.87688951 0.0 38.0
16.307032 65.25677 -4.87688951 0.0 38.0
9.815488 56.6636 -3.613902352 4.0 33.0
10.274461 58.447945 -3.613902352 4.0 33.0
10.274461 58.447945 -3.613902353 3.0 34.0
10.733434 60.23229 -3.613902353 3.0 34.0
10.733434 60.23229 -3.613902354 0.0 35.0
11.503336 61.846043 -4.058405454 0.0 35.0
11.503336 61.846043 -4.058405455 0.0 36.0
12.392343 63.459797 -4.058405455 0.0 36.0
10.733434 60.23229 -3.613902356 2.0 35.0
11.192407 62.016632 -3.613902356 2.0 35.0
11.192407 62.016632 -3.613902357 1.0 36.0
11.65138 63.800976 -3.613902357 1.0 36.0
11.65138 63.800976 -3.613902358 0.0 37.0
12.421282 65.41473 -4.058405458 0.0 37.0
12.421282 65.41473 -4.058405459 0.0 38.0
13.310288 67.02848 -4.058405459 0.0 38.0
11.65138 63.800976 -3.613902360 0.0 37.0
11.65138 65.6434 -3.613902360 0.0 37.0
11.65138 65.6434 -3.613902361 0.0 38.0
11.65138 67.485825 -3.613902361 0.0 38.0
3.1798549 43.753567 -1.835889962 20.0 25.0
3.6388273 45.53791 -1.835889962 20.0 25.0
3.6388273 45.53791 -1.835889963 19.0 26.0
4.0978 47.322254 -1.835889963 19.0 26.0
4.0978 47.322254 -1.835889964 18.0 27.0
4.556772 49.106598 -1.835889964 18.0 27.0
4.556772 49.106598 -1.835889965 17.0 28.0
5.0157447 50.89094 -1.835889965 17.0 28.0
5.0157447 50.89094 -1.835889966 16.0 29.0
5.474717 52.675285 -1.835889966 16.0 29.0
5.474717 52.675285 -1.835889967 15.0 30.0
5.9336896 54.45963 -1.835889967 15.0 30.0
5.9336896 54.45963 -1.835889968 14.0 31.0
6.392662 56.243973 -1.835889968 14.0 31.0
6.392662 56.243973 -1.835889969 13.0 32.0
6.8516345 58.028316 -1.835889969 13.0 32.0
6.8516345 58.028316 -1.835889970 12.0 33.0
7.6215363 59.64207 -2.280393170 12.0 33.0
7.6215363 59.64207 -2.280393171 11.0 34.0
8.3914385 61.255825 -2.724896271 11.0 34.0
8.3914385 61.255825 -2.724896272 10.0 35.0
9.161341 62.86958 -3.169399372 10.0 35.0
9.161341 62.86958 -3.169399373 9.0 36.0
9.931243 64.48333 -3.613902373 9.0 36.0
9.931243 64.48333 -3.613902374 4.0 37.0
10.328725 66.26767 -3.843388674 4.0 37.0
10.328725 66.26767 -3.843388675 3.0 38.0
10.726207 68.05201 -4.07287575 3.0 38.0
10.726207 68.05201 -4.07287576 0.0 39.0
11.496109 69.665764 -4.517378376 0.0 39.0
11.496109 69.665764 -4.517378377 0.0 40.0
12.385116 71.27952 -4.517378377 0.0 40.0
10.726207 68.05201 -4.07287578 2.0 39.0
11.18518 69.83635 -4.07287578 2.0 39.0
11.18518 69.83635 -4.07287579 1.0 40.0
11.644153 71.62069 -4.07287579 1.0 40.0
11.644153 71.62069 -4.07287580 0.0 41.0
12.414055 73.23444 -4.517378380 0.0 41.0
12.414055 73.23444 -4.517378381 0.0 42.0
13.3030615 74.8482 -4.517378381 0.0 42.0
11.644153 71.62069 -4.07287582 0.0 41.0
11.644153 73.46311 -4.07287582 0.0 41.0
11.644153 73.46311 -4.07287583 0.0 42.0
11.644153 75.305534 -4.07287583 0.0 42.0
9.931243 64.48333 -3.613902384 8.0 37.0
10.82025 66.097084 -3.613902384 8.0 37.0
10.82025 66.097084 -3.613902385 7.0 38.0
11.709256 67.71084 -3.613902385 7.0 38.0
11.709256 67.71084 -3.613902386 6.0 39.0
12.598263 69.32459 -3.613902386 6.0 39.0
12.598263 69.32459 -3.613902387 5.0 40.0
13.487269 70.93835 -3.613902387 5.0 40.0
13.487269 70.93835 -3.613902388 4.0 41.0
14.581048 72.27976 -4.245395788 4.0 41.0
14.581048 72.27976 -4.245395789 3.0 42.0
15.674827 73.62118 -4.87688989 3.0 42.0
15.674827 73.62118 -4.87688990 0.0 43.0
17.023518 74.605675 -5.655556790 0.0 43.0
17.023518 74.605675 -5.655556791 0.0 44.0
18.580853 75.59017 -5.655556791 0.0 44.0
15.674827 73.62118 -4.87688992 2.0 43.0
16.937813 74.96259 -4.87688992 2.0 43.0
16.937813 74.96259 -4.87688993 1.0 44.0
18.2008 76.30401 -4.87688993 1.0 44.0
18.2008 76.30401 -4.87688994 0.0 45.0
19.549492 77.288506 -5.655556794 0.0 45.0
19.549492 77.288506 -5.655556795 0.0 46.0
21.106827 78.273 -5.655556795 0.0 46.0
18.2008 76.30401 -4.87688996 0.0 45.0
19.089806 77.91776 -4.87688996 0.0 45.0
19.089806 77.91776 -4.87688997 0.0 46.0
19.978811 79.53152 -4.87688997 0.0 46.0
13.487269 70.93835 -3.613902398 4.0 41.0
13.946242 72.72269 -3.613902398 4.0 41.0
13.946242 72.72269 -3.613902399 3.0 42.0
14.405215 74.50703 -3.613902399 3.0 42.0
14.405215 74.50703 -3.6139023100 0.0 43.0
15.1751175 76.12078 -4.0584054100 0.0 43.0
15.1751175 76.12078 -4.0584054101 0.0 44.0
16.064123 77.734535 -4.0584054101 0.0 44.0
14.405215 74.50703 -3.6139023102 2.0 43.0
14.864188 76.29137 -3.6139023102 2.0 43.0
14.864188 76.29137 -3.6139023103 1.0 44.0
15.323161 78.07571 -3.6139023103 1.0 44.0
15.323161 78.07571 -3.6139023104 0.0 45.0
16.093063 79.68946 -4.0584054104 0.0 45.0
16.093063 79.68946 -4.0584054105 0.0 46.0
16.982069 81.303215 -4.0584054105 0.0 46.0
15.323161 78.07571 -3.6139023106 0.0 45.0
15.323161 79.91813 -3.6139023106 0.0 45.0
15.323161 79.91813 -3.6139023107 0.0 46.0
15.323161 81.76055 -3.6139023107 0.0 46.0
6.8516345 58.028316 -1.8358899108 12.0 33.0
6.8516345 59.870743 -1.8358899108 12.0 33.0
6.8516345 59.870743 -1.8358899109 11.0 34.0
6.8516345 61.71317 -1.8358899109 11.0 34.0
6.8516345 61.71317 -1.8358899110 10.0 35.0
6.8516345 63.555595 -1.8358899110 10.0 35.0
6.8516345 63.555595 -1.8358899111 9.0 36.0
6.8516345 65.39802 -1.8358899111 9.0 36.0
6.8516345 65.39802 -1.8358899112 4.0 37.0
6.4541526 67.18236 -1.6064037112 4.0 37.0
6.4541526 67.18236 -1.6064037113 3.0 38.0
6.0566707 68.9667 -1.3769175113 3.0 38.0
6.0566707 68.9667 -1.3769175114 0.0 39.0
6.0566707 70.80912 -1.3769175114 0.0 39.0
6.0566707 70.80912 -1.3769175115 0.0 40.0
6.0566707 72.65154 -1.3769175115 0.0 40.0
6.0566707 68.9667 -1.3769175116 2.0 39.0
5.597698 70.75104 -1.3769175116 2.0 39.0
5.597698 70.75104 -1.3769175117 1.0 40.0
5.1387258 72.53538 -1.3769175117 1.0 40.0
5.1387258 72.53538 -1.3769175118 0.0 41.0
5.1387258 74.3778 -1.3769175118 0.0 41.0
5.1387258 74.3778 -1.3769175119 0.0 42.0
5.1387258 76.22022 -1.3769175119 0.0 42.0
5.1387258 72.53538 -1.3769175120 0.0 41.0
4.2497196 74.14913 -1.3769175120 0.0 41.0
4.2497196 74.14913 -1.3769175121 0.0 42.0
3.3607135 75.762886 -1.3769175121 0.0 42.0
6.8516345 65.39802 -1.8358899122 8.0 37.0
6.8516345 67.24044 -1.8358899122 8.0 37.0
6.8516345 67.24044 -1.8358899123 7.0 38.0
6.8516345 69.08286 -1.8358899123 7.0 38.0
6.8516345 69.08286 -1.8358899124 6.0 39.0
6.8516345 70.925285 -1.8358899124 6.0 39.0
6.8516345 70.925285 -1.8358899125 5.0 40.0
6.8516345 72.76771 -1.8358899125 5.0 40.0
6.8516345 72.76771 -1.8358899126 4.0 41.0
7.2491164 74.55205 -2.0653763126 4.0 41.0
7.2491164 74.55205 -2.0653763127 3.0 42.0
7.6465983 76.33639 -2.2948625127 3.0 42.0
7.6465983 76.33639 -2.2948625128 0.0 43.0
8.4165 77.95014 -2.7393656128 0.0 43.0
8.4165 77.95014 -2.7393656129 0.0 44.0
9.305507 79.563896 -2.7393656129 0.0 44.0
7.6465983 76.33639 -2.2948625130 2.0 43.0
8.105571 78.12073 -2.2948625130 2.0 43.0
8.105571 78.12073 -2.2948625131 1.0 44.0
8.564544 79.90507 -2.2948625131 1.0 44.0
8.564544 79.90507 -2.2948625132 0.0 45.0
9.334446 81.51882 -2.7393656132 0.0 45.0
9.334446 81.51882 -2.7393656133 0.0 46.0
10.223453 83.132576 -2.7393656133 0.0 46.0
8.564544 79.90507 -2.2948625134 0.0 45.0
8.564544 81.74749 -2.2948625134 0.0 45.0
8.564544 81.74749 -2.2948625135 0.0 46.0
8.564544 83.58991 -2.2948625135 0.0 46.0
6.8516345 72.76771 -1.8358899136 4.0 41.0
6.392662 74.55205 -1.8358899136 4.0 41.0
6.392662 74.55205 -1.8358899137 3.0 42.0
5.9336896 76.33639 -1.8358899137 3.0 42.0
5.9336896 76.33639 -1.8358899138 0.0 43.0
5.9336896 78.17881 -1.8358899138 0.0 43.0
5.9336896 78.17881 -1.8358899139 0.0 44.0
5.9336896 80.02123 -1.8358899139 0.0 44.0
5.9336896 76.33639 -1.8358899140 2.0 43.0
5.474717 78.12073 -1.8358899140 2.0 43.0
5.474717 78.12073 -1.8358899141 1.0 44.0
5.0157447 79.90507 -1.8358899141 1.0 44.0
5.0157447 79.90507 -1.8358899142 0.0 45.0
5.0157447 81.74749 -1.8358899142 0.0 45.0
5.0157447 81.74749 -1.8358899143 0.0 46.0
5.0157447 83.58991 -1.8358899143 0.0 46.0
5.0157447 79.90507 -1.8358899144 0.0 45.0
4.1267385 81.51882 -1.8358899144 0.0 45.0
4.1267385 81.51882 -1.8358899145 0.0 46.0
3.2377324 83.132576 -1.8358899145 0.0 46.0
0.0 29.478819 0.0146 44.0 17.0
0.0 31.321245 0.0146 44.0 17.0
0.0 31.321245 0.0147 43.0 18.0
0.0 33.16367 0.0147 43.0 18.0
0.0 33.16367 0.0148 42.0 19.0
0.0 35.006096 0.0148 42.0 19.0
0.0 35.006096 0.0149 41.0 20.0
0.0 36.848522 0.0149 41.0 20.0
0.0 36.848522 0.0150 40.0 21.0
0.0 38.69095 0.0150 40.0 21.0
0.0 38.69095 0.0151 39.0 22.0
0.0 40.533375 0.0151 39.0 22.0
0.0 40.533375 0.0152 38.0 23.0
0.0 42.3758 0.0152 38.0 23.0
0.0 42.3758 0.0153 37.0 24.0
0.0 44.218227 0.0153 37.0 24.0
0.0 44.218227 0.0154 36.0 25.0
0.0 46.060654 0.0154 36.0 25.0
0.0 46.060654 0.0155 35.0 26.0
0.0 47.90308 0.0155 35.0 26.0
0.0 47.90308 0.0156 34.0 27.0
0.0 49.745506 0.0156 34.0 27.0
0.0 49.745506 0.0157 33.0 28.0
0.0 51.587933 0.0157 33.0 28.0
0.0 51.587933 0.0158 32.0 29.0
0.0 53.43036 0.0158 32.0 29.0
0.0 53.43036 0.0159 31.0 30.0
0.0 55.272785 0.0159 31.0 30.0
0.0 55.272785 0.0160 30.0 31.0
0.0 57.11521 0.0160 30.0 31.0
0.0 57.11521 0.0161 29.0 32.0
0.0 58.957638 0.0161 29.0 32.0
0.0 58.957638 0.0162 28.0 33.0
0.39748183 60.74198 -0.22948624162 28.0 33.0
0.39748183 60.74198 -0.22948624163 27.0 34.0
0.79496366 62.526325 -0.45897248163 27.0 34.0
0.79496366 62.526325 -0.45897248164 26.0 35.0
1.1924455 64.31067 -0.68845874164 26.0 35.0
1.1924455 64.31067 -0.68845874165 25.0 36.0
1.5899273 66.09501 -0.91794497165 25.0 36.0
1.5899273 66.09501 -0.91794497166 24.0 37.0
1.9874091 67.87935 -1.1474313166 24.0 37.0
1.9874091 67.87935 -1.1474313167 23.0 38.0
2.384891 69.66369 -1.3769175167 23.0 38.0
2.384891 69.66369 -1.3769175168 22.0 39.0
2.782373 71.44803 -1.6064037168 22.0 39.0
2.782373 71.44803 -1.6064037169 21.0 40.0
3.1798549 73.23237 -1.8358899169 21.0 40.0
3.1798549 73.23237 -1.8358899170 12.0 41.0
3.9497569 74.84612 -2.2803931170 12.0 41.0
3.9497569 74.84612 -2.2803931171 11.0 42.0
4.719659 76.45988 -2.7248962171 11.0 42.0
4.719659 76.45988 -2.7248962172 10.0 43.0
5.4895606 78.07363 -3.1693993172 10.0 43.0
5.4895606 78.07363 -3.1693993173 9.0 44.0
6.2594624 79.687386 -3.6139023173 9.0 44.0
6.2594624 79.687386 -3.6139023174 4.0 45.0
6.6569443 81.471725 -3.8433886174 4.0 45.0
6.6569443 81.471725 -3.8433886175 3.0 46.0
7.054426 83.256065 -4.072875175 3.0 46.0
7.054426 83.256065 -4.072875176 0.0 47.0
7.824328 84.86982 -4.5173783176 0.0 47.0
7.824328 84.86982 -4.5173783177 0.0 48.0
8.713334 86.483574 -4.5173783177 0.0 48.0
7.054426 83.256065 -4.072875178 2.0 47.0
7.5133986 85.040405 -4.072875178 2.0 47.0
7.5133986 85.040405 -4.072875179 1.0 48.0
7.972371 86.824745 -4.072875179 1.0 48.0
7.972371 86.824745 -4.072875180 0.0 49.0
8.742273 88.4385 -4.5173783180 0.0 49.0
8.742273 88.4385 -4.5173783181 0.0 50.0
9.63128 90.05225 -4.5173783181 0.0 50.0
7.972371 86.824745 -4.072875182 0.0 49.0
7.972371 88.66717 -4.072875182 0.0 49.0
7.972371 88.66717 -4.072875183 0.0 50.0
7.972371 90.50959 -4.072875183 0.0 50.0
6.2594624 79.687386 -3.6139023184 8.0 45.0
7.1484685 81.30114 -3.6139023184 8.0 45.0
7.1484685 81.30114 -3.6139023185 7.0 46.0
8.037475 82.914894 -3.6139023185 7.0 46.0
8.037475 82.914894 -3.6139023186 6.0 47.0
8.926481 84.52865 -3.6139023186 6.0 47.0
8.926481 84.52865 -3.6139023187 5.0 48.0
9.815488 86.1424 -3.6139023187 5.0 48.0
9.815488 86.1424 -3.6139023188 4.0 49.0
10.909266 87.48382 -4.2453957188 4.0 49.0
10.909266 87.48382 -4.2453957189 3.0 50.0
12.003045 88.82523 -4.876889189 3.0 50.0
12.003045 88.82523 -4.876889190 0.0 51.0
13.351737 89.80973 -5.6555567190 0.0 51.0
13.351737 89.80973 -5.6555567191 0.0 52.0
14.909072 90.79423 -5.6555567191 0.0 52.0
12.003045 88.82523 -4.876889192 2.0 51.0
13.266032 90.16665 -4.876889192 2.0 51.0
13.266032 90.16665 -4.876889193 1.0 52.0
14.529019 91.508064 -4.876889193 1.0 52.0
14.529019 91.508064 -4.876889194 0.0 53.0
15.877711 92.49256 -5.6555567194 0.0 53.0
15.877711 92.49256 -5.6555567195 0.0 54.0
17.435047 93.47706 -5.6555567195 0.0 54.0
14.529019 91.508064 -4.876889196 0.0 53.0
15.418026 93.12182 -4.876889196 0.0 53.0
15.418026 93.12182 -4.876889197 0.0 54.0
16.307032 94.73557 -4.876889197 0.0 54.0
9.815488 86.1424 -3.6139023198 4.0 49.0
10.274461 87.92674 -3.6139023198 4.0 49.0
10.274461 87.92674 -3.6139023199 3.0 50.0
10.733434 89.71108 -3.6139023199 3.0 50.0
10.733434 89.71108 -3.6139023200 0.0 51.0
11.503336 91.32484 -4.0584054200 0.0 51.0
11.503336 91.32484 -4.0584054201 0.0 52.0
12.392343 92.93859 -4.0584054201 0.0 52.0
10.733434 89.71108 -3.6139023202 2.0 51.0
11.192407 91.49542 -3.6139023202 2.0 51.0
11.192407 91.49542 -3.6139023203 1.0 52.0
11.65138 93.27976 -3.6139023203 1.0 52.0
11.65138 93.27976 -3.6139023204 0.0 53.0
12.421282 94.89352 -4.0584054204 0.0 53.0
12.421282 94.89352 -4.0584054205 0.0 54.0
13.310288 96.50727 -4.0584054205 0.0 54.0
11.65138 93.27976 -3.6139023206 0.0 53.0
11.65138 95.122185 -3.6139023206 0.0 53.0
11.65138 95.122185 -3.6139023207 0.0 54.0
11.65138 96.96461 -3.6139023207 0.0 54.0
3.1798549 73.23237 -1.8358899208 20.0 41.0
3.6388273 75.01671 -1.8358899208 20.0 41.0
3.6388273 75.01671 -1.8358899209 19.0 42.0
4.0978 76.80105 -1.8358899209 19.0 42.0
4.0978 76.80105 -1.8358899210 18.0 43.0
4.556772 78.58539 -1.8358899210 18.0 43.0
4.556772 78.58539 -1.8358899211 17.0 44.0
5.0157447 80.36973 -1.8358899211 17.0 44.0
5.0157447 80.36973 -1.8358899212 16.0 45.0
5.474717 82.15407 -1.8358899212 16.0 45.0
5.474717 82.15407 -1.8358899213 15.0 46.0
5.9336896 83.93841 -1.8358899213 15.0 46.0
5.9336896 83.93841 -1.8358899214 14.0 47.0
6.392662 85.72275 -1.8358899214 14.0 47.0
6.392662 85.72275 -1.8358899215 13.0 48.0
6.8516345 87.50709 -1.8358899215 13.0 48.0
6.8516345 87.50709 -1.8358899216 12.0 49.0
7.6215363 89.12084 -2.2803931216 12.0 49.0
7.6215363 89.12084 -2.2803931217 11.0 50.0
8.3914385 90.7346 -2.7248962217 11.0 50.0
8.3914385 90.7346 -2.7248962218 10.0 51.0
9.161341 92.34835 -3.1693993218 10.0 51.0
9.161341 92.34835 -3.1693993219 9.0 52.0
9.931243 93.962105 -3.6139023219 9.0 52.0
9.931243 93.962105 -3.6139023220 4.0 53.0
10.328725 95.746445 -3.8433886220 4.0 53.0
10.328725 95.746445 -3.8433886221 3.0 54.0
10.726207 97.530785 -4.072875221 3.0 54.0
10.726207 97.530785 -4.072875222 0.0 55.0
11.496109 99.14454 -4.5173783222 0.0 55.0
11.496109 99.14454 -4.5173783223 0.0 56.0
12.385116 100.75829 -4.5173783223 0.0 56.0
10.726207 97.530785 -4.072875224 2.0 55.0
11.18518 99.315125 -4.072875224 2.0 55.0
11.18518 99.315125 -4.072875225 1.0 56.0
11.644153 101.099464 -4.072875225 1.0 56.0
11.644153 101.099464 -4.072875226 0.0 57.0
12.414055 102.71322 -4.5173783226 0.0 57.0
12.414055 102.71322 -4.5173783227 0.0 58.0
13.3030615 104.32697 -4.5173783227 0.0 58.0
11.644153 101.099464 -4.072875228 0.0 57.0
11.644153 102.94189 -4.072875228 0.0 57.0
11.644153 102.94189 -4.072875229 0.0 58.0
11.644153 104.78431 -4.072875229 0.0 58.0
9.931243 93.962105 -3.6139023230 8.0 53.0
10.82025 95.57586 -3.6139023230 8.0 53.0
10.82025 95.57586 -3.6139023231 7.0 54.0
11.709256 97.18961 -3.6139023231 7.0 54.0
11.709256 97.18961 -3.6139023232 6.0 55.0
12.598263 98.80337 -3.6139023232 6.0 55.0
12.598263 98.80337 -3.6139023233 5.0 56.0
13.487269 100.41712 -3.6139023233 5.0 56.0
13.487269 100.41712 -3.6139023234 4.0 57.0
14.581048 101.75854 -4.2453957234 4.0 57.0
14.581048 101.75854 -4.2453957235 3.0 58.0
15.674827 103.09995 -4.876889235 3.0 58.0
15.674827 103.09995 -4.876889236 0.0 59.0
17.023518 104.08445 -5.6555567236 0.0 59.0
17.023518 104.08445 -5.6555567237 0.0 60.0
18.580853 105.06895 -5.6555567237 0.0 60.0
15.674827 103.09995 -4.876889238 2.0 59.0
16.937813 104.44137 -4.876889238 2.0 59.0
16.937813 104.44137 -4.876889239 1.0 60.0
18.2008 105.78278 -4.876889239 1.0 60.0
18.2008 105.78278 -4.876889240 0.0 61.0
19.549492 106.76728 -5.6555567240 0.0 61.0
19.549492 106.76728 -5.6555567241 0.0 62.0
21.106827 107.75178 -5.6555567241 0.0 62.0
18.2008 105.78278 -4.876889242 0.0 61.0
19.089806 107.39654 -4.876889242 0.0 61.0
19.089806 107.39654 -4.876889243 0.0 62.0
19.978811 109.01029 -4.876889243 0.0 62.0
13.487269 100.41712 -3.6139023244 4.0 57.0
13.946242 102.20146 -3.6139023244 4.0 57.0
13.946242 102.20146 -3.6139023245 3.0 58.0
14.405215 103.9858 -3.6139023245 3.0 58.0
14.405215 103.9858 -3.6139023246 0.0 59.0
15.1751175 105.599556 -4.0584054246 0.0 59.0
15.1751175 105.599556 -4.0584054247 0.0 60.0
16.064123 107.21331 -4.0584054247 0.0 60.0
14.405215 103.9858 -3.6139023248 2.0 59.0
14.864188 105.77014 -3.6139023248 2.0 59.0
14.864188 105.77014 -3.6139023249 1.0 60.0
15.323161 107.55448 -3.6139023249 1.0 60.0
15.323161 107.55448 -3.6139023250 0.0 61.0
16.093063 109.168236 -4.0584054250 0.0 61.0
16.093063 109.168236 -4.0584054251 0.0 62.0
16.982069 110.78199 -4.0584054251 0.0 62.0
15.323161 107.55448 -3.6139023252 0.0 61.0
15.323161 109.396904 -3.6139023252 0.0 61.0
15.323161 109.396904 -3.6139023253 0.0 62.0
15.323161 111.23933 -3.6139023253 0.0 62.0
6.8516345 87.50709 -1.8358899254 12.0 49.0
6.8516345 89.34951 -1.8358899254 12.0 49.0
6.8516345 89.34951 -1.8358899255 11.0 50.0
6.8516345 91.19193 -1.8358899255 11.0 50.0
6.8516345 91.19193 -1.8358899256 10.0 51.0
6.8516345 93.034355 -1.8358899256 10.0 51.0
6.8516345 93.034355 -1.8358899257 9.0 52.0
6.8516345 94.87678 -1.8358899257 9.0 52.0
6.8516345 94.87678 -1.8358899258 4.0 53.0
6.4541526 96.66112 -1.6064037258 4.0 53.0
6.4541526 96.66112 -1.6064037259 3.0 54.0
6.0566707 98.44546 -1.3769175259 3.0 54.0
6.0566707 98.44546 -1.3769175260 0.0 55.0
6.0566707 100.28788 -1.3769175260 0.0 55.0
6.0566707 100.28788 -1.3769175261 0.0 56.0
6.0566707 102.1303 -1.3769175261 0.0 56.0
6.0566707 98.44546 -1.3769175262 2.0 55.0
5.597698 100.2298 -1.3769175262 2.0 55.0
5.597698 100.2298 -1.3769175263 1.0 56.0
5.1387258 102.01414 -1.3769175263 1.0 56.0
5.1387258 102.01414 -1.3769175264 0.0 57.0
5.1387258 103.85656 -1.3769175264 0.0 57.0
5.1387258 103.85656 -1.3769175265 0.0 58.0
5.1387258 105.69898 -1.3769175265 0.0 58.0
5.1387258 102.01414 -1.3769175266 0.0 57.0
4.2497196 103.62789 -1.3769175266 0.0 57.0
4.2497196 103.62789 -1.3769175267 0.0 58.0
3.3607135 105.241646 -1.3769175267 0.0 58.0
6.8516345 94.87678 -1.8358899268 8.0 53.0
6.8516345 96.7192 -1.8358899268 8.0 53.0
6.8516345 96.7192 -1.8358899269 7.0 54.0
6.8516345 98.56162 -1.8358899269 7.0 54.0
6.8516345 98.56162 -1.8358899270 6.0 55.0
6.8516345 100.404045 -1.8358899270 6.0 55.0
6.8516345 100.404045 -1.8358899271 5.0 56.0
6.8516345 102.24647 -1.8358899271 5.0 56.0
6.8516345 102.24647 -1.8358899272 4.0 57.0
7.2491164 104.03081 -2.0653763272 4.0 57.0
7.2491164 104.03081 -2.0653763273 3.0 58.0
7.6465983 105.81515 -2.2948625273 3.0 58.0
7.6465983 105.81515 -2.2948625274 0.0 59.0
8.4165 107.4289 -2.7393656274 0.0 59.0
8.4165 107.4289 -2.7393656275 0.0 60.0
9.305507 109.042656 -2.7393656275 0.0 60.0
7.6465983 105.81515 -2.2948625276 2.0 59.0
8.105571 107.59949 -2.2948625276 2.0 59.0
8.105571 107.59949 -2.2948625277 1.0 60.0
8.564544 109.38383 -2.2948625277 1.0 60.0
8.564544 109.38383 -2.2948625278 0.0 61.0
9.334446 110.99758 -2.7393656278 0.0 61.0
9.334446 110.99758 -2.7393656279 0.0 62.0
10.223453 112.611336 -2.7393656279 0.0 62.0
8.564544 109.38383 -2.2948625280 0.0 61.0
8.564544 111.22625 -2.2948625280 0.0 61.0
8.564544 111.22625 -2.2948625281 0.0 62.0
8.564544 113.06867 -2.2948625281 0.0 62.0
6.8516345 102.24647 -1.8358899282 4.0 57.0
6.392662 104.03081 -1.8358899282 4.0 57.0
6.392662 104.03081 -1.8358899283 3.0 58.0
5.9336896 105.81515 -1.8358899283 3.0 58.0
5.9336896 105.81515 -1.8358899284 0.0 59.0
5.9336896 107.65757 -1.8358899284 0.0 59.0
5.9336896 107.65757 -1.8358899285 0.0 60.0
5.9336896 109.49999 -1.8358899285 0.0 60.0
5.9336896 105.81515 -1.8358899286 2.0 59.0
5.474717 107.59949 -1.8358899286 2.0 59.0
5.474717 107.59949 -1.8358899287 1.0 60.0
5.0157447 109.38383 -1.8358899287 1.0 60.0
5.0157447 109.38383 -1.8358899288 0.0 61.0
5.0157447 111.22625 -1.8358899288 0.0 61.0
5.0157447 111.22625 -1.8358899289 0.0 62.0
5.0157447 113.06867 -1.8358899289 0.0 62.0
5.0157447 109.38383 -1.8358899290 0.0 61.0
4.1267385 110.99758 -1.8358899290 0.0 61.0
4.1267385 110.99758 -1.8358899291 0.0 62.0
3.2377324 112.611336 -1.8358899291 0.0 62.0
0.0 58.957638 0.0292 28.0 33.0
-0.45897248 60.74198 0.0292 28.0 33.0
-0.45897248 60.74198 0.0293 27.0 34.0
-0.91794497 62.526325 0.0293 27.0 34.0
-0.91794497 62.526325 0.0294 26.0 35.0
-1.3769175 64.31067 0.0294 26.0 35.0
-1.3769175 64.31067 0.0295 25.0 36.0
-1.8358899 66.09501 0.0295 25.0 36.0
-1.8358899 66.09501 0.0296 24.0 37.0
-2.2948625 67.87935 0.0296 24.0 37.0
-2.2948625 67.87935 0.0297 23.0 38.0
-2.753835 69.66369 0.0297 23.0 38.0
-2.753835 69.66369 0.0298 22.0 39.0
-3.2128074 71.44803 0.0298 22.0 39.0
-3.2128074 71.44803 0.0299 21.0 40.0
-3.6717799 73.23237 0.0299 21.0 40.0
-3.6717799 73.23237 0.0300 12.0 41.0
-3.6717799 75.07479 0.0300 12.0 41.0
-3.6717799 75.07479 0.0301 11.0 42.0
-3.6717799 76.91721 0.0301 11.0 42.0
-3.6717799 76.91721 0.0302 10.0 43.0
-3.6717799 78.759636 0.0302 10.0 43.0
-3.6717799 78.759636 0.0303 9.0 44.0
-3.6717799 80.60206 0.0303 9.0 44.0
-3.6717799 80.60206 0.0304 4.0 45.0
-4.0692616 82.3864 0.22948624304 4.0 45.0
-4.0692616 82.3864 0.22948624305 3.0 46.0
-4.4667435 84.17074 0.45897248305 3.0 46.0
-4.4667435 84.17074 0.45897248306 0.0 47.0
-4.4667435 86.01316 0.45897248306 0.0 47.0
-4.4667435 86.01316 0.45897248307 0.0 48.0
-4.4667435 87.85558 0.45897248307 0.0 48.0
-4.4667435 84.17074 0.45897248308 2.0 47.0
-4.925716 85.95508 0.45897248308 2.0 47.0
-4.925716 85.95508 0.45897248309 1.0 48.0
-5.3846884 87.73942 0.45897248309 1.0 48.0
-5.3846884 87.73942 0.45897248310 0.0 49.0
-5.3846884 89.58184 0.45897248310 0.0 49.0
-5.3846884 89.58184 0.45897248311 0.0 50.0
-5.3846884 91.42426 0.45897248311 0.0 50.0
-5.3846884 87.73942 0.45897248312 0.0 49.0
-6.2736945 89.35317 0.45897248312 0.0 49.0
-6.2736945 89.35317 0.45897248313 0.0 50.0
-7.1627007 90.96693 0.45897248313 0.0 50.0
-3.6717799 80.60206 0.0314 8.0 45.0
-3.6717799 82.44448 0.0314 8.0 45.0
-3.6717799 82.44448 0.0315 7.0 46.0
-3.6717799 84.2869 0.0315 7.0 46.0
-3.6717799 84.2869 0.0316 6.0 47.0
-3.6717799 86.129326 0.0316 6.0 47.0
-3.6717799 86.129326 0.0317 5.0 48.0
-3.6717799 87.97175 0.0317 5.0 48.0
-3.6717799 87.97175 0.0318 4.0 49.0
-3.274298 89.75609 -0.22948624318 4.0 49.0
-3.274298 89.75609 -0.22948624319 3.0 50.0
-2.876816 91.54043 -0.45897248319 3.0 50.0
-2.876816 91.54043 -0.45897248320 0.0 51.0
-2.106914 93.15418 -0.9034756320 0.0 51.0
-2.106914 93.15418 -0.9034756321 0.0 52.0
-1.2179079 94.76794 -0.9034756321 0.0 52.0
-2.876816 91.54043 -0.45897248322 2.0 51.0
-2.4178436 93.32477 -0.45897248322 2.0 51.0
-2.4178436 93.32477 -0.45897248323 1.0 52.0
-1.9588711 95.10911 -0.45897248323 1.0 52.0
-1.9588711 95.10911 -0.45897248324 0.0 53.0
-1.1889691 96.72286 -0.9034756324 0.0 53.0
-1.1889691 96.72286 -0.9034756325 0.0 54.0
-0.29996294 98.33662 -0.9034756325 0.0 54.0
-1.9588711 95.10911 -0.45897248326 0.0 53.0
-1.9588711 96.95153 -0.45897248326 0.0 53.0
-1.9588711 96.95153 -0.45897248327 0.0 54.0
-1.9588711 98.79395 -0.45897248327 0.0 54.0
-3.6717799 87.97175 0.0328 4.0 49.0
-4.1307526 89.75609 0.0328 4.0 49.0
-4.1307526 89.75609 0.0329 3.0 50.0
-4.589725 91.54043 0.0329 3.0 50.0
-4.589725 91.54043 0.0330 0.0 51.0
-4.589725 93.38285 0.0330 0.0 51.0
-4.589725 93.38285 0.0331 0.0 52.0
-4.589725 95.22527 0.0331 0.0 52.0
-4.589725 91.54043 0.0332 2.0 51.0
-5.0486975 93.32477 0.0332 2.0 51.0
-5.0486975 93.32477 0.0333 1.0 52.0
-5.50767 95.10911 0.0333 1.0 52.0
-5.50767 95.10911 0.0334 0.0 53.0
-5.50767 96.95153 0.0334 0.0 53.0
-5.50767 96.95153 0.0335 0.0 54.0
-5.50767 98.79395 0.0335 0.0 54.0
-5.50767 95.10911 0.0336 0.0 53.0
-6.396676 96.72286 0.0336 0.0 53.0
-6.396676 96.72286 0.0337 0.0 54.0
-7.285682 98.33662 0.0337 0.0 54.0
-3.6717799 73.23237 0.0338 20.0 41.0
-4.1307526 75.01671 0.0338 20.0 41.0
-4.1307526 75.01671 0.0339 19.0 42.0
-4.589725 76.80105 0.0339 19.0 42.0
-4.589725 76.80105 0.0340 18.0 43.0
-5.0486975 78.58539 0.0340 18.0 43.0
-5.0486975 78.58539 0.0341 17.0 44.0
-5.50767 80.36973 0.0341 17.0 44.0
-5.50767 80.36973 0.0342 16.0 45.0
-5.9666424 82.15407 0.0342 16.0 45.0
-5.9666424 82.15407 0.0343 15.0 46.0
-6.425615 83.93841 0.0343 15.0 46.0
-6.425615 83.93841 0.0344 14.0 47.0
-6.8845873 85.72275 0.0344 14.0 47.0
-6.8845873 85.72275 0.0345 13.0 48.0
-7.3435597 87.50709 0.0345 13.0 48.0
-7.3435597 87.50709 0.0346 12.0 49.0
-7.3435597 89.34951 0.0346 12.0 49.0
-7.3435597 89.34951 0.0347 11.0 50.0
-7.3435597 91.19193 0.0347 11.0 50.0
-7.3435597 91.19193 0.0348 10.0 51.0
-7.3435597 93.034355 0.0348 10.0 51.0
-7.3435597 93.034355 0.0349 9.0 52.0
-7.3435597 94.87678 0.0349 9.0 52.0
-7.3435597 94.87678 0.0350 4.0 53.0
-7.7410417 96.66112 0.22948624350 4.0 53.0
-7.7410417 96.66112 0.22948624351 3.0 54.0
-8.138523 98.44546 0.45897248351 3.0 54.0
-8.138523 98.44546 0.45897248352 0.0 55.0
-8.138523 100.28788 0.45897248352 0.0 55.0
-8.138523 100.28788 0.45897248353 0.0 56.0
-8.138523 102.1303 0.45897248353 0.0 56.0
-8.138523 98.44546 0.45897248354 2.0 55.0
-8.597496 100.2298 0.45897248354 2.0 55.0
-8.597496 100.2298 0.45897248355 1.0 56.0
-9.056469 102.01414 0.45897248355 1.0 56.0
-9.056469 102.01414 0.45897248356 0.0 57.0
-9.056469 103.85656 0.45897248356 0.0 57.0
-9.056469 103.85656 0.45897248357 0.0 58.0
-9.056469 105.69898 0.45897248357 0.0 58.0
-9.056469 102.01414 0.45897248358 0.0 57.0
-9.945476 103.62789 0.45897248358 0.0 57.0
-9.945476 103.62789 0.45897248359 0.0 58.0
-10.834482 105.241646 0.45897248359 0.0 58.0
-7.3435597 94.87678 0.0360 8.0 53.0
-7.3435597 96.7192 0.0360 8.0 53.0
-7.3435597 96.7192 0.0361 7.0 54.0
-7.3435597 98.56162 0.0361 7.0 54.0
-7.3435597 98.56162 0.0362 6.0 55.0
-7.3435597 100.404045 0.0362 6.0 55.0
-7.3435597 100.404045 0.0363 5.0 56.0
-7.3435597 102.24647 0.0363 5.0 56.0
-7.3435597 102.24647 0.0364 4.0 57.0
-6.946078 104.03081 -0.22948624364 4.0 57.0
-6.946078 104.03081 -0.22948624365 3.0 58.0
-6.548596 105.81515 -0.45897248365 3.0 58.0
-6.548596 105.81515 -0.45897248366 0.0 59.0
-5.778694 107.4289 -0.9034756366 0.0 59.0
-5.778694 107.4289 -0.9034756367 0.0 60.0
-4.889688 109.042656 -0.9034756367 0.0 60.0
-6.548596 105.81515 -0.45897248368 2.0 59.0
-6.0896235 107.59949 -0.45897248368 2.0 59.0
-6.0896235 107.59949 -0.45897248369 1.0 60.0
-5.630651 109.38383 -0.45897248369 1.0 60.0
-5.630651 109.38383 -0.45897248370 0.0 61.0
-4.8607492 110.99758 -0.9034756370 0.0 61.0
-4.8607492 110.99758 -0.9034756371 0.0 62.0
-3.971743 112.611336 -0.9034756371 0.0 62.0
-5.630651 109.38383 -0.45897248372 0.0 61.0
-5.630651 111.22625 -0.45897248372 0.0 61.0
-5.630651 111.22625 -0.45897248373 0.0 62.0
-5.630651 113.06867 -0.45897248373 0.0 62.0
-7.3435597 102.24647 0.0374 4.0 57.0
-7.802532 104.03081 0.0374 4.0 57.0
-7.802532 104.03081 0.0375 3.0 58.0
-8.261505 105.81515 0.0375 3.0 58.0
-8.261505 105.81515 0.0376 0.0 59.0
-8.261505 107.65757 0.0376 0.0 59.0
-8.261505 107.65757 0.0377 0.0 60.0
-8.261505 109.49999 0.0377 0.0 60.0
-8.261505 105.81515 0.0378 2.0 59.0
-8.720478 107.59949 0.0378 2.0 59.0
-8.720478 107.59949 0.0379 1.0 60.0
-9.179451 109.38383 0.0379 1.0 60.0
-9.179451 109.38383 0.0380 0.0 61.0
-9.179451 111.22625 0.0380 0.0 61.0
-9.179451 111.22625 0.0381 0.0 62.0
-9.179451 113.06867 0.0381 0.0 62.0
-9.179451 109.38383 0.0382 0.0 61.0
-10.068458 110.99758 0.0382 0.0 61.0
-10.068458 110.99758 0.0383 0.0 62.0
-10.957464 112.611336 0.0383 0.0 62.0
-7.3435597 87.50709 0.0384 12.0 49.0
-8.232566 89.12084 0.0384 12.0 49.0
-8.232566 89.12084 0.0385 11.0 50.0
-9.1215725 90.7346 0.0385 11.0 50.0
-9.1215725 90.7346 0.0386 10.0 51.0
-10.010579 92.34835 0.0386 10.0 51.0
-10.010579 92.34835 0.0387 9.0 52.0
-10.899586 93.962105 0.0387 9.0 52.0
-10.899586 93.962105 0.0388 4.0 53.0
-11.993364 95.30352 0.63149345388 4.0 53.0
-11.993364 95.30352 0.63149345389 3.0 54.0
-13.087143 96.644936 1.2629869389 3.0 54.0
-13.087143 96.644936 1.2629869390 0.0 55.0
-13.857045 98.25869 1.70749390 0.0 55.0
-13.857045 98.25869 1.70749391 0.0 56.0
-14.746052 99.872444 1.70749391 0.0 56.0
-13.087143 96.644936 1.2629869392 2.0 55.0
-14.35013 97.98635 1.2629869392 2.0 55.0
-14.35013 97.98635 1.2629869393 1.0 56.0
-15.613117 99.32777 1.2629869393 1.0 56.0
-15.613117 99.32777 1.2629869394 0.0 57.0
-16.383018 100.94152 1.70749394 0.0 57.0
-16.383018 100.94152 1.70749395 0.0 58.0
-17.272024 102.555275 1.70749395 0.0 58.0
-15.613117 99.32777 1.2629869396 0.0 57.0
-17.170452 100.31226 1.2629869396 0.0 57.0
-17.170452 100.31226 1.2629869397 0.0 58.0
-18.727787 101.29676 1.2629869397 0.0 58.0
-10.899586 93.962105 0.0398 8.0 53.0
-11.788592 95.57586 0.0398 8.0 53.0
-11.788592 95.57586 0.0399 7.0 54.0
-12.677599 97.18961 0.0399 7.0 54.0
-12.677599 97.18961 0.0400 6.0 55.0
-13.566606 98.80337 0.0400 6.0 55.0
-13.566606 98.80337 0.0401 5.0 56.0
-14.455612 100.41712 0.0401 5.0 56.0
-14.455612 100.41712 0.0402 4.0 57.0
-14.853094 102.20146 0.22948624402 4.0 57.0
-14.853094 102.20146 0.22948624403 3.0 58.0
-15.250576 103.9858 0.45897248403 3.0 58.0
-15.250576 103.9858 0.45897248404 0.0 59.0
-15.250576 105.828224 0.45897248404 0.0 59.0
-15.250576 105.828224 0.45897248405 0.0 60.0
-15.250576 107.67065 0.45897248405 0.0 60.0
-15.250576 103.9858 0.45897248406 2.0 59.0
-15.709549 105.77014 0.45897248406 2.0 59.0
-15.709549 105.77014 0.45897248407 1.0 60.0
-16.168522 107.55448 0.45897248407 1.0 60.0
-16.168522 107.55448 0.45897248408 0.0 61.0
-16.168522 109.396904 0.45897248408 0.0 61.0
-16.168522 109.396904 0.45897248409 0.0 62.0
-16.168522 111.23933 0.45897248409 0.0 62.0
-16.168522 107.55448 0.45897248410 0.0 61.0
-17.057528 109.168236 0.45897248410 0.0 61.0
-17.057528 109.168236 0.45897248411 0.0 62.0
-17.946533 110.78199 0.45897248411 0.0 62.0
-14.455612 100.41712 0.0412 4.0 57.0
-15.718599 101.75854 0.0412 4.0 57.0
-15.718599 101.75854 0.0413 3.0 58.0
-16.981586 103.09995 0.0413 3.0 58.0
-16.981586 103.09995 0.0414 0.0 59.0
-17.751488 104.71371 0.44450307414 0.0 59.0
-17.751488 104.71371 0.44450307415 0.0 60.0
-18.640493 106.32746 0.44450307415 0.0 60.0
-16.981586 103.09995 0.0416 2.0 59.0
-18.244574 104.44137 0.0416 2.0 59.0
-18.244574 104.44137 0.0417 1.0 60.0
-19.50756 105.78278 0.0417 1.0 60.0
-19.50756 105.78278 0.0418 0.0 61.0
-20.277462 107.39654 0.44450307418 0.0 61.0
-20.277462 107.39654 0.44450307419 0.0 62.0
-21.166468 109.01029 0.44450307419 0.0 62.0
-19.50756 105.78278 0.0420 0.0 61.0
-21.064896 106.76728 0.0420 0.0 61.0
-21.064896 106.76728 0.0421 0.0 62.0
-22.62223 107.75178 0.0421 0.0 62.0
