0.0 0.0 0.00 27.0 1.0
0.0 3.0850563 0.00 27.0 1.0
0.0 3.0850563 0.01 26.0 2.0
0.0 6.1701126 0.01 26.0 2.0
0.0 6.1701126 0.02 1.0 3.0
2.5194428 7.196814 -1.4546012 1.0 3.0
2.5194428 7.196814 -1.4546013 0.0 4.0
4.0625896 9.715246 -2.34553743 0.0 4.0
4.0625896 9.715246 -2.34553744 0.0 5.0
4.0625896 12.8003025 -2.34553744 0.0 5.0
0.0 6.1701126 0.05 1.0 3.0
-1.543147 8.688545 0.89093635 1.0 3.0
-1.543147 8.688545 0.89093636 0.0 4.0
-1.543147 11.773602 0.89093636 0.0 4.0
-1.543147 11.773602 0.89093637 0.0 5.0
0.0 14.292034 0.07 0.0 5.0
0.0 6.1701126 0.08 25.0 3.0
0.0 9.255169 0.08 25.0 3.0
0.0 9.255169 0.09 24.0 4.0
0.0 12.340225 0.09 24.0 4.0
0.0 12.340225 0.010 1.0 5.0
2.5194428 13.366926 -1.45460110 1.0 5.0
2.5194428 13.366926 -1.45460111 0.0 6.0
4.0625896 15.885359 -2.345537411 0.0 6.0
4.0625896 15.885359 -2.345537412 0.0 7.0
4.0625896 18.970415 -2.345537412 0.0 7.0
0.0 12.340225 0.013 1.0 5.0
-1.543147 14.858658 0.890936313 1.0 5.0
-1.543147 14.858658 0.890936314 0.0 6.0
-1.543147 17.943714 0.890936314 0.0 6.0
-1.543147 17.943714 0.890936315 0.0 7.0
0.0 20.462147 0.015 0.0 7.0
0.0 12.340225 0.016 7.0 5.0
0.0 15.425282 0.016 7.0 5.0
0.0 15.425282 0.017 6.0 6.0
0.0 18.510338 0.017 6.0 6.0
0.0 18.510338 0.018 1.0 7.0
2.5194428 19.537039 -1.45460118 1.0 7.0
2.5194428 19.537039 -1.45460119 0.0 8.0
4.0625896 22.055471 -2.345537419 0.0 8.0
4.0625896 22.055471 -2.345537420 0.0 9.0
4.0625896 25.140528 -2.345537420 0.0 9.0
0.0 18.510338 0.021 1.0 7.0
-1.543147 21.02877 0.890936321 1.0 7.0
-1.543147 21.02877 0.890936322 0.0 8.0
-1.543147 24.113827 0.890936322 0.0 8.0
-1.543147 24.113827 0.890936323 0.0 9.0
0.0 26.63226 0.023 0.0 9.0
0.0 18.510338 0.024 5.0 7.0
-1.7818726 21.02877 0.024 5.0 7.0
-1.7818726 21.02877 0.025 4.0 8.0
-3.5637453 23.547203 0.025 4.0 8.0
-3.5637453 23.547203 0.026 1.0 9.0
-2.0205984 26.065636 -0.890936326 1.0 9.0
-2.0205984 26.065636 -0.890936327 0.0 10.0
-2.0205984 29.150692 -0.890936327 0.0 10.0
-2.0205984 29.150692 -0.890936328 0.0 11.0
-3.5637455 31.669125 0.028 0.0 11.0
-3.5637453 23.547203 0.029 1.0 9.0
-6.083188 24.573904 1.45460129 1.0 9.0
-6.083188 24.573904 1.45460130 0.0 10.0
-7.626335 27.092337 2.345537430 0.0 10.0
-7.626335 27.092337 2.345537431 0.0 11.0
-7.626335 30.177393 2.345537431 0.0 11.0
-3.5637453 23.547203 0.032 3.0 9.0
-6.472947 24.573904 0.032 3.0 9.0
-6.472947 24.573904 0.033 2.0 10.0
-9.382149 25.600605 0.033 2.0 10.0
-9.382149 25.600605 0.034 1.0 11.0
-9.382149 28.685661 0.034 1.0 11.0
-9.382149 28.685661 0.035 0.0 12.0
-10.925296 31.204094 0.890936335 0.0 12.0
-10.925296 31.204094 0.890936336 0.0 13.0
-13.444738 32.230797 2.345537436 0.0 13.0
-9.382149 25.600605 0.037 1.0 11.0
-11.952409 24.758432 1.483940537 1.0 11.0
-11.952409 24.758432 1.483940538 0.0 12.0
-14.471851 25.785133 2.938541438 0.0 12.0
-14.471851 25.785133 2.938541439 0.0 13.0
-16.014997 28.303566 3.829477839 0.0 13.0
0.0 12.340225 0.040 7.0 5.0
-2.5702603 11.498053 1.483940540 7.0 5.0
-2.5702603 11.498053 1.483940541 6.0 6.0
-5.1405206 10.65588 2.96788141 6.0 6.0
-5.1405206 10.65588 2.96788142 1.0 7.0
-6.6836677 13.174313 3.858817342 1.0 7.0
-6.6836677 13.174313 3.858817343 0.0 8.0
-9.203111 14.201014 5.313418443 0.0 8.0
-9.203111 14.201014 5.313418444 0.0 9.0
-11.773371 13.358841 6.79735944 0.0 9.0
-5.1405206 10.65588 2.96788145 1.0 7.0
-6.8174534 8.254192 3.936058545 1.0 7.0
-6.8174534 8.254192 3.936058546 0.0 8.0
-9.387713 7.4120197 5.41999946 0.0 8.0
-9.387713 7.4120197 5.41999947 0.0 9.0
-11.907156 8.438721 6.874600447 0.0 9.0
-5.1405206 10.65588 2.96788148 5.0 7.0
-8.049723 11.682581 2.96788148 5.0 7.0
-8.049723 11.682581 2.96788149 4.0 8.0
-10.958925 12.709282 2.96788149 4.0 8.0
-10.958925 12.709282 2.96788150 1.0 9.0
-10.958925 15.794338 2.96788150 1.0 9.0
-10.958925 15.794338 2.96788151 0.0 10.0
-12.502072 18.31277 3.858817351 0.0 10.0
-12.502072 18.31277 3.858817352 0.0 11.0
-15.021515 19.339472 5.313418452 0.0 11.0
-10.958925 12.709282 2.96788153 1.0 9.0
-13.529185 11.867109 4.451821353 1.0 9.0
-13.529185 11.867109 4.451821354 0.0 10.0
-16.048628 12.89381 5.906422654 0.0 10.0
-16.048628 12.89381 5.906422655 0.0 11.0
-17.591774 15.412243 6.79735955 0.0 11.0
-10.958925 12.709282 2.96788156 3.0 9.0
-12.740798 15.227715 2.96788156 3.0 9.0
-12.740798 15.227715 2.96788157 2.0 10.0
-14.522671 17.746147 2.96788157 2.0 10.0
-14.522671 17.746147 2.96788158 1.0 11.0
-12.979524 20.26458 2.076944658 1.0 11.0
-12.979524 20.26458 2.076944659 0.0 12.0
-12.979524 23.349636 2.076944659 0.0 12.0
-12.979524 23.349636 2.076944660 0.0 13.0
-14.522671 25.868069 2.96788160 0.0 13.0
-14.522671 17.746147 2.96788161 1.0 11.0
-17.042114 18.772848 4.42248261 1.0 11.0
-17.042114 18.772848 4.42248262 0.0 12.0
-18.58526 21.29128 5.313418462 0.0 12.0
-18.58526 21.29128 5.313418463 0.0 13.0
-18.58526 24.376337 5.313418463 0.0 13.0
0.0 12.340225 0.064 23.0 5.0
-2.909202 13.366926 0.064 23.0 5.0
-2.909202 13.366926 0.065 22.0 6.0
-5.818404 14.393627 0.065 22.0 6.0
-5.818404 14.393627 0.066 1.0 7.0
-5.818404 17.478683 0.066 1.0 7.0
-5.818404 17.478683 0.067 0.0 8.0
-7.3615513 19.997116 0.890936367 0.0 8.0
-7.3615513 19.997116 0.890936368 0.0 9.0
-9.880994 21.023817 2.345537468 0.0 9.0
-5.818404 14.393627 0.069 1.0 7.0
-8.388664 13.551455 1.483940569 1.0 7.0
-8.388664 13.551455 1.483940570 0.0 8.0
-10.908107 14.5781555 2.938541470 0.0 8.0
-10.908107 14.5781555 2.938541471 0.0 9.0
-12.451254 17.096588 3.829477871 0.0 9.0
-5.818404 14.393627 0.072 21.0 7.0
-8.727606 15.420328 0.072 21.0 7.0
-8.727606 15.420328 0.073 20.0 8.0
-11.636808 16.44703 0.073 20.0 8.0
-11.636808 16.44703 0.074 1.0 9.0
-11.636808 19.532085 0.074 1.0 9.0
-11.636808 19.532085 0.075 0.0 10.0
-13.1799555 22.050518 0.890936375 0.0 10.0
-13.1799555 22.050518 0.890936376 0.0 11.0
-15.699398 23.077219 2.345537476 0.0 11.0
-11.636808 16.44703 0.077 1.0 9.0
-14.207068 15.6048565 1.483940577 1.0 9.0
-14.207068 15.6048565 1.483940578 0.0 10.0
-16.726511 16.631557 2.938541478 0.0 10.0
-16.726511 16.631557 2.938541479 0.0 11.0
-18.269657 19.14999 3.829477879 0.0 11.0
-11.636808 16.44703 0.080 7.0 9.0
-14.156251 17.47373 1.45460180 7.0 9.0
-14.156251 17.47373 1.45460181 6.0 10.0
-16.675694 18.500431 2.90920281 6.0 10.0
-16.675694 18.500431 2.90920282 1.0 11.0
-16.675694 21.585487 2.90920282 1.0 11.0
-16.675694 21.585487 2.90920283 0.0 12.0
-18.21884 24.10392 3.800138583 0.0 12.0
-18.21884 24.10392 3.800138584 0.0 13.0
-20.738283 25.130621 5.254739884 0.0 13.0
-16.675694 18.500431 2.90920285 1.0 11.0
-19.245955 17.658258 4.393142785 1.0 11.0
-19.245955 17.658258 4.393142786 0.0 12.0
-21.765398 18.68496 5.84774486 0.0 12.0
-21.765398 18.68496 5.84774487 0.0 13.0
-23.308544 21.203392 6.738680487 0.0 13.0
-16.675694 18.500431 2.90920288 5.0 11.0
-19.643574 17.658258 2.90920288 5.0 11.0
-19.643574 17.658258 2.90920289 4.0 12.0
-22.611454 16.816086 2.90920289 4.0 12.0
-22.611454 16.816086 2.90920290 1.0 13.0
-24.1546 19.334518 3.800138590 1.0 13.0
-24.1546 19.334518 3.800138591 0.0 14.0
-26.674044 20.36122 5.254739891 0.0 14.0
-26.674044 20.36122 5.254739892 0.0 15.0
-29.244305 19.519047 6.738680492 0.0 15.0
-22.611454 16.816086 2.90920293 1.0 13.0
-24.288387 14.414398 3.877379793 1.0 13.0
-24.288387 14.414398 3.877379794 0.0 14.0
-26.858648 13.572226 5.3613294 0.0 14.0
-26.858648 13.572226 5.3613295 0.0 15.0
-29.378092 14.598927 6.81592195 0.0 15.0
-22.611454 16.816086 2.90920296 3.0 13.0
-24.54781 14.414398 2.90920296 3.0 13.0
-24.54781 14.414398 2.90920297 2.0 14.0
-26.484165 12.012711 2.90920297 2.0 14.0
-26.484165 12.012711 2.90920298 1.0 15.0
-29.003609 13.039412 4.36380398 1.0 15.0
-29.003609 13.039412 4.36380399 0.0 16.0
-31.57387 12.197239 5.847743599 0.0 16.0
-31.57387 12.197239 5.8477435100 0.0 17.0
-33.2508 9.795551 6.815921100 0.0 17.0
-26.484165 12.012711 2.909202101 1.0 15.0
-26.651775 8.933731 3.0059714101 1.0 15.0
-26.651775 8.933731 3.0059714102 0.0 16.0
-28.328709 6.5320435 3.974149102 0.0 16.0
-28.328709 6.5320435 3.974149103 0.0 17.0
-30.89897 5.689871 5.4580894103 0.0 17.0
-11.636808 16.44703 0.0104 7.0 9.0
-11.804418 13.36805 0.09676942104 7.0 9.0
-11.804418 13.36805 0.09676942105 6.0 10.0
-11.972027 10.28907 0.19353884105 6.0 10.0
-11.972027 10.28907 0.19353884106 1.0 11.0
-14.542287 9.4468975 1.6774793106 1.0 11.0
-14.542287 9.4468975 1.6774793107 0.0 12.0
-16.21922 7.04521 2.6456568107 0.0 12.0
-16.21922 7.04521 2.6456568108 0.0 13.0
-16.38683 3.9662304 2.7424262108 0.0 13.0
-11.972027 10.28907 0.19353884109 1.0 11.0
-10.568745 7.6638136 -0.6166465109 1.0 11.0
-10.568745 7.6638136 -0.6166465110 0.0 12.0
-10.736354 4.584834 -0.5198771110 0.0 12.0
-10.736354 4.584834 -0.5198771111 0.0 13.0
-12.413286 2.1831467 0.44830042111 0.0 13.0
-11.972027 10.28907 0.19353884112 5.0 11.0
-13.908381 7.8873825 0.19353884112 5.0 11.0
-13.908381 7.8873825 0.19353884113 4.0 12.0
-15.844736 5.485695 0.19353884113 4.0 12.0
-15.844736 5.485695 0.19353884114 1.0 13.0
-18.36418 6.5123963 1.64814114 1.0 13.0
-18.36418 6.5123963 1.64814115 0.0 14.0
-20.93444 5.670224 3.1320806115 0.0 14.0
-20.93444 5.670224 3.1320806116 0.0 15.0
-22.611374 3.2685368 4.100258116 0.0 15.0
-15.844736 5.485695 0.19353884117 1.0 13.0
-16.012346 2.4067154 0.29030827117 1.0 13.0
-16.012346 2.4067154 0.29030827118 0.0 14.0
-17.68928 0.0050280094 1.2584858118 0.0 14.0
-17.68928 0.0050280094 1.2584858119 0.0 15.0
-20.25954 -0.8371444 2.7424264119 0.0 15.0
-15.844736 5.485695 0.19353884120 3.0 13.0
-18.812616 4.6435223 0.19353884120 3.0 13.0
-18.812616 4.6435223 0.19353884121 2.0 14.0
-21.780497 3.8013499 0.19353884121 2.0 14.0
-21.780497 3.8013499 0.19353884122 1.0 15.0
-23.323643 6.3197823 1.0844752122 1.0 15.0
-23.323643 6.3197823 1.0844752123 0.0 16.0
-25.843086 7.3464837 2.5390763123 0.0 16.0
-25.843086 7.3464837 2.5390763124 0.0 17.0
-28.413347 6.5043116 4.023017124 0.0 17.0
-21.780497 3.8013499 0.19353884125 1.0 15.0
-23.45743 1.3996625 1.1617163125 1.0 15.0
-23.45743 1.3996625 1.1617163126 0.0 16.0
-26.02769 0.5574901 2.6456568126 0.0 16.0
-26.02769 0.5574901 2.6456568127 0.0 17.0
-28.547134 1.5841916 4.100258127 0.0 17.0
-11.636808 16.44703 0.0128 19.0 9.0
-13.313741 14.0453415 0.9681775128 19.0 9.0
-13.313741 14.0453415 0.9681775129 18.0 10.0
-14.990673 11.643654 1.936355129 18.0 10.0
-14.990673 11.643654 1.936355130 1.0 11.0
-17.510117 12.670355 3.390956130 1.0 11.0
-17.510117 12.670355 3.390956131 0.0 12.0
-20.080378 11.828182 4.8748965131 0.0 12.0
-20.080378 11.828182 4.8748965132 0.0 13.0
-21.75731 9.426495 5.843074132 0.0 13.0
-14.990673 11.643654 1.936355133 1.0 11.0
-15.158282 8.564674 2.0331244133 1.0 11.0
-15.158282 8.564674 2.0331244134 0.0 12.0
-16.835215 6.1629868 3.001302134 0.0 12.0
-16.835215 6.1629868 3.001302135 0.0 13.0
-19.405476 5.320814 4.4852424135 0.0 13.0
-14.990673 11.643654 1.936355136 17.0 11.0
-16.927029 9.241966 1.936355136 17.0 11.0
-16.927029 9.241966 1.936355137 16.0 12.0
-18.863384 6.8402786 1.936355137 16.0 12.0
-18.863384 6.8402786 1.936355138 1.0 13.0
-21.382828 7.86698 3.390956138 1.0 13.0
-21.382828 7.86698 3.390956139 0.0 14.0
-23.953089 7.024808 4.8748965139 0.0 14.0
-23.953089 7.024808 4.8748965140 0.0 15.0
-25.630022 4.6231203 5.843074140 0.0 15.0
-18.863384 6.8402786 1.936355141 1.0 13.0
-19.030994 3.7612991 2.0331244141 1.0 13.0
-19.030994 3.7612991 2.0331244142 0.0 14.0
-20.707928 1.3596117 3.001302142 0.0 14.0
-20.707928 1.3596117 3.001302143 0.0 15.0
-23.278189 0.51743937 4.4852424143 0.0 15.0
-18.863384 6.8402786 1.936355144 7.0 13.0
-20.540318 4.438591 2.9045324144 7.0 13.0
-20.540318 4.438591 2.9045324145 6.0 14.0
-22.21725 2.0369036 3.87271145 6.0 14.0
-22.21725 2.0369036 3.87271146 1.0 15.0
-24.736694 3.063605 5.327311146 1.0 15.0
-24.736694 3.063605 5.327311147 0.0 16.0
-27.306955 2.2214327 6.8112516147 0.0 16.0
-27.306955 2.2214327 6.8112516148 0.0 17.0
-28.983889 -0.1802547 7.779429148 0.0 17.0
-22.21725 2.0369036 3.87271149 1.0 15.0
-22.384861 -1.0420759 3.9694793149 1.0 15.0
-22.384861 -1.0420759 3.9694793150 0.0 16.0
-24.061794 -3.4437633 4.937657150 0.0 16.0
-24.061794 -3.4437633 4.937657151 0.0 17.0
-26.632055 -4.2859354 6.4215975151 0.0 17.0
-22.21725 2.0369036 3.87271152 5.0 15.0
-22.41079 -1.0420759 3.87271152 5.0 15.0
-22.41079 -1.0420759 3.87271153 4.0 16.0
-22.604328 -4.1210556 3.87271153 4.0 16.0
-22.604328 -4.1210556 3.87271154 1.0 17.0
-25.17459 -4.963228 5.3566504154 1.0 17.0
-25.17459 -4.963228 5.3566504155 0.0 18.0
-26.851522 -7.364916 6.3248277155 0.0 18.0
-26.851522 -7.364916 6.3248277156 0.0 19.0
-27.019133 -10.443895 6.421597156 0.0 19.0
-22.604328 -4.1210556 3.87271157 1.0 17.0
-21.201046 -6.746312 3.0625246157 1.0 17.0
-21.201046 -6.746312 3.0625246158 0.0 18.0
-21.368656 -9.825292 3.159294158 0.0 18.0
-21.368656 -9.825292 3.159294159 0.0 19.0
-23.04559 -12.226979 4.1274714159 0.0 19.0
-22.604328 -4.1210556 3.87271160 3.0 17.0
-20.983957 -6.746312 3.87271160 3.0 17.0
-20.983957 -6.746312 3.87271161 2.0 18.0
-19.363586 -9.371569 3.87271161 2.0 18.0
-19.363586 -9.371569 3.87271162 1.0 19.0
-21.04052 -11.773256 4.8408875162 1.0 19.0
-21.04052 -11.773256 4.8408875163 0.0 20.0
-21.20813 -14.852236 4.937657163 0.0 20.0
-21.20813 -14.852236 4.937657164 0.0 21.0
-19.804848 -17.477493 4.1274714164 0.0 21.0
-19.363586 -9.371569 3.87271165 1.0 19.0
-16.904886 -10.578755 2.453179165 1.0 19.0
-16.904886 -10.578755 2.453179166 0.0 20.0
-15.501604 -13.204012 1.6429938166 0.0 20.0
-15.501604 -13.204012 1.6429938167 0.0 21.0
-15.669214 -16.282991 1.7397636167 0.0 21.0
-18.863384 6.8402786 1.936355168 7.0 13.0
-16.404684 5.633092 0.516824168 7.0 13.0
-16.404684 5.633092 0.516824169 6.0 14.0
-13.945984 4.425905 -0.902707169 6.0 14.0
-13.945984 4.425905 -0.902707170 1.0 15.0
-14.113594 1.3469257 -0.8059372170 1.0 15.0
-14.113594 1.3469257 -0.8059372171 0.0 16.0
-12.710312 -1.278331 -1.6161222171 0.0 16.0
-12.710312 -1.278331 -1.6161222172 0.0 17.0
-10.251612 -2.4855175 -3.035653172 0.0 17.0
-13.945984 4.425905 -0.902707173 1.0 15.0
-11.3350315 5.0802307 -2.410141173 1.0 15.0
-11.3350315 5.0802307 -2.410141174 0.0 16.0
-8.876331 3.873044 -3.8296719174 0.0 16.0
-8.876331 3.873044 -3.8296719175 0.0 17.0
-7.4730496 1.2477872 -4.639857175 0.0 17.0
-13.945984 4.425905 -0.902707176 5.0 15.0
-12.325614 1.8006485 -0.902707176 5.0 15.0
-12.325614 1.8006485 -0.902707177 4.0 16.0
-10.705244 -0.8246083 -0.902707177 4.0 16.0
-10.705244 -0.8246083 -0.902707178 1.0 17.0
-12.382177 -3.2262952 0.065470755178 1.0 17.0
-12.382177 -3.2262952 0.065470755179 0.0 18.0
-12.5497875 -6.305275 0.16224054179 0.0 18.0
-12.5497875 -6.305275 0.16224054180 0.0 19.0
-11.146505 -8.9305315 -0.64794457180 0.0 19.0
-10.705244 -0.8246083 -0.902707181 1.0 17.0
-8.246544 -2.031795 -2.322238181 1.0 17.0
-8.246544 -2.031795 -2.322238182 0.0 18.0
-6.843262 -4.657052 -3.132423182 0.0 18.0
-6.843262 -4.657052 -3.132423183 0.0 19.0
-7.0108724 -7.7360315 -3.035653183 0.0 19.0
-10.705244 -0.8246083 -0.902707184 3.0 17.0
-10.898784 -3.9035878 -0.902707184 3.0 17.0
-10.898784 -3.9035878 -0.902707185 2.0 18.0
-11.092323 -6.9825673 -0.902707185 2.0 18.0
-11.092323 -6.9825673 -0.902707186 1.0 19.0
-13.662584 -7.824739 0.5812336186 1.0 19.0
-13.662584 -7.824739 0.5812336187 0.0 20.0
-15.339518 -10.226426 1.5494113187 0.0 20.0
-15.339518 -10.226426 1.5494113188 0.0 21.0
-15.507128 -13.305406 1.6461811188 0.0 21.0
-11.092323 -6.9825673 -0.902707189 1.0 19.0
-9.689041 -9.607824 -1.712892189 1.0 19.0
-9.689041 -9.607824 -1.712892190 0.0 20.0
-9.856651 -12.686804 -1.6161222190 0.0 20.0
-9.856651 -12.686804 -1.6161222191 0.0 21.0
-11.533585 -15.0884905 -0.6479445191 0.0 21.0
-18.863384 6.8402786 1.936355192 15.0 13.0
-16.024323 5.633092 1.936355192 15.0 13.0
-16.024323 5.633092 1.936355193 14.0 14.0
-13.185261 4.425905 1.936355193 14.0 14.0
-13.185261 4.425905 1.936355194 1.0 15.0
-13.352871 1.3469257 2.0331247194 1.0 15.0
-13.352871 1.3469257 2.0331247195 0.0 16.0
-11.949589 -1.278331 1.2229396195 0.0 16.0
-11.949589 -1.278331 1.2229396196 0.0 17.0
-9.490889 -2.4855175 -0.19659138196 0.0 17.0
-13.185261 4.425905 1.936355197 1.0 15.0
-10.574308 5.0802307 0.42892087197 1.0 15.0
-10.574308 5.0802307 0.42892087198 0.0 16.0
-8.115608 3.873044 -0.9906101198 0.0 16.0
-8.115608 3.873044 -0.9906101199 0.0 17.0
-6.7123265 1.2477872 -1.8007952199 0.0 17.0
-13.185261 4.425905 1.936355200 13.0 15.0
-10.346199 3.2187185 1.936355200 13.0 15.0
-10.346199 3.2187185 1.936355201 12.0 16.0
-7.5071373 2.0115318 1.936355201 12.0 16.0
-7.5071373 2.0115318 1.936355202 1.0 17.0
-7.6747475 -1.0674477 2.0331247202 1.0 17.0
-7.6747475 -1.0674477 2.0331247203 0.0 18.0
-6.271466 -3.6927044 1.2229396203 0.0 18.0
-6.271466 -3.6927044 1.2229396204 0.0 19.0
-3.812766 -4.899891 -0.19659138204 0.0 19.0
-7.5071373 2.0115318 1.936355205 1.0 17.0
-4.896185 2.6658573 0.42892087205 1.0 17.0
-4.896185 2.6658573 0.42892087206 0.0 18.0
-2.4374852 1.4586707 -0.9906101206 0.0 18.0
-2.4374852 1.4586707 -0.9906101207 0.0 19.0
-1.0342035 -1.166586 -1.8007952207 0.0 19.0
-7.5071373 2.0115318 1.936355208 7.0 17.0
-5.0484376 0.80434525 0.516824208 7.0 17.0
-5.0484376 0.80434525 0.516824209 6.0 18.0
-2.589738 -0.40284133 -0.902707209 6.0 18.0
-2.589738 -0.40284133 -0.902707210 1.0 19.0
-2.757348 -3.4818208 -0.8059372210 1.0 19.0
-2.757348 -3.4818208 -0.8059372211 0.0 20.0
-1.3540664 -6.1070776 -1.6161222211 0.0 20.0
-1.3540664 -6.1070776 -1.6161222212 0.0 21.0
1.1046333 -7.3142643 -3.035653212 0.0 21.0
-2.589738 -0.40284133 -0.902707213 1.0 19.0
0.021214485 0.25148427 -2.410141213 1.0 19.0
0.021214485 0.25148427 -2.410141214 0.0 20.0
2.4799142 -0.9557023 -3.8296719214 0.0 20.0
2.4799142 -0.9557023 -3.8296719215 0.0 21.0
3.8831959 -3.580959 -4.639857215 0.0 21.0
-2.589738 -0.40284133 -0.902707216 5.0 19.0
0.42513037 0.25148427 -0.902707216 5.0 19.0
0.42513037 0.25148427 -0.902707217 4.0 20.0
3.4399986 0.9058099 -0.902707217 4.0 20.0
3.4399986 0.9058099 -0.902707218 1.0 21.0
4.8432803 -1.7194469 -1.712892218 1.0 21.0
4.8432803 -1.7194469 -1.712892219 0.0 22.0
7.30198 -2.9266334 -3.132423219 0.0 22.0
7.30198 -2.9266334 -3.132423220 0.0 23.0
9.912932 -2.2723079 -4.6398573220 0.0 23.0
3.4399986 0.9058099 -0.902707221 1.0 21.0
5.24411 3.181291 -1.9443113221 1.0 21.0
5.24411 3.181291 -1.9443113222 0.0 22.0
7.8550625 3.8356166 -3.4517455222 0.0 22.0
7.8550625 3.8356166 -3.4517455223 0.0 23.0
10.313763 2.62843 -4.8712764223 0.0 23.0
3.4399986 0.9058099 -0.902707224 3.0 21.0
5.523207 3.181291 -0.902707224 3.0 21.0
5.523207 3.181291 -0.902707225 2.0 22.0
7.6064157 5.4567723 -0.902707225 2.0 22.0
7.6064157 5.4567723 -0.902707226 1.0 23.0
10.065115 4.2495856 -2.322238226 1.0 23.0
10.065115 4.2495856 -2.322238227 0.0 24.0
12.676067 4.903911 -3.829672227 0.0 24.0
12.676067 4.903911 -3.829672228 0.0 25.0
14.480179 7.1793923 -4.8712764228 0.0 25.0
7.6064157 5.4567723 -0.902707229 1.0 23.0
7.9409733 8.517546 -1.0958638229 1.0 23.0
7.9409733 8.517546 -1.0958638230 0.0 24.0
9.745085 10.793027 -2.137468230 0.0 24.0
9.745085 10.793027 -2.137468231 0.0 25.0
12.356037 11.447352 -3.6449022231 0.0 25.0
-7.5071373 2.0115318 1.936355232 7.0 17.0
-7.17258 5.072305 1.7431982232 7.0 17.0
-7.17258 5.072305 1.7431982233 6.0 18.0
-6.838022 8.133079 1.5500412233 6.0 18.0
-6.838022 8.133079 1.5500412234 1.0 19.0
-4.22707 8.787404 0.04260707234 1.0 19.0
-4.22707 8.787404 0.04260707235 0.0 20.0
-2.4229584 11.062885 -0.9989972235 0.0 20.0
-2.4229584 11.062885 -0.9989972236 0.0 21.0
-2.0884008 14.123659 -1.1921542236 0.0 21.0
-6.838022 8.133079 1.5500412237 1.0 19.0
-8.095913 10.8548155 2.276285237 1.0 19.0
-8.095913 10.8548155 2.276285238 0.0 20.0
-7.7613554 13.915588 2.083128238 0.0 20.0
-7.7613554 13.915588 2.083128239 0.0 21.0
-5.957244 16.19107 1.0415237239 0.0 21.0
-6.838022 8.133079 1.5500412240 5.0 19.0
-4.7548137 10.40856 1.5500412240 5.0 19.0
-4.7548137 10.40856 1.5500412241 4.0 20.0
-2.671605 12.684041 1.5500412241 4.0 20.0
-2.671605 12.684041 1.5500412242 1.0 21.0
-0.2129054 11.476854 0.13051021242 1.0 21.0
-0.2129054 11.476854 0.13051021243 0.0 22.0
2.398047 12.13118 -1.3769239243 0.0 22.0
2.398047 12.13118 -1.3769239244 0.0 23.0
4.2021585 14.406661 -2.418528244 0.0 23.0
-2.671605 12.684041 1.5500412245 1.0 21.0
-2.3370476 15.744814 1.3568842245 1.0 21.0
-2.3370476 15.744814 1.3568842246 0.0 22.0
-0.5329361 18.020294 0.31527996246 0.0 22.0
-0.5329361 18.020294 0.31527996247 0.0 23.0
2.0780163 18.67462 -1.1921542247 0.0 23.0
-2.671605 12.684041 1.5500412248 3.0 21.0
0.34326315 13.3383665 1.5500412248 3.0 21.0
0.34326315 13.3383665 1.5500412249 2.0 22.0
3.3581314 13.992692 1.5500412249 2.0 22.0
3.3581314 13.992692 1.5500412250 1.0 23.0
4.761413 11.367435 0.7398561250 1.0 23.0
4.761413 11.367435 0.7398561251 0.0 24.0
7.220113 10.160249 -0.67967486251 0.0 24.0
7.220113 10.160249 -0.67967486252 0.0 25.0
9.831065 10.814574 -2.187109252 0.0 25.0
3.3581314 13.992692 1.5500412253 1.0 23.0
5.162243 16.268173 0.5084369253 1.0 23.0
5.162243 16.268173 0.5084369254 0.0 24.0
7.7731953 16.922499 -0.9989972254 0.0 24.0
7.7731953 16.922499 -0.9989972255 0.0 25.0
10.231895 15.715312 -2.418528255 0.0 25.0
-7.5071373 2.0115318 1.936355256 11.0 17.0
-7.1208234 5.072305 1.936355256 11.0 17.0
-7.1208234 5.072305 1.936355257 10.0 18.0
-6.7345095 8.133079 1.936355257 10.0 18.0
-6.7345095 8.133079 1.936355258 1.0 19.0
-4.123557 8.787404 0.42892087258 1.0 19.0
-4.123557 8.787404 0.42892087259 0.0 20.0
-2.3194456 11.062885 -0.6126834259 0.0 20.0
-2.3194456 11.062885 -0.6126834260 0.0 21.0
-1.9848881 14.123659 -0.8058403260 0.0 21.0
-6.7345095 8.133079 1.936355261 1.0 19.0
-7.9924 10.8548155 2.6625986261 1.0 19.0
-7.9924 10.8548155 2.6625986262 0.0 20.0
-7.6578426 13.915588 2.4694417262 0.0 20.0
-7.6578426 13.915588 2.4694417263 0.0 21.0
-5.853731 16.19107 1.4278374263 0.0 21.0
-6.7345095 8.133079 1.936355264 9.0 19.0
-6.3481956 11.193851 1.936355264 9.0 19.0
-6.3481956 11.193851 1.936355265 8.0 20.0
-5.9618816 14.254625 1.936355265 8.0 20.0
-5.9618816 14.254625 1.936355266 1.0 21.0
-3.3509293 14.908951 0.42892087266 1.0 21.0
-3.3509293 14.908951 0.42892087267 0.0 22.0
-1.5468178 17.184433 -0.6126834267 0.0 22.0
-1.5468178 17.184433 -0.6126834268 0.0 23.0
-1.2122602 20.245207 -0.8058403268 0.0 23.0
-5.9618816 14.254625 1.936355269 1.0 21.0
-7.2197723 16.976362 2.6625986269 1.0 21.0
-7.2197723 16.976362 2.6625986270 0.0 22.0
-6.885215 20.037136 2.4694417270 0.0 22.0
-6.885215 20.037136 2.4694417271 0.0 23.0
-5.0811033 22.312618 1.4278374271 0.0 23.0
-5.9618816 14.254625 1.936355272 7.0 21.0
-5.627324 17.3154 1.7431982272 7.0 21.0
-5.627324 17.3154 1.7431982273 6.0 22.0
-5.2927666 20.376173 1.5500412273 6.0 22.0
-5.2927666 20.376173 1.5500412274 1.0 23.0
-2.6818142 21.030499 0.04260707274 1.0 23.0
-2.6818142 21.030499 0.04260707275 0.0 24.0
-0.8777027 23.30598 -0.9989972275 0.0 24.0
-0.8777027 23.30598 -0.9989972276 0.0 25.0
-0.5431452 26.366755 -1.1921542276 0.0 25.0
-5.2927666 20.376173 1.5500412277 1.0 23.0
-6.5506573 23.09791 2.276285277 1.0 23.0
-6.5506573 23.09791 2.276285278 0.0 24.0
-6.2160997 26.158684 2.083128278 0.0 24.0
-6.2160997 26.158684 2.083128279 0.0 25.0
-4.4119883 28.434166 1.0415237279 0.0 25.0
-5.2927666 20.376173 1.5500412280 5.0 23.0
-6.745254 23.09791 1.5500412280 5.0 23.0
-6.745254 23.09791 1.5500412281 4.0 24.0
-8.1977415 25.819647 1.5500412281 4.0 24.0
-8.1977415 25.819647 1.5500412282 1.0 25.0
-6.39363 28.095127 0.5084369282 1.0 25.0
-6.39363 28.095127 0.5084369283 0.0 26.0
-6.0590725 31.155901 0.31528002283 0.0 26.0
-6.0590725 31.155901 0.31528002284 0.0 27.0
-7.316963 33.87764 1.0415237284 0.0 27.0
-8.1977415 25.819647 1.5500412285 1.0 25.0
-10.586014 27.202559 2.928911285 1.0 25.0
-10.586014 27.202559 2.928911286 0.0 26.0
-11.8439045 29.924295 3.6551547286 0.0 26.0
-11.8439045 29.924295 3.6551547287 0.0 27.0
-11.509347 32.98507 3.4619977287 0.0 27.0
-8.1977415 25.819647 1.5500412288 3.0 25.0
-10.955481 27.202559 1.5500412288 3.0 25.0
-10.955481 27.202559 1.5500412289 2.0 26.0
-13.713221 28.58547 1.5500412289 2.0 26.0
-13.713221 28.58547 1.5500412290 1.0 27.0
-13.378663 31.646244 1.3568842290 1.0 27.0
-13.378663 31.646244 1.3568842291 0.0 28.0
-14.636554 34.36798 2.083128291 0.0 28.0
-14.636554 34.36798 2.083128292 0.0 29.0
-17.024826 35.750893 3.4619977292 0.0 29.0
-13.713221 28.58547 1.5500412293 1.0 27.0
-16.35458 28.121565 3.0750303293 1.0 27.0
-16.35458 28.121565 3.0750303294 0.0 28.0
-18.742853 29.504477 4.4539003294 0.0 28.0
-18.742853 29.504477 4.4539003295 0.0 29.0
-20.000744 32.226215 5.180144295 0.0 29.0
-5.9618816 14.254625 1.936355296 7.0 21.0
-8.60324 13.790721 3.461344296 7.0 21.0
-8.60324 13.790721 3.461344297 6.0 22.0
-11.244598 13.326817 4.986333297 6.0 22.0
-11.244598 13.326817 4.986333298 1.0 23.0
-12.502489 16.048553 5.7125764298 1.0 23.0
-12.502489 16.048553 5.7125764299 0.0 24.0
-14.890761 17.431465 7.091446299 0.0 24.0
-14.890761 17.431465 7.091446300 0.0 25.0
-17.53212 16.96756 8.616435300 0.0 25.0
-11.244598 13.326817 4.986333301 1.0 23.0
-13.168779 11.186503 6.0972595301 1.0 23.0
-13.168779 11.186503 6.0972595302 0.0 24.0
-15.810138 10.722599 7.6222486302 0.0 24.0
-15.810138 10.722599 7.6222486303 0.0 25.0
-18.19841 12.105511 9.001119303 0.0 25.0
-11.244598 13.326817 4.986333304 5.0 23.0
-14.002338 14.709728 4.986333304 5.0 23.0
-14.002338 14.709728 4.986333305 4.0 24.0
-16.760078 16.09264 4.986333305 4.0 24.0
-16.760078 16.09264 4.986333306 1.0 25.0
-16.425522 19.153414 4.793176306 1.0 25.0
-16.425522 19.153414 4.793176307 0.0 26.0
-17.683413 21.87515 5.5194197307 0.0 26.0
-17.683413 21.87515 5.5194197308 0.0 27.0
-20.071686 23.258062 6.8982897308 0.0 27.0
-16.760078 16.09264 4.986333309 1.0 25.0
-19.401436 15.628736 6.511322309 1.0 25.0
-19.401436 15.628736 6.511322310 0.0 26.0
-21.78971 17.011648 7.890192310 0.0 26.0
-21.78971 17.011648 7.890192311 0.0 27.0
-23.0476 19.733385 8.616436311 0.0 27.0
-16.760078 16.09264 4.986333312 3.0 25.0
-18.212566 18.814377 4.986333312 3.0 25.0
-18.212566 18.814377 4.986333313 2.0 26.0
-19.665054 21.536114 4.986333313 2.0 26.0
-19.665054 21.536114 4.986333314 1.0 27.0
-17.860943 23.811596 3.9447286314 1.0 27.0
-17.860943 23.811596 3.9447286315 0.0 28.0
-17.526386 26.87237 3.7515717315 0.0 28.0
-17.526386 26.87237 3.7515717316 0.0 29.0
-18.784277 29.594107 4.477815316 0.0 29.0
-19.665054 21.536114 4.986333317 1.0 27.0
-22.053328 22.919025 6.365203317 1.0 27.0
-22.053328 22.919025 6.365203318 0.0 28.0
-23.311218 25.640762 7.0914464318 0.0 28.0
-23.311218 25.640762 7.0914464319 0.0 29.0
-22.976662 28.701536 6.8982897319 0.0 29.0
-11.636808 16.44703 0.0320 19.0 9.0
-9.178108 15.239842 -1.419531320 19.0 9.0
-9.178108 15.239842 -1.419531321 18.0 10.0
-6.7194085 14.032656 -2.839062321 18.0 10.0
-6.7194085 14.032656 -2.839062322 1.0 11.0
-6.8870187 10.953676 -2.7422922322 1.0 11.0
-6.8870187 10.953676 -2.7422922323 0.0 12.0
-5.483737 8.32842 -3.5524774323 0.0 12.0
-5.483737 8.32842 -3.5524774324 0.0 13.0
-3.0250373 7.121233 -4.972008324 0.0 13.0
-6.7194085 14.032656 -2.839062325 1.0 11.0
-4.108456 14.686981 -4.346496325 1.0 11.0
-4.108456 14.686981 -4.346496326 0.0 12.0
-1.6497564 13.4797945 -5.766027326 0.0 12.0
-1.6497564 13.4797945 -5.766027327 0.0 13.0
-0.24647474 10.854538 -6.576212327 0.0 13.0
-6.7194085 14.032656 -2.839062328 17.0 11.0
-3.8803465 12.825469 -2.839062328 17.0 11.0
-3.8803465 12.825469 -2.839062329 16.0 12.0
-1.0412846 11.618282 -2.839062329 16.0 12.0
-1.0412846 11.618282 -2.839062330 1.0 13.0
-1.2088947 8.539303 -2.7422922330 1.0 13.0
-1.2088947 8.539303 -2.7422922331 0.0 14.0
0.19438696 5.9140463 -3.5524774331 0.0 14.0
0.19438696 5.9140463 -3.5524774332 0.0 15.0
2.6530867 4.7068596 -4.972008332 0.0 15.0
-1.0412846 11.618282 -2.839062333 1.0 13.0
1.5696678 12.272608 -4.346496333 1.0 13.0
1.5696678 12.272608 -4.346496334 0.0 14.0
4.0283675 11.065421 -5.766027334 0.0 14.0
4.0283675 11.065421 -5.766027335 0.0 15.0
5.431649 8.440165 -6.576212335 0.0 15.0
-1.0412846 11.618282 -2.839062336 7.0 13.0
1.4174151 10.411096 -4.258593336 7.0 13.0
1.4174151 10.411096 -4.258593337 6.0 14.0
3.8761148 9.203909 -5.678124337 6.0 14.0
3.8761148 9.203909 -5.678124338 1.0 15.0
3.7085047 6.1249294 -5.581354338 1.0 15.0
3.7085047 6.1249294 -5.581354339 0.0 16.0
5.1117864 3.4996727 -6.391539339 0.0 16.0
5.1117864 3.4996727 -6.391539340 0.0 17.0
7.570486 2.2924862 -7.81107340 0.0 17.0
3.8761148 9.203909 -5.678124341 1.0 15.0
6.487067 9.858234 -7.1855583341 1.0 15.0
6.487067 9.858234 -7.1855583342 0.0 16.0
8.945766 8.651048 -8.605089342 0.0 16.0
8.945766 8.651048 -8.605089343 0.0 17.0
10.349049 6.025791 -9.415275343 0.0 17.0
3.8761148 9.203909 -5.678124344 5.0 15.0
6.890983 9.858234 -5.678124344 5.0 15.0
6.890983 9.858234 -5.678124345 4.0 16.0
9.905851 10.51256 -5.678124345 4.0 16.0
9.905851 10.51256 -5.678124346 1.0 17.0
11.309134 7.8873034 -6.488309346 1.0 17.0
11.309134 7.8873034 -6.488309347 0.0 18.0
13.767834 6.6801167 -7.90784347 0.0 18.0
13.767834 6.6801167 -7.90784348 0.0 19.0
16.378786 7.334442 -9.415274348 0.0 19.0
9.905851 10.51256 -5.678124349 1.0 17.0
11.709963 12.788041 -6.7197285349 1.0 17.0
11.709963 12.788041 -6.7197285350 0.0 18.0
14.320915 13.442367 -8.227162350 0.0 18.0
14.320915 13.442367 -8.227162351 0.0 19.0
16.779615 12.23518 -9.646693351 0.0 19.0
9.905851 10.51256 -5.678124352 3.0 17.0
11.989059 12.788041 -5.678124352 3.0 17.0
11.989059 12.788041 -5.678124353 2.0 18.0
14.072268 15.063522 -5.678124353 2.0 18.0
14.072268 15.063522 -5.678124354 1.0 19.0
16.530968 13.856336 -7.097655354 1.0 19.0
16.530968 13.856336 -7.097655355 0.0 20.0
19.14192 14.510661 -8.605089355 0.0 20.0
19.14192 14.510661 -8.605089356 0.0 21.0
20.946032 16.786142 -9.646693356 0.0 21.0
14.072268 15.063522 -5.678124357 1.0 19.0
14.406825 18.124296 -5.8712807357 1.0 19.0
14.406825 18.124296 -5.8712807358 0.0 20.0
16.210938 20.399776 -6.9128847358 0.0 20.0
16.210938 20.399776 -6.9128847359 0.0 21.0
18.82189 21.054102 -8.420319359 0.0 21.0
-1.0412846 11.618282 -2.839062360 7.0 13.0
-0.706727 14.679056 -3.032219360 7.0 13.0
-0.706727 14.679056 -3.032219361 6.0 14.0
-0.3721695 17.73983 -3.225376361 6.0 14.0
-0.3721695 17.73983 -3.225376362 1.0 15.0
2.238783 18.394156 -4.73281362 1.0 15.0
2.238783 18.394156 -4.73281363 0.0 16.0
4.0428944 20.669636 -5.774414363 0.0 16.0
4.0428944 20.669636 -5.774414364 0.0 17.0
4.377452 23.73041 -5.967571364 0.0 17.0
-0.3721695 17.73983 -3.225376365 1.0 15.0
-1.6300604 20.461567 -2.4991322365 1.0 15.0
-1.6300604 20.461567 -2.4991322366 0.0 16.0
-1.2955029 23.52234 -2.692289366 0.0 16.0
-1.2955029 23.52234 -2.692289367 0.0 17.0
0.5086086 25.797821 -3.7338934367 0.0 17.0
-0.3721695 17.73983 -3.225376368 5.0 15.0
1.7110391 20.015312 -3.225376368 5.0 15.0
1.7110391 20.015312 -3.225376369 4.0 16.0
3.7942476 22.290794 -3.225376369 4.0 16.0
3.7942476 22.290794 -3.225376370 1.0 17.0
6.2529473 21.083609 -4.644907370 1.0 17.0
6.2529473 21.083609 -4.644907371 0.0 18.0
8.863899 21.737934 -6.152341371 0.0 18.0
8.863899 21.737934 -6.152341372 0.0 19.0
10.668011 24.013416 -7.193945372 0.0 19.0
3.7942476 22.290794 -3.225376373 1.0 17.0
4.128805 25.351568 -3.4185328373 1.0 17.0
4.128805 25.351568 -3.4185328374 0.0 18.0
5.9329166 27.627048 -4.4601374374 0.0 18.0
5.9329166 27.627048 -4.4601374375 0.0 19.0
8.543869 28.281374 -5.9675713375 0.0 19.0
3.7942476 22.290794 -3.225376376 3.0 17.0
6.809116 22.94512 -3.225376376 3.0 17.0
6.809116 22.94512 -3.225376377 2.0 18.0
9.823984 23.599445 -3.225376377 2.0 18.0
9.823984 23.599445 -3.225376378 1.0 19.0
11.227266 20.974188 -4.035561378 1.0 19.0
11.227266 20.974188 -4.035561379 0.0 20.0
13.6859665 19.767002 -5.455092379 0.0 20.0
13.6859665 19.767002 -5.455092380 0.0 21.0
16.296919 20.421328 -6.9625263380 0.0 21.0
9.823984 23.599445 -3.225376381 1.0 19.0
11.628096 25.874928 -4.26698381 1.0 19.0
11.628096 25.874928 -4.26698382 0.0 20.0
14.239048 26.529253 -5.774414382 0.0 20.0
14.239048 26.529253 -5.774414383 0.0 21.0
16.697748 25.322067 -7.193945383 0.0 21.0
-1.0412846 11.618282 -2.839062384 15.0 13.0
1.9735837 12.272608 -2.839062384 15.0 13.0
1.9735837 12.272608 -2.839062385 14.0 14.0
4.988452 12.926933 -2.839062385 14.0 14.0
4.988452 12.926933 -2.839062386 1.0 15.0
6.3917336 10.301677 -3.6492472386 1.0 15.0
6.3917336 10.301677 -3.6492472387 0.0 16.0
8.850433 9.09449 -5.068778387 0.0 16.0
8.850433 9.09449 -5.068778388 0.0 17.0
11.461386 9.748816 -6.576212388 0.0 17.0
4.988452 12.926933 -2.839062389 1.0 15.0
6.7925634 15.2024145 -3.8806663389 1.0 15.0
6.7925634 15.2024145 -3.8806663390 0.0 16.0
9.403516 15.85674 -5.3881006390 0.0 16.0
9.403516 15.85674 -5.3881006391 0.0 17.0
11.862215 14.649553 -6.8076315391 0.0 17.0
4.988452 12.926933 -2.839062392 13.0 15.0
8.003321 13.581259 -2.839062392 13.0 15.0
8.003321 13.581259 -2.839062393 12.0 16.0
11.018188 14.235584 -2.839062393 12.0 16.0
11.018188 14.235584 -2.839062394 1.0 17.0
12.421471 11.610328 -3.6492472394 1.0 17.0
12.421471 11.610328 -3.6492472395 0.0 18.0
14.880171 10.403141 -5.068778395 0.0 18.0
14.880171 10.403141 -5.068778396 0.0 19.0
17.491123 11.0574665 -6.576212396 0.0 19.0
11.018188 14.235584 -2.839062397 1.0 17.0
12.8223 16.511066 -3.8806663397 1.0 17.0
12.8223 16.511066 -3.8806663398 0.0 18.0
15.433252 17.165392 -5.3881006398 0.0 18.0
15.433252 17.165392 -5.3881006399 0.0 19.0
17.891953 15.958205 -6.8076315399 0.0 19.0
11.018188 14.235584 -2.839062400 7.0 17.0
13.629141 14.88991 -4.346496400 7.0 17.0
13.629141 14.88991 -4.346496401 6.0 18.0
16.240093 15.544235 -5.8539305401 6.0 18.0
16.240093 15.544235 -5.8539305402 1.0 19.0
17.643375 12.918979 -6.6641154402 1.0 19.0
17.643375 12.918979 -6.6641154403 0.0 20.0
20.102076 11.711792 -8.083647403 0.0 20.0
20.102076 11.711792 -8.083647404 0.0 21.0
22.713028 12.3661175 -9.591081404 0.0 21.0
16.240093 15.544235 -5.8539305405 1.0 19.0
18.044205 17.819717 -6.8955345405 1.0 19.0
18.044205 17.819717 -6.8955345406 0.0 20.0
20.655157 18.474043 -8.402968406 0.0 20.0
20.655157 18.474043 -8.402968407 0.0 21.0
23.113857 17.266857 -9.822499407 0.0 21.0
16.240093 15.544235 -5.8539305408 5.0 19.0
18.323301 17.819717 -5.8539305408 5.0 19.0
18.323301 17.819717 -5.8539305409 4.0 20.0
20.40651 20.0952 -5.8539305409 4.0 20.0
20.40651 20.0952 -5.8539305410 1.0 21.0
22.86521 18.888014 -7.2734613410 1.0 21.0
22.86521 18.888014 -7.2734613411 0.0 22.0
25.476162 19.54234 -8.780895411 0.0 22.0
25.476162 19.54234 -8.780895412 0.0 23.0
27.280273 21.817822 -9.822499412 0.0 23.0
20.40651 20.0952 -5.8539305413 1.0 21.0
20.741066 23.155973 -6.047087413 1.0 21.0
20.741066 23.155973 -6.047087414 0.0 22.0
22.545177 25.431454 -7.0886917414 0.0 22.0
22.545177 25.431454 -7.0886917415 0.0 23.0
25.15613 26.08578 -8.596126415 0.0 23.0
20.40651 20.0952 -5.8539305416 3.0 21.0
20.792824 23.155973 -5.8539305416 3.0 21.0
20.792824 23.155973 -5.8539305417 2.0 22.0
21.179138 26.216747 -5.8539305417 2.0 22.0
21.179138 26.216747 -5.8539305418 1.0 23.0
23.79009 26.871073 -7.3613644418 1.0 23.0
23.79009 26.871073 -7.3613644419 0.0 24.0
25.594202 29.146553 -8.402968419 0.0 24.0
25.594202 29.146553 -8.402968420 0.0 25.0
25.92876 32.207325 -8.596126420 0.0 25.0
21.179138 26.216747 -5.8539305421 1.0 23.0
19.921247 28.938484 -5.127687421 1.0 23.0
19.921247 28.938484 -5.127687422 0.0 24.0
20.255806 31.999258 -5.3208437422 0.0 24.0
20.255806 31.999258 -5.3208437423 0.0 25.0
22.059917 34.27474 -6.3624477423 0.0 25.0
11.018188 14.235584 -2.839062424 7.0 17.0
9.760298 16.957321 -2.1128182424 7.0 17.0
9.760298 16.957321 -2.1128182425 6.0 18.0
8.502407 19.679058 -1.3865745425 6.0 18.0
8.502407 19.679058 -1.3865745426 1.0 19.0
10.306519 21.95454 -2.4281788426 1.0 19.0
10.306519 21.95454 -2.4281788427 0.0 20.0
10.641076 25.015314 -2.6213357427 0.0 20.0
10.641076 25.015314 -2.6213357428 0.0 21.0
9.383185 27.737051 -1.895092428 0.0 21.0
8.502407 19.679058 -1.3865745429 1.0 19.0
6.114135 21.06197 -0.007704735429 1.0 19.0
6.114135 21.06197 -0.007704735430 0.0 20.0
4.856244 23.783707 0.71853894430 0.0 20.0
4.856244 23.783707 0.71853894431 0.0 21.0
5.1908016 26.84448 0.52538204431 0.0 21.0
8.502407 19.679058 -1.3865745432 5.0 19.0
8.8887205 22.739832 -1.3865745432 5.0 19.0
8.8887205 22.739832 -1.3865745433 4.0 20.0
9.275034 25.800606 -1.3865745433 4.0 20.0
9.275034 25.800606 -1.3865745434 1.0 21.0
11.885986 26.454931 -2.8940086434 1.0 21.0
11.885986 26.454931 -2.8940086435 0.0 22.0
13.690098 28.730412 -3.935613435 0.0 22.0
13.690098 28.730412 -3.935613436 0.0 23.0
14.024655 31.791185 -4.12877436 0.0 23.0
9.275034 25.800606 -1.3865745437 1.0 21.0
8.017143 28.522343 -0.66033083437 1.0 21.0
8.017143 28.522343 -0.66033083438 0.0 22.0
8.351701 31.583117 -0.85348773438 0.0 22.0
8.351701 31.583117 -0.85348773439 0.0 23.0
10.155812 33.858597 -1.895092439 0.0 23.0
9.275034 25.800606 -1.3865745440 3.0 21.0
11.358242 28.076088 -1.3865745440 3.0 21.0
11.358242 28.076088 -1.3865745441 2.0 22.0
13.44145 30.35157 -1.3865745441 2.0 22.0
13.44145 30.35157 -1.3865745442 1.0 23.0
15.90015 29.144384 -2.8061056442 1.0 23.0
15.90015 29.144384 -2.8061056443 0.0 24.0
18.511103 29.79871 -4.3135395443 0.0 24.0
18.511103 29.79871 -4.3135395444 0.0 25.0
20.315214 32.074192 -5.3551435444 0.0 25.0
13.44145 30.35157 -1.3865745445 1.0 23.0
13.776008 33.412342 -1.5797315445 1.0 23.0
13.776008 33.412342 -1.5797315446 0.0 24.0
15.580119 35.687824 -2.6213357446 0.0 24.0
15.580119 35.687824 -2.6213357447 0.0 25.0
18.19107 36.34215 -4.12877447 0.0 25.0
11.018188 14.235584 -2.839062448 11.0 17.0
13.101397 16.511066 -2.839062448 11.0 17.0
13.101397 16.511066 -2.839062449 10.0 18.0
15.184605 18.786549 -2.839062449 10.0 18.0
15.184605 18.786549 -2.839062450 1.0 19.0
17.643305 17.579363 -4.258593450 1.0 19.0
17.643305 17.579363 -4.258593451 0.0 20.0
20.254257 18.233688 -5.7660275451 0.0 20.0
20.254257 18.233688 -5.7660275452 0.0 21.0
22.058369 20.50917 -6.8076315452 0.0 21.0
15.184605 18.786549 -2.839062453 1.0 19.0
15.519162 21.847322 -3.032219453 1.0 19.0
15.519162 21.847322 -3.032219454 0.0 20.0
17.323273 24.122803 -4.073823454 0.0 20.0
17.323273 24.122803 -4.073823455 0.0 21.0
19.934225 24.777128 -5.581257455 0.0 21.0
15.184605 18.786549 -2.839062456 9.0 19.0
17.267813 21.06203 -2.839062456 9.0 19.0
17.267813 21.06203 -2.839062457 8.0 20.0
19.35102 23.337513 -2.839062457 8.0 20.0
19.35102 23.337513 -2.839062458 1.0 21.0
21.809721 22.130327 -4.258593458 1.0 21.0
21.809721 22.130327 -4.258593459 0.0 22.0
24.420673 22.784653 -5.7660275459 0.0 22.0
24.420673 22.784653 -5.7660275460 0.0 23.0
26.224785 25.060135 -6.8076315460 0.0 23.0
19.35102 23.337513 -2.839062461 1.0 21.0
19.685577 26.398287 -3.032219461 1.0 21.0
19.685577 26.398287 -3.032219462 0.0 22.0
21.489689 28.673767 -4.073823462 0.0 22.0
21.489689 28.673767 -4.073823463 0.0 23.0
24.100641 29.328093 -5.581257463 0.0 23.0
19.35102 23.337513 -2.839062464 7.0 21.0
21.155132 25.612995 -3.8806663464 7.0 21.0
21.155132 25.612995 -3.8806663465 6.0 22.0
22.959244 27.888477 -4.922271465 6.0 22.0
22.959244 27.888477 -4.922271466 1.0 23.0
25.417944 26.681292 -6.3418016466 1.0 23.0
25.417944 26.681292 -6.3418016467 0.0 24.0
28.028896 27.335617 -7.8492355467 0.0 24.0
28.028896 27.335617 -7.8492355468 0.0 25.0
29.833008 29.6111 -8.89084468 0.0 25.0
22.959244 27.888477 -4.922271469 1.0 23.0
23.2938 30.949251 -5.1154275469 1.0 23.0
23.2938 30.949251 -5.1154275470 0.0 24.0
25.097912 33.22473 -6.157032470 0.0 24.0
25.097912 33.22473 -6.157032471 0.0 25.0
27.708864 33.87906 -7.664466471 0.0 25.0
22.959244 27.888477 -4.922271472 5.0 23.0
23.345558 30.949251 -4.922271472 5.0 23.0
23.345558 30.949251 -4.922271473 4.0 24.0
23.731873 34.010025 -4.922271473 4.0 24.0
23.731873 34.010025 -4.922271474 1.0 25.0
26.342825 34.664352 -6.4297047474 1.0 25.0
26.342825 34.664352 -6.4297047475 0.0 26.0
28.146936 36.939835 -7.4713087475 0.0 26.0
28.146936 36.939835 -7.4713087476 0.0 27.0
28.481495 40.000607 -7.6644654476 0.0 27.0
23.731873 34.010025 -4.922271477 1.0 25.0
22.473982 36.731762 -4.1960273477 1.0 25.0
22.473982 36.731762 -4.1960273478 0.0 26.0
22.80854 39.792534 -4.389184478 0.0 26.0
22.80854 39.792534 -4.389184479 0.0 27.0
24.612652 42.068016 -5.430788479 0.0 27.0
23.731873 34.010025 -4.922271480 3.0 25.0
22.279385 36.731762 -4.922271480 3.0 25.0
22.279385 36.731762 -4.922271481 2.0 26.0
20.826897 39.4535 -4.922271481 2.0 26.0
20.826897 39.4535 -4.922271482 1.0 27.0
22.631008 41.72898 -5.963875482 1.0 27.0
22.631008 41.72898 -5.963875483 0.0 28.0
22.965565 44.789753 -6.1570315483 0.0 28.0
22.965565 44.789753 -6.1570315484 0.0 29.0
21.707674 47.51149 -5.430788484 0.0 29.0
20.826897 39.4535 -4.922271485 1.0 27.0
18.438623 40.83641 -3.543401485 1.0 27.0
18.438623 40.83641 -3.543401486 0.0 28.0
17.180733 43.558147 -2.8171573486 0.0 28.0
17.180733 43.558147 -2.8171573487 0.0 29.0
17.51529 46.61892 -3.0103142487 0.0 29.0
19.35102 23.337513 -2.839062488 7.0 21.0
16.962748 24.720425 -1.4601922488 7.0 21.0
16.962748 24.720425 -1.4601922489 6.0 22.0
14.574475 26.103336 -0.08132243489 6.0 22.0
14.574475 26.103336 -0.08132243490 1.0 23.0
14.909033 29.16411 -0.27447933490 1.0 23.0
14.909033 29.16411 -0.27447933491 0.0 24.0
13.651142 31.885847 0.45176435491 0.0 24.0
13.651142 31.885847 0.45176435492 0.0 25.0
11.26287 33.26876 1.8306341492 0.0 25.0
14.574475 26.103336 -0.08132243493 1.0 23.0
11.933117 25.639431 1.4436666493 1.0 23.0
11.933117 25.639431 1.4436666494 0.0 24.0
9.544845 27.022343 2.8225365494 0.0 24.0
9.544845 27.022343 2.8225365495 0.0 25.0
8.286954 29.74408 3.5487802495 0.0 25.0
14.574475 26.103336 -0.08132243496 5.0 23.0
13.121988 28.825073 -0.08132243496 5.0 23.0
13.121988 28.825073 -0.08132243497 4.0 24.0
11.669501 31.54681 -0.08132243497 4.0 24.0
11.669501 31.54681 -0.08132243498 1.0 25.0
13.473613 33.822292 -1.1229267498 1.0 25.0
13.473613 33.822292 -1.1229267499 0.0 26.0
13.80817 36.883064 -1.3160837499 0.0 26.0
13.80817 36.883064 -1.3160837500 0.0 27.0
12.55028 39.6048 -0.58984500 0.0 27.0
11.669501 31.54681 -0.08132243501 1.0 25.0
9.281229 32.92972 1.2975473501 1.0 25.0
9.281229 32.92972 1.2975473502 0.0 26.0
8.023338 35.65146 2.023791502 0.0 26.0
8.023338 35.65146 2.023791503 0.0 27.0
8.357896 38.71223 1.8306341503 0.0 27.0
11.669501 31.54681 -0.08132243504 3.0 25.0
12.055815 34.607582 -0.08132243504 3.0 25.0
12.055815 34.607582 -0.08132243505 2.0 26.0
12.442128 37.668354 -0.08132243505 2.0 26.0
12.442128 37.668354 -0.08132243506 1.0 27.0
15.053081 38.32268 -1.5887566506 1.0 27.0
15.053081 38.32268 -1.5887566507 0.0 28.0
16.857193 40.598164 -2.6303608507 0.0 28.0
16.857193 40.598164 -2.6303608508 0.0 29.0
17.19175 43.658936 -2.8235178508 0.0 29.0
12.442128 37.668354 -0.08132243509 1.0 27.0
11.1842375 40.39009 0.64492124509 1.0 27.0
11.1842375 40.39009 0.64492124510 0.0 28.0
11.518795 43.450863 0.45176435510 0.0 28.0
11.518795 43.450863 0.45176435511 0.0 29.0
13.3229065 45.726345 -0.58983994511 0.0 29.0
