0.0 0.0 0.00 60.0 1.0
0.0 1.8956506 0.00 60.0 1.0
0.0 1.8956506 0.01 59.0 2.0
0.0 3.7913013 0.01 59.0 2.0
0.0 3.7913013 0.02 58.0 3.0
0.0 5.6869516 0.02 58.0 3.0
0.0 5.6869516 0.03 57.0 4.0
0.0 7.5826025 0.03 57.0 4.0
0.0 7.5826025 0.04 56.0 5.0
0.0 9.478253 0.04 56.0 5.0
0.0 9.478253 0.05 55.0 6.0
0.0 11.373904 0.05 55.0 6.0
0.0 11.373904 0.06 54.0 7.0
0.0 13.269555 0.06 54.0 7.0
0.0 13.269555 0.07 53.0 8.0
0.0 15.165206 0.07 53.0 8.0
0.0 15.165206 0.08 52.0 9.0
0.0 17.060856 0.08 52.0 9.0
0.0 17.060856 0.09 51.0 10.0
0.0 18.956507 0.09 51.0 10.0
0.0 18.956507 0.010 50.0 11.0
0.0 20.852158 0.010 50.0 11.0
0.0 20.852158 0.011 49.0 12.0
0.0 22.747808 0.011 49.0 12.0
0.0 22.747808 0.012 48.0 13.0
0.0 24.64346 0.012 48.0 13.0
0.0 24.64346 0.013 47.0 14.0
0.0 26.53911 0.013 47.0 14.0
0.0 26.53911 0.014 46.0 15.0
0.0 28.434761 0.014 46.0 15.0
0.0 28.434761 0.015 45.0 16.0
0.0 30.330412 0.015 45.0 16.0
0.0 30.330412 0.016 28.0 17.0
-1.1245443 31.711483 0.64925616 28.0 17.0
-1.1245443 31.711483 0.64925617 27.0 18.0
-2.2490885 33.092556 1.29851217 27.0 18.0
-2.2490885 33.092556 1.29851218 26.0 19.0
-3.373633 34.47363 1.94776818 26.0 19.0
-3.373633 34.47363 1.94776819 25.0 20.0
-4.498177 35.854702 2.59702419 25.0 20.0
-4.498177 35.854702 2.59702420 24.0 21.0
-5.622721 37.235775 3.2462820 24.0 21.0
-5.622721 37.235775 3.2462821 23.0 22.0
-6.7472653 38.616848 3.89553621 23.0 22.0
-6.7472653 38.616848 3.89553622 22.0 23.0
-7.8718095 39.99792 4.54479222 22.0 23.0
-7.8718095 39.99792 4.54479223 21.0 24.0
-8.996354 41.378994 5.19404823 21.0 24.0
-8.996354 41.378994 5.19404824 12.0 25.0
-10.634922 41.495693 6.14007524 12.0 25.0
-10.634922 41.495693 6.14007525 11.0 26.0
-12.27349 41.612392 7.086102525 11.0 26.0
-12.27349 41.612392 7.086102526 10.0 27.0
-13.912058 41.72909 8.0321326 10.0 27.0
-13.912058 41.72909 8.0321327 9.0 28.0
-15.550626 41.84579 8.97815827 9.0 28.0
-15.550626 41.84579 8.97815828 4.0 29.0
-16.67517 43.226864 9.62741428 4.0 29.0
-16.67517 43.226864 9.62741429 3.0 30.0
-17.799715 44.607937 10.276669529 3.0 30.0
-17.799715 44.607937 10.276669530 0.0 31.0
-19.438282 44.724636 11.22269730 0.0 31.0
-19.438282 44.724636 11.22269731 0.0 32.0
-21.330338 44.841335 11.22269731 0.0 32.0
-17.799715 44.607937 10.276669532 2.0 31.0
-19.098227 45.98901 10.276669532 2.0 31.0
-19.098227 45.98901 10.276669533 1.0 32.0
-20.396738 47.370083 10.276669533 1.0 32.0
-20.396738 47.370083 10.276669534 0.0 33.0
-20.396738 49.26573 10.276669534 0.0 33.0
-20.396738 49.26573 10.276669535 0.0 34.0
-20.396738 51.16138 10.276669535 0.0 34.0
-20.396738 47.370083 10.276669536 0.0 33.0
-22.288794 47.486782 10.276669536 0.0 33.0
-22.288794 47.486782 10.276669537 0.0 34.0
-24.18085 47.60348 10.276669537 0.0 34.0
-15.550626 41.84579 8.97815838 8.0 29.0
-17.44268 41.96249 8.97815838 8.0 29.0
-17.44268 41.96249 8.97815839 7.0 30.0
-19.334736 42.07919 8.97815839 7.0 30.0
-19.334736 42.07919 8.97815840 6.0 31.0
-21.226791 42.19589 8.97815840 6.0 31.0
-21.226791 42.19589 8.97815841 5.0 32.0
-23.118847 42.312588 8.97815841 5.0 32.0
-23.118847 42.312588 8.97815842 4.0 33.0
-24.243391 43.69366 9.62741442 4.0 33.0
-24.243391 43.69366 9.62741443 3.0 34.0
-25.367935 45.074734 10.276669543 3.0 34.0
-25.367935 45.074734 10.276669544 0.0 35.0
-27.006502 45.191433 11.22269744 0.0 35.0
-27.006502 45.191433 11.22269745 0.0 36.0
-28.898558 45.308132 11.22269745 0.0 36.0
-25.367935 45.074734 10.276669546 2.0 35.0
-26.666447 46.455807 10.276669546 2.0 35.0
-26.666447 46.455807 10.276669547 1.0 36.0
-27.964958 47.83688 10.276669547 1.0 36.0
-27.964958 47.83688 10.276669548 0.0 37.0
-27.964958 49.73253 10.276669548 0.0 37.0
-27.964958 49.73253 10.276669549 0.0 38.0
-27.964958 51.628178 10.276669549 0.0 38.0
-27.964958 47.83688 10.276669550 0.0 37.0
-29.857014 47.95358 10.276669550 0.0 37.0
-29.857014 47.95358 10.276669551 0.0 38.0
-31.74907 48.07028 10.276669551 0.0 38.0
-23.118847 42.312588 8.97815852 4.0 33.0
-24.577238 41.101562 8.97815852 4.0 33.0
-24.577238 41.101562 8.97815853 3.0 34.0
-26.03563 39.890537 8.97815853 3.0 34.0
-26.03563 39.890537 8.97815854 0.0 35.0
-26.237377 38.009254 9.09463854 0.0 35.0
-26.237377 38.009254 9.09463855 0.0 36.0
-26.470337 36.12797 9.09463855 0.0 36.0
-26.03563 39.890537 8.97815856 2.0 35.0
-27.49402 38.679512 8.97815856 2.0 35.0
-27.49402 38.679512 8.97815857 1.0 36.0
-28.952412 37.468487 8.97815857 1.0 36.0
-28.952412 37.468487 8.97815858 0.0 37.0
-30.590979 37.585186 9.92418658 0.0 37.0
-30.590979 37.585186 9.92418659 0.0 38.0
-32.483032 37.701885 9.92418659 0.0 38.0
-28.952412 37.468487 8.97815860 0.0 37.0
-29.185371 35.587204 8.97815860 0.0 37.0
-29.185371 35.587204 8.97815861 0.0 38.0
-29.418331 33.70592 8.97815861 0.0 38.0
-8.996354 41.378994 5.19404862 20.0 25.0
-10.294867 42.760067 5.19404862 20.0 25.0
-10.294867 42.760067 5.19404863 19.0 26.0
-11.593378 44.14114 5.19404863 19.0 26.0
-11.593378 44.14114 5.19404864 18.0 27.0
-12.89189 45.522213 5.19404864 18.0 27.0
-12.89189 45.522213 5.19404865 17.0 28.0
-14.190401 46.903286 5.19404865 17.0 28.0
-14.190401 46.903286 5.19404866 16.0 29.0
-15.488913 48.28436 5.19404866 16.0 29.0
-15.488913 48.28436 5.19404867 15.0 30.0
-16.787424 49.665432 5.19404867 15.0 30.0
-16.787424 49.665432 5.19404868 14.0 31.0
-18.085936 51.046505 5.19404868 14.0 31.0
-18.085936 51.046505 5.19404869 13.0 32.0
-19.384447 52.427578 5.19404869 13.0 32.0
-19.384447 52.427578 5.19404870 12.0 33.0
-19.384447 54.323227 5.19404870 12.0 33.0
-19.384447 54.323227 5.19404871 11.0 34.0
-19.384447 56.218876 5.19404871 11.0 34.0
-19.384447 56.218876 5.19404872 10.0 35.0
-19.384447 58.114525 5.19404872 10.0 35.0
-19.384447 58.114525 5.19404873 9.0 36.0
-19.384447 60.010174 5.19404873 9.0 36.0
-19.384447 60.010174 5.19404874 4.0 37.0
-18.259903 61.391247 4.54479274 4.0 37.0
-18.259903 61.391247 4.54479275 3.0 38.0
-17.135359 62.77232 3.895536275 3.0 38.0
-17.135359 62.77232 3.895536276 0.0 39.0
-17.135359 64.66797 3.895536276 0.0 39.0
-17.135359 64.66797 3.895536277 0.0 40.0
-17.135359 66.56362 3.895536277 0.0 40.0
-17.135359 62.77232 3.895536278 2.0 39.0
-15.836847 64.15339 3.895536278 2.0 39.0
-15.836847 64.15339 3.895536279 1.0 40.0
-14.538336 65.53446 3.895536279 1.0 40.0
-14.538336 65.53446 3.895536280 0.0 41.0
-12.899768 65.65116 2.949508780 0.0 41.0
-12.899768 65.65116 2.949508781 0.0 42.0
-11.007713 65.76786 2.949508781 0.0 42.0
-14.538336 65.53446 3.895536282 0.0 41.0
-14.538336 67.430115 3.895536282 0.0 41.0
-14.538336 67.430115 3.895536283 0.0 42.0
-14.538336 69.32577 3.895536283 0.0 42.0
-19.384447 60.010174 5.19404884 8.0 37.0
-19.384447 61.905823 5.19404884 8.0 37.0
-19.384447 61.905823 5.19404885 7.0 38.0
-19.384447 63.80147 5.19404885 7.0 38.0
-19.384447 63.80147 5.19404886 6.0 39.0
-19.384447 65.69712 5.19404886 6.0 39.0
-19.384447 65.69712 5.19404887 5.0 40.0
-19.384447 67.59277 5.19404887 5.0 40.0
-19.384447 67.59277 5.19404888 4.0 41.0
-18.259903 68.97385 4.54479288 4.0 41.0
-18.259903 68.97385 4.54479289 3.0 42.0
-17.135359 70.35492 3.895536289 3.0 42.0
-17.135359 70.35492 3.895536290 0.0 43.0
-17.135359 72.25057 3.895536290 0.0 43.0
-17.135359 72.25057 3.895536291 0.0 44.0
-17.135359 74.146225 3.895536291 0.0 44.0
-17.135359 70.35492 3.895536292 2.0 43.0
-15.836847 71.73599 3.895536292 2.0 43.0
-15.836847 71.73599 3.895536293 1.0 44.0
-14.538336 73.117065 3.895536293 1.0 44.0
-14.538336 73.117065 3.895536294 0.0 45.0
-12.899768 73.233765 2.949508794 0.0 45.0
-12.899768 73.233765 2.949508795 0.0 46.0
-11.007713 73.350464 2.949508795 0.0 46.0
-14.538336 73.117065 3.895536296 0.0 45.0
-14.538336 75.01272 3.895536296 0.0 45.0
-14.538336 75.01272 3.895536297 0.0 46.0
-14.538336 76.90837 3.895536297 0.0 46.0
-19.384447 67.59277 5.19404898 4.0 41.0
-20.682959 68.97385 5.19404898 4.0 41.0
-20.682959 68.97385 5.19404899 3.0 42.0
-21.98147 70.35492 5.19404899 3.0 42.0
-21.98147 70.35492 5.194048100 0.0 43.0
-23.620037 70.47162 6.140075100 0.0 43.0
-23.620037 70.47162 6.140075101 0.0 44.0
-25.512093 70.58832 6.140075101 0.0 44.0
-21.98147 70.35492 5.194048102 2.0 43.0
-23.279982 71.73599 5.194048102 2.0 43.0
-23.279982 71.73599 5.194048103 1.0 44.0
-24.578493 73.117065 5.194048103 1.0 44.0
-24.578493 73.117065 5.194048104 0.0 45.0
-24.578493 75.01272 5.194048104 0.0 45.0
-24.578493 75.01272 5.194048105 0.0 46.0
-24.578493 76.90837 5.194048105 0.0 46.0
-24.578493 73.117065 5.194048106 0.0 45.0
-26.470549 73.233765 5.194048106 0.0 45.0
-26.470549 73.233765 5.194048107 0.0 46.0
-28.362604 73.350464 5.194048107 0.0 46.0
-19.384447 52.427578 5.194048108 12.0 33.0
-21.276503 52.544277 5.194048108 12.0 33.0
-21.276503 52.544277 5.194048109 11.0 34.0
-23.168558 52.660976 5.194048109 11.0 34.0
-23.168558 52.660976 5.194048110 10.0 35.0
-25.060614 52.777676 5.194048110 10.0 35.0
-25.060614 52.777676 5.194048111 9.0 36.0
-26.95267 52.894375 5.194048111 9.0 36.0
-26.95267 52.894375 5.194048112 4.0 37.0
-28.077213 54.275448 5.8433037112 4.0 37.0
-28.077213 54.275448 5.8433037113 3.0 38.0
-29.201757 55.65652 6.4925594113 3.0 38.0
-29.201757 55.65652 6.4925594114 0.0 39.0
-30.840324 55.77322 7.4385867114 0.0 39.0
-30.840324 55.77322 7.4385867115 0.0 40.0
-32.73238 55.88992 7.4385867115 0.0 40.0
-29.201757 55.65652 6.4925594116 2.0 39.0
-30.500269 57.037594 6.4925594116 2.0 39.0
-30.500269 57.037594 6.4925594117 1.0 40.0
-31.79878 58.418667 6.4925594117 1.0 40.0
-31.79878 58.418667 6.4925594118 0.0 41.0
-31.79878 60.314316 6.4925594118 0.0 41.0
-31.79878 60.314316 6.4925594119 0.0 42.0
-31.79878 62.209965 6.4925594119 0.0 42.0
-31.79878 58.418667 6.4925594120 0.0 41.0
-33.690834 58.535366 6.4925594120 0.0 41.0
-33.690834 58.535366 6.4925594121 0.0 42.0
-35.58289 58.652065 6.4925594121 0.0 42.0
-26.95267 52.894375 5.194048122 8.0 37.0
-28.844725 53.011074 5.194048122 8.0 37.0
-28.844725 53.011074 5.194048123 7.0 38.0
-30.73678 53.127773 5.194048123 7.0 38.0
-30.73678 53.127773 5.194048124 6.0 39.0
-32.628834 53.244473 5.194048124 6.0 39.0
-32.628834 53.244473 5.194048125 5.0 40.0
-34.52089 53.36117 5.194048125 5.0 40.0
-34.52089 53.36117 5.194048126 4.0 41.0
-35.645435 54.742245 5.8433037126 4.0 41.0
-35.645435 54.742245 5.8433037127 3.0 42.0
-36.76998 56.123318 6.4925594127 3.0 42.0
-36.76998 56.123318 6.4925594128 0.0 43.0
-38.40855 56.240017 7.4385867128 0.0 43.0
-38.40855 56.240017 7.4385867129 0.0 44.0
-40.300606 56.356716 7.4385867129 0.0 44.0
-36.76998 56.123318 6.4925594130 2.0 43.0
-38.068493 57.50439 6.4925594130 2.0 43.0
-38.068493 57.50439 6.4925594131 1.0 44.0
-39.367004 58.885464 6.4925594131 1.0 44.0
-39.367004 58.885464 6.4925594132 0.0 45.0
-39.367004 60.781113 6.4925594132 0.0 45.0
-39.367004 60.781113 6.4925594133 0.0 46.0
-39.367004 62.67676 6.4925594133 0.0 46.0
-39.367004 58.885464 6.4925594134 0.0 45.0
-41.25906 59.002163 6.4925594134 0.0 45.0
-41.25906 59.002163 6.4925594135 0.0 46.0
-43.151115 59.118862 6.4925594135 0.0 46.0
-34.52089 53.36117 5.194048136 4.0 41.0
-35.979282 52.150146 5.194048136 4.0 41.0
-35.979282 52.150146 5.194048137 3.0 42.0
-37.437675 50.93912 5.194048137 3.0 42.0
-37.437675 50.93912 5.194048138 0.0 43.0
-37.639423 49.05784 5.310528138 0.0 43.0
-37.639423 49.05784 5.310528139 0.0 44.0
-37.872383 47.176556 5.310528139 0.0 44.0
-37.437675 50.93912 5.194048140 2.0 43.0
-38.89607 49.728096 5.194048140 2.0 43.0
-38.89607 49.728096 5.194048141 1.0 44.0
-40.35446 48.51707 5.194048141 1.0 44.0
-40.35446 48.51707 5.194048142 0.0 45.0
-41.99303 48.63377 6.140075142 0.0 45.0
-41.99303 48.63377 6.140075143 0.0 46.0
-43.885086 48.75047 6.140075143 0.0 46.0
-40.35446 48.51707 5.194048144 0.0 45.0
-40.58742 46.635788 5.194048144 0.0 45.0
-40.58742 46.635788 5.194048145 0.0 46.0
-40.82038 44.754505 5.194048145 0.0 46.0
0.0 30.330412 0.0146 44.0 17.0
0.0 32.226063 0.0146 44.0 17.0
0.0 32.226063 0.0147 43.0 18.0
0.0 34.12171 0.0147 43.0 18.0
0.0 34.12171 0.0148 42.0 19.0
0.0 36.01736 0.0148 42.0 19.0
0.0 36.01736 0.0149 41.0 20.0
0.0 37.91301 0.0149 41.0 20.0
0.0 37.91301 0.0150 40.0 21.0
0.0 39.80866 0.0150 40.0 21.0
0.0 39.80866 0.0151 39.0 22.0
0.0 41.704308 0.0151 39.0 22.0
0.0 41.704308 0.0152 38.0 23.0
0.0 43.599957 0.0152 38.0 23.0
0.0 43.599957 0.0153 37.0 24.0
0.0 45.495605 0.0153 37.0 24.0
0.0 45.495605 0.0154 36.0 25.0
0.0 47.391254 0.0154 36.0 25.0
0.0 47.391254 0.0155 35.0 26.0
0.0 49.286903 0.0155 35.0 26.0
0.0 49.286903 0.0156 34.0 27.0
0.0 51.182552 0.0156 34.0 27.0
0.0 51.182552 0.0157 33.0 28.0
0.0 53.0782 0.0157 33.0 28.0
0.0 53.0782 0.0158 32.0 29.0
0.0 54.97385 0.0158 32.0 29.0
0.0 54.97385 0.0159 31.0 30.0
0.0 56.8695 0.0159 31.0 30.0
0.0 56.8695 0.0160 30.0 31.0
0.0 58.76515 0.0160 30.0 31.0
0.0 58.76515 0.0161 29.0 32.0
0.0 60.660797 0.0161 29.0 32.0
0.0 60.660797 0.0162 28.0 33.0
1.1245443 62.04187 -0.649256162 28.0 33.0
1.1245443 62.04187 -0.649256163 27.0 34.0
2.2490885 63.422943 -1.298512163 27.0 34.0
2.2490885 63.422943 -1.298512164 26.0 35.0
3.373633 64.804016 -1.947768164 26.0 35.0
3.373633 64.804016 -1.947768165 25.0 36.0
4.498177 66.18509 -2.597024165 25.0 36.0
4.498177 66.18509 -2.597024166 24.0 37.0
5.622721 67.56616 -3.24628166 24.0 37.0
5.622721 67.56616 -3.24628167 23.0 38.0
6.7472653 68.947235 -3.895536167 23.0 38.0
6.7472653 68.947235 -3.895536168 22.0 39.0
7.8718095 70.32831 -4.544792168 22.0 39.0
7.8718095 70.32831 -4.544792169 21.0 40.0
8.996354 71.70938 -5.194048169 21.0 40.0
8.996354 71.70938 -5.194048170 12.0 41.0
8.996354 73.605034 -5.194048170 12.0 41.0
8.996354 73.605034 -5.194048171 11.0 42.0
8.996354 75.50069 -5.194048171 11.0 42.0
8.996354 75.50069 -5.194048172 10.0 43.0
8.996354 77.39634 -5.194048172 10.0 43.0
8.996354 77.39634 -5.194048173 9.0 44.0
8.996354 79.29199 -5.194048173 9.0 44.0
8.996354 79.29199 -5.194048174 4.0 45.0
10.120898 80.673065 -5.8433037174 4.0 45.0
10.120898 80.673065 -5.8433037175 3.0 46.0
11.245442 82.05414 -6.4925594175 3.0 46.0
11.245442 82.05414 -6.4925594176 0.0 47.0
11.245442 83.94979 -6.4925594176 0.0 47.0
11.245442 83.94979 -6.4925594177 0.0 48.0
11.245442 85.84544 -6.4925594177 0.0 48.0
11.245442 82.05414 -6.4925594178 2.0 47.0
12.543955 83.43521 -6.4925594178 2.0 47.0
12.543955 83.43521 -6.4925594179 1.0 48.0
13.842466 84.816284 -6.4925594179 1.0 48.0
13.842466 84.816284 -6.4925594180 0.0 49.0
15.481034 84.93298 -7.4385867180 0.0 49.0
15.481034 84.93298 -7.4385867181 0.0 50.0
17.373089 85.04968 -7.4385867181 0.0 50.0
13.842466 84.816284 -6.4925594182 0.0 49.0
13.842466 86.71194 -6.4925594182 0.0 49.0
13.842466 86.71194 -6.4925594183 0.0 50.0
13.842466 88.60759 -6.4925594183 0.0 50.0
8.996354 79.29199 -5.194048184 8.0 45.0
8.996354 81.187645 -5.194048184 8.0 45.0
8.996354 81.187645 -5.194048185 7.0 46.0
8.996354 83.0833 -5.194048185 7.0 46.0
8.996354 83.0833 -5.194048186 6.0 47.0
8.996354 84.97895 -5.194048186 6.0 47.0
8.996354 84.97895 -5.194048187 5.0 48.0
8.996354 86.8746 -5.194048187 5.0 48.0
8.996354 86.8746 -5.194048188 4.0 49.0
10.120898 88.25568 -5.8433037188 4.0 49.0
10.120898 88.25568 -5.8433037189 3.0 50.0
11.245442 89.63675 -6.4925594189 3.0 50.0
11.245442 89.63675 -6.4925594190 0.0 51.0
11.245442 91.5324 -6.4925594190 0.0 51.0
11.245442 91.5324 -6.4925594191 0.0 52.0
11.245442 93.428055 -6.4925594191 0.0 52.0
11.245442 89.63675 -6.4925594192 2.0 51.0
12.543955 91.01782 -6.4925594192 2.0 51.0
12.543955 91.01782 -6.4925594193 1.0 52.0
13.842466 92.398895 -6.4925594193 1.0 52.0
13.842466 92.398895 -6.4925594194 0.0 53.0
15.481034 92.515594 -7.4385867194 0.0 53.0
15.481034 92.515594 -7.4385867195 0.0 54.0
17.373089 92.63229 -7.4385867195 0.0 54.0
13.842466 92.398895 -6.4925594196 0.0 53.0
13.842466 94.29455 -6.4925594196 0.0 53.0
13.842466 94.29455 -6.4925594197 0.0 54.0
13.842466 96.1902 -6.4925594197 0.0 54.0
8.996354 86.8746 -5.194048198 4.0 49.0
7.697842 88.25568 -5.194048198 4.0 49.0
7.697842 88.25568 -5.194048199 3.0 50.0
6.39933 89.63675 -5.194048199 3.0 50.0
6.39933 89.63675 -5.194048200 0.0 51.0
4.7607627 89.75345 -4.2480206200 0.0 51.0
4.7607627 89.75345 -4.2480206201 0.0 52.0
2.8687077 89.87015 -4.2480206201 0.0 52.0
6.39933 89.63675 -5.194048202 2.0 51.0
5.100818 91.01782 -5.194048202 2.0 51.0
5.100818 91.01782 -5.194048203 1.0 52.0
3.8023062 92.398895 -5.194048203 1.0 52.0
3.8023062 92.398895 -5.194048204 0.0 53.0
3.8023062 94.29455 -5.194048204 0.0 53.0
3.8023062 94.29455 -5.194048205 0.0 54.0
3.8023062 96.1902 -5.194048205 0.0 54.0
3.8023062 92.398895 -5.194048206 0.0 53.0
1.9102513 92.515594 -5.194048206 0.0 53.0
1.9102513 92.515594 -5.194048207 0.0 54.0
0.018196344 92.63229 -5.194048207 0.0 54.0
8.996354 71.70938 -5.194048208 20.0 41.0
10.294867 73.090454 -5.194048208 20.0 41.0
10.294867 73.090454 -5.194048209 19.0 42.0
11.593378 74.47153 -5.194048209 19.0 42.0
11.593378 74.47153 -5.194048210 18.0 43.0
12.89189 75.8526 -5.194048210 18.0 43.0
12.89189 75.8526 -5.194048211 17.0 44.0
14.190401 77.23367 -5.194048211 17.0 44.0
14.190401 77.23367 -5.194048212 16.0 45.0
15.488913 78.614746 -5.194048212 16.0 45.0
15.488913 78.614746 -5.194048213 15.0 46.0
16.787424 79.99582 -5.194048213 15.0 46.0
16.787424 79.99582 -5.194048214 14.0 47.0
18.085936 81.37689 -5.194048214 14.0 47.0
18.085936 81.37689 -5.194048215 13.0 48.0
19.384447 82.757965 -5.194048215 13.0 48.0
19.384447 82.757965 -5.194048216 12.0 49.0
21.023014 82.874664 -6.140075216 12.0 49.0
21.023014 82.874664 -6.140075217 11.0 50.0
22.661581 82.99136 -7.0861025217 11.0 50.0
22.661581 82.99136 -7.0861025218 10.0 51.0
24.300148 83.10806 -8.03213218 10.0 51.0
24.300148 83.10806 -8.03213219 9.0 52.0
25.938715 83.22476 -8.978158219 9.0 52.0
25.938715 83.22476 -8.978158220 4.0 53.0
27.20172 82.01373 -9.707354220 4.0 53.0
27.20172 82.01373 -9.707354221 3.0 54.0
28.464724 80.802704 -10.436549221 3.0 54.0
28.464724 80.802704 -10.436549222 0.0 55.0
30.10329 80.9194 -11.382577222 0.0 55.0
30.10329 80.9194 -11.382577223 0.0 56.0
31.995346 81.0361 -11.382577223 0.0 56.0
28.464724 80.802704 -10.436549224 2.0 55.0
29.923115 79.591675 -10.436549224 2.0 55.0
29.923115 79.591675 -10.436549225 1.0 56.0
31.381506 78.380646 -10.436549225 1.0 56.0
31.381506 78.380646 -10.436549226 0.0 57.0
31.583254 76.49937 -10.553029226 0.0 57.0
31.583254 76.49937 -10.553029227 0.0 58.0
31.816214 74.61809 -10.553029227 0.0 58.0
31.381506 78.380646 -10.436549228 0.0 57.0
33.27356 78.497345 -10.436549228 0.0 57.0
33.27356 78.497345 -10.436549229 0.0 58.0
35.165615 78.614044 -10.436549229 0.0 58.0
25.938715 83.22476 -8.978158230 8.0 53.0
27.83077 83.34146 -8.978158230 8.0 53.0
27.83077 83.34146 -8.978158231 7.0 54.0
29.722826 83.45816 -8.978158231 7.0 54.0
29.722826 83.45816 -8.978158232 6.0 55.0
31.614882 83.57486 -8.978158232 6.0 55.0
31.614882 83.57486 -8.978158233 5.0 56.0
33.506935 83.69156 -8.978158233 5.0 56.0
33.506935 83.69156 -8.978158234 4.0 57.0
34.76994 82.48053 -9.707354234 4.0 57.0
34.76994 82.48053 -9.707354235 3.0 58.0
36.032944 81.2695 -10.436549235 3.0 58.0
36.032944 81.2695 -10.436549236 0.0 59.0
37.671513 81.3862 -11.382577236 0.0 59.0
37.671513 81.3862 -11.382577237 0.0 60.0
39.56357 81.5029 -11.382577237 0.0 60.0
36.032944 81.2695 -10.436549238 2.0 59.0
37.491337 80.05847 -10.436549238 2.0 59.0
37.491337 80.05847 -10.436549239 1.0 60.0
38.94973 78.84744 -10.436549239 1.0 60.0
38.94973 78.84744 -10.436549240 0.0 61.0
39.151478 76.96616 -10.553029240 0.0 61.0
39.151478 76.96616 -10.553029241 0.0 62.0
39.384438 75.084885 -10.553029241 0.0 62.0
38.94973 78.84744 -10.436549242 0.0 61.0
40.841785 78.96414 -10.436549242 0.0 61.0
40.841785 78.96414 -10.436549243 0.0 62.0
42.73384 79.08084 -10.436549243 0.0 62.0
33.506935 83.69156 -8.978158244 4.0 57.0
34.805447 85.07263 -8.978158244 4.0 57.0
34.805447 85.07263 -8.978158245 3.0 58.0
36.10396 86.453705 -8.978158245 3.0 58.0
36.10396 86.453705 -8.978158246 0.0 59.0
36.10396 88.34936 -8.978158246 0.0 59.0
36.10396 88.34936 -8.978158247 0.0 60.0
36.10396 90.24501 -8.978158247 0.0 60.0
36.10396 86.453705 -8.978158248 2.0 59.0
37.40247 87.83478 -8.978158248 2.0 59.0
37.40247 87.83478 -8.978158249 1.0 60.0
38.70098 89.21585 -8.978158249 1.0 60.0
38.70098 89.21585 -8.978158250 0.0 61.0
40.33955 89.33255 -9.924186250 0.0 61.0
40.33955 89.33255 -9.924186251 0.0 62.0
42.231606 89.44925 -9.924186251 0.0 62.0
38.70098 89.21585 -8.978158252 0.0 61.0
38.70098 91.1115 -8.978158252 0.0 61.0
38.70098 91.1115 -8.978158253 0.0 62.0
38.70098 93.00716 -8.978158253 0.0 62.0
19.384447 82.757965 -5.194048254 12.0 49.0
19.384447 84.65362 -5.194048254 12.0 49.0
19.384447 84.65362 -5.194048255 11.0 50.0
19.384447 86.54927 -5.194048255 11.0 50.0
19.384447 86.54927 -5.194048256 10.0 51.0
19.384447 88.44492 -5.194048256 10.0 51.0
19.384447 88.44492 -5.194048257 9.0 52.0
19.384447 90.340576 -5.194048257 9.0 52.0
19.384447 90.340576 -5.194048258 4.0 53.0
20.508991 91.72165 -5.8433037258 4.0 53.0
20.508991 91.72165 -5.8433037259 3.0 54.0
21.633535 93.10272 -6.4925594259 3.0 54.0
21.633535 93.10272 -6.4925594260 0.0 55.0
21.633535 94.998375 -6.4925594260 0.0 55.0
21.633535 94.998375 -6.4925594261 0.0 56.0
21.633535 96.89403 -6.4925594261 0.0 56.0
21.633535 93.10272 -6.4925594262 2.0 55.0
22.932047 94.483795 -6.4925594262 2.0 55.0
22.932047 94.483795 -6.4925594263 1.0 56.0
24.230558 95.86487 -6.4925594263 1.0 56.0
24.230558 95.86487 -6.4925594264 0.0 57.0
25.869125 95.98157 -7.4385867264 0.0 57.0
25.869125 95.98157 -7.4385867265 0.0 58.0
27.76118 96.09827 -7.4385867265 0.0 58.0
24.230558 95.86487 -6.4925594266 0.0 57.0
24.230558 97.76052 -6.4925594266 0.0 57.0
24.230558 97.76052 -6.4925594267 0.0 58.0
24.230558 99.65617 -6.4925594267 0.0 58.0
19.384447 90.340576 -5.194048268 8.0 53.0
19.384447 92.23623 -5.194048268 8.0 53.0
19.384447 92.23623 -5.194048269 7.0 54.0
19.384447 94.13188 -5.194048269 7.0 54.0
19.384447 94.13188 -5.194048270 6.0 55.0
19.384447 96.027534 -5.194048270 6.0 55.0
19.384447 96.027534 -5.194048271 5.0 56.0
19.384447 97.92319 -5.194048271 5.0 56.0
19.384447 97.92319 -5.194048272 4.0 57.0
20.508991 99.30426 -5.8433037272 4.0 57.0
20.508991 99.30426 -5.8433037273 3.0 58.0
21.633535 100.68533 -6.4925594273 3.0 58.0
21.633535 100.68533 -6.4925594274 0.0 59.0
21.633535 102.580986 -6.4925594274 0.0 59.0
21.633535 102.580986 -6.4925594275 0.0 60.0
21.633535 104.47664 -6.4925594275 0.0 60.0
21.633535 100.68533 -6.4925594276 2.0 59.0
22.932047 102.06641 -6.4925594276 2.0 59.0
22.932047 102.06641 -6.4925594277 1.0 60.0
24.230558 103.44748 -6.4925594277 1.0 60.0
24.230558 103.44748 -6.4925594278 0.0 61.0
25.869125 103.56418 -7.4385867278 0.0 61.0
25.869125 103.56418 -7.4385867279 0.0 62.0
27.76118 103.68088 -7.4385867279 0.0 62.0
24.230558 103.44748 -6.4925594280 0.0 61.0
24.230558 105.34313 -6.4925594280 0.0 61.0
24.230558 105.34313 -6.4925594281 0.0 62.0
24.230558 107.238785 -6.4925594281 0.0 62.0
19.384447 97.92319 -5.194048282 4.0 57.0
18.085936 99.30426 -5.194048282 4.0 57.0
18.085936 99.30426 -5.194048283 3.0 58.0
16.787424 100.68533 -5.194048283 3.0 58.0
16.787424 100.68533 -5.194048284 0.0 59.0
15.148856 100.80203 -4.2480206284 0.0 59.0
15.148856 100.80203 -4.2480206285 0.0 60.0
13.256802 100.91873 -4.2480206285 0.0 60.0
16.787424 100.68533 -5.194048286 2.0 59.0
15.488913 102.06641 -5.194048286 2.0 59.0
15.488913 102.06641 -5.194048287 1.0 60.0
14.190401 103.44748 -5.194048287 1.0 60.0
14.190401 103.44748 -5.194048288 0.0 61.0
14.190401 105.34313 -5.194048288 0.0 61.0
14.190401 105.34313 -5.194048289 0.0 62.0
14.190401 107.238785 -5.194048289 0.0 62.0
14.190401 103.44748 -5.194048290 0.0 61.0
12.2983465 103.56418 -5.194048290 0.0 61.0
12.2983465 103.56418 -5.194048291 0.0 62.0
10.406292 103.68088 -5.194048291 0.0 62.0
0.0 60.660797 0.0292 28.0 33.0
-1.298512 62.04187 0.0292 28.0 33.0
-1.298512 62.04187 0.0293 27.0 34.0
-2.597024 63.422943 0.0293 27.0 34.0
-2.597024 63.422943 0.0294 26.0 35.0
-3.895536 64.804016 0.0294 26.0 35.0
-3.895536 64.804016 0.0295 25.0 36.0
-5.194048 66.18509 0.0295 25.0 36.0
-5.194048 66.18509 0.0296 24.0 37.0
-6.49256 67.56616 0.0296 24.0 37.0
-6.49256 67.56616 0.0297 23.0 38.0
-7.791072 68.947235 0.0297 23.0 38.0
-7.791072 68.947235 0.0298 22.0 39.0
-9.089584 70.32831 0.0298 22.0 39.0
-9.089584 70.32831 0.0299 21.0 40.0
-10.388096 71.70938 0.0299 21.0 40.0
-10.388096 71.70938 0.0300 12.0 41.0
-12.026664 71.82608 0.94602746300 12.0 41.0
-12.026664 71.82608 0.94602746301 11.0 42.0
-13.665232 71.94278 1.8920549301 11.0 42.0
-13.665232 71.94278 1.8920549302 10.0 43.0
-15.3038 72.05948 2.8380823302 10.0 43.0
-15.3038 72.05948 2.8380823303 9.0 44.0
-16.942368 72.17618 3.7841098303 9.0 44.0
-16.942368 72.17618 3.7841098304 4.0 45.0
-18.066912 73.55725 4.433366304 4.0 45.0
-18.066912 73.55725 4.433366305 3.0 46.0
-19.191456 74.938324 5.0826216305 3.0 46.0
-19.191456 74.938324 5.0826216306 0.0 47.0
-20.830023 75.05502 6.028649306 0.0 47.0
-20.830023 75.05502 6.028649307 0.0 48.0
-22.722078 75.17172 6.028649307 0.0 48.0
-19.191456 74.938324 5.0826216308 2.0 47.0
-20.489967 76.3194 5.0826216308 2.0 47.0
-20.489967 76.3194 5.0826216309 1.0 48.0
-21.788479 77.70047 5.0826216309 1.0 48.0
-21.788479 77.70047 5.0826216310 0.0 49.0
-21.788479 79.59612 5.0826216310 0.0 49.0
-21.788479 79.59612 5.0826216311 0.0 50.0
-21.788479 81.491776 5.0826216311 0.0 50.0
-21.788479 77.70047 5.0826216312 0.0 49.0
-23.680534 77.81717 5.0826216312 0.0 49.0
-23.680534 77.81717 5.0826216313 0.0 50.0
-25.57259 77.93387 5.0826216313 0.0 50.0
-16.942368 72.17618 3.7841098314 8.0 45.0
-18.834423 72.29288 3.7841098314 8.0 45.0
-18.834423 72.29288 3.7841098315 7.0 46.0
-20.726479 72.40958 3.7841098315 7.0 46.0
-20.726479 72.40958 3.7841098316 6.0 47.0
-22.618534 72.526276 3.7841098316 6.0 47.0
-22.618534 72.526276 3.7841098317 5.0 48.0
-24.51059 72.642975 3.7841098317 5.0 48.0
-24.51059 72.642975 3.7841098318 4.0 49.0
-25.635134 74.02405 4.433366318 4.0 49.0
-25.635134 74.02405 4.433366319 3.0 50.0
-26.759678 75.40512 5.0826216319 3.0 50.0
-26.759678 75.40512 5.0826216320 0.0 51.0
-28.398245 75.52182 6.028649320 0.0 51.0
-28.398245 75.52182 6.028649321 0.0 52.0
-30.2903 75.63852 6.028649321 0.0 52.0
-26.759678 75.40512 5.0826216322 2.0 51.0
-28.05819 76.786194 5.0826216322 2.0 51.0
-28.05819 76.786194 5.0826216323 1.0 52.0
-29.3567 78.16727 5.0826216323 1.0 52.0
-29.3567 78.16727 5.0826216324 0.0 53.0
-29.3567 80.06292 5.0826216324 0.0 53.0
-29.3567 80.06292 5.0826216325 0.0 54.0
-29.3567 81.95857 5.0826216325 0.0 54.0
-29.3567 78.16727 5.0826216326 0.0 53.0
-31.248756 78.283966 5.0826216326 0.0 53.0
-31.248756 78.283966 5.0826216327 0.0 54.0
-33.140812 78.400665 5.0826216327 0.0 54.0
-24.51059 72.642975 3.7841098328 4.0 49.0
-25.96898 71.431946 3.7841098328 4.0 49.0
-25.96898 71.431946 3.7841098329 3.0 50.0
-27.427372 70.22092 3.7841098329 3.0 50.0
-27.427372 70.22092 3.7841098330 0.0 51.0
-27.62912 68.33964 3.9005895330 0.0 51.0
-27.62912 68.33964 3.9005895331 0.0 52.0
-27.86208 66.45836 3.9005895331 0.0 52.0
-27.427372 70.22092 3.7841098332 2.0 51.0
-28.885763 69.00989 3.7841098332 2.0 51.0
-28.885763 69.00989 3.7841098333 1.0 52.0
-30.344154 67.79886 3.7841098333 1.0 52.0
-30.344154 67.79886 3.7841098334 0.0 53.0
-31.982721 67.91556 4.7301373334 0.0 53.0
-31.982721 67.91556 4.7301373335 0.0 54.0
-33.874775 68.03226 4.7301373335 0.0 54.0
-30.344154 67.79886 3.7841098336 0.0 53.0
-30.577114 65.91758 3.7841098336 0.0 53.0
-30.577114 65.91758 3.7841098337 0.0 54.0
-30.810074 64.0363 3.7841098337 0.0 54.0
-10.388096 71.70938 0.0338 20.0 41.0
-11.686607 73.090454 0.0338 20.0 41.0
-11.686607 73.090454 0.0339 19.0 42.0
-12.985119 74.47153 0.0339 19.0 42.0
-12.985119 74.47153 0.0340 18.0 43.0
-14.28363 75.8526 0.0340 18.0 43.0
-14.28363 75.8526 0.0341 17.0 44.0
-15.582142 77.23367 0.0341 17.0 44.0
-15.582142 77.23367 0.0342 16.0 45.0
-16.880653 78.614746 0.0342 16.0 45.0
-16.880653 78.614746 0.0343 15.0 46.0
-18.179165 79.99582 0.0343 15.0 46.0
-18.179165 79.99582 0.0344 14.0 47.0
-19.477676 81.37689 0.0344 14.0 47.0
-19.477676 81.37689 0.0345 13.0 48.0
-20.776188 82.757965 0.0345 13.0 48.0
-20.776188 82.757965 0.0346 12.0 49.0
-20.776188 84.65362 0.0346 12.0 49.0
-20.776188 84.65362 0.0347 11.0 50.0
-20.776188 86.54927 0.0347 11.0 50.0
-20.776188 86.54927 0.0348 10.0 51.0
-20.776188 88.44492 0.0348 10.0 51.0
-20.776188 88.44492 0.0349 9.0 52.0
-20.776188 90.340576 0.0349 9.0 52.0
-20.776188 90.340576 0.0350 4.0 53.0
-19.651644 91.72165 -0.649256350 4.0 53.0
-19.651644 91.72165 -0.649256351 3.0 54.0
-18.5271 93.10272 -1.298512351 3.0 54.0
-18.5271 93.10272 -1.298512352 0.0 55.0
-18.5271 94.998375 -1.298512352 0.0 55.0
-18.5271 94.998375 -1.298512353 0.0 56.0
-18.5271 96.89403 -1.298512353 0.0 56.0
-18.5271 93.10272 -1.298512354 2.0 55.0
-17.228588 94.483795 -1.298512354 2.0 55.0
-17.228588 94.483795 -1.298512355 1.0 56.0
-15.930077 95.86487 -1.298512355 1.0 56.0
-15.930077 95.86487 -1.298512356 0.0 57.0
-14.291509 95.98157 -2.2445395356 0.0 57.0
-14.291509 95.98157 -2.2445395357 0.0 58.0
-12.399454 96.09827 -2.2445395357 0.0 58.0
-15.930077 95.86487 -1.298512358 0.0 57.0
-15.930077 97.76052 -1.298512358 0.0 57.0
-15.930077 97.76052 -1.298512359 0.0 58.0
-15.930077 99.65617 -1.298512359 0.0 58.0
-20.776188 90.340576 0.0360 8.0 53.0
-20.776188 92.23623 0.0360 8.0 53.0
-20.776188 92.23623 0.0361 7.0 54.0
-20.776188 94.13188 0.0361 7.0 54.0
-20.776188 94.13188 0.0362 6.0 55.0
-20.776188 96.027534 0.0362 6.0 55.0
-20.776188 96.027534 0.0363 5.0 56.0
-20.776188 97.92319 0.0363 5.0 56.0
-20.776188 97.92319 0.0364 4.0 57.0
-19.651644 99.30426 -0.649256364 4.0 57.0
-19.651644 99.30426 -0.649256365 3.0 58.0
-18.5271 100.68533 -1.298512365 3.0 58.0
-18.5271 100.68533 -1.298512366 0.0 59.0
-18.5271 102.580986 -1.298512366 0.0 59.0
-18.5271 102.580986 -1.298512367 0.0 60.0
-18.5271 104.47664 -1.298512367 0.0 60.0
-18.5271 100.68533 -1.298512368 2.0 59.0
-17.228588 102.06641 -1.298512368 2.0 59.0
-17.228588 102.06641 -1.298512369 1.0 60.0
-15.930077 103.44748 -1.298512369 1.0 60.0
-15.930077 103.44748 -1.298512370 0.0 61.0
-14.291509 103.56418 -2.2445395370 0.0 61.0
-14.291509 103.56418 -2.2445395371 0.0 62.0
-12.399454 103.68088 -2.2445395371 0.0 62.0
-15.930077 103.44748 -1.298512372 0.0 61.0
-15.930077 105.34313 -1.298512372 0.0 61.0
-15.930077 105.34313 -1.298512373 0.0 62.0
-15.930077 107.238785 -1.298512373 0.0 62.0
-20.776188 97.92319 0.0374 4.0 57.0
-22.0747 99.30426 0.0374 4.0 57.0
-22.0747 99.30426 0.0375 3.0 58.0
-23.37321 100.68533 0.0375 3.0 58.0
-23.37321 100.68533 0.0376 0.0 59.0
-25.011778 100.80203 0.94602746376 0.0 59.0
-25.011778 100.80203 0.94602746377 0.0 60.0
-26.903833 100.91873 0.94602746377 0.0 60.0
-23.37321 100.68533 0.0378 2.0 59.0
-24.671722 102.06641 0.0378 2.0 59.0
-24.671722 102.06641 0.0379 1.0 60.0
-25.970234 103.44748 0.0379 1.0 60.0
-25.970234 103.44748 0.0380 0.0 61.0
-25.970234 105.34313 0.0380 0.0 61.0
-25.970234 105.34313 0.0381 0.0 62.0
-25.970234 107.238785 0.0381 0.0 62.0
-25.970234 103.44748 0.0382 0.0 61.0
-27.86229 103.56418 0.0382 0.0 61.0
-27.86229 103.56418 0.0383 0.0 62.0
-29.754345 103.68088 0.0383 0.0 62.0
-20.776188 82.757965 0.0384 12.0 49.0
-22.668243 82.874664 0.0384 12.0 49.0
-22.668243 82.874664 0.0385 11.0 50.0
-24.560299 82.99136 0.0385 11.0 50.0
-24.560299 82.99136 0.0386 10.0 51.0
-26.452354 83.10806 0.0386 10.0 51.0
-26.452354 83.10806 0.0387 9.0 52.0
-28.34441 83.22476 0.0387 9.0 52.0
-28.34441 83.22476 0.0388 4.0 53.0
-29.468954 84.605835 0.649256388 4.0 53.0
-29.468954 84.605835 0.649256389 3.0 54.0
-30.593498 85.98691 1.298512389 3.0 54.0
-30.593498 85.98691 1.298512390 0.0 55.0
-32.232067 86.10361 2.2445395390 0.0 55.0
-32.232067 86.10361 2.2445395391 0.0 56.0
-34.124123 86.22031 2.2445395391 0.0 56.0
-30.593498 85.98691 1.298512392 2.0 55.0
-31.89201 87.36798 1.298512392 2.0 55.0
-31.89201 87.36798 1.298512393 1.0 56.0
-33.19052 88.749054 1.298512393 1.0 56.0
-33.19052 88.749054 1.298512394 0.0 57.0
-33.19052 90.64471 1.298512394 0.0 57.0
-33.19052 90.64471 1.298512395 0.0 58.0
-33.19052 92.54036 1.298512395 0.0 58.0
-33.19052 88.749054 1.298512396 0.0 57.0
-35.082577 88.86575 1.298512396 0.0 57.0
-35.082577 88.86575 1.298512397 0.0 58.0
-36.974632 88.98245 1.298512397 0.0 58.0
-28.34441 83.22476 0.0398 8.0 53.0
-30.236465 83.34146 0.0398 8.0 53.0
-30.236465 83.34146 0.0399 7.0 54.0
-32.12852 83.45816 0.0399 7.0 54.0
-32.12852 83.45816 0.0400 6.0 55.0
-34.020576 83.57486 0.0400 6.0 55.0
-34.020576 83.57486 0.0401 5.0 56.0
-35.912632 83.69156 0.0401 5.0 56.0
-35.912632 83.69156 0.0402 4.0 57.0
-37.037178 85.07263 0.649256402 4.0 57.0
-37.037178 85.07263 0.649256403 3.0 58.0
-38.161724 86.453705 1.298512403 3.0 58.0
-38.161724 86.453705 1.298512404 0.0 59.0
-39.800293 86.570404 2.2445395404 0.0 59.0
-39.800293 86.570404 2.2445395405 0.0 60.0
-41.69235 86.6871 2.2445395405 0.0 60.0
-38.161724 86.453705 1.298512406 2.0 59.0
-39.460236 87.83478 1.298512406 2.0 59.0
-39.460236 87.83478 1.298512407 1.0 60.0
-40.758747 89.21585 1.298512407 1.0 60.0
-40.758747 89.21585 1.298512408 0.0 61.0
-40.758747 91.1115 1.298512408 0.0 61.0
-40.758747 91.1115 1.298512409 0.0 62.0
-40.758747 93.00716 1.298512409 0.0 62.0
-40.758747 89.21585 1.298512410 0.0 61.0
-42.650803 89.33255 1.298512410 0.0 61.0
-42.650803 89.33255 1.298512411 0.0 62.0
-44.54286 89.44925 1.298512411 0.0 62.0
-35.912632 83.69156 0.0412 4.0 57.0
-37.371025 82.48053 0.0412 4.0 57.0
-37.371025 82.48053 0.0413 3.0 58.0
-38.82942 81.2695 0.0413 3.0 58.0
-38.82942 81.2695 0.0414 0.0 59.0
-39.031166 79.38822 0.11647968414 0.0 59.0
-39.031166 79.38822 0.11647968415 0.0 60.0
-39.264126 77.50694 0.11647968415 0.0 60.0
-38.82942 81.2695 0.0416 2.0 59.0
-40.28781 80.05847 0.0416 2.0 59.0
-40.28781 80.05847 0.0417 1.0 60.0
-41.746204 78.84744 0.0417 1.0 60.0
-41.746204 78.84744 0.0418 0.0 61.0
-43.384773 78.96414 0.94602746418 0.0 61.0
-43.384773 78.96414 0.94602746419 0.0 62.0
-45.27683 79.08084 0.94602746419 0.0 62.0
-41.746204 78.84744 0.0420 0.0 61.0
-41.979164 76.96616 0.0420 0.0 61.0
-41.979164 76.96616 0.0421 0.0 62.0
-42.212124 75.084885 0.0421 0.0 62.0
