0.0 0.0 0.00 27.0 1.0
0.0 3.0364208 0.00 27.0 1.0
0.0 3.0364208 0.01 26.0 2.0
0.0 6.0728416 0.01 26.0 2.0
0.0 6.0728416 0.02 1.0 3.0
0.0 9.109262 0.02 1.0 3.0
0.0 9.109262 0.03 0.0 4.0
-1.5649344 11.549445 0.903515343 0.0 4.0
-1.5649344 11.549445 0.903515344 0.0 5.0
-4.0802155 12.435071 2.35571344 0.0 5.0
0.0 6.0728416 0.05 1.0 3.0
-2.4778159 5.0561037 1.43056765 1.0 3.0
-2.4778159 5.0561037 1.43056766 0.0 4.0
-4.9930973 5.9417295 2.88276586 0.0 4.0
-4.9930973 5.9417295 2.88276587 0.0 5.0
-6.5580316 8.381912 3.7862817 0.0 5.0
0.0 6.0728416 0.08 25.0 3.0
-2.9043963 6.9584675 0.08 25.0 3.0
-2.9043963 6.9584675 0.09 24.0 4.0
-5.8087926 7.8440933 0.09 24.0 4.0
-5.8087926 7.8440933 0.010 1.0 5.0
-8.324074 8.729719 1.452198110 1.0 5.0
-8.324074 8.729719 1.452198111 0.0 6.0
-10.801889 7.712981 2.882765811 0.0 6.0
-10.801889 7.712981 2.882765812 0.0 7.0
-12.269141 5.193177 3.729884112 0.0 7.0
-5.8087926 7.8440933 0.013 1.0 5.0
-5.689255 4.810811 -0.06901479513 1.0 5.0
-5.689255 4.810811 -0.06901479514 0.0 6.0
-7.1565075 2.291007 0.778103614 0.0 6.0
-7.1565075 2.291007 0.778103615 0.0 7.0
-9.634323 1.2742689 2.20867115 0.0 7.0
-5.8087926 7.8440933 0.016 7.0 5.0
-7.276045 5.3242893 0.847118416 7.0 5.0
-7.276045 5.3242893 0.847118417 6.0 6.0
-8.743297 2.8044853 1.694236817 6.0 6.0
-8.743297 2.8044853 1.694236818 1.0 7.0
-10.210548 0.28468132 2.541355118 1.0 7.0
-10.210548 0.28468132 2.541355119 0.0 8.0
-10.091011 -2.7486007 2.472340319 0.0 8.0
-10.091011 -2.7486007 2.472340320 0.0 9.0
-8.43163 -5.104117 1.51429620 0.0 9.0
-8.743297 2.8044853 1.694236821 1.0 7.0
-6.19575 2.051804 0.2234102521 1.0 7.0
-6.19575 2.051804 0.2234102522 0.0 8.0
-4.5363684 -0.30371165 -0.734634222 0.0 8.0
-4.5363684 -0.30371165 -0.734634223 0.0 9.0
-4.4168305 -3.3369935 -0.8036493723 0.0 9.0
-8.743297 2.8044853 1.694236824 5.0 7.0
-5.8016434 2.051804 1.694236824 5.0 7.0
-5.8016434 2.051804 1.694236825 4.0 8.0
-2.8599904 1.2991227 1.694236825 4.0 8.0
-2.8599904 1.2991227 1.694236826 1.0 9.0
-0.3124442 0.5464413 0.2234102526 1.0 9.0
-0.3124442 0.5464413 0.2234102527 0.0 10.0
2.1227834 1.6921898 -1.18256927 0.0 10.0
2.1227834 1.6921898 -1.18256928 0.0 11.0
3.4893203 4.2864056 -1.971539528 0.0 11.0
-2.8599904 1.2991227 1.694236829 1.0 9.0
-3.0988162 4.3229947 1.832122929 1.0 9.0
-3.0988162 4.3229947 1.832122930 0.0 10.0
-1.7322793 6.9172106 1.043152630 0.0 10.0
-1.7322793 6.9172106 1.043152631 0.0 11.0
0.70294833 8.062959 -0.362826731 0.0 11.0
-2.8599904 1.2991227 1.694236832 3.0 9.0
-3.1357627 4.3229947 1.694236832 3.0 9.0
-3.1357627 4.3229947 1.694236833 2.0 10.0
-3.411535 7.3468666 1.694236833 2.0 10.0
-3.411535 7.3468666 1.694236834 1.0 11.0
-3.6503608 10.370739 1.832122934 1.0 11.0
-3.6503608 10.370739 1.832122935 0.0 12.0
-5.400757 12.636721 2.842714335 0.0 12.0
-5.400757 12.636721 2.842714336 0.0 13.0
-7.9753003 13.254906 4.32912836 0.0 13.0
-3.411535 7.3468666 1.694236837 1.0 11.0
-5.799141 6.07448 3.072721737 1.0 11.0
-5.799141 6.07448 3.072721738 0.0 12.0
-8.373684 6.692665 4.55913538 0.0 12.0
-8.373684 6.692665 4.55913539 0.0 13.0
-10.12408 8.958647 5.569726539 0.0 13.0
-5.8087926 7.8440933 0.040 7.0 5.0
-3.2612464 7.091412 -1.470826540 7.0 5.0
-3.2612464 7.091412 -1.470826541 6.0 6.0
-0.7137003 6.338731 -2.94165341 6.0 6.0
-0.7137003 6.338731 -2.94165342 1.0 7.0
1.8338459 5.5860496 -4.412479442 1.0 7.0
1.8338459 5.5860496 -4.412479443 0.0 8.0
4.2690735 6.731798 -5.818458643 0.0 8.0
4.2690735 6.731798 -5.818458644 0.0 9.0
5.6356106 9.326014 -6.60742944 0.0 9.0
-0.7137003 6.338731 -2.94165345 1.0 7.0
-0.95252615 9.362602 -2.803766745 1.0 7.0
-0.95252615 9.362602 -2.803766746 0.0 8.0
0.4140107 11.956818 -3.592737246 0.0 8.0
0.4140107 11.956818 -3.592737247 0.0 9.0
2.8492384 13.102566 -4.998716447 0.0 9.0
-0.7137003 6.338731 -2.94165348 5.0 7.0
2.0982583 7.4844794 -2.94165348 5.0 7.0
2.0982583 7.4844794 -2.94165349 4.0 8.0
4.910217 8.630228 -2.94165349 4.0 8.0
4.910217 8.630228 -2.94165350 1.0 9.0
7.3454447 9.775976 -4.347632450 1.0 9.0
7.3454447 9.775976 -4.347632451 0.0 10.0
8.711982 12.370192 -5.13660351 0.0 10.0
8.711982 12.370192 -5.13660352 0.0 11.0
8.473156 15.394064 -4.99871752 0.0 11.0
4.910217 8.630228 -2.94165353 1.0 9.0
3.159821 10.89621 -1.931061553 1.0 9.0
3.159821 10.89621 -1.931061554 0.0 10.0
2.9209952 13.920082 -1.793175354 0.0 10.0
2.9209952 13.920082 -1.793175355 0.0 11.0
4.287532 16.514297 -2.582145755 0.0 11.0
4.910217 8.630228 -2.94165356 3.0 9.0
6.4881577 11.224443 -2.94165356 3.0 9.0
6.4881577 11.224443 -2.94165357 2.0 10.0
8.066098 13.818659 -2.94165357 2.0 10.0
8.066098 13.818659 -2.94165358 1.0 11.0
9.432635 16.412874 -3.730623558 1.0 11.0
9.432635 16.412874 -3.730623559 0.0 12.0
9.1938095 19.436747 -3.592737259 0.0 12.0
9.1938095 19.436747 -3.592737260 0.0 13.0
7.4434137 21.702728 -2.582145760 0.0 13.0
8.066098 13.818659 -2.94165361 1.0 11.0
5.4915547 14.436844 -1.455239761 1.0 11.0
5.4915547 14.436844 -1.455239762 0.0 12.0
3.741159 16.702826 -0.4446481562 0.0 12.0
3.741159 16.702826 -0.4446481563 0.0 13.0
3.5023332 19.726698 -0.3067619863 0.0 13.0
-5.8087926 7.8440933 0.064 23.0 5.0
-3.892704 5.488577 0.064 23.0 5.0
-3.892704 5.488577 0.065 22.0 6.0
-1.9766155 3.1330607 0.065 22.0 6.0
-1.9766155 3.1330607 0.066 1.0 7.0
-0.3172338 0.777545 -0.9580444766 1.0 7.0
-0.3172338 0.777545 -0.9580444767 0.0 8.0
2.2303123 0.0248636 -2.42887167 0.0 8.0
2.2303123 0.0248636 -2.42887168 0.0 9.0
4.6655397 1.1706121 -3.834850368 0.0 9.0
-1.9766155 3.1330607 0.069 1.0 7.0
-0.6100787 5.7272763 -0.788970469 1.0 7.0
-0.6100787 5.7272763 -0.788970470 0.0 8.0
1.8251489 6.873025 -2.194949670 0.0 8.0
1.8251489 6.873025 -2.194949671 0.0 9.0
4.372695 6.1203437 -3.665776371 0.0 9.0
-1.9766155 3.1330607 0.072 21.0 7.0
0.835343 4.278809 0.072 21.0 7.0
0.835343 4.278809 0.073 20.0 8.0
3.6473017 5.4245577 0.073 20.0 8.0
3.6473017 5.4245577 0.074 1.0 9.0
6.082529 6.5703063 -1.405979374 1.0 9.0
6.082529 6.5703063 -1.405979375 0.0 10.0
7.449066 9.164522 -2.194949675 0.0 10.0
7.449066 9.164522 -2.194949676 0.0 11.0
7.2102404 12.188395 -2.057063376 0.0 11.0
3.6473017 5.4245577 0.077 1.0 9.0
1.8969059 7.690539 1.010591577 1.0 9.0
1.8969059 7.690539 1.010591578 0.0 10.0
1.65808 10.714411 1.148477778 0.0 10.0
1.65808 10.714411 1.148477779 0.0 11.0
3.0246167 13.308626 0.3595072679 0.0 11.0
3.6473017 5.4245577 0.080 7.0 9.0
3.4084759 8.448429 0.1378861880 7.0 9.0
3.4084759 8.448429 0.1378861881 6.0 10.0
3.16965 11.4723015 0.2757723681 6.0 10.0
3.16965 11.4723015 0.2757723682 1.0 11.0
2.9308243 14.496174 0.4136585682 1.0 11.0
2.9308243 14.496174 0.4136585683 0.0 12.0
1.1804285 16.762156 1.424250183 0.0 12.0
1.1804285 16.762156 1.424250184 0.0 13.0
-1.394115 17.38034 2.910663684 0.0 13.0
3.16965 11.4723015 0.2757723685 1.0 11.0
0.7820442 10.199915 1.654257385 1.0 11.0
0.7820442 10.199915 1.654257386 0.0 12.0
-1.7924993 10.8181 3.140670886 0.0 12.0
-1.7924993 10.8181 3.140670887 0.0 13.0
-3.542895 13.084082 4.151262387 0.0 13.0
3.16965 11.4723015 0.2757723688 5.0 11.0
0.41268015 10.199915 0.2757723688 5.0 11.0
0.41268015 10.199915 0.2757723689 4.0 12.0
-2.3442898 8.927528 0.2757723689 4.0 12.0
-2.3442898 8.927528 0.2757723690 1.0 13.0
-4.7318954 7.655142 1.654257390 1.0 13.0
-4.7318954 7.655142 1.654257391 0.0 14.0
-5.994894 4.9918795 2.383449891 0.0 14.0
-5.994894 4.9918795 2.383449892 0.0 15.0
-5.637275 1.983669 2.176978392 0.0 15.0
-2.3442898 8.927528 0.2757723693 1.0 13.0
-0.50649893 6.755766 -0.7852766593 1.0 13.0
-0.50649893 6.755766 -0.7852766594 0.0 14.0
-0.14887995 3.7475555 -0.991748194 0.0 14.0
-0.14887995 3.7475555 -0.991748195 0.0 15.0
-1.4118783 1.0842934 -0.2625556695 0.0 15.0
-2.3442898 8.927528 0.2757723696 3.0 13.0
-0.22219181 6.755766 0.2757723696 3.0 13.0
-0.22219181 6.755766 0.2757723697 2.0 14.0
1.8999062 4.5840034 0.2757723697 2.0 14.0
1.8999062 4.5840034 0.2757723698 1.0 15.0
3.7376971 2.4122412 -0.7852766598 1.0 15.0
3.7376971 2.4122412 -0.7852766599 0.0 16.0
6.333915 1.9298302 -2.28420499 0.0 16.0
6.333915 1.9298302 -2.284204100 0.0 17.0
8.668963 3.3262248 -3.6323447100 0.0 17.0
1.8999062 4.5840034 0.27577236101 1.0 15.0
3.056755 7.3108063 -0.39213464101 1.0 15.0
3.056755 7.3108063 -0.39213464102 0.0 16.0
5.3918033 8.707201 -1.7402754102 0.0 16.0
5.3918033 8.707201 -1.7402754103 0.0 17.0
7.9880214 8.22479 -3.2392025103 0.0 17.0
3.6473017 5.4245577 0.0104 7.0 9.0
1.2596958 4.152171 1.378485104 7.0 9.0
1.2596958 4.152171 1.378485105 6.0 10.0
-1.1279101 2.8797843 2.75697105 6.0 10.0
-1.1279101 2.8797843 2.75697106 1.0 11.0
-3.515516 1.6073976 4.135455106 1.0 11.0
-3.515516 1.6073976 4.135455107 0.0 12.0
-4.7785144 -1.0558646 4.8646474107 0.0 12.0
-4.7785144 -1.0558646 4.8646474108 0.0 13.0
-4.4208956 -4.064075 4.658176108 0.0 13.0
-1.1279101 2.8797843 2.75697109 1.0 11.0
0.7098807 0.7080221 1.695921109 1.0 11.0
0.7098807 0.7080221 1.695921110 0.0 12.0
1.0674996 -2.3001883 1.4894495110 0.0 12.0
1.0674996 -2.3001883 1.4894495111 0.0 13.0
-0.1954987 -4.9634504 2.218642111 0.0 13.0
-1.1279101 2.8797843 2.75697112 5.0 11.0
-2.5862951 0.21652222 2.75697112 5.0 11.0
-2.5862951 0.21652222 2.75697113 4.0 12.0
-4.04468 -2.44674 2.75697113 4.0 12.0
-4.04468 -2.44674 2.75697114 1.0 13.0
-5.307678 -5.110002 3.4861624114 1.0 13.0
-5.307678 -5.110002 3.4861624115 0.0 14.0
-4.9500594 -8.118213 3.279691115 0.0 14.0
-4.9500594 -8.118213 3.279691116 0.0 15.0
-3.1122684 -10.289975 2.218642116 0.0 15.0
-4.04468 -2.44674 2.75697117 1.0 13.0
-1.448462 -2.9291508 1.2580427117 1.0 13.0
-1.448462 -2.9291508 1.2580427118 0.0 14.0
0.38932884 -5.100913 0.19699371118 0.0 14.0
0.38932884 -5.100913 0.19699371119 0.0 15.0
0.7469478 -8.109123 -0.00947772119 0.0 15.0
-4.04468 -2.44674 2.75697120 3.0 13.0
-3.6317372 -5.4549503 2.75697120 3.0 13.0
-3.6317372 -5.4549503 2.75697121 2.0 14.0
-3.2187943 -8.4631605 2.75697121 2.0 14.0
-3.2187943 -8.4631605 2.75697122 1.0 15.0
-2.8611753 -11.471371 2.5504985122 1.0 15.0
-2.8611753 -11.471371 2.5504985123 0.0 16.0
-1.0233845 -13.643133 1.4894495123 0.0 16.0
-1.0233845 -13.643133 1.4894495124 0.0 17.0
1.5728337 -14.125545 -0.009477735124 0.0 17.0
-3.2187943 -8.4631605 2.75697125 1.0 15.0
-0.88374615 -7.066766 1.4088292125 1.0 15.0
-0.88374615 -7.066766 1.4088292126 0.0 16.0
1.712472 -7.5491767 -0.09009802126 0.0 16.0
1.712472 -7.5491767 -0.09009802127 0.0 17.0
3.550263 -9.720939 -1.151147127 0.0 17.0
3.6473017 5.4245577 0.0128 19.0 9.0
1.0727582 6.0427427 1.4864134128 19.0 9.0
1.0727582 6.0427427 1.4864134129 18.0 10.0
-1.5017853 6.660928 2.9728267129 18.0 10.0
-1.5017853 6.660928 2.9728267130 1.0 11.0
-4.0763288 7.279113 4.45924130 1.0 11.0
-4.0763288 7.279113 4.45924131 0.0 12.0
-6.463935 6.0067263 5.8377247131 0.0 12.0
-6.463935 6.0067263 5.8377247132 0.0 13.0
-7.7269335 3.3434641 6.566917132 0.0 13.0
-1.5017853 6.660928 2.9728267133 1.0 11.0
-1.1441662 3.6527174 2.7663553133 1.0 11.0
-1.1441662 3.6527174 2.7663553134 0.0 12.0
-2.4071646 0.9894552 3.4955478134 0.0 12.0
-2.4071646 0.9894552 3.4955478135 0.0 13.0
-4.7947702 -0.28293157 4.874033135 0.0 13.0
-1.5017853 6.660928 2.9728267136 17.0 11.0
-2.9601703 3.9976656 2.9728267136 17.0 11.0
-2.9601703 3.9976656 2.9728267137 16.0 12.0
-4.4185553 1.3344035 2.9728267137 16.0 12.0
-4.4185553 1.3344035 2.9728267138 1.0 13.0
-5.681554 -1.3288586 3.7020192138 1.0 13.0
-5.681554 -1.3288586 3.7020192139 0.0 14.0
-5.323935 -4.337069 3.4955478139 0.0 14.0
-5.323935 -4.337069 3.4955478140 0.0 15.0
-3.486144 -6.508831 2.4344988140 0.0 15.0
-4.4185553 1.3344035 2.9728267141 1.0 13.0
-1.8223372 0.8519925 1.4738995141 1.0 13.0
-1.8223372 0.8519925 1.4738995142 0.0 14.0
0.015453696 -1.3197697 0.4128505142 0.0 14.0
0.015453696 -1.3197697 0.4128505143 0.0 15.0
0.37307268 -4.32798 0.20637907143 0.0 15.0
-4.4185553 1.3344035 2.9728267144 7.0 13.0
-2.5807643 -0.8373587 1.9117777144 7.0 13.0
-2.5807643 -0.8373587 1.9117777145 6.0 14.0
-0.74297345 -3.009121 0.85072875145 6.0 14.0
-0.74297345 -3.009121 0.85072875146 1.0 15.0
1.0948174 -5.1808834 -0.21032023146 1.0 15.0
1.0948174 -5.1808834 -0.21032023147 0.0 16.0
3.6910355 -5.6632943 -1.7092475147 0.0 16.0
3.6910355 -5.6632943 -1.7092475148 0.0 17.0
6.026084 -4.2668996 -3.0573883148 0.0 17.0
-0.74297345 -3.009121 0.85072875149 1.0 15.0
0.41387546 -0.28231835 0.18282175149 1.0 15.0
0.41387546 -0.28231835 0.18282175150 0.0 16.0
2.7489238 1.1140763 -1.165319150 0.0 16.0
2.7489238 1.1140763 -1.165319151 0.0 17.0
5.345142 0.6316652 -2.664246151 0.0 17.0
-0.74297345 -3.009121 0.85072875152 5.0 15.0
0.59284055 -0.28231835 0.85072875152 5.0 15.0
0.59284055 -0.28231835 0.85072875153 4.0 16.0
1.9286546 2.4444842 0.85072875153 4.0 16.0
1.9286546 2.4444842 0.85072875154 1.0 17.0
3.0855036 5.1712866 0.18282175154 1.0 17.0
3.0855036 5.1712866 0.18282175155 0.0 18.0
2.6098309 8.157616 0.45745158155 0.0 18.0
2.6098309 8.157616 0.45745158156 0.0 19.0
0.6884445 10.230669 1.5667645156 0.0 19.0
1.9286546 2.4444842 0.85072875157 1.0 17.0
-0.6838707 2.7901237 2.359071157 1.0 17.0
-0.6838707 2.7901237 2.359071158 0.0 18.0
-2.605257 4.8631773 3.4683838158 0.0 18.0
-2.605257 4.8631773 3.4683838159 0.0 19.0
-3.0809298 7.849507 3.7430136159 0.0 19.0
1.9286546 2.4444842 0.85072875160 3.0 17.0
-1.08803 2.7901237 0.85072875160 3.0 17.0
-1.08803 2.7901237 0.85072875161 2.0 18.0
-4.1047144 3.1357632 0.85072875161 2.0 18.0
-4.1047144 3.1357632 0.85072875162 1.0 19.0
-6.7172394 3.4814026 2.359071162 1.0 19.0
-6.7172394 3.4814026 2.359071163 0.0 20.0
-8.994903 1.9638871 3.6740804163 0.0 20.0
-8.994903 1.9638871 3.6740804164 0.0 21.0
-10.04321 -0.82081854 4.279321164 0.0 21.0
-4.1047144 3.1357632 0.85072875165 1.0 19.0
-3.5119712 0.17748785 0.5085083165 1.0 19.0
-3.5119712 0.17748785 0.5085083166 0.0 20.0
-4.560279 -2.6072178 1.113749166 0.0 20.0
-4.560279 -2.6072178 1.113749167 0.0 21.0
-6.837942 -4.1247334 2.4287581167 0.0 21.0
-4.4185553 1.3344035 2.9728267168 7.0 13.0
-3.2617064 4.061206 2.3049197168 7.0 13.0
-3.2617064 4.061206 2.3049197169 6.0 14.0
-2.1048574 6.7880087 1.6370127169 6.0 14.0
-2.1048574 6.7880087 1.6370127170 1.0 15.0
-0.94800854 9.5148115 0.9691057170 1.0 15.0
-0.94800854 9.5148115 0.9691057171 0.0 16.0
-1.4236814 12.501141 1.2437356171 0.0 16.0
-1.4236814 12.501141 1.2437356172 0.0 17.0
-3.3450677 14.574194 2.3530483172 0.0 17.0
-2.1048574 6.7880087 1.6370127173 1.0 15.0
-4.7173824 7.133648 3.145355173 1.0 15.0
-4.7173824 7.133648 3.145355174 0.0 16.0
-6.6387687 9.206701 4.2546678174 0.0 16.0
-6.6387687 9.206701 4.2546678175 0.0 17.0
-7.1144414 12.193031 4.529298175 0.0 17.0
-2.1048574 6.7880087 1.6370127176 5.0 15.0
-2.654117 9.774338 1.6370127176 5.0 15.0
-2.654117 9.774338 1.6370127177 4.0 16.0
-3.2033768 12.760668 1.6370127177 4.0 16.0
-3.2033768 12.760668 1.6370127178 1.0 17.0
-3.6790495 15.746998 1.9116426178 1.0 17.0
-3.6790495 15.746998 1.9116426179 0.0 18.0
-5.6004357 17.820051 3.0209556179 0.0 18.0
-5.6004357 17.820051 3.0209556180 0.0 19.0
-8.212961 18.165691 4.529298180 0.0 19.0
-3.2033768 12.760668 1.6370127181 1.0 17.0
-5.48104 11.243153 2.952022181 1.0 17.0
-5.48104 11.243153 2.952022182 0.0 18.0
-8.093565 11.588792 4.4603643182 0.0 18.0
-8.093565 11.588792 4.4603643183 0.0 19.0
-10.014952 13.661845 5.5696774183 0.0 19.0
-3.2033768 12.760668 1.6370127184 3.0 17.0
-5.422003 14.833721 1.6370127184 3.0 17.0
-5.422003 14.833721 1.6370127185 2.0 18.0
-7.640629 16.906775 1.6370127185 2.0 18.0
-7.640629 16.906775 1.6370127186 1.0 19.0
-9.562016 18.979828 2.7463255186 1.0 19.0
-9.562016 18.979828 2.7463255187 0.0 20.0
-12.1745405 19.325468 4.2546678187 0.0 20.0
-12.1745405 19.325468 4.2546678188 0.0 21.0
-14.452204 17.807953 5.569677188 0.0 21.0
-7.640629 16.906775 1.6370127189 1.0 19.0
-8.688936 14.122068 2.2422533189 1.0 19.0
-8.688936 14.122068 2.2422533190 0.0 20.0
-10.966599 12.604553 3.5572624190 0.0 20.0
-10.966599 12.604553 3.5572624191 0.0 21.0
-13.579124 12.950192 5.0656047191 0.0 21.0
-4.4185553 1.3344035 2.9728267192 15.0 13.0
-3.0827413 4.061206 2.9728267192 15.0 13.0
-3.0827413 4.061206 2.9728267193 14.0 14.0
-1.7469273 6.7880087 2.9728267193 14.0 14.0
-1.7469273 6.7880087 2.9728267194 1.0 15.0
-0.59007835 9.5148115 2.3049197194 1.0 15.0
-0.59007835 9.5148115 2.3049197195 0.0 16.0
-1.0657512 12.501141 2.5795496195 0.0 16.0
-1.0657512 12.501141 2.5795496196 0.0 17.0
-2.9871376 14.574194 3.6888623196 0.0 17.0
-1.7469273 6.7880087 2.9728267197 1.0 15.0
-4.3594522 7.133648 4.4811687197 1.0 15.0
-4.3594522 7.133648 4.4811687198 0.0 16.0
-6.2808385 9.206701 5.5904818198 0.0 16.0
-6.2808385 9.206701 5.5904818199 0.0 17.0
-6.756511 12.193031 5.8651114199 0.0 17.0
-1.7469273 6.7880087 2.9728267200 13.0 15.0
-3.965553 8.861062 2.9728267200 13.0 15.0
-3.965553 8.861062 2.9728267201 12.0 16.0
-6.184179 10.934115 2.9728267201 12.0 16.0
-6.184179 10.934115 2.9728267202 1.0 17.0
-8.105565 13.007169 4.0821395202 1.0 17.0
-8.105565 13.007169 4.0821395203 0.0 18.0
-10.71809 13.352808 5.5904818203 0.0 18.0
-10.71809 13.352808 5.5904818204 0.0 19.0
-12.995753 11.835293 6.905491204 0.0 19.0
-6.184179 10.934115 2.9728267205 1.0 17.0
-7.2324867 8.14941 3.5780673205 1.0 17.0
-7.2324867 8.14941 3.5780673206 0.0 18.0
-9.51015 6.6318946 4.8930764206 0.0 18.0
-9.51015 6.6318946 4.8930764207 0.0 19.0
-12.122675 6.9775343 6.4014187207 0.0 19.0
-6.184179 10.934115 2.9728267208 7.0 17.0
-8.461842 9.4166 4.287836208 7.0 17.0
-8.461842 9.4166 4.287836209 6.0 18.0
-10.739505 7.8990846 5.602845209 6.0 18.0
-10.739505 7.8990846 5.602845210 1.0 19.0
-13.017168 6.381569 6.9178543210 1.0 19.0
-13.017168 6.381569 6.9178543211 0.0 20.0
-14.065475 3.5968633 7.523095211 0.0 20.0
-14.065475 3.5968633 7.523095212 0.0 21.0
-13.472733 0.63858795 7.180875212 0.0 21.0
-10.739505 7.8990846 5.602845213 1.0 19.0
-8.738495 5.9290257 4.4475617213 1.0 19.0
-8.738495 5.9290257 4.4475617214 0.0 20.0
-8.145752 2.9707503 4.1053414214 0.0 20.0
-8.145752 2.9707503 4.1053414215 0.0 21.0
-9.194059 0.1860447 4.7105823215 0.0 21.0
-10.739505 7.8990846 5.602845216 5.0 19.0
-8.428938 5.9290257 5.602845216 5.0 19.0
-8.428938 5.9290257 5.602845217 4.0 20.0
-6.118371 3.9589667 5.602845217 4.0 20.0
-6.118371 3.9589667 5.602845218 1.0 21.0
-4.117361 1.9889077 4.4475617218 1.0 21.0
-4.117361 1.9889077 4.4475617219 0.0 22.0
-1.4939296 1.7807543 2.9329228219 0.0 22.0
-1.4939296 1.7807543 2.9329228220 0.0 23.0
0.72163916 3.4162533 1.6537635220 0.0 23.0
-6.118371 3.9589667 5.602845221 1.0 21.0
-5.180772 6.7958183 5.061522221 1.0 21.0
-5.180772 6.7958183 5.061522222 0.0 22.0
-2.965203 8.431317 3.7823627222 0.0 22.0
-2.965203 8.431317 3.7823627223 0.0 23.0
-0.3417716 8.223164 2.2677238223 0.0 23.0
-6.118371 3.9589667 5.602845224 3.0 21.0
-5.0357246 6.7958183 5.602845224 3.0 21.0
-5.0357246 6.7958183 5.602845225 2.0 22.0
-3.9530783 9.63267 5.602845225 2.0 22.0
-3.9530783 9.63267 5.602845226 1.0 23.0
-3.015479 12.469522 5.061522226 1.0 23.0
-3.015479 12.469522 5.061522227 0.0 24.0
-3.7240672 15.393627 5.4706254227 0.0 24.0
-3.7240672 15.393627 5.4706254228 0.0 25.0
-5.800563 17.256618 6.669491228 0.0 25.0
-3.9530783 9.63267 5.602845229 1.0 23.0
-6.581992 9.702908 7.1206493229 1.0 23.0
-6.581992 9.702908 7.1206493230 0.0 24.0
-8.658488 11.565899 8.319515230 0.0 24.0
-8.658488 11.565899 8.319515231 0.0 25.0
-9.367077 14.490004 8.728619231 0.0 25.0
-6.184179 10.934115 2.9728267232 7.0 17.0
-4.1831694 8.964056 1.8175433232 7.0 17.0
-4.1831694 8.964056 1.8175433233 6.0 18.0
-2.1821597 6.993997 0.6622598233 6.0 18.0
-2.1821597 6.993997 0.6622598234 1.0 19.0
-0.18114996 5.023938 -0.49302363234 1.0 19.0
-0.18114996 5.023938 -0.49302363235 0.0 20.0
2.4422815 4.815785 -2.0076625235 0.0 20.0
2.4422815 4.815785 -2.0076625236 0.0 21.0
4.6578503 6.451284 -3.2868218236 0.0 21.0
-2.1821597 6.993997 0.6622598237 1.0 19.0
-1.2445604 9.830849 0.12093663237 1.0 19.0
-1.2445604 9.830849 0.12093663238 0.0 20.0
0.9710084 11.466348 -1.1582227238 0.0 20.0
0.9710084 11.466348 -1.1582227239 0.0 21.0
3.59444 11.258194 -2.6728616239 0.0 21.0
-2.1821597 6.993997 0.6622598240 5.0 19.0
0.84711814 6.785844 0.6622598240 5.0 19.0
0.84711814 6.785844 0.6622598241 4.0 20.0
3.876396 6.5776906 0.6622598241 4.0 20.0
3.876396 6.5776906 0.6622598242 1.0 21.0
6.4998274 6.3695374 -0.8523791242 1.0 21.0
6.4998274 6.3695374 -0.8523791243 0.0 22.0
8.715396 8.005036 -2.1315384243 0.0 22.0
8.715396 8.005036 -2.1315384244 0.0 23.0
9.652995 10.841888 -2.6728616244 0.0 23.0
3.876396 6.5776906 0.6622598245 1.0 21.0
3.1678078 9.501795 1.0713633245 1.0 21.0
3.1678078 9.501795 1.0713633246 0.0 22.0
4.105407 12.338647 0.53004014246 0.0 22.0
4.105407 12.338647 0.53004014247 0.0 23.0
6.3209763 13.974146 -0.74911916247 0.0 23.0
3.876396 6.5776906 0.6622598248 3.0 21.0
6.4347143 8.21319 0.6622598248 3.0 21.0
6.4347143 8.21319 0.6622598249 2.0 22.0
8.993032 9.848689 0.6622598249 2.0 22.0
8.993032 9.848689 0.6622598250 1.0 23.0
11.208601 11.484188 -0.6168995250 1.0 23.0
11.208601 11.484188 -0.6168995251 0.0 24.0
12.1462 14.32104 -1.1582227251 0.0 24.0
12.1462 14.32104 -1.1582227252 0.0 25.0
11.437613 17.245144 -0.74911916252 0.0 25.0
8.993032 9.848689 0.6622598253 1.0 23.0
6.9165363 11.71168 1.8611253253 1.0 23.0
6.9165363 11.71168 1.8611253254 0.0 24.0
6.207948 14.635785 2.2702289254 0.0 24.0
6.207948 14.635785 2.2702289255 0.0 25.0
7.1455474 17.472637 1.7289057255 0.0 25.0
-6.184179 10.934115 2.9728267256 11.0 17.0
-3.873612 8.964056 2.9728267256 11.0 17.0
-3.873612 8.964056 2.9728267257 10.0 18.0
-1.563045 6.993997 2.9728267257 10.0 18.0
-1.563045 6.993997 2.9728267258 1.0 19.0
0.43796468 5.023938 1.8175433258 1.0 19.0
0.43796468 5.023938 1.8175433259 0.0 20.0
3.0613961 4.815785 0.30290437259 0.0 20.0
3.0613961 4.815785 0.30290437260 0.0 21.0
5.276965 6.451284 -0.97625494260 0.0 21.0
-1.563045 6.993997 2.9728267261 1.0 19.0
-0.6254457 9.830849 2.4315035261 1.0 19.0
-0.6254457 9.830849 2.4315035262 0.0 20.0
1.590123 11.466348 1.1523442262 0.0 20.0
1.590123 11.466348 1.1523442263 0.0 21.0
4.2135544 11.258194 -0.36229467263 0.0 21.0
-1.563045 6.993997 2.9728267264 9.0 19.0
0.9952736 8.629496 2.9728267264 9.0 19.0
0.9952736 8.629496 2.9728267265 8.0 20.0
3.5535922 10.264995 2.9728267265 8.0 20.0
3.5535922 10.264995 2.9728267266 1.0 21.0
5.769161 11.900494 1.6936674266 1.0 21.0
5.769161 11.900494 1.6936674267 0.0 22.0
6.7067604 14.737346 1.1523442267 0.0 22.0
6.7067604 14.737346 1.1523442268 0.0 23.0
5.9981723 17.66145 1.5614477268 0.0 23.0
3.5535922 10.264995 2.9728267269 1.0 21.0
1.4770963 12.127986 4.1716924269 1.0 21.0
1.4770963 12.127986 4.1716924270 0.0 22.0
0.7685082 15.052091 4.580796270 0.0 22.0
0.7685082 15.052091 4.580796271 0.0 23.0
1.7061075 17.888943 4.0394726271 0.0 23.0
3.5535922 10.264995 2.9728267272 7.0 21.0
2.845004 13.189099 3.3819304272 7.0 21.0
2.845004 13.189099 3.3819304273 6.0 22.0
2.136416 16.113205 3.7910337273 6.0 22.0
2.136416 16.113205 3.7910337274 1.0 23.0
1.4278278 19.03731 4.200137274 1.0 23.0
1.4278278 19.03731 4.200137275 0.0 24.0
-0.64866805 20.900301 5.3990026275 0.0 24.0
-0.64866805 20.900301 5.3990026276 0.0 25.0
-3.277582 20.970537 6.9168067276 0.0 25.0
2.136416 16.113205 3.7910337277 1.0 23.0
-0.012478352 14.363104 5.031698277 1.0 23.0
-0.012478352 14.363104 5.031698278 0.0 24.0
-2.6413922 14.433341 6.5495024278 0.0 24.0
-2.6413922 14.433341 6.5495024279 0.0 25.0
-4.717888 16.296333 7.748368279 0.0 25.0
2.136416 16.113205 3.7910337280 5.0 23.0
-0.34491348 14.363104 3.7910337280 5.0 23.0
-0.34491348 14.363104 3.7910337281 4.0 24.0
-2.826243 12.613003 3.7910337281 4.0 24.0
-2.826243 12.613003 3.7910337282 1.0 25.0
-4.975137 10.862902 5.031698282 1.0 25.0
-4.975137 10.862902 5.031698283 0.0 26.0
-5.80009 7.9797688 5.5079846283 0.0 26.0
-5.80009 7.9797688 5.5079846284 0.0 27.0
-4.977122 5.0958796 5.0328436284 0.0 27.0
-2.826243 12.613003 3.7910337285 1.0 25.0
-0.6785536 10.86093 2.5510647285 1.0 25.0
-0.6785536 10.86093 2.5510647286 0.0 26.0
0.14441454 7.9770412 2.075924286 0.0 26.0
0.14441454 7.9770412 2.075924287 0.0 27.0
-0.6805379 5.0939083 2.5522103287 0.0 27.0
-2.826243 12.613003 3.7910337288 3.0 25.0
-0.3463049 10.86093 3.7910337288 3.0 25.0
-0.3463049 10.86093 3.7910337289 2.0 26.0
2.1336331 9.108858 3.7910337289 2.0 26.0
2.1336331 9.108858 3.7910337290 1.0 27.0
4.2813225 7.356786 2.5510647290 1.0 27.0
4.2813225 7.356786 2.5510647291 0.0 28.0
6.910284 7.4246106 1.0332332291 0.0 28.0
6.910284 7.4246106 1.0332332292 0.0 29.0
8.988061 9.285696 -0.16637206292 0.0 29.0
2.1336331 9.108858 3.7910337293 1.0 27.0
2.8442333 12.032312 3.3807685293 1.0 27.0
2.8442333 12.032312 3.3807685294 0.0 28.0
4.9220104 13.893398 2.1811633294 0.0 28.0
4.9220104 13.893398 2.1811633295 0.0 29.0
7.550972 13.961223 0.66333175295 0.0 29.0
3.5535922 10.264995 2.9728267296 7.0 21.0
1.4046979 8.514893 4.2134914296 7.0 21.0
1.4046979 8.514893 4.2134914297 6.0 22.0
-0.7441964 6.764791 5.454156297 6.0 22.0
-0.7441964 6.764791 5.454156298 1.0 23.0
-2.8930907 5.0146894 6.6948204298 1.0 23.0
-2.8930907 5.0146894 6.6948204299 0.0 24.0
-3.718043 2.1315565 7.171107299 0.0 24.0
-3.718043 2.1315565 7.171107300 0.0 25.0
-2.8950748 -0.75233245 6.695966300 0.0 25.0
-0.7441964 6.764791 5.454156301 1.0 23.0
1.4034929 5.012718 4.2141867301 1.0 23.0
1.4034929 5.012718 4.2141867302 0.0 24.0
2.226461 2.1288292 3.7390459302 0.0 24.0
2.226461 2.1288292 3.7390459303 0.0 25.0
1.4015086 -0.7543037 4.2153325303 0.0 25.0
-0.7441964 6.764791 5.454156304 5.0 23.0
-1.6967695 3.881658 5.454156304 5.0 23.0
-1.6967695 3.881658 5.454156305 4.0 24.0
-2.6493425 0.99852514 5.454156305 4.0 24.0
-2.6493425 0.99852514 5.454156306 1.0 25.0
-3.474295 -1.8846078 5.9304423306 1.0 25.0
-3.474295 -1.8846078 5.9304423307 0.0 26.0
-2.6513267 -4.7684965 5.4553013307 0.0 26.0
-2.6513267 -4.7684965 5.4553013308 0.0 27.0
-0.5036373 -6.520569 4.215332308 0.0 27.0
-2.6493425 0.99852514 5.454156309 1.0 25.0
-0.020380974 1.0663499 3.9363244309 1.0 25.0
-0.020380974 1.0663499 3.9363244310 0.0 26.0
2.1273084 -0.6857227 2.6963553310 0.0 26.0
2.1273084 -0.6857227 2.6963553311 0.0 27.0
2.9502764 -3.5696115 2.2212145311 0.0 27.0
-2.6493425 0.99852514 5.454156312 3.0 25.0
-1.6990607 -1.8853638 5.454156312 3.0 25.0
-1.6990607 -1.8853638 5.454156313 2.0 26.0
-0.7487789 -4.769253 5.454156313 2.0 26.0
-0.7487789 -4.769253 5.454156314 1.0 27.0
0.074189246 -7.653142 4.979015314 1.0 27.0
0.074189246 -7.653142 4.979015315 0.0 28.0
2.2218785 -9.405214 3.7390459315 0.0 28.0
2.2218785 -9.405214 3.7390459316 0.0 29.0
4.85084 -9.33739 2.2212143316 0.0 29.0
-0.7487789 -4.769253 5.454156317 1.0 27.0
1.3289983 -2.908167 4.254551317 1.0 27.0
1.3289983 -2.908167 4.254551318 0.0 28.0
3.95796 -2.840342 2.7367194318 0.0 28.0
3.95796 -2.840342 2.7367194319 0.0 29.0
6.105649 -4.592415 1.4967504319 0.0 29.0
3.6473017 5.4245577 0.0320 19.0 9.0
4.0049205 2.4163473 -0.20647143320 19.0 9.0
4.0049205 2.4163473 -0.20647143321 18.0 10.0
4.3625393 -0.59186316 -0.41294286321 18.0 10.0
4.3625393 -0.59186316 -0.41294286322 1.0 11.0
4.720158 -3.6000736 -0.61941427322 1.0 11.0
4.720158 -3.6000736 -0.61941427323 0.0 12.0
6.557949 -5.771836 -1.6804633323 0.0 12.0
6.557949 -5.771836 -1.6804633324 0.0 13.0
9.154167 -6.2542467 -3.1793904324 0.0 13.0
4.3625393 -0.59186316 -0.41294286325 1.0 11.0
6.6975875 0.80453146 -1.7610836325 1.0 11.0
6.6975875 0.80453146 -1.7610836326 0.0 12.0
9.293806 0.32212046 -3.2600107326 0.0 12.0
9.293806 0.32212046 -3.2600107327 0.0 13.0
11.131597 -1.8496418 -4.3210597327 0.0 13.0
4.3625393 -0.59186316 -0.41294286328 17.0 11.0
7.3603935 -1.0742742 -0.41294286328 17.0 11.0
7.3603935 -1.0742742 -0.41294286329 16.0 12.0
10.358248 -1.5566852 -0.41294286329 16.0 12.0
10.358248 -1.5566852 -0.41294286330 1.0 13.0
12.954466 -2.039096 -1.9118701330 1.0 13.0
12.954466 -2.039096 -1.9118701331 0.0 14.0
15.289515 -0.6427015 -3.2600107331 0.0 14.0
15.289515 -0.6427015 -3.2600107332 0.0 15.0
16.446363 2.0841012 -3.9279177332 0.0 15.0
10.358248 -1.5566852 -0.41294286333 1.0 13.0
9.882575 1.4296443 -0.13831303333 1.0 13.0
9.882575 1.4296443 -0.13831303334 0.0 14.0
11.039424 4.156447 -0.80622005334 0.0 14.0
11.039424 4.156447 -0.80622005335 0.0 15.0
13.374472 5.5528417 -2.1543608335 0.0 15.0
10.358248 -1.5566852 -0.41294286336 7.0 13.0
11.515097 1.1701174 -1.0808499336 7.0 13.0
11.515097 1.1701174 -1.0808499337 6.0 14.0
12.671946 3.89692 -1.7487569337 6.0 14.0
12.671946 3.89692 -1.7487569338 1.0 15.0
13.8287945 6.6237226 -2.416664338 1.0 15.0
13.8287945 6.6237226 -2.416664339 0.0 16.0
13.353122 9.610052 -2.142034339 0.0 16.0
13.353122 9.610052 -2.142034340 0.0 17.0
11.431735 11.683105 -1.0327212340 0.0 17.0
12.671946 3.89692 -1.7487569341 1.0 15.0
10.059421 4.2425594 -0.24041462341 1.0 15.0
10.059421 4.2425594 -0.24041462342 0.0 16.0
8.138034 6.315613 0.8688983342 0.0 16.0
8.138034 6.315613 0.8688983343 0.0 17.0
7.662361 9.301943 1.1435281343 0.0 17.0
12.671946 3.89692 -1.7487569344 5.0 15.0
9.655261 4.2425594 -1.7487569344 5.0 15.0
9.655261 4.2425594 -1.7487569345 4.0 16.0
6.6385765 4.5881987 -1.7487569345 4.0 16.0
6.6385765 4.5881987 -1.7487569346 1.0 17.0
4.0260515 4.933838 -0.24041462346 1.0 17.0
4.0260515 4.933838 -0.24041462347 0.0 18.0
1.7483885 3.4163222 1.0745946347 0.0 18.0
1.7483885 3.4163222 1.0745946348 0.0 19.0
0.7000809 0.6316166 1.6798353348 0.0 19.0
6.6385765 4.5881987 -1.7487569349 1.0 17.0
7.2313194 1.6299233 -2.0909772349 1.0 17.0
7.2313194 1.6299233 -2.0909772350 0.0 18.0
6.183012 -1.1547823 -1.4857365350 0.0 18.0
6.183012 -1.1547823 -1.4857365351 0.0 19.0
3.905349 -2.672298 -0.17072725351 0.0 19.0
6.6385765 4.5881987 -1.7487569352 3.0 17.0
7.323017 1.6299233 -1.7487569352 3.0 17.0
7.323017 1.6299233 -1.7487569353 2.0 18.0
8.007458 -1.328352 -1.7487569353 2.0 18.0
8.007458 -1.328352 -1.7487569354 1.0 19.0
8.600201 -4.2866273 -2.0909772354 1.0 19.0
8.600201 -4.2866273 -2.0909772355 0.0 20.0
10.601211 -6.256686 -3.2462606355 0.0 20.0
10.601211 -6.256686 -3.2462606356 0.0 21.0
13.224642 -6.4648395 -4.7608995356 0.0 21.0
8.007458 -1.328352 -1.7487569357 1.0 19.0
10.223026 0.30714703 -3.0279162357 1.0 19.0
10.223026 0.30714703 -3.0279162358 0.0 20.0
12.8464575 0.09899366 -4.542555358 0.0 20.0
12.8464575 0.09899366 -4.542555359 0.0 21.0
14.847467 -1.8710654 -5.6978383359 0.0 21.0
10.358248 -1.5566852 -0.41294286360 7.0 13.0
7.745723 -1.2110457 1.0953994360 7.0 13.0
7.745723 -1.2110457 1.0953994361 6.0 14.0
5.133198 -0.8654063 2.6037416361 6.0 14.0
5.133198 -0.8654063 2.6037416362 1.0 15.0
2.5206726 -0.5197668 4.112084362 1.0 15.0
2.5206726 -0.5197668 4.112084363 0.0 16.0
0.24300957 -2.0372825 5.427093363 0.0 16.0
0.24300957 -2.0372825 5.427093364 0.0 17.0
-0.8052981 -4.821988 6.032334364 0.0 17.0
5.133198 -0.8654063 2.6037416365 1.0 15.0
5.7259407 -3.8236816 2.2615213365 1.0 15.0
5.7259407 -3.8236816 2.2615213366 0.0 16.0
4.6776333 -6.608387 2.8667622366 0.0 16.0
4.6776333 -6.608387 2.8667622367 0.0 17.0
2.3999703 -8.125902 4.1817713367 0.0 17.0
5.133198 -0.8654063 2.6037416368 5.0 15.0
2.5031793 -2.3829217 2.6037416368 5.0 15.0
2.5031793 -2.3829217 2.6037416369 4.0 16.0
-0.12683916 -3.9004374 2.6037416369 4.0 16.0
-0.12683916 -3.9004374 2.6037416370 1.0 17.0
-2.4045022 -5.417953 3.9187508370 1.0 17.0
-2.4045022 -5.417953 3.9187508371 0.0 18.0
-3.4528098 -8.202659 4.5239916371 0.0 18.0
-3.4528098 -8.202659 4.5239916372 0.0 19.0
-2.8600667 -11.160934 4.1817713372 0.0 19.0
-0.12683916 -3.9004374 2.6037416373 1.0 17.0
1.8741705 -5.8704963 1.4484582373 1.0 17.0
1.8741705 -5.8704963 1.4484582374 0.0 18.0
2.4669137 -8.828772 1.1062378374 0.0 18.0
2.4669137 -8.828772 1.1062378375 0.0 19.0
1.418606 -11.613478 1.7114785375 0.0 19.0
-0.12683916 -3.9004374 2.6037416376 3.0 17.0
-1.3373206 -6.685143 2.6037416376 3.0 17.0
-1.3373206 -6.685143 2.6037416377 2.0 18.0
-2.547802 -9.469849 2.6037416377 2.0 18.0
-2.547802 -9.469849 2.6037416378 1.0 19.0
-3.5961096 -12.254555 3.2089825378 1.0 19.0
-3.5961096 -12.254555 3.2089825379 0.0 20.0
-3.0033665 -15.21283 2.8667622379 0.0 20.0
-3.0033665 -15.21283 2.8667622380 0.0 21.0
-1.0023568 -17.182888 1.7114787380 0.0 21.0
-2.547802 -9.469849 2.6037416381 1.0 19.0
0.07562947 -9.678002 1.0891027381 1.0 19.0
0.07562947 -9.678002 1.0891027382 0.0 20.0
2.0766392 -11.648062 -0.066180706382 0.0 20.0
2.0766392 -11.648062 -0.066180706383 0.0 21.0
2.6693823 -14.606337 -0.40840113383 0.0 21.0
10.358248 -1.5566852 -0.41294286384 15.0 13.0
9.808989 1.4296443 -0.41294286384 15.0 13.0
9.808989 1.4296443 -0.41294286385 14.0 14.0
9.259729 4.4159737 -0.41294286385 14.0 14.0
9.259729 4.4159737 -0.41294286386 1.0 15.0
8.784057 7.402303 -0.13831303386 1.0 15.0
8.784057 7.402303 -0.13831303387 0.0 16.0
6.8626704 9.475357 0.97099984387 0.0 16.0
6.8626704 9.475357 0.97099984388 0.0 17.0
4.250145 9.820996 2.479342388 0.0 17.0
9.259729 4.4159737 -0.41294286389 1.0 15.0
6.982066 2.898458 0.90206635389 1.0 15.0
6.982066 2.898458 0.90206635390 0.0 16.0
4.369541 3.2440975 2.4104085390 0.0 16.0
4.369541 3.2440975 2.4104085391 0.0 17.0
2.448155 5.317151 3.5197215391 0.0 17.0
9.259729 4.4159737 -0.41294286392 13.0 15.0
6.243045 4.761613 -0.41294286392 13.0 15.0
6.243045 4.761613 -0.41294286393 12.0 16.0
3.2263603 5.107252 -0.41294286393 12.0 16.0
3.2263603 5.107252 -0.41294286394 1.0 17.0
0.6138351 5.4528913 1.0953994394 1.0 17.0
0.6138351 5.4528913 1.0953994395 0.0 18.0
-1.6638279 3.9353757 2.4104085395 0.0 18.0
-1.6638279 3.9353757 2.4104085396 0.0 19.0
-2.7121356 1.15067 3.0156493396 0.0 19.0
3.2263603 5.107252 -0.41294286397 1.0 17.0
3.8191035 2.1489768 -0.7551633397 1.0 17.0
3.8191035 2.1489768 -0.7551633398 0.0 18.0
2.7707958 -0.63572884 -0.14992261398 0.0 18.0
2.7707958 -0.63572884 -0.14992261399 0.0 19.0
0.49313283 -2.1532445 1.1650866399 0.0 19.0
3.2263603 5.107252 -0.41294286400 7.0 17.0
2.1780527 2.3225465 0.19229785400 7.0 17.0
2.1780527 2.3225465 0.19229785401 6.0 18.0
1.129745 -0.46215916 0.7975385401 6.0 18.0
1.129745 -0.46215916 0.7975385402 1.0 19.0
0.08143735 -3.2468648 1.4027792402 1.0 19.0
0.08143735 -3.2468648 1.4027792403 0.0 20.0
0.6741805 -6.20514 1.0605588403 0.0 20.0
0.6741805 -6.20514 1.0605588404 0.0 21.0
2.6751902 -8.1751995 -0.094724655404 0.0 21.0
1.129745 -0.46215916 0.7975385405 1.0 19.0
3.7531765 -0.6703125 -0.7171004405 1.0 19.0
3.7531765 -0.6703125 -0.7171004406 0.0 20.0
5.754186 -2.6403716 -1.8723838406 0.0 20.0
5.754186 -2.6403716 -1.8723838407 0.0 21.0
6.3469296 -5.598647 -2.2146044407 0.0 21.0
1.129745 -0.46215916 0.7975385408 5.0 19.0
4.159023 -0.6703125 0.7975385408 5.0 19.0
4.159023 -0.6703125 0.7975385409 4.0 20.0
7.1883006 -0.8784659 0.7975385409 4.0 20.0
7.1883006 -0.8784659 0.7975385410 1.0 21.0
9.811732 -1.0866193 -0.7171004410 1.0 21.0
9.811732 -1.0866193 -0.7171004411 0.0 22.0
12.027301 0.54887974 -1.9962597411 0.0 22.0
12.027301 0.54887974 -1.9962597412 0.0 23.0
12.9649 3.3857317 -2.5375829412 0.0 23.0
7.1883006 -0.8784659 0.7975385413 1.0 21.0
6.4797125 2.0456388 1.206642413 1.0 21.0
6.4797125 2.0456388 1.206642414 0.0 22.0
7.4173117 4.8824906 0.66531885414 0.0 22.0
7.4173117 4.8824906 0.66531885415 0.0 23.0
9.63288 6.5179896 -0.61384046415 0.0 23.0
7.1883006 -0.8784659 0.7975385416 3.0 21.0
6.3700933 2.0456388 0.7975385416 3.0 21.0
6.3700933 2.0456388 0.7975385417 2.0 22.0
5.5518866 4.9697437 0.7975385417 2.0 22.0
5.5518866 4.9697437 0.7975385418 1.0 23.0
4.8432984 7.8938484 1.206642418 1.0 23.0
4.8432984 7.8938484 1.206642419 0.0 24.0
2.7668025 9.75684 2.4055076419 0.0 24.0
2.7668025 9.75684 2.4055076420 0.0 25.0
0.13788867 9.827077 3.9233117420 0.0 25.0
5.5518866 4.9697437 0.7975385421 1.0 23.0
3.4029922 3.2196422 2.0382032421 1.0 23.0
3.4029922 3.2196422 2.0382032422 0.0 24.0
0.77407837 3.289879 3.5560074422 0.0 24.0
0.77407837 3.289879 3.5560074423 0.0 25.0
-1.3024175 5.1528707 4.754873423 0.0 25.0
3.2263603 5.107252 -0.41294286424 7.0 17.0
5.8497915 4.899099 -1.9275818424 7.0 17.0
5.8497915 4.899099 -1.9275818425 6.0 18.0
8.473223 4.6909456 -3.4422207425 6.0 18.0
8.473223 4.6909456 -3.4422207426 1.0 19.0
11.096654 4.4827924 -4.9568596426 1.0 19.0
11.096654 4.4827924 -4.9568596427 0.0 20.0
13.3122225 6.1182914 -6.236019427 0.0 20.0
13.3122225 6.1182914 -6.236019428 0.0 21.0
14.249822 8.955143 -6.7773423428 0.0 21.0
8.473223 4.6909456 -3.4422207429 1.0 19.0
7.7646346 7.6150503 -3.0331173429 1.0 19.0
7.7646346 7.6150503 -3.0331173430 0.0 20.0
8.702234 10.451902 -3.5744405430 0.0 20.0
8.702234 10.451902 -3.5744405431 0.0 21.0
10.917803 12.087401 -4.8535995431 0.0 21.0
8.473223 4.6909456 -3.4422207432 5.0 19.0
11.031542 6.3264446 -3.4422207432 5.0 19.0
11.031542 6.3264446 -3.4422207433 4.0 20.0
13.589861 7.9619436 -3.4422207433 4.0 20.0
13.589861 7.9619436 -3.4422207434 1.0 21.0
15.805429 9.597443 -4.72138434 1.0 21.0
15.805429 9.597443 -4.72138435 0.0 22.0
16.743029 12.434295 -5.2627034435 0.0 22.0
16.743029 12.434295 -5.2627034436 0.0 23.0
16.034441 15.358399 -4.8536436 0.0 23.0
13.589861 7.9619436 -3.4422207437 1.0 21.0
11.513365 9.824935 -2.2433553437 1.0 21.0
11.513365 9.824935 -2.2433553438 0.0 22.0
10.804777 12.74904 -1.8342518438 0.0 22.0
10.804777 12.74904 -1.8342518439 0.0 23.0
11.742376 15.585892 -2.375575439 0.0 23.0
13.589861 7.9619436 -3.4422207440 3.0 21.0
14.672507 10.798796 -3.4422207440 3.0 21.0
14.672507 10.798796 -3.4422207441 2.0 22.0
15.755154 13.635648 -3.4422207441 2.0 22.0
15.755154 13.635648 -3.4422207442 1.0 23.0
16.692753 16.4725 -3.9835439442 1.0 23.0
16.692753 16.4725 -3.9835439443 0.0 24.0
15.984165 19.396605 -3.5744405443 0.0 24.0
15.984165 19.396605 -3.5744405444 0.0 25.0
13.907669 21.259596 -2.375575444 0.0 25.0
15.755154 13.635648 -3.4422207445 1.0 23.0
13.12624 13.705885 -1.9244165445 1.0 23.0
13.12624 13.705885 -1.9244165446 0.0 24.0
11.049744 15.568876 -0.725551446 0.0 24.0
11.049744 15.568876 -0.725551447 0.0 25.0
10.341156 18.492981 -0.3164475447 0.0 25.0
3.2263603 5.107252 -0.41294286448 11.0 17.0
3.9108012 2.1489768 -0.41294286448 11.0 17.0
3.9108012 2.1489768 -0.41294286449 10.0 18.0
4.595242 -0.8092985 -0.41294286449 10.0 18.0
4.595242 -0.8092985 -0.41294286450 1.0 19.0
5.1879854 -3.7675738 -0.7551633450 1.0 19.0
5.1879854 -3.7675738 -0.7551633451 0.0 20.0
7.1889954 -5.7376328 -1.9104468451 0.0 20.0
7.1889954 -5.7376328 -1.9104468452 0.0 21.0
9.812427 -5.945786 -3.4250855452 0.0 21.0
4.595242 -0.8092985 -0.41294286453 1.0 19.0
6.810811 0.8262005 -1.6921022453 1.0 19.0
6.810811 0.8262005 -1.6921022454 0.0 20.0
9.434242 0.6180471 -3.206741454 0.0 20.0
9.434242 0.6180471 -3.206741455 0.0 21.0
11.435252 -1.3520119 -4.3620243455 0.0 21.0
4.595242 -0.8092985 -0.41294286456 9.0 19.0
7.62452 -1.0174519 -0.41294286456 9.0 19.0
7.62452 -1.0174519 -0.41294286457 8.0 20.0
10.653797 -1.2256052 -0.41294286457 8.0 20.0
10.653797 -1.2256052 -0.41294286458 1.0 21.0
13.277228 -1.4337586 -1.9275818458 1.0 21.0
13.277228 -1.4337586 -1.9275818459 0.0 22.0
15.492797 0.20174038 -3.206741459 0.0 22.0
15.492797 0.20174038 -3.206741460 0.0 23.0
16.430397 3.0385923 -3.7480643460 0.0 23.0
10.653797 -1.2256052 -0.41294286461 1.0 21.0
9.9452095 1.6984994 -0.0038393438461 1.0 21.0
9.9452095 1.6984994 -0.0038393438462 0.0 22.0
10.882809 4.5353513 -0.54516256462 0.0 22.0
10.882809 4.5353513 -0.54516256463 0.0 23.0
13.098377 6.1708503 -1.8243219463 0.0 23.0
10.653797 -1.2256052 -0.41294286464 7.0 21.0
11.591396 1.6112466 -0.9542661464 7.0 21.0
11.591396 1.6112466 -0.9542661465 6.0 22.0
12.5289955 4.448098 -1.4955893465 6.0 22.0
12.5289955 4.448098 -1.4955893466 1.0 23.0
13.466595 7.2849503 -2.0369124466 1.0 23.0
13.466595 7.2849503 -2.0369124467 0.0 24.0
12.758007 10.209055 -1.6278089467 0.0 24.0
12.758007 10.209055 -1.6278089468 0.0 25.0
10.681511 12.072046 -0.4289434468 0.0 25.0
12.5289955 4.448098 -1.4955893469 1.0 23.0
9.900082 4.518335 0.02221489469 1.0 23.0
9.900082 4.518335 0.02221489470 0.0 24.0
7.8235855 6.381326 1.2210804470 0.0 24.0
7.8235855 6.381326 1.2210804471 0.0 25.0
7.1149974 9.305431 1.6301839471 0.0 25.0
12.5289955 4.448098 -1.4955893472 5.0 23.0
9.493387 4.518335 -1.4955893472 5.0 23.0
9.493387 4.518335 -1.4955893473 4.0 24.0
6.457779 4.5885715 -1.4955893473 4.0 24.0
6.457779 4.5885715 -1.4955893474 1.0 25.0
3.828865 4.658808 0.02221489474 1.0 25.0
3.828865 4.658808 0.02221489475 0.0 26.0
1.6799707 2.9087067 1.2628796475 0.0 26.0
1.6799707 2.9087067 1.2628796476 0.0 27.0
0.8550183 0.02557373 1.7391661476 0.0 27.0
6.457779 4.5885715 -1.4955893477 1.0 25.0
7.280747 1.7046826 -1.9707302477 1.0 25.0
7.280747 1.7046826 -1.9707302478 0.0 26.0
6.4557943 -1.1784503 -1.4944437478 0.0 26.0
6.4557943 -1.1784503 -1.4944437479 0.0 27.0
4.3069 -2.928552 -0.25377893479 0.0 27.0
6.457779 4.5885715 -1.4955893480 3.0 25.0
7.4080606 1.7046826 -1.4955893480 3.0 25.0
7.4080606 1.7046826 -1.4955893481 2.0 26.0
8.358342 -1.1792064 -1.4955893481 2.0 26.0
8.358342 -1.1792064 -1.4955893482 1.0 27.0
9.181311 -4.063095 -1.9707302482 1.0 27.0
9.181311 -4.063095 -1.9707302483 0.0 28.0
11.329 -5.8151674 -3.210699483 0.0 28.0
11.329 -5.8151674 -3.210699484 0.0 29.0
13.957962 -5.7473426 -4.728531484 0.0 29.0
8.358342 -1.1792064 -1.4955893485 1.0 27.0
10.436119 0.6818794 -2.6951945485 1.0 27.0
10.436119 0.6818794 -2.6951945486 0.0 28.0
13.065081 0.7497041 -4.213026486 0.0 28.0
13.065081 0.7497041 -4.213026487 0.0 29.0
15.21277 -1.0023685 -5.4529953487 0.0 29.0
10.653797 -1.2256052 -0.41294286488 7.0 21.0
8.024883 -1.1553683 1.1048613488 7.0 21.0
8.024883 -1.1553683 1.1048613489 6.0 22.0
5.3959694 -1.0851314 2.6226654489 6.0 22.0
5.3959694 -1.0851314 2.6226654490 1.0 23.0
2.7670555 -1.0148945 4.1404696490 1.0 23.0
2.7670555 -1.0148945 4.1404696491 0.0 24.0
0.6181612 -2.764996 5.381134491 0.0 24.0
0.6181612 -2.764996 5.381134492 0.0 25.0
-0.20679122 -5.648129 5.8574204492 0.0 25.0
5.3959694 -1.0851314 2.6226654493 1.0 23.0
6.2189374 -3.9690204 2.1475246493 1.0 23.0
6.2189374 -3.9690204 2.1475246494 0.0 24.0
5.393985 -6.8521533 2.6238112494 0.0 24.0
5.393985 -6.8521533 2.6238112495 0.0 25.0
3.2450905 -8.602255 3.864476495 0.0 25.0
5.3959694 -1.0851314 2.6226654496 5.0 23.0
2.91464 -2.835233 2.6226654496 5.0 23.0
2.91464 -2.835233 2.6226654497 4.0 24.0
0.4333105 -4.585335 2.6226654497 4.0 24.0
0.4333105 -4.585335 2.6226654498 1.0 25.0
-1.7155838 -6.3354363 3.8633301498 1.0 25.0
-1.7155838 -6.3354363 3.8633301499 0.0 26.0
-2.5405362 -9.218569 4.339617499 0.0 26.0
-2.5405362 -9.218569 4.339617500 0.0 27.0
-1.717568 -12.102458 3.864476500 0.0 27.0
0.4333105 -4.585335 2.6226654501 1.0 25.0
2.5809999 -6.337407 1.3826964501 1.0 25.0
2.5809999 -6.337407 1.3826964502 0.0 26.0
3.4039679 -9.221296 0.90755546502 0.0 26.0
3.4039679 -9.221296 0.90755546503 0.0 27.0
2.5790155 -12.104429 1.383842503 0.0 27.0
0.4333105 -4.585335 2.6226654504 3.0 25.0
-0.51926255 -7.4684677 2.6226654504 3.0 25.0
-0.51926255 -7.4684677 2.6226654505 2.0 26.0
-1.4718356 -10.351601 2.6226654505 2.0 26.0
-1.4718356 -10.351601 2.6226654506 1.0 27.0
-2.296788 -13.234734 3.0989518506 1.0 27.0
-2.296788 -13.234734 3.0989518507 0.0 28.0
-1.4738199 -16.118622 2.623811507 0.0 28.0
-1.4738199 -16.118622 2.623811508 0.0 29.0
0.6738695 -17.870695 1.383842508 0.0 29.0
-1.4718356 -10.351601 2.6226654509 1.0 27.0
1.157126 -10.283776 1.1048338509 1.0 27.0
1.157126 -10.283776 1.1048338510 0.0 28.0
3.3048153 -12.035849 -0.13513517510 0.0 28.0
3.3048153 -12.035849 -0.13513517511 0.0 29.0
4.1277833 -14.919738 -0.6102761511 0.0 29.0
