0.0 0.0 0.00 60.0 1.0
0.0 0.7474444 0.00 60.0 1.0
0.0 0.7474444 0.01 59.0 2.0
0.0 1.4948888 0.01 59.0 2.0
0.0 1.4948888 0.02 58.0 3.0
0.0 2.2423332 0.02 58.0 3.0
0.0 2.2423332 0.03 57.0 4.0
0.0 2.9897776 0.03 57.0 4.0
0.0 2.9897776 0.04 56.0 5.0
0.0 3.737222 0.04 56.0 5.0
0.0 3.737222 0.05 55.0 6.0
0.0 4.4846663 0.05 55.0 6.0
0.0 4.4846663 0.06 54.0 7.0
0.0 5.232111 0.06 54.0 7.0
0.0 5.232111 0.07 53.0 8.0
0.0 5.979555 0.07 53.0 8.0
0.0 5.979555 0.08 52.0 9.0
0.0 6.7269993 0.08 52.0 9.0
0.0 6.7269993 0.09 51.0 10.0
0.0 7.4744434 0.09 51.0 10.0
0.0 7.4744434 0.010 50.0 11.0
0.0 8.221888 0.010 50.0 11.0
0.0 8.221888 0.011 49.0 12.0
0.0 8.969332 0.011 49.0 12.0
0.0 8.969332 0.012 48.0 13.0
0.0 9.716776 0.012 48.0 13.0
0.0 9.716776 0.013 47.0 14.0
0.0 10.46422 0.013 47.0 14.0
0.0 10.46422 0.014 46.0 15.0
0.0 11.211664 0.014 46.0 15.0
0.0 11.211664 0.015 45.0 16.0
0.0 11.959108 0.015 45.0 16.0
0.0 11.959108 0.016 28.0 17.0
-0.505459 12.426036 0.2918268716 28.0 17.0
-0.505459 12.426036 0.2918268717 27.0 18.0
-1.010918 12.892963 0.5836537517 27.0 18.0
-1.010918 12.892963 0.5836537518 26.0 19.0
-1.516377 13.359891 0.8754806518 26.0 19.0
-1.516377 13.359891 0.8754806519 25.0 20.0
-2.021836 13.826818 1.167307519 25.0 20.0
-2.021836 13.826818 1.167307520 24.0 21.0
-2.527295 14.293746 1.459134320 24.0 21.0
-2.527295 14.293746 1.459134321 23.0 22.0
-3.0327542 14.7606735 1.750961221 23.0 22.0
-3.0327542 14.7606735 1.750961222 22.0 23.0
-3.5382133 15.227601 2.04278822 22.0 23.0
-3.5382133 15.227601 2.04278823 21.0 24.0
-4.043672 15.694529 2.33461523 21.0 24.0
-4.043672 15.694529 2.33461524 12.0 25.0
-4.6751914 15.530462 2.699222824 12.0 25.0
-4.6751914 15.530462 2.699222825 11.0 26.0
-5.3067107 15.366396 3.063830625 11.0 26.0
-5.3067107 15.366396 3.063830626 10.0 27.0
-5.93823 15.20233 3.428438426 10.0 27.0
-5.93823 15.20233 3.428438427 9.0 28.0
-6.5697494 15.038263 3.793046227 9.0 28.0
-6.5697494 15.038263 3.793046228 4.0 29.0
-6.853309 14.366352 3.956759528 4.0 29.0
-6.853309 14.366352 3.956759529 3.0 30.0
-7.136869 13.694441 4.12047329 3.0 30.0
-7.136869 13.694441 4.12047330 0.0 31.0
-7.7683883 13.530375 4.485080730 0.0 31.0
-7.7683883 13.530375 4.485080731 0.0 32.0
-8.497604 13.366308 4.485080731 0.0 32.0
-7.136869 13.694441 4.12047332 2.0 31.0
-7.4642954 13.02253 4.12047332 2.0 31.0
-7.4642954 13.02253 4.12047333 1.0 32.0
-7.791722 12.350618 4.12047333 1.0 32.0
-7.791722 12.350618 4.12047334 0.0 33.0
-8.423241 12.186552 4.485080734 0.0 33.0
-8.423241 12.186552 4.485080735 0.0 34.0
-9.152456 12.022486 4.485080735 0.0 34.0
-7.791722 12.350618 4.12047336 0.0 33.0
-7.4715924 11.6751995 4.12047336 0.0 33.0
-7.4715924 11.6751995 4.12047337 0.0 34.0
-7.151463 10.999781 4.12047337 0.0 34.0
-6.5697494 15.038263 3.793046238 8.0 29.0
-7.298965 14.874197 3.793046238 8.0 29.0
-7.298965 14.874197 3.793046239 7.0 30.0
-8.028181 14.710131 3.793046239 7.0 30.0
-8.028181 14.710131 3.793046240 6.0 31.0
-8.757397 14.546064 3.793046240 6.0 31.0
-8.757397 14.546064 3.793046241 5.0 32.0
-9.486612 14.381998 3.793046241 5.0 32.0
-9.486612 14.381998 3.793046242 4.0 33.0
-9.992071 14.848926 4.08487342 4.0 33.0
-9.992071 14.848926 4.08487343 3.0 34.0
-10.49753 15.315853 4.376743 3.0 34.0
-10.49753 15.315853 4.376744 0.0 35.0
-10.49753 16.063297 4.376744 0.0 35.0
-10.49753 16.063297 4.376745 0.0 36.0
-10.49753 16.810741 4.376745 0.0 36.0
-10.49753 15.315853 4.376746 2.0 35.0
-11.081183 15.782781 4.376746 2.0 35.0
-11.081183 15.782781 4.376747 1.0 36.0
-11.664837 16.249708 4.376747 1.0 36.0
-11.664837 16.249708 4.376748 0.0 37.0
-11.664837 16.997152 4.376748 0.0 37.0
-11.664837 16.997152 4.376749 0.0 38.0
-11.664837 17.744596 4.376749 0.0 38.0
-11.664837 16.249708 4.376750 0.0 37.0
-12.3940525 16.085642 4.376750 0.0 37.0
-12.3940525 16.085642 4.376751 0.0 38.0
-13.123268 15.921576 4.376751 0.0 38.0
-9.486612 14.381998 3.793046252 4.0 33.0
-9.814039 13.710087 3.793046252 4.0 33.0
-9.814039 13.710087 3.793046253 3.0 34.0
-10.141466 13.038176 3.793046253 3.0 34.0
-10.141466 13.038176 3.793046254 0.0 35.0
-10.772985 12.874109 4.15765454 0.0 35.0
-10.772985 12.874109 4.15765455 0.0 36.0
-11.502201 12.710043 4.15765455 0.0 36.0
-10.141466 13.038176 3.793046256 2.0 35.0
-10.468893 12.366264 3.793046256 2.0 35.0
-10.468893 12.366264 3.793046257 1.0 36.0
-10.79632 11.694353 3.793046257 1.0 36.0
-10.79632 11.694353 3.793046258 0.0 37.0
-11.427839 11.530287 4.15765458 0.0 37.0
-11.427839 11.530287 4.15765459 0.0 38.0
-12.157055 11.36622 4.15765459 0.0 38.0
-10.79632 11.694353 3.793046260 0.0 37.0
-10.476191 11.018934 3.793046260 0.0 37.0
-10.476191 11.018934 3.793046261 0.0 38.0
-10.156061 10.343515 3.793046261 0.0 38.0
-4.043672 15.694529 2.33461562 20.0 25.0
-4.627326 16.161457 2.33461562 20.0 25.0
-4.627326 16.161457 2.33461563 19.0 26.0
-5.21098 16.628386 2.33461563 19.0 26.0
-5.21098 16.628386 2.33461564 18.0 27.0
-5.794634 17.095314 2.33461564 18.0 27.0
-5.794634 17.095314 2.33461565 17.0 28.0
-6.378288 17.562243 2.33461565 17.0 28.0
-6.378288 17.562243 2.33461566 16.0 29.0
-6.9619417 18.029171 2.33461566 16.0 29.0
-6.9619417 18.029171 2.33461567 15.0 30.0
-7.5455956 18.4961 2.33461567 15.0 30.0
-7.5455956 18.4961 2.33461568 14.0 31.0
-8.12925 18.963028 2.33461568 14.0 31.0
-8.12925 18.963028 2.33461569 13.0 32.0
-8.712903 19.429956 2.33461569 13.0 32.0
-8.712903 19.429956 2.33461570 12.0 33.0
-8.712903 20.1774 2.33461570 12.0 33.0
-8.712903 20.1774 2.33461571 11.0 34.0
-8.712903 20.924845 2.33461571 11.0 34.0
-8.712903 20.924845 2.33461572 10.0 35.0
-8.712903 21.672289 2.33461572 10.0 35.0
-8.712903 21.672289 2.33461573 9.0 36.0
-8.712903 22.419733 2.33461573 9.0 36.0
-8.712903 22.419733 2.33461574 4.0 37.0
-9.218362 22.886662 2.62644274 4.0 37.0
-9.218362 22.886662 2.62644275 3.0 38.0
-9.723821 23.35359 2.91826975 3.0 38.0
-9.723821 23.35359 2.91826976 0.0 39.0
-9.723821 24.101034 2.91826976 0.0 39.0
-9.723821 24.101034 2.91826977 0.0 40.0
-9.723821 24.848478 2.91826977 0.0 40.0
-9.723821 23.35359 2.91826978 2.0 39.0
-10.307474 23.820518 2.91826978 2.0 39.0
-10.307474 23.820518 2.91826979 1.0 40.0
-10.891128 24.287447 2.91826979 1.0 40.0
-10.891128 24.287447 2.91826980 0.0 41.0
-10.891128 25.034891 2.91826980 0.0 41.0
-10.891128 25.034891 2.91826981 0.0 42.0
-10.891128 25.782335 2.91826981 0.0 42.0
-10.891128 24.287447 2.91826982 0.0 41.0
-11.620343 24.12338 2.91826982 0.0 41.0
-11.620343 24.12338 2.91826983 0.0 42.0
-12.349559 23.959314 2.91826983 0.0 42.0
-8.712903 22.419733 2.33461584 8.0 37.0
-8.712903 23.167177 2.33461584 8.0 37.0
-8.712903 23.167177 2.33461585 7.0 38.0
-8.712903 23.914621 2.33461585 7.0 38.0
-8.712903 23.914621 2.33461586 6.0 39.0
-8.712903 24.662066 2.33461586 6.0 39.0
-8.712903 24.662066 2.33461587 5.0 40.0
-8.712903 25.40951 2.33461587 5.0 40.0
-8.712903 25.40951 2.33461588 4.0 41.0
-8.207444 25.876438 2.04278888 4.0 41.0
-8.207444 25.876438 2.04278889 3.0 42.0
-7.7019854 26.343367 1.750961289 3.0 42.0
-7.7019854 26.343367 1.750961290 0.0 43.0
-7.070466 26.1793 1.386353490 0.0 43.0
-7.070466 26.1793 1.386353491 0.0 44.0
-6.3412504 26.015234 1.386353491 0.0 44.0
-7.7019854 26.343367 1.750961292 2.0 43.0
-7.1183314 26.810295 1.750961292 2.0 43.0
-7.1183314 26.810295 1.750961293 1.0 44.0
-6.5346775 27.277224 1.750961293 1.0 44.0
-6.5346775 27.277224 1.750961294 0.0 45.0
-5.903158 27.113157 1.386353494 0.0 45.0
-5.903158 27.113157 1.386353495 0.0 46.0
-5.1739426 26.949091 1.386353495 0.0 46.0
-6.5346775 27.277224 1.750961296 0.0 45.0
-6.5346775 28.024668 1.750961296 0.0 45.0
-6.5346775 28.024668 1.750961297 0.0 46.0
-6.5346775 28.772112 1.750961297 0.0 46.0
-8.712903 25.40951 2.33461598 4.0 41.0
-9.296556 25.876438 2.33461598 4.0 41.0
-9.296556 25.876438 2.33461599 3.0 42.0
-9.88021 26.343367 2.33461599 3.0 42.0
-9.88021 26.343367 2.334615100 0.0 43.0
-9.88021 27.09081 2.334615100 0.0 43.0
-9.88021 27.09081 2.334615101 0.0 44.0
-9.88021 27.838255 2.334615101 0.0 44.0
-9.88021 26.343367 2.334615102 2.0 43.0
-10.463863 26.810295 2.334615102 2.0 43.0
-10.463863 26.810295 2.334615103 1.0 44.0
-11.047517 27.277224 2.334615103 1.0 44.0
-11.047517 27.277224 2.334615104 0.0 45.0
-11.047517 28.024668 2.334615104 0.0 45.0
-11.047517 28.024668 2.334615105 0.0 46.0
-11.047517 28.772112 2.334615105 0.0 46.0
-11.047517 27.277224 2.334615106 0.0 45.0
-11.776732 27.113157 2.334615106 0.0 45.0
-11.776732 27.113157 2.334615107 0.0 46.0
-12.505948 26.949091 2.334615107 0.0 46.0
-8.712903 19.429956 2.334615108 12.0 33.0
-9.442119 19.26589 2.334615108 12.0 33.0
-9.442119 19.26589 2.334615109 11.0 34.0
-10.171334 19.101824 2.334615109 11.0 34.0
-10.171334 19.101824 2.334615110 10.0 35.0
-10.90055 18.937757 2.334615110 10.0 35.0
-10.90055 18.937757 2.334615111 9.0 36.0
-11.6297655 18.773691 2.334615111 9.0 36.0
-11.6297655 18.773691 2.334615112 4.0 37.0
-11.913325 18.10178 2.4983282112 4.0 37.0
-11.913325 18.10178 2.4983282113 3.0 38.0
-12.196885 17.429869 2.6620414113 3.0 38.0
-12.196885 17.429869 2.6620414114 0.0 39.0
-12.828404 17.265802 3.0266492114 0.0 39.0
-12.828404 17.265802 3.0266492115 0.0 40.0
-13.55762 17.101736 3.0266492115 0.0 40.0
-12.196885 17.429869 2.6620414116 2.0 39.0
-12.524312 16.757957 2.6620414116 2.0 39.0
-12.524312 16.757957 2.6620414117 1.0 40.0
-12.851739 16.086046 2.6620414117 1.0 40.0
-12.851739 16.086046 2.6620414118 0.0 41.0
-13.483258 15.92198 3.0266492118 0.0 41.0
-13.483258 15.92198 3.0266492119 0.0 42.0
-14.212474 15.757914 3.0266492119 0.0 42.0
-12.851739 16.086046 2.6620414120 0.0 41.0
-12.53161 15.410627 2.6620414120 0.0 41.0
-12.53161 15.410627 2.6620414121 0.0 42.0
-12.21148 14.7352085 2.6620414121 0.0 42.0
-11.6297655 18.773691 2.334615122 8.0 37.0
-12.358981 18.609625 2.334615122 8.0 37.0
-12.358981 18.609625 2.334615123 7.0 38.0
-13.088197 18.445559 2.334615123 7.0 38.0
-13.088197 18.445559 2.334615124 6.0 39.0
-13.817412 18.281492 2.334615124 6.0 39.0
-13.817412 18.281492 2.334615125 5.0 40.0
-14.546628 18.117426 2.334615125 5.0 40.0
-14.546628 18.117426 2.334615126 4.0 41.0
-15.052087 18.584354 2.626442126 4.0 41.0
-15.052087 18.584354 2.626442127 3.0 42.0
-15.557546 19.051283 2.918269127 3.0 42.0
-15.557546 19.051283 2.918269128 0.0 43.0
-15.557546 19.798727 2.918269128 0.0 43.0
-15.557546 19.798727 2.918269129 0.0 44.0
-15.557546 20.546171 2.918269129 0.0 44.0
-15.557546 19.051283 2.918269130 2.0 43.0
-16.1412 19.518211 2.918269130 2.0 43.0
-16.1412 19.518211 2.918269131 1.0 44.0
-16.724854 19.98514 2.918269131 1.0 44.0
-16.724854 19.98514 2.918269132 0.0 45.0
-16.724854 20.732584 2.918269132 0.0 45.0
-16.724854 20.732584 2.918269133 0.0 46.0
-16.724854 21.480028 2.918269133 0.0 46.0
-16.724854 19.98514 2.918269134 0.0 45.0
-17.45407 19.821074 2.918269134 0.0 45.0
-17.45407 19.821074 2.918269135 0.0 46.0
-18.183285 19.657007 2.918269135 0.0 46.0
-14.546628 18.117426 2.334615136 4.0 41.0
-14.874055 17.445515 2.334615136 4.0 41.0
-14.874055 17.445515 2.334615137 3.0 42.0
-15.201482 16.773603 2.334615137 3.0 42.0
-15.201482 16.773603 2.334615138 0.0 43.0
-15.833001 16.609537 2.6992228138 0.0 43.0
-15.833001 16.609537 2.6992228139 0.0 44.0
-16.562218 16.44547 2.6992228139 0.0 44.0
-15.201482 16.773603 2.334615140 2.0 43.0
-15.528909 16.101692 2.334615140 2.0 43.0
-15.528909 16.101692 2.334615141 1.0 44.0
-15.856336 15.429781 2.334615141 1.0 44.0
-15.856336 15.429781 2.334615142 0.0 45.0
-16.487854 15.265715 2.6992228142 0.0 45.0
-16.487854 15.265715 2.6992228143 0.0 46.0
-17.21707 15.101648 2.6992228143 0.0 46.0
-15.856336 15.429781 2.334615144 0.0 45.0
-15.536206 14.754362 2.334615144 0.0 45.0
-15.536206 14.754362 2.334615145 0.0 46.0
-15.216077 14.078943 2.334615145 0.0 46.0
0.0 11.959108 0.0146 44.0 17.0
0.0 12.7065525 0.0146 44.0 17.0
0.0 12.7065525 0.0147 43.0 18.0
0.0 13.453997 0.0147 43.0 18.0
0.0 13.453997 0.0148 42.0 19.0
0.0 14.201441 0.0148 42.0 19.0
0.0 14.201441 0.0149 41.0 20.0
0.0 14.948885 0.0149 41.0 20.0
0.0 14.948885 0.0150 40.0 21.0
0.0 15.696329 0.0150 40.0 21.0
0.0 15.696329 0.0151 39.0 22.0
0.0 16.443773 0.0151 39.0 22.0
0.0 16.443773 0.0152 38.0 23.0
0.0 17.191217 0.0152 38.0 23.0
0.0 17.191217 0.0153 37.0 24.0
0.0 17.938662 0.0153 37.0 24.0
0.0 17.938662 0.0154 36.0 25.0
0.0 18.686106 0.0154 36.0 25.0
0.0 18.686106 0.0155 35.0 26.0
0.0 19.43355 0.0155 35.0 26.0
0.0 19.43355 0.0156 34.0 27.0
0.0 20.180994 0.0156 34.0 27.0
0.0 20.180994 0.0157 33.0 28.0
0.0 20.928438 0.0157 33.0 28.0
0.0 20.928438 0.0158 32.0 29.0
0.0 21.675882 0.0158 32.0 29.0
0.0 21.675882 0.0159 31.0 30.0
0.0 22.423326 0.0159 31.0 30.0
0.0 22.423326 0.0160 30.0 31.0
0.0 23.17077 0.0160 30.0 31.0
0.0 23.17077 0.0161 29.0 32.0
0.0 23.918215 0.0161 29.0 32.0
0.0 23.918215 0.0162 28.0 33.0
0.505459 24.385143 -0.29182687162 28.0 33.0
0.505459 24.385143 -0.29182687163 27.0 34.0
1.010918 24.852072 -0.58365375163 27.0 34.0
1.010918 24.852072 -0.58365375164 26.0 35.0
1.516377 25.319 -0.87548065164 26.0 35.0
1.516377 25.319 -0.87548065165 25.0 36.0
2.021836 25.785929 -1.1673075165 25.0 36.0
2.021836 25.785929 -1.1673075166 24.0 37.0
2.527295 26.252857 -1.4591343166 24.0 37.0
2.527295 26.252857 -1.4591343167 23.0 38.0
3.0327542 26.719786 -1.7509612167 23.0 38.0
3.0327542 26.719786 -1.7509612168 22.0 39.0
3.5382133 27.186714 -2.042788168 22.0 39.0
3.5382133 27.186714 -2.042788169 21.0 40.0
4.043672 27.653643 -2.334615169 21.0 40.0
4.043672 27.653643 -2.334615170 12.0 41.0
4.043672 28.401087 -2.334615170 12.0 41.0
4.043672 28.401087 -2.334615171 11.0 42.0
4.043672 29.148531 -2.334615171 11.0 42.0
4.043672 29.148531 -2.334615172 10.0 43.0
4.043672 29.895975 -2.334615172 10.0 43.0
4.043672 29.895975 -2.334615173 9.0 44.0
4.043672 30.64342 -2.334615173 9.0 44.0
4.043672 30.64342 -2.334615174 4.0 45.0
3.538213 31.110348 -2.042788174 4.0 45.0
3.538213 31.110348 -2.042788175 3.0 46.0
3.032754 31.577276 -1.7509612175 3.0 46.0
3.032754 31.577276 -1.7509612176 0.0 47.0
3.032754 32.324722 -1.7509612176 0.0 47.0
3.032754 32.324722 -1.7509612177 0.0 48.0
3.032754 33.072166 -1.7509612177 0.0 48.0
3.032754 31.577276 -1.7509612178 2.0 47.0
2.4491003 32.044205 -1.7509612178 2.0 47.0
2.4491003 32.044205 -1.7509612179 1.0 48.0
1.8654466 32.51113 -1.7509612179 1.0 48.0
1.8654466 32.51113 -1.7509612180 0.0 49.0
1.8654466 33.258575 -1.7509612180 0.0 49.0
1.8654466 33.258575 -1.7509612181 0.0 50.0
1.8654466 34.00602 -1.7509612181 0.0 50.0
1.8654466 32.51113 -1.7509612182 0.0 49.0
1.136231 32.347065 -1.7509612182 0.0 49.0
1.136231 32.347065 -1.7509612183 0.0 50.0
0.40701532 32.183 -1.7509612183 0.0 50.0
4.043672 30.64342 -2.334615184 8.0 45.0
4.043672 31.390863 -2.334615184 8.0 45.0
4.043672 31.390863 -2.334615185 7.0 46.0
4.043672 32.13831 -2.334615185 7.0 46.0
4.043672 32.13831 -2.334615186 6.0 47.0
4.043672 32.885754 -2.334615186 6.0 47.0
4.043672 32.885754 -2.334615187 5.0 48.0
4.043672 33.633198 -2.334615187 5.0 48.0
4.043672 33.633198 -2.334615188 4.0 49.0
4.549131 34.100124 -2.626442188 4.0 49.0
4.549131 34.100124 -2.626442189 3.0 50.0
5.0545897 34.56705 -2.918269189 3.0 50.0
5.0545897 34.56705 -2.918269190 0.0 51.0
5.686109 34.402985 -3.2828767190 0.0 51.0
5.686109 34.402985 -3.2828767191 0.0 52.0
6.4153247 34.23892 -3.2828767191 0.0 52.0
5.0545897 34.56705 -2.918269192 2.0 51.0
5.6382437 35.033978 -2.918269192 2.0 51.0
5.6382437 35.033978 -2.918269193 1.0 52.0
6.2218976 35.500904 -2.918269193 1.0 52.0
6.2218976 35.500904 -2.918269194 0.0 53.0
6.853417 35.336838 -3.2828767194 0.0 53.0
6.853417 35.336838 -3.2828767195 0.0 54.0
7.5826325 35.17277 -3.2828767195 0.0 54.0
6.2218976 35.500904 -2.918269196 0.0 53.0
6.2218976 36.24835 -2.918269196 0.0 53.0
6.2218976 36.24835 -2.918269197 0.0 54.0
6.2218976 36.995792 -2.918269197 0.0 54.0
4.043672 33.633198 -2.334615198 4.0 49.0
3.4600184 34.100124 -2.334615198 4.0 49.0
3.4600184 34.100124 -2.334615199 3.0 50.0
2.8763647 34.56705 -2.334615199 3.0 50.0
2.8763647 34.56705 -2.334615200 0.0 51.0
2.8763647 35.314495 -2.334615200 0.0 51.0
2.8763647 35.314495 -2.334615201 0.0 52.0
2.8763647 36.06194 -2.334615201 0.0 52.0
2.8763647 34.56705 -2.334615202 2.0 51.0
2.292711 35.033978 -2.334615202 2.0 51.0
2.292711 35.033978 -2.334615203 1.0 52.0
1.7090573 35.500904 -2.334615203 1.0 52.0
1.7090573 35.500904 -2.334615204 0.0 53.0
1.7090573 36.24835 -2.334615204 0.0 53.0
1.7090573 36.24835 -2.334615205 0.0 54.0
1.7090573 36.995792 -2.334615205 0.0 54.0
1.7090573 35.500904 -2.334615206 0.0 53.0
0.9798417 35.336838 -2.334615206 0.0 53.0
0.9798417 35.336838 -2.334615207 0.0 54.0
0.2506261 35.17277 -2.334615207 0.0 54.0
4.043672 27.653643 -2.334615208 20.0 41.0
4.627326 28.120571 -2.334615208 20.0 41.0
4.627326 28.120571 -2.334615209 19.0 42.0
5.21098 28.5875 -2.334615209 19.0 42.0
5.21098 28.5875 -2.334615210 18.0 43.0
5.794634 29.054428 -2.334615210 18.0 43.0
5.794634 29.054428 -2.334615211 17.0 44.0
6.378288 29.521357 -2.334615211 17.0 44.0
6.378288 29.521357 -2.334615212 16.0 45.0
6.9619417 29.988285 -2.334615212 16.0 45.0
6.9619417 29.988285 -2.334615213 15.0 46.0
7.5455956 30.455214 -2.334615213 15.0 46.0
7.5455956 30.455214 -2.334615214 14.0 47.0
8.12925 30.922142 -2.334615214 14.0 47.0
8.12925 30.922142 -2.334615215 13.0 48.0
8.712903 31.38907 -2.334615215 13.0 48.0
8.712903 31.38907 -2.334615216 12.0 49.0
9.344422 31.225004 -2.6992228216 12.0 49.0
9.344422 31.225004 -2.6992228217 11.0 50.0
9.975942 31.060938 -3.0638306217 11.0 50.0
9.975942 31.060938 -3.0638306218 10.0 51.0
10.607461 30.896872 -3.4284384218 10.0 51.0
10.607461 30.896872 -3.4284384219 9.0 52.0
11.23898 30.732805 -3.7930462219 9.0 52.0
11.23898 30.732805 -3.7930462220 4.0 53.0
11.744439 31.199734 -4.084873220 4.0 53.0
11.744439 31.199734 -4.084873221 3.0 54.0
12.249898 31.666662 -4.3767221 3.0 54.0
12.249898 31.666662 -4.3767222 0.0 55.0
12.881417 31.502596 -4.7413077222 0.0 55.0
12.881417 31.502596 -4.7413077223 0.0 56.0
13.610633 31.33853 -4.7413077223 0.0 56.0
12.249898 31.666662 -4.3767224 2.0 55.0
12.833551 32.13359 -4.3767224 2.0 55.0
12.833551 32.13359 -4.3767225 1.0 56.0
13.417205 32.600517 -4.3767225 1.0 56.0
13.417205 32.600517 -4.3767226 0.0 57.0
14.048724 32.43645 -4.7413077226 0.0 57.0
14.048724 32.43645 -4.7413077227 0.0 58.0
14.77794 32.272385 -4.7413077227 0.0 58.0
13.417205 32.600517 -4.3767228 0.0 57.0
13.417205 33.34796 -4.3767228 0.0 57.0
13.417205 33.34796 -4.3767229 0.0 58.0
13.417205 34.095406 -4.3767229 0.0 58.0
11.23898 30.732805 -3.7930462230 8.0 53.0
11.968196 30.568739 -3.7930462230 8.0 53.0
11.968196 30.568739 -3.7930462231 7.0 54.0
12.697412 30.404673 -3.7930462231 7.0 54.0
12.697412 30.404673 -3.7930462232 6.0 55.0
13.426627 30.240606 -3.7930462232 6.0 55.0
13.426627 30.240606 -3.7930462233 5.0 56.0
14.155843 30.07654 -3.7930462233 5.0 56.0
14.155843 30.07654 -3.7930462234 4.0 57.0
14.439403 29.404629 -3.9567595234 4.0 57.0
14.439403 29.404629 -3.9567595235 3.0 58.0
14.722962 28.732718 -4.120473235 3.0 58.0
14.722962 28.732718 -4.120473236 0.0 59.0
14.445722 28.057299 -3.9604082236 0.0 59.0
14.445722 28.057299 -3.9604082237 0.0 60.0
14.125592 27.38188 -3.9604082237 0.0 60.0
14.722962 28.732718 -4.120473238 2.0 59.0
15.050389 28.060806 -4.120473238 2.0 59.0
15.050389 28.060806 -4.120473239 1.0 60.0
15.377816 27.388895 -4.120473239 1.0 60.0
15.377816 27.388895 -4.120473240 0.0 61.0
15.100575 26.713476 -3.9604082240 0.0 61.0
15.100575 26.713476 -3.9604082241 0.0 62.0
14.780446 26.038057 -3.9604082241 0.0 62.0
15.377816 27.388895 -4.120473242 0.0 61.0
16.107033 27.224829 -4.120473242 0.0 61.0
16.107033 27.224829 -4.120473243 0.0 62.0
16.836248 27.060762 -4.120473243 0.0 62.0
14.155843 30.07654 -3.7930462244 4.0 57.0
14.739496 30.543468 -3.7930462244 4.0 57.0
14.739496 30.543468 -3.7930462245 3.0 58.0
15.32315 31.010397 -3.7930462245 3.0 58.0
15.32315 31.010397 -3.7930462246 0.0 59.0
15.954669 30.84633 -4.157654246 0.0 59.0
15.954669 30.84633 -4.157654247 0.0 60.0
16.683884 30.682264 -4.157654247 0.0 60.0
15.32315 31.010397 -3.7930462248 2.0 59.0
15.906803 31.477325 -3.7930462248 2.0 59.0
15.906803 31.477325 -3.7930462249 1.0 60.0
16.490458 31.944254 -3.7930462249 1.0 60.0
16.490458 31.944254 -3.7930462250 0.0 61.0
17.121977 31.780188 -4.157654250 0.0 61.0
17.121977 31.780188 -4.157654251 0.0 62.0
17.851192 31.616121 -4.157654251 0.0 62.0
16.490458 31.944254 -3.7930462252 0.0 61.0
16.490458 32.6917 -3.7930462252 0.0 61.0
16.490458 32.6917 -3.7930462253 0.0 62.0
16.490458 33.439144 -3.7930462253 0.0 62.0
8.712903 31.38907 -2.334615254 12.0 49.0
8.712903 32.136517 -2.334615254 12.0 49.0
8.712903 32.136517 -2.334615255 11.0 50.0
8.712903 32.88396 -2.334615255 11.0 50.0
8.712903 32.88396 -2.334615256 10.0 51.0
8.712903 33.631405 -2.334615256 10.0 51.0
8.712903 33.631405 -2.334615257 9.0 52.0
8.712903 34.37885 -2.334615257 9.0 52.0
8.712903 34.37885 -2.334615258 4.0 53.0
8.207444 34.845776 -2.042788258 4.0 53.0
8.207444 34.845776 -2.042788259 3.0 54.0
7.7019854 35.312702 -1.7509612259 3.0 54.0
7.7019854 35.312702 -1.7509612260 0.0 55.0
7.7019854 36.060146 -1.7509612260 0.0 55.0
7.7019854 36.060146 -1.7509612261 0.0 56.0
7.7019854 36.80759 -1.7509612261 0.0 56.0
7.7019854 35.312702 -1.7509612262 2.0 55.0
7.1183314 35.77963 -1.7509612262 2.0 55.0
7.1183314 35.77963 -1.7509612263 1.0 56.0
6.5346775 36.246555 -1.7509612263 1.0 56.0
6.5346775 36.246555 -1.7509612264 0.0 57.0
6.5346775 36.994 -1.7509612264 0.0 57.0
6.5346775 36.994 -1.7509612265 0.0 58.0
6.5346775 37.741444 -1.7509612265 0.0 58.0
6.5346775 36.246555 -1.7509612266 0.0 57.0
5.805462 36.08249 -1.7509612266 0.0 57.0
5.805462 36.08249 -1.7509612267 0.0 58.0
5.0762463 35.918423 -1.7509612267 0.0 58.0
8.712903 34.37885 -2.334615268 8.0 53.0
8.712903 35.126293 -2.334615268 8.0 53.0
8.712903 35.126293 -2.334615269 7.0 54.0
8.712903 35.873737 -2.334615269 7.0 54.0
8.712903 35.873737 -2.334615270 6.0 55.0
8.712903 36.62118 -2.334615270 6.0 55.0
8.712903 36.62118 -2.334615271 5.0 56.0
8.712903 37.368626 -2.334615271 5.0 56.0
8.712903 37.368626 -2.334615272 4.0 57.0
9.218362 37.835552 -2.626442272 4.0 57.0
9.218362 37.835552 -2.626442273 3.0 58.0
9.723821 38.30248 -2.918269273 3.0 58.0
9.723821 38.30248 -2.918269274 0.0 59.0
10.35534 38.138412 -3.2828767274 0.0 59.0
10.35534 38.138412 -3.2828767275 0.0 60.0
11.084556 37.974346 -3.2828767275 0.0 60.0
9.723821 38.30248 -2.918269276 2.0 59.0
10.307474 38.769405 -2.918269276 2.0 59.0
10.307474 38.769405 -2.918269277 1.0 60.0
10.891128 39.236332 -2.918269277 1.0 60.0
10.891128 39.236332 -2.918269278 0.0 61.0
11.522647 39.072266 -3.2828767278 0.0 61.0
11.522647 39.072266 -3.2828767279 0.0 62.0
12.251863 38.9082 -3.2828767279 0.0 62.0
10.891128 39.236332 -2.918269280 0.0 61.0
10.891128 39.983776 -2.918269280 0.0 61.0
10.891128 39.983776 -2.918269281 0.0 62.0
10.891128 40.73122 -2.918269281 0.0 62.0
8.712903 37.368626 -2.334615282 4.0 57.0
8.12925 37.835552 -2.334615282 4.0 57.0
8.12925 37.835552 -2.334615283 3.0 58.0
7.5455956 38.30248 -2.334615283 3.0 58.0
7.5455956 38.30248 -2.334615284 0.0 59.0
7.5455956 39.049923 -2.334615284 0.0 59.0
7.5455956 39.049923 -2.334615285 0.0 60.0
7.5455956 39.797367 -2.334615285 0.0 60.0
7.5455956 38.30248 -2.334615286 2.0 59.0
6.9619417 38.769405 -2.334615286 2.0 59.0
6.9619417 38.769405 -2.334615287 1.0 60.0
6.378288 39.236332 -2.334615287 1.0 60.0
6.378288 39.236332 -2.334615288 0.0 61.0
6.378288 39.983776 -2.334615288 0.0 61.0
6.378288 39.983776 -2.334615289 0.0 62.0
6.378288 40.73122 -2.334615289 0.0 62.0
6.378288 39.236332 -2.334615290 0.0 61.0
5.649072 39.072266 -2.334615290 0.0 61.0
5.649072 39.072266 -2.334615291 0.0 62.0
4.9198565 38.9082 -2.334615291 0.0 62.0
0.0 23.918215 0.0292 28.0 33.0
-0.58365375 24.385143 0.0292 28.0 33.0
-0.58365375 24.385143 0.0293 27.0 34.0
-1.1673075 24.852072 0.0293 27.0 34.0
-1.1673075 24.852072 0.0294 26.0 35.0
-1.7509613 25.319 0.0294 26.0 35.0
-1.7509613 25.319 0.0295 25.0 36.0
-2.334615 25.785929 0.0295 25.0 36.0
-2.334615 25.785929 0.0296 24.0 37.0
-2.9182687 26.252857 0.0296 24.0 37.0
-2.9182687 26.252857 0.0297 23.0 38.0
-3.5019224 26.719786 0.0297 23.0 38.0
-3.5019224 26.719786 0.0298 22.0 39.0
-4.085576 27.186714 0.0298 22.0 39.0
-4.085576 27.186714 0.0299 21.0 40.0
-4.66923 27.653643 0.0299 21.0 40.0
-4.66923 27.653643 0.0300 12.0 41.0
-5.3007493 27.489576 0.3646078300 12.0 41.0
-5.3007493 27.489576 0.3646078301 11.0 42.0
-5.9322686 27.32551 0.7292156301 11.0 42.0
-5.9322686 27.32551 0.7292156302 10.0 43.0
-6.563788 27.161444 1.0938234302 10.0 43.0
-6.563788 27.161444 1.0938234303 9.0 44.0
-7.1953073 26.997377 1.4584312303 9.0 44.0
-7.1953073 26.997377 1.4584312304 4.0 45.0
-7.478867 26.325466 1.6221446304 4.0 45.0
-7.478867 26.325466 1.6221446305 3.0 46.0
-7.762427 25.653555 1.7858579305 3.0 46.0
-7.762427 25.653555 1.7858579306 0.0 47.0
-8.393946 25.489489 2.1504657306 0.0 47.0
-8.393946 25.489489 2.1504657307 0.0 48.0
-9.123161 25.325422 2.1504657307 0.0 48.0
-7.762427 25.653555 1.7858579308 2.0 47.0
-8.089853 24.981644 1.7858579308 2.0 47.0
-8.089853 24.981644 1.7858579309 1.0 48.0
-8.41728 24.309732 1.7858579309 1.0 48.0
-8.41728 24.309732 1.7858579310 0.0 49.0
-9.0487995 24.145666 2.1504657310 0.0 49.0
-9.0487995 24.145666 2.1504657311 0.0 50.0
-9.778015 23.9816 2.1504657311 0.0 50.0
-8.41728 24.309732 1.7858579312 0.0 49.0
-8.097151 23.634314 1.7858579312 0.0 49.0
-8.097151 23.634314 1.7858579313 0.0 50.0
-7.7770214 22.958895 1.7858579313 0.0 50.0
-7.1953073 26.997377 1.4584312314 8.0 45.0
-7.924523 26.833311 1.4584312314 8.0 45.0
-7.924523 26.833311 1.4584312315 7.0 46.0
-8.653738 26.669245 1.4584312315 7.0 46.0
-8.653738 26.669245 1.4584312316 6.0 47.0
-9.382954 26.505178 1.4584312316 6.0 47.0
-9.382954 26.505178 1.4584312317 5.0 48.0
-10.112169 26.341112 1.4584312317 5.0 48.0
-10.112169 26.341112 1.4584312318 4.0 49.0
-10.617628 26.80804 1.7502581318 4.0 49.0
-10.617628 26.80804 1.7502581319 3.0 50.0
-11.123087 27.27497 2.042085319 3.0 50.0
-11.123087 27.27497 2.042085320 0.0 51.0
-11.123087 28.022413 2.042085320 0.0 51.0
-11.123087 28.022413 2.042085321 0.0 52.0
-11.123087 28.769857 2.042085321 0.0 52.0
-11.123087 27.27497 2.042085322 2.0 51.0
-11.70674 27.741898 2.042085322 2.0 51.0
-11.70674 27.741898 2.042085323 1.0 52.0
-12.290394 28.208826 2.042085323 1.0 52.0
-12.290394 28.208826 2.042085324 0.0 53.0
-12.290394 28.95627 2.042085324 0.0 53.0
-12.290394 28.95627 2.042085325 0.0 54.0
-12.290394 29.703714 2.042085325 0.0 54.0
-12.290394 28.208826 2.042085326 0.0 53.0
-13.019609 28.04476 2.042085326 0.0 53.0
-13.019609 28.04476 2.042085327 0.0 54.0
-13.748825 27.880693 2.042085327 0.0 54.0
-10.112169 26.341112 1.4584312328 4.0 49.0
-10.439596 25.6692 1.4584312328 4.0 49.0
-10.439596 25.6692 1.4584312329 3.0 50.0
-10.767023 24.99729 1.4584312329 3.0 50.0
-10.767023 24.99729 1.4584312330 0.0 51.0
-11.398542 24.833223 1.823039330 0.0 51.0
-11.398542 24.833223 1.823039331 0.0 52.0
-12.127758 24.669157 1.823039331 0.0 52.0
-10.767023 24.99729 1.4584312332 2.0 51.0
-11.09445 24.325378 1.4584312332 2.0 51.0
-11.09445 24.325378 1.4584312333 1.0 52.0
-11.421877 23.653467 1.4584312333 1.0 52.0
-11.421877 23.653467 1.4584312334 0.0 53.0
-12.053396 23.4894 1.823039334 0.0 53.0
-12.053396 23.4894 1.823039335 0.0 54.0
-12.782612 23.325335 1.823039335 0.0 54.0
-11.421877 23.653467 1.4584312336 0.0 53.0
-11.1017475 22.978048 1.4584312336 0.0 53.0
-11.1017475 22.978048 1.4584312337 0.0 54.0
-10.781618 22.30263 1.4584312337 0.0 54.0
-4.66923 27.653643 0.0338 20.0 41.0
-5.252884 28.120571 0.0338 20.0 41.0
-5.252884 28.120571 0.0339 19.0 42.0
-5.836538 28.5875 0.0339 19.0 42.0
-5.836538 28.5875 0.0340 18.0 43.0
-6.420192 29.054428 0.0340 18.0 43.0
-6.420192 29.054428 0.0341 17.0 44.0
-7.0038457 29.521357 0.0341 17.0 44.0
-7.0038457 29.521357 0.0342 16.0 45.0
-7.5874996 29.988285 0.0342 16.0 45.0
-7.5874996 29.988285 0.0343 15.0 46.0
-8.171153 30.455214 0.0343 15.0 46.0
-8.171153 30.455214 0.0344 14.0 47.0
-8.7548065 30.922142 0.0344 14.0 47.0
-8.7548065 30.922142 0.0345 13.0 48.0
-9.33846 31.38907 0.0345 13.0 48.0
-9.33846 31.38907 0.0346 12.0 49.0
-9.33846 32.136517 0.0346 12.0 49.0
-9.33846 32.136517 0.0347 11.0 50.0
-9.33846 32.88396 0.0347 11.0 50.0
-9.33846 32.88396 0.0348 10.0 51.0
-9.33846 33.631405 0.0348 10.0 51.0
-9.33846 33.631405 0.0349 9.0 52.0
-9.33846 34.37885 0.0349 9.0 52.0
-9.33846 34.37885 0.0350 4.0 53.0
-9.843919 34.845776 0.29182687350 4.0 53.0
-9.843919 34.845776 0.29182687351 3.0 54.0
-10.349378 35.312702 0.58365375351 3.0 54.0
-10.349378 35.312702 0.58365375352 0.0 55.0
-10.349378 36.060146 0.58365375352 0.0 55.0
-10.349378 36.060146 0.58365375353 0.0 56.0
-10.349378 36.80759 0.58365375353 0.0 56.0
-10.349378 35.312702 0.58365375354 2.0 55.0
-10.933031 35.77963 0.58365375354 2.0 55.0
-10.933031 35.77963 0.58365375355 1.0 56.0
-11.516685 36.246555 0.58365375355 1.0 56.0
-11.516685 36.246555 0.58365375356 0.0 57.0
-11.516685 36.994 0.58365375356 0.0 57.0
-11.516685 36.994 0.58365375357 0.0 58.0
-11.516685 37.741444 0.58365375357 0.0 58.0
-11.516685 36.246555 0.58365375358 0.0 57.0
-12.2459 36.08249 0.58365375358 0.0 57.0
-12.2459 36.08249 0.58365375359 0.0 58.0
-12.975116 35.918423 0.58365375359 0.0 58.0
-9.33846 34.37885 0.0360 8.0 53.0
-9.33846 35.126293 0.0360 8.0 53.0
-9.33846 35.126293 0.0361 7.0 54.0
-9.33846 35.873737 0.0361 7.0 54.0
-9.33846 35.873737 0.0362 6.0 55.0
-9.33846 36.62118 0.0362 6.0 55.0
-9.33846 36.62118 0.0363 5.0 56.0
-9.33846 37.368626 0.0363 5.0 56.0
-9.33846 37.368626 0.0364 4.0 57.0
-8.833001 37.835552 -0.29182687364 4.0 57.0
-8.833001 37.835552 -0.29182687365 3.0 58.0
-8.327542 38.30248 -0.58365375365 3.0 58.0
-8.327542 38.30248 -0.58365375366 0.0 59.0
-7.696023 38.138412 -0.94826156366 0.0 59.0
-7.696023 38.138412 -0.94826156367 0.0 60.0
-6.9668074 37.974346 -0.94826156367 0.0 60.0
-8.327542 38.30248 -0.58365375368 2.0 59.0
-7.7438884 38.769405 -0.58365375368 2.0 59.0
-7.7438884 38.769405 -0.58365375369 1.0 60.0
-7.1602345 39.236332 -0.58365375369 1.0 60.0
-7.1602345 39.236332 -0.58365375370 0.0 61.0
-6.528715 39.072266 -0.94826156370 0.0 61.0
-6.528715 39.072266 -0.94826156371 0.0 62.0
-5.7994995 38.9082 -0.94826156371 0.0 62.0
-7.1602345 39.236332 -0.58365375372 0.0 61.0
-7.1602345 39.983776 -0.58365375372 0.0 61.0
-7.1602345 39.983776 -0.58365375373 0.0 62.0
-7.1602345 40.73122 -0.58365375373 0.0 62.0
-9.33846 37.368626 0.0374 4.0 57.0
-9.922113 37.835552 0.0374 4.0 57.0
-9.922113 37.835552 0.0375 3.0 58.0
-10.505767 38.30248 0.0375 3.0 58.0
-10.505767 38.30248 0.0376 0.0 59.0
-10.505767 39.049923 0.0376 0.0 59.0
-10.505767 39.049923 0.0377 0.0 60.0
-10.505767 39.797367 0.0377 0.0 60.0
-10.505767 38.30248 0.0378 2.0 59.0
-11.08942 38.769405 0.0378 2.0 59.0
-11.08942 38.769405 0.0379 1.0 60.0
-11.673074 39.236332 0.0379 1.0 60.0
-11.673074 39.236332 0.0380 0.0 61.0
-11.673074 39.983776 0.0380 0.0 61.0
-11.673074 39.983776 0.0381 0.0 62.0
-11.673074 40.73122 0.0381 0.0 62.0
-11.673074 39.236332 0.0382 0.0 61.0
-12.402289 39.072266 0.0382 0.0 61.0
-12.402289 39.072266 0.0383 0.0 62.0
-13.131505 38.9082 0.0383 0.0 62.0
-9.33846 31.38907 0.0384 12.0 49.0
-10.067676 31.225004 0.0384 12.0 49.0
-10.067676 31.225004 0.0385 11.0 50.0
-10.796891 31.060938 0.0385 11.0 50.0
-10.796891 31.060938 0.0386 10.0 51.0
-11.526107 30.896872 0.0386 10.0 51.0
-11.526107 30.896872 0.0387 9.0 52.0
-12.255322 30.732805 0.0387 9.0 52.0
-12.255322 30.732805 0.0388 4.0 53.0
-12.538882 30.060894 0.16371329388 4.0 53.0
-12.538882 30.060894 0.16371329389 3.0 54.0
-12.822442 29.388983 0.32742658389 3.0 54.0
-12.822442 29.388983 0.32742658390 0.0 55.0
-13.453961 29.224916 0.69203436390 0.0 55.0
-13.453961 29.224916 0.69203436391 0.0 56.0
-14.183177 29.06085 0.69203436391 0.0 56.0
-12.822442 29.388983 0.32742658392 2.0 55.0
-13.149869 28.717072 0.32742658392 2.0 55.0
-13.149869 28.717072 0.32742658393 1.0 56.0
-13.477296 28.04516 0.32742658393 1.0 56.0
-13.477296 28.04516 0.32742658394 0.0 57.0
-14.108815 27.881094 0.69203436394 0.0 57.0
-14.108815 27.881094 0.69203436395 0.0 58.0
-14.838031 27.717028 0.69203436395 0.0 58.0
-13.477296 28.04516 0.32742658396 0.0 57.0
-13.1571665 27.369741 0.32742658396 0.0 57.0
-13.1571665 27.369741 0.32742658397 0.0 58.0
-12.837037 26.694323 0.32742658397 0.0 58.0
-12.255322 30.732805 0.0398 8.0 53.0
-12.984538 30.568739 0.0398 8.0 53.0
-12.984538 30.568739 0.0399 7.0 54.0
-13.713754 30.404673 0.0399 7.0 54.0
-13.713754 30.404673 0.0400 6.0 55.0
-14.442969 30.240606 0.0400 6.0 55.0
-14.442969 30.240606 0.0401 5.0 56.0
-15.172185 30.07654 0.0401 5.0 56.0
-15.172185 30.07654 0.0402 4.0 57.0
-15.677644 30.543468 0.29182687402 4.0 57.0
-15.677644 30.543468 0.29182687403 3.0 58.0
-16.183104 31.010397 0.58365375403 3.0 58.0
-16.183104 31.010397 0.58365375404 0.0 59.0
-16.183104 31.757841 0.58365375404 0.0 59.0
-16.183104 31.757841 0.58365375405 0.0 60.0
-16.183104 32.505287 0.58365375405 0.0 60.0
-16.183104 31.010397 0.58365375406 2.0 59.0
-16.766758 31.477325 0.58365375406 2.0 59.0
-16.766758 31.477325 0.58365375407 1.0 60.0
-17.350412 31.944254 0.58365375407 1.0 60.0
-17.350412 31.944254 0.58365375408 0.0 61.0
-17.350412 32.6917 0.58365375408 0.0 61.0
-17.350412 32.6917 0.58365375409 0.0 62.0
-17.350412 33.439144 0.58365375409 0.0 62.0
-17.350412 31.944254 0.58365375410 0.0 61.0
-18.079628 31.780188 0.58365375410 0.0 61.0
-18.079628 31.780188 0.58365375411 0.0 62.0
-18.808844 31.616121 0.58365375411 0.0 62.0
-15.172185 30.07654 0.0412 4.0 57.0
-15.499612 29.404629 0.0412 4.0 57.0
-15.499612 29.404629 0.0413 3.0 58.0
-15.827039 28.732718 0.0413 3.0 58.0
-15.827039 28.732718 0.0414 0.0 59.0
-16.458557 28.568651 0.3646078414 0.0 59.0
-16.458557 28.568651 0.3646078415 0.0 60.0
-17.187773 28.404585 0.3646078415 0.0 60.0
-15.827039 28.732718 0.0416 2.0 59.0
-16.154465 28.060806 0.0416 2.0 59.0
-16.154465 28.060806 0.0417 1.0 60.0
-16.481892 27.388895 0.0417 1.0 60.0
-16.481892 27.388895 0.0418 0.0 61.0
-17.11341 27.224829 0.3646078418 0.0 61.0
-17.11341 27.224829 0.3646078419 0.0 62.0
-17.842627 27.060762 0.3646078419 0.0 62.0
-16.481892 27.388895 0.0420 0.0 61.0
-16.161762 26.713476 0.0420 0.0 61.0
-16.161762 26.713476 0.0421 0.0 62.0
-15.841633 26.038057 0.0421 0.0 62.0
