0.0 0.0 0.00 60.0 1.0
0.0 1.3123497 0.00 60.0 1.0
0.0 1.3123497 0.01 59.0 2.0
0.0 2.6246994 0.01 59.0 2.0
0.0 2.6246994 0.02 58.0 3.0
0.0 3.937049 0.02 58.0 3.0
0.0 3.937049 0.03 57.0 4.0
0.0 5.2493987 0.03 57.0 4.0
0.0 5.2493987 0.04 56.0 5.0
0.0 6.5617485 0.04 56.0 5.0
0.0 6.5617485 0.05 55.0 6.0
0.0 7.8740983 0.05 55.0 6.0
0.0 7.8740983 0.06 54.0 7.0
0.0 9.186448 0.06 54.0 7.0
0.0 9.186448 0.07 53.0 8.0
0.0 10.498797 0.07 53.0 8.0
0.0 10.498797 0.08 52.0 9.0
0.0 11.811147 0.08 52.0 9.0
0.0 11.811147 0.09 51.0 10.0
0.0 13.123496 0.09 51.0 10.0
0.0 13.123496 0.010 50.0 11.0
0.0 14.435845 0.010 50.0 11.0
0.0 14.435845 0.011 49.0 12.0
0.0 15.748195 0.011 49.0 12.0
0.0 15.748195 0.012 48.0 13.0
0.0 17.060545 0.012 48.0 13.0
0.0 17.060545 0.013 47.0 14.0
0.0 18.372894 0.013 47.0 14.0
0.0 18.372894 0.014 46.0 15.0
0.0 19.685244 0.014 46.0 15.0
0.0 19.685244 0.015 45.0 16.0
0.0 20.997593 0.015 45.0 16.0
0.0 20.997593 0.016 28.0 17.0
-0.2915022 22.266043 0.1682988716 28.0 17.0
-0.2915022 22.266043 0.1682988717 27.0 18.0
-0.5830044 23.534492 0.3365977417 27.0 18.0
-0.5830044 23.534492 0.3365977418 26.0 19.0
-0.8745066 24.802942 0.5048966418 26.0 19.0
-0.8745066 24.802942 0.5048966419 25.0 20.0
-1.1660088 26.071392 0.673195519 25.0 20.0
-1.1660088 26.071392 0.673195520 24.0 21.0
-1.4575111 27.339842 0.841494320 24.0 21.0
-1.4575111 27.339842 0.841494321 23.0 22.0
-1.7490133 28.608292 1.009793221 23.0 22.0
-1.7490133 28.608292 1.009793222 22.0 23.0
-2.0405154 29.876741 1.17809222 22.0 23.0
-2.0405154 29.876741 1.17809223 21.0 24.0
-2.3320177 31.145191 1.346390823 21.0 24.0
-2.3320177 31.145191 1.346390824 12.0 25.0
-2.8955195 32.284878 1.671728824 12.0 25.0
-2.8955195 32.284878 1.671728825 11.0 26.0
-3.4590213 33.424564 1.997066925 11.0 26.0
-3.4590213 33.424564 1.997066926 10.0 27.0
-4.0225234 34.56425 2.322404926 10.0 27.0
-4.0225234 34.56425 2.322404927 9.0 28.0
-4.586025 35.703938 2.647742727 9.0 28.0
-4.586025 35.703938 2.647742728 4.0 29.0
-5.3838267 36.63861 3.108353628 4.0 29.0
-5.3838267 36.63861 3.108353629 3.0 30.0
-6.181628 37.573284 3.568964529 3.0 30.0
-6.181628 37.573284 3.568964530 0.0 31.0
-7.160353 38.24041 4.13403230 0.0 31.0
-7.160353 38.24041 4.13403231 0.0 32.0
-8.290487 38.907536 4.13403231 0.0 32.0
-6.181628 37.573284 3.568964532 0.0 31.0
-6.74513 38.71297 3.894302432 0.0 31.0
-6.74513 38.71297 3.894302433 0.0 32.0
-7.3958063 39.852657 3.894302433 0.0 32.0
-6.181628 37.573284 3.568964534 2.0 31.0
-7.10285 38.507957 3.568964534 2.0 31.0
-7.10285 38.507957 3.568964535 1.0 32.0
-8.024072 39.44263 3.568964535 1.0 32.0
-8.024072 39.44263 3.568964536 0.0 33.0
-8.945293 40.377304 3.568964536 0.0 33.0
-8.945293 40.377304 3.568964537 0.0 34.0
-9.866515 41.311977 3.568964537 0.0 34.0
-4.586025 35.703938 2.647742738 4.0 29.0
-4.877527 36.972385 2.816041738 4.0 29.0
-4.877527 36.972385 2.816041739 3.0 30.0
-5.169029 38.240833 2.984340739 3.0 30.0
-5.169029 38.240833 2.984340740 0.0 31.0
-5.732531 39.38052 3.309678640 0.0 31.0
-5.732531 39.38052 3.309678641 0.0 32.0
-6.383207 40.520206 3.309678641 0.0 32.0
-5.169029 38.240833 2.984340742 0.0 31.0
-5.169029 39.553185 2.984340742 0.0 31.0
-5.169029 39.553185 2.984340743 0.0 32.0
-5.169029 40.865536 2.984340743 0.0 32.0
-5.169029 38.240833 2.984340744 2.0 31.0
-5.505627 39.50928 2.984340744 2.0 31.0
-5.505627 39.50928 2.984340745 1.0 32.0
-5.842225 40.77773 2.984340745 1.0 32.0
-5.842225 40.77773 2.984340746 0.0 33.0
-6.178823 42.046177 2.984340746 0.0 33.0
-6.178823 42.046177 2.984340747 0.0 34.0
-6.515421 43.314625 2.984340747 0.0 34.0
-4.586025 35.703938 2.647742748 8.0 29.0
-5.236701 36.843624 2.647742748 8.0 29.0
-5.236701 36.843624 2.647742749 7.0 30.0
-5.887377 37.98331 2.647742749 7.0 30.0
-5.887377 37.98331 2.647742750 6.0 31.0
-6.5380526 39.122997 2.647742750 6.0 31.0
-6.5380526 39.122997 2.647742751 5.0 32.0
-7.1887283 40.262684 2.647742751 5.0 32.0
-7.1887283 40.262684 2.647742752 4.0 33.0
-7.839404 41.40237 2.647742752 4.0 33.0
-7.839404 41.40237 2.647742753 3.0 34.0
-8.49008 42.542057 2.647742753 3.0 34.0
-8.49008 42.542057 2.647742754 0.0 35.0
-9.287881 43.47673 3.108353654 0.0 35.0
-9.287881 43.47673 3.108353655 0.0 36.0
-10.209103 44.411404 3.108353655 0.0 36.0
-8.49008 42.542057 2.647742756 0.0 35.0
-8.781582 43.810505 2.816041756 0.0 35.0
-8.781582 43.810505 2.816041757 0.0 36.0
-9.118179 45.078953 2.816041757 0.0 36.0
-8.49008 42.542057 2.647742758 2.0 35.0
-9.140756 43.681744 2.647742758 2.0 35.0
-9.140756 43.681744 2.647742759 1.0 36.0
-9.791431 44.82143 2.647742759 1.0 36.0
-9.791431 44.82143 2.647742760 0.0 37.0
-10.442107 45.961117 2.647742760 0.0 37.0
-10.442107 45.961117 2.647742761 0.0 38.0
-11.092783 47.100803 2.647742761 0.0 38.0
-2.3320177 31.145191 1.346390862 12.0 25.0
-2.3320177 32.457542 1.346390862 12.0 25.0
-2.3320177 32.457542 1.346390863 11.0 26.0
-2.3320177 33.769894 1.346390863 11.0 26.0
-2.3320177 33.769894 1.346390864 10.0 27.0
-2.3320177 35.082245 1.346390864 10.0 27.0
-2.3320177 35.082245 1.346390865 9.0 28.0
-2.3320177 36.394596 1.346390865 9.0 28.0
-2.3320177 36.394596 1.346390866 4.0 29.0
-2.62352 37.663044 1.514689766 4.0 29.0
-2.62352 37.663044 1.514689767 3.0 30.0
-2.9150221 38.93149 1.682988567 3.0 30.0
-2.9150221 38.93149 1.682988568 0.0 31.0
-3.478524 40.07118 2.008326568 0.0 31.0
-3.478524 40.07118 2.008326569 0.0 32.0
-4.1292 41.210865 2.008326569 0.0 32.0
-2.9150221 38.93149 1.682988570 0.0 31.0
-2.9150221 40.243843 1.682988570 0.0 31.0
-2.9150221 40.243843 1.682988571 0.0 32.0
-2.9150221 41.556194 1.682988571 0.0 32.0
-2.9150221 38.93149 1.682988572 2.0 31.0
-3.2516198 40.19994 1.682988572 2.0 31.0
-3.2516198 40.19994 1.682988573 1.0 32.0
-3.5882175 41.468388 1.682988573 1.0 32.0
-3.5882175 41.468388 1.682988574 0.0 33.0
-3.9248152 42.736835 1.682988574 0.0 33.0
-3.9248152 42.736835 1.682988575 0.0 34.0
-4.261413 44.005283 1.682988575 0.0 34.0
-2.3320177 36.394596 1.346390876 4.0 29.0
-2.0405154 37.663044 1.17809276 4.0 29.0
-2.0405154 37.663044 1.17809277 3.0 30.0
-1.7490132 38.93149 1.009793277 3.0 30.0
-1.7490132 38.93149 1.009793278 0.0 31.0
-1.7490132 40.243843 1.009793278 0.0 31.0
-1.7490132 40.243843 1.009793279 0.0 32.0
-1.7490132 41.556194 1.009793279 0.0 32.0
-1.7490132 38.93149 1.009793280 0.0 31.0
-1.1855114 40.07118 0.6844551680 0.0 31.0
-1.1855114 40.07118 0.6844551681 0.0 32.0
-0.5348354 41.210865 0.6844551681 0.0 32.0
-1.7490132 38.93149 1.009793282 2.0 31.0
-1.4124155 40.19994 1.009793282 2.0 31.0
-1.4124155 40.19994 1.009793283 1.0 32.0
-1.0758178 41.468388 1.009793283 1.0 32.0
-1.0758178 41.468388 1.009793284 0.0 33.0
-0.7392201 42.736835 1.009793284 0.0 33.0
-0.7392201 42.736835 1.009793285 0.0 34.0
-0.40262234 44.005283 1.009793285 0.0 34.0
-2.3320177 36.394596 1.346390886 8.0 29.0
-2.3320177 37.706947 1.346390886 8.0 29.0
-2.3320177 37.706947 1.346390887 7.0 30.0
-2.3320177 39.0193 1.346390887 7.0 30.0
-2.3320177 39.0193 1.346390888 6.0 31.0
-2.3320177 40.33165 1.346390888 6.0 31.0
-2.3320177 40.33165 1.346390889 5.0 32.0
-2.3320177 41.644 1.346390889 5.0 32.0
-2.3320177 41.644 1.346390890 4.0 33.0
-2.3320177 42.956352 1.346390890 4.0 33.0
-2.3320177 42.956352 1.346390891 3.0 34.0
-2.3320177 44.268703 1.346390891 3.0 34.0
-2.3320177 44.268703 1.346390892 0.0 35.0
-2.62352 45.53715 1.514689792 0.0 35.0
-2.62352 45.53715 1.514689793 0.0 36.0
-2.9601176 46.8056 1.514689793 0.0 36.0
-2.3320177 44.268703 1.346390894 0.0 35.0
-2.0405154 45.53715 1.17809294 0.0 35.0
-2.0405154 45.53715 1.17809295 0.0 36.0
-1.7039177 46.8056 1.17809295 0.0 36.0
-2.3320177 44.268703 1.346390896 2.0 35.0
-2.3320177 45.581055 1.346390896 2.0 35.0
-2.3320177 45.581055 1.346390897 1.0 36.0
-2.3320177 46.893406 1.346390897 1.0 36.0
-2.3320177 46.893406 1.346390898 0.0 37.0
-2.3320177 48.205757 1.346390898 0.0 37.0
-2.3320177 48.205757 1.346390899 0.0 38.0
-2.3320177 49.51811 1.346390899 0.0 38.0
-2.3320177 31.145191 1.3463908100 20.0 25.0
-2.6686153 32.41364 1.3463908100 20.0 25.0
-2.6686153 32.41364 1.3463908101 19.0 26.0
-3.005213 33.682087 1.3463908101 19.0 26.0
-3.005213 33.682087 1.3463908102 18.0 27.0
-3.3418107 34.950535 1.3463908102 18.0 27.0
-3.3418107 34.950535 1.3463908103 17.0 28.0
-3.6784084 36.218983 1.3463908103 17.0 28.0
-3.6784084 36.218983 1.3463908104 16.0 29.0
-4.015006 37.48743 1.3463908104 16.0 29.0
-4.015006 37.48743 1.3463908105 15.0 30.0
-4.351604 38.75588 1.3463908105 15.0 30.0
-4.351604 38.75588 1.3463908106 14.0 31.0
-4.688202 40.024326 1.3463908106 14.0 31.0
-4.688202 40.024326 1.3463908107 13.0 32.0
-5.0248 41.292774 1.3463908107 13.0 32.0
-5.0248 41.292774 1.3463908108 12.0 33.0
-5.3613977 42.561222 1.3463908108 12.0 33.0
-5.3613977 42.561222 1.3463908109 11.0 34.0
-5.6979957 43.82967 1.3463908109 11.0 34.0
-5.6979957 43.82967 1.3463908110 10.0 35.0
-6.0345936 45.098118 1.3463908110 10.0 35.0
-6.0345936 45.098118 1.3463908111 9.0 36.0
-6.3711915 46.366566 1.3463908111 9.0 36.0
-6.3711915 46.366566 1.3463908112 4.0 37.0
-6.9346933 47.506252 1.6717288112 4.0 37.0
-6.9346933 47.506252 1.6717288113 3.0 38.0
-7.498195 48.64594 1.9970669113 3.0 38.0
-7.498195 48.64594 1.9970669114 0.0 39.0
-8.295997 49.580612 2.4576778114 0.0 39.0
-8.295997 49.580612 2.4576778115 0.0 40.0
-9.217218 50.515285 2.4576778115 0.0 40.0
-7.498195 48.64594 1.9970669116 0.0 39.0
-7.789697 49.914387 2.1653657116 0.0 39.0
-7.789697 49.914387 2.1653657117 0.0 40.0
-8.126295 51.182835 2.1653657117 0.0 40.0
-7.498195 48.64594 1.9970669118 2.0 39.0
-8.148871 49.785625 1.9970669118 2.0 39.0
-8.148871 49.785625 1.9970669119 1.0 40.0
-8.799547 50.925312 1.9970669119 1.0 40.0
-8.799547 50.925312 1.9970669120 0.0 41.0
-9.450223 52.065 1.9970669120 0.0 41.0
-9.450223 52.065 1.9970669121 0.0 42.0
-10.100899 53.204685 1.9970669121 0.0 42.0
-6.3711915 46.366566 1.3463908122 4.0 37.0
-6.3711915 47.678917 1.3463908122 4.0 37.0
-6.3711915 47.678917 1.3463908123 3.0 38.0
-6.3711915 48.99127 1.3463908123 3.0 38.0
-6.3711915 48.99127 1.3463908124 0.0 39.0
-6.6626935 50.259716 1.5146897124 0.0 39.0
-6.6626935 50.259716 1.5146897125 0.0 40.0
-6.9992914 51.528164 1.5146897125 0.0 40.0
-6.3711915 48.99127 1.3463908126 0.0 39.0
-6.0796895 50.259716 1.178092126 0.0 39.0
-6.0796895 50.259716 1.178092127 0.0 40.0
-5.7430916 51.528164 1.178092127 0.0 40.0
-6.3711915 48.99127 1.3463908128 2.0 39.0
-6.3711915 50.30362 1.3463908128 2.0 39.0
-6.3711915 50.30362 1.3463908129 1.0 40.0
-6.3711915 51.61597 1.3463908129 1.0 40.0
-6.3711915 51.61597 1.3463908130 0.0 41.0
-6.3711915 52.92832 1.3463908130 0.0 41.0
-6.3711915 52.92832 1.3463908131 0.0 42.0
-6.3711915 54.240673 1.3463908131 0.0 42.0
-6.3711915 46.366566 1.3463908132 8.0 37.0
-6.7077894 47.635014 1.3463908132 8.0 37.0
-6.7077894 47.635014 1.3463908133 7.0 38.0
-7.0443873 48.90346 1.3463908133 7.0 38.0
-7.0443873 48.90346 1.3463908134 6.0 39.0
-7.3809853 50.17191 1.3463908134 6.0 39.0
-7.3809853 50.17191 1.3463908135 5.0 40.0
-7.717583 51.440357 1.3463908135 5.0 40.0
-7.717583 51.440357 1.3463908136 4.0 41.0
-8.054181 52.708805 1.3463908136 4.0 41.0
-8.054181 52.708805 1.3463908137 3.0 42.0
-8.390779 53.977253 1.3463908137 3.0 42.0
-8.390779 53.977253 1.3463908138 0.0 43.0
-8.954281 55.11694 1.6717288138 0.0 43.0
-8.954281 55.11694 1.6717288139 0.0 44.0
-9.604957 56.256626 1.6717288139 0.0 44.0
-8.390779 53.977253 1.3463908140 0.0 43.0
-8.390779 55.289604 1.3463908140 0.0 43.0
-8.390779 55.289604 1.3463908141 0.0 44.0
-8.390779 56.601955 1.3463908141 0.0 44.0
-8.390779 53.977253 1.3463908142 2.0 43.0
-8.727376 55.2457 1.3463908142 2.0 43.0
-8.727376 55.2457 1.3463908143 1.0 44.0
-9.063973 56.51415 1.3463908143 1.0 44.0
-9.063973 56.51415 1.3463908144 0.0 45.0
-9.400571 57.782597 1.3463908144 0.0 45.0
-9.400571 57.782597 1.3463908145 0.0 46.0
-9.737168 59.051044 1.3463908145 0.0 46.0
0.0 20.997593 0.0146 28.0 17.0
0.2915022 22.266043 -0.16829887146 28.0 17.0
0.2915022 22.266043 -0.16829887147 27.0 18.0
0.5830044 23.534492 -0.33659774147 27.0 18.0
0.5830044 23.534492 -0.33659774148 26.0 19.0
0.8745066 24.802942 -0.50489664148 26.0 19.0
0.8745066 24.802942 -0.50489664149 25.0 20.0
1.1660088 26.071392 -0.6731955149 25.0 20.0
1.1660088 26.071392 -0.6731955150 24.0 21.0
1.4575111 27.339842 -0.8414943150 24.0 21.0
1.4575111 27.339842 -0.8414943151 23.0 22.0
1.7490133 28.608292 -1.0097932151 23.0 22.0
1.7490133 28.608292 -1.0097932152 22.0 23.0
2.0405154 29.876741 -1.178092152 22.0 23.0
2.0405154 29.876741 -1.178092153 21.0 24.0
2.3320177 31.145191 -1.3463908153 21.0 24.0
2.3320177 31.145191 -1.3463908154 12.0 25.0
2.3320177 32.457542 -1.3463908154 12.0 25.0
2.3320177 32.457542 -1.3463908155 11.0 26.0
2.3320177 33.769894 -1.3463908155 11.0 26.0
2.3320177 33.769894 -1.3463908156 10.0 27.0
2.3320177 35.082245 -1.3463908156 10.0 27.0
2.3320177 35.082245 -1.3463908157 9.0 28.0
2.3320177 36.394596 -1.3463908157 9.0 28.0
2.3320177 36.394596 -1.3463908158 4.0 29.0
2.0405154 37.663044 -1.178092158 4.0 29.0
2.0405154 37.663044 -1.178092159 3.0 30.0
1.7490132 38.93149 -1.0097932159 3.0 30.0
1.7490132 38.93149 -1.0097932160 0.0 31.0
1.1855114 40.07118 -0.68445516160 0.0 31.0
1.1855114 40.07118 -0.68445516161 0.0 32.0
0.5348354 41.210865 -0.68445516161 0.0 32.0
1.7490132 38.93149 -1.0097932162 0.0 31.0
1.7490132 40.243843 -1.0097932162 0.0 31.0
1.7490132 40.243843 -1.0097932163 0.0 32.0
1.7490132 41.556194 -1.0097932163 0.0 32.0
1.7490132 38.93149 -1.0097932164 2.0 31.0
1.4124155 40.19994 -1.0097932164 2.0 31.0
1.4124155 40.19994 -1.0097932165 1.0 32.0
1.0758178 41.468388 -1.0097932165 1.0 32.0
1.0758178 41.468388 -1.0097932166 0.0 33.0
0.7392201 42.736835 -1.0097932166 0.0 33.0
0.7392201 42.736835 -1.0097932167 0.0 34.0
0.40262234 44.005283 -1.0097932167 0.0 34.0
2.3320177 36.394596 -1.3463908168 4.0 29.0
2.62352 37.663044 -1.5146897168 4.0 29.0
2.62352 37.663044 -1.5146897169 3.0 30.0
2.9150221 38.93149 -1.6829885169 3.0 30.0
2.9150221 38.93149 -1.6829885170 0.0 31.0
2.9150221 40.243843 -1.6829885170 0.0 31.0
2.9150221 40.243843 -1.6829885171 0.0 32.0
2.9150221 41.556194 -1.6829885171 0.0 32.0
2.9150221 38.93149 -1.6829885172 0.0 31.0
3.478524 40.07118 -2.0083265172 0.0 31.0
3.478524 40.07118 -2.0083265173 0.0 32.0
4.1292 41.210865 -2.0083265173 0.0 32.0
2.9150221 38.93149 -1.6829885174 2.0 31.0
3.2516198 40.19994 -1.6829885174 2.0 31.0
3.2516198 40.19994 -1.6829885175 1.0 32.0
3.5882175 41.468388 -1.6829885175 1.0 32.0
3.5882175 41.468388 -1.6829885176 0.0 33.0
3.9248152 42.736835 -1.6829885176 0.0 33.0
3.9248152 42.736835 -1.6829885177 0.0 34.0
4.261413 44.005283 -1.6829885177 0.0 34.0
2.3320177 36.394596 -1.3463908178 8.0 29.0
2.3320177 37.706947 -1.3463908178 8.0 29.0
2.3320177 37.706947 -1.3463908179 7.0 30.0
2.3320177 39.0193 -1.3463908179 7.0 30.0
2.3320177 39.0193 -1.3463908180 6.0 31.0
2.3320177 40.33165 -1.3463908180 6.0 31.0
2.3320177 40.33165 -1.3463908181 5.0 32.0
2.3320177 41.644 -1.3463908181 5.0 32.0
2.3320177 41.644 -1.3463908182 4.0 33.0
2.3320177 42.956352 -1.3463908182 4.0 33.0
2.3320177 42.956352 -1.3463908183 3.0 34.0
2.3320177 44.268703 -1.3463908183 3.0 34.0
2.3320177 44.268703 -1.3463908184 0.0 35.0
2.0405154 45.53715 -1.178092184 0.0 35.0
2.0405154 45.53715 -1.178092185 0.0 36.0
1.7039177 46.8056 -1.178092185 0.0 36.0
2.3320177 44.268703 -1.3463908186 0.0 35.0
2.62352 45.53715 -1.5146897186 0.0 35.0
2.62352 45.53715 -1.5146897187 0.0 36.0
2.9601176 46.8056 -1.5146897187 0.0 36.0
2.3320177 44.268703 -1.3463908188 2.0 35.0
2.3320177 45.581055 -1.3463908188 2.0 35.0
2.3320177 45.581055 -1.3463908189 1.0 36.0
2.3320177 46.893406 -1.3463908189 1.0 36.0
2.3320177 46.893406 -1.3463908190 0.0 37.0
2.3320177 48.205757 -1.3463908190 0.0 37.0
2.3320177 48.205757 -1.3463908191 0.0 38.0
2.3320177 49.51811 -1.3463908191 0.0 38.0
2.3320177 31.145191 -1.3463908192 12.0 25.0
2.8955195 32.284878 -1.6717288192 12.0 25.0
2.8955195 32.284878 -1.6717288193 11.0 26.0
3.4590213 33.424564 -1.9970669193 11.0 26.0
3.4590213 33.424564 -1.9970669194 10.0 27.0
4.0225234 34.56425 -2.3224049194 10.0 27.0
4.0225234 34.56425 -2.3224049195 9.0 28.0
4.586025 35.703938 -2.6477427195 9.0 28.0
4.586025 35.703938 -2.6477427196 4.0 29.0
4.877527 36.972385 -2.8160417196 4.0 29.0
4.877527 36.972385 -2.8160417197 3.0 30.0
5.169029 38.240833 -2.9843407197 3.0 30.0
5.169029 38.240833 -2.9843407198 0.0 31.0
5.169029 39.553185 -2.9843407198 0.0 31.0
5.169029 39.553185 -2.9843407199 0.0 32.0
5.169029 40.865536 -2.9843407199 0.0 32.0
5.169029 38.240833 -2.9843407200 0.0 31.0
5.732531 39.38052 -3.3096786200 0.0 31.0
5.732531 39.38052 -3.3096786201 0.0 32.0
6.383207 40.520206 -3.3096786201 0.0 32.0
5.169029 38.240833 -2.9843407202 2.0 31.0
5.505627 39.50928 -2.9843407202 2.0 31.0
5.505627 39.50928 -2.9843407203 1.0 32.0
5.842225 40.77773 -2.9843407203 1.0 32.0
5.842225 40.77773 -2.9843407204 0.0 33.0
6.178823 42.046177 -2.9843407204 0.0 33.0
6.178823 42.046177 -2.9843407205 0.0 34.0
6.515421 43.314625 -2.9843407205 0.0 34.0
4.586025 35.703938 -2.6477427206 4.0 29.0
5.3838267 36.63861 -3.1083536206 4.0 29.0
5.3838267 36.63861 -3.1083536207 3.0 30.0
6.181628 37.573284 -3.5689645207 3.0 30.0
6.181628 37.573284 -3.5689645208 0.0 31.0
6.74513 38.71297 -3.8943024208 0.0 31.0
6.74513 38.71297 -3.8943024209 0.0 32.0
7.3958063 39.852657 -3.8943024209 0.0 32.0
6.181628 37.573284 -3.5689645210 0.0 31.0
7.160353 38.24041 -4.134032210 0.0 31.0
7.160353 38.24041 -4.134032211 0.0 32.0
8.290487 38.907536 -4.134032211 0.0 32.0
6.181628 37.573284 -3.5689645212 2.0 31.0
7.10285 38.507957 -3.5689645212 2.0 31.0
7.10285 38.507957 -3.5689645213 1.0 32.0
8.024072 39.44263 -3.5689645213 1.0 32.0
8.024072 39.44263 -3.5689645214 0.0 33.0
8.945293 40.377304 -3.5689645214 0.0 33.0
8.945293 40.377304 -3.5689645215 0.0 34.0
9.866515 41.311977 -3.5689645215 0.0 34.0
4.586025 35.703938 -2.6477427216 8.0 29.0
5.236701 36.843624 -2.6477427216 8.0 29.0
5.236701 36.843624 -2.6477427217 7.0 30.0
5.887377 37.98331 -2.6477427217 7.0 30.0
5.887377 37.98331 -2.6477427218 6.0 31.0
6.5380526 39.122997 -2.6477427218 6.0 31.0
6.5380526 39.122997 -2.6477427219 5.0 32.0
7.1887283 40.262684 -2.6477427219 5.0 32.0
7.1887283 40.262684 -2.6477427220 4.0 33.0
7.839404 41.40237 -2.6477427220 4.0 33.0
7.839404 41.40237 -2.6477427221 3.0 34.0
8.49008 42.542057 -2.6477427221 3.0 34.0
8.49008 42.542057 -2.6477427222 0.0 35.0
8.781582 43.810505 -2.8160417222 0.0 35.0
8.781582 43.810505 -2.8160417223 0.0 36.0
9.118179 45.078953 -2.8160417223 0.0 36.0
8.49008 42.542057 -2.6477427224 0.0 35.0
9.287881 43.47673 -3.1083536224 0.0 35.0
9.287881 43.47673 -3.1083536225 0.0 36.0
10.209103 44.411404 -3.1083536225 0.0 36.0
8.49008 42.542057 -2.6477427226 2.0 35.0
9.140756 43.681744 -2.6477427226 2.0 35.0
9.140756 43.681744 -2.6477427227 1.0 36.0
9.791431 44.82143 -2.6477427227 1.0 36.0
9.791431 44.82143 -2.6477427228 0.0 37.0
10.442107 45.961117 -2.6477427228 0.0 37.0
10.442107 45.961117 -2.6477427229 0.0 38.0
11.092783 47.100803 -2.6477427229 0.0 38.0
2.3320177 31.145191 -1.3463908230 20.0 25.0
2.6686153 32.41364 -1.3463908230 20.0 25.0
2.6686153 32.41364 -1.3463908231 19.0 26.0
3.005213 33.682087 -1.3463908231 19.0 26.0
3.005213 33.682087 -1.3463908232 18.0 27.0
3.3418107 34.950535 -1.3463908232 18.0 27.0
3.3418107 34.950535 -1.3463908233 17.0 28.0
3.6784084 36.218983 -1.3463908233 17.0 28.0
3.6784084 36.218983 -1.3463908234 16.0 29.0
4.015006 37.48743 -1.3463908234 16.0 29.0
4.015006 37.48743 -1.3463908235 15.0 30.0
4.351604 38.75588 -1.3463908235 15.0 30.0
4.351604 38.75588 -1.3463908236 14.0 31.0
4.688202 40.024326 -1.3463908236 14.0 31.0
4.688202 40.024326 -1.3463908237 13.0 32.0
5.0248 41.292774 -1.3463908237 13.0 32.0
5.0248 41.292774 -1.3463908238 12.0 33.0
5.3613977 42.561222 -1.3463908238 12.0 33.0
5.3613977 42.561222 -1.3463908239 11.0 34.0
5.6979957 43.82967 -1.3463908239 11.0 34.0
5.6979957 43.82967 -1.3463908240 10.0 35.0
6.0345936 45.098118 -1.3463908240 10.0 35.0
6.0345936 45.098118 -1.3463908241 9.0 36.0
6.3711915 46.366566 -1.3463908241 9.0 36.0
6.3711915 46.366566 -1.3463908242 4.0 37.0
6.3711915 47.678917 -1.3463908242 4.0 37.0
6.3711915 47.678917 -1.3463908243 3.0 38.0
6.3711915 48.99127 -1.3463908243 3.0 38.0
6.3711915 48.99127 -1.3463908244 0.0 39.0
6.0796895 50.259716 -1.178092244 0.0 39.0
6.0796895 50.259716 -1.178092245 0.0 40.0
5.7430916 51.528164 -1.178092245 0.0 40.0
6.3711915 48.99127 -1.3463908246 0.0 39.0
6.6626935 50.259716 -1.5146897246 0.0 39.0
6.6626935 50.259716 -1.5146897247 0.0 40.0
6.9992914 51.528164 -1.5146897247 0.0 40.0
6.3711915 48.99127 -1.3463908248 2.0 39.0
6.3711915 50.30362 -1.3463908248 2.0 39.0
6.3711915 50.30362 -1.3463908249 1.0 40.0
6.3711915 51.61597 -1.3463908249 1.0 40.0
6.3711915 51.61597 -1.3463908250 0.0 41.0
6.3711915 52.92832 -1.3463908250 0.0 41.0
6.3711915 52.92832 -1.3463908251 0.0 42.0
6.3711915 54.240673 -1.3463908251 0.0 42.0
6.3711915 46.366566 -1.3463908252 4.0 37.0
6.9346933 47.506252 -1.6717288252 4.0 37.0
6.9346933 47.506252 -1.6717288253 3.0 38.0
7.498195 48.64594 -1.9970669253 3.0 38.0
7.498195 48.64594 -1.9970669254 0.0 39.0
7.789697 49.914387 -2.1653657254 0.0 39.0
7.789697 49.914387 -2.1653657255 0.0 40.0
8.126295 51.182835 -2.1653657255 0.0 40.0
7.498195 48.64594 -1.9970669256 0.0 39.0
8.295997 49.580612 -2.4576778256 0.0 39.0
8.295997 49.580612 -2.4576778257 0.0 40.0
9.217218 50.515285 -2.4576778257 0.0 40.0
7.498195 48.64594 -1.9970669258 2.0 39.0
8.148871 49.785625 -1.9970669258 2.0 39.0
8.148871 49.785625 -1.9970669259 1.0 40.0
8.799547 50.925312 -1.9970669259 1.0 40.0
8.799547 50.925312 -1.9970669260 0.0 41.0
9.450223 52.065 -1.9970669260 0.0 41.0
9.450223 52.065 -1.9970669261 0.0 42.0
10.100899 53.204685 -1.9970669261 0.0 42.0
6.3711915 46.366566 -1.3463908262 8.0 37.0
6.7077894 47.635014 -1.3463908262 8.0 37.0
6.7077894 47.635014 -1.3463908263 7.0 38.0
7.0443873 48.90346 -1.3463908263 7.0 38.0
7.0443873 48.90346 -1.3463908264 6.0 39.0
7.3809853 50.17191 -1.3463908264 6.0 39.0
7.3809853 50.17191 -1.3463908265 5.0 40.0
7.717583 51.440357 -1.3463908265 5.0 40.0
7.717583 51.440357 -1.3463908266 4.0 41.0
8.054181 52.708805 -1.3463908266 4.0 41.0
8.054181 52.708805 -1.3463908267 3.0 42.0
8.390779 53.977253 -1.3463908267 3.0 42.0
8.390779 53.977253 -1.3463908268 0.0 43.0
8.390779 55.289604 -1.3463908268 0.0 43.0
8.390779 55.289604 -1.3463908269 0.0 44.0
8.390779 56.601955 -1.3463908269 0.0 44.0
8.390779 53.977253 -1.3463908270 0.0 43.0
8.954281 55.11694 -1.6717288270 0.0 43.0
8.954281 55.11694 -1.6717288271 0.0 44.0
9.604957 56.256626 -1.6717288271 0.0 44.0
8.390779 53.977253 -1.3463908272 2.0 43.0
8.727376 55.2457 -1.3463908272 2.0 43.0
8.727376 55.2457 -1.3463908273 1.0 44.0
9.063973 56.51415 -1.3463908273 1.0 44.0
9.063973 56.51415 -1.3463908274 0.0 45.0
9.400571 57.782597 -1.3463908274 0.0 45.0
9.400571 57.782597 -1.3463908275 0.0 46.0
9.737168 59.051044 -1.3463908275 0.0 46.0
0.0 20.997593 0.0276 44.0 17.0
0.0 22.309942 0.0276 44.0 17.0
0.0 22.309942 0.0277 43.0 18.0
0.0 23.622292 0.0277 43.0 18.0
0.0 23.622292 0.0278 42.0 19.0
0.0 24.93464 0.0278 42.0 19.0
0.0 24.93464 0.0279 41.0 20.0
0.0 26.24699 0.0279 41.0 20.0
0.0 26.24699 0.0280 40.0 21.0
0.0 27.55934 0.0280 40.0 21.0
0.0 27.55934 0.0281 39.0 22.0
0.0 28.871689 0.0281 39.0 22.0
0.0 28.871689 0.0282 38.0 23.0
0.0 30.184038 0.0282 38.0 23.0
0.0 30.184038 0.0283 37.0 24.0
0.0 31.496387 0.0283 37.0 24.0
0.0 31.496387 0.0284 36.0 25.0
0.0 32.80874 0.0284 36.0 25.0
0.0 32.80874 0.0285 35.0 26.0
0.0 34.12109 0.0285 35.0 26.0
0.0 34.12109 0.0286 34.0 27.0
0.0 35.43344 0.0286 34.0 27.0
0.0 35.43344 0.0287 33.0 28.0
0.0 36.745792 0.0287 33.0 28.0
0.0 36.745792 0.0288 32.0 29.0
0.0 38.058144 0.0288 32.0 29.0
0.0 38.058144 0.0289 31.0 30.0
0.0 39.370495 0.0289 31.0 30.0
0.0 39.370495 0.0290 30.0 31.0
0.0 40.682846 0.0290 30.0 31.0
0.0 40.682846 0.0291 29.0 32.0
0.0 41.995197 0.0291 29.0 32.0
0.0 41.995197 0.0292 28.0 33.0
0.0 43.30755 0.0292 28.0 33.0
0.0 43.30755 0.0293 27.0 34.0
0.0 44.6199 0.0293 27.0 34.0
0.0 44.6199 0.0294 26.0 35.0
0.0 45.93225 0.0294 26.0 35.0
0.0 45.93225 0.0295 25.0 36.0
0.0 47.244602 0.0295 25.0 36.0
0.0 47.244602 0.0296 24.0 37.0
0.0 48.556953 0.0296 24.0 37.0
0.0 48.556953 0.0297 23.0 38.0
0.0 49.869305 0.0297 23.0 38.0
0.0 49.869305 0.0298 22.0 39.0
0.0 51.181656 0.0298 22.0 39.0
0.0 51.181656 0.0299 21.0 40.0
0.0 52.494007 0.0299 21.0 40.0
0.0 52.494007 0.0300 12.0 41.0
-0.2915022 53.762455 0.16829887300 12.0 41.0
-0.2915022 53.762455 0.16829887301 11.0 42.0
-0.5830044 55.030903 0.33659774301 11.0 42.0
-0.5830044 55.030903 0.33659774302 10.0 43.0
-0.8745066 56.29935 0.50489664302 10.0 43.0
-0.8745066 56.29935 0.50489664303 9.0 44.0
-1.1660088 57.5678 0.6731955303 9.0 44.0
-1.1660088 57.5678 0.6731955304 4.0 45.0
-1.7295108 58.707485 0.9985335304 4.0 45.0
-1.7295108 58.707485 0.9985335305 3.0 46.0
-2.2930126 59.84717 1.3238715305 3.0 46.0
-2.2930126 59.84717 1.3238715306 0.0 47.0
-3.090814 60.781845 1.7844824306 0.0 47.0
-3.090814 60.781845 1.7844824307 0.0 48.0
-4.012036 61.71652 1.7844824307 0.0 48.0
-2.2930126 59.84717 1.3238715308 0.0 47.0
-2.5845149 61.11562 1.4921703308 0.0 47.0
-2.5845149 61.11562 1.4921703309 0.0 48.0
-2.9211125 62.384068 1.4921703309 0.0 48.0
-2.2930126 59.84717 1.3238715310 2.0 47.0
-2.9436886 60.98686 1.3238715310 2.0 47.0
-2.9436886 60.98686 1.3238715311 1.0 48.0
-3.5943646 62.126545 1.3238715311 1.0 48.0
-3.5943646 62.126545 1.3238715312 0.0 49.0
-4.2450404 63.26623 1.3238715312 0.0 49.0
-4.2450404 63.26623 1.3238715313 0.0 50.0
-4.895716 64.405914 1.3238715313 0.0 50.0
-1.1660088 57.5678 0.6731955314 4.0 45.0
-1.1660088 58.88015 0.6731955314 4.0 45.0
-1.1660088 58.88015 0.6731955315 3.0 46.0
-1.1660088 60.1925 0.6731955315 3.0 46.0
-1.1660088 60.1925 0.6731955316 0.0 47.0
-1.4575111 61.46095 0.8414943316 0.0 47.0
-1.4575111 61.46095 0.8414943317 0.0 48.0
-1.7941089 62.729397 0.8414943317 0.0 48.0
-1.1660088 60.1925 0.6731955318 0.0 47.0
-0.8745066 61.46095 0.50489664318 0.0 47.0
-0.8745066 61.46095 0.50489664319 0.0 48.0
-0.53790885 62.729397 0.50489664319 0.0 48.0
-1.1660088 60.1925 0.6731955320 2.0 47.0
-1.1660088 61.504852 0.6731955320 2.0 47.0
-1.1660088 61.504852 0.6731955321 1.0 48.0
-1.1660088 62.817204 0.6731955321 1.0 48.0
-1.1660088 62.817204 0.6731955322 0.0 49.0
-1.1660088 64.129555 0.6731955322 0.0 49.0
-1.1660088 64.129555 0.6731955323 0.0 50.0
-1.1660088 65.4419 0.6731955323 0.0 50.0
-1.1660088 57.5678 0.6731955324 8.0 45.0
-1.5026066 58.836246 0.6731955324 8.0 45.0
-1.5026066 58.836246 0.6731955325 7.0 46.0
-1.8392043 60.104694 0.6731955325 7.0 46.0
-1.8392043 60.104694 0.6731955326 6.0 47.0
-2.175802 61.373142 0.6731955326 6.0 47.0
-2.175802 61.373142 0.6731955327 5.0 48.0
-2.5123997 62.64159 0.6731955327 5.0 48.0
-2.5123997 62.64159 0.6731955328 4.0 49.0
-2.8489974 63.910038 0.6731955328 4.0 49.0
-2.8489974 63.910038 0.6731955329 3.0 50.0
-3.185595 65.17849 0.6731955329 3.0 50.0
-3.185595 65.17849 0.6731955330 0.0 51.0
-3.7490969 66.31818 0.9985335330 0.0 51.0
-3.7490969 66.31818 0.9985335331 0.0 52.0
-4.3997726 67.45786 0.9985335331 0.0 52.0
-3.185595 65.17849 0.6731955332 0.0 51.0
-3.185595 66.49084 0.6731955332 0.0 51.0
-3.185595 66.49084 0.6731955333 0.0 52.0
-3.185595 67.803185 0.6731955333 0.0 52.0
-3.185595 65.17849 0.6731955334 2.0 51.0
-3.5221927 66.44694 0.6731955334 2.0 51.0
-3.5221927 66.44694 0.6731955335 1.0 52.0
-3.8587904 67.715385 0.6731955335 1.0 52.0
-3.8587904 67.715385 0.6731955336 0.0 53.0
-4.1953883 68.98383 0.6731955336 0.0 53.0
-4.1953883 68.98383 0.6731955337 0.0 54.0
-4.531986 70.25228 0.6731955337 0.0 54.0
0.0 52.494007 0.0338 12.0 41.0
0.2915022 53.762455 -0.16829887338 12.0 41.0
0.2915022 53.762455 -0.16829887339 11.0 42.0
0.5830044 55.030903 -0.33659774339 11.0 42.0
0.5830044 55.030903 -0.33659774340 10.0 43.0
0.8745066 56.29935 -0.50489664340 10.0 43.0
0.8745066 56.29935 -0.50489664341 9.0 44.0
1.1660088 57.5678 -0.6731955341 9.0 44.0
1.1660088 57.5678 -0.6731955342 4.0 45.0
1.1660088 58.88015 -0.6731955342 4.0 45.0
1.1660088 58.88015 -0.6731955343 3.0 46.0
1.1660088 60.1925 -0.6731955343 3.0 46.0
1.1660088 60.1925 -0.6731955344 0.0 47.0
0.8745066 61.46095 -0.50489664344 0.0 47.0
0.8745066 61.46095 -0.50489664345 0.0 48.0
0.53790885 62.729397 -0.50489664345 0.0 48.0
1.1660088 60.1925 -0.6731955346 0.0 47.0
1.4575111 61.46095 -0.8414943346 0.0 47.0
1.4575111 61.46095 -0.8414943347 0.0 48.0
1.7941089 62.729397 -0.8414943347 0.0 48.0
1.1660088 60.1925 -0.6731955348 2.0 47.0
1.1660088 61.504852 -0.6731955348 2.0 47.0
1.1660088 61.504852 -0.6731955349 1.0 48.0
1.1660088 62.817204 -0.6731955349 1.0 48.0
1.1660088 62.817204 -0.6731955350 0.0 49.0
1.1660088 64.129555 -0.6731955350 0.0 49.0
1.1660088 64.129555 -0.6731955351 0.0 50.0
1.1660088 65.4419 -0.6731955351 0.0 50.0
1.1660088 57.5678 -0.6731955352 4.0 45.0
1.7295108 58.707485 -0.9985335352 4.0 45.0
1.7295108 58.707485 -0.9985335353 3.0 46.0
2.2930126 59.84717 -1.3238715353 3.0 46.0
2.2930126 59.84717 -1.3238715354 0.0 47.0
2.5845149 61.11562 -1.4921703354 0.0 47.0
2.5845149 61.11562 -1.4921703355 0.0 48.0
2.9211125 62.384068 -1.4921703355 0.0 48.0
2.2930126 59.84717 -1.3238715356 0.0 47.0
3.090814 60.781845 -1.7844824356 0.0 47.0
3.090814 60.781845 -1.7844824357 0.0 48.0
4.012036 61.71652 -1.7844824357 0.0 48.0
2.2930126 59.84717 -1.3238715358 2.0 47.0
2.9436886 60.98686 -1.3238715358 2.0 47.0
2.9436886 60.98686 -1.3238715359 1.0 48.0
3.5943646 62.126545 -1.3238715359 1.0 48.0
3.5943646 62.126545 -1.3238715360 0.0 49.0
4.2450404 63.26623 -1.3238715360 0.0 49.0
4.2450404 63.26623 -1.3238715361 0.0 50.0
4.895716 64.405914 -1.3238715361 0.0 50.0
1.1660088 57.5678 -0.6731955362 8.0 45.0
1.5026066 58.836246 -0.6731955362 8.0 45.0
1.5026066 58.836246 -0.6731955363 7.0 46.0
1.8392043 60.104694 -0.6731955363 7.0 46.0
1.8392043 60.104694 -0.6731955364 6.0 47.0
2.175802 61.373142 -0.6731955364 6.0 47.0
2.175802 61.373142 -0.6731955365 5.0 48.0
2.5123997 62.64159 -0.6731955365 5.0 48.0
2.5123997 62.64159 -0.6731955366 4.0 49.0
2.8489974 63.910038 -0.6731955366 4.0 49.0
2.8489974 63.910038 -0.6731955367 3.0 50.0
3.185595 65.17849 -0.6731955367 3.0 50.0
3.185595 65.17849 -0.6731955368 0.0 51.0
3.185595 66.49084 -0.6731955368 0.0 51.0
3.185595 66.49084 -0.6731955369 0.0 52.0
3.185595 67.803185 -0.6731955369 0.0 52.0
3.185595 65.17849 -0.6731955370 0.0 51.0
3.7490969 66.31818 -0.9985335370 0.0 51.0
3.7490969 66.31818 -0.9985335371 0.0 52.0
4.3997726 67.45786 -0.9985335371 0.0 52.0
3.185595 65.17849 -0.6731955372 2.0 51.0
3.5221927 66.44694 -0.6731955372 2.0 51.0
3.5221927 66.44694 -0.6731955373 1.0 52.0
3.8587904 67.715385 -0.6731955373 1.0 52.0
3.8587904 67.715385 -0.6731955374 0.0 53.0
4.1953883 68.98383 -0.6731955374 0.0 53.0
4.1953883 68.98383 -0.6731955375 0.0 54.0
4.531986 70.25228 -0.6731955375 0.0 54.0
0.0 52.494007 0.0376 20.0 41.0
0.0 53.80636 0.0376 20.0 41.0
0.0 53.80636 0.0377 19.0 42.0
0.0 55.11871 0.0377 19.0 42.0
0.0 55.11871 0.0378 18.0 43.0
0.0 56.43106 0.0378 18.0 43.0
0.0 56.43106 0.0379 17.0 44.0
0.0 57.743412 0.0379 17.0 44.0
0.0 57.743412 0.0380 16.0 45.0
0.0 59.055763 0.0380 16.0 45.0
0.0 59.055763 0.0381 15.0 46.0
0.0 60.368114 0.0381 15.0 46.0
0.0 60.368114 0.0382 14.0 47.0
0.0 61.680466 0.0382 14.0 47.0
0.0 61.680466 0.0383 13.0 48.0
0.0 62.992817 0.0383 13.0 48.0
0.0 62.992817 0.0384 12.0 49.0
0.0 64.30517 0.0384 12.0 49.0
0.0 64.30517 0.0385 11.0 50.0
0.0 65.617516 0.0385 11.0 50.0
0.0 65.617516 0.0386 10.0 51.0
0.0 66.92986 0.0386 10.0 51.0
0.0 66.92986 0.0387 9.0 52.0
0.0 68.24221 0.0387 9.0 52.0
0.0 68.24221 0.0388 4.0 53.0
-0.2915022 69.51066 0.16829887388 4.0 53.0
-0.2915022 69.51066 0.16829887389 3.0 54.0
-0.5830044 70.779106 0.33659774389 3.0 54.0
-0.5830044 70.779106 0.33659774390 0.0 55.0
-1.1465063 71.91879 0.6619357390 0.0 55.0
-1.1465063 71.91879 0.6619357391 0.0 56.0
-1.7971823 73.05848 0.6619357391 0.0 56.0
-0.5830044 70.779106 0.33659774392 0.0 55.0
-0.5830044 72.09145 0.33659774392 0.0 55.0
-0.5830044 72.09145 0.33659774393 0.0 56.0
-0.5830044 73.4038 0.33659774393 0.0 56.0
-0.5830044 70.779106 0.33659774394 2.0 55.0
-0.91960216 72.047554 0.33659774394 2.0 55.0
-0.91960216 72.047554 0.33659774395 1.0 56.0
-1.2561998 73.316 0.33659774395 1.0 56.0
-1.2561998 73.316 0.33659774396 0.0 57.0
-1.5927975 74.58445 0.33659774396 0.0 57.0
-1.5927975 74.58445 0.33659774397 0.0 58.0
-1.9293952 75.8529 0.33659774397 0.0 58.0
0.0 68.24221 0.0398 4.0 53.0
0.2915022 69.51066 -0.16829887398 4.0 53.0
0.2915022 69.51066 -0.16829887399 3.0 54.0
0.5830044 70.779106 -0.33659774399 3.0 54.0
0.5830044 70.779106 -0.33659774400 0.0 55.0
0.5830044 72.09145 -0.33659774400 0.0 55.0
0.5830044 72.09145 -0.33659774401 0.0 56.0
0.5830044 73.4038 -0.33659774401 0.0 56.0
0.5830044 70.779106 -0.33659774402 0.0 55.0
1.1465063 71.91879 -0.6619357402 0.0 55.0
1.1465063 71.91879 -0.6619357403 0.0 56.0
1.7971823 73.05848 -0.6619357403 0.0 56.0
0.5830044 70.779106 -0.33659774404 2.0 55.0
0.91960216 72.047554 -0.33659774404 2.0 55.0
0.91960216 72.047554 -0.33659774405 1.0 56.0
1.2561998 73.316 -0.33659774405 1.0 56.0
1.2561998 73.316 -0.33659774406 0.0 57.0
1.5927975 74.58445 -0.33659774406 0.0 57.0
1.5927975 74.58445 -0.33659774407 0.0 58.0
1.9293952 75.8529 -0.33659774407 0.0 58.0
0.0 68.24221 0.0408 8.0 53.0
0.0 69.55456 0.0408 8.0 53.0
0.0 69.55456 0.0409 7.0 54.0
0.0 70.866905 0.0409 7.0 54.0
0.0 70.866905 0.0410 6.0 55.0
0.0 72.17925 0.0410 6.0 55.0
0.0 72.17925 0.0411 5.0 56.0
0.0 73.4916 0.0411 5.0 56.0
0.0 73.4916 0.0412 4.0 57.0
0.0 74.80395 0.0412 4.0 57.0
0.0 74.80395 0.0413 3.0 58.0
0.0 76.116295 0.0413 3.0 58.0
0.0 76.116295 0.0414 0.0 59.0
-0.2915022 77.38474 0.16829887414 0.0 59.0
-0.2915022 77.38474 0.16829887415 0.0 60.0
-0.6280999 78.65319 0.16829887415 0.0 60.0
0.0 76.116295 0.0416 0.0 59.0
0.2915022 77.38474 -0.16829887416 0.0 59.0
0.2915022 77.38474 -0.16829887417 0.0 60.0
0.6280999 78.65319 -0.16829887417 0.0 60.0
0.0 76.116295 0.0418 2.0 59.0
0.0 77.42864 0.0418 2.0 59.0
0.0 77.42864 0.0419 1.0 60.0
0.0 78.74099 0.0419 1.0 60.0
0.0 78.74099 0.0420 0.0 61.0
0.0 80.05334 0.0420 0.0 61.0
0.0 80.05334 0.0421 0.0 62.0
0.0 81.365685 0.0421 0.0 62.0
