0.0 0.0 0.00 27.0 1.0
0.0 4.899818 0.00 27.0 1.0
0.0 4.899818 0.01 26.0 2.0
0.0 9.799636 0.01 26.0 2.0
0.0 9.799636 0.02 1.0 3.0
0.0 14.699453 0.02 1.0 3.0
0.0 14.699453 0.03 0.0 4.0
-2.2291987 18.86868 1.28702863 0.0 4.0
-2.2291987 18.86868 1.28702864 0.0 5.0
-6.0228224 21.064001 3.47727854 0.0 5.0
0.0 9.799636 0.05 1.0 3.0
-4.2267456 9.366383 2.44031295 1.0 3.0
-4.2267456 9.366383 2.44031296 0.0 4.0
-8.02037 11.561705 4.6305636 0.0 4.0
-8.02037 11.561705 4.6305637 0.0 5.0
-10.249568 15.73093 5.9175917 0.0 5.0
0.0 9.799636 0.08 25.0 3.0
-4.3805 11.994958 0.08 25.0 3.0
-4.3805 11.994958 0.09 24.0 4.0
-8.761 14.19028 0.09 24.0 4.0
-8.761 14.19028 0.010 1.0 5.0
-12.554624 16.385601 2.1902510 1.0 5.0
-12.554624 16.385601 2.1902511 0.0 6.0
-16.781368 15.952348 4.63056311 0.0 6.0
-16.781368 15.952348 4.63056312 0.0 7.0
-20.18077 13.01972 6.593208312 0.0 7.0
-8.761 14.19028 0.013 1.0 5.0
-10.319316 9.632822 0.8996941413 1.0 5.0
-10.319316 9.632822 0.8996941414 0.0 6.0
-13.718718 6.700195 2.8623414 0.0 6.0
-13.718718 6.700195 2.8623415 0.0 7.0
-17.945463 6.2669415 5.30265315 0.0 7.0
-8.761 14.19028 0.016 7.0 5.0
-12.160402 11.257652 1.962645816 7.0 5.0
-12.160402 11.257652 1.962645817 6.0 6.0
-15.559805 8.325026 3.925291517 6.0 6.0
-15.559805 8.325026 3.925291518 1.0 7.0
-18.959208 5.3923984 5.887937518 1.0 7.0
-18.959208 5.3923984 5.887937519 0.0 8.0
-20.517523 0.8349409 6.787631519 0.0 8.0
-20.517523 0.8349409 6.787631520 0.0 9.0
-19.770044 -3.9882584 6.356074320 0.0 9.0
-15.559805 8.325026 3.925291521 1.0 7.0
-12.729439 4.6744204 2.29117921 1.0 7.0
-12.729439 4.6744204 2.29117922 0.0 8.0
-11.98196 -0.14877892 1.85962222 0.0 8.0
-11.98196 -0.14877892 1.85962223 0.0 9.0
-13.540277 -4.7062364 2.759316223 0.0 9.0
-15.559805 8.325026 3.925291524 5.0 7.0
-12.29158 4.6744204 3.925291524 5.0 7.0
-12.29158 4.6744204 3.925291525 4.0 8.0
-9.0233555 1.0238149 3.925291525 4.0 8.0
-9.0233555 1.0238149 3.925291526 1.0 9.0
-6.1929893 -2.6267905 2.29117926 1.0 9.0
-6.1929893 -2.6267905 2.29117927 0.0 10.0
-2.123785 -4.016148 -0.0581774727 0.0 10.0
-2.123785 -4.016148 -0.0581774728 0.0 11.0
1.9707727 -2.7299347 -2.422171628 0.0 11.0
-9.0233555 1.0238149 3.925291529 1.0 9.0
-6.1244907 4.6020355 2.251631329 1.0 9.0
-6.1244907 4.6020355 2.251631330 0.0 10.0
-2.029933 5.888249 -0.1123628630 0.0 10.0
-2.029933 5.888249 -0.1123628631 0.0 11.0
2.0392714 4.4988914 -2.461719331 0.0 11.0
-9.0233555 1.0238149 3.925291532 3.0 9.0
-5.676035 4.6020355 3.925291532 3.0 9.0
-5.676035 4.6020355 3.925291533 2.0 10.0
-2.3287141 8.180256 3.925291533 2.0 10.0
-2.3287141 8.180256 3.925291534 1.0 11.0
0.57015085 11.758476 2.251631334 1.0 11.0
0.57015085 11.758476 2.251631335 0.0 12.0
1.4088466 16.561634 1.7674135 0.0 12.0
1.4088466 16.561634 1.7674136 0.0 13.0
-0.06273568 21.157372 2.617028536 0.0 13.0
-2.3287141 8.180256 3.925291537 1.0 11.0
-5.671731 11.19807 5.855383437 1.0 11.0
-5.671731 11.19807 5.855383438 0.0 12.0
-7.1433134 15.793808 6.70500238 0.0 12.0
-7.1433134 15.793808 6.70500239 0.0 13.0
-6.3046174 20.596966 6.220780439 0.0 13.0
-8.761 14.19028 0.040 7.0 5.0
-5.9306335 10.539675 -1.634112640 7.0 5.0
-5.9306335 10.539675 -1.634112641 6.0 6.0
-3.1002674 6.8890696 -3.268225241 6.0 6.0
-3.1002674 6.8890696 -3.268225242 1.0 7.0
-0.26990128 3.238464 -4.90233842 1.0 7.0
-0.26990128 3.238464 -4.90233843 0.0 8.0
3.799303 1.8491066 -7.251694743 0.0 8.0
3.799303 1.8491066 -7.251694744 0.0 9.0
7.893861 3.13532 -9.61568844 0.0 9.0
-3.1002674 6.8890696 -3.268225245 1.0 7.0
-0.20140243 10.46729 -4.941885545 1.0 7.0
-0.20140243 10.46729 -4.941885546 0.0 8.0
3.8931553 11.753504 -7.305879646 0.0 8.0
3.8931553 11.753504 -7.305879647 0.0 9.0
7.9623594 10.364146 -9.65523647 0.0 9.0
-3.1002674 6.8890696 -3.268225248 5.0 7.0
1.5984454 5.499712 -3.268225248 5.0 7.0
1.5984454 5.499712 -3.268225249 4.0 8.0
6.2971582 4.1103544 -3.268225249 4.0 8.0
6.2971582 4.1103544 -3.268225250 1.0 9.0
10.366363 2.7209969 -5.617581450 1.0 9.0
10.366363 2.7209969 -5.617581451 0.0 10.0
14.46092 4.0072103 -7.981575551 0.0 10.0
14.46092 4.0072103 -7.981575552 0.0 11.0
17.359785 7.5854306 -9.65523652 0.0 11.0
6.2971582 4.1103544 -3.268225253 1.0 9.0
7.1358542 8.913513 -3.752446453 1.0 9.0
7.1358542 8.913513 -3.752446454 0.0 10.0
10.034719 12.491734 -5.42610754 0.0 10.0
10.034719 12.491734 -5.42610755 0.0 11.0
14.129277 13.777946 -7.79010155 0.0 11.0
6.2971582 4.1103544 -3.268225256 3.0 9.0
11.0251465 5.396568 -3.268225256 3.0 9.0
11.0251465 5.396568 -3.268225257 2.0 10.0
15.753135 6.682781 -3.268225257 2.0 10.0
15.753135 6.682781 -3.268225258 1.0 11.0
19.847692 7.9689946 -5.632219358 1.0 11.0
19.847692 7.9689946 -5.632219359 0.0 12.0
22.746557 11.5472145 -7.305879659 0.0 12.0
22.746557 11.5472145 -7.305879660 0.0 13.0
23.585253 16.350372 -7.79010160 0.0 13.0
15.753135 6.682781 -3.268225261 1.0 11.0
14.281552 11.278519 -2.418606861 1.0 11.0
14.281552 11.278519 -2.418606862 0.0 12.0
15.120248 16.081676 -2.90282862 0.0 12.0
15.120248 16.081676 -2.90282863 0.0 13.0
18.019114 19.659897 -4.576488563 0.0 13.0
-8.761 14.19028 0.064 23.0 5.0
-7.897886 9.367081 0.064 23.0 5.0
-7.897886 9.367081 0.065 22.0 6.0
-7.034772 4.5438814 0.065 22.0 6.0
-7.034772 4.5438814 0.066 1.0 7.0
-6.2872934 -0.27931786 -0.4315569766 1.0 7.0
-6.2872934 -0.27931786 -0.4315569767 0.0 8.0
-3.4569273 -3.9299233 -2.065669567 0.0 8.0
-3.4569273 -3.9299233 -2.065669568 0.0 9.0
0.61227703 -5.3192806 -4.415025768 0.0 9.0
-7.034772 4.5438814 0.069 1.0 7.0
-2.9402142 5.830095 -2.363994169 1.0 7.0
-2.9402142 5.830095 -2.363994170 0.0 8.0
1.1289902 4.4407372 -4.713350370 0.0 8.0
1.1289902 4.4407372 -4.713350371 0.0 9.0
3.9593563 0.7901318 -6.347462771 0.0 9.0
-7.034772 4.5438814 0.072 21.0 7.0
-2.336059 3.1545238 0.072 21.0 7.0
-2.336059 3.1545238 0.073 20.0 8.0
2.3626537 1.7651663 0.073 20.0 8.0
2.3626537 1.7651663 0.074 1.0 9.0
6.431858 0.37580872 -2.349356474 1.0 9.0
6.431858 0.37580872 -2.349356475 0.0 10.0
10.526416 1.6620221 -4.713350375 0.0 10.0
10.526416 1.6620221 -4.713350376 0.0 11.0
13.425281 5.2402425 -6.387010676 0.0 11.0
2.3626537 1.7651663 0.077 1.0 9.0
3.2013495 6.568325 -0.4842212577 1.0 9.0
3.2013495 6.568325 -0.4842212578 0.0 10.0
6.1002145 10.146545 -2.157881778 0.0 10.0
6.1002145 10.146545 -2.157881779 0.0 11.0
10.194773 11.432758 -4.52187679 0.0 11.0
2.3626537 1.7651663 0.080 7.0 9.0
5.2615185 5.3433867 -1.673660480 7.0 9.0
5.2615185 5.3433867 -1.673660481 6.0 10.0
8.160383 8.921607 -3.347320881 6.0 10.0
8.160383 8.921607 -3.347320882 1.0 11.0
11.059248 12.499827 -5.020981382 1.0 11.0
11.059248 12.499827 -5.020981383 0.0 12.0
11.8979435 17.302986 -5.50520383 0.0 12.0
11.8979435 17.302986 -5.50520384 0.0 13.0
10.426361 21.898724 -4.655584384 0.0 13.0
8.160383 8.921607 -3.347320885 1.0 11.0
4.8173666 11.939421 -1.41722985 1.0 11.0
4.8173666 11.939421 -1.41722986 0.0 12.0
3.3457842 16.535158 -0.567610686 0.0 12.0
3.3457842 16.535158 -0.567610687 0.0 13.0
4.18448 21.338318 -1.051831887 0.0 13.0
8.160383 8.921607 -3.347320888 5.0 11.0
4.3001995 11.939421 -3.347320888 5.0 11.0
4.3001995 11.939421 -3.347320889 4.0 12.0
0.44001603 14.957234 -3.347320889 4.0 12.0
0.44001603 14.957234 -3.347320890 1.0 13.0
-2.9030008 17.975048 -1.41722990 1.0 13.0
-2.9030008 17.975048 -1.41722991 0.0 14.0
-7.120525 18.51499 1.017759791 0.0 14.0
-7.120525 18.51499 1.017759792 0.0 15.0
-10.95484 16.416042 3.231502592 0.0 15.0
0.44001603 14.957234 -3.347320893 1.0 13.0
-1.8676534 10.845329 -2.014987593 1.0 13.0
-1.8676534 10.845329 -2.014987594 0.0 14.0
-5.7019687 8.746381 0.198755594 0.0 14.0
-5.7019687 8.746381 0.198755595 0.0 15.0
-9.919493 9.286322 2.633744295 0.0 15.0
0.44001603 14.957234 -3.347320896 3.0 13.0
-2.2246509 10.845329 -3.347320896 3.0 13.0
-2.2246509 10.845329 -3.347320897 2.0 14.0
-4.8893175 6.7334237 -3.347320897 2.0 14.0
-4.8893175 6.7334237 -3.347320898 1.0 15.0
-7.196987 2.6215181 -2.014987598 1.0 15.0
-7.196987 2.6215181 -2.014987599 0.0 16.0
-7.2898374 -2.2771268 -1.961380499 0.0 16.0
-7.2898374 -2.2771268 -1.9613804100 0.0 17.0
-5.1401796 -6.5016794 -3.202486100 0.0 17.0
-4.8893175 6.7334237 -3.3473208101 1.0 15.0
-1.1382036 4.442774 -5.513027101 1.0 15.0
-1.1382036 4.442774 -5.513027102 0.0 16.0
1.0114543 0.21822119 -6.7541327102 0.0 16.0
1.0114543 0.21822119 -6.7541327103 0.0 17.0
0.9186042 -4.6804237 -6.7005258103 0.0 17.0
2.3626537 1.7651663 0.0104 7.0 9.0
-0.98036313 4.78298 1.9300917104 7.0 9.0
-0.98036313 4.78298 1.9300917105 6.0 10.0
-4.32338 7.8007936 3.8601835105 6.0 10.0
-4.32338 7.8007936 3.8601835106 1.0 11.0
-7.666397 10.818607 5.790275106 1.0 11.0
-7.666397 10.818607 5.790275107 0.0 12.0
-11.883921 11.358548 8.225264107 0.0 12.0
-11.883921 11.358548 8.225264108 0.0 13.0
-15.718236 9.2596 10.439007108 0.0 13.0
-4.32338 7.8007936 3.8601835109 1.0 11.0
-6.631049 3.688888 5.192517109 1.0 11.0
-6.631049 3.688888 5.192517110 0.0 12.0
-10.465364 1.5899396 7.4062595110 0.0 12.0
-10.465364 1.5899396 7.4062595111 0.0 13.0
-14.682888 2.1298804 9.8412485111 0.0 13.0
-4.32338 7.8007936 3.8601835112 5.0 11.0
-9.193357 8.3407345 3.8601835112 5.0 11.0
-9.193357 8.3407345 3.8601835113 4.0 12.0
-14.063335 8.880675 3.8601835113 4.0 12.0
-14.063335 8.880675 3.8601835114 1.0 13.0
-18.280859 9.420616 6.295172114 1.0 13.0
-18.280859 9.420616 6.295172115 0.0 14.0
-22.115173 7.3216677 8.508915115 0.0 14.0
-22.115173 7.3216677 8.508915116 0.0 15.0
-24.422842 3.209762 9.8412485116 0.0 15.0
-14.063335 8.880675 3.8601835117 1.0 13.0
-14.156185 3.9820304 3.9137905117 1.0 13.0
-14.156185 3.9820304 3.9137905118 0.0 14.0
-16.463854 -0.12987518 5.246124118 0.0 14.0
-16.463854 -0.12987518 5.246124119 0.0 15.0
-20.298168 -2.2288237 7.4598665119 0.0 15.0
-14.063335 8.880675 3.8601835120 3.0 13.0
-18.490822 6.781727 3.8601835120 3.0 13.0
-18.490822 6.781727 3.8601835121 2.0 14.0
-22.918308 4.6827784 3.8601835121 2.0 14.0
-22.918308 4.6827784 3.8601835122 1.0 15.0
-26.752625 2.5838299 6.0739264122 1.0 15.0
-26.752625 2.5838299 6.0739264123 0.0 16.0
-29.060293 -1.5280757 7.40626123 0.0 16.0
-29.060293 -1.5280757 7.40626124 0.0 17.0
-29.153143 -6.4267206 7.459867124 0.0 17.0
-22.918308 4.6827784 3.8601835125 1.0 15.0
-20.76865 0.45822573 2.6190777125 1.0 15.0
-20.76865 0.45822573 2.6190777126 0.0 16.0
-20.8615 -4.440419 2.6726847126 0.0 16.0
-20.8615 -4.440419 2.6726847127 0.0 17.0
-23.169168 -8.552324 4.005018127 0.0 17.0
2.3626537 1.7651663 0.0128 19.0 9.0
0.89107144 6.360904 0.84961843128 19.0 9.0
0.89107144 6.360904 0.84961843129 18.0 10.0
-0.58051085 10.956642 1.6992369129 18.0 10.0
-0.58051085 10.956642 1.6992369130 1.0 11.0
-2.052093 15.55238 2.5488553130 1.0 11.0
-2.052093 15.55238 2.5488553131 0.0 12.0
-5.39511 18.570192 4.478947131 0.0 12.0
-5.39511 18.570192 4.478947132 0.0 13.0
-9.612635 19.110134 6.9139357132 0.0 13.0
-0.58051085 10.956642 1.6992369133 1.0 11.0
-4.4148264 8.857694 3.9129798133 1.0 11.0
-4.4148264 8.857694 3.9129798134 0.0 12.0
-8.632351 9.3976345 6.3479686134 0.0 12.0
-8.632351 9.3976345 6.3479686135 0.0 13.0
-11.975368 12.415448 8.27806135 0.0 13.0
-0.58051085 10.956642 1.6992369136 17.0 11.0
-5.450488 11.496583 1.6992369136 17.0 11.0
-5.450488 11.496583 1.6992369137 16.0 12.0
-10.320465 12.036524 1.6992369137 16.0 12.0
-10.320465 12.036524 1.6992369138 1.0 13.0
-14.537989 12.576465 4.134226138 1.0 13.0
-14.537989 12.576465 4.134226139 0.0 14.0
-18.372303 10.477516 6.347969139 0.0 14.0
-18.372303 10.477516 6.347969140 0.0 15.0
-20.679972 6.3656106 7.6803026140 0.0 15.0
-10.320465 12.036524 1.6992369141 1.0 13.0
-10.413315 7.137879 1.752844141 1.0 13.0
-10.413315 7.137879 1.752844142 0.0 14.0
-12.720984 3.0259733 3.0851774142 0.0 14.0
-12.720984 3.0259733 3.0851774143 0.0 15.0
-16.5553 0.92702484 5.2989206143 0.0 15.0
-10.320465 12.036524 1.6992369144 7.0 13.0
-12.628135 7.9246182 3.0315704144 7.0 13.0
-12.628135 7.9246182 3.0315704145 6.0 14.0
-14.935804 3.8127127 4.363904145 6.0 14.0
-14.935804 3.8127127 4.363904146 1.0 15.0
-17.243473 -0.2991929 5.6962376146 1.0 15.0
-17.243473 -0.2991929 5.6962376147 0.0 16.0
-17.336323 -5.197838 5.7498446147 0.0 16.0
-17.336323 -5.197838 5.7498446148 0.0 17.0
-15.186665 -9.42239 4.508739148 0.0 17.0
-14.935804 3.8127127 4.363904149 1.0 15.0
-11.18469 1.5220625 2.1981974149 1.0 15.0
-11.18469 1.5220625 2.1981974150 0.0 16.0
-9.035032 -2.70249 0.9570917150 0.0 16.0
-9.035032 -2.70249 0.9570917151 0.0 17.0
-9.127882 -7.6011353 1.0106988151 0.0 17.0
-14.935804 3.8127127 4.363904152 5.0 15.0
-10.604391 1.5220625 4.363904152 5.0 15.0
-10.604391 1.5220625 4.363904153 4.0 16.0
-6.272978 -0.7685876 4.363904153 4.0 16.0
-6.272978 -0.7685876 4.363904154 1.0 17.0
-2.521864 -3.0592377 2.1981974154 1.0 17.0
-2.521864 -3.0592377 2.1981974155 0.0 18.0
1.71208 -2.7328875 -0.24627137155 0.0 18.0
1.71208 -2.7328875 -0.24627137156 0.0 19.0
5.166244 0.113141775 -2.2405338156 0.0 19.0
-6.272978 -0.7685876 4.363904157 1.0 17.0
-4.628665 3.748402 3.4145596157 1.0 17.0
-4.628665 3.748402 3.4145596158 0.0 18.0
-1.174501 6.5944314 1.420297158 0.0 18.0
-1.174501 6.5944314 1.420297159 0.0 19.0
3.059443 6.9207816 -1.0241717159 0.0 19.0
-6.272978 -0.7685876 4.363904160 3.0 17.0
-4.374289 3.748402 4.363904160 3.0 17.0
-4.374289 3.748402 4.363904161 2.0 18.0
-2.4756002 8.265392 4.363904161 2.0 18.0
-2.4756002 8.265392 4.363904162 1.0 19.0
-0.8312874 12.782382 3.4145596162 1.0 19.0
-0.8312874 12.782382 3.4145596163 0.0 20.0
-1.4871788 17.623314 3.7932386163 0.0 20.0
-1.4871788 17.623314 3.7932386164 0.0 21.0
-4.2476797 21.344566 5.387015164 0.0 21.0
-2.4756002 8.265392 4.363904165 1.0 19.0
-6.517498 9.757246 6.697495165 1.0 19.0
-6.517498 9.757246 6.697495166 0.0 20.0
-9.277999 13.478499 8.291271166 0.0 20.0
-9.277999 13.478499 8.291271167 0.0 21.0
-9.93389 18.319431 8.6699505167 0.0 21.0
-10.320465 12.036524 1.6992369168 7.0 13.0
-6.569351 9.745873 -0.46646976168 7.0 13.0
-6.569351 9.745873 -0.46646976169 6.0 14.0
-2.8182373 7.455223 -2.6321764169 6.0 14.0
-2.8182373 7.455223 -2.6321764170 1.0 15.0
0.9328766 5.1645727 -4.797883170 1.0 15.0
0.9328766 5.1645727 -4.797883171 0.0 16.0
5.1668205 5.490923 -7.2423515171 0.0 16.0
5.1668205 5.490923 -7.2423515172 0.0 17.0
8.620985 8.336952 -9.236614172 0.0 17.0
-2.8182373 7.455223 -2.6321764173 1.0 15.0
-1.1739244 11.972213 -3.5815208173 1.0 15.0
-1.1739244 11.972213 -3.5815208174 0.0 16.0
2.2802396 14.818242 -5.5757833174 0.0 16.0
2.2802396 14.818242 -5.5757833175 0.0 17.0
6.5141835 15.144592 -8.020252175 0.0 17.0
-2.8182373 7.455223 -2.6321764176 5.0 15.0
2.0707002 7.7815733 -2.6321764176 5.0 15.0
2.0707002 7.7815733 -2.6321764177 4.0 16.0
6.9596376 8.1079235 -2.6321764177 4.0 16.0
6.9596376 8.1079235 -2.6321764178 1.0 17.0
11.193582 8.434274 -5.076645178 1.0 17.0
11.193582 8.434274 -5.076645179 0.0 18.0
14.647745 11.280303 -7.0709076179 0.0 18.0
14.647745 11.280303 -7.0709076180 0.0 19.0
16.292057 15.797293 -8.020252180 0.0 19.0
6.9596376 8.1079235 -2.6321764181 1.0 17.0
6.303746 12.948855 -2.2534974181 1.0 17.0
6.303746 12.948855 -2.2534974182 0.0 18.0
7.948059 17.465845 -3.2028418182 0.0 18.0
7.948059 17.465845 -3.2028418183 0.0 19.0
11.402224 20.311874 -5.1971045183 0.0 19.0
6.9596376 8.1079235 -2.6321764184 3.0 17.0
10.948163 10.953953 -2.6321764184 3.0 17.0
10.948163 10.953953 -2.6321764185 2.0 18.0
14.936688 13.799982 -2.6321764185 2.0 18.0
14.936688 13.799982 -2.6321764186 1.0 19.0
18.390852 16.646011 -4.626439186 1.0 19.0
18.390852 16.646011 -4.626439187 0.0 20.0
20.035164 21.163002 -5.5757837187 0.0 20.0
20.035164 21.163002 -5.5757837188 0.0 21.0
19.379272 26.003933 -5.1971045188 0.0 21.0
14.936688 13.799982 -2.6321764189 1.0 19.0
12.1761875 17.521235 -1.0384002189 1.0 19.0
12.1761875 17.521235 -1.0384002190 0.0 20.0
11.520296 22.362167 -0.65972114190 0.0 20.0
11.520296 22.362167 -0.65972114191 0.0 21.0
13.164609 26.879158 -1.6090655191 0.0 21.0
-10.320465 12.036524 1.6992369192 15.0 13.0
-5.989052 9.745873 1.6992369192 15.0 13.0
-5.989052 9.745873 1.6992369193 14.0 14.0
-1.6576385 7.455223 1.6992369193 14.0 14.0
-1.6576385 7.455223 1.6992369194 1.0 15.0
2.0934753 5.1645727 -0.46646976194 1.0 15.0
2.0934753 5.1645727 -0.46646976195 0.0 16.0
6.3274193 5.490923 -2.9109385195 0.0 16.0
6.3274193 5.490923 -2.9109385196 0.0 17.0
9.781584 8.336952 -4.905201196 0.0 17.0
-1.6576385 7.455223 1.6992369197 1.0 15.0
-0.013325691 11.972213 0.7498924197 1.0 15.0
-0.013325691 11.972213 0.7498924198 0.0 16.0
3.4408383 14.818242 -1.2443702198 0.0 16.0
3.4408383 14.818242 -1.2443702199 0.0 17.0
7.6747823 15.144592 -3.688839199 0.0 17.0
-1.6576385 7.455223 1.6992369200 13.0 15.0
2.3308866 10.301252 1.6992369200 13.0 15.0
2.3308866 10.301252 1.6992369201 12.0 16.0
6.3194118 13.147282 1.6992369201 12.0 16.0
6.3194118 13.147282 1.6992369202 1.0 17.0
9.773576 15.993311 -0.2950257202 1.0 17.0
9.773576 15.993311 -0.2950257203 0.0 18.0
11.417889 20.5103 -1.2443702203 0.0 18.0
11.417889 20.5103 -1.2443702204 0.0 19.0
10.761997 25.35123 -0.8656912204 0.0 19.0
6.3194118 13.147282 1.6992369205 1.0 17.0
3.5589106 16.868534 3.293013205 1.0 17.0
3.5589106 16.868534 3.293013206 0.0 18.0
2.9030192 21.709465 3.6716921206 0.0 18.0
2.9030192 21.709465 3.6716921207 0.0 19.0
4.547332 26.226456 2.7223477207 0.0 19.0
6.3194118 13.147282 1.6992369208 7.0 17.0
5.6635203 17.988213 2.077916208 7.0 17.0
5.6635203 17.988213 2.077916209 6.0 18.0
5.007629 22.829144 2.456595209 6.0 18.0
5.007629 22.829144 2.456595210 1.0 19.0
4.3517375 27.670074 2.835274210 1.0 19.0
4.3517375 27.670074 2.835274211 0.0 20.0
1.5912364 31.391327 4.4290504211 0.0 20.0
1.5912364 31.391327 4.4290504212 0.0 21.0
-2.4506614 32.883183 6.7626414212 0.0 21.0
5.007629 22.829144 2.456595213 1.0 19.0
0.8896742 21.64671 4.834097213 1.0 19.0
0.8896742 21.64671 4.834097214 0.0 20.0
-3.1522236 23.138563 7.167688214 0.0 20.0
-3.1522236 23.138563 7.167688215 0.0 21.0
-5.9127245 26.859816 8.761464215 0.0 21.0
5.007629 22.829144 2.456595216 5.0 19.0
0.2526245 21.64671 2.456595216 5.0 19.0
0.2526245 21.64671 2.456595217 4.0 20.0
-4.50238 20.464275 2.456595217 4.0 20.0
-4.50238 20.464275 2.456595218 1.0 21.0
-8.620335 19.281841 4.834097218 1.0 21.0
-8.620335 19.281841 4.834097219 0.0 22.0
-11.586325 15.777737 6.546512219 0.0 22.0
-11.586325 15.777737 6.546512220 0.0 23.0
-12.515858 10.996923 7.0831785220 0.0 23.0
-4.50238 20.464275 2.456595221 1.0 21.0
-3.118259 15.832447 1.6574724221 1.0 21.0
-3.118259 15.832447 1.6574724222 0.0 22.0
-4.0477924 11.051634 2.1941385222 0.0 22.0
-4.0477924 11.051634 2.1941385223 0.0 23.0
-7.0137825 7.5475287 3.9065537223 0.0 23.0
-4.50238 20.464275 2.456595224 3.0 21.0
-2.9041348 15.832447 2.456595224 3.0 21.0
-2.9041348 15.832447 2.456595225 2.0 22.0
-1.3058895 11.200619 2.456595225 2.0 22.0
-1.3058895 11.200619 2.456595226 1.0 23.0
0.07823157 6.568791 1.6574724226 1.0 23.0
0.07823157 6.568791 1.6574724227 0.0 24.0
3.3632486 3.467216 -0.23913312227 0.0 24.0
3.3632486 3.467216 -0.23913312228 0.0 25.0
7.5695286 2.8208225 -2.6676302228 0.0 25.0
-1.3058895 11.200619 2.456595229 1.0 23.0
2.5672889 13.202169 0.2204144229 1.0 23.0
2.5672889 13.202169 0.2204144230 0.0 24.0
6.773569 12.555776 -2.2080827230 0.0 24.0
6.773569 12.555776 -2.2080827231 0.0 25.0
10.058586 9.454201 -4.104688231 0.0 25.0
6.3194118 13.147282 1.6992369232 7.0 17.0
2.201457 11.9648485 4.0767393232 7.0 17.0
2.201457 11.9648485 4.0767393233 6.0 18.0
-1.9164977 10.782415 6.4542418233 6.0 18.0
-1.9164977 10.782415 6.4542418234 1.0 19.0
-6.0344524 9.599982 8.831744234 1.0 19.0
-6.0344524 9.599982 8.831744235 0.0 20.0
-9.0004425 6.095877 10.544159235 0.0 20.0
-9.0004425 6.095877 10.544159236 0.0 21.0
-9.9299755 1.3150644 11.080825236 0.0 21.0
-1.9164977 10.782415 6.4542418237 1.0 19.0
-0.53237665 6.1505876 5.655119237 1.0 19.0
-0.53237665 6.1505876 5.655119238 0.0 20.0
-1.4619099 1.3697748 6.1917853238 0.0 20.0
-1.4619099 1.3697748 6.1917853239 0.0 21.0
-4.4279 -2.1343303 7.9042006239 0.0 21.0
-1.9164977 10.782415 6.4542418240 5.0 19.0
-5.3413277 7.2783103 6.4542418240 5.0 19.0
-5.3413277 7.2783103 6.4542418241 4.0 20.0
-8.766158 3.7742052 6.4542418241 4.0 20.0
-8.766158 3.7742052 6.4542418242 1.0 21.0
-11.732148 0.27010012 8.1666565242 1.0 21.0
-11.732148 0.27010012 8.1666565243 0.0 22.0
-12.661681 -4.5107126 8.703322243 0.0 22.0
-12.661681 -4.5107126 8.703322244 0.0 23.0
-11.27756 -9.14254 7.9041996244 0.0 23.0
-8.766158 3.7742052 6.4542418245 1.0 21.0
-5.481141 0.6726303 4.5576363245 1.0 21.0
-5.481141 0.6726303 4.5576363246 0.0 22.0
-4.09702 -3.9591975 3.7585137246 0.0 22.0
-4.09702 -3.9591975 3.7585137247 0.0 23.0
-5.026553 -8.74001 4.29518247 0.0 23.0
-8.766158 3.7742052 6.4542418248 3.0 21.0
-9.839491 -1.0066075 6.4542418248 3.0 21.0
-9.839491 -1.0066075 6.4542418249 2.0 22.0
-10.912824 -5.7874203 6.4542418249 2.0 22.0
-10.912824 -5.7874203 6.4542418250 1.0 23.0
-11.842357 -10.5682335 6.990908250 1.0 23.0
-11.842357 -10.5682335 6.990908251 0.0 24.0
-10.458236 -15.200062 6.1917853251 0.0 24.0
-10.458236 -15.200062 6.1917853252 0.0 25.0
-7.1732187 -18.301636 4.29518252 0.0 25.0
-10.912824 -5.7874203 6.4542418253 1.0 23.0
-6.7065434 -6.433814 4.0257444253 1.0 23.0
-6.7065434 -6.433814 4.0257444254 0.0 24.0
-3.4215264 -9.535389 2.129139254 0.0 24.0
-3.4215264 -9.535389 2.129139255 0.0 25.0
-2.0374055 -14.167217 1.3300164255 0.0 25.0
6.3194118 13.147282 1.6992369256 11.0 17.0
1.5644073 11.9648485 1.6992369256 11.0 17.0
1.5644073 11.9648485 1.6992369257 10.0 18.0
-3.190597 10.782415 1.6992369257 10.0 18.0
-3.190597 10.782415 1.6992369258 1.0 19.0
-7.308552 9.599982 4.0767393258 1.0 19.0
-7.308552 9.599982 4.0767393259 0.0 20.0
-10.274542 6.095877 5.7891545259 0.0 20.0
-10.274542 6.095877 5.7891545260 0.0 21.0
-11.204075 1.3150644 6.325821260 0.0 21.0
-3.190597 10.782415 1.6992369261 1.0 19.0
-1.806476 6.1505876 0.90011424261 1.0 19.0
-1.806476 6.1505876 0.90011424262 0.0 20.0
-2.7360091 1.3697748 1.4367805262 0.0 20.0
-2.7360091 1.3697748 1.4367805263 0.0 21.0
-5.7019987 -2.1343303 3.1491957263 0.0 21.0
-3.190597 10.782415 1.6992369264 9.0 19.0
-4.2639294 6.0016026 1.6992369264 9.0 19.0
-4.2639294 6.0016026 1.6992369265 8.0 20.0
-5.337262 1.2207899 1.6992369265 8.0 20.0
-5.337262 1.2207899 1.6992369266 1.0 21.0
-6.266795 -3.5600228 2.2359033266 1.0 21.0
-6.266795 -3.5600228 2.2359033267 0.0 22.0
-4.882674 -8.191851 1.4367807267 0.0 22.0
-4.882674 -8.191851 1.4367807268 0.0 23.0
-1.5976572 -11.293426 -0.4598248268 0.0 23.0
-5.337262 1.2207899 1.6992369269 1.0 21.0
-1.1309819 0.5743963 -0.7292602269 1.0 21.0
-1.1309819 0.5743963 -0.7292602270 0.0 22.0
2.154035 -2.5271785 -2.6258657270 0.0 22.0
2.154035 -2.5271785 -2.6258657271 0.0 23.0
3.538156 -7.159006 -3.4249883271 0.0 23.0
-5.337262 1.2207899 1.6992369272 7.0 21.0
-2.0522451 -1.880785 -0.19736862272 7.0 21.0
-2.0522451 -1.880785 -0.19736862273 6.0 22.0
1.2327719 -4.98236 -2.093974273 6.0 22.0
1.2327719 -4.98236 -2.093974274 1.0 23.0
4.517789 -8.083935 -3.9905796274 1.0 23.0
4.517789 -8.083935 -3.9905796275 0.0 24.0
8.72407 -8.730329 -6.419077275 0.0 24.0
8.72407 -8.730329 -6.419077276 0.0 25.0
12.597248 -6.7287784 -8.655257276 0.0 25.0
1.2327719 -4.98236 -2.093974277 1.0 23.0
3.617818 -0.9297533 -3.4709811277 1.0 23.0
3.617818 -0.9297533 -3.4709811278 0.0 24.0
7.4909964 1.0717969 -5.707162278 0.0 24.0
7.4909964 1.0717969 -5.707162279 0.0 25.0
11.697277 0.4254033 -8.135659279 0.0 25.0
1.2327719 -4.98236 -2.093974280 5.0 23.0
3.9867861 -0.9297533 -2.093974280 5.0 23.0
3.9867861 -0.9297533 -2.093974281 4.0 24.0
6.7408004 3.1228533 -2.093974281 4.0 24.0
6.7408004 3.1228533 -2.093974282 1.0 25.0
9.125847 7.17546 -3.4709811282 1.0 25.0
9.125847 7.17546 -3.4709811283 0.0 26.0
9.311511 12.070585 -3.578174283 0.0 26.0
9.311511 12.070585 -3.578174284 0.0 27.0
7.2424254 16.348442 -2.383587284 0.0 27.0
6.7408004 3.1228533 -2.093974285 1.0 25.0
3.033992 5.5077314 0.04615283285 1.0 25.0
3.033992 5.5077314 0.04615283286 0.0 26.0
0.96490645 9.785589 1.2407401286 0.0 26.0
0.96490645 9.785589 1.2407401287 0.0 27.0
1.1505704 14.680715 1.133547287 0.0 27.0
6.7408004 3.1228533 -2.093974288 3.0 25.0
2.4605465 5.5077314 -2.093974288 3.0 25.0
2.4605465 5.5077314 -2.093974289 2.0 26.0
-1.8197074 7.8926096 -2.093974289 2.0 26.0
-1.8197074 7.8926096 -2.093974290 1.0 27.0
-5.526516 10.277488 0.04615283290 1.0 27.0
-5.526516 10.277488 0.04615283291 0.0 28.0
-9.765631 10.058187 2.4936068291 0.0 28.0
-9.765631 10.058187 2.4936068292 0.0 29.0
-13.272895 7.300105 4.5185266292 0.0 29.0
-1.8197074 7.8926096 -2.093974293 1.0 27.0
-3.549211 3.418241 -1.0954447293 1.0 27.0
-3.549211 3.418241 -1.0954447294 0.0 28.0
-7.0564747 0.66015935 0.92947507294 0.0 28.0
-7.0564747 0.66015935 0.92947507295 0.0 29.0
-11.295589 0.44085854 3.376929295 0.0 29.0
-5.337262 1.2207899 1.6992369296 7.0 21.0
-2.952216 5.2733965 0.32222974296 7.0 21.0
-2.952216 5.2733965 0.32222974297 6.0 22.0
-0.56716967 9.326003 -1.0547774297 6.0 22.0
-0.56716967 9.326003 -1.0547774298 1.0 23.0
1.8178766 13.37861 -2.4317846298 1.0 23.0
1.8178766 13.37861 -2.4317846299 0.0 24.0
2.0035405 18.273735 -2.5389776299 0.0 24.0
2.0035405 18.273735 -2.5389776300 0.0 25.0
-0.06554508 22.551592 -1.3443904300 0.0 25.0
-0.56716967 9.326003 -1.0547774301 1.0 23.0
-4.273978 11.710881 1.0853496301 1.0 23.0
-4.273978 11.710881 1.0853496302 0.0 24.0
-6.343064 15.988739 2.2799368302 0.0 24.0
-6.343064 15.988739 2.2799368303 0.0 25.0
-6.1574 20.883865 2.1727438303 0.0 25.0
-0.56716967 9.326003 -1.0547774304 5.0 23.0
-0.3527835 14.221128 -1.0547774304 5.0 23.0
-0.3527835 14.221128 -1.0547774305 4.0 24.0
-0.13839732 19.116253 -1.0547774305 4.0 24.0
-0.13839732 19.116253 -1.0547774306 1.0 25.0
0.047266558 24.01138 -1.1619705306 1.0 25.0
0.047266558 24.01138 -1.1619705307 0.0 26.0
-2.021819 28.289236 0.032616735307 0.0 26.0
-2.021819 28.289236 0.032616735308 0.0 27.0
-5.728627 30.674114 2.1727438308 0.0 27.0
-0.13839732 19.116253 -1.0547774309 1.0 25.0
-4.3775115 18.896952 1.3926766309 1.0 25.0
-4.3775115 18.896952 1.3926766310 0.0 26.0
-8.08432 21.28183 3.5328035310 0.0 26.0
-8.08432 21.28183 3.5328035311 0.0 27.0
-10.153406 25.559687 4.727391311 0.0 27.0
-0.13839732 19.116253 -1.0547774312 3.0 25.0
-2.5275717 23.39411 -1.0547774312 3.0 25.0
-2.5275717 23.39411 -1.0547774313 2.0 26.0
-4.916746 27.671967 -1.0547774313 2.0 26.0
-4.916746 27.671967 -1.0547774314 1.0 27.0
-6.9858317 31.949823 0.13980985314 1.0 27.0
-6.9858317 31.949823 0.13980985315 0.0 28.0
-10.69264 34.3347 2.2799368315 0.0 28.0
-10.69264 34.3347 2.2799368316 0.0 29.0
-14.931755 34.115402 4.727391316 0.0 29.0
-4.916746 27.671967 -1.0547774317 1.0 27.0
-8.42401 24.913885 0.97014236317 1.0 27.0
-8.42401 24.913885 0.97014236318 0.0 28.0
-12.663124 24.694584 3.4175963318 0.0 28.0
-12.663124 24.694584 3.4175963319 0.0 29.0
-16.369932 27.079462 5.557723319 0.0 29.0
2.3626537 1.7651663 0.0320 19.0 9.0
-1.4716616 -0.3337822 2.213743320 19.0 9.0
-1.4716616 -0.3337822 2.213743321 18.0 10.0
-5.305977 -2.4327307 4.427486321 18.0 10.0
-5.305977 -2.4327307 4.427486322 1.0 11.0
-9.140292 -4.531679 6.6412287322 1.0 11.0
-9.140292 -4.531679 6.6412287323 0.0 12.0
-11.447962 -8.643585 7.9735622323 0.0 12.0
-11.447962 -8.643585 7.9735622324 0.0 13.0
-11.540812 -13.542231 8.027169324 0.0 13.0
-5.305977 -2.4327307 4.427486325 1.0 11.0
-3.156319 -6.6572833 3.1863804325 1.0 11.0
-3.156319 -6.6572833 3.1863804326 0.0 12.0
-3.249169 -11.555928 3.2399874326 0.0 12.0
-3.249169 -11.555928 3.2399874327 0.0 13.0
-5.5568385 -15.667833 4.572321327 0.0 13.0
-5.305977 -2.4327307 4.427486328 17.0 11.0
-5.413191 -7.3313756 4.427486328 17.0 11.0
-5.413191 -7.3313756 4.427486329 16.0 12.0
-5.520405 -12.2300205 4.427486329 16.0 12.0
-5.520405 -12.2300205 4.427486330 1.0 13.0
-5.613255 -17.128666 4.481093330 1.0 13.0
-5.613255 -17.128666 4.481093331 0.0 14.0
-3.463597 -21.353218 3.2399874331 0.0 14.0
-3.463597 -21.353218 3.2399874332 0.0 15.0
0.28751683 -23.643867 1.0742807332 0.0 15.0
-5.520405 -12.2300205 4.427486333 1.0 13.0
-1.2864609 -11.90367 1.9830172333 1.0 13.0
-1.2864609 -11.90367 1.9830172334 0.0 14.0
2.464653 -14.194321 -0.18268943334 0.0 14.0
2.464653 -14.194321 -0.18268943335 0.0 15.0
4.614311 -18.418873 -1.4237951335 0.0 15.0
-5.520405 -12.2300205 4.427486336 7.0 13.0
-1.7692909 -14.520671 2.2617793336 7.0 13.0
-1.7692909 -14.520671 2.2617793337 6.0 14.0
1.981823 -16.811321 0.096072674337 6.0 14.0
1.981823 -16.811321 0.096072674338 1.0 15.0
5.732937 -19.10197 -2.069634338 1.0 15.0
5.732937 -19.10197 -2.069634339 0.0 16.0
9.966881 -18.77562 -4.514103339 0.0 16.0
9.966881 -18.77562 -4.514103340 0.0 17.0
13.421045 -15.92959 -6.5083656340 0.0 17.0
1.981823 -16.811321 0.096072674341 1.0 15.0
3.6261358 -12.294332 -0.8532718341 1.0 15.0
3.6261358 -12.294332 -0.8532718342 0.0 16.0
7.0803 -9.448302 -2.8475344342 0.0 16.0
7.0803 -9.448302 -2.8475344343 0.0 17.0
11.314243 -9.121952 -5.292003343 0.0 17.0
1.981823 -16.811321 0.096072674344 5.0 15.0
3.8805118 -12.294332 0.096072674344 5.0 15.0
3.8805118 -12.294332 0.096072674345 4.0 16.0
5.7792006 -7.777342 0.096072674345 4.0 16.0
5.7792006 -7.777342 0.096072674346 1.0 17.0
7.4235134 -3.2603521 -0.8532718346 1.0 17.0
7.4235134 -3.2603521 -0.8532718347 0.0 18.0
6.767622 1.5805798 -0.47459272347 0.0 18.0
6.767622 1.5805798 -0.47459272348 0.0 19.0
4.007121 5.301833 1.1191835348 0.0 19.0
5.7792006 -7.777342 0.096072674349 1.0 17.0
1.7373028 -6.285488 2.4296637349 1.0 17.0
1.7373028 -6.285488 2.4296637350 0.0 18.0
-1.0231984 -2.564235 4.02344350 0.0 18.0
-1.0231984 -2.564235 4.02344351 0.0 19.0
-1.6790898 2.276697 4.402119351 0.0 19.0
5.7792006 -7.777342 0.096072674352 3.0 17.0
1.1120186 -6.285488 0.096072674352 3.0 17.0
1.1120186 -6.285488 0.096072674353 2.0 18.0
-3.5551634 -4.7936344 0.096072674353 2.0 18.0
-3.5551634 -4.7936344 0.096072674354 1.0 19.0
-7.597061 -3.3017805 2.4296637354 1.0 19.0
-7.597061 -3.3017805 2.4296637355 0.0 20.0
-11.715015 -4.484214 4.807166355 0.0 20.0
-11.715015 -4.484214 4.807166356 0.0 21.0
-14.6810055 -7.988319 6.5195813356 0.0 21.0
-3.5551634 -4.7936344 0.096072674357 1.0 19.0
-4.4846964 -9.574448 0.63273895357 1.0 19.0
-4.4846964 -9.574448 0.63273895358 0.0 20.0
-7.4506865 -13.078552 2.345154358 0.0 20.0
-7.4506865 -13.078552 2.345154359 0.0 21.0
-11.568642 -14.260985 4.7226562359 0.0 21.0
-5.520405 -12.2300205 4.427486360 7.0 13.0
-3.876092 -7.713031 3.4781415360 7.0 13.0
-3.876092 -7.713031 3.4781415361 6.0 14.0
-2.231779 -3.196041 2.5287971361 6.0 14.0
-2.231779 -3.196041 2.5287971362 1.0 15.0
-0.58746624 1.3209486 1.5794528362 1.0 15.0
-0.58746624 1.3209486 1.5794528363 0.0 16.0
-1.2433577 6.1618805 1.9581318363 0.0 16.0
-1.2433577 6.1618805 1.9581318364 0.0 17.0
-4.0038586 9.883134 3.551908364 0.0 17.0
-2.231779 -3.196041 2.5287971365 1.0 15.0
-6.273677 -1.7041872 4.862388365 1.0 15.0
-6.273677 -1.7041872 4.862388366 0.0 16.0
-9.034178 2.017066 6.4561644366 0.0 16.0
-9.034178 2.017066 6.4561644367 0.0 17.0
-9.690069 6.857998 6.8348436367 0.0 17.0
-2.231779 -3.196041 2.5287971368 5.0 15.0
-2.9891372 1.6448908 2.5287971368 5.0 15.0
-2.9891372 1.6448908 2.5287971369 4.0 16.0
-3.7464952 6.4858227 2.5287971369 4.0 16.0
-3.7464952 6.4858227 2.5287971370 1.0 17.0
-4.4023867 11.326755 2.9074762370 1.0 17.0
-4.4023867 11.326755 2.9074762371 0.0 18.0
-7.1628876 15.048008 4.501252371 0.0 18.0
-7.1628876 15.048008 4.501252372 0.0 19.0
-11.204785 16.539862 6.834843372 0.0 19.0
-3.7464952 6.4858227 2.5287971373 1.0 17.0
-7.86445 5.3033895 4.9062996373 1.0 17.0
-7.86445 5.3033895 4.9062996374 0.0 18.0
-11.906347 6.7952433 7.2398906374 0.0 18.0
-11.906347 6.7952433 7.2398906375 0.0 19.0
-14.666848 10.516497 8.833667375 0.0 19.0
-3.7464952 6.4858227 2.5287971376 3.0 17.0
-6.9340477 10.207076 2.5287971376 3.0 17.0
-6.9340477 10.207076 2.5287971377 2.0 18.0
-10.1216 13.928329 2.5287971377 2.0 18.0
-10.1216 13.928329 2.5287971378 1.0 19.0
-12.882101 17.649582 4.1225734378 1.0 19.0
-12.882101 17.649582 4.1225734379 0.0 20.0
-16.924 19.141436 6.4561644379 0.0 20.0
-16.924 19.141436 6.4561644380 0.0 21.0
-21.041954 17.959003 8.833667380 0.0 21.0
-10.1216 13.928329 2.5287971381 1.0 19.0
-13.08759 10.424225 4.2412124381 1.0 19.0
-13.08759 10.424225 4.2412124382 0.0 20.0
-17.205545 9.241792 6.6187143382 0.0 20.0
-17.205545 9.241792 6.6187143383 0.0 21.0
-21.247444 10.733645 8.952305383 0.0 21.0
-5.520405 -12.2300205 4.427486384 15.0 13.0
-0.63146734 -11.90367 4.427486384 15.0 13.0
-0.63146734 -11.90367 4.427486385 14.0 14.0
4.25747 -11.57732 4.427486385 14.0 14.0
4.25747 -11.57732 4.427486386 1.0 15.0
8.491414 -11.25097 1.9830172386 1.0 15.0
8.491414 -11.25097 1.9830172387 0.0 16.0
11.945578 -8.404941 -0.01124537387 0.0 16.0
11.945578 -8.404941 -0.01124537388 0.0 17.0
13.5898905 -3.887951 -0.9605898388 0.0 17.0
4.25747 -11.57732 4.427486389 1.0 15.0
3.6015787 -6.736388 4.806165389 1.0 15.0
3.6015787 -6.736388 4.806165390 0.0 16.0
5.2458916 -2.2193985 3.8568208390 0.0 16.0
5.2458916 -2.2193985 3.8568208391 0.0 17.0
8.700056 0.6266308 1.8625582391 0.0 17.0
4.25747 -11.57732 4.427486392 13.0 15.0
6.156159 -7.0603304 4.427486392 13.0 15.0
6.156159 -7.0603304 4.427486393 12.0 16.0
8.054848 -2.5433407 4.427486393 12.0 16.0
8.054848 -2.5433407 4.427486394 1.0 17.0
9.699161 1.973649 3.4781415394 1.0 17.0
9.699161 1.973649 3.4781415395 0.0 18.0
9.043269 6.814581 3.8568206395 0.0 18.0
9.043269 6.814581 3.8568206396 0.0 19.0
6.2827682 10.535834 5.450597396 0.0 19.0
8.054848 -2.5433407 4.427486397 1.0 17.0
4.01295 -1.0514867 6.761077397 1.0 17.0
4.01295 -1.0514867 6.761077398 0.0 18.0
1.2524488 2.6697664 8.354853398 0.0 18.0
1.2524488 2.6697664 8.354853399 0.0 19.0
0.59655744 7.5106983 8.733532399 0.0 19.0
8.054848 -2.5433407 4.427486400 7.0 17.0
5.294347 1.1779125 6.021262400 7.0 17.0
5.294347 1.1779125 6.021262401 6.0 18.0
2.5338457 4.8991656 7.6150384401 6.0 18.0
2.5338457 4.8991656 7.6150384402 1.0 19.0
-0.22665548 8.620419 9.208815402 1.0 19.0
-0.22665548 8.620419 9.208815403 0.0 20.0
-4.2685533 10.112272 11.542406403 0.0 20.0
-4.2685533 10.112272 11.542406404 0.0 21.0
-8.386508 8.929839 13.919909404 0.0 21.0
2.5338457 4.8991656 7.6150384405 1.0 19.0
-0.43214417 1.3950605 9.327454405 1.0 19.0
-0.43214417 1.3950605 9.327454406 0.0 20.0
-4.550099 0.21262741 11.704956406 0.0 20.0
-4.550099 0.21262741 11.704956407 0.0 21.0
-8.591997 1.7044814 14.0385475407 0.0 21.0
2.5338457 4.8991656 7.6150384408 5.0 19.0
-0.89098454 1.3950605 7.6150384408 5.0 19.0
-0.89098454 1.3950605 7.6150384409 4.0 20.0
-4.315815 -2.1090446 7.6150384409 4.0 20.0
-4.315815 -2.1090446 7.6150384410 1.0 21.0
-7.281805 -5.6131496 9.327454410 1.0 21.0
-7.281805 -5.6131496 9.327454411 0.0 22.0
-8.211338 -10.393963 9.86412411 0.0 22.0
-8.211338 -10.393963 9.86412412 0.0 23.0
-6.827217 -15.025791 9.064997412 0.0 23.0
-4.315815 -2.1090446 7.6150384413 1.0 21.0
-1.030798 -5.2106194 5.718433413 1.0 21.0
-1.030798 -5.2106194 5.718433414 0.0 22.0
0.3533231 -9.842447 4.91931414 0.0 22.0
0.3533231 -9.842447 4.91931415 0.0 23.0
-0.57621014 -14.6232605 5.4559765415 0.0 23.0
-4.315815 -2.1090446 7.6150384416 3.0 21.0
-0.522604 -5.2106194 7.6150384416 3.0 21.0
-0.522604 -5.2106194 7.6150384417 2.0 22.0
3.270607 -8.312195 7.6150384417 2.0 22.0
3.270607 -8.312195 7.6150384418 1.0 23.0
6.555624 -11.41377 5.718433418 1.0 23.0
6.555624 -11.41377 5.718433419 0.0 24.0
10.761904 -12.0601635 3.2899358419 0.0 24.0
10.761904 -12.0601635 3.2899358420 0.0 25.0
14.635082 -10.058613 1.0537553420 0.0 25.0
3.270607 -8.312195 7.6150384421 1.0 23.0
5.655653 -4.2595882 6.2380314421 1.0 23.0
5.655653 -4.2595882 6.2380314422 0.0 24.0
9.5288315 -2.258038 4.001851422 0.0 24.0
9.5288315 -2.258038 4.001851423 0.0 25.0
13.735111 -2.9044316 1.573354423 0.0 25.0
8.054848 -2.5433407 4.427486424 7.0 17.0
5.0888577 -6.047446 6.139901424 7.0 17.0
5.0888577 -6.047446 6.139901425 6.0 18.0
2.1228678 -9.551551 7.8523164425 6.0 18.0
2.1228678 -9.551551 7.8523164426 1.0 19.0
-0.843122 -13.055656 9.564732426 1.0 19.0
-0.843122 -13.055656 9.564732427 0.0 20.0
-1.7726552 -17.83647 10.1013975427 0.0 20.0
-1.7726552 -17.83647 10.1013975428 0.0 21.0
-0.3885342 -22.468298 9.302275428 0.0 21.0
2.1228678 -9.551551 7.8523164429 1.0 19.0
5.4078846 -12.653126 5.955711429 1.0 19.0
5.4078846 -12.653126 5.955711430 0.0 20.0
6.7920055 -17.284954 5.156588430 0.0 20.0
6.7920055 -17.284954 5.156588431 0.0 21.0
5.8624725 -22.065767 5.6932545431 0.0 21.0
2.1228678 -9.551551 7.8523164432 5.0 19.0
1.0495353 -14.332363 7.8523164432 5.0 19.0
1.0495353 -14.332363 7.8523164433 4.0 20.0
-0.023797274 -19.113176 7.8523164433 4.0 20.0
-0.023797274 -19.113176 7.8523164434 1.0 21.0
-0.9533305 -23.89399 8.388983434 1.0 21.0
-0.9533305 -23.89399 8.388983435 0.0 22.0
0.43079054 -28.525818 7.58986435 0.0 22.0
0.43079054 -28.525818 7.58986436 0.0 23.0
3.7158074 -31.627392 5.6932545436 0.0 23.0
-0.023797274 -19.113176 7.8523164437 1.0 21.0
4.1824827 -19.75957 5.4238195437 1.0 21.0
4.1824827 -19.75957 5.4238195438 0.0 22.0
7.4674997 -22.861145 3.527214438 0.0 22.0
7.4674997 -22.861145 3.527214439 0.0 23.0
8.851621 -27.492973 2.7280915439 0.0 23.0
-0.023797274 -19.113176 7.8523164440 3.0 21.0
1.574448 -23.745005 7.8523164440 3.0 21.0
1.574448 -23.745005 7.8523164441 2.0 22.0
3.1726933 -28.376833 7.8523164441 2.0 22.0
3.1726933 -28.376833 7.8523164442 1.0 23.0
4.556814 -33.00866 7.0531936442 1.0 23.0
4.556814 -33.00866 7.0531936443 0.0 24.0
7.841831 -36.110233 5.156588443 0.0 24.0
7.841831 -36.110233 5.156588444 0.0 25.0
12.048111 -36.756626 2.728091444 0.0 25.0
3.1726933 -28.376833 7.8523164445 1.0 23.0
7.0458717 -26.375282 5.6161356445 1.0 23.0
7.0458717 -26.375282 5.6161356446 0.0 24.0
11.2521515 -27.021675 3.1876385446 0.0 24.0
11.2521515 -27.021675 3.1876385447 0.0 25.0
14.5371685 -30.12325 1.291033447 0.0 25.0
8.054848 -2.5433407 4.427486448 11.0 17.0
3.3876657 -1.0514867 4.427486448 11.0 17.0
3.3876657 -1.0514867 4.427486449 10.0 18.0
-1.2795162 0.44036722 4.427486449 10.0 18.0
-1.2795162 0.44036722 4.427486450 1.0 19.0
-5.321414 1.9322212 6.761077450 1.0 19.0
-5.321414 1.9322212 6.761077451 0.0 20.0
-9.439369 0.74978805 9.138579451 0.0 20.0
-9.439369 0.74978805 9.138579452 0.0 21.0
-12.405359 -2.754317 10.850994452 0.0 21.0
-1.2795162 0.44036722 4.427486453 1.0 19.0
-2.2090495 -4.3404455 4.9641523453 1.0 19.0
-2.2090495 -4.3404455 4.9641523454 0.0 20.0
-5.1750393 -7.8445506 6.6765676454 0.0 20.0
-5.1750393 -7.8445506 6.6765676455 0.0 21.0
-9.292994 -9.026983 9.0540695455 0.0 21.0
-1.2795162 0.44036722 4.427486456 9.0 19.0
-4.7043467 -3.0637379 4.427486456 9.0 19.0
-4.7043467 -3.0637379 4.427486457 8.0 20.0
-8.129177 -6.567843 4.427486457 8.0 20.0
-8.129177 -6.567843 4.427486458 1.0 21.0
-11.095167 -10.071948 6.139901458 1.0 21.0
-11.095167 -10.071948 6.139901459 0.0 22.0
-12.0247 -14.85276 6.6765676459 0.0 22.0
-12.0247 -14.85276 6.6765676460 0.0 23.0
-10.640579 -19.484589 5.8774447460 0.0 23.0
-8.129177 -6.567843 4.427486461 1.0 21.0
-4.84416 -9.669418 2.5308805461 1.0 21.0
-4.84416 -9.669418 2.5308805462 0.0 22.0
-3.4600391 -14.301247 1.7317579462 0.0 22.0
-3.4600391 -14.301247 1.7317579463 0.0 23.0
-4.389572 -19.08206 2.268424463 0.0 23.0
-8.129177 -6.567843 4.427486464 7.0 21.0
-6.745056 -11.199671 3.6283634464 7.0 21.0
-6.745056 -11.199671 3.6283634465 6.0 22.0
-5.360935 -15.831499 2.8292408465 6.0 22.0
-5.360935 -15.831499 2.8292408466 1.0 23.0
-3.9768143 -20.463327 2.0301182466 1.0 23.0
-3.9768143 -20.463327 2.0301182467 0.0 24.0
-0.69179726 -23.564903 0.13351274467 0.0 24.0
-0.69179726 -23.564903 0.13351274468 0.0 25.0
3.514483 -24.211296 -2.2949843468 0.0 25.0
-5.360935 -15.831499 2.8292408469 1.0 23.0
-1.4877567 -13.829948 0.59306026469 1.0 23.0
-1.4877567 -13.829948 0.59306026470 0.0 24.0
2.7185235 -14.476342 -1.8354368470 0.0 24.0
2.7185235 -14.476342 -1.8354368471 0.0 25.0
6.0035405 -17.577917 -3.7320423471 0.0 25.0
-5.360935 -15.831499 2.8292408472 5.0 23.0
-0.8885741 -13.829948 2.8292408472 5.0 23.0
-0.8885741 -13.829948 2.8292408473 4.0 24.0
3.583787 -11.828398 2.8292408473 4.0 24.0
3.583787 -11.828398 2.8292408474 1.0 25.0
7.4569654 -9.826847 0.59306026474 1.0 25.0
7.4569654 -9.826847 0.59306026475 0.0 26.0
9.842011 -5.7742405 -0.7839469475 0.0 26.0
9.842011 -5.7742405 -0.7839469476 0.0 27.0
10.027676 -0.8791151 -0.89114476 0.0 27.0
3.583787 -11.828398 2.8292408477 1.0 25.0
1.5147014 -7.5505404 4.023828477 1.0 25.0
1.5147014 -7.5505404 4.023828478 0.0 26.0
1.7003653 -2.655415 3.916635478 0.0 26.0
1.7003653 -2.655415 3.916635479 0.0 27.0
4.0854115 1.3971915 2.539628479 0.0 27.0
3.583787 -11.828398 2.8292408480 3.0 25.0
1.1946125 -7.5505404 2.8292408480 3.0 25.0
1.1946125 -7.5505404 2.8292408481 2.0 26.0
-1.194562 -3.2726831 2.8292408481 2.0 26.0
-1.194562 -3.2726831 2.8292408482 1.0 27.0
-3.2636476 1.0051742 4.023828482 1.0 27.0
-3.2636476 1.0051742 4.023828483 0.0 28.0
-6.970456 3.3900526 6.1639547483 0.0 28.0
-6.970456 3.3900526 6.1639547484 0.0 29.0
-11.20957 3.1707518 8.611408484 0.0 29.0
-1.194562 -3.2726831 2.8292408485 1.0 27.0
-4.701826 -6.0307646 4.8541603485 1.0 27.0
-4.701826 -6.0307646 4.8541603486 0.0 28.0
-8.940941 -6.2500653 7.3016143486 0.0 28.0
-8.940941 -6.2500653 7.3016143487 0.0 29.0
-12.647749 -3.865187 9.441741487 0.0 29.0
-8.129177 -6.567843 4.427486488 7.0 21.0
-4.2559986 -4.566293 2.1913054488 7.0 21.0
-4.2559986 -4.566293 2.1913054489 6.0 22.0
-0.38282013 -2.5647426 -0.044875145489 6.0 22.0
-0.38282013 -2.5647426 -0.044875145490 1.0 23.0
3.4903584 -0.56319237 -2.2810557490 1.0 23.0
3.4903584 -0.56319237 -2.2810557491 0.0 24.0
5.8754044 3.4894142 -3.658063491 0.0 24.0
5.8754044 3.4894142 -3.658063492 0.0 25.0
6.061068 8.38454 -3.765256492 0.0 25.0
-0.38282013 -2.5647426 -0.044875145493 1.0 23.0
-2.4519057 1.7131147 1.1497121493 1.0 23.0
-2.4519057 1.7131147 1.1497121494 0.0 24.0
-2.2662418 6.60824 1.042519494 0.0 24.0
-2.2662418 6.60824 1.042519495 0.0 25.0
0.118804455 10.660847 -0.33448815495 0.0 25.0
-0.38282013 -2.5647426 -0.044875145496 5.0 23.0
2.3711941 1.487864 -0.044875145496 5.0 23.0
2.3711941 1.487864 -0.044875145497 4.0 24.0
5.1252084 5.5404706 -0.044875145497 4.0 24.0
5.1252084 5.5404706 -0.044875145498 1.0 25.0
7.510255 9.593077 -1.4218823498 1.0 25.0
7.510255 9.593077 -1.4218823499 0.0 26.0
7.6959186 14.488202 -1.5290754499 0.0 26.0
7.6959186 14.488202 -1.5290754500 0.0 27.0
5.626833 18.76606 -0.33448815500 0.0 27.0
5.1252084 5.5404706 -0.044875145501 1.0 25.0
1.4184 7.925349 2.0952518501 1.0 25.0
1.4184 7.925349 2.0952518502 0.0 26.0
-0.65068555 12.203207 3.289839502 0.0 26.0
-0.65068555 12.203207 3.289839503 0.0 27.0
-0.46502167 17.098331 3.182646503 0.0 27.0
5.1252084 5.5404706 -0.044875145504 3.0 25.0
5.3395944 10.435596 -0.044875145504 3.0 25.0
5.3395944 10.435596 -0.044875145505 2.0 26.0
5.5539804 15.330722 -0.044875145505 2.0 26.0
5.5539804 15.330722 -0.044875145506 1.0 27.0
5.739644 20.225847 -0.15206823506 1.0 27.0
5.739644 20.225847 -0.15206823507 0.0 28.0
3.6705585 24.503704 1.042519507 0.0 28.0
3.6705585 24.503704 1.042519508 0.0 29.0
-0.036249876 26.888582 3.1826458508 0.0 29.0
5.5539804 15.330722 -0.044875145509 1.0 27.0
1.3148661 15.111421 2.4025788509 1.0 27.0
1.3148661 15.111421 2.4025788510 0.0 28.0
-2.3919423 17.4963 4.5427055510 0.0 28.0
-2.3919423 17.4963 4.5427055511 0.0 29.0
-4.461028 21.774157 5.737293511 0.0 29.0
