0.0 0.0 0.00 60.0 1.0
0.0 0.54250777 0.00 60.0 1.0
0.0 0.54250777 0.01 59.0 2.0
0.0 1.0850155 0.01 59.0 2.0
0.0 1.0850155 0.02 58.0 3.0
0.0 1.6275233 0.02 58.0 3.0
0.0 1.6275233 0.03 57.0 4.0
0.0 2.170031 0.03 57.0 4.0
0.0 2.170031 0.04 56.0 5.0
0.0 2.7125387 0.04 56.0 5.0
0.0 2.7125387 0.05 55.0 6.0
0.0 3.2550464 0.05 55.0 6.0
0.0 3.2550464 0.06 54.0 7.0
0.0 3.797554 0.06 54.0 7.0
0.0 3.797554 0.07 53.0 8.0
0.0 4.3400617 0.07 53.0 8.0
0.0 4.3400617 0.08 52.0 9.0
0.0 4.8825693 0.08 52.0 9.0
0.0 4.8825693 0.09 51.0 10.0
0.0 5.425077 0.09 51.0 10.0
0.0 5.425077 0.010 50.0 11.0
0.0 5.9675846 0.010 50.0 11.0
0.0 5.9675846 0.011 49.0 12.0
0.0 6.5100923 0.011 49.0 12.0
0.0 6.5100923 0.012 48.0 13.0
0.0 7.0526 0.012 48.0 13.0
0.0 7.0526 0.013 47.0 14.0
0.0 7.5951076 0.013 47.0 14.0
0.0 7.5951076 0.014 46.0 15.0
0.0 8.137615 0.014 46.0 15.0
0.0 8.137615 0.015 45.0 16.0
0.0 8.680123 0.015 45.0 16.0
0.0 8.680123 0.016 28.0 17.0
-0.22663939 9.155336 0.1308503216 28.0 17.0
-0.22663939 9.155336 0.1308503217 27.0 18.0
-0.45327878 9.630549 0.2617006317 27.0 18.0
-0.45327878 9.630549 0.2617006318 26.0 19.0
-0.67991817 10.1057625 0.3925509518 26.0 19.0
-0.67991817 10.1057625 0.3925509519 25.0 20.0
-0.90655756 10.580976 0.5234012619 25.0 20.0
-0.90655756 10.580976 0.5234012620 24.0 21.0
-1.133197 11.056189 0.654251620 24.0 21.0
-1.133197 11.056189 0.654251621 23.0 22.0
-1.3598363 11.531402 0.785101921 23.0 22.0
-1.3598363 11.531402 0.785101922 22.0 23.0
-1.5864757 12.006615 0.915952222 22.0 23.0
-1.5864757 12.006615 0.915952223 21.0 24.0
-1.8131151 12.481828 1.046802523 21.0 24.0
-1.8131151 12.481828 1.046802524 12.0 25.0
-2.2101674 12.771852 1.276040824 12.0 25.0
-2.2101674 12.771852 1.276040825 11.0 26.0
-2.6072197 13.061875 1.505279125 11.0 26.0
-2.6072197 13.061875 1.505279126 10.0 27.0
-3.004272 13.351899 1.734517326 10.0 27.0
-3.004272 13.351899 1.734517327 9.0 28.0
-3.4013243 13.641923 1.963755627 9.0 28.0
-3.4013243 13.641923 1.963755628 4.0 29.0
-3.870286 13.674807 2.234510728 4.0 29.0
-3.870286 13.674807 2.234510729 3.0 30.0
-4.3392477 13.70769 2.505265729 3.0 30.0
-4.3392477 13.70769 2.505265730 0.0 31.0
-4.763775 13.475275 2.750366730 0.0 31.0
-4.763775 13.475275 2.750366731 0.0 32.0
-5.253977 13.24286 2.750366731 0.0 32.0
-4.3392477 13.70769 2.505265732 0.0 31.0
-4.7363 13.997714 2.73450432 0.0 31.0
-4.7363 13.997714 2.73450433 0.0 32.0
-5.1947765 14.287738 2.73450433 0.0 32.0
-4.3392477 13.70769 2.505265734 2.0 31.0
-4.880758 13.740574 2.505265734 2.0 31.0
-4.880758 13.740574 2.505265735 1.0 32.0
-5.422268 13.773458 2.505265735 1.0 32.0
-5.422268 13.773458 2.505265736 0.0 33.0
-5.963778 13.806341 2.505265736 0.0 33.0
-5.963778 13.806341 2.505265737 0.0 34.0
-6.505288 13.839225 2.505265737 0.0 34.0
-3.4013243 13.641923 1.963755638 4.0 29.0
-3.6279635 14.117136 2.09460638 4.0 29.0
-3.6279635 14.117136 2.09460639 3.0 30.0
-3.8546028 14.592349 2.225456239 3.0 30.0
-3.8546028 14.592349 2.225456240 0.0 31.0
-4.251655 14.882373 2.454694540 0.0 31.0
-4.251655 14.882373 2.454694541 0.0 32.0
-4.7101316 15.172397 2.454694541 0.0 32.0
-3.8546028 14.592349 2.225456242 0.0 31.0
-3.8546028 15.134857 2.225456242 0.0 31.0
-3.8546028 15.134857 2.225456243 0.0 32.0
-3.8546028 15.677365 2.225456243 0.0 32.0
-3.8546028 14.592349 2.225456244 2.0 31.0
-4.1163034 15.067562 2.225456244 2.0 31.0
-4.1163034 15.067562 2.225456245 1.0 32.0
-4.378004 15.542775 2.225456245 1.0 32.0
-4.378004 15.542775 2.225456246 0.0 33.0
-4.6397047 16.017988 2.225456246 0.0 33.0
-4.6397047 16.017988 2.225456247 0.0 34.0
-4.9014053 16.493202 2.225456247 0.0 34.0
-3.4013243 13.641923 1.963755648 8.0 29.0
-3.8598008 13.931947 1.963755648 8.0 29.0
-3.8598008 13.931947 1.963755649 7.0 30.0
-4.3182774 14.221971 1.963755649 7.0 30.0
-4.3182774 14.221971 1.963755650 6.0 31.0
-4.776754 14.511994 1.963755650 6.0 31.0
-4.776754 14.511994 1.963755651 5.0 32.0
-5.2352304 14.802018 1.963755651 5.0 32.0
-5.2352304 14.802018 1.963755652 4.0 33.0
-5.693707 15.092042 1.963755652 4.0 33.0
-5.693707 15.092042 1.963755653 3.0 34.0
-6.1521835 15.382066 1.963755653 3.0 34.0
-6.1521835 15.382066 1.963755654 0.0 35.0
-6.6211452 15.414949 2.234510754 0.0 35.0
-6.6211452 15.414949 2.234510755 0.0 36.0
-7.1626554 15.447833 2.234510755 0.0 36.0
-6.1521835 15.382066 1.963755656 0.0 35.0
-6.378823 15.857279 2.09460656 0.0 35.0
-6.378823 15.857279 2.09460657 0.0 36.0
-6.6405234 16.332493 2.09460657 0.0 36.0
-6.1521835 15.382066 1.963755658 2.0 35.0
-6.61066 15.67209 1.963755658 2.0 35.0
-6.61066 15.67209 1.963755659 1.0 36.0
-7.0691366 15.962113 1.963755659 1.0 36.0
-7.0691366 15.962113 1.963755660 0.0 37.0
-7.527613 16.252138 1.963755660 0.0 37.0
-7.527613 16.252138 1.963755661 0.0 38.0
-7.9860897 16.542162 1.963755661 0.0 38.0
-1.8131151 12.481828 1.046802562 12.0 25.0
-1.8131151 13.024336 1.046802562 12.0 25.0
-1.8131151 13.024336 1.046802563 11.0 26.0
-1.8131151 13.566844 1.046802563 11.0 26.0
-1.8131151 13.566844 1.046802564 10.0 27.0
-1.8131151 14.109352 1.046802564 10.0 27.0
-1.8131151 14.109352 1.046802565 9.0 28.0
-1.8131151 14.65186 1.046802565 9.0 28.0
-1.8131151 14.65186 1.046802566 4.0 29.0
-2.0397544 15.127073 1.177652866 4.0 29.0
-2.0397544 15.127073 1.177652867 3.0 30.0
-2.2663937 15.602286 1.308503267 3.0 30.0
-2.2663937 15.602286 1.308503268 0.0 31.0
-2.663446 15.89231 1.537741468 0.0 31.0
-2.663446 15.89231 1.537741469 0.0 32.0
-3.1219225 16.182335 1.537741469 0.0 32.0
-2.2663937 15.602286 1.308503270 0.0 31.0
-2.2663937 16.144794 1.308503270 0.0 31.0
-2.2663937 16.144794 1.308503271 0.0 32.0
-2.2663937 16.687302 1.308503271 0.0 32.0
-2.2663937 15.602286 1.308503272 2.0 31.0
-2.5280943 16.0775 1.308503272 2.0 31.0
-2.5280943 16.0775 1.308503273 1.0 32.0
-2.789795 16.552711 1.308503273 1.0 32.0
-2.789795 16.552711 1.308503274 0.0 33.0
-3.0514956 17.027924 1.308503274 0.0 33.0
-3.0514956 17.027924 1.308503275 0.0 34.0
-3.3131962 17.503136 1.308503275 0.0 34.0
-1.8131151 14.65186 1.046802576 4.0 29.0
-1.5864757 15.127073 0.915952276 4.0 29.0
-1.5864757 15.127073 0.915952277 3.0 30.0
-1.3598363 15.602286 0.785101977 3.0 30.0
-1.3598363 15.602286 0.785101978 0.0 31.0
-1.3598363 16.144794 0.785101978 0.0 31.0
-1.3598363 16.144794 0.785101979 0.0 32.0
-1.3598363 16.687302 0.785101979 0.0 32.0
-1.3598363 15.602286 0.785101980 0.0 31.0
-0.96278393 15.89231 0.555863680 0.0 31.0
-0.96278393 15.89231 0.555863681 0.0 32.0
-0.5043073 16.182335 0.555863681 0.0 32.0
-1.3598363 15.602286 0.785101982 2.0 31.0
-1.0981357 16.0775 0.785101982 2.0 31.0
-1.0981357 16.0775 0.785101983 1.0 32.0
-0.8364351 16.552711 0.785101983 1.0 32.0
-0.8364351 16.552711 0.785101984 0.0 33.0
-0.57473445 17.027924 0.785101984 0.0 33.0
-0.57473445 17.027924 0.785101985 0.0 34.0
-0.31303382 17.503136 0.785101985 0.0 34.0
-1.8131151 14.65186 1.046802586 8.0 29.0
-1.8131151 15.194368 1.046802586 8.0 29.0
-1.8131151 15.194368 1.046802587 7.0 30.0
-1.8131151 15.7368765 1.046802587 7.0 30.0
-1.8131151 15.7368765 1.046802588 6.0 31.0
-1.8131151 16.279385 1.046802588 6.0 31.0
-1.8131151 16.279385 1.046802589 5.0 32.0
-1.8131151 16.821892 1.046802589 5.0 32.0
-1.8131151 16.821892 1.046802590 4.0 33.0
-1.8131151 17.364399 1.046802590 4.0 33.0
-1.8131151 17.364399 1.046802591 3.0 34.0
-1.8131151 17.906906 1.046802591 3.0 34.0
-1.8131151 17.906906 1.046802592 0.0 35.0
-2.0397544 18.382118 1.177652892 0.0 35.0
-2.0397544 18.382118 1.177652893 0.0 36.0
-2.301455 18.85733 1.177652893 0.0 36.0
-1.8131151 17.906906 1.046802594 0.0 35.0
-1.5864757 18.382118 0.915952294 0.0 35.0
-1.5864757 18.382118 0.915952295 0.0 36.0
-1.3247751 18.85733 0.915952295 0.0 36.0
-1.8131151 17.906906 1.046802596 2.0 35.0
-1.8131151 18.449413 1.046802596 2.0 35.0
-1.8131151 18.449413 1.046802597 1.0 36.0
-1.8131151 18.99192 1.046802597 1.0 36.0
-1.8131151 18.99192 1.046802598 0.0 37.0
-1.8131151 19.534428 1.046802598 0.0 37.0
-1.8131151 19.534428 1.046802599 0.0 38.0
-1.8131151 20.076935 1.046802599 0.0 38.0
-1.8131151 12.481828 1.0468025100 20.0 25.0
-2.0748158 12.957041 1.0468025100 20.0 25.0
-2.0748158 12.957041 1.0468025101 19.0 26.0
-2.3365164 13.432254 1.0468025101 19.0 26.0
-2.3365164 13.432254 1.0468025102 18.0 27.0
-2.598217 13.907467 1.0468025102 18.0 27.0
-2.598217 13.907467 1.0468025103 17.0 28.0
-2.8599176 14.38268 1.0468025103 17.0 28.0
-2.8599176 14.38268 1.0468025104 16.0 29.0
-3.1216183 14.857893 1.0468025104 16.0 29.0
-3.1216183 14.857893 1.0468025105 15.0 30.0
-3.383319 15.333106 1.0468025105 15.0 30.0
-3.383319 15.333106 1.0468025106 14.0 31.0
-3.6450195 15.808319 1.0468025106 14.0 31.0
-3.6450195 15.808319 1.0468025107 13.0 32.0
-3.9067202 16.283531 1.0468025107 13.0 32.0
-3.9067202 16.283531 1.0468025108 12.0 33.0
-4.168421 16.758743 1.0468025108 12.0 33.0
-4.168421 16.758743 1.0468025109 11.0 34.0
-4.4301214 17.233955 1.0468025109 11.0 34.0
-4.4301214 17.233955 1.0468025110 10.0 35.0
-4.691822 17.709167 1.0468025110 10.0 35.0
-4.691822 17.709167 1.0468025111 9.0 36.0
-4.9535227 18.18438 1.0468025111 9.0 36.0
-4.9535227 18.18438 1.0468025112 4.0 37.0
-5.350575 18.474403 1.2760408112 4.0 37.0
-5.350575 18.474403 1.2760408113 3.0 38.0
-5.7476273 18.764427 1.5052791113 3.0 38.0
-5.7476273 18.764427 1.5052791114 0.0 39.0
-6.216589 18.79731 1.7760342114 0.0 39.0
-6.216589 18.79731 1.7760342115 0.0 40.0
-6.758099 18.830193 1.7760342115 0.0 40.0
-5.7476273 18.764427 1.5052791116 0.0 39.0
-5.9742665 19.23964 1.6361294116 0.0 39.0
-5.9742665 19.23964 1.6361294117 0.0 40.0
-6.235967 19.714851 1.6361294117 0.0 40.0
-5.7476273 18.764427 1.5052791118 2.0 39.0
-6.206104 19.054451 1.5052791118 2.0 39.0
-6.206104 19.054451 1.5052791119 1.0 40.0
-6.6645803 19.344475 1.5052791119 1.0 40.0
-6.6645803 19.344475 1.5052791120 0.0 41.0
-7.123057 19.634499 1.5052791120 0.0 41.0
-7.123057 19.634499 1.5052791121 0.0 42.0
-7.5815334 19.924522 1.5052791121 0.0 42.0
-4.9535227 18.18438 1.0468025122 4.0 37.0
-4.9535227 18.726887 1.0468025122 4.0 37.0
-4.9535227 18.726887 1.0468025123 3.0 38.0
-4.9535227 19.269394 1.0468025123 3.0 38.0
-4.9535227 19.269394 1.0468025124 0.0 39.0
-5.180162 19.744606 1.1776528124 0.0 39.0
-5.180162 19.744606 1.1776528125 0.0 40.0
-5.4418626 20.219818 1.1776528125 0.0 40.0
-4.9535227 19.269394 1.0468025126 0.0 39.0
-4.7268834 19.744606 0.9159522126 0.0 39.0
-4.7268834 19.744606 0.9159522127 0.0 40.0
-4.465183 20.219818 0.9159522127 0.0 40.0
-4.9535227 19.269394 1.0468025128 2.0 39.0
-4.9535227 19.811901 1.0468025128 2.0 39.0
-4.9535227 19.811901 1.0468025129 1.0 40.0
-4.9535227 20.354408 1.0468025129 1.0 40.0
-4.9535227 20.354408 1.0468025130 0.0 41.0
-4.9535227 20.896915 1.0468025130 0.0 41.0
-4.9535227 20.896915 1.0468025131 0.0 42.0
-4.9535227 21.439423 1.0468025131 0.0 42.0
-4.9535227 18.18438 1.0468025132 8.0 37.0
-5.2152233 18.659592 1.0468025132 8.0 37.0
-5.2152233 18.659592 1.0468025133 7.0 38.0
-5.476924 19.134804 1.0468025133 7.0 38.0
-5.476924 19.134804 1.0468025134 6.0 39.0
-5.7386246 19.610016 1.0468025134 6.0 39.0
-5.7386246 19.610016 1.0468025135 5.0 40.0
-6.000325 20.085228 1.0468025135 5.0 40.0
-6.000325 20.085228 1.0468025136 4.0 41.0
-6.262026 20.56044 1.0468025136 4.0 41.0
-6.262026 20.56044 1.0468025137 3.0 42.0
-6.5237265 21.035652 1.0468025137 3.0 42.0
-6.5237265 21.035652 1.0468025138 0.0 43.0
-6.9207788 21.325676 1.2760408138 0.0 43.0
-6.9207788 21.325676 1.2760408139 0.0 44.0
-7.3792553 21.6157 1.2760408139 0.0 44.0
-6.5237265 21.035652 1.0468025140 0.0 43.0
-6.5237265 21.57816 1.0468025140 0.0 43.0
-6.5237265 21.57816 1.0468025141 0.0 44.0
-6.5237265 22.120667 1.0468025141 0.0 44.0
-6.5237265 21.035652 1.0468025142 2.0 43.0
-6.785427 21.510864 1.0468025142 2.0 43.0
-6.785427 21.510864 1.0468025143 1.0 44.0
-7.0471277 21.986076 1.0468025143 1.0 44.0
-7.0471277 21.986076 1.0468025144 0.0 45.0
-7.3088284 22.461288 1.0468025144 0.0 45.0
-7.3088284 22.461288 1.0468025145 0.0 46.0
-7.570529 22.9365 1.0468025145 0.0 46.0
0.0 8.680123 0.0146 28.0 17.0
0.22663939 9.155336 -0.13085032146 28.0 17.0
0.22663939 9.155336 -0.13085032147 27.0 18.0
0.45327878 9.630549 -0.26170063147 27.0 18.0
0.45327878 9.630549 -0.26170063148 26.0 19.0
0.67991817 10.1057625 -0.39255095148 26.0 19.0
0.67991817 10.1057625 -0.39255095149 25.0 20.0
0.90655756 10.580976 -0.52340126149 25.0 20.0
0.90655756 10.580976 -0.52340126150 24.0 21.0
1.133197 11.056189 -0.6542516150 24.0 21.0
1.133197 11.056189 -0.6542516151 23.0 22.0
1.3598363 11.531402 -0.7851019151 23.0 22.0
1.3598363 11.531402 -0.7851019152 22.0 23.0
1.5864757 12.006615 -0.9159522152 22.0 23.0
1.5864757 12.006615 -0.9159522153 21.0 24.0
1.8131151 12.481828 -1.0468025153 21.0 24.0
1.8131151 12.481828 -1.0468025154 12.0 25.0
1.8131151 13.024336 -1.0468025154 12.0 25.0
1.8131151 13.024336 -1.0468025155 11.0 26.0
1.8131151 13.566844 -1.0468025155 11.0 26.0
1.8131151 13.566844 -1.0468025156 10.0 27.0
1.8131151 14.109352 -1.0468025156 10.0 27.0
1.8131151 14.109352 -1.0468025157 9.0 28.0
1.8131151 14.65186 -1.0468025157 9.0 28.0
1.8131151 14.65186 -1.0468025158 4.0 29.0
1.5864757 15.127073 -0.9159522158 4.0 29.0
1.5864757 15.127073 -0.9159522159 3.0 30.0
1.3598363 15.602286 -0.7851019159 3.0 30.0
1.3598363 15.602286 -0.7851019160 0.0 31.0
0.96278393 15.89231 -0.5558636160 0.0 31.0
0.96278393 15.89231 -0.5558636161 0.0 32.0
0.5043073 16.182335 -0.5558636161 0.0 32.0
1.3598363 15.602286 -0.7851019162 0.0 31.0
1.3598363 16.144794 -0.7851019162 0.0 31.0
1.3598363 16.144794 -0.7851019163 0.0 32.0
1.3598363 16.687302 -0.7851019163 0.0 32.0
1.3598363 15.602286 -0.7851019164 2.0 31.0
1.0981357 16.0775 -0.7851019164 2.0 31.0
1.0981357 16.0775 -0.7851019165 1.0 32.0
0.8364351 16.552711 -0.7851019165 1.0 32.0
0.8364351 16.552711 -0.7851019166 0.0 33.0
0.57473445 17.027924 -0.7851019166 0.0 33.0
0.57473445 17.027924 -0.7851019167 0.0 34.0
0.31303382 17.503136 -0.7851019167 0.0 34.0
1.8131151 14.65186 -1.0468025168 4.0 29.0
2.0397544 15.127073 -1.1776528168 4.0 29.0
2.0397544 15.127073 -1.1776528169 3.0 30.0
2.2663937 15.602286 -1.3085032169 3.0 30.0
2.2663937 15.602286 -1.3085032170 0.0 31.0
2.2663937 16.144794 -1.3085032170 0.0 31.0
2.2663937 16.144794 -1.3085032171 0.0 32.0
2.2663937 16.687302 -1.3085032171 0.0 32.0
2.2663937 15.602286 -1.3085032172 0.0 31.0
2.663446 15.89231 -1.5377414172 0.0 31.0
2.663446 15.89231 -1.5377414173 0.0 32.0
3.1219225 16.182335 -1.5377414173 0.0 32.0
2.2663937 15.602286 -1.3085032174 2.0 31.0
2.5280943 16.0775 -1.3085032174 2.0 31.0
2.5280943 16.0775 -1.3085032175 1.0 32.0
2.789795 16.552711 -1.3085032175 1.0 32.0
2.789795 16.552711 -1.3085032176 0.0 33.0
3.0514956 17.027924 -1.3085032176 0.0 33.0
3.0514956 17.027924 -1.3085032177 0.0 34.0
3.3131962 17.503136 -1.3085032177 0.0 34.0
1.8131151 14.65186 -1.0468025178 8.0 29.0
1.8131151 15.194368 -1.0468025178 8.0 29.0
1.8131151 15.194368 -1.0468025179 7.0 30.0
1.8131151 15.7368765 -1.0468025179 7.0 30.0
1.8131151 15.7368765 -1.0468025180 6.0 31.0
1.8131151 16.279385 -1.0468025180 6.0 31.0
1.8131151 16.279385 -1.0468025181 5.0 32.0
1.8131151 16.821892 -1.0468025181 5.0 32.0
1.8131151 16.821892 -1.0468025182 4.0 33.0
1.8131151 17.364399 -1.0468025182 4.0 33.0
1.8131151 17.364399 -1.0468025183 3.0 34.0
1.8131151 17.906906 -1.0468025183 3.0 34.0
1.8131151 17.906906 -1.0468025184 0.0 35.0
1.5864757 18.382118 -0.9159522184 0.0 35.0
1.5864757 18.382118 -0.9159522185 0.0 36.0
1.3247751 18.85733 -0.9159522185 0.0 36.0
1.8131151 17.906906 -1.0468025186 0.0 35.0
2.0397544 18.382118 -1.1776528186 0.0 35.0
2.0397544 18.382118 -1.1776528187 0.0 36.0
2.301455 18.85733 -1.1776528187 0.0 36.0
1.8131151 17.906906 -1.0468025188 2.0 35.0
1.8131151 18.449413 -1.0468025188 2.0 35.0
1.8131151 18.449413 -1.0468025189 1.0 36.0
1.8131151 18.99192 -1.0468025189 1.0 36.0
1.8131151 18.99192 -1.0468025190 0.0 37.0
1.8131151 19.534428 -1.0468025190 0.0 37.0
1.8131151 19.534428 -1.0468025191 0.0 38.0
1.8131151 20.076935 -1.0468025191 0.0 38.0
1.8131151 12.481828 -1.0468025192 12.0 25.0
2.2101674 12.771852 -1.2760408192 12.0 25.0
2.2101674 12.771852 -1.2760408193 11.0 26.0
2.6072197 13.061875 -1.5052791193 11.0 26.0
2.6072197 13.061875 -1.5052791194 10.0 27.0
3.004272 13.351899 -1.7345173194 10.0 27.0
3.004272 13.351899 -1.7345173195 9.0 28.0
3.4013243 13.641923 -1.9637556195 9.0 28.0
3.4013243 13.641923 -1.9637556196 4.0 29.0
3.6279635 14.117136 -2.094606196 4.0 29.0
3.6279635 14.117136 -2.094606197 3.0 30.0
3.8546028 14.592349 -2.2254562197 3.0 30.0
3.8546028 14.592349 -2.2254562198 0.0 31.0
3.8546028 15.134857 -2.2254562198 0.0 31.0
3.8546028 15.134857 -2.2254562199 0.0 32.0
3.8546028 15.677365 -2.2254562199 0.0 32.0
3.8546028 14.592349 -2.2254562200 0.0 31.0
4.251655 14.882373 -2.4546945200 0.0 31.0
4.251655 14.882373 -2.4546945201 0.0 32.0
4.7101316 15.172397 -2.4546945201 0.0 32.0
3.8546028 14.592349 -2.2254562202 2.0 31.0
4.1163034 15.067562 -2.2254562202 2.0 31.0
4.1163034 15.067562 -2.2254562203 1.0 32.0
4.378004 15.542775 -2.2254562203 1.0 32.0
4.378004 15.542775 -2.2254562204 0.0 33.0
4.6397047 16.017988 -2.2254562204 0.0 33.0
4.6397047 16.017988 -2.2254562205 0.0 34.0
4.9014053 16.493202 -2.2254562205 0.0 34.0
3.4013243 13.641923 -1.9637556206 4.0 29.0
3.870286 13.674807 -2.2345107206 4.0 29.0
3.870286 13.674807 -2.2345107207 3.0 30.0
4.3392477 13.70769 -2.5052657207 3.0 30.0
4.3392477 13.70769 -2.5052657208 0.0 31.0
4.7363 13.997714 -2.734504208 0.0 31.0
4.7363 13.997714 -2.734504209 0.0 32.0
5.1947765 14.287738 -2.734504209 0.0 32.0
4.3392477 13.70769 -2.5052657210 0.0 31.0
4.763775 13.475275 -2.7503667210 0.0 31.0
4.763775 13.475275 -2.7503667211 0.0 32.0
5.253977 13.24286 -2.7503667211 0.0 32.0
4.3392477 13.70769 -2.5052657212 2.0 31.0
4.880758 13.740574 -2.5052657212 2.0 31.0
4.880758 13.740574 -2.5052657213 1.0 32.0
5.422268 13.773458 -2.5052657213 1.0 32.0
5.422268 13.773458 -2.5052657214 0.0 33.0
5.963778 13.806341 -2.5052657214 0.0 33.0
5.963778 13.806341 -2.5052657215 0.0 34.0
6.505288 13.839225 -2.5052657215 0.0 34.0
3.4013243 13.641923 -1.9637556216 8.0 29.0
3.8598008 13.931947 -1.9637556216 8.0 29.0
3.8598008 13.931947 -1.9637556217 7.0 30.0
4.3182774 14.221971 -1.9637556217 7.0 30.0
4.3182774 14.221971 -1.9637556218 6.0 31.0
4.776754 14.511994 -1.9637556218 6.0 31.0
4.776754 14.511994 -1.9637556219 5.0 32.0
5.2352304 14.802018 -1.9637556219 5.0 32.0
5.2352304 14.802018 -1.9637556220 4.0 33.0
5.693707 15.092042 -1.9637556220 4.0 33.0
5.693707 15.092042 -1.9637556221 3.0 34.0
6.1521835 15.382066 -1.9637556221 3.0 34.0
6.1521835 15.382066 -1.9637556222 0.0 35.0
6.378823 15.857279 -2.094606222 0.0 35.0
6.378823 15.857279 -2.094606223 0.0 36.0
6.6405234 16.332493 -2.094606223 0.0 36.0
6.1521835 15.382066 -1.9637556224 0.0 35.0
6.6211452 15.414949 -2.2345107224 0.0 35.0
6.6211452 15.414949 -2.2345107225 0.0 36.0
7.1626554 15.447833 -2.2345107225 0.0 36.0
6.1521835 15.382066 -1.9637556226 2.0 35.0
6.61066 15.67209 -1.9637556226 2.0 35.0
6.61066 15.67209 -1.9637556227 1.0 36.0
7.0691366 15.962113 -1.9637556227 1.0 36.0
7.0691366 15.962113 -1.9637556228 0.0 37.0
7.527613 16.252138 -1.9637556228 0.0 37.0
7.527613 16.252138 -1.9637556229 0.0 38.0
7.9860897 16.542162 -1.9637556229 0.0 38.0
1.8131151 12.481828 -1.0468025230 20.0 25.0
2.0748158 12.957041 -1.0468025230 20.0 25.0
2.0748158 12.957041 -1.0468025231 19.0 26.0
2.3365164 13.432254 -1.0468025231 19.0 26.0
2.3365164 13.432254 -1.0468025232 18.0 27.0
2.598217 13.907467 -1.0468025232 18.0 27.0
2.598217 13.907467 -1.0468025233 17.0 28.0
2.8599176 14.38268 -1.0468025233 17.0 28.0
2.8599176 14.38268 -1.0468025234 16.0 29.0
3.1216183 14.857893 -1.0468025234 16.0 29.0
3.1216183 14.857893 -1.0468025235 15.0 30.0
3.383319 15.333106 -1.0468025235 15.0 30.0
3.383319 15.333106 -1.0468025236 14.0 31.0
3.6450195 15.808319 -1.0468025236 14.0 31.0
3.6450195 15.808319 -1.0468025237 13.0 32.0
3.9067202 16.283531 -1.0468025237 13.0 32.0
3.9067202 16.283531 -1.0468025238 12.0 33.0
4.168421 16.758743 -1.0468025238 12.0 33.0
4.168421 16.758743 -1.0468025239 11.0 34.0
4.4301214 17.233955 -1.0468025239 11.0 34.0
4.4301214 17.233955 -1.0468025240 10.0 35.0
4.691822 17.709167 -1.0468025240 10.0 35.0
4.691822 17.709167 -1.0468025241 9.0 36.0
4.9535227 18.18438 -1.0468025241 9.0 36.0
4.9535227 18.18438 -1.0468025242 4.0 37.0
4.9535227 18.726887 -1.0468025242 4.0 37.0
4.9535227 18.726887 -1.0468025243 3.0 38.0
4.9535227 19.269394 -1.0468025243 3.0 38.0
4.9535227 19.269394 -1.0468025244 0.0 39.0
4.7268834 19.744606 -0.9159522244 0.0 39.0
4.7268834 19.744606 -0.9159522245 0.0 40.0
4.465183 20.219818 -0.9159522245 0.0 40.0
4.9535227 19.269394 -1.0468025246 0.0 39.0
5.180162 19.744606 -1.1776528246 0.0 39.0
5.180162 19.744606 -1.1776528247 0.0 40.0
5.4418626 20.219818 -1.1776528247 0.0 40.0
4.9535227 19.269394 -1.0468025248 2.0 39.0
4.9535227 19.811901 -1.0468025248 2.0 39.0
4.9535227 19.811901 -1.0468025249 1.0 40.0
4.9535227 20.354408 -1.0468025249 1.0 40.0
4.9535227 20.354408 -1.0468025250 0.0 41.0
4.9535227 20.896915 -1.0468025250 0.0 41.0
4.9535227 20.896915 -1.0468025251 0.0 42.0
4.9535227 21.439423 -1.0468025251 0.0 42.0
4.9535227 18.18438 -1.0468025252 4.0 37.0
5.350575 18.474403 -1.2760408252 4.0 37.0
5.350575 18.474403 -1.2760408253 3.0 38.0
5.7476273 18.764427 -1.5052791253 3.0 38.0
5.7476273 18.764427 -1.5052791254 0.0 39.0
5.9742665 19.23964 -1.6361294254 0.0 39.0
5.9742665 19.23964 -1.6361294255 0.0 40.0
6.235967 19.714851 -1.6361294255 0.0 40.0
5.7476273 18.764427 -1.5052791256 0.0 39.0
6.216589 18.79731 -1.7760342256 0.0 39.0
6.216589 18.79731 -1.7760342257 0.0 40.0
6.758099 18.830193 -1.7760342257 0.0 40.0
5.7476273 18.764427 -1.5052791258 2.0 39.0
6.206104 19.054451 -1.5052791258 2.0 39.0
6.206104 19.054451 -1.5052791259 1.0 40.0
6.6645803 19.344475 -1.5052791259 1.0 40.0
6.6645803 19.344475 -1.5052791260 0.0 41.0
7.123057 19.634499 -1.5052791260 0.0 41.0
7.123057 19.634499 -1.5052791261 0.0 42.0
7.5815334 19.924522 -1.5052791261 0.0 42.0
4.9535227 18.18438 -1.0468025262 8.0 37.0
5.2152233 18.659592 -1.0468025262 8.0 37.0
5.2152233 18.659592 -1.0468025263 7.0 38.0
5.476924 19.134804 -1.0468025263 7.0 38.0
5.476924 19.134804 -1.0468025264 6.0 39.0
5.7386246 19.610016 -1.0468025264 6.0 39.0
5.7386246 19.610016 -1.0468025265 5.0 40.0
6.000325 20.085228 -1.0468025265 5.0 40.0
6.000325 20.085228 -1.0468025266 4.0 41.0
6.262026 20.56044 -1.0468025266 4.0 41.0
6.262026 20.56044 -1.0468025267 3.0 42.0
6.5237265 21.035652 -1.0468025267 3.0 42.0
6.5237265 21.035652 -1.0468025268 0.0 43.0
6.5237265 21.57816 -1.0468025268 0.0 43.0
6.5237265 21.57816 -1.0468025269 0.0 44.0
6.5237265 22.120667 -1.0468025269 0.0 44.0
6.5237265 21.035652 -1.0468025270 0.0 43.0
6.9207788 21.325676 -1.2760408270 0.0 43.0
6.9207788 21.325676 -1.2760408271 0.0 44.0
7.3792553 21.6157 -1.2760408271 0.0 44.0
6.5237265 21.035652 -1.0468025272 2.0 43.0
6.785427 21.510864 -1.0468025272 2.0 43.0
6.785427 21.510864 -1.0468025273 1.0 44.0
7.0471277 21.986076 -1.0468025273 1.0 44.0
7.0471277 21.986076 -1.0468025274 0.0 45.0
7.3088284 22.461288 -1.0468025274 0.0 45.0
7.3088284 22.461288 -1.0468025275 0.0 46.0
7.570529 22.9365 -1.0468025275 0.0 46.0
0.0 8.680123 0.0276 44.0 17.0
0.0 9.222631 0.0276 44.0 17.0
0.0 9.222631 0.0277 43.0 18.0
0.0 9.76514 0.0277 43.0 18.0
0.0 9.76514 0.0278 42.0 19.0
0.0 10.307648 0.0278 42.0 19.0
0.0 10.307648 0.0279 41.0 20.0
0.0 10.850156 0.0279 41.0 20.0
0.0 10.850156 0.0280 40.0 21.0
0.0 11.392664 0.0280 40.0 21.0
0.0 11.392664 0.0281 39.0 22.0
0.0 11.935172 0.0281 39.0 22.0
0.0 11.935172 0.0282 38.0 23.0
0.0 12.47768 0.0282 38.0 23.0
0.0 12.47768 0.0283 37.0 24.0
0.0 13.020188 0.0283 37.0 24.0
0.0 13.020188 0.0284 36.0 25.0
0.0 13.562696 0.0284 36.0 25.0
0.0 13.562696 0.0285 35.0 26.0
0.0 14.105205 0.0285 35.0 26.0
0.0 14.105205 0.0286 34.0 27.0
0.0 14.647713 0.0286 34.0 27.0
0.0 14.647713 0.0287 33.0 28.0
0.0 15.190221 0.0287 33.0 28.0
0.0 15.190221 0.0288 32.0 29.0
0.0 15.732729 0.0288 32.0 29.0
0.0 15.732729 0.0289 31.0 30.0
0.0 16.275236 0.0289 31.0 30.0
0.0 16.275236 0.0290 30.0 31.0
0.0 16.817743 0.0290 30.0 31.0
0.0 16.817743 0.0291 29.0 32.0
0.0 17.36025 0.0291 29.0 32.0
0.0 17.36025 0.0292 28.0 33.0
0.0 17.902758 0.0292 28.0 33.0
0.0 17.902758 0.0293 27.0 34.0
0.0 18.445265 0.0293 27.0 34.0
0.0 18.445265 0.0294 26.0 35.0
0.0 18.987772 0.0294 26.0 35.0
0.0 18.987772 0.0295 25.0 36.0
0.0 19.53028 0.0295 25.0 36.0
0.0 19.53028 0.0296 24.0 37.0
0.0 20.072786 0.0296 24.0 37.0
0.0 20.072786 0.0297 23.0 38.0
0.0 20.615294 0.0297 23.0 38.0
0.0 20.615294 0.0298 22.0 39.0
0.0 21.1578 0.0298 22.0 39.0
0.0 21.1578 0.0299 21.0 40.0
0.0 21.700308 0.0299 21.0 40.0
0.0 21.700308 0.0300 12.0 41.0
-0.22663939 22.175522 0.13085032300 12.0 41.0
-0.22663939 22.175522 0.13085032301 11.0 42.0
-0.45327878 22.650734 0.26170063301 11.0 42.0
-0.45327878 22.650734 0.26170063302 10.0 43.0
-0.67991817 23.125946 0.39255095302 10.0 43.0
-0.67991817 23.125946 0.39255095303 9.0 44.0
-0.90655756 23.601158 0.52340126303 9.0 44.0
-0.90655756 23.601158 0.52340126304 4.0 45.0
-1.30361 23.891182 0.75263953304 4.0 45.0
-1.30361 23.891182 0.75263953305 3.0 46.0
-1.7006624 24.181206 0.9818778305 3.0 46.0
-1.7006624 24.181206 0.9818778306 0.0 47.0
-2.169624 24.214088 1.252633306 0.0 47.0
-2.169624 24.214088 1.252633307 0.0 48.0
-2.7111344 24.246971 1.252633307 0.0 48.0
-1.7006624 24.181206 0.9818778308 0.0 47.0
-1.9273018 24.656418 1.1127281308 0.0 47.0
-1.9273018 24.656418 1.1127281309 0.0 48.0
-2.1890025 25.13163 1.1127281309 0.0 48.0
-1.7006624 24.181206 0.9818778310 2.0 47.0
-2.159139 24.47123 0.9818778310 2.0 47.0
-2.159139 24.47123 0.9818778311 1.0 48.0
-2.6176155 24.761253 0.9818778311 1.0 48.0
-2.6176155 24.761253 0.9818778312 0.0 49.0
-3.076092 25.051277 0.9818778312 0.0 49.0
-3.076092 25.051277 0.9818778313 0.0 50.0
-3.5345685 25.341301 0.9818778313 0.0 50.0
-0.90655756 23.601158 0.52340126314 4.0 45.0
-0.90655756 24.143665 0.52340126314 4.0 45.0
-0.90655756 24.143665 0.52340126315 3.0 46.0
-0.90655756 24.686172 0.52340126315 3.0 46.0
-0.90655756 24.686172 0.52340126316 0.0 47.0
-1.133197 25.161385 0.6542516316 0.0 47.0
-1.133197 25.161385 0.6542516317 0.0 48.0
-1.3948976 25.636597 0.6542516317 0.0 48.0
-0.90655756 24.686172 0.52340126318 0.0 47.0
-0.67991817 25.161385 0.39255095318 0.0 47.0
-0.67991817 25.161385 0.39255095319 0.0 48.0
-0.41821754 25.636597 0.39255095319 0.0 48.0
-0.90655756 24.686172 0.52340126320 2.0 47.0
-0.90655756 25.22868 0.52340126320 2.0 47.0
-0.90655756 25.22868 0.52340126321 1.0 48.0
-0.90655756 25.771187 0.52340126321 1.0 48.0
-0.90655756 25.771187 0.52340126322 0.0 49.0
-0.90655756 26.313694 0.52340126322 0.0 49.0
-0.90655756 26.313694 0.52340126323 0.0 50.0
-0.90655756 26.856201 0.52340126323 0.0 50.0
-0.90655756 23.601158 0.52340126324 8.0 45.0
-1.1682582 24.07637 0.52340126324 8.0 45.0
-1.1682582 24.07637 0.52340126325 7.0 46.0
-1.4299588 24.551582 0.52340126325 7.0 46.0
-1.4299588 24.551582 0.52340126326 6.0 47.0
-1.6916595 25.026794 0.52340126326 6.0 47.0
-1.6916595 25.026794 0.52340126327 5.0 48.0
-1.9533601 25.502007 0.52340126327 5.0 48.0
-1.9533601 25.502007 0.52340126328 4.0 49.0
-2.2150607 25.977219 0.52340126328 4.0 49.0
-2.2150607 25.977219 0.52340126329 3.0 50.0
-2.4767613 26.45243 0.52340126329 3.0 50.0
-2.4767613 26.45243 0.52340126330 0.0 51.0
-2.8738136 26.742455 0.75263953330 0.0 51.0
-2.8738136 26.742455 0.75263953331 0.0 52.0
-3.3322902 27.032478 0.75263953331 0.0 52.0
-2.4767613 26.45243 0.52340126332 0.0 51.0
-2.4767613 26.994938 0.52340126332 0.0 51.0
-2.4767613 26.994938 0.52340126333 0.0 52.0
-2.4767613 27.537445 0.52340126333 0.0 52.0
-2.4767613 26.45243 0.52340126334 2.0 51.0
-2.738462 26.927643 0.52340126334 2.0 51.0
-2.738462 26.927643 0.52340126335 1.0 52.0
-3.0001626 27.402855 0.52340126335 1.0 52.0
-3.0001626 27.402855 0.52340126336 0.0 53.0
-3.2618632 27.878067 0.52340126336 0.0 53.0
-3.2618632 27.878067 0.52340126337 0.0 54.0
-3.5235639 28.35328 0.52340126337 0.0 54.0
0.0 21.700308 0.0338 12.0 41.0
0.22663939 22.175522 -0.13085032338 12.0 41.0
0.22663939 22.175522 -0.13085032339 11.0 42.0
0.45327878 22.650734 -0.26170063339 11.0 42.0
0.45327878 22.650734 -0.26170063340 10.0 43.0
0.67991817 23.125946 -0.39255095340 10.0 43.0
0.67991817 23.125946 -0.39255095341 9.0 44.0
0.90655756 23.601158 -0.52340126341 9.0 44.0
0.90655756 23.601158 -0.52340126342 4.0 45.0
0.90655756 24.143665 -0.52340126342 4.0 45.0
0.90655756 24.143665 -0.52340126343 3.0 46.0
0.90655756 24.686172 -0.52340126343 3.0 46.0
0.90655756 24.686172 -0.52340126344 0.0 47.0
0.67991817 25.161385 -0.39255095344 0.0 47.0
0.67991817 25.161385 -0.39255095345 0.0 48.0
0.41821754 25.636597 -0.39255095345 0.0 48.0
0.90655756 24.686172 -0.52340126346 0.0 47.0
1.133197 25.161385 -0.6542516346 0.0 47.0
1.133197 25.161385 -0.6542516347 0.0 48.0
1.3948976 25.636597 -0.6542516347 0.0 48.0
0.90655756 24.686172 -0.52340126348 2.0 47.0
0.90655756 25.22868 -0.52340126348 2.0 47.0
0.90655756 25.22868 -0.52340126349 1.0 48.0
0.90655756 25.771187 -0.52340126349 1.0 48.0
0.90655756 25.771187 -0.52340126350 0.0 49.0
0.90655756 26.313694 -0.52340126350 0.0 49.0
0.90655756 26.313694 -0.52340126351 0.0 50.0
0.90655756 26.856201 -0.52340126351 0.0 50.0
0.90655756 23.601158 -0.52340126352 4.0 45.0
1.30361 23.891182 -0.75263953352 4.0 45.0
1.30361 23.891182 -0.75263953353 3.0 46.0
1.7006624 24.181206 -0.9818778353 3.0 46.0
1.7006624 24.181206 -0.9818778354 0.0 47.0
1.9273018 24.656418 -1.1127281354 0.0 47.0
1.9273018 24.656418 -1.1127281355 0.0 48.0
2.1890025 25.13163 -1.1127281355 0.0 48.0
1.7006624 24.181206 -0.9818778356 0.0 47.0
2.169624 24.214088 -1.252633356 0.0 47.0
2.169624 24.214088 -1.252633357 0.0 48.0
2.7111344 24.246971 -1.252633357 0.0 48.0
1.7006624 24.181206 -0.9818778358 2.0 47.0
2.159139 24.47123 -0.9818778358 2.0 47.0
2.159139 24.47123 -0.9818778359 1.0 48.0
2.6176155 24.761253 -0.9818778359 1.0 48.0
2.6176155 24.761253 -0.9818778360 0.0 49.0
3.076092 25.051277 -0.9818778360 0.0 49.0
3.076092 25.051277 -0.9818778361 0.0 50.0
3.5345685 25.341301 -0.9818778361 0.0 50.0
0.90655756 23.601158 -0.52340126362 8.0 45.0
1.1682582 24.07637 -0.52340126362 8.0 45.0
1.1682582 24.07637 -0.52340126363 7.0 46.0
1.4299588 24.551582 -0.52340126363 7.0 46.0
1.4299588 24.551582 -0.52340126364 6.0 47.0
1.6916595 25.026794 -0.52340126364 6.0 47.0
1.6916595 25.026794 -0.52340126365 5.0 48.0
1.9533601 25.502007 -0.52340126365 5.0 48.0
1.9533601 25.502007 -0.52340126366 4.0 49.0
2.2150607 25.977219 -0.52340126366 4.0 49.0
2.2150607 25.977219 -0.52340126367 3.0 50.0
2.4767613 26.45243 -0.52340126367 3.0 50.0
2.4767613 26.45243 -0.52340126368 0.0 51.0
2.4767613 26.994938 -0.52340126368 0.0 51.0
2.4767613 26.994938 -0.52340126369 0.0 52.0
2.4767613 27.537445 -0.52340126369 0.0 52.0
2.4767613 26.45243 -0.52340126370 0.0 51.0
2.8738136 26.742455 -0.75263953370 0.0 51.0
2.8738136 26.742455 -0.75263953371 0.0 52.0
3.3322902 27.032478 -0.75263953371 0.0 52.0
2.4767613 26.45243 -0.52340126372 2.0 51.0
2.738462 26.927643 -0.52340126372 2.0 51.0
2.738462 26.927643 -0.52340126373 1.0 52.0
3.0001626 27.402855 -0.52340126373 1.0 52.0
3.0001626 27.402855 -0.52340126374 0.0 53.0
3.2618632 27.878067 -0.52340126374 0.0 53.0
3.2618632 27.878067 -0.52340126375 0.0 54.0
3.5235639 28.35328 -0.52340126375 0.0 54.0
0.0 21.700308 0.0376 20.0 41.0
0.0 22.242815 0.0376 20.0 41.0
0.0 22.242815 0.0377 19.0 42.0
0.0 22.785322 0.0377 19.0 42.0
0.0 22.785322 0.0378 18.0 43.0
0.0 23.32783 0.0378 18.0 43.0
0.0 23.32783 0.0379 17.0 44.0
0.0 23.870337 0.0379 17.0 44.0
0.0 23.870337 0.0380 16.0 45.0
0.0 24.412844 0.0380 16.0 45.0
0.0 24.412844 0.0381 15.0 46.0
0.0 24.95535 0.0381 15.0 46.0
0.0 24.95535 0.0382 14.0 47.0
0.0 25.497858 0.0382 14.0 47.0
0.0 25.497858 0.0383 13.0 48.0
0.0 26.040365 0.0383 13.0 48.0
0.0 26.040365 0.0384 12.0 49.0
0.0 26.582872 0.0384 12.0 49.0
0.0 26.582872 0.0385 11.0 50.0
0.0 27.12538 0.0385 11.0 50.0
0.0 27.12538 0.0386 10.0 51.0
0.0 27.667887 0.0386 10.0 51.0
0.0 27.667887 0.0387 9.0 52.0
0.0 28.210394 0.0387 9.0 52.0
0.0 28.210394 0.0388 4.0 53.0
-0.22663939 28.685608 0.13085032388 4.0 53.0
-0.22663939 28.685608 0.13085032389 3.0 54.0
-0.45327878 29.16082 0.26170063389 3.0 54.0
-0.45327878 29.16082 0.26170063390 0.0 55.0
-0.8503312 29.450844 0.49093893390 0.0 55.0
-0.8503312 29.450844 0.49093893391 0.0 56.0
-1.3088078 29.740868 0.49093893391 0.0 56.0
-0.45327878 29.16082 0.26170063392 0.0 55.0
-0.45327878 29.703327 0.26170063392 0.0 55.0
-0.45327878 29.703327 0.26170063393 0.0 56.0
-0.45327878 30.245834 0.26170063393 0.0 56.0
-0.45327878 29.16082 0.26170063394 2.0 55.0
-0.7149794 29.636032 0.26170063394 2.0 55.0
-0.7149794 29.636032 0.26170063395 1.0 56.0
-0.97668004 30.111244 0.26170063395 1.0 56.0
-0.97668004 30.111244 0.26170063396 0.0 57.0
-1.2383807 30.586456 0.26170063396 0.0 57.0
-1.2383807 30.586456 0.26170063397 0.0 58.0
-1.5000813 31.061668 0.26170063397 0.0 58.0
0.0 28.210394 0.0398 4.0 53.0
0.22663939 28.685608 -0.13085032398 4.0 53.0
0.22663939 28.685608 -0.13085032399 3.0 54.0
0.45327878 29.16082 -0.26170063399 3.0 54.0
0.45327878 29.16082 -0.26170063400 0.0 55.0
0.45327878 29.703327 -0.26170063400 0.0 55.0
0.45327878 29.703327 -0.26170063401 0.0 56.0
0.45327878 30.245834 -0.26170063401 0.0 56.0
0.45327878 29.16082 -0.26170063402 0.0 55.0
0.8503312 29.450844 -0.49093893402 0.0 55.0
0.8503312 29.450844 -0.49093893403 0.0 56.0
1.3088078 29.740868 -0.49093893403 0.0 56.0
0.45327878 29.16082 -0.26170063404 2.0 55.0
0.7149794 29.636032 -0.26170063404 2.0 55.0
0.7149794 29.636032 -0.26170063405 1.0 56.0
0.97668004 30.111244 -0.26170063405 1.0 56.0
0.97668004 30.111244 -0.26170063406 0.0 57.0
1.2383807 30.586456 -0.26170063406 0.0 57.0
1.2383807 30.586456 -0.26170063407 0.0 58.0
1.5000813 31.061668 -0.26170063407 0.0 58.0
0.0 28.210394 0.0408 8.0 53.0
0.0 28.752901 0.0408 8.0 53.0
0.0 28.752901 0.0409 7.0 54.0
0.0 29.295408 0.0409 7.0 54.0
0.0 29.295408 0.0410 6.0 55.0
0.0 29.837915 0.0410 6.0 55.0
0.0 29.837915 0.0411 5.0 56.0
0.0 30.380423 0.0411 5.0 56.0
0.0 30.380423 0.0412 4.0 57.0
0.0 30.92293 0.0412 4.0 57.0
0.0 30.92293 0.0413 3.0 58.0
0.0 31.465437 0.0413 3.0 58.0
0.0 31.465437 0.0414 0.0 59.0
-0.22663939 31.94065 0.13085032414 0.0 59.0
-0.22663939 31.94065 0.13085032415 0.0 60.0
-0.48834002 32.415863 0.13085032415 0.0 60.0
0.0 31.465437 0.0416 0.0 59.0
0.22663939 31.94065 -0.13085032416 0.0 59.0
0.22663939 31.94065 -0.13085032417 0.0 60.0
0.48834002 32.415863 -0.13085032417 0.0 60.0
0.0 31.465437 0.0418 2.0 59.0
0.0 32.007946 0.0418 2.0 59.0
0.0 32.007946 0.0419 1.0 60.0
0.0 32.550453 0.0419 1.0 60.0
0.0 32.550453 0.0420 0.0 61.0
0.0 33.09296 0.0420 0.0 61.0
0.0 33.09296 0.0421 0.0 62.0
0.0 33.635468 0.0421 0.0 62.0
