0.0 0.0 0.00 27.0 1.0
0.0 4.160612 0.00 27.0 1.0
0.0 4.160612 0.01 26.0 2.0
0.0 8.321224 0.01 26.0 2.0
0.0 8.321224 0.02 1.0 3.0
0.0 12.481836 0.02 1.0 3.0
0.0 12.481836 0.03 0.0 4.0
-2.2511747 15.7304735 1.29971643 0.0 4.0
-2.2511747 15.7304735 1.29971644 0.0 5.0
-5.766643 16.64298 3.3293734 0.0 5.0
0.0 8.321224 0.05 1.0 3.0
-3.2386324 6.497573 1.86982545 1.0 3.0
-3.2386324 6.497573 1.86982546 0.0 4.0
-6.754101 7.4100804 3.8994826 0.0 4.0
-6.754101 7.4100804 3.8994827 0.0 5.0
-9.005276 10.658717 5.19919877 0.0 5.0
0.0 8.321224 0.08 25.0 3.0
-4.0593133 9.233732 0.08 25.0 3.0
-4.0593133 9.233732 0.09 24.0 4.0
-8.118627 10.14624 0.09 24.0 4.0
-8.118627 10.14624 0.010 1.0 5.0
-11.634095 11.058747 2.029656610 1.0 5.0
-11.634095 11.058747 2.029656611 0.0 6.0
-14.872727 9.235096 3.89948211 0.0 6.0
-14.872727 9.235096 3.89948212 0.0 7.0
-16.414757 5.4747477 4.78977312 0.0 7.0
-8.118627 10.14624 0.013 1.0 5.0
-7.2880497 6.097675 -0.479533713 1.0 5.0
-7.2880497 6.097675 -0.479533714 0.0 6.0
-8.830079 2.3373263 0.410757214 0.0 6.0
-8.830079 2.3373263 0.410757215 0.0 7.0
-12.068711 0.51367474 2.280582715 0.0 7.0
-8.118627 10.14624 0.016 7.0 5.0
-11.634095 11.058747 2.029656616 7.0 5.0
-11.634095 11.058747 2.029656617 6.0 6.0
-15.149564 11.971254 4.059313317 6.0 6.0
-15.149564 11.971254 4.059313318 1.0 7.0
-18.665031 12.883761 6.0889718 1.0 7.0
-18.665031 12.883761 6.0889719 0.0 8.0
-21.903664 11.06011 7.958795519 0.0 8.0
-21.903664 11.06011 7.958795520 0.0 9.0
-23.445692 7.299762 8.84908720 0.0 9.0
-15.149564 11.971254 4.059313321 1.0 7.0
-14.318987 7.922689 3.579779621 1.0 7.0
-14.318987 7.922689 3.579779622 0.0 8.0
-15.861016 4.16234 4.470070422 0.0 8.0
-15.861016 4.16234 4.470070423 0.0 9.0
-19.09965 2.3386886 6.339895723 0.0 9.0
-15.149564 11.971254 4.059313324 5.0 7.0
-14.190496 7.922689 4.059313324 5.0 7.0
-14.190496 7.922689 4.059313325 4.0 8.0
-13.231429 3.8741236 4.059313325 4.0 8.0
-13.231429 3.8741236 4.059313326 1.0 9.0
-12.400852 -0.17444181 3.579779626 1.0 9.0
-12.400852 -0.17444181 3.579779627 0.0 10.0
-9.561782 -2.7363942 1.940641627 0.0 10.0
-9.561782 -2.7363942 1.940641628 0.0 11.0
-5.9588237 -2.6886122 -0.1395273228 0.0 11.0
-13.231429 3.8741236 4.059313329 1.0 9.0
-10.444065 6.510693 2.450028429 1.0 9.0
-10.444065 6.510693 2.450028430 0.0 10.0
-6.841107 6.558475 0.3698594630 0.0 10.0
-6.841107 6.558475 0.3698594631 0.0 11.0
-4.0020366 3.9965227 -1.269278531 0.0 11.0
-13.231429 3.8741236 4.059313332 3.0 9.0
-10.012859 6.510693 4.059313332 3.0 9.0
-10.012859 6.510693 4.059313333 2.0 10.0
-6.7942896 9.147263 4.059313333 2.0 10.0
-6.7942896 9.147263 4.059313334 1.0 11.0
-4.006926 11.783833 2.450028434 1.0 11.0
-4.006926 11.783833 2.450028435 0.0 12.0
-3.2570953 15.853357 2.017113435 0.0 12.0
-3.2570953 15.853357 2.017113436 0.0 13.0
-4.873512 19.57182 2.95035236 0.0 13.0
-6.7942896 9.147263 4.059313337 1.0 11.0
-10.06834 10.884543 5.94958837 1.0 11.0
-10.06834 10.884543 5.94958838 0.0 12.0
-11.684757 14.603004 6.882826338 0.0 12.0
-11.684757 14.603004 6.882826339 0.0 13.0
-10.934926 18.67253 6.44991139 0.0 13.0
-8.118627 10.14624 0.040 7.0 5.0
-7.2880497 6.097675 -0.479533740 7.0 5.0
-7.2880497 6.097675 -0.479533741 6.0 6.0
-6.457473 2.0491095 -0.959067441 6.0 6.0
-6.457473 2.0491095 -0.959067442 1.0 7.0
-5.626896 -1.9994559 -1.438601142 1.0 7.0
-5.626896 -1.9994559 -1.438601143 0.0 8.0
-2.7878256 -4.561408 -3.077739243 0.0 8.0
-2.7878256 -4.561408 -3.077739244 0.0 9.0
0.8151326 -4.513626 -5.157908444 0.0 9.0
-6.457473 2.0491095 -0.959067445 1.0 7.0
-3.6701093 4.685679 -2.568352545 1.0 7.0
-3.6701093 4.685679 -2.568352546 0.0 8.0
-0.06715107 4.733461 -4.648521446 0.0 8.0
-0.06715107 4.733461 -4.648521447 0.0 9.0
2.7719193 2.1715086 -6.287659647 0.0 9.0
-6.457473 2.0491095 -0.959067448 5.0 7.0
-3.1791968 -0.5128429 -0.959067448 5.0 7.0
-3.1791968 -0.5128429 -0.959067449 4.0 8.0
0.09907913 -3.0747952 -0.959067449 4.0 8.0
0.09907913 -3.0747952 -0.959067450 1.0 9.0
2.9381495 -5.6367474 -2.598205350 1.0 9.0
2.9381495 -5.6367474 -2.598205351 0.0 10.0
6.5411077 -5.5889654 -4.678374351 0.0 10.0
6.5411077 -5.5889654 -4.678374352 0.0 11.0
9.328471 -2.952396 -6.28765952 0.0 11.0
0.09907913 -3.0747952 -0.959067453 1.0 9.0
0.8489099 0.9947295 -1.391982453 1.0 9.0
0.8489099 0.9947295 -1.391982454 0.0 10.0
3.6362734 3.631299 -3.001267454 0.0 10.0
3.6362734 3.631299 -3.001267455 0.0 11.0
7.2392316 3.679081 -5.08143655 0.0 11.0
0.09907913 -3.0747952 -0.959067456 3.0 9.0
4.259417 -3.0270133 -0.959067456 3.0 9.0
4.259417 -3.0270133 -0.959067457 2.0 10.0
8.419755 -2.9792314 -0.959067457 2.0 10.0
8.419755 -2.9792314 -0.959067458 1.0 11.0
12.022713 -2.9314494 -3.039236358 1.0 11.0
12.022713 -2.9314494 -3.039236359 0.0 12.0
14.810076 -0.2948799 -4.648521459 0.0 12.0
14.810076 -0.2948799 -4.648521460 0.0 13.0
15.559907 3.7746449 -5.081436660 0.0 13.0
8.419755 -2.9792314 -0.959067461 1.0 11.0
6.8033385 0.73923016 -0.02582889861 1.0 11.0
6.8033385 0.73923016 -0.02582889862 0.0 12.0
7.5531693 4.808755 -0.458743962 0.0 12.0
7.5531693 4.808755 -0.458743963 0.0 13.0
10.340532 7.4453244 -2.06802963 0.0 13.0
-8.118627 10.14624 0.064 23.0 5.0
-9.899208 6.385892 0.064 23.0 5.0
-9.899208 6.385892 0.065 22.0 6.0
-11.67979 2.6255434 0.065 22.0 6.0
-11.67979 2.6255434 0.066 1.0 7.0
-13.221819 -1.1348052 0.890290966 1.0 7.0
-13.221819 -1.1348052 0.890290967 0.0 8.0
-12.391242 -5.1833706 0.410757267 0.0 8.0
-12.391242 -5.1833706 0.410757268 0.0 9.0
-9.552172 -7.745323 -1.228380868 0.0 9.0
-11.67979 2.6255434 0.069 1.0 7.0
-8.076832 2.6733253 -2.08016969 1.0 7.0
-8.076832 2.6733253 -2.08016970 0.0 8.0
-5.2377615 0.11137295 -3.71930770 0.0 8.0
-5.2377615 0.11137295 -3.71930771 0.0 9.0
-4.4071846 -3.9371924 -4.198840671 0.0 9.0
-11.67979 2.6255434 0.072 21.0 7.0
-8.401514 0.063591 0.072 21.0 7.0
-8.401514 0.063591 0.073 20.0 8.0
-5.123238 -2.4983613 0.073 20.0 8.0
-5.123238 -2.4983613 0.074 1.0 9.0
-2.2841678 -5.0603137 -1.63913874 1.0 9.0
-2.2841678 -5.0603137 -1.63913875 0.0 10.0
1.3187904 -5.0125318 -3.71930775 0.0 10.0
1.3187904 -5.0125318 -3.71930776 0.0 11.0
4.106154 -2.3759623 -5.32859276 0.0 11.0
-5.123238 -2.4983613 0.077 1.0 9.0
-4.3734074 1.5711634 -0.43291577 1.0 9.0
-4.3734074 1.5711634 -0.43291578 0.0 10.0
-1.5860438 4.207733 -2.042278 0.0 10.0
-1.5860438 4.207733 -2.042279 0.0 11.0
2.0169144 4.255515 -4.12236979 0.0 11.0
-5.123238 -2.4983613 0.080 7.0 9.0
-2.2841678 -5.0603137 -1.63913880 7.0 9.0
-2.2841678 -5.0603137 -1.63913881 6.0 10.0
0.55490255 -7.622266 -3.27827681 6.0 10.0
0.55490255 -7.622266 -3.27827682 1.0 11.0
3.3939729 -10.184218 -4.917413782 1.0 11.0
3.3939729 -10.184218 -4.917413783 0.0 12.0
6.996931 -10.136436 -6.997582483 0.0 12.0
6.996931 -10.136436 -6.997582484 0.0 13.0
9.784294 -7.499867 -8.60686884 0.0 13.0
0.55490255 -7.622266 -3.27827685 1.0 11.0
1.3047333 -3.552741 -3.71119185 1.0 11.0
1.3047333 -3.552741 -3.71119186 0.0 12.0
4.092097 -0.91617155 -5.32047686 0.0 12.0
4.092097 -0.91617155 -5.32047687 0.0 13.0
7.695055 -0.8683895 -7.400645387 0.0 13.0
0.55490255 -7.622266 -3.27827688 5.0 11.0
1.4207325 -3.552741 -3.27827688 5.0 11.0
1.4207325 -3.552741 -3.27827689 4.0 12.0
2.2865624 0.5167837 -3.27827689 4.0 12.0
2.2865624 0.5167837 -3.27827690 1.0 13.0
3.0363932 4.5863085 -3.71119190 1.0 13.0
3.0363932 4.5863085 -3.71119191 0.0 14.0
1.4199767 8.3047695 -2.777952491 0.0 14.0
1.4199767 8.3047695 -2.777952492 0.0 15.0
-1.8540742 10.04205 -0.8876781592 0.0 15.0
2.2865624 0.5167837 -3.27827693 1.0 13.0
-1.2098281 -0.48871565 -1.259633893 1.0 13.0
-1.2098281 -0.48871565 -1.259633894 0.0 14.0
-4.48388 1.2485635 0.63064194 0.0 14.0
-4.48388 1.2485635 0.63064195 0.0 15.0
-6.100298 4.9670243 1.563880495 0.0 15.0
2.2865624 0.5167837 -3.27827696 3.0 13.0
-1.7507219 -0.48871565 -3.27827696 3.0 13.0
-1.7507219 -0.48871565 -3.27827697 2.0 14.0
-5.7880063 -1.494215 -3.27827697 2.0 14.0
-5.7880063 -1.494215 -3.27827698 1.0 15.0
-9.284397 -2.4997144 -1.259633898 1.0 15.0
-9.284397 -2.4997144 -1.259633899 0.0 16.0
-11.470362 -5.8071966 0.002433419299 0.0 16.0
-11.470362 -5.8071966 0.0024334192100 0.0 17.0
-11.387607 -9.966711 -0.045345493100 0.0 17.0
-5.7880063 -1.494215 -3.278276101 1.0 15.0
-3.4728096 -4.6822934 -4.6149554101 1.0 15.0
-3.4728096 -4.6822934 -4.6149554102 0.0 16.0
-3.390054 -8.841808 -4.6627345102 0.0 16.0
-3.390054 -8.841808 -4.6627345103 0.0 17.0
-5.5760183 -12.14929 -3.4006672103 0.0 17.0
-5.123238 -2.4983613 0.0104 7.0 9.0
-4.3734074 1.5711634 -0.432915104 7.0 9.0
-4.3734074 1.5711634 -0.432915105 6.0 10.0
-3.6235766 5.640688 -0.86583105 6.0 10.0
-3.6235766 5.640688 -0.86583106 1.0 11.0
-2.873746 9.710213 -1.298745106 1.0 11.0
-2.873746 9.710213 -1.298745107 0.0 12.0
-4.4901624 13.428675 -0.36550653107 0.0 12.0
-4.4901624 13.428675 -0.36550653108 0.0 13.0
-7.7642136 15.165956 1.5247678108 0.0 13.0
-3.6235766 5.640688 -0.86583109 1.0 11.0
-7.1199675 4.6351886 1.1528122109 1.0 11.0
-7.1199675 4.6351886 1.1528122110 0.0 12.0
-10.394019 6.372468 3.043087110 0.0 12.0
-10.394019 6.372468 3.043087111 0.0 13.0
-12.010437 10.090929 3.9763265111 0.0 13.0
-3.6235766 5.640688 -0.86583112 5.0 11.0
-5.4900537 9.35915 -0.86583112 5.0 11.0
-5.4900537 9.35915 -0.86583113 4.0 12.0
-7.3565307 13.077612 -0.86583113 4.0 12.0
-7.3565307 13.077612 -0.86583114 1.0 13.0
-8.972947 16.796074 0.0674085114 1.0 13.0
-8.972947 16.796074 0.0674085115 0.0 14.0
-12.246998 18.533356 1.9576828115 0.0 14.0
-12.246998 18.533356 1.9576828116 0.0 15.0
-15.743388 17.527857 3.976325116 0.0 15.0
-7.3565307 13.077612 -0.86583117 1.0 13.0
-9.542495 9.77013 0.3962372117 1.0 13.0
-9.542495 9.77013 0.3962372118 0.0 14.0
-13.038885 8.764631 2.4148793118 0.0 14.0
-13.038885 8.764631 2.4148793119 0.0 15.0
-16.312937 10.50191 4.305154119 0.0 15.0
-7.3565307 13.077612 -0.86583120 3.0 13.0
-11.13708 14.814891 -0.86583120 3.0 13.0
-11.13708 14.814891 -0.86583121 2.0 14.0
-14.917629 16.55217 -0.86583121 2.0 14.0
-14.917629 16.55217 -0.86583122 1.0 15.0
-18.19168 18.28945 1.0244448122 1.0 15.0
-18.19168 18.28945 1.0244448123 0.0 16.0
-21.688072 17.28395 3.043087123 0.0 16.0
-21.688072 17.28395 3.043087124 0.0 17.0
-23.874037 13.976469 4.3051543124 0.0 17.0
-14.917629 16.55217 -0.86583125 1.0 15.0
-14.834874 12.392655 -0.9136089125 1.0 15.0
-14.834874 12.392655 -0.9136089126 0.0 16.0
-17.020838 9.085174 0.3484583126 0.0 16.0
-17.020838 9.085174 0.3484583127 0.0 17.0
-20.51723 8.079674 2.3671005127 0.0 17.0
-5.123238 -2.4983613 0.0128 19.0 9.0
-2.3358746 0.13820815 -1.609285128 19.0 9.0
-2.3358746 0.13820815 -1.609285129 18.0 10.0
0.45148897 2.7747777 -3.21857129 18.0 10.0
0.45148897 2.7747777 -3.21857130 1.0 11.0
3.2388525 5.4113474 -4.827855130 1.0 11.0
3.2388525 5.4113474 -4.827855131 0.0 12.0
3.9886832 9.480872 -5.2607703131 0.0 12.0
3.9886832 9.480872 -5.2607703132 0.0 13.0
2.3722668 13.199333 -4.327532132 0.0 13.0
0.45148897 2.7747777 -3.21857133 1.0 11.0
-2.822562 4.5120587 -1.3282957133 1.0 11.0
-2.822562 4.5120587 -1.3282957134 0.0 12.0
-4.438978 8.23052 -0.3950572134 0.0 12.0
-4.438978 8.23052 -0.3950572135 0.0 13.0
-3.6891475 12.300045 -0.8279722135 0.0 13.0
0.45148897 2.7747777 -3.21857136 17.0 11.0
-1.414988 6.4932394 -3.21857136 17.0 11.0
-1.414988 6.4932394 -3.21857137 16.0 12.0
-3.281465 10.2117 -3.21857137 16.0 12.0
-3.281465 10.2117 -3.21857138 1.0 13.0
-4.8978815 13.930162 -2.2853315138 1.0 13.0
-4.8978815 13.930162 -2.2853315139 0.0 14.0
-8.171932 15.667443 -0.3950572139 0.0 14.0
-8.171932 15.667443 -0.3950572140 0.0 15.0
-11.668323 14.661943 1.623585140 0.0 15.0
-3.281465 10.2117 -3.21857141 1.0 13.0
-5.467429 6.9042187 -1.9565028141 1.0 13.0
-5.467429 6.9042187 -1.9565028142 0.0 14.0
-8.9638195 5.8987193 0.062139392142 0.0 14.0
-8.9638195 5.8987193 0.062139392143 0.0 15.0
-12.237871 7.6359987 1.9524142143 0.0 15.0
-3.281465 10.2117 -3.21857144 7.0 13.0
-4.897883 13.930161 -2.2853305144 7.0 13.0
-4.897883 13.930161 -2.2853305145 6.0 14.0
-6.514301 17.648623 -1.3520911145 6.0 14.0
-6.514301 17.648623 -1.3520911146 1.0 15.0
-8.130719 21.367083 -0.41885167146 1.0 15.0
-8.130719 21.367083 -0.41885167147 0.0 16.0
-11.404771 23.104362 1.4714231147 0.0 16.0
-11.404771 23.104362 1.4714231148 0.0 17.0
-14.901161 22.098864 3.4900653148 0.0 17.0
-6.514301 17.648623 -1.3520911149 1.0 15.0
-8.700265 14.341141 -0.090023875149 1.0 15.0
-8.700265 14.341141 -0.090023875150 0.0 16.0
-12.196655 13.335642 1.9286183150 0.0 16.0
-12.196655 13.335642 1.9286183151 0.0 17.0
-15.470707 15.072921 3.818893151 0.0 17.0
-6.514301 17.648623 -1.3520911152 5.0 15.0
-9.038435 14.341141 -1.3520911152 5.0 15.0
-9.038435 14.341141 -1.3520911153 4.0 16.0
-11.56257 11.033659 -1.3520911153 4.0 16.0
-11.56257 11.033659 -1.3520911154 1.0 17.0
-13.748534 7.726177 -0.090023875154 1.0 17.0
-13.748534 7.726177 -0.090023875155 0.0 18.0
-13.665779 3.5666628 -0.13780278155 0.0 18.0
-13.665779 3.5666628 -0.13780278156 0.0 19.0
-11.350582 0.37858438 -1.4744823156 0.0 19.0
-11.56257 11.033659 -1.3520911157 1.0 17.0
-8.029879 10.2146225 -3.391691157 1.0 17.0
-8.029879 10.2146225 -3.391691158 0.0 18.0
-5.7146816 7.026544 -4.7283707158 0.0 18.0
-5.7146816 7.026544 -4.7283707159 0.0 19.0
-5.631926 2.8670297 -4.7761497159 0.0 19.0
-11.56257 11.033659 -1.3520911160 3.0 17.0
-7.48337 10.2146225 -1.3520911160 3.0 17.0
-7.48337 10.2146225 -1.3520911161 2.0 18.0
-3.40417 9.395586 -1.3520911161 2.0 18.0
-3.40417 9.395586 -1.3520911162 1.0 19.0
0.12852073 8.57655 -3.391691162 1.0 19.0
0.12852073 8.57655 -3.391691163 0.0 20.0
3.330027 10.485608 -5.240082163 0.0 20.0
3.330027 10.485608 -5.240082164 0.0 21.0
4.796857 14.285859 -6.0869565164 0.0 21.0
-3.40417 9.395586 -1.3520911165 1.0 19.0
-4.315053 13.421057 -0.8261926165 1.0 19.0
-4.315053 13.421057 -0.8261926166 0.0 20.0
-2.8482232 17.221308 -1.6730671166 0.0 20.0
-2.8482232 17.221308 -1.6730671167 0.0 21.0
0.35328317 19.130365 -3.5214577167 0.0 21.0
-3.281465 10.2117 -3.21857168 7.0 13.0
-5.467429 6.9042187 -1.9565028168 7.0 13.0
-5.467429 6.9042187 -1.9565028169 6.0 14.0
-7.6533937 3.5967367 -0.6944356169 6.0 14.0
-7.6533937 3.5967367 -0.6944356170 1.0 15.0
-9.839358 0.28925467 0.5676316170 1.0 15.0
-9.839358 0.28925467 0.5676316171 0.0 16.0
-9.756603 -3.8702598 0.5198527171 0.0 16.0
-9.756603 -3.8702598 0.5198527172 0.0 17.0
-7.4414062 -7.058338 -0.81682676172 0.0 17.0
-7.6533937 3.5967367 -0.6944356173 1.0 15.0
-4.1207027 2.7776997 -2.7340355173 1.0 15.0
-4.1207027 2.7776997 -2.7340355174 0.0 16.0
-1.805506 -0.4103787 -4.070715174 0.0 16.0
-1.805506 -0.4103787 -4.070715175 0.0 17.0
-1.7227505 -4.569893 -4.118494175 0.0 17.0
-7.6533937 3.5967367 -0.6944356176 5.0 15.0
-7.557836 -0.56277776 -0.6944356176 5.0 15.0
-7.557836 -0.56277776 -0.6944356177 4.0 16.0
-7.4622784 -4.722292 -0.6944356177 4.0 16.0
-7.4622784 -4.722292 -0.6944356178 1.0 17.0
-7.379523 -8.881806 -0.7422145178 1.0 17.0
-7.379523 -8.881806 -0.7422145179 0.0 18.0
-5.0643263 -12.069885 -2.078894179 0.0 18.0
-5.0643263 -12.069885 -2.078894180 0.0 19.0
-1.5316355 -12.888922 -4.118494180 0.0 19.0
-7.4622784 -4.722292 -0.6944356181 1.0 17.0
-4.2607718 -2.8132339 -2.5428262181 1.0 17.0
-4.2607718 -2.8132339 -2.5428262182 0.0 18.0
-0.728081 -3.6322708 -4.582426182 0.0 18.0
-0.728081 -3.6322708 -4.582426183 0.0 19.0
1.5871158 -6.820349 -5.9191055183 0.0 19.0
-7.4622784 -4.722292 -0.6944356184 3.0 17.0
-4.7889194 -7.9103703 -0.6944356184 3.0 17.0
-4.7889194 -7.9103703 -0.6944356185 2.0 18.0
-2.1155605 -11.098449 -0.6944356185 2.0 18.0
-2.1155605 -11.098449 -0.6944356186 1.0 19.0
0.19963622 -14.286528 -2.031115186 1.0 19.0
0.19963622 -14.286528 -2.031115187 0.0 20.0
3.732327 -15.105564 -4.070715187 0.0 20.0
3.732327 -15.105564 -4.070715188 0.0 21.0
6.933833 -13.196506 -5.9191055188 0.0 21.0
-2.1155605 -11.098449 -0.6944356189 1.0 19.0
-0.64873075 -7.2981977 -1.5413101189 1.0 19.0
-0.64873075 -7.2981977 -1.5413101190 0.0 20.0
2.5527756 -5.3891397 -3.3897007190 0.0 20.0
2.5527756 -5.3891397 -3.3897007191 0.0 21.0
6.0854664 -6.2081766 -5.4293003191 0.0 21.0
-3.281465 10.2117 -3.21857192 15.0 13.0
-5.805599 6.9042187 -3.21857192 15.0 13.0
-5.805599 6.9042187 -3.21857193 14.0 14.0
-8.329734 3.5967367 -3.21857193 14.0 14.0
-8.329734 3.5967367 -3.21857194 1.0 15.0
-10.515698 0.28925467 -1.9565028194 1.0 15.0
-10.515698 0.28925467 -1.9565028195 0.0 16.0
-10.432943 -3.8702598 -2.0042818195 0.0 16.0
-10.432943 -3.8702598 -2.0042818196 0.0 17.0
-8.117746 -7.058338 -3.3409612196 0.0 17.0
-8.329734 3.5967367 -3.21857197 1.0 15.0
-4.797043 2.7776997 -5.25817197 1.0 15.0
-4.797043 2.7776997 -5.25817198 0.0 16.0
-2.481846 -0.4103787 -6.5948496198 0.0 16.0
-2.481846 -0.4103787 -6.5948496199 0.0 17.0
-2.3990905 -4.569893 -6.6426287199 0.0 17.0
-8.329734 3.5967367 -3.21857200 13.0 15.0
-5.656375 0.40865827 -3.21857200 13.0 15.0
-5.656375 0.40865827 -3.21857201 12.0 16.0
-2.983016 -2.7794201 -3.21857201 12.0 16.0
-2.983016 -2.7794201 -3.21857202 1.0 17.0
-0.66781926 -5.967499 -4.555249202 1.0 17.0
-0.66781926 -5.967499 -4.555249203 0.0 18.0
2.8648715 -6.7865357 -6.594849203 0.0 18.0
2.8648715 -6.7865357 -6.594849204 0.0 19.0
6.0663776 -4.8774776 -8.443239204 0.0 19.0
-2.983016 -2.7794201 -3.21857205 1.0 17.0
-1.5161862 1.0208309 -4.0654445205 1.0 17.0
-1.5161862 1.0208309 -4.0654445206 0.0 18.0
1.6853201 2.9298892 -5.913835206 0.0 18.0
1.6853201 2.9298892 -5.913835207 0.0 19.0
5.218011 2.1108522 -7.953435207 0.0 19.0
-2.983016 -2.7794201 -3.21857208 7.0 17.0
-0.66781926 -5.967499 -4.555249208 7.0 17.0
-0.66781926 -5.967499 -4.555249209 6.0 18.0
1.6473775 -9.155577 -5.8919287209 6.0 18.0
1.6473775 -9.155577 -5.8919287210 1.0 19.0
3.9625742 -12.343655 -7.228608210 1.0 19.0
3.9625742 -12.343655 -7.228608211 0.0 20.0
7.495265 -13.162691 -9.268208211 0.0 20.0
7.495265 -13.162691 -9.268208212 0.0 21.0
10.696772 -11.253633 -11.116598212 0.0 21.0
1.6473775 -9.155577 -5.8919287213 1.0 19.0
3.1142073 -5.3553257 -6.7388034213 1.0 19.0
3.1142073 -5.3553257 -6.7388034214 0.0 20.0
6.315714 -3.4462676 -8.587194214 0.0 20.0
6.315714 -3.4462676 -8.587194215 0.0 21.0
9.848405 -4.2653046 -10.626795215 0.0 21.0
1.6473775 -9.155577 -5.8919287216 5.0 19.0
3.3411264 -5.3553257 -5.8919287216 5.0 19.0
3.3411264 -5.3553257 -5.8919287217 4.0 20.0
5.0348754 -1.5550747 -5.8919287217 4.0 20.0
5.0348754 -1.5550747 -5.8919287218 1.0 21.0
6.501705 2.2451763 -6.7388034218 1.0 21.0
6.501705 2.2451763 -6.7388034219 0.0 22.0
5.590822 6.270647 -6.212905219 0.0 22.0
5.590822 6.270647 -6.212905220 0.0 23.0
2.7015443 8.756632 -4.54478220 0.0 23.0
5.0348754 -1.5550747 -5.8919287221 1.0 21.0
1.4338181 -1.6983937 -3.8128572221 1.0 21.0
1.4338181 -1.6983937 -3.8128572222 0.0 22.0
-1.4554598 0.7875916 -2.1447318222 0.0 22.0
-1.4554598 0.7875916 -2.1447318223 0.0 23.0
-2.3663425 4.813062 -1.6188333223 0.0 23.0
5.0348754 -1.5550747 -5.8919287224 3.0 21.0
0.87673235 -1.6983937 -5.8919287224 3.0 21.0
0.87673235 -1.6983937 -5.8919287225 2.0 22.0
-3.2814107 -1.8417127 -5.8919287225 2.0 22.0
-3.2814107 -1.8417127 -5.8919287226 1.0 23.0
-6.882468 -1.9850317 -3.8128572226 1.0 23.0
-6.882468 -1.9850317 -3.8128572227 0.0 24.0
-9.616655 -4.694826 -2.2342732227 0.0 24.0
-9.616655 -4.694826 -2.2342732228 0.0 25.0
-10.285346 -8.783163 -1.8482044228 0.0 25.0
-3.2814107 -1.8417127 -5.8919287229 1.0 23.0
-1.591458 -5.5163245 -6.8676233229 1.0 23.0
-1.591458 -5.5163245 -6.8676233230 0.0 24.0
-2.2601454 -9.604662 -6.4815564230 0.0 24.0
-2.2601454 -9.604662 -6.4815564231 0.0 25.0
-4.9943304 -12.314459 -4.902974231 0.0 25.0
-2.983016 -2.7794201 -3.21857232 7.0 17.0
-1.5161862 1.0208309 -4.0654445232 7.0 17.0
-1.5161862 1.0208309 -4.0654445233 6.0 18.0
-0.04935646 4.821082 -4.912319233 6.0 18.0
-0.04935646 4.821082 -4.912319234 1.0 19.0
1.4174733 8.621333 -5.759194234 1.0 19.0
1.4174733 8.621333 -5.759194235 0.0 20.0
0.50659055 12.646804 -5.2332954235 0.0 20.0
0.50659055 12.646804 -5.2332954236 0.0 21.0
-2.3826873 15.13279 -3.56517236 0.0 21.0
-0.04935646 4.821082 -4.912319237 1.0 19.0
-3.6504138 4.677763 -2.8332477237 1.0 19.0
-3.6504138 4.677763 -2.8332477238 0.0 20.0
-6.539692 7.1637483 -1.1651223238 0.0 20.0
-6.539692 7.1637483 -1.1651223239 0.0 21.0
-7.450575 11.1892185 -0.6392238239 0.0 21.0
-0.04935646 4.821082 -4.912319240 5.0 19.0
-1.1011534 8.846553 -4.912319240 5.0 19.0
-1.1011534 8.846553 -4.912319241 4.0 20.0
-2.1529503 12.872024 -4.912319241 4.0 20.0
-2.1529503 12.872024 -4.912319242 1.0 21.0
-3.063833 16.897495 -4.3864207242 1.0 21.0
-3.063833 16.897495 -4.3864207243 0.0 22.0
-5.9531107 19.38348 -2.7182953243 0.0 22.0
-5.9531107 19.38348 -2.7182953244 0.0 23.0
-9.554168 19.240162 -0.6392238244 0.0 23.0
-2.1529503 12.872024 -4.912319245 1.0 21.0
-4.887138 10.16223 -3.3337352245 1.0 21.0
-4.887138 10.16223 -3.3337352246 0.0 22.0
-8.488195 10.01891 -1.2546637246 0.0 22.0
-8.488195 10.01891 -1.2546637247 0.0 23.0
-11.377474 12.504896 0.4134617247 0.0 23.0
-2.1529503 12.872024 -4.912319248 3.0 21.0
-5.489201 15.358009 -4.912319248 3.0 21.0
-5.489201 15.358009 -4.912319249 2.0 22.0
-8.825452 17.843994 -4.912319249 2.0 22.0
-8.825452 17.843994 -4.912319250 1.0 23.0
-11.714729 20.329979 -3.2441938250 1.0 23.0
-11.714729 20.329979 -3.2441938251 0.0 24.0
-15.315786 20.18666 -1.1651223251 0.0 24.0
-15.315786 20.18666 -1.1651223252 0.0 25.0
-18.049974 17.476866 0.4134617252 0.0 25.0
-8.825452 17.843994 -4.912319253 1.0 23.0
-9.494143 13.755657 -4.5262504253 1.0 23.0
-9.494143 13.755657 -4.5262504254 0.0 24.0
-12.228331 11.045863 -2.9476664254 0.0 24.0
-12.228331 11.045863 -2.9476664255 0.0 25.0
-15.829388 10.902544 -0.8685949255 0.0 25.0
-2.983016 -2.7794201 -3.21857256 11.0 17.0
-1.289267 1.0208309 -3.21857256 11.0 17.0
-1.289267 1.0208309 -3.21857257 10.0 18.0
0.40448213 4.821082 -3.21857257 10.0 18.0
0.40448213 4.821082 -3.21857258 1.0 19.0
1.8713119 8.621333 -4.0654445258 1.0 19.0
1.8713119 8.621333 -4.0654445259 0.0 20.0
0.96042913 12.646804 -3.539546259 0.0 20.0
0.96042913 12.646804 -3.539546260 0.0 21.0
-1.9288487 15.13279 -1.8714206260 0.0 21.0
0.40448213 4.821082 -3.21857261 1.0 19.0
-3.1965752 4.677763 -1.1394985261 1.0 19.0
-3.1965752 4.677763 -1.1394985262 0.0 20.0
-6.085853 7.1637483 0.5286269262 0.0 20.0
-6.085853 7.1637483 0.5286269263 0.0 21.0
-6.996736 11.1892185 1.0545254263 0.0 21.0
0.40448213 4.821082 -3.21857264 9.0 19.0
-2.9317687 7.3070674 -3.21857264 9.0 19.0
-2.9317687 7.3070674 -3.21857265 8.0 20.0
-6.2680197 9.793053 -3.21857265 8.0 20.0
-6.2680197 9.793053 -3.21857266 1.0 21.0
-9.157297 12.279037 -1.5504446266 1.0 21.0
-9.157297 12.279037 -1.5504446267 0.0 22.0
-12.758354 12.135718 0.5286269267 0.0 22.0
-12.758354 12.135718 0.5286269268 0.0 23.0
-15.492542 9.425924 2.1072109268 0.0 23.0
-6.2680197 9.793053 -3.21857269 1.0 21.0
-6.9367104 5.704716 -2.8325012269 1.0 21.0
-6.9367104 5.704716 -2.8325012270 0.0 22.0
-9.670898 2.994922 -1.2539172270 0.0 22.0
-9.670898 2.994922 -1.2539172271 0.0 23.0
-13.2719555 2.851603 0.8251543271 0.0 23.0
-6.2680197 9.793053 -3.21857272 7.0 21.0
-9.157297 12.279037 -1.5504446272 7.0 21.0
-9.157297 12.279037 -1.5504446273 6.0 22.0
-12.046576 14.765022 0.11768079273 6.0 22.0
-12.046576 14.765022 0.11768079274 1.0 23.0
-14.935854 17.251007 1.7858062274 1.0 23.0
-14.935854 17.251007 1.7858062275 0.0 24.0
-18.536911 17.107689 3.8648777275 0.0 24.0
-18.536911 17.107689 3.8648777276 0.0 25.0
-21.2711 14.397895 5.4434614276 0.0 25.0
-12.046576 14.765022 0.11768079277 1.0 23.0
-12.715266 10.676685 0.50374967277 1.0 23.0
-12.715266 10.676685 0.50374967278 0.0 24.0
-15.449453 7.9668913 2.0823336278 0.0 24.0
-15.449453 7.9668913 2.0823336279 0.0 25.0
-19.05051 7.823572 4.161405279 0.0 25.0
-12.046576 14.765022 0.11768079280 5.0 23.0
-12.818713 10.676685 0.11768079280 5.0 23.0
-12.818713 10.676685 0.11768079281 4.0 24.0
-13.590851 6.588349 0.11768079281 4.0 24.0
-13.590851 6.588349 0.11768079282 1.0 25.0
-14.259539 2.5000114 0.5037477282 1.0 25.0
-14.259539 2.5000114 0.5037477283 0.0 26.0
-12.569586 -1.1746004 -0.4719469283 0.0 26.0
-12.569586 -1.1746004 -0.4719469284 0.0 27.0
-9.261843 -2.8245924 -2.3816733284 0.0 27.0
-13.590851 6.588349 0.11768079285 1.0 25.0
-10.115382 7.6863084 -1.8888822285 1.0 25.0
-10.115382 7.6863084 -1.8888822286 0.0 26.0
-6.807639 6.0363164 -3.7986085286 0.0 26.0
-6.807639 6.0363164 -3.7986085287 0.0 27.0
-5.1176863 2.3617046 -4.774303287 0.0 27.0
-13.590851 6.588349 0.11768079288 3.0 25.0
-9.577724 7.6863084 0.11768079288 3.0 25.0
-9.577724 7.6863084 0.11768079289 2.0 26.0
-5.5645986 8.784267 0.11768079289 2.0 26.0
-5.5645986 8.784267 0.11768079290 1.0 27.0
-2.0891297 9.882227 -1.8888822290 1.0 27.0
-2.0891297 9.882227 -1.8888822291 0.0 28.0
0.030471563 13.246809 -3.1126347291 0.0 28.0
0.030471563 13.246809 -3.1126347292 0.0 29.0
-0.13499577 17.403032 -3.017102292 0.0 29.0
-5.5645986 8.784267 0.11768079293 1.0 27.0
-7.9425964 11.910105 1.4906183293 1.0 27.0
-7.9425964 11.910105 1.4906183294 0.0 28.0
-8.108064 16.066328 1.586151294 0.0 28.0
-8.108064 16.066328 1.586151295 0.0 29.0
-5.9884624 19.43091 0.36239862295 0.0 29.0
-6.2680197 9.793053 -3.21857296 7.0 21.0
-6.9367104 5.704716 -2.8325012296 7.0 21.0
-6.9367104 5.704716 -2.8325012297 6.0 22.0
-7.605401 1.6163797 -2.4464324297 6.0 22.0
-7.605401 1.6163797 -2.4464324298 1.0 23.0
-8.274089 -2.4719577 -2.0603654298 1.0 23.0
-8.274089 -2.4719577 -2.0603654299 0.0 24.0
-6.584136 -6.1465693 -3.03606299 0.0 24.0
-6.584136 -6.1465693 -3.03606300 0.0 25.0
-3.276393 -7.7965612 -4.9457865300 0.0 25.0
-7.605401 1.6163797 -2.4464324301 1.0 23.0
-4.1299324 2.7143393 -4.4529953301 1.0 23.0
-4.1299324 2.7143393 -4.4529953302 0.0 24.0
-0.82218933 1.0643473 -6.3627214302 0.0 24.0
-0.82218933 1.0643473 -6.3627214303 0.0 25.0
0.8677634 -2.6102645 -7.338416303 0.0 25.0
-7.605401 1.6163797 -2.4464324304 5.0 23.0
-5.6540117 -2.058232 -2.4464324304 5.0 23.0
-5.6540117 -2.058232 -2.4464324305 4.0 24.0
-3.7026224 -5.732844 -2.4464324305 4.0 24.0
-3.7026224 -5.732844 -2.4464324306 1.0 25.0
-2.0126696 -9.407455 -3.422127306 1.0 25.0
-2.0126696 -9.407455 -3.422127307 0.0 26.0
1.2950735 -11.057447 -5.3318534307 0.0 26.0
1.2950735 -11.057447 -5.3318534308 0.0 27.0
4.770542 -9.959488 -7.338416308 0.0 27.0
-3.7026224 -5.732844 -2.4464324309 1.0 25.0
-1.5830212 -2.3682616 -3.6701846309 1.0 25.0
-1.5830212 -2.3682616 -3.6701846310 0.0 26.0
1.8924477 -1.270302 -5.6767473310 0.0 26.0
1.8924477 -1.270302 -5.6767473311 0.0 27.0
5.2001905 -2.920294 -7.5864735311 0.0 27.0
-3.7026224 -5.732844 -2.4464324312 3.0 25.0
0.11683035 -7.382836 -2.4464324312 3.0 25.0
0.11683035 -7.382836 -2.4464324313 2.0 26.0
3.936283 -9.032827 -2.4464324313 2.0 26.0
3.936283 -9.032827 -2.4464324314 1.0 27.0
7.244026 -10.682819 -4.3561587314 1.0 27.0
7.244026 -10.682819 -4.3561587315 0.0 28.0
10.719495 -9.58486 -6.3627214315 0.0 28.0
10.719495 -9.58486 -6.3627214316 0.0 29.0
12.839096 -6.220278 -7.586474316 0.0 29.0
3.936283 -9.032827 -2.4464324317 1.0 27.0
3.7708158 -4.8766046 -2.3508997317 1.0 27.0
3.7708158 -4.8766046 -2.3508997318 0.0 28.0
5.890417 -1.5120223 -3.5746522318 0.0 28.0
5.890417 -1.5120223 -3.5746522319 0.0 29.0
9.365886 -0.41406274 -5.581215319 0.0 29.0
-5.123238 -2.4983613 0.0320 19.0 9.0
-8.397289 -0.7610804 1.8902743320 19.0 9.0
-8.397289 -0.7610804 1.8902743321 18.0 10.0
-11.67134 0.9762006 3.7805486321 18.0 10.0
-11.67134 0.9762006 3.7805486322 1.0 11.0
-14.945392 2.7134798 5.670823322 1.0 11.0
-14.945392 2.7134798 5.670823323 0.0 12.0
-18.441782 1.7079804 7.6894655323 0.0 12.0
-18.441782 1.7079804 7.6894655324 0.0 13.0
-20.627747 -1.5995016 8.951532324 0.0 13.0
-11.67134 0.9762006 3.7805486325 1.0 11.0
-11.588585 -3.1833138 3.7327697325 1.0 11.0
-11.588585 -3.1833138 3.7327697326 0.0 12.0
-13.7745495 -6.490796 4.994837326 0.0 12.0
-13.7745495 -6.490796 4.994837327 0.0 13.0
-17.27094 -7.4962955 7.013479327 0.0 13.0
-11.67134 0.9762006 3.7805486328 17.0 11.0
-14.195475 -2.3312814 3.7805486328 17.0 11.0
-14.195475 -2.3312814 3.7805486329 16.0 12.0
-16.719608 -5.6387634 3.7805486329 16.0 12.0
-16.719608 -5.6387634 3.7805486330 1.0 13.0
-18.905573 -8.946245 5.042616330 1.0 13.0
-18.905573 -8.946245 5.042616331 0.0 14.0
-18.822817 -13.10576 4.994837331 0.0 14.0
-18.822817 -13.10576 4.994837332 0.0 15.0
-16.50762 -16.293839 3.6581573332 0.0 15.0
-16.719608 -5.6387634 3.7805486333 1.0 13.0
-13.186917 -6.4578004 1.7409487333 1.0 13.0
-13.186917 -6.4578004 1.7409487334 0.0 14.0
-10.87172 -9.645879 0.40426922334 0.0 14.0
-10.87172 -9.645879 0.40426922335 0.0 15.0
-10.788965 -13.805393 0.3564903335 0.0 15.0
-16.719608 -5.6387634 3.7805486336 7.0 13.0
-18.905573 -8.946245 5.042616336 7.0 13.0
-18.905573 -8.946245 5.042616337 6.0 14.0
-21.091537 -12.253727 6.304683337 6.0 14.0
-21.091537 -12.253727 6.304683338 1.0 15.0
-23.277502 -15.561209 7.5667505338 1.0 15.0
-23.277502 -15.561209 7.5667505339 0.0 16.0
-23.194746 -19.720722 7.5189714339 0.0 16.0
-23.194746 -19.720722 7.5189714340 0.0 17.0
-20.879549 -22.9088 6.182292340 0.0 17.0
-21.091537 -12.253727 6.304683341 1.0 15.0
-17.558847 -13.072763 4.2650833341 1.0 15.0
-17.558847 -13.072763 4.2650833342 0.0 16.0
-15.24365 -16.260841 2.9284039342 0.0 16.0
-15.24365 -16.260841 2.9284039343 0.0 17.0
-15.160895 -20.420357 2.880625343 0.0 17.0
-21.091537 -12.253727 6.304683344 5.0 15.0
-17.012337 -13.072763 6.304683344 5.0 15.0
-17.012337 -13.072763 6.304683345 4.0 16.0
-12.933137 -13.8918 6.304683345 4.0 16.0
-12.933137 -13.8918 6.304683346 1.0 17.0
-9.400446 -14.710836 4.2650833346 1.0 17.0
-9.400446 -14.710836 4.2650833347 0.0 18.0
-6.1989393 -12.801778 2.4166927347 0.0 18.0
-6.1989393 -12.801778 2.4166927348 0.0 19.0
-4.7321095 -9.001527 1.5698183348 0.0 19.0
-12.933137 -13.8918 6.304683349 1.0 17.0
-13.84402 -9.866329 6.8305817349 1.0 17.0
-13.84402 -9.866329 6.8305817350 0.0 18.0
-12.37719 -6.066078 5.983707350 0.0 18.0
-12.37719 -6.066078 5.983707351 0.0 19.0
-9.175683 -4.15702 4.1353164351 0.0 19.0
-12.933137 -13.8918 6.304683352 3.0 17.0
-13.984934 -9.866329 6.304683352 3.0 17.0
-13.984934 -9.866329 6.304683353 2.0 18.0
-15.036731 -5.8408585 6.304683353 2.0 18.0
-15.036731 -5.8408585 6.304683354 1.0 19.0
-15.947614 -1.8153877 6.8305817354 1.0 19.0
-15.947614 -1.8153877 6.8305817355 0.0 20.0
-18.836891 0.67059755 8.498707355 0.0 20.0
-18.836891 0.67059755 8.498707356 0.0 21.0
-22.437948 0.52727854 10.577778356 0.0 21.0
-15.036731 -5.8408585 6.304683357 1.0 19.0
-17.770918 -8.5506525 7.8832674357 1.0 19.0
-17.770918 -8.5506525 7.8832674358 0.0 20.0
-21.371975 -8.693972 9.962339358 0.0 20.0
-21.371975 -8.693972 9.962339359 0.0 21.0
-24.261253 -6.2079864 11.630465359 0.0 21.0
-16.719608 -5.6387634 3.7805486360 7.0 13.0
-13.186917 -6.4578004 1.7409487360 7.0 13.0
-13.186917 -6.4578004 1.7409487361 6.0 14.0
-9.654226 -7.2768373 -0.29865122361 6.0 14.0
-9.654226 -7.2768373 -0.29865122362 1.0 15.0
-6.1215353 -8.095874 -2.338251362 1.0 15.0
-6.1215353 -8.095874 -2.338251363 0.0 16.0
-2.920029 -6.1868157 -4.1866417363 0.0 16.0
-2.920029 -6.1868157 -4.1866417364 0.0 17.0
-1.4531991 -2.3865647 -5.0335164364 0.0 17.0
-9.654226 -7.2768373 -0.29865122365 1.0 15.0
-10.565109 -3.2513666 0.22724724365 1.0 15.0
-10.565109 -3.2513666 0.22724724366 0.0 16.0
-9.09828 0.5488844 -0.6196273366 0.0 16.0
-9.09828 0.5488844 -0.6196273367 0.0 17.0
-5.8967733 2.4579425 -2.4680178367 0.0 17.0
-9.654226 -7.2768373 -0.29865122368 5.0 15.0
-5.957445 -5.3677793 -0.29865122368 5.0 15.0
-5.957445 -5.3677793 -0.29865122369 4.0 16.0
-2.260664 -3.4587212 -0.29865122369 4.0 16.0
-2.260664 -3.4587212 -0.29865122370 1.0 17.0
0.9408424 -1.549663 -2.1470418370 1.0 17.0
0.9408424 -1.549663 -2.1470418371 0.0 18.0
2.4076722 2.250588 -2.9939163371 0.0 18.0
2.4076722 2.250588 -2.9939163372 0.0 19.0
1.4967895 6.2760587 -2.4680178372 0.0 19.0
-2.260664 -3.4587212 -0.29865122373 1.0 17.0
-5.149942 -0.9727359 1.3694742373 1.0 17.0
-5.149942 -0.9727359 1.3694742374 0.0 18.0
-6.060825 3.0527349 1.8953726374 0.0 18.0
-6.060825 3.0527349 1.8953726375 0.0 19.0
-4.593995 6.852986 1.0484982375 0.0 19.0
-2.260664 -3.4587212 -0.29865122376 3.0 17.0
-0.5669149 0.34152985 -0.29865122376 3.0 17.0
-0.5669149 0.34152985 -0.29865122377 2.0 18.0
1.1268342 4.141781 -0.29865122377 2.0 18.0
1.1268342 4.141781 -0.29865122378 1.0 19.0
2.593664 7.942032 -1.1455257378 1.0 19.0
2.593664 7.942032 -1.1455257379 0.0 20.0
1.6827812 11.967503 -0.61962724379 0.0 20.0
1.6827812 11.967503 -0.61962724380 0.0 21.0
-1.2064967 14.453487 1.0484982380 0.0 21.0
1.1268342 4.141781 -0.29865122381 1.0 19.0
-2.4742231 3.998462 1.7804203381 1.0 19.0
-2.4742231 3.998462 1.7804203382 0.0 20.0
-5.363501 6.4844475 3.4485457382 0.0 20.0
-5.363501 6.4844475 3.4485457383 0.0 21.0
-6.274384 10.509918 3.9744442383 0.0 21.0
-16.719608 -5.6387634 3.7805486384 15.0 13.0
-16.62405 -9.798278 3.7805486384 15.0 13.0
-16.62405 -9.798278 3.7805486385 14.0 14.0
-16.528492 -13.957792 3.7805486385 14.0 14.0
-16.528492 -13.957792 3.7805486386 1.0 15.0
-16.445736 -18.117306 3.7327697386 1.0 15.0
-16.445736 -18.117306 3.7327697387 0.0 16.0
-14.130539 -21.305384 2.3960903387 0.0 16.0
-14.130539 -21.305384 2.3960903388 0.0 17.0
-10.597848 -22.12442 0.35649037388 0.0 17.0
-16.528492 -13.957792 3.7805486389 1.0 15.0
-13.326985 -12.048734 1.932158389 1.0 15.0
-13.326985 -12.048734 1.932158390 0.0 16.0
-9.794294 -12.86777 -0.1074419390 0.0 16.0
-9.794294 -12.86777 -0.1074419391 0.0 17.0
-7.4790974 -16.05585 -1.4441214391 0.0 17.0
-16.528492 -13.957792 3.7805486392 13.0 15.0
-12.449292 -14.776829 3.7805486392 13.0 15.0
-12.449292 -14.776829 3.7805486393 12.0 16.0
-8.370092 -15.595865 3.7805486393 12.0 16.0
-8.370092 -15.595865 3.7805486394 1.0 17.0
-4.8374014 -16.414902 1.7409487394 1.0 17.0
-4.8374014 -16.414902 1.7409487395 0.0 18.0
-1.635895 -14.505843 -0.1074419395 0.0 18.0
-1.635895 -14.505843 -0.1074419396 0.0 19.0
-0.16906524 -10.705592 -0.95431644396 0.0 19.0
-8.370092 -15.595865 3.7805486397 1.0 17.0
-9.280975 -11.5703945 4.306447397 1.0 17.0
-9.280975 -11.5703945 4.306447398 0.0 18.0
-7.8141456 -7.7701435 3.4595726398 0.0 18.0
-7.8141456 -7.7701435 3.4595726399 0.0 19.0
-4.6126394 -5.8610854 1.611182399 0.0 19.0
-8.370092 -15.595865 3.7805486400 7.0 17.0
-4.8374014 -16.414902 1.7409487400 7.0 17.0
-4.8374014 -16.414902 1.7409487401 6.0 18.0
-1.3047106 -17.233938 -0.29865122401 6.0 18.0
-1.3047106 -17.233938 -0.29865122402 1.0 19.0
2.2279801 -18.052975 -2.338251402 1.0 19.0
2.2279801 -18.052975 -2.338251403 0.0 20.0
5.4294863 -16.143917 -4.1866417403 0.0 20.0
5.4294863 -16.143917 -4.1866417404 0.0 21.0
6.896316 -12.343666 -5.0335164404 0.0 21.0
-1.3047106 -17.233938 -0.29865122405 1.0 19.0
-2.2155933 -13.2084675 0.22724724405 1.0 19.0
-2.2155933 -13.2084675 0.22724724406 0.0 20.0
-0.74876356 -9.408216 -0.6196273406 0.0 20.0
-0.74876356 -9.408216 -0.6196273407 0.0 21.0
2.4527428 -7.4991584 -2.4680178407 0.0 21.0
-1.3047106 -17.233938 -0.29865122408 5.0 19.0
-2.3565075 -13.2084675 -0.29865122408 5.0 19.0
-2.3565075 -13.2084675 -0.29865122409 4.0 20.0
-3.4083045 -9.182997 -0.29865122409 4.0 20.0
-3.4083045 -9.182997 -0.29865122410 1.0 21.0
-4.319187 -5.157526 0.22724724410 1.0 21.0
-4.319187 -5.157526 0.22724724411 0.0 22.0
-7.208465 -2.6715407 1.8953726411 0.0 22.0
-7.208465 -2.6715407 1.8953726412 0.0 23.0
-10.809523 -2.8148596 3.9744442412 0.0 23.0
-3.4083045 -9.182997 -0.29865122413 1.0 21.0
-6.1424923 -11.892791 1.2799327413 1.0 21.0
-6.1424923 -11.892791 1.2799327414 0.0 22.0
-9.743549 -12.03611 3.3590043414 0.0 22.0
-9.743549 -12.03611 3.3590043415 0.0 23.0
-12.632828 -9.550125 5.0271297415 0.0 23.0
-3.4083045 -9.182997 -0.29865122416 3.0 21.0
-6.5654726 -11.892791 -0.29865122416 3.0 21.0
-6.5654726 -11.892791 -0.29865122417 2.0 22.0
-9.722641 -14.602585 -0.29865122417 2.0 22.0
-9.722641 -14.602585 -0.29865122418 1.0 23.0
-12.456829 -17.31238 1.2799327418 1.0 23.0
-12.456829 -17.31238 1.2799327419 0.0 24.0
-13.12552 -21.400717 1.6660016419 0.0 24.0
-13.12552 -21.400717 1.6660016420 0.0 25.0
-11.435567 -25.075329 0.69030696420 0.0 25.0
-9.722641 -14.602585 -0.29865122421 1.0 23.0
-6.414898 -16.252577 -2.2083776421 1.0 23.0
-6.414898 -16.252577 -2.2083776422 0.0 24.0
-4.724945 -19.927189 -3.1840723422 0.0 24.0
-4.724945 -19.927189 -3.1840723423 0.0 25.0
-5.3936324 -24.015526 -2.7980053423 0.0 25.0
-8.370092 -15.595865 3.7805486424 7.0 17.0
-9.280975 -11.5703945 4.306447424 7.0 17.0
-9.280975 -11.5703945 4.306447425 6.0 18.0
-10.191858 -7.544924 4.8323455425 6.0 18.0
-10.191858 -7.544924 4.8323455426 1.0 19.0
-11.102741 -3.519453 5.358244426 1.0 19.0
-11.102741 -3.519453 5.358244427 0.0 20.0
-13.99202 -1.0334678 7.026369427 0.0 20.0
-13.99202 -1.0334678 7.026369428 0.0 21.0
-17.593077 -1.1767868 9.10544428 0.0 21.0
-10.191858 -7.544924 4.8323455429 1.0 19.0
-12.926046 -10.254718 6.4109297429 1.0 19.0
-12.926046 -10.254718 6.4109297430 0.0 20.0
-16.527103 -10.398037 8.490002430 0.0 20.0
-16.527103 -10.398037 8.490002431 0.0 21.0
-19.416382 -7.9120517 10.158127431 0.0 21.0
-10.191858 -7.544924 4.8323455432 5.0 19.0
-13.528109 -5.0589385 4.8323455432 5.0 19.0
-13.528109 -5.0589385 4.8323455433 4.0 20.0
-16.864359 -2.5729532 4.8323455433 4.0 20.0
-16.864359 -2.5729532 4.8323455434 1.0 21.0
-19.753637 -0.086967945 6.500471434 1.0 21.0
-19.753637 -0.086967945 6.500471435 0.0 22.0
-23.354694 -0.23028694 8.579542435 0.0 22.0
-23.354694 -0.23028694 8.579542436 0.0 23.0
-26.088882 -2.9400811 10.158126436 0.0 23.0
-16.864359 -2.5729532 4.8323455437 1.0 21.0
-17.53305 -6.6612897 5.2184143437 1.0 21.0
-17.53305 -6.6612897 5.2184143438 0.0 22.0
-20.267239 -9.371084 6.796998438 0.0 22.0
-20.267239 -9.371084 6.796998439 0.0 23.0
-23.868296 -9.514403 8.87607439 0.0 23.0
-16.864359 -2.5729532 4.8323455440 3.0 21.0
-21.022503 -2.716272 4.8323455440 3.0 21.0
-21.022503 -2.716272 4.8323455441 2.0 22.0
-25.180645 -2.859591 4.8323455441 2.0 22.0
-25.180645 -2.859591 4.8323455442 1.0 23.0
-28.781702 -3.00291 6.911417442 1.0 23.0
-28.781702 -3.00291 6.911417443 0.0 24.0
-31.51589 -5.712704 8.490001443 0.0 24.0
-31.51589 -5.712704 8.490001444 0.0 25.0
-32.18458 -9.801041 8.87607444 0.0 25.0
-25.180645 -2.859591 4.8323455445 1.0 23.0
-23.490692 -6.5342026 3.8566508445 1.0 23.0
-23.490692 -6.5342026 3.8566508446 0.0 24.0
-24.15938 -10.6225395 4.2427177446 0.0 24.0
-24.15938 -10.6225395 4.2427177447 0.0 25.0
-26.893564 -13.332336 5.8213005447 0.0 25.0
-8.370092 -15.595865 3.7805486448 11.0 17.0
-4.673311 -13.686807 3.7805486448 11.0 17.0
-4.673311 -13.686807 3.7805486449 10.0 18.0
-0.9765301 -11.777748 3.7805486449 10.0 18.0
-0.9765301 -11.777748 3.7805486450 1.0 19.0
2.2249763 -9.86869 1.932158450 1.0 19.0
2.2249763 -9.86869 1.932158451 0.0 20.0
3.691806 -6.0684385 1.0852835451 0.0 20.0
3.691806 -6.0684385 1.0852835452 0.0 21.0
2.7809234 -2.0429678 1.611182452 0.0 21.0
-0.9765301 -11.777748 3.7805486453 1.0 19.0
-3.865808 -9.291763 5.448674453 1.0 19.0
-3.865808 -9.291763 5.448674454 0.0 20.0
-4.776691 -5.2662926 5.9745727454 0.0 20.0
-4.776691 -5.2662926 5.9745727455 0.0 21.0
-3.3098612 -1.4660416 5.127698455 0.0 21.0
-0.9765301 -11.777748 3.7805486456 9.0 19.0
-2.028327 -7.7522774 3.7805486456 9.0 19.0
-2.028327 -7.7522774 3.7805486457 8.0 20.0
-3.080124 -3.7268066 3.7805486457 8.0 20.0
-3.080124 -3.7268066 3.7805486458 1.0 21.0
-3.9910066 0.2986641 4.306447458 1.0 21.0
-3.9910066 0.2986641 4.306447459 0.0 22.0
-6.8802843 2.7846494 5.974572459 0.0 22.0
-6.8802843 2.7846494 5.974572460 0.0 23.0
-10.481341 2.6413305 8.053644460 0.0 23.0
-3.080124 -3.7268066 3.7805486461 1.0 21.0
-5.8143115 -6.4366007 5.359133461 1.0 21.0
-5.8143115 -6.4366007 5.359133462 0.0 22.0
-9.415369 -6.57992 7.4382043462 0.0 22.0
-9.415369 -6.57992 7.4382043463 0.0 23.0
-12.304647 -4.0939345 9.10633463 0.0 23.0
-3.080124 -3.7268066 3.7805486464 7.0 21.0
-3.9910066 0.2986641 4.306447464 7.0 21.0
-3.9910066 0.2986641 4.306447465 6.0 22.0
-4.9018893 4.324135 4.8323455465 6.0 22.0
-4.9018893 4.324135 4.8323455466 1.0 23.0
-5.8127723 8.349606 5.358244466 1.0 23.0
-5.8127723 8.349606 5.358244467 0.0 24.0
-8.70205 10.83559 7.026369467 0.0 24.0
-8.70205 10.83559 7.026369468 0.0 25.0
-12.303107 10.692271 9.10544468 0.0 25.0
-4.9018893 4.324135 4.8323455469 1.0 23.0
-7.636077 1.6143405 6.4109297469 1.0 23.0
-7.636077 1.6143405 6.4109297470 0.0 24.0
-11.237134 1.4710215 8.490002470 0.0 24.0
-11.237134 1.4710215 8.490002471 0.0 25.0
-14.126411 3.957007 10.158127471 0.0 25.0
-4.9018893 4.324135 4.8323455472 5.0 23.0
-8.059057 1.6143405 4.8323455472 5.0 23.0
-8.059057 1.6143405 4.8323455473 4.0 24.0
-11.216225 -1.0954537 4.8323455473 4.0 24.0
-11.216225 -1.0954537 4.8323455474 1.0 25.0
-13.950413 -3.805248 6.4109297474 1.0 25.0
-13.950413 -3.805248 6.4109297475 0.0 26.0
-14.619103 -7.8935843 6.7969985475 0.0 26.0
-14.619103 -7.8935843 6.7969985476 0.0 27.0
-12.929151 -11.568196 5.821304476 0.0 27.0
-11.216225 -1.0954537 4.8323455477 1.0 25.0
-7.9084816 -2.7454457 2.922619477 1.0 25.0
-7.9084816 -2.7454457 2.922619478 0.0 26.0
-6.2185287 -6.4200573 1.9469244478 0.0 26.0
-6.2185287 -6.4200573 1.9469244479 0.0 27.0
-6.887216 -10.508394 2.3329914479 0.0 27.0
-11.216225 -1.0954537 4.8323455480 3.0 25.0
-7.396772 -2.7454457 4.8323455480 3.0 25.0
-7.396772 -2.7454457 4.8323455481 2.0 26.0
-3.5773191 -4.3954377 4.8323455481 2.0 26.0
-3.5773191 -4.3954377 4.8323455482 1.0 27.0
-0.26957607 -6.0454297 2.922619482 1.0 27.0
-0.26957607 -6.0454297 2.922619483 0.0 28.0
3.2058928 -4.94747 0.91605616483 0.0 28.0
3.2058928 -4.94747 0.91605616484 0.0 29.0
5.325494 -1.5828879 -0.30769622484 0.0 29.0
-3.5773191 -4.3954377 4.8323455485 1.0 27.0
-3.7427864 -0.2392149 4.927878485 1.0 27.0
-3.7427864 -0.2392149 4.927878486 0.0 28.0
-1.6231852 3.1253674 3.7041254486 0.0 28.0
-1.6231852 3.1253674 3.7041254487 0.0 29.0
1.8522837 4.2233267 1.6975625487 0.0 29.0
-3.080124 -3.7268066 3.7805486488 7.0 21.0
-5.8143115 -6.4366007 5.359133488 7.0 21.0
-5.8143115 -6.4366007 5.359133489 6.0 22.0
-8.548499 -9.146395 6.9377165489 6.0 22.0
-8.548499 -9.146395 6.9377165490 1.0 23.0
-11.282686 -11.856189 8.5163490 1.0 23.0
-11.282686 -11.856189 8.5163491 0.0 24.0
-11.951377 -15.944525 8.9023695491 0.0 24.0
-11.951377 -15.944525 8.9023695492 0.0 25.0
-10.261424 -19.619137 7.926675492 0.0 25.0
-8.548499 -9.146395 6.9377165493 1.0 23.0
-5.240756 -10.796387 5.0279903493 1.0 23.0
-5.240756 -10.796387 5.0279903494 0.0 24.0
-3.5508032 -14.470999 4.0522957494 0.0 24.0
-3.5508032 -14.470999 4.0522957495 0.0 25.0
-4.2194905 -18.559336 4.4383626495 0.0 25.0
-8.548499 -9.146395 6.9377165496 5.0 23.0
-9.320633 -13.234732 6.9377165496 5.0 23.0
-9.320633 -13.234732 6.9377165497 4.0 24.0
-10.092767 -17.323069 6.9377165497 4.0 24.0
-10.092767 -17.323069 6.9377165498 1.0 25.0
-10.761455 -21.411406 7.3237834498 1.0 25.0
-10.761455 -21.411406 7.3237834499 0.0 26.0
-9.071502 -25.086018 6.3480887499 0.0 26.0
-9.071502 -25.086018 6.3480887500 0.0 27.0
-5.7637587 -26.73601 4.438362500 0.0 27.0
-10.092767 -17.323069 6.9377165501 1.0 25.0
-6.617298 -16.22511 4.9311533501 1.0 25.0
-6.617298 -16.22511 4.9311533502 0.0 26.0
-3.309555 -17.875101 3.021427502 0.0 26.0
-3.309555 -17.875101 3.021427503 0.0 27.0
-1.6196023 -21.549713 2.0457323503 0.0 27.0
-10.092767 -17.323069 6.9377165504 3.0 25.0
-8.141377 -20.99768 6.9377165504 3.0 25.0
-8.141377 -20.99768 6.9377165505 2.0 26.0
-6.189988 -24.672293 6.9377165505 2.0 26.0
-6.189988 -24.672293 6.9377165506 1.0 27.0
-4.5000353 -28.346905 5.962022506 1.0 27.0
-4.5000353 -28.346905 5.962022507 0.0 28.0
-1.1922922 -29.996897 4.0522957507 0.0 28.0
-1.1922922 -29.996897 4.0522957508 0.0 29.0
2.2831767 -28.898937 2.0457327508 0.0 29.0
-6.189988 -24.672293 6.9377165509 1.0 27.0
-4.070387 -21.30771 5.713964509 1.0 27.0
-4.070387 -21.30771 5.713964510 0.0 28.0
-0.594918 -20.209751 3.707401510 0.0 28.0
-0.594918 -20.209751 3.707401511 0.0 29.0
2.712825 -21.859743 1.7976747511 0.0 29.0
