0.0 0.0 0.00 60.0 1.0
0.0 0.5429759 0.00 60.0 1.0
0.0 0.5429759 0.01 59.0 2.0
0.0 1.0859518 0.01 59.0 2.0
0.0 1.0859518 0.02 58.0 3.0
0.0 1.6289277 0.02 58.0 3.0
0.0 1.6289277 0.03 57.0 4.0
0.0 2.1719036 0.03 57.0 4.0
0.0 2.1719036 0.04 56.0 5.0
0.0 2.7148795 0.04 56.0 5.0
0.0 2.7148795 0.05 55.0 6.0
0.0 3.2578554 0.05 55.0 6.0
0.0 3.2578554 0.06 54.0 7.0
0.0 3.8008313 0.06 54.0 7.0
0.0 3.8008313 0.07 53.0 8.0
0.0 4.343807 0.07 53.0 8.0
0.0 4.343807 0.08 52.0 9.0
0.0 4.886783 0.08 52.0 9.0
0.0 4.886783 0.09 51.0 10.0
0.0 5.429759 0.09 51.0 10.0
0.0 5.429759 0.010 50.0 11.0
0.0 5.972735 0.010 50.0 11.0
0.0 5.972735 0.011 49.0 12.0
0.0 6.515711 0.011 49.0 12.0
0.0 6.515711 0.012 48.0 13.0
0.0 7.0586867 0.012 48.0 13.0
0.0 7.0586867 0.013 47.0 14.0
0.0 7.6016626 0.013 47.0 14.0
0.0 7.6016626 0.014 46.0 15.0
0.0 8.144638 0.014 46.0 15.0
0.0 8.144638 0.015 45.0 16.0
0.0 8.687614 0.015 45.0 16.0
0.0 8.687614 0.016 28.0 17.0
0.29977667 9.105947 -0.1730761416 28.0 17.0
0.29977667 9.105947 -0.1730761417 27.0 18.0
0.59955335 9.524279 -0.3461522817 27.0 18.0
0.59955335 9.524279 -0.3461522818 26.0 19.0
0.89933 9.942611 -0.519228418 26.0 19.0
0.89933 9.942611 -0.519228419 25.0 20.0
1.1991067 10.360943 -0.6923045519 25.0 20.0
1.1991067 10.360943 -0.6923045520 24.0 21.0
1.4988834 10.779275 -0.865380720 24.0 21.0
1.4988834 10.779275 -0.865380721 23.0 22.0
1.79866 11.197607 -1.038456821 23.0 22.0
1.79866 11.197607 -1.038456822 22.0 23.0
2.0984368 11.615939 -1.21153322 22.0 23.0
2.0984368 11.615939 -1.21153323 21.0 24.0
2.3982134 12.034271 -1.384609123 21.0 24.0
2.3982134 12.034271 -1.384609124 12.0 25.0
2.3982134 12.577248 -1.384609124 12.0 25.0
2.3982134 12.577248 -1.384609125 11.0 26.0
2.3982134 13.120224 -1.384609125 11.0 26.0
2.3982134 13.120224 -1.384609126 10.0 27.0
2.3982134 13.6632 -1.384609126 10.0 27.0
2.3982134 13.6632 -1.384609127 9.0 28.0
2.3982134 14.206177 -1.384609127 9.0 28.0
2.3982134 14.206177 -1.384609128 4.0 29.0
2.69799 14.624509 -1.557685328 4.0 29.0
2.69799 14.624509 -1.557685329 3.0 30.0
2.9977665 15.042841 -1.730761429 3.0 30.0
2.9977665 15.042841 -1.730761430 0.0 31.0
2.9977665 15.585817 -1.730761430 0.0 31.0
2.9977665 15.585817 -1.730761431 0.0 32.0
2.9977665 16.128794 -1.730761431 0.0 32.0
2.9977665 15.042841 -1.730761432 2.0 31.0
3.3439188 15.461173 -1.730761432 2.0 31.0
3.3439188 15.461173 -1.730761433 1.0 32.0
3.690071 15.879505 -1.730761433 1.0 32.0
3.690071 15.879505 -1.730761434 0.0 33.0
4.1519923 15.981131 -1.997451834 0.0 33.0
4.1519923 15.981131 -1.997451835 0.0 34.0
4.6853733 16.082756 -1.997451835 0.0 34.0
3.690071 15.879505 -1.730761436 0.0 33.0
3.690071 16.422482 -1.730761436 0.0 33.0
3.690071 16.422482 -1.730761437 0.0 34.0
3.690071 16.965458 -1.730761437 0.0 34.0
2.3982134 14.206177 -1.384609138 8.0 29.0
2.3982134 14.749153 -1.384609138 8.0 29.0
2.3982134 14.749153 -1.384609139 7.0 30.0
2.3982134 15.2921295 -1.384609139 7.0 30.0
2.3982134 15.2921295 -1.384609140 6.0 31.0
2.3982134 15.835106 -1.384609140 6.0 31.0
2.3982134 15.835106 -1.384609141 5.0 32.0
2.3982134 16.378082 -1.384609141 5.0 32.0
2.3982134 16.378082 -1.384609142 4.0 33.0
2.69799 16.796413 -1.557685342 4.0 33.0
2.69799 16.796413 -1.557685343 3.0 34.0
2.9977665 17.214745 -1.730761443 3.0 34.0
2.9977665 17.214745 -1.730761444 0.0 35.0
2.9977665 17.75772 -1.730761444 0.0 35.0
2.9977665 17.75772 -1.730761445 0.0 36.0
2.9977665 18.300697 -1.730761445 0.0 36.0
2.9977665 17.214745 -1.730761446 2.0 35.0
3.3439188 17.633076 -1.730761446 2.0 35.0
3.3439188 17.633076 -1.730761447 1.0 36.0
3.690071 18.051407 -1.730761447 1.0 36.0
3.690071 18.051407 -1.730761448 0.0 37.0
4.1519923 18.153032 -1.997451848 0.0 37.0
4.1519923 18.153032 -1.997451849 0.0 38.0
4.6853733 18.254658 -1.997451849 0.0 38.0
3.690071 18.051407 -1.730761450 0.0 37.0
3.690071 18.594383 -1.730761450 0.0 37.0
3.690071 18.594383 -1.730761451 0.0 38.0
3.690071 19.13736 -1.730761451 0.0 38.0
2.3982134 16.378082 -1.384609152 4.0 33.0
2.052061 16.796413 -1.384609152 4.0 33.0
2.052061 16.796413 -1.384609153 3.0 34.0
1.7059088 17.214745 -1.384609153 3.0 34.0
1.7059088 17.214745 -1.384609154 0.0 35.0
1.2439873 17.31637 -1.117918754 0.0 35.0
1.2439873 17.31637 -1.117918755 0.0 36.0
0.71060646 17.417995 -1.117918755 0.0 36.0
1.7059088 17.214745 -1.384609156 2.0 35.0
1.3597565 17.633076 -1.384609156 2.0 35.0
1.3597565 17.633076 -1.384609157 1.0 36.0
1.0136042 18.051407 -1.384609157 1.0 36.0
1.0136042 18.051407 -1.384609158 0.0 37.0
1.0136042 18.594383 -1.384609158 0.0 37.0
1.0136042 18.594383 -1.384609159 0.0 38.0
1.0136042 19.13736 -1.384609159 0.0 38.0
1.0136042 18.051407 -1.384609160 0.0 37.0
0.4802233 18.153032 -1.384609160 0.0 37.0
0.4802233 18.153032 -1.384609161 0.0 38.0
-0.053157568 18.254658 -1.384609161 0.0 38.0
2.3982134 12.034271 -1.384609162 20.0 25.0
2.7443657 12.452603 -1.384609162 20.0 25.0
2.7443657 12.452603 -1.384609163 19.0 26.0
3.090518 12.870935 -1.384609163 19.0 26.0
3.090518 12.870935 -1.384609164 18.0 27.0
3.4366703 13.289268 -1.384609164 18.0 27.0
3.4366703 13.289268 -1.384609165 17.0 28.0
3.7828226 13.7076 -1.384609165 17.0 28.0
3.7828226 13.7076 -1.384609166 16.0 29.0
4.128975 14.125932 -1.384609166 16.0 29.0
4.128975 14.125932 -1.384609167 15.0 30.0
4.475127 14.544264 -1.384609167 15.0 30.0
4.475127 14.544264 -1.384609168 14.0 31.0
4.8212795 14.962596 -1.384609168 14.0 31.0
4.8212795 14.962596 -1.384609169 13.0 32.0
5.167432 15.380928 -1.384609169 13.0 32.0
5.167432 15.380928 -1.384609170 12.0 33.0
5.629353 15.4825535 -1.651299570 12.0 33.0
5.629353 15.4825535 -1.651299571 11.0 34.0
6.0912743 15.584179 -1.9179971 11.0 34.0
6.0912743 15.584179 -1.9179972 10.0 35.0
6.5531955 15.685804 -2.184680572 10.0 35.0
6.5531955 15.685804 -2.184680573 9.0 36.0
7.0151167 15.78743 -2.45137173 9.0 36.0
7.0151167 15.78743 -2.45137174 4.0 37.0
7.427108 15.525691 -2.68923474 4.0 37.0
7.427108 15.525691 -2.68923475 3.0 38.0
7.839099 15.263952 -2.92709775 3.0 38.0
7.839099 15.263952 -2.92709776 0.0 39.0
8.301021 15.365578 -3.193787676 0.0 39.0
8.301021 15.365578 -3.193787677 0.0 40.0
8.834401 15.467203 -3.193787677 0.0 40.0
7.839099 15.263952 -2.92709778 2.0 39.0
8.314825 15.0022135 -2.92709778 2.0 39.0
8.314825 15.0022135 -2.92709779 1.0 40.0
8.790551 14.740475 -2.92709779 1.0 40.0
8.790551 14.740475 -2.92709780 0.0 41.0
8.963461 14.235539 -3.026926580 0.0 41.0
8.963461 14.235539 -3.026926581 0.0 42.0
9.163119 13.730604 -3.026926581 0.0 42.0
8.790551 14.740475 -2.92709782 0.0 41.0
9.323932 14.8421 -2.92709782 0.0 41.0
9.323932 14.8421 -2.92709783 0.0 42.0
9.857312 14.943726 -2.92709783 0.0 42.0
7.0151167 15.78743 -2.45137184 8.0 37.0
7.5484977 15.889055 -2.45137184 8.0 37.0
7.5484977 15.889055 -2.45137185 7.0 38.0
8.081879 15.990681 -2.45137185 7.0 38.0
8.081879 15.990681 -2.45137186 6.0 39.0
8.615259 16.092306 -2.45137186 6.0 39.0
8.615259 16.092306 -2.45137187 5.0 40.0
9.14864 16.193932 -2.45137187 5.0 40.0
9.14864 16.193932 -2.45137188 4.0 41.0
9.560631 15.932193 -2.68923488 4.0 41.0
9.560631 15.932193 -2.68923489 3.0 42.0
9.972622 15.670454 -2.92709789 3.0 42.0
9.972622 15.670454 -2.92709790 0.0 43.0
10.434544 15.772079 -3.193787690 0.0 43.0
10.434544 15.772079 -3.193787691 0.0 44.0
10.967924 15.873705 -3.193787691 0.0 44.0
9.972622 15.670454 -2.92709792 2.0 43.0
10.448348 15.408715 -2.92709792 2.0 43.0
10.448348 15.408715 -2.92709793 1.0 44.0
10.924074 15.146976 -2.92709793 1.0 44.0
10.924074 15.146976 -2.92709794 0.0 45.0
11.096984 14.642041 -3.026926594 0.0 45.0
11.096984 14.642041 -3.026926595 0.0 46.0
11.296642 14.137106 -3.026926595 0.0 46.0
10.924074 15.146976 -2.92709796 0.0 45.0
11.457455 15.248602 -2.92709796 0.0 45.0
11.457455 15.248602 -2.92709797 0.0 46.0
11.990835 15.350227 -2.92709797 0.0 46.0
9.14864 16.193932 -2.45137198 4.0 41.0
9.494792 16.612263 -2.45137198 4.0 41.0
9.494792 16.612263 -2.45137199 3.0 42.0
9.840944 17.030594 -2.45137199 3.0 42.0
9.840944 17.030594 -2.451371100 0.0 43.0
9.840944 17.57357 -2.451371100 0.0 43.0
9.840944 17.57357 -2.451371101 0.0 44.0
9.840944 18.116547 -2.451371101 0.0 44.0
9.840944 17.030594 -2.451371102 2.0 43.0
10.187097 17.448925 -2.451371102 2.0 43.0
10.187097 17.448925 -2.451371103 1.0 44.0
10.533249 17.867256 -2.451371103 1.0 44.0
10.533249 17.867256 -2.451371104 0.0 45.0
10.995171 17.968882 -2.7180614104 0.0 45.0
10.995171 17.968882 -2.7180614105 0.0 46.0
11.528551 18.070507 -2.7180614105 0.0 46.0
10.533249 17.867256 -2.451371106 0.0 45.0
10.533249 18.410233 -2.451371106 0.0 45.0
10.533249 18.410233 -2.451371107 0.0 46.0
10.533249 18.953209 -2.451371107 0.0 46.0
5.167432 15.380928 -1.3846091108 12.0 33.0
5.167432 15.923904 -1.3846091108 12.0 33.0
5.167432 15.923904 -1.3846091109 11.0 34.0
5.167432 16.46688 -1.3846091109 11.0 34.0
5.167432 16.46688 -1.3846091110 10.0 35.0
5.167432 17.009857 -1.3846091110 10.0 35.0
5.167432 17.009857 -1.3846091111 9.0 36.0
5.167432 17.552834 -1.3846091111 9.0 36.0
5.167432 17.552834 -1.3846091112 4.0 37.0
5.4672084 17.971165 -1.5576853112 4.0 37.0
5.4672084 17.971165 -1.5576853113 3.0 38.0
5.766985 18.389496 -1.7307614113 3.0 38.0
5.766985 18.389496 -1.7307614114 0.0 39.0
5.766985 18.932472 -1.7307614114 0.0 39.0
5.766985 18.932472 -1.7307614115 0.0 40.0
5.766985 19.475449 -1.7307614115 0.0 40.0
5.766985 18.389496 -1.7307614116 2.0 39.0
6.1131372 18.807827 -1.7307614116 2.0 39.0
6.1131372 18.807827 -1.7307614117 1.0 40.0
6.4592896 19.226158 -1.7307614117 1.0 40.0
6.4592896 19.226158 -1.7307614118 0.0 41.0
6.921211 19.327784 -1.9974518118 0.0 41.0
6.921211 19.327784 -1.9974518119 0.0 42.0
7.4545918 19.429409 -1.9974518119 0.0 42.0
6.4592896 19.226158 -1.7307614120 0.0 41.0
6.4592896 19.769135 -1.7307614120 0.0 41.0
6.4592896 19.769135 -1.7307614121 0.0 42.0
6.4592896 20.31211 -1.7307614121 0.0 42.0
5.167432 17.552834 -1.3846091122 8.0 37.0
5.167432 18.09581 -1.3846091122 8.0 37.0
5.167432 18.09581 -1.3846091123 7.0 38.0
5.167432 18.638786 -1.3846091123 7.0 38.0
5.167432 18.638786 -1.3846091124 6.0 39.0
5.167432 19.181763 -1.3846091124 6.0 39.0
5.167432 19.181763 -1.3846091125 5.0 40.0
5.167432 19.72474 -1.3846091125 5.0 40.0
5.167432 19.72474 -1.3846091126 4.0 41.0
5.4672084 20.14307 -1.5576853126 4.0 41.0
5.4672084 20.14307 -1.5576853127 3.0 42.0
5.766985 20.561401 -1.7307614127 3.0 42.0
5.766985 20.561401 -1.7307614128 0.0 43.0
5.766985 21.104378 -1.7307614128 0.0 43.0
5.766985 21.104378 -1.7307614129 0.0 44.0
5.766985 21.647354 -1.7307614129 0.0 44.0
5.766985 20.561401 -1.7307614130 2.0 43.0
6.1131372 20.979733 -1.7307614130 2.0 43.0
6.1131372 20.979733 -1.7307614131 1.0 44.0
6.4592896 21.398064 -1.7307614131 1.0 44.0
6.4592896 21.398064 -1.7307614132 0.0 45.0
6.921211 21.49969 -1.9974518132 0.0 45.0
6.921211 21.49969 -1.9974518133 0.0 46.0
7.4545918 21.601315 -1.9974518133 0.0 46.0
6.4592896 21.398064 -1.7307614134 0.0 45.0
6.4592896 21.94104 -1.7307614134 0.0 45.0
6.4592896 21.94104 -1.7307614135 0.0 46.0
6.4592896 22.484016 -1.7307614135 0.0 46.0
5.167432 19.72474 -1.3846091136 4.0 41.0
4.8212795 20.14307 -1.3846091136 4.0 41.0
4.8212795 20.14307 -1.3846091137 3.0 42.0
4.475127 20.561401 -1.3846091137 3.0 42.0
4.475127 20.561401 -1.3846091138 0.0 43.0
4.013206 20.663027 -1.1179187138 0.0 43.0
4.013206 20.663027 -1.1179187139 0.0 44.0
3.479825 20.764652 -1.1179187139 0.0 44.0
4.475127 20.561401 -1.3846091140 2.0 43.0
4.128975 20.979733 -1.3846091140 2.0 43.0
4.128975 20.979733 -1.3846091141 1.0 44.0
3.7828226 21.398064 -1.3846091141 1.0 44.0
3.7828226 21.398064 -1.3846091142 0.0 45.0
3.7828226 21.94104 -1.3846091142 0.0 45.0
3.7828226 21.94104 -1.3846091143 0.0 46.0
3.7828226 22.484016 -1.3846091143 0.0 46.0
3.7828226 21.398064 -1.3846091144 0.0 45.0
3.2494416 21.49969 -1.3846091144 0.0 45.0
3.2494416 21.49969 -1.3846091145 0.0 46.0
2.7160606 21.601315 -1.3846091145 0.0 46.0
0.0 8.687614 0.0146 44.0 17.0
0.0 9.230591 0.0146 44.0 17.0
0.0 9.230591 0.0147 43.0 18.0
0.0 9.773567 0.0147 43.0 18.0
0.0 9.773567 0.0148 42.0 19.0
0.0 10.316544 0.0148 42.0 19.0
0.0 10.316544 0.0149 41.0 20.0
0.0 10.85952 0.0149 41.0 20.0
0.0 10.85952 0.0150 40.0 21.0
0.0 11.402496 0.0150 40.0 21.0
0.0 11.402496 0.0151 39.0 22.0
0.0 11.945473 0.0151 39.0 22.0
0.0 11.945473 0.0152 38.0 23.0
0.0 12.488449 0.0152 38.0 23.0
0.0 12.488449 0.0153 37.0 24.0
0.0 13.031425 0.0153 37.0 24.0
0.0 13.031425 0.0154 36.0 25.0
0.0 13.574402 0.0154 36.0 25.0
0.0 13.574402 0.0155 35.0 26.0
0.0 14.117378 0.0155 35.0 26.0
0.0 14.117378 0.0156 34.0 27.0
0.0 14.660355 0.0156 34.0 27.0
0.0 14.660355 0.0157 33.0 28.0
0.0 15.203331 0.0157 33.0 28.0
0.0 15.203331 0.0158 32.0 29.0
0.0 15.746307 0.0158 32.0 29.0
0.0 15.746307 0.0159 31.0 30.0
0.0 16.289284 0.0159 31.0 30.0
0.0 16.289284 0.0160 30.0 31.0
0.0 16.83226 0.0160 30.0 31.0
0.0 16.83226 0.0161 29.0 32.0
0.0 17.375237 0.0161 29.0 32.0
0.0 17.375237 0.0162 28.0 33.0
0.29977667 17.793568 -0.17307614162 28.0 33.0
0.29977667 17.793568 -0.17307614163 27.0 34.0
0.59955335 18.211899 -0.34615228163 27.0 34.0
0.59955335 18.211899 -0.34615228164 26.0 35.0
0.89933 18.63023 -0.5192284164 26.0 35.0
0.89933 18.63023 -0.5192284165 25.0 36.0
1.1991067 19.048561 -0.69230455165 25.0 36.0
1.1991067 19.048561 -0.69230455166 24.0 37.0
1.4988834 19.466892 -0.8653807166 24.0 37.0
1.4988834 19.466892 -0.8653807167 23.0 38.0
1.79866 19.885223 -1.0384568167 23.0 38.0
1.79866 19.885223 -1.0384568168 22.0 39.0
2.0984368 20.303555 -1.211533168 22.0 39.0
2.0984368 20.303555 -1.211533169 21.0 40.0
2.3982134 20.721886 -1.3846091169 21.0 40.0
2.3982134 20.721886 -1.3846091170 12.0 41.0
2.3982134 21.264862 -1.3846091170 12.0 41.0
2.3982134 21.264862 -1.3846091171 11.0 42.0
2.3982134 21.807838 -1.3846091171 11.0 42.0
2.3982134 21.807838 -1.3846091172 10.0 43.0
2.3982134 22.350815 -1.3846091172 10.0 43.0
2.3982134 22.350815 -1.3846091173 9.0 44.0
2.3982134 22.893791 -1.3846091173 9.0 44.0
2.3982134 22.893791 -1.3846091174 4.0 45.0
2.69799 23.312122 -1.5576853174 4.0 45.0
2.69799 23.312122 -1.5576853175 3.0 46.0
2.9977665 23.730453 -1.7307614175 3.0 46.0
2.9977665 23.730453 -1.7307614176 0.0 47.0
2.9977665 24.27343 -1.7307614176 0.0 47.0
2.9977665 24.27343 -1.7307614177 0.0 48.0
2.9977665 24.816406 -1.7307614177 0.0 48.0
2.9977665 23.730453 -1.7307614178 2.0 47.0
3.3439188 24.148785 -1.7307614178 2.0 47.0
3.3439188 24.148785 -1.7307614179 1.0 48.0
3.690071 24.567116 -1.7307614179 1.0 48.0
3.690071 24.567116 -1.7307614180 0.0 49.0
4.1519923 24.668741 -1.9974518180 0.0 49.0
4.1519923 24.668741 -1.9974518181 0.0 50.0
4.6853733 24.770367 -1.9974518181 0.0 50.0
3.690071 24.567116 -1.7307614182 0.0 49.0
3.690071 25.110092 -1.7307614182 0.0 49.0
3.690071 25.110092 -1.7307614183 0.0 50.0
3.690071 25.653069 -1.7307614183 0.0 50.0
2.3982134 22.893791 -1.3846091184 8.0 45.0
2.3982134 23.436768 -1.3846091184 8.0 45.0
2.3982134 23.436768 -1.3846091185 7.0 46.0
2.3982134 23.979744 -1.3846091185 7.0 46.0
2.3982134 23.979744 -1.3846091186 6.0 47.0
2.3982134 24.52272 -1.3846091186 6.0 47.0
2.3982134 24.52272 -1.3846091187 5.0 48.0
2.3982134 25.065697 -1.3846091187 5.0 48.0
2.3982134 25.065697 -1.3846091188 4.0 49.0
2.69799 25.484028 -1.5576853188 4.0 49.0
2.69799 25.484028 -1.5576853189 3.0 50.0
2.9977665 25.902359 -1.7307614189 3.0 50.0
2.9977665 25.902359 -1.7307614190 0.0 51.0
2.9977665 26.445335 -1.7307614190 0.0 51.0
2.9977665 26.445335 -1.7307614191 0.0 52.0
2.9977665 26.988312 -1.7307614191 0.0 52.0
2.9977665 25.902359 -1.7307614192 2.0 51.0
3.3439188 26.32069 -1.7307614192 2.0 51.0
3.3439188 26.32069 -1.7307614193 1.0 52.0
3.690071 26.739021 -1.7307614193 1.0 52.0
3.690071 26.739021 -1.7307614194 0.0 53.0
4.1519923 26.840647 -1.9974518194 0.0 53.0
4.1519923 26.840647 -1.9974518195 0.0 54.0
4.6853733 26.942272 -1.9974518195 0.0 54.0
3.690071 26.739021 -1.7307614196 0.0 53.0
3.690071 27.281998 -1.7307614196 0.0 53.0
3.690071 27.281998 -1.7307614197 0.0 54.0
3.690071 27.824974 -1.7307614197 0.0 54.0
2.3982134 25.065697 -1.3846091198 4.0 49.0
2.052061 25.484028 -1.3846091198 4.0 49.0
2.052061 25.484028 -1.3846091199 3.0 50.0
1.7059088 25.902359 -1.3846091199 3.0 50.0
1.7059088 25.902359 -1.3846091200 0.0 51.0
1.2439873 26.003984 -1.1179187200 0.0 51.0
1.2439873 26.003984 -1.1179187201 0.0 52.0
0.71060646 26.10561 -1.1179187201 0.0 52.0
1.7059088 25.902359 -1.3846091202 2.0 51.0
1.3597565 26.32069 -1.3846091202 2.0 51.0
1.3597565 26.32069 -1.3846091203 1.0 52.0
1.0136042 26.739021 -1.3846091203 1.0 52.0
1.0136042 26.739021 -1.3846091204 0.0 53.0
1.0136042 27.281998 -1.3846091204 0.0 53.0
1.0136042 27.281998 -1.3846091205 0.0 54.0
1.0136042 27.824974 -1.3846091205 0.0 54.0
1.0136042 26.739021 -1.3846091206 0.0 53.0
0.4802233 26.840647 -1.3846091206 0.0 53.0
0.4802233 26.840647 -1.3846091207 0.0 54.0
-0.053157568 26.942272 -1.3846091207 0.0 54.0
2.3982134 20.721886 -1.3846091208 20.0 41.0
2.7443657 21.140217 -1.3846091208 20.0 41.0
2.7443657 21.140217 -1.3846091209 19.0 42.0
3.090518 21.558548 -1.3846091209 19.0 42.0
3.090518 21.558548 -1.3846091210 18.0 43.0
3.4366703 21.97688 -1.3846091210 18.0 43.0
3.4366703 21.97688 -1.3846091211 17.0 44.0
3.7828226 22.39521 -1.3846091211 17.0 44.0
3.7828226 22.39521 -1.3846091212 16.0 45.0
4.128975 22.813541 -1.3846091212 16.0 45.0
4.128975 22.813541 -1.3846091213 15.0 46.0
4.475127 23.231873 -1.3846091213 15.0 46.0
4.475127 23.231873 -1.3846091214 14.0 47.0
4.8212795 23.650204 -1.3846091214 14.0 47.0
4.8212795 23.650204 -1.3846091215 13.0 48.0
5.167432 24.068535 -1.3846091215 13.0 48.0
5.167432 24.068535 -1.3846091216 12.0 49.0
5.629353 24.17016 -1.6512995216 12.0 49.0
5.629353 24.17016 -1.6512995217 11.0 50.0
6.0912743 24.271786 -1.91799217 11.0 50.0
6.0912743 24.271786 -1.91799218 10.0 51.0
6.5531955 24.373411 -2.1846805218 10.0 51.0
6.5531955 24.373411 -2.1846805219 9.0 52.0
7.0151167 24.475037 -2.451371219 9.0 52.0
7.0151167 24.475037 -2.451371220 4.0 53.0
7.427108 24.213297 -2.689234220 4.0 53.0
7.427108 24.213297 -2.689234221 3.0 54.0
7.839099 23.951557 -2.927097221 3.0 54.0
7.839099 23.951557 -2.927097222 0.0 55.0
8.301021 24.053183 -3.1937876222 0.0 55.0
8.301021 24.053183 -3.1937876223 0.0 56.0
8.834401 24.154808 -3.1937876223 0.0 56.0
7.839099 23.951557 -2.927097224 2.0 55.0
8.314825 23.689817 -2.927097224 2.0 55.0
8.314825 23.689817 -2.927097225 1.0 56.0
8.790551 23.428078 -2.927097225 1.0 56.0
8.790551 23.428078 -2.927097226 0.0 57.0
8.963461 22.923143 -3.0269265226 0.0 57.0
8.963461 22.923143 -3.0269265227 0.0 58.0
9.163119 22.41821 -3.0269265227 0.0 58.0
8.790551 23.428078 -2.927097228 0.0 57.0
9.323932 23.529703 -2.927097228 0.0 57.0
9.323932 23.529703 -2.927097229 0.0 58.0
9.857312 23.631329 -2.927097229 0.0 58.0
7.0151167 24.475037 -2.451371230 8.0 53.0
7.5484977 24.576662 -2.451371230 8.0 53.0
7.5484977 24.576662 -2.451371231 7.0 54.0
8.081879 24.678288 -2.451371231 7.0 54.0
8.081879 24.678288 -2.451371232 6.0 55.0
8.615259 24.779913 -2.451371232 6.0 55.0
8.615259 24.779913 -2.451371233 5.0 56.0
9.14864 24.881538 -2.451371233 5.0 56.0
9.14864 24.881538 -2.451371234 4.0 57.0
9.560631 24.619799 -2.689234234 4.0 57.0
9.560631 24.619799 -2.689234235 3.0 58.0
9.972622 24.358059 -2.927097235 3.0 58.0
9.972622 24.358059 -2.927097236 0.0 59.0
10.434544 24.459684 -3.1937876236 0.0 59.0
10.434544 24.459684 -3.1937876237 0.0 60.0
10.967924 24.56131 -3.1937876237 0.0 60.0
9.972622 24.358059 -2.927097238 2.0 59.0
10.448348 24.09632 -2.927097238 2.0 59.0
10.448348 24.09632 -2.927097239 1.0 60.0
10.924074 23.83458 -2.927097239 1.0 60.0
10.924074 23.83458 -2.927097240 0.0 61.0
11.096984 23.329645 -3.0269265240 0.0 61.0
11.096984 23.329645 -3.0269265241 0.0 62.0
11.296642 22.82471 -3.0269265241 0.0 62.0
10.924074 23.83458 -2.927097242 0.0 61.0
11.457455 23.936205 -2.927097242 0.0 61.0
11.457455 23.936205 -2.927097243 0.0 62.0
11.990835 24.03783 -2.927097243 0.0 62.0
9.14864 24.881538 -2.451371244 4.0 57.0
9.494792 25.29987 -2.451371244 4.0 57.0
9.494792 25.29987 -2.451371245 3.0 58.0
9.840944 25.7182 -2.451371245 3.0 58.0
9.840944 25.7182 -2.451371246 0.0 59.0
9.840944 26.261177 -2.451371246 0.0 59.0
9.840944 26.261177 -2.451371247 0.0 60.0
9.840944 26.804153 -2.451371247 0.0 60.0
9.840944 25.7182 -2.451371248 2.0 59.0
10.187097 26.136532 -2.451371248 2.0 59.0
10.187097 26.136532 -2.451371249 1.0 60.0
10.533249 26.554863 -2.451371249 1.0 60.0
10.533249 26.554863 -2.451371250 0.0 61.0
10.995171 26.656488 -2.7180614250 0.0 61.0
10.995171 26.656488 -2.7180614251 0.0 62.0
11.528551 26.758114 -2.7180614251 0.0 62.0
10.533249 26.554863 -2.451371252 0.0 61.0
10.533249 27.09784 -2.451371252 0.0 61.0
10.533249 27.09784 -2.451371253 0.0 62.0
10.533249 27.640816 -2.451371253 0.0 62.0
5.167432 24.068535 -1.3846091254 12.0 49.0
5.167432 24.611511 -1.3846091254 12.0 49.0
5.167432 24.611511 -1.3846091255 11.0 50.0
5.167432 25.154488 -1.3846091255 11.0 50.0
5.167432 25.154488 -1.3846091256 10.0 51.0
5.167432 25.697464 -1.3846091256 10.0 51.0
5.167432 25.697464 -1.3846091257 9.0 52.0
5.167432 26.24044 -1.3846091257 9.0 52.0
5.167432 26.24044 -1.3846091258 4.0 53.0
5.4672084 26.658772 -1.5576853258 4.0 53.0
5.4672084 26.658772 -1.5576853259 3.0 54.0
5.766985 27.077103 -1.7307614259 3.0 54.0
5.766985 27.077103 -1.7307614260 0.0 55.0
5.766985 27.620079 -1.7307614260 0.0 55.0
5.766985 27.620079 -1.7307614261 0.0 56.0
5.766985 28.163055 -1.7307614261 0.0 56.0
5.766985 27.077103 -1.7307614262 2.0 55.0
6.1131372 27.495434 -1.7307614262 2.0 55.0
6.1131372 27.495434 -1.7307614263 1.0 56.0
6.4592896 27.913765 -1.7307614263 1.0 56.0
6.4592896 27.913765 -1.7307614264 0.0 57.0
6.921211 28.01539 -1.9974518264 0.0 57.0
6.921211 28.01539 -1.9974518265 0.0 58.0
7.4545918 28.117016 -1.9974518265 0.0 58.0
6.4592896 27.913765 -1.7307614266 0.0 57.0
6.4592896 28.456741 -1.7307614266 0.0 57.0
6.4592896 28.456741 -1.7307614267 0.0 58.0
6.4592896 28.999718 -1.7307614267 0.0 58.0
5.167432 26.24044 -1.3846091268 8.0 53.0
5.167432 26.783417 -1.3846091268 8.0 53.0
5.167432 26.783417 -1.3846091269 7.0 54.0
5.167432 27.326393 -1.3846091269 7.0 54.0
5.167432 27.326393 -1.3846091270 6.0 55.0
5.167432 27.86937 -1.3846091270 6.0 55.0
5.167432 27.86937 -1.3846091271 5.0 56.0
5.167432 28.412346 -1.3846091271 5.0 56.0
5.167432 28.412346 -1.3846091272 4.0 57.0
5.4672084 28.830677 -1.5576853272 4.0 57.0
5.4672084 28.830677 -1.5576853273 3.0 58.0
5.766985 29.249008 -1.7307614273 3.0 58.0
5.766985 29.249008 -1.7307614274 0.0 59.0
5.766985 29.791985 -1.7307614274 0.0 59.0
5.766985 29.791985 -1.7307614275 0.0 60.0
5.766985 30.33496 -1.7307614275 0.0 60.0
5.766985 29.249008 -1.7307614276 2.0 59.0
6.1131372 29.66734 -1.7307614276 2.0 59.0
6.1131372 29.66734 -1.7307614277 1.0 60.0
6.4592896 30.08567 -1.7307614277 1.0 60.0
6.4592896 30.08567 -1.7307614278 0.0 61.0
6.921211 30.187296 -1.9974518278 0.0 61.0
6.921211 30.187296 -1.9974518279 0.0 62.0
7.4545918 30.288921 -1.9974518279 0.0 62.0
6.4592896 30.08567 -1.7307614280 0.0 61.0
6.4592896 30.628647 -1.7307614280 0.0 61.0
6.4592896 30.628647 -1.7307614281 0.0 62.0
6.4592896 31.171623 -1.7307614281 0.0 62.0
5.167432 28.412346 -1.3846091282 4.0 57.0
4.8212795 28.830677 -1.3846091282 4.0 57.0
4.8212795 28.830677 -1.3846091283 3.0 58.0
4.475127 29.249008 -1.3846091283 3.0 58.0
4.475127 29.249008 -1.3846091284 0.0 59.0
4.013206 29.350634 -1.1179187284 0.0 59.0
4.013206 29.350634 -1.1179187285 0.0 60.0
3.479825 29.45226 -1.1179187285 0.0 60.0
4.475127 29.249008 -1.3846091286 2.0 59.0
4.128975 29.66734 -1.3846091286 2.0 59.0
4.128975 29.66734 -1.3846091287 1.0 60.0
3.7828226 30.08567 -1.3846091287 1.0 60.0
3.7828226 30.08567 -1.3846091288 0.0 61.0
3.7828226 30.628647 -1.3846091288 0.0 61.0
3.7828226 30.628647 -1.3846091289 0.0 62.0
3.7828226 31.171623 -1.3846091289 0.0 62.0
3.7828226 30.08567 -1.3846091290 0.0 61.0
3.2494416 30.187296 -1.3846091290 0.0 61.0
3.2494416 30.187296 -1.3846091291 0.0 62.0
2.7160606 30.288921 -1.3846091291 0.0 62.0
0.0 17.375237 0.0292 28.0 33.0
-0.34615228 17.793568 0.0292 28.0 33.0
-0.34615228 17.793568 0.0293 27.0 34.0
-0.69230455 18.211899 0.0293 27.0 34.0
-0.69230455 18.211899 0.0294 26.0 35.0
-1.0384568 18.63023 0.0294 26.0 35.0
-1.0384568 18.63023 0.0295 25.0 36.0
-1.3846091 19.048561 0.0295 25.0 36.0
-1.3846091 19.048561 0.0296 24.0 37.0
-1.7307614 19.466892 0.0296 24.0 37.0
-1.7307614 19.466892 0.0297 23.0 38.0
-2.0769136 19.885223 0.0297 23.0 38.0
-2.0769136 19.885223 0.0298 22.0 39.0
-2.423066 20.303555 0.0298 22.0 39.0
-2.423066 20.303555 0.0299 21.0 40.0
-2.7692182 20.721886 0.0299 21.0 40.0
-2.7692182 20.721886 0.0300 12.0 41.0
-3.2311397 20.823511 0.26669043300 12.0 41.0
-3.2311397 20.823511 0.26669043301 11.0 42.0
-3.693061 20.925137 0.53338087301 11.0 42.0
-3.693061 20.925137 0.53338087302 10.0 43.0
-4.1549826 21.026762 0.8000713302 10.0 43.0
-4.1549826 21.026762 0.8000713303 9.0 44.0
-4.616904 21.128387 1.0667617303 9.0 44.0
-4.616904 21.128387 1.0667617304 4.0 45.0
-4.9166803 21.546719 1.2398379304 4.0 45.0
-4.9166803 21.546719 1.2398379305 3.0 46.0
-5.216457 21.96505 1.412914305 3.0 46.0
-5.216457 21.96505 1.412914306 0.0 47.0
-5.678378 22.066675 1.6796045306 0.0 47.0
-5.678378 22.066675 1.6796045307 0.0 48.0
-6.211759 22.1683 1.6796045307 0.0 48.0
-5.216457 21.96505 1.412914308 2.0 47.0
-5.562609 22.38338 1.412914308 2.0 47.0
-5.562609 22.38338 1.412914309 1.0 48.0
-5.9087615 22.801712 1.412914309 1.0 48.0
-5.9087615 22.801712 1.412914310 0.0 49.0
-5.9087615 23.344688 1.412914310 0.0 49.0
-5.9087615 23.344688 1.412914311 0.0 50.0
-5.9087615 23.887665 1.412914311 0.0 50.0
-5.9087615 22.801712 1.412914312 0.0 49.0
-6.4421425 22.903337 1.412914312 0.0 49.0
-6.4421425 22.903337 1.412914313 0.0 50.0
-6.9755235 23.004963 1.412914313 0.0 50.0
-4.616904 21.128387 1.0667617314 8.0 45.0
-5.150285 21.230013 1.0667617314 8.0 45.0
-5.150285 21.230013 1.0667617315 7.0 46.0
-5.6836658 21.331638 1.0667617315 7.0 46.0
-5.6836658 21.331638 1.0667617316 6.0 47.0
-6.2170467 21.433264 1.0667617316 6.0 47.0
-6.2170467 21.433264 1.0667617317 5.0 48.0
-6.7504277 21.53489 1.0667617317 5.0 48.0
-6.7504277 21.53489 1.0667617318 4.0 49.0
-7.0502043 21.95322 1.2398379318 4.0 49.0
-7.0502043 21.95322 1.2398379319 3.0 50.0
-7.349981 22.371552 1.412914319 3.0 50.0
-7.349981 22.371552 1.412914320 0.0 51.0
-7.811902 22.473177 1.6796045320 0.0 51.0
-7.811902 22.473177 1.6796045321 0.0 52.0
-8.345283 22.574802 1.6796045321 0.0 52.0
-7.349981 22.371552 1.412914322 2.0 51.0
-7.696133 22.789883 1.412914322 2.0 51.0
-7.696133 22.789883 1.412914323 1.0 52.0
-8.042285 23.208214 1.412914323 1.0 52.0
-8.042285 23.208214 1.412914324 0.0 53.0
-8.042285 23.75119 1.412914324 0.0 53.0
-8.042285 23.75119 1.412914325 0.0 54.0
-8.042285 24.294167 1.412914325 0.0 54.0
-8.042285 23.208214 1.412914326 0.0 53.0
-8.575665 23.30984 1.412914326 0.0 53.0
-8.575665 23.30984 1.412914327 0.0 54.0
-9.109046 23.411465 1.412914327 0.0 54.0
-6.7504277 21.53489 1.0667617328 4.0 49.0
-7.226154 21.27315 1.0667617328 4.0 49.0
-7.226154 21.27315 1.0667617329 3.0 50.0
-7.70188 21.01141 1.0667617329 3.0 50.0
-7.70188 21.01141 1.0667617330 0.0 51.0
-7.874789 20.506475 1.166591330 0.0 51.0
-7.874789 20.506475 1.166591331 0.0 52.0
-8.074448 20.001541 1.166591331 0.0 52.0
-7.70188 21.01141 1.0667617332 2.0 51.0
-8.177607 20.74967 1.0667617332 2.0 51.0
-8.177607 20.74967 1.0667617333 1.0 52.0
-8.653333 20.48793 1.0667617333 1.0 52.0
-8.653333 20.48793 1.0667617334 0.0 53.0
-9.115254 20.589556 1.3334522334 0.0 53.0
-9.115254 20.589556 1.3334522335 0.0 54.0
-9.648635 20.691181 1.3334522335 0.0 54.0
-8.653333 20.48793 1.0667617336 0.0 53.0
-8.852991 19.982996 1.0667617336 0.0 53.0
-8.852991 19.982996 1.0667617337 0.0 54.0
-9.0526495 19.478062 1.0667617337 0.0 54.0
-2.7692182 20.721886 0.0338 20.0 41.0
-3.1153705 21.140217 0.0338 20.0 41.0
-3.1153705 21.140217 0.0339 19.0 42.0
-3.4615228 21.558548 0.0339 19.0 42.0
-3.4615228 21.558548 0.0340 18.0 43.0
-3.8076751 21.97688 0.0340 18.0 43.0
-3.8076751 21.97688 0.0341 17.0 44.0
-4.153827 22.39521 0.0341 17.0 44.0
-4.153827 22.39521 0.0342 16.0 45.0
-4.4999795 22.813541 0.0342 16.0 45.0
-4.4999795 22.813541 0.0343 15.0 46.0
-4.846132 23.231873 0.0343 15.0 46.0
-4.846132 23.231873 0.0344 14.0 47.0
-5.192284 23.650204 0.0344 14.0 47.0
-5.192284 23.650204 0.0345 13.0 48.0
-5.5384364 24.068535 0.0345 13.0 48.0
-5.5384364 24.068535 0.0346 12.0 49.0
-5.5384364 24.611511 0.0346 12.0 49.0
-5.5384364 24.611511 0.0347 11.0 50.0
-5.5384364 25.154488 0.0347 11.0 50.0
-5.5384364 25.154488 0.0348 10.0 51.0
-5.5384364 25.697464 0.0348 10.0 51.0
-5.5384364 25.697464 0.0349 9.0 52.0
-5.5384364 26.24044 0.0349 9.0 52.0
-5.5384364 26.24044 0.0350 4.0 53.0
-5.23866 26.658772 -0.17307614350 4.0 53.0
-5.23866 26.658772 -0.17307614351 3.0 54.0
-4.9388833 27.077103 -0.34615228351 3.0 54.0
-4.9388833 27.077103 -0.34615228352 0.0 55.0
-4.9388833 27.620079 -0.34615228352 0.0 55.0
-4.9388833 27.620079 -0.34615228353 0.0 56.0
-4.9388833 28.163055 -0.34615228353 0.0 56.0
-4.9388833 27.077103 -0.34615228354 2.0 55.0
-4.592731 27.495434 -0.34615228354 2.0 55.0
-4.592731 27.495434 -0.34615228355 1.0 56.0
-4.2465787 27.913765 -0.34615228355 1.0 56.0
-4.2465787 27.913765 -0.34615228356 0.0 57.0
-3.7846572 28.01539 -0.6128427356 0.0 57.0
-3.7846572 28.01539 -0.6128427357 0.0 58.0
-3.2512765 28.117016 -0.6128427357 0.0 58.0
-4.2465787 27.913765 -0.34615228358 0.0 57.0
-4.2465787 28.456741 -0.34615228358 0.0 57.0
-4.2465787 28.456741 -0.34615228359 0.0 58.0
-4.2465787 28.999718 -0.34615228359 0.0 58.0
-5.5384364 26.24044 0.0360 8.0 53.0
-5.5384364 26.783417 0.0360 8.0 53.0
-5.5384364 26.783417 0.0361 7.0 54.0
-5.5384364 27.326393 0.0361 7.0 54.0
-5.5384364 27.326393 0.0362 6.0 55.0
-5.5384364 27.86937 0.0362 6.0 55.0
-5.5384364 27.86937 0.0363 5.0 56.0
-5.5384364 28.412346 0.0363 5.0 56.0
-5.5384364 28.412346 0.0364 4.0 57.0
-5.23866 28.830677 -0.17307614364 4.0 57.0
-5.23866 28.830677 -0.17307614365 3.0 58.0
-4.9388833 29.249008 -0.34615228365 3.0 58.0
-4.9388833 29.249008 -0.34615228366 0.0 59.0
-4.9388833 29.791985 -0.34615228366 0.0 59.0
-4.9388833 29.791985 -0.34615228367 0.0 60.0
-4.9388833 30.33496 -0.34615228367 0.0 60.0
-4.9388833 29.249008 -0.34615228368 2.0 59.0
-4.592731 29.66734 -0.34615228368 2.0 59.0
-4.592731 29.66734 -0.34615228369 1.0 60.0
-4.2465787 30.08567 -0.34615228369 1.0 60.0
-4.2465787 30.08567 -0.34615228370 0.0 61.0
-3.7846572 30.187296 -0.6128427370 0.0 61.0
-3.7846572 30.187296 -0.6128427371 0.0 62.0
-3.2512765 30.288921 -0.6128427371 0.0 62.0
-4.2465787 30.08567 -0.34615228372 0.0 61.0
-4.2465787 30.628647 -0.34615228372 0.0 61.0
-4.2465787 30.628647 -0.34615228373 0.0 62.0
-4.2465787 31.171623 -0.34615228373 0.0 62.0
-5.5384364 28.412346 0.0374 4.0 57.0
-5.8845887 28.830677 0.0374 4.0 57.0
-5.8845887 28.830677 0.0375 3.0 58.0
-6.230741 29.249008 0.0375 3.0 58.0
-6.230741 29.249008 0.0376 0.0 59.0
-6.6926622 29.350634 0.26669043376 0.0 59.0
-6.6926622 29.350634 0.26669043377 0.0 60.0
-7.226043 29.45226 0.26669043377 0.0 60.0
-6.230741 29.249008 0.0378 2.0 59.0
-6.5768933 29.66734 0.0378 2.0 59.0
-6.5768933 29.66734 0.0379 1.0 60.0
-6.9230456 30.08567 0.0379 1.0 60.0
-6.9230456 30.08567 0.0380 0.0 61.0
-6.9230456 30.628647 0.0380 0.0 61.0
-6.9230456 30.628647 0.0381 0.0 62.0
-6.9230456 31.171623 0.0381 0.0 62.0
-6.9230456 30.08567 0.0382 0.0 61.0
-7.4564266 30.187296 0.0382 0.0 61.0
-7.4564266 30.187296 0.0383 0.0 62.0
-7.9898076 30.288921 0.0383 0.0 62.0
-5.5384364 24.068535 0.0384 12.0 49.0
-6.0718174 24.17016 0.0384 12.0 49.0
-6.0718174 24.17016 0.0385 11.0 50.0
-6.6051984 24.271786 0.0385 11.0 50.0
-6.6051984 24.271786 0.0386 10.0 51.0
-7.1385794 24.373411 0.0386 10.0 51.0
-7.1385794 24.373411 0.0387 9.0 52.0
-7.6719604 24.475037 0.0387 9.0 52.0
-7.6719604 24.475037 0.0388 4.0 53.0
-7.971737 24.893368 0.17307614388 4.0 53.0
-7.971737 24.893368 0.17307614389 3.0 54.0
-8.271514 25.311699 0.34615228389 3.0 54.0
-8.271514 25.311699 0.34615228390 0.0 55.0
-8.733436 25.413324 0.6128427390 0.0 55.0
-8.733436 25.413324 0.6128427391 0.0 56.0
-9.266816 25.51495 0.6128427391 0.0 56.0
-8.271514 25.311699 0.34615228392 2.0 55.0
-8.617666 25.73003 0.34615228392 2.0 55.0
-8.617666 25.73003 0.34615228393 1.0 56.0
-8.963819 26.148361 0.34615228393 1.0 56.0
-8.963819 26.148361 0.34615228394 0.0 57.0
-8.963819 26.691338 0.34615228394 0.0 57.0
-8.963819 26.691338 0.34615228395 0.0 58.0
-8.963819 27.234314 0.34615228395 0.0 58.0
-8.963819 26.148361 0.34615228396 0.0 57.0
-9.497199 26.249987 0.34615228396 0.0 57.0
-9.497199 26.249987 0.34615228397 0.0 58.0
-10.03058 26.351612 0.34615228397 0.0 58.0
-7.6719604 24.475037 0.0398 8.0 53.0
-8.205341 24.576662 0.0398 8.0 53.0
-8.205341 24.576662 0.0399 7.0 54.0
-8.738722 24.678288 0.0399 7.0 54.0
-8.738722 24.678288 0.0400 6.0 55.0
-9.272102 24.779913 0.0400 6.0 55.0
-9.272102 24.779913 0.0401 5.0 56.0
-9.805483 24.881538 0.0401 5.0 56.0
-9.805483 24.881538 0.0402 4.0 57.0
-10.10526 25.29987 0.17307614402 4.0 57.0
-10.10526 25.29987 0.17307614403 3.0 58.0
-10.405037 25.7182 0.34615228403 3.0 58.0
-10.405037 25.7182 0.34615228404 0.0 59.0
-10.866959 25.819826 0.6128427404 0.0 59.0
-10.866959 25.819826 0.6128427405 0.0 60.0
-11.400339 25.921452 0.6128427405 0.0 60.0
-10.405037 25.7182 0.34615228406 2.0 59.0
-10.751189 26.136532 0.34615228406 2.0 59.0
-10.751189 26.136532 0.34615228407 1.0 60.0
-11.097342 26.554863 0.34615228407 1.0 60.0
-11.097342 26.554863 0.34615228408 0.0 61.0
-11.097342 27.09784 0.34615228408 0.0 61.0
-11.097342 27.09784 0.34615228409 0.0 62.0
-11.097342 27.640816 0.34615228409 0.0 62.0
-11.097342 26.554863 0.34615228410 0.0 61.0
-11.630722 26.656488 0.34615228410 0.0 61.0
-11.630722 26.656488 0.34615228411 0.0 62.0
-12.164103 26.758114 0.34615228411 0.0 62.0
-9.805483 24.881538 0.0412 4.0 57.0
-10.281209 24.619799 0.0412 4.0 57.0
-10.281209 24.619799 0.0413 3.0 58.0
-10.756935 24.358059 0.0413 3.0 58.0
-10.756935 24.358059 0.0414 0.0 59.0
-10.929845 23.853125 0.09982932414 0.0 59.0
-10.929845 23.853125 0.09982932415 0.0 60.0
-11.129503 23.34819 0.09982932415 0.0 60.0
-10.756935 24.358059 0.0416 2.0 59.0
-11.232661 24.09632 0.0416 2.0 59.0
-11.232661 24.09632 0.0417 1.0 60.0
-11.708387 23.83458 0.0417 1.0 60.0
-11.708387 23.83458 0.0418 0.0 61.0
-12.170309 23.936205 0.26669043418 0.0 61.0
-12.170309 23.936205 0.26669043419 0.0 62.0
-12.70369 24.03783 0.26669043419 0.0 62.0
-11.708387 23.83458 0.0420 0.0 61.0
-11.908046 23.329645 0.0420 0.0 61.0
-11.908046 23.329645 0.0421 0.0 62.0
-12.107704 22.82471 0.0421 0.0 62.0
