0.0 0.0 0.00 60.0 1.0
0.0 2.035995 0.00 60.0 1.0
0.0 2.035995 0.01 59.0 2.0
0.0 4.07199 0.01 59.0 2.0
0.0 4.07199 0.02 58.0 3.0
0.0 6.107985 0.02 58.0 3.0
0.0 6.107985 0.03 57.0 4.0
0.0 8.14398 0.03 57.0 4.0
0.0 8.14398 0.04 56.0 5.0
0.0 10.1799755 0.04 56.0 5.0
0.0 10.1799755 0.05 55.0 6.0
0.0 12.215971 0.05 55.0 6.0
0.0 12.215971 0.06 54.0 7.0
0.0 14.251966 0.06 54.0 7.0
0.0 14.251966 0.07 53.0 8.0
0.0 16.287962 0.07 53.0 8.0
0.0 16.287962 0.08 52.0 9.0
0.0 18.323957 0.08 52.0 9.0
0.0 18.323957 0.09 51.0 10.0
0.0 20.359953 0.09 51.0 10.0
0.0 20.359953 0.010 50.0 11.0
0.0 22.395948 0.010 50.0 11.0
0.0 22.395948 0.011 49.0 12.0
0.0 24.431944 0.011 49.0 12.0
0.0 24.431944 0.012 48.0 13.0
0.0 26.46794 0.012 48.0 13.0
0.0 26.46794 0.013 47.0 14.0
0.0 28.503935 0.013 47.0 14.0
0.0 28.503935 0.014 46.0 15.0
0.0 30.53993 0.014 46.0 15.0
0.0 30.53993 0.015 45.0 16.0
0.0 32.575924 0.015 45.0 16.0
0.0 32.575924 0.016 28.0 17.0
-0.3990789 34.559082 0.2304083316 28.0 17.0
-0.3990789 34.559082 0.2304083317 27.0 18.0
-0.7981578 36.542244 0.4608166517 27.0 18.0
-0.7981578 36.542244 0.4608166518 26.0 19.0
-1.1972368 38.525406 0.69122518 26.0 19.0
-1.1972368 38.525406 0.69122519 25.0 20.0
-1.5963156 40.508568 0.921633319 25.0 20.0
-1.5963156 40.508568 0.921633320 24.0 21.0
-1.9953945 42.49173 1.152041720 24.0 21.0
-1.9953945 42.49173 1.152041721 23.0 22.0
-2.3944733 44.47489 1.3824521 23.0 22.0
-2.3944733 44.47489 1.3824522 22.0 23.0
-2.7935522 46.458054 1.612858322 22.0 23.0
-2.7935522 46.458054 1.612858323 21.0 24.0
-3.192631 48.441216 1.843266623 21.0 24.0
-3.192631 48.441216 1.843266624 12.0 25.0
-3.9700763 50.268612 2.292124724 12.0 25.0
-3.9700763 50.268612 2.292124725 11.0 26.0
-4.7475214 52.09601 2.74098325 11.0 26.0
-4.7475214 52.09601 2.74098326 10.0 27.0
-5.5249667 53.923405 3.189841326 10.0 27.0
-5.5249667 53.923405 3.189841327 9.0 28.0
-6.302412 55.7508 3.638699527 9.0 28.0
-6.302412 55.7508 3.638699528 4.0 29.0
-7.4178734 57.32759 4.282711528 4.0 29.0
-7.4178734 57.32759 4.282711529 3.0 30.0
-8.533335 58.90438 4.926723529 3.0 30.0
-8.533335 58.90438 4.926723530 0.0 31.0
-9.928919 60.148727 5.73246530 0.0 31.0
-9.928919 60.148727 5.73246531 0.0 32.0
-11.540401 61.393074 5.73246531 0.0 32.0
-8.533335 58.90438 4.926723532 0.0 31.0
-9.31078 60.731777 5.375581732 0.0 31.0
-9.31078 60.731777 5.375581733 0.0 32.0
-10.208496 62.559174 5.375581733 0.0 32.0
-8.533335 58.90438 4.926723534 2.0 31.0
-9.821359 60.48117 4.926723534 2.0 31.0
-9.821359 60.48117 4.926723535 1.0 32.0
-11.109383 62.05796 4.926723535 1.0 32.0
-11.109383 62.05796 4.926723536 0.0 33.0
-12.397407 63.63475 4.926723536 0.0 33.0
-12.397407 63.63475 4.926723537 0.0 34.0
-13.685431 65.21154 4.926723537 0.0 34.0
-6.302412 55.7508 3.638699538 4.0 29.0
-6.701491 57.733963 3.86910838 4.0 29.0
-6.701491 57.733963 3.86910839 3.0 30.0
-7.1005697 59.717125 4.099516439 3.0 30.0
-7.1005697 59.717125 4.099516440 0.0 31.0
-7.878015 61.54452 4.548374740 0.0 31.0
-7.878015 61.54452 4.548374741 0.0 32.0
-8.775732 63.371918 4.548374741 0.0 32.0
-7.1005697 59.717125 4.099516442 0.0 31.0
-7.1005697 61.75312 4.099516442 0.0 31.0
-7.1005697 61.75312 4.099516443 0.0 32.0
-7.1005697 63.789116 4.099516443 0.0 32.0
-7.1005697 59.717125 4.099516444 2.0 31.0
-7.5613866 61.700287 4.099516444 2.0 31.0
-7.5613866 61.700287 4.099516445 1.0 32.0
-8.022203 63.68345 4.099516445 1.0 32.0
-8.022203 63.68345 4.099516446 0.0 33.0
-8.48302 65.66661 4.099516446 0.0 33.0
-8.48302 65.66661 4.099516447 0.0 34.0
-8.943836 67.64977 4.099516447 0.0 34.0
-6.302412 55.7508 3.638699548 8.0 29.0
-7.2001286 57.578197 3.638699548 8.0 29.0
-7.2001286 57.578197 3.638699549 7.0 30.0
-8.097845 59.405594 3.638699549 7.0 30.0
-8.097845 59.405594 3.638699550 6.0 31.0
-8.995562 61.23299 3.638699550 6.0 31.0
-8.995562 61.23299 3.638699551 5.0 32.0
-9.893278 63.060387 3.638699551 5.0 32.0
-9.893278 63.060387 3.638699552 4.0 33.0
-10.790995 64.88779 3.638699552 4.0 33.0
-10.790995 64.88779 3.638699553 3.0 34.0
-11.688711 66.71519 3.638699553 3.0 34.0
-11.688711 66.71519 3.638699554 0.0 35.0
-12.8041725 68.29198 4.282711554 0.0 35.0
-12.8041725 68.29198 4.282711555 0.0 36.0
-14.092196 69.86877 4.282711555 0.0 36.0
-11.688711 66.71519 3.638699556 0.0 35.0
-12.0877905 68.69835 3.86910856 0.0 35.0
-12.0877905 68.69835 3.86910857 0.0 36.0
-12.548607 70.68151 3.86910857 0.0 36.0
-11.688711 66.71519 3.638699558 2.0 35.0
-12.586428 68.54259 3.638699558 2.0 35.0
-12.586428 68.54259 3.638699559 1.0 36.0
-13.484144 70.36999 3.638699559 1.0 36.0
-13.484144 70.36999 3.638699560 0.0 37.0
-14.381861 72.19739 3.638699560 0.0 37.0
-14.381861 72.19739 3.638699561 0.0 38.0
-15.279577 74.02479 3.638699561 0.0 38.0
-3.192631 48.441216 1.843266662 12.0 25.0
-3.192631 50.47721 1.843266662 12.0 25.0
-3.192631 50.47721 1.843266663 11.0 26.0
-3.192631 52.513206 1.843266663 11.0 26.0
-3.192631 52.513206 1.843266664 10.0 27.0
-3.192631 54.549202 1.843266664 10.0 27.0
-3.192631 54.549202 1.843266665 9.0 28.0
-3.192631 56.585197 1.843266665 9.0 28.0
-3.192631 56.585197 1.843266666 4.0 29.0
-3.5917099 58.56836 2.07367566 4.0 29.0
-3.5917099 58.56836 2.07367567 3.0 30.0
-3.9907887 60.55152 2.304083367 3.0 30.0
-3.9907887 60.55152 2.304083368 0.0 31.0
-4.7682343 62.378918 2.752941668 0.0 31.0
-4.7682343 62.378918 2.752941669 0.0 32.0
-5.665951 64.206314 2.752941669 0.0 32.0
-3.9907887 60.55152 2.304083370 0.0 31.0
-3.9907887 62.587517 2.304083370 0.0 31.0
-3.9907887 62.587517 2.304083371 0.0 32.0
-3.9907887 64.62351 2.304083371 0.0 32.0
-3.9907887 60.55152 2.304083372 2.0 31.0
-4.4516053 62.534683 2.304083372 2.0 31.0
-4.4516053 62.534683 2.304083373 1.0 32.0
-4.912422 64.517845 2.304083373 1.0 32.0
-4.912422 64.517845 2.304083374 0.0 33.0
-5.373239 66.50101 2.304083374 0.0 33.0
-5.373239 66.50101 2.304083375 0.0 34.0
-5.834056 68.48417 2.304083375 0.0 34.0
-3.192631 56.585197 1.843266676 4.0 29.0
-2.7935522 58.56836 1.612858376 4.0 29.0
-2.7935522 58.56836 1.612858377 3.0 30.0
-2.3944733 60.55152 1.3824577 3.0 30.0
-2.3944733 60.55152 1.3824578 0.0 31.0
-2.3944733 62.587517 1.3824578 0.0 31.0
-2.3944733 62.587517 1.3824579 0.0 32.0
-2.3944733 64.62351 1.3824579 0.0 32.0
-2.3944733 60.55152 1.3824580 0.0 31.0
-1.617028 62.378918 0.933591780 0.0 31.0
-1.617028 62.378918 0.933591781 0.0 32.0
-0.7193115 64.206314 0.933591781 0.0 32.0
-2.3944733 60.55152 1.3824582 2.0 31.0
-1.9336567 62.534683 1.3824582 2.0 31.0
-1.9336567 62.534683 1.3824583 1.0 32.0
-1.4728401 64.517845 1.3824583 1.0 32.0
-1.4728401 64.517845 1.3824584 0.0 33.0
-1.0120234 66.50101 1.3824584 0.0 33.0
-1.0120234 66.50101 1.3824585 0.0 34.0
-0.5512068 68.48417 1.3824585 0.0 34.0
-3.192631 56.585197 1.843266686 8.0 29.0
-3.192631 58.621193 1.843266686 8.0 29.0
-3.192631 58.621193 1.843266687 7.0 30.0
-3.192631 60.65719 1.843266687 7.0 30.0
-3.192631 60.65719 1.843266688 6.0 31.0
-3.192631 62.693184 1.843266688 6.0 31.0
-3.192631 62.693184 1.843266689 5.0 32.0
-3.192631 64.72918 1.843266689 5.0 32.0
-3.192631 64.72918 1.843266690 4.0 33.0
-3.192631 66.765175 1.843266690 4.0 33.0
-3.192631 66.765175 1.843266691 3.0 34.0
-3.192631 68.80117 1.843266691 3.0 34.0
-3.192631 68.80117 1.843266692 0.0 35.0
-3.5917099 70.78433 2.07367592 0.0 35.0
-3.5917099 70.78433 2.07367593 0.0 36.0
-4.0525265 72.767494 2.07367593 0.0 36.0
-3.192631 68.80117 1.843266694 0.0 35.0
-2.7935522 70.78433 1.612858394 0.0 35.0
-2.7935522 70.78433 1.612858395 0.0 36.0
-2.3327355 72.767494 1.612858395 0.0 36.0
-3.192631 68.80117 1.843266696 2.0 35.0
-3.192631 70.837166 1.843266696 2.0 35.0
-3.192631 70.837166 1.843266697 1.0 36.0
-3.192631 72.87316 1.843266697 1.0 36.0
-3.192631 72.87316 1.843266698 0.0 37.0
-3.192631 74.90916 1.843266698 0.0 37.0
-3.192631 74.90916 1.843266699 0.0 38.0
-3.192631 76.94515 1.843266699 0.0 38.0
-3.192631 48.441216 1.8432666100 20.0 25.0
-3.6534476 50.424377 1.8432666100 20.0 25.0
-3.6534476 50.424377 1.8432666101 19.0 26.0
-4.1142645 52.40754 1.8432666101 19.0 26.0
-4.1142645 52.40754 1.8432666102 18.0 27.0
-4.5750813 54.3907 1.8432666102 18.0 27.0
-4.5750813 54.3907 1.8432666103 17.0 28.0
-5.035898 56.373863 1.8432666103 17.0 28.0
-5.035898 56.373863 1.8432666104 16.0 29.0
-5.496715 58.357025 1.8432666104 16.0 29.0
-5.496715 58.357025 1.8432666105 15.0 30.0
-5.957532 60.340187 1.8432666105 15.0 30.0
-5.957532 60.340187 1.8432666106 14.0 31.0
-6.418349 62.32335 1.8432666106 14.0 31.0
-6.418349 62.32335 1.8432666107 13.0 32.0
-6.8791656 64.30651 1.8432666107 13.0 32.0
-6.8791656 64.30651 1.8432666108 12.0 33.0
-7.3399825 66.28967 1.8432666108 12.0 33.0
-7.3399825 66.28967 1.8432666109 11.0 34.0
-7.8007994 68.272835 1.8432666109 11.0 34.0
-7.8007994 68.272835 1.8432666110 10.0 35.0
-8.261616 70.256 1.8432666110 10.0 35.0
-8.261616 70.256 1.8432666111 9.0 36.0
-8.722432 72.23916 1.8432666111 9.0 36.0
-8.722432 72.23916 1.8432666112 4.0 37.0
-9.499878 74.06656 2.2921247112 4.0 37.0
-9.499878 74.06656 2.2921247113 3.0 38.0
-10.277323 75.89396 2.740983113 3.0 38.0
-10.277323 75.89396 2.740983114 0.0 39.0
-11.392784 77.47075 3.384995114 0.0 39.0
-11.392784 77.47075 3.384995115 0.0 40.0
-12.680808 79.04754 3.384995115 0.0 40.0
-10.277323 75.89396 2.740983116 0.0 39.0
-10.676402 77.87712 2.9713914116 0.0 39.0
-10.676402 77.87712 2.9713914117 0.0 40.0
-11.137218 79.86028 2.9713914117 0.0 40.0
-10.277323 75.89396 2.740983118 2.0 39.0
-11.175039 77.72136 2.740983118 2.0 39.0
-11.175039 77.72136 2.740983119 1.0 40.0
-12.072756 79.54876 2.740983119 1.0 40.0
-12.072756 79.54876 2.740983120 0.0 41.0
-12.970472 81.37616 2.740983120 0.0 41.0
-12.970472 81.37616 2.740983121 0.0 42.0
-13.868189 83.20356 2.740983121 0.0 42.0
-8.722432 72.23916 1.8432666122 4.0 37.0
-8.722432 74.275154 1.8432666122 4.0 37.0
-8.722432 74.275154 1.8432666123 3.0 38.0
-8.722432 76.31115 1.8432666123 3.0 38.0
-8.722432 76.31115 1.8432666124 0.0 39.0
-9.121511 78.29431 2.073675124 0.0 39.0
-9.121511 78.29431 2.073675125 0.0 40.0
-9.582328 80.27747 2.073675125 0.0 40.0
-8.722432 76.31115 1.8432666126 0.0 39.0
-8.323353 78.29431 1.6128583126 0.0 39.0
-8.323353 78.29431 1.6128583127 0.0 40.0
-7.862536 80.27747 1.6128583127 0.0 40.0
-8.722432 76.31115 1.8432666128 2.0 39.0
-8.722432 78.347145 1.8432666128 2.0 39.0
-8.722432 78.347145 1.8432666129 1.0 40.0
-8.722432 80.38314 1.8432666129 1.0 40.0
-8.722432 80.38314 1.8432666130 0.0 41.0
-8.722432 82.419136 1.8432666130 0.0 41.0
-8.722432 82.419136 1.8432666131 0.0 42.0
-8.722432 84.45513 1.8432666131 0.0 42.0
-8.722432 72.23916 1.8432666132 8.0 37.0
-9.1832485 74.22232 1.8432666132 8.0 37.0
-9.1832485 74.22232 1.8432666133 7.0 38.0
-9.644065 76.20548 1.8432666133 7.0 38.0
-9.644065 76.20548 1.8432666134 6.0 39.0
-10.104881 78.188644 1.8432666134 6.0 39.0
-10.104881 78.188644 1.8432666135 5.0 40.0
-10.565698 80.17181 1.8432666135 5.0 40.0
-10.565698 80.17181 1.8432666136 4.0 41.0
-11.026514 82.15497 1.8432666136 4.0 41.0
-11.026514 82.15497 1.8432666137 3.0 42.0
-11.48733 84.13813 1.8432666137 3.0 42.0
-11.48733 84.13813 1.8432666138 0.0 43.0
-12.264776 85.96553 2.2921247138 0.0 43.0
-12.264776 85.96553 2.2921247139 0.0 44.0
-13.162493 87.79293 2.2921247139 0.0 44.0
-11.48733 84.13813 1.8432666140 0.0 43.0
-11.48733 86.174126 1.8432666140 0.0 43.0
-11.48733 86.174126 1.8432666141 0.0 44.0
-11.48733 88.21012 1.8432666141 0.0 44.0
-11.48733 84.13813 1.8432666142 2.0 43.0
-11.948147 86.12129 1.8432666142 2.0 43.0
-11.948147 86.12129 1.8432666143 1.0 44.0
-12.408963 88.104454 1.8432666143 1.0 44.0
-12.408963 88.104454 1.8432666144 0.0 45.0
-12.86978 90.087616 1.8432666144 0.0 45.0
-12.86978 90.087616 1.8432666145 0.0 46.0
-13.330596 92.07078 1.8432666145 0.0 46.0
0.0 32.575924 0.0146 28.0 17.0
0.3990789 34.559082 -0.23040833146 28.0 17.0
0.3990789 34.559082 -0.23040833147 27.0 18.0
0.7981578 36.542244 -0.46081665147 27.0 18.0
0.7981578 36.542244 -0.46081665148 26.0 19.0
1.1972368 38.525406 -0.691225148 26.0 19.0
1.1972368 38.525406 -0.691225149 25.0 20.0
1.5963156 40.508568 -0.9216333149 25.0 20.0
1.5963156 40.508568 -0.9216333150 24.0 21.0
1.9953945 42.49173 -1.1520417150 24.0 21.0
1.9953945 42.49173 -1.1520417151 23.0 22.0
2.3944733 44.47489 -1.38245151 23.0 22.0
2.3944733 44.47489 -1.38245152 22.0 23.0
2.7935522 46.458054 -1.6128583152 22.0 23.0
2.7935522 46.458054 -1.6128583153 21.0 24.0
3.192631 48.441216 -1.8432666153 21.0 24.0
3.192631 48.441216 -1.8432666154 12.0 25.0
3.192631 50.47721 -1.8432666154 12.0 25.0
3.192631 50.47721 -1.8432666155 11.0 26.0
3.192631 52.513206 -1.8432666155 11.0 26.0
3.192631 52.513206 -1.8432666156 10.0 27.0
3.192631 54.549202 -1.8432666156 10.0 27.0
3.192631 54.549202 -1.8432666157 9.0 28.0
3.192631 56.585197 -1.8432666157 9.0 28.0
3.192631 56.585197 -1.8432666158 4.0 29.0
2.7935522 58.56836 -1.6128583158 4.0 29.0
2.7935522 58.56836 -1.6128583159 3.0 30.0
2.3944733 60.55152 -1.38245159 3.0 30.0
2.3944733 60.55152 -1.38245160 0.0 31.0
1.617028 62.378918 -0.9335917160 0.0 31.0
1.617028 62.378918 -0.9335917161 0.0 32.0
0.7193115 64.206314 -0.9335917161 0.0 32.0
2.3944733 60.55152 -1.38245162 0.0 31.0
2.3944733 62.587517 -1.38245162 0.0 31.0
2.3944733 62.587517 -1.38245163 0.0 32.0
2.3944733 64.62351 -1.38245163 0.0 32.0
2.3944733 60.55152 -1.38245164 2.0 31.0
1.9336567 62.534683 -1.38245164 2.0 31.0
1.9336567 62.534683 -1.38245165 1.0 32.0
1.4728401 64.517845 -1.38245165 1.0 32.0
1.4728401 64.517845 -1.38245166 0.0 33.0
1.0120234 66.50101 -1.38245166 0.0 33.0
1.0120234 66.50101 -1.38245167 0.0 34.0
0.5512068 68.48417 -1.38245167 0.0 34.0
3.192631 56.585197 -1.8432666168 4.0 29.0
3.5917099 58.56836 -2.073675168 4.0 29.0
3.5917099 58.56836 -2.073675169 3.0 30.0
3.9907887 60.55152 -2.3040833169 3.0 30.0
3.9907887 60.55152 -2.3040833170 0.0 31.0
3.9907887 62.587517 -2.3040833170 0.0 31.0
3.9907887 62.587517 -2.3040833171 0.0 32.0
3.9907887 64.62351 -2.3040833171 0.0 32.0
3.9907887 60.55152 -2.3040833172 0.0 31.0
4.7682343 62.378918 -2.7529416172 0.0 31.0
4.7682343 62.378918 -2.7529416173 0.0 32.0
5.665951 64.206314 -2.7529416173 0.0 32.0
3.9907887 60.55152 -2.3040833174 2.0 31.0
4.4516053 62.534683 -2.3040833174 2.0 31.0
4.4516053 62.534683 -2.3040833175 1.0 32.0
4.912422 64.517845 -2.3040833175 1.0 32.0
4.912422 64.517845 -2.3040833176 0.0 33.0
5.373239 66.50101 -2.3040833176 0.0 33.0
5.373239 66.50101 -2.3040833177 0.0 34.0
5.834056 68.48417 -2.3040833177 0.0 34.0
3.192631 56.585197 -1.8432666178 8.0 29.0
3.192631 58.621193 -1.8432666178 8.0 29.0
3.192631 58.621193 -1.8432666179 7.0 30.0
3.192631 60.65719 -1.8432666179 7.0 30.0
3.192631 60.65719 -1.8432666180 6.0 31.0
3.192631 62.693184 -1.8432666180 6.0 31.0
3.192631 62.693184 -1.8432666181 5.0 32.0
3.192631 64.72918 -1.8432666181 5.0 32.0
3.192631 64.72918 -1.8432666182 4.0 33.0
3.192631 66.765175 -1.8432666182 4.0 33.0
3.192631 66.765175 -1.8432666183 3.0 34.0
3.192631 68.80117 -1.8432666183 3.0 34.0
3.192631 68.80117 -1.8432666184 0.0 35.0
2.7935522 70.78433 -1.6128583184 0.0 35.0
2.7935522 70.78433 -1.6128583185 0.0 36.0
2.3327355 72.767494 -1.6128583185 0.0 36.0
3.192631 68.80117 -1.8432666186 0.0 35.0
3.5917099 70.78433 -2.073675186 0.0 35.0
3.5917099 70.78433 -2.073675187 0.0 36.0
4.0525265 72.767494 -2.073675187 0.0 36.0
3.192631 68.80117 -1.8432666188 2.0 35.0
3.192631 70.837166 -1.8432666188 2.0 35.0
3.192631 70.837166 -1.8432666189 1.0 36.0
3.192631 72.87316 -1.8432666189 1.0 36.0
3.192631 72.87316 -1.8432666190 0.0 37.0
3.192631 74.90916 -1.8432666190 0.0 37.0
3.192631 74.90916 -1.8432666191 0.0 38.0
3.192631 76.94515 -1.8432666191 0.0 38.0
3.192631 48.441216 -1.8432666192 12.0 25.0
3.9700763 50.268612 -2.2921247192 12.0 25.0
3.9700763 50.268612 -2.2921247193 11.0 26.0
4.7475214 52.09601 -2.740983193 11.0 26.0
4.7475214 52.09601 -2.740983194 10.0 27.0
5.5249667 53.923405 -3.1898413194 10.0 27.0
5.5249667 53.923405 -3.1898413195 9.0 28.0
6.302412 55.7508 -3.6386995195 9.0 28.0
6.302412 55.7508 -3.6386995196 4.0 29.0
6.701491 57.733963 -3.869108196 4.0 29.0
6.701491 57.733963 -3.869108197 3.0 30.0
7.1005697 59.717125 -4.0995164197 3.0 30.0
7.1005697 59.717125 -4.0995164198 0.0 31.0
7.1005697 61.75312 -4.0995164198 0.0 31.0
7.1005697 61.75312 -4.0995164199 0.0 32.0
7.1005697 63.789116 -4.0995164199 0.0 32.0
7.1005697 59.717125 -4.0995164200 0.0 31.0
7.878015 61.54452 -4.5483747200 0.0 31.0
7.878015 61.54452 -4.5483747201 0.0 32.0
8.775732 63.371918 -4.5483747201 0.0 32.0
7.1005697 59.717125 -4.0995164202 2.0 31.0
7.5613866 61.700287 -4.0995164202 2.0 31.0
7.5613866 61.700287 -4.0995164203 1.0 32.0
8.022203 63.68345 -4.0995164203 1.0 32.0
8.022203 63.68345 -4.0995164204 0.0 33.0
8.48302 65.66661 -4.0995164204 0.0 33.0
8.48302 65.66661 -4.0995164205 0.0 34.0
8.943836 67.64977 -4.0995164205 0.0 34.0
6.302412 55.7508 -3.6386995206 4.0 29.0
7.4178734 57.32759 -4.2827115206 4.0 29.0
7.4178734 57.32759 -4.2827115207 3.0 30.0
8.533335 58.90438 -4.9267235207 3.0 30.0
8.533335 58.90438 -4.9267235208 0.0 31.0
9.31078 60.731777 -5.3755817208 0.0 31.0
9.31078 60.731777 -5.3755817209 0.0 32.0
10.208496 62.559174 -5.3755817209 0.0 32.0
8.533335 58.90438 -4.9267235210 0.0 31.0
9.928919 60.148727 -5.732465210 0.0 31.0
9.928919 60.148727 -5.732465211 0.0 32.0
11.540401 61.393074 -5.732465211 0.0 32.0
8.533335 58.90438 -4.9267235212 2.0 31.0
9.821359 60.48117 -4.9267235212 2.0 31.0
9.821359 60.48117 -4.9267235213 1.0 32.0
11.109383 62.05796 -4.9267235213 1.0 32.0
11.109383 62.05796 -4.9267235214 0.0 33.0
12.397407 63.63475 -4.9267235214 0.0 33.0
12.397407 63.63475 -4.9267235215 0.0 34.0
13.685431 65.21154 -4.9267235215 0.0 34.0
6.302412 55.7508 -3.6386995216 8.0 29.0
7.2001286 57.578197 -3.6386995216 8.0 29.0
7.2001286 57.578197 -3.6386995217 7.0 30.0
8.097845 59.405594 -3.6386995217 7.0 30.0
8.097845 59.405594 -3.6386995218 6.0 31.0
8.995562 61.23299 -3.6386995218 6.0 31.0
8.995562 61.23299 -3.6386995219 5.0 32.0
9.893278 63.060387 -3.6386995219 5.0 32.0
9.893278 63.060387 -3.6386995220 4.0 33.0
10.790995 64.88779 -3.6386995220 4.0 33.0
10.790995 64.88779 -3.6386995221 3.0 34.0
11.688711 66.71519 -3.6386995221 3.0 34.0
11.688711 66.71519 -3.6386995222 0.0 35.0
12.0877905 68.69835 -3.869108222 0.0 35.0
12.0877905 68.69835 -3.869108223 0.0 36.0
12.548607 70.68151 -3.869108223 0.0 36.0
11.688711 66.71519 -3.6386995224 0.0 35.0
12.8041725 68.29198 -4.2827115224 0.0 35.0
12.8041725 68.29198 -4.2827115225 0.0 36.0
14.092196 69.86877 -4.2827115225 0.0 36.0
11.688711 66.71519 -3.6386995226 2.0 35.0
12.586428 68.54259 -3.6386995226 2.0 35.0
12.586428 68.54259 -3.6386995227 1.0 36.0
13.484144 70.36999 -3.6386995227 1.0 36.0
13.484144 70.36999 -3.6386995228 0.0 37.0
14.381861 72.19739 -3.6386995228 0.0 37.0
14.381861 72.19739 -3.6386995229 0.0 38.0
15.279577 74.02479 -3.6386995229 0.0 38.0
3.192631 48.441216 -1.8432666230 20.0 25.0
3.6534476 50.424377 -1.8432666230 20.0 25.0
3.6534476 50.424377 -1.8432666231 19.0 26.0
4.1142645 52.40754 -1.8432666231 19.0 26.0
4.1142645 52.40754 -1.8432666232 18.0 27.0
4.5750813 54.3907 -1.8432666232 18.0 27.0
4.5750813 54.3907 -1.8432666233 17.0 28.0
5.035898 56.373863 -1.8432666233 17.0 28.0
5.035898 56.373863 -1.8432666234 16.0 29.0
5.496715 58.357025 -1.8432666234 16.0 29.0
5.496715 58.357025 -1.8432666235 15.0 30.0
5.957532 60.340187 -1.8432666235 15.0 30.0
5.957532 60.340187 -1.8432666236 14.0 31.0
6.418349 62.32335 -1.8432666236 14.0 31.0
6.418349 62.32335 -1.8432666237 13.0 32.0
6.8791656 64.30651 -1.8432666237 13.0 32.0
6.8791656 64.30651 -1.8432666238 12.0 33.0
7.3399825 66.28967 -1.8432666238 12.0 33.0
7.3399825 66.28967 -1.8432666239 11.0 34.0
7.8007994 68.272835 -1.8432666239 11.0 34.0
7.8007994 68.272835 -1.8432666240 10.0 35.0
8.261616 70.256 -1.8432666240 10.0 35.0
8.261616 70.256 -1.8432666241 9.0 36.0
8.722432 72.23916 -1.8432666241 9.0 36.0
8.722432 72.23916 -1.8432666242 4.0 37.0
8.722432 74.275154 -1.8432666242 4.0 37.0
8.722432 74.275154 -1.8432666243 3.0 38.0
8.722432 76.31115 -1.8432666243 3.0 38.0
8.722432 76.31115 -1.8432666244 0.0 39.0
8.323353 78.29431 -1.6128583244 0.0 39.0
8.323353 78.29431 -1.6128583245 0.0 40.0
7.862536 80.27747 -1.6128583245 0.0 40.0
8.722432 76.31115 -1.8432666246 0.0 39.0
9.121511 78.29431 -2.073675246 0.0 39.0
9.121511 78.29431 -2.073675247 0.0 40.0
9.582328 80.27747 -2.073675247 0.0 40.0
8.722432 76.31115 -1.8432666248 2.0 39.0
8.722432 78.347145 -1.8432666248 2.0 39.0
8.722432 78.347145 -1.8432666249 1.0 40.0
8.722432 80.38314 -1.8432666249 1.0 40.0
8.722432 80.38314 -1.8432666250 0.0 41.0
8.722432 82.419136 -1.8432666250 0.0 41.0
8.722432 82.419136 -1.8432666251 0.0 42.0
8.722432 84.45513 -1.8432666251 0.0 42.0
8.722432 72.23916 -1.8432666252 4.0 37.0
9.499878 74.06656 -2.2921247252 4.0 37.0
9.499878 74.06656 -2.2921247253 3.0 38.0
10.277323 75.89396 -2.740983253 3.0 38.0
10.277323 75.89396 -2.740983254 0.0 39.0
10.676402 77.87712 -2.9713914254 0.0 39.0
10.676402 77.87712 -2.9713914255 0.0 40.0
11.137218 79.86028 -2.9713914255 0.0 40.0
10.277323 75.89396 -2.740983256 0.0 39.0
11.392784 77.47075 -3.384995256 0.0 39.0
11.392784 77.47075 -3.384995257 0.0 40.0
12.680808 79.04754 -3.384995257 0.0 40.0
10.277323 75.89396 -2.740983258 2.0 39.0
11.175039 77.72136 -2.740983258 2.0 39.0
11.175039 77.72136 -2.740983259 1.0 40.0
12.072756 79.54876 -2.740983259 1.0 40.0
12.072756 79.54876 -2.740983260 0.0 41.0
12.970472 81.37616 -2.740983260 0.0 41.0
12.970472 81.37616 -2.740983261 0.0 42.0
13.868189 83.20356 -2.740983261 0.0 42.0
8.722432 72.23916 -1.8432666262 8.0 37.0
9.1832485 74.22232 -1.8432666262 8.0 37.0
9.1832485 74.22232 -1.8432666263 7.0 38.0
9.644065 76.20548 -1.8432666263 7.0 38.0
9.644065 76.20548 -1.8432666264 6.0 39.0
10.104881 78.188644 -1.8432666264 6.0 39.0
10.104881 78.188644 -1.8432666265 5.0 40.0
10.565698 80.17181 -1.8432666265 5.0 40.0
10.565698 80.17181 -1.8432666266 4.0 41.0
11.026514 82.15497 -1.8432666266 4.0 41.0
11.026514 82.15497 -1.8432666267 3.0 42.0
11.48733 84.13813 -1.8432666267 3.0 42.0
11.48733 84.13813 -1.8432666268 0.0 43.0
11.48733 86.174126 -1.8432666268 0.0 43.0
11.48733 86.174126 -1.8432666269 0.0 44.0
11.48733 88.21012 -1.8432666269 0.0 44.0
11.48733 84.13813 -1.8432666270 0.0 43.0
12.264776 85.96553 -2.2921247270 0.0 43.0
12.264776 85.96553 -2.2921247271 0.0 44.0
13.162493 87.79293 -2.2921247271 0.0 44.0
11.48733 84.13813 -1.8432666272 2.0 43.0
11.948147 86.12129 -1.8432666272 2.0 43.0
11.948147 86.12129 -1.8432666273 1.0 44.0
12.408963 88.104454 -1.8432666273 1.0 44.0
12.408963 88.104454 -1.8432666274 0.0 45.0
12.86978 90.087616 -1.8432666274 0.0 45.0
12.86978 90.087616 -1.8432666275 0.0 46.0
13.330596 92.07078 -1.8432666275 0.0 46.0
0.0 32.575924 0.0276 44.0 17.0
0.0 34.61192 0.0276 44.0 17.0
0.0 34.61192 0.0277 43.0 18.0
0.0 36.647915 0.0277 43.0 18.0
0.0 36.647915 0.0278 42.0 19.0
0.0 38.68391 0.0278 42.0 19.0
0.0 38.68391 0.0279 41.0 20.0
0.0 40.719906 0.0279 41.0 20.0
0.0 40.719906 0.0280 40.0 21.0
0.0 42.7559 0.0280 40.0 21.0
0.0 42.7559 0.0281 39.0 22.0
0.0 44.791897 0.0281 39.0 22.0
0.0 44.791897 0.0282 38.0 23.0
0.0 46.827892 0.0282 38.0 23.0
0.0 46.827892 0.0283 37.0 24.0
0.0 48.863888 0.0283 37.0 24.0
0.0 48.863888 0.0284 36.0 25.0
0.0 50.899883 0.0284 36.0 25.0
0.0 50.899883 0.0285 35.0 26.0
0.0 52.93588 0.0285 35.0 26.0
0.0 52.93588 0.0286 34.0 27.0
0.0 54.971874 0.0286 34.0 27.0
0.0 54.971874 0.0287 33.0 28.0
0.0 57.00787 0.0287 33.0 28.0
0.0 57.00787 0.0288 32.0 29.0
0.0 59.043865 0.0288 32.0 29.0
0.0 59.043865 0.0289 31.0 30.0
0.0 61.07986 0.0289 31.0 30.0
0.0 61.07986 0.0290 30.0 31.0
0.0 63.115856 0.0290 30.0 31.0
0.0 63.115856 0.0291 29.0 32.0
0.0 65.15185 0.0291 29.0 32.0
0.0 65.15185 0.0292 28.0 33.0
0.0 67.18784 0.0292 28.0 33.0
0.0 67.18784 0.0293 27.0 34.0
0.0 69.22384 0.0293 27.0 34.0
0.0 69.22384 0.0294 26.0 35.0
0.0 71.259834 0.0294 26.0 35.0
0.0 71.259834 0.0295 25.0 36.0
0.0 73.29583 0.0295 25.0 36.0
0.0 73.29583 0.0296 24.0 37.0
0.0 75.331825 0.0296 24.0 37.0
0.0 75.331825 0.0297 23.0 38.0
0.0 77.36782 0.0297 23.0 38.0
0.0 77.36782 0.0298 22.0 39.0
0.0 79.40382 0.0298 22.0 39.0
0.0 79.40382 0.0299 21.0 40.0
0.0 81.43981 0.0299 21.0 40.0
0.0 81.43981 0.0300 12.0 41.0
-0.3990789 83.42297 0.23040833300 12.0 41.0
-0.3990789 83.42297 0.23040833301 11.0 42.0
-0.7981578 85.406136 0.46081665301 11.0 42.0
-0.7981578 85.406136 0.46081665302 10.0 43.0
-1.1972368 87.3893 0.691225302 10.0 43.0
-1.1972368 87.3893 0.691225303 9.0 44.0
-1.5963156 89.37246 0.9216333303 9.0 44.0
-1.5963156 89.37246 0.9216333304 4.0 45.0
-2.373761 91.19986 1.3704915304 4.0 45.0
-2.373761 91.19986 1.3704915305 3.0 46.0
-3.1512063 93.02726 1.8193498305 3.0 46.0
-3.1512063 93.02726 1.8193498306 0.0 47.0
-4.266668 94.60405 2.4633617306 0.0 47.0
-4.266668 94.60405 2.4633617307 0.0 48.0
-5.554692 96.18084 2.4633617307 0.0 48.0
-3.1512063 93.02726 1.8193498308 0.0 47.0
-3.550285 95.01042 2.0497582308 0.0 47.0
-3.550285 95.01042 2.0497582309 0.0 48.0
-4.0111017 96.99358 2.0497582309 0.0 48.0
-3.1512063 93.02726 1.8193498310 2.0 47.0
-4.0489225 94.85466 1.8193498310 2.0 47.0
-4.0489225 94.85466 1.8193498311 1.0 48.0
-4.946639 96.68206 1.8193498311 1.0 48.0
-4.946639 96.68206 1.8193498312 0.0 49.0
-5.8443556 98.50946 1.8193498312 0.0 49.0
-5.8443556 98.50946 1.8193498313 0.0 50.0
-6.742072 100.33686 1.8193498313 0.0 50.0
-1.5963156 89.37246 0.9216333314 4.0 45.0
-1.5963156 91.408455 0.9216333314 4.0 45.0
-1.5963156 91.408455 0.9216333315 3.0 46.0
-1.5963156 93.44445 0.9216333315 3.0 46.0
-1.5963156 93.44445 0.9216333316 0.0 47.0
-1.9953945 95.42761 1.1520417316 0.0 47.0
-1.9953945 95.42761 1.1520417317 0.0 48.0
-2.456211 97.410774 1.1520417317 0.0 48.0
-1.5963156 93.44445 0.9216333318 0.0 47.0
-1.1972368 95.42761 0.691225318 0.0 47.0
-1.1972368 95.42761 0.691225319 0.0 48.0
-0.73642015 97.410774 0.691225319 0.0 48.0
-1.5963156 93.44445 0.9216333320 2.0 47.0
-1.5963156 95.480446 0.9216333320 2.0 47.0
-1.5963156 95.480446 0.9216333321 1.0 48.0
-1.5963156 97.51644 0.9216333321 1.0 48.0
-1.5963156 97.51644 0.9216333322 0.0 49.0
-1.5963156 99.55244 0.9216333322 0.0 49.0
-1.5963156 99.55244 0.9216333323 0.0 50.0
-1.5963156 101.58843 0.9216333323 0.0 50.0
-1.5963156 89.37246 0.9216333324 8.0 45.0
-2.0571322 91.35562 0.9216333324 8.0 45.0
-2.0571322 91.35562 0.9216333325 7.0 46.0
-2.5179489 93.33878 0.9216333325 7.0 46.0
-2.5179489 93.33878 0.9216333326 6.0 47.0
-2.9787655 95.321945 0.9216333326 6.0 47.0
-2.9787655 95.321945 0.9216333327 5.0 48.0
-3.439582 97.30511 0.9216333327 5.0 48.0
-3.439582 97.30511 0.9216333328 4.0 49.0
-3.9003987 99.28827 0.9216333328 4.0 49.0
-3.9003987 99.28827 0.9216333329 3.0 50.0
-4.3612156 101.27143 0.9216333329 3.0 50.0
-4.3612156 101.27143 0.9216333330 0.0 51.0
-5.138661 103.09883 1.3704915330 0.0 51.0
-5.138661 103.09883 1.3704915331 0.0 52.0
-6.0363774 104.92623 1.3704915331 0.0 52.0
-4.3612156 101.27143 0.9216333332 0.0 51.0
-4.3612156 103.30743 0.9216333332 0.0 51.0
-4.3612156 103.30743 0.9216333333 0.0 52.0
-4.3612156 105.34342 0.9216333333 0.0 52.0
-4.3612156 101.27143 0.9216333334 2.0 51.0
-4.8220325 103.25459 0.9216333334 2.0 51.0
-4.8220325 103.25459 0.9216333335 1.0 52.0
-5.2828493 105.237755 0.9216333335 1.0 52.0
-5.2828493 105.237755 0.9216333336 0.0 53.0
-5.743666 107.22092 0.9216333336 0.0 53.0
-5.743666 107.22092 0.9216333337 0.0 54.0
-6.204483 109.20408 0.9216333337 0.0 54.0
0.0 81.43981 0.0338 12.0 41.0
0.3990789 83.42297 -0.23040833338 12.0 41.0
0.3990789 83.42297 -0.23040833339 11.0 42.0
0.7981578 85.406136 -0.46081665339 11.0 42.0
0.7981578 85.406136 -0.46081665340 10.0 43.0
1.1972368 87.3893 -0.691225340 10.0 43.0
1.1972368 87.3893 -0.691225341 9.0 44.0
1.5963156 89.37246 -0.9216333341 9.0 44.0
1.5963156 89.37246 -0.9216333342 4.0 45.0
1.5963156 91.408455 -0.9216333342 4.0 45.0
1.5963156 91.408455 -0.9216333343 3.0 46.0
1.5963156 93.44445 -0.9216333343 3.0 46.0
1.5963156 93.44445 -0.9216333344 0.0 47.0
1.1972368 95.42761 -0.691225344 0.0 47.0
1.1972368 95.42761 -0.691225345 0.0 48.0
0.73642015 97.410774 -0.691225345 0.0 48.0
1.5963156 93.44445 -0.9216333346 0.0 47.0
1.9953945 95.42761 -1.1520417346 0.0 47.0
1.9953945 95.42761 -1.1520417347 0.0 48.0
2.456211 97.410774 -1.1520417347 0.0 48.0
1.5963156 93.44445 -0.9216333348 2.0 47.0
1.5963156 95.480446 -0.9216333348 2.0 47.0
1.5963156 95.480446 -0.9216333349 1.0 48.0
1.5963156 97.51644 -0.9216333349 1.0 48.0
1.5963156 97.51644 -0.9216333350 0.0 49.0
1.5963156 99.55244 -0.9216333350 0.0 49.0
1.5963156 99.55244 -0.9216333351 0.0 50.0
1.5963156 101.58843 -0.9216333351 0.0 50.0
1.5963156 89.37246 -0.9216333352 4.0 45.0
2.373761 91.19986 -1.3704915352 4.0 45.0
2.373761 91.19986 -1.3704915353 3.0 46.0
3.1512063 93.02726 -1.8193498353 3.0 46.0
3.1512063 93.02726 -1.8193498354 0.0 47.0
3.550285 95.01042 -2.0497582354 0.0 47.0
3.550285 95.01042 -2.0497582355 0.0 48.0
4.0111017 96.99358 -2.0497582355 0.0 48.0
3.1512063 93.02726 -1.8193498356 0.0 47.0
4.266668 94.60405 -2.4633617356 0.0 47.0
4.266668 94.60405 -2.4633617357 0.0 48.0
5.554692 96.18084 -2.4633617357 0.0 48.0
3.1512063 93.02726 -1.8193498358 2.0 47.0
4.0489225 94.85466 -1.8193498358 2.0 47.0
4.0489225 94.85466 -1.8193498359 1.0 48.0
4.946639 96.68206 -1.8193498359 1.0 48.0
4.946639 96.68206 -1.8193498360 0.0 49.0
5.8443556 98.50946 -1.8193498360 0.0 49.0
5.8443556 98.50946 -1.8193498361 0.0 50.0
6.742072 100.33686 -1.8193498361 0.0 50.0
1.5963156 89.37246 -0.9216333362 8.0 45.0
2.0571322 91.35562 -0.9216333362 8.0 45.0
2.0571322 91.35562 -0.9216333363 7.0 46.0
2.5179489 93.33878 -0.9216333363 7.0 46.0
2.5179489 93.33878 -0.9216333364 6.0 47.0
2.9787655 95.321945 -0.9216333364 6.0 47.0
2.9787655 95.321945 -0.9216333365 5.0 48.0
3.439582 97.30511 -0.9216333365 5.0 48.0
3.439582 97.30511 -0.9216333366 4.0 49.0
3.9003987 99.28827 -0.9216333366 4.0 49.0
3.9003987 99.28827 -0.9216333367 3.0 50.0
4.3612156 101.27143 -0.9216333367 3.0 50.0
4.3612156 101.27143 -0.9216333368 0.0 51.0
4.3612156 103.30743 -0.9216333368 0.0 51.0
4.3612156 103.30743 -0.9216333369 0.0 52.0
4.3612156 105.34342 -0.9216333369 0.0 52.0
4.3612156 101.27143 -0.9216333370 0.0 51.0
5.138661 103.09883 -1.3704915370 0.0 51.0
5.138661 103.09883 -1.3704915371 0.0 52.0
6.0363774 104.92623 -1.3704915371 0.0 52.0
4.3612156 101.27143 -0.9216333372 2.0 51.0
4.8220325 103.25459 -0.9216333372 2.0 51.0
4.8220325 103.25459 -0.9216333373 1.0 52.0
5.2828493 105.237755 -0.9216333373 1.0 52.0
5.2828493 105.237755 -0.9216333374 0.0 53.0
5.743666 107.22092 -0.9216333374 0.0 53.0
5.743666 107.22092 -0.9216333375 0.0 54.0
6.204483 109.20408 -0.9216333375 0.0 54.0
0.0 81.43981 0.0376 20.0 41.0
0.0 83.47581 0.0376 20.0 41.0
0.0 83.47581 0.0377 19.0 42.0
0.0 85.5118 0.0377 19.0 42.0
0.0 85.5118 0.0378 18.0 43.0
0.0 87.5478 0.0378 18.0 43.0
0.0 87.5478 0.0379 17.0 44.0
0.0 89.58379 0.0379 17.0 44.0
0.0 89.58379 0.0380 16.0 45.0
0.0 91.61979 0.0380 16.0 45.0
0.0 91.61979 0.0381 15.0 46.0
0.0 93.655785 0.0381 15.0 46.0
0.0 93.655785 0.0382 14.0 47.0
0.0 95.69178 0.0382 14.0 47.0
0.0 95.69178 0.0383 13.0 48.0
0.0 97.727776 0.0383 13.0 48.0
0.0 97.727776 0.0384 12.0 49.0
0.0 99.76377 0.0384 12.0 49.0
0.0 99.76377 0.0385 11.0 50.0
0.0 101.79977 0.0385 11.0 50.0
0.0 101.79977 0.0386 10.0 51.0
0.0 103.83576 0.0386 10.0 51.0
0.0 103.83576 0.0387 9.0 52.0
0.0 105.87176 0.0387 9.0 52.0
0.0 105.87176 0.0388 4.0 53.0
-0.3990789 107.85492 0.23040833388 4.0 53.0
-0.3990789 107.85492 0.23040833389 3.0 54.0
-0.7981578 109.83808 0.46081665389 3.0 54.0
-0.7981578 109.83808 0.46081665390 0.0 55.0
-1.5756031 111.66548 0.9096749390 0.0 55.0
-1.5756031 111.66548 0.9096749391 0.0 56.0
-2.4733195 113.49288 0.9096749391 0.0 56.0
-0.7981578 109.83808 0.46081665392 0.0 55.0
-0.7981578 111.87408 0.46081665392 0.0 55.0
-0.7981578 111.87408 0.46081665393 0.0 56.0
-0.7981578 113.91007 0.46081665393 0.0 56.0
-0.7981578 109.83808 0.46081665394 2.0 55.0
-1.2589744 111.82124 0.46081665394 2.0 55.0
-1.2589744 111.82124 0.46081665395 1.0 56.0
-1.719791 113.804405 0.46081665395 1.0 56.0
-1.719791 113.804405 0.46081665396 0.0 57.0
-2.1806078 115.78757 0.46081665396 0.0 57.0
-2.1806078 115.78757 0.46081665397 0.0 58.0
-2.6414244 117.77073 0.46081665397 0.0 58.0
0.0 105.87176 0.0398 4.0 53.0
0.3990789 107.85492 -0.23040833398 4.0 53.0
0.3990789 107.85492 -0.23040833399 3.0 54.0
0.7981578 109.83808 -0.46081665399 3.0 54.0
0.7981578 109.83808 -0.46081665400 0.0 55.0
0.7981578 111.87408 -0.46081665400 0.0 55.0
0.7981578 111.87408 -0.46081665401 0.0 56.0
0.7981578 113.91007 -0.46081665401 0.0 56.0
0.7981578 109.83808 -0.46081665402 0.0 55.0
1.5756031 111.66548 -0.9096749402 0.0 55.0
1.5756031 111.66548 -0.9096749403 0.0 56.0
2.4733195 113.49288 -0.9096749403 0.0 56.0
0.7981578 109.83808 -0.46081665404 2.0 55.0
1.2589744 111.82124 -0.46081665404 2.0 55.0
1.2589744 111.82124 -0.46081665405 1.0 56.0
1.719791 113.804405 -0.46081665405 1.0 56.0
1.719791 113.804405 -0.46081665406 0.0 57.0
2.1806078 115.78757 -0.46081665406 0.0 57.0
2.1806078 115.78757 -0.46081665407 0.0 58.0
2.6414244 117.77073 -0.46081665407 0.0 58.0
0.0 105.87176 0.0408 8.0 53.0
0.0 107.90775 0.0408 8.0 53.0
0.0 107.90775 0.0409 7.0 54.0
0.0 109.94375 0.0409 7.0 54.0
0.0 109.94375 0.0410 6.0 55.0
0.0 111.979744 0.0410 6.0 55.0
0.0 111.979744 0.0411 5.0 56.0
0.0 114.01574 0.0411 5.0 56.0
0.0 114.01574 0.0412 4.0 57.0
0.0 116.051735 0.0412 4.0 57.0
0.0 116.051735 0.0413 3.0 58.0
0.0 118.08773 0.0413 3.0 58.0
0.0 118.08773 0.0414 0.0 59.0
-0.3990789 120.07089 0.23040833414 0.0 59.0
-0.3990789 120.07089 0.23040833415 0.0 60.0
-0.8598956 122.054054 0.23040833415 0.0 60.0
0.0 118.08773 0.0416 0.0 59.0
0.3990789 120.07089 -0.23040833416 0.0 59.0
0.3990789 120.07089 -0.23040833417 0.0 60.0
0.8598956 122.054054 -0.23040833417 0.0 60.0
0.0 118.08773 0.0418 2.0 59.0
0.0 120.123726 0.0418 2.0 59.0
0.0 120.123726 0.0419 1.0 60.0
0.0 122.15972 0.0419 1.0 60.0
0.0 122.15972 0.0420 0.0 61.0
0.0 124.19572 0.0420 0.0 61.0
0.0 124.19572 0.0421 0.0 62.0
0.0 126.23171 0.0421 0.0 62.0
