0.0 0.0 0.00 60.0 1.0
0.0 1.9302686 0.00 60.0 1.0
0.0 1.9302686 0.01 59.0 2.0
0.0 3.8605373 0.01 59.0 2.0
0.0 3.8605373 0.02 58.0 3.0
0.0 5.790806 0.02 58.0 3.0
0.0 5.790806 0.03 57.0 4.0
0.0 7.7210746 0.03 57.0 4.0
0.0 7.7210746 0.04 56.0 5.0
0.0 9.651343 0.04 56.0 5.0
0.0 9.651343 0.05 55.0 6.0
0.0 11.581612 0.05 55.0 6.0
0.0 11.581612 0.06 54.0 7.0
0.0 13.51188 0.06 54.0 7.0
0.0 13.51188 0.07 53.0 8.0
0.0 15.442148 0.07 53.0 8.0
0.0 15.442148 0.08 52.0 9.0
0.0 17.372417 0.08 52.0 9.0
0.0 17.372417 0.09 51.0 10.0
0.0 19.302687 0.09 51.0 10.0
0.0 19.302687 0.010 50.0 11.0
0.0 21.232956 0.010 50.0 11.0
0.0 21.232956 0.011 49.0 12.0
0.0 23.163225 0.011 49.0 12.0
0.0 23.163225 0.012 48.0 13.0
0.0 25.093494 0.012 48.0 13.0
0.0 25.093494 0.013 47.0 14.0
0.0 27.023764 0.013 47.0 14.0
0.0 27.023764 0.014 46.0 15.0
0.0 28.954033 0.014 46.0 15.0
0.0 28.954033 0.015 45.0 16.0
0.0 30.884302 0.015 45.0 16.0
0.0 30.884302 0.016 28.0 17.0
-0.83186674 32.558598 0.480278516 28.0 17.0
-0.83186674 32.558598 0.480278517 27.0 18.0
-1.6637335 34.232895 0.96055717 27.0 18.0
-1.6637335 34.232895 0.96055718 26.0 19.0
-2.4956002 35.907192 1.440835518 26.0 19.0
-2.4956002 35.907192 1.440835519 25.0 20.0
-3.327467 37.58149 1.92111419 25.0 20.0
-3.327467 37.58149 1.92111420 24.0 21.0
-4.1593337 39.255787 2.401392520 24.0 21.0
-4.1593337 39.255787 2.401392521 23.0 22.0
-4.9912004 40.930084 2.88167121 23.0 22.0
-4.9912004 40.930084 2.88167122 22.0 23.0
-5.823067 42.60438 3.361949422 22.0 23.0
-5.823067 42.60438 3.361949423 21.0 24.0
-6.654934 44.27868 3.84222823 21.0 24.0
-6.654934 44.27868 3.84222824 12.0 25.0
-8.09804 45.252945 4.675405524 12.0 25.0
-8.09804 45.252945 4.675405525 11.0 26.0
-9.541145 46.22721 5.50858325 11.0 26.0
-9.541145 46.22721 5.50858326 10.0 27.0
-10.984251 47.201477 6.341760626 10.0 27.0
-10.984251 47.201477 6.341760627 9.0 28.0
-12.427357 48.175743 7.17493827 9.0 28.0
-12.427357 48.175743 7.17493828 4.0 29.0
-14.098962 48.191586 8.1400428 4.0 29.0
-14.098962 48.191586 8.1400429 3.0 30.0
-15.770567 48.207428 9.10514329 3.0 30.0
-15.770567 48.207428 9.10514330 0.0 31.0
-17.22733 47.260647 9.94620430 0.0 31.0
-17.22733 47.260647 9.94620431 0.0 32.0
-18.909452 46.313866 9.94620431 0.0 32.0
-15.770567 48.207428 9.10514332 0.0 31.0
-17.213673 49.181694 9.9383232 0.0 31.0
-17.213673 49.181694 9.9383233 0.0 32.0
-18.880028 50.15596 9.9383233 0.0 32.0
-15.770567 48.207428 9.10514334 2.0 31.0
-17.700771 48.22327 9.10514334 2.0 31.0
-17.700771 48.22327 9.10514335 1.0 32.0
-19.630976 48.239113 9.10514335 1.0 32.0
-19.630976 48.239113 9.10514336 0.0 33.0
-21.56118 48.254955 9.10514336 0.0 33.0
-21.56118 48.254955 9.10514337 0.0 34.0
-23.491385 48.270798 9.10514337 0.0 34.0
-12.427357 48.175743 7.17493838 4.0 29.0
-13.259224 49.85004 7.655216738 4.0 29.0
-13.259224 49.85004 7.655216739 3.0 30.0
-14.091091 51.524338 8.13549539 3.0 30.0
-14.091091 51.524338 8.13549540 0.0 31.0
-15.534197 52.498604 8.96867340 0.0 31.0
-15.534197 52.498604 8.96867341 0.0 32.0
-17.200552 53.47287 8.96867341 0.0 32.0
-14.091091 51.524338 8.13549542 0.0 31.0
-14.091091 53.454605 8.13549542 0.0 31.0
-14.091091 53.454605 8.13549543 0.0 32.0
-14.091091 55.384872 8.13549543 0.0 32.0
-14.091091 51.524338 8.13549544 2.0 31.0
-15.051648 53.198635 8.13549544 2.0 31.0
-15.051648 53.198635 8.13549545 1.0 32.0
-16.012205 54.872932 8.13549545 1.0 32.0
-16.012205 54.872932 8.13549546 0.0 33.0
-16.972763 56.54723 8.13549546 0.0 33.0
-16.972763 56.54723 8.13549547 0.0 34.0
-17.93332 58.221527 8.13549547 0.0 34.0
-12.427357 48.175743 7.17493848 8.0 29.0
-14.093712 49.15001 7.17493848 8.0 29.0
-14.093712 49.15001 7.17493849 7.0 30.0
-15.760067 50.124275 7.17493849 7.0 30.0
-15.760067 50.124275 7.17493850 6.0 31.0
-17.426422 51.09854 7.17493850 6.0 31.0
-17.426422 51.09854 7.17493851 5.0 32.0
-19.092777 52.072807 7.17493851 5.0 32.0
-19.092777 52.072807 7.17493852 4.0 33.0
-20.759132 53.047073 7.17493852 4.0 33.0
-20.759132 53.047073 7.17493853 3.0 34.0
-22.425488 54.02134 7.17493853 3.0 34.0
-22.425488 54.02134 7.17493854 0.0 35.0
-24.097094 54.03718 8.1400454 0.0 35.0
-24.097094 54.03718 8.1400455 0.0 36.0
-26.027298 54.053024 8.1400455 0.0 36.0
-22.425488 54.02134 7.17493856 0.0 35.0
-23.257355 55.695637 7.655216756 0.0 35.0
-23.257355 55.695637 7.655216757 0.0 36.0
-24.21791 57.369934 7.655216757 0.0 36.0
-22.425488 54.02134 7.17493858 2.0 35.0
-24.091843 54.995605 7.17493858 2.0 35.0
-24.091843 54.995605 7.17493859 1.0 36.0
-25.758198 55.96987 7.17493859 1.0 36.0
-25.758198 55.96987 7.17493860 0.0 37.0
-27.424553 56.944138 7.17493860 0.0 37.0
-27.424553 56.944138 7.17493861 0.0 38.0
-29.090908 57.918404 7.17493861 0.0 38.0
-6.654934 44.27868 3.84222862 12.0 25.0
-6.654934 46.208946 3.84222862 12.0 25.0
-6.654934 46.208946 3.84222863 11.0 26.0
-6.654934 48.139214 3.84222863 11.0 26.0
-6.654934 48.139214 3.84222864 10.0 27.0
-6.654934 50.06948 3.84222864 10.0 27.0
-6.654934 50.06948 3.84222865 9.0 28.0
-6.654934 51.99975 3.84222865 9.0 28.0
-6.654934 51.99975 3.84222866 4.0 29.0
-7.4868007 53.674046 4.322506466 4.0 29.0
-7.4868007 53.674046 4.322506467 3.0 30.0
-8.318667 55.348343 4.80278567 3.0 30.0
-8.318667 55.348343 4.80278568 0.0 31.0
-9.761773 56.32261 5.635962568 0.0 31.0
-9.761773 56.32261 5.635962569 0.0 32.0
-11.428128 57.296875 5.635962569 0.0 32.0
-8.318667 55.348343 4.80278570 0.0 31.0
-8.318667 57.27861 4.80278570 0.0 31.0
-8.318667 57.27861 4.80278571 0.0 32.0
-8.318667 59.208878 4.80278571 0.0 32.0
-8.318667 55.348343 4.80278572 2.0 31.0
-9.279224 57.02264 4.80278572 2.0 31.0
-9.279224 57.02264 4.80278573 1.0 32.0
-10.239781 58.696938 4.80278573 1.0 32.0
-10.239781 58.696938 4.80278574 0.0 33.0
-11.200338 60.371235 4.80278574 0.0 33.0
-11.200338 60.371235 4.80278575 0.0 34.0
-12.160895 62.045532 4.80278575 0.0 34.0
-6.654934 51.99975 3.84222876 4.0 29.0
-5.823067 53.674046 3.361949476 4.0 29.0
-5.823067 53.674046 3.361949477 3.0 30.0
-4.9912004 55.348343 2.88167177 3.0 30.0
-4.9912004 55.348343 2.88167178 0.0 31.0
-4.9912004 57.27861 2.88167178 0.0 31.0
-4.9912004 57.27861 2.88167179 0.0 32.0
-4.9912004 59.208878 2.88167179 0.0 32.0
-4.9912004 55.348343 2.88167180 0.0 31.0
-3.5480943 56.32261 2.048493480 0.0 31.0
-3.5480943 56.32261 2.048493481 0.0 32.0
-1.8817389 57.296875 2.048493481 0.0 32.0
-4.9912004 55.348343 2.88167182 2.0 31.0
-4.0306435 57.02264 2.88167182 2.0 31.0
-4.0306435 57.02264 2.88167183 1.0 32.0
-3.0700865 58.696938 2.88167183 1.0 32.0
-3.0700865 58.696938 2.88167184 0.0 33.0
-2.1095295 60.371235 2.88167184 0.0 33.0
-2.1095295 60.371235 2.88167185 0.0 34.0
-1.1489725 62.045532 2.88167185 0.0 34.0
-6.654934 51.99975 3.84222886 8.0 29.0
-6.654934 53.930016 3.84222886 8.0 29.0
-6.654934 53.930016 3.84222887 7.0 30.0
-6.654934 55.860283 3.84222887 7.0 30.0
-6.654934 55.860283 3.84222888 6.0 31.0
-6.654934 57.79055 3.84222888 6.0 31.0
-6.654934 57.79055 3.84222889 5.0 32.0
-6.654934 59.720818 3.84222889 5.0 32.0
-6.654934 59.720818 3.84222890 4.0 33.0
-6.654934 61.651085 3.84222890 4.0 33.0
-6.654934 61.651085 3.84222891 3.0 34.0
-6.654934 63.581352 3.84222891 3.0 34.0
-6.654934 63.581352 3.84222892 0.0 35.0
-7.4868007 65.255646 4.322506492 0.0 35.0
-7.4868007 65.255646 4.322506493 0.0 36.0
-8.447357 66.92994 4.322506493 0.0 36.0
-6.654934 63.581352 3.84222894 0.0 35.0
-5.823067 65.255646 3.361949494 0.0 35.0
-5.823067 65.255646 3.361949495 0.0 36.0
-4.86251 66.92994 3.361949495 0.0 36.0
-6.654934 63.581352 3.84222896 2.0 35.0
-6.654934 65.51162 3.84222896 2.0 35.0
-6.654934 65.51162 3.84222897 1.0 36.0
-6.654934 67.44189 3.84222897 1.0 36.0
-6.654934 67.44189 3.84222898 0.0 37.0
-6.654934 69.372154 3.84222898 0.0 37.0
-6.654934 69.372154 3.84222899 0.0 38.0
-6.654934 71.30242 3.84222899 0.0 38.0
-6.654934 44.27868 3.842228100 20.0 25.0
-7.615491 45.952976 3.842228100 20.0 25.0
-7.615491 45.952976 3.842228101 19.0 26.0
-8.576048 47.627274 3.842228101 19.0 26.0
-8.576048 47.627274 3.842228102 18.0 27.0
-9.536605 49.30157 3.842228102 18.0 27.0
-9.536605 49.30157 3.842228103 17.0 28.0
-10.497162 50.97587 3.842228103 17.0 28.0
-10.497162 50.97587 3.842228104 16.0 29.0
-11.457719 52.650166 3.842228104 16.0 29.0
-11.457719 52.650166 3.842228105 15.0 30.0
-12.418276 54.324463 3.842228105 15.0 30.0
-12.418276 54.324463 3.842228106 14.0 31.0
-13.378833 55.99876 3.842228106 14.0 31.0
-13.378833 55.99876 3.842228107 13.0 32.0
-14.33939 57.673058 3.842228107 13.0 32.0
-14.33939 57.673058 3.842228108 12.0 33.0
-15.299947 59.347355 3.842228108 12.0 33.0
-15.299947 59.347355 3.842228109 11.0 34.0
-16.260504 61.021652 3.842228109 11.0 34.0
-16.260504 61.021652 3.842228110 10.0 35.0
-17.221062 62.69595 3.842228110 10.0 35.0
-17.221062 62.69595 3.842228111 9.0 36.0
-18.181618 64.37025 3.842228111 9.0 36.0
-18.181618 64.37025 3.842228112 4.0 37.0
-19.624723 65.34451 4.6754055112 4.0 37.0
-19.624723 65.34451 4.6754055113 3.0 38.0
-21.06783 66.31878 5.508583113 3.0 38.0
-21.06783 66.31878 5.508583114 0.0 39.0
-22.739435 66.334625 6.473685114 0.0 39.0
-22.739435 66.334625 6.473685115 0.0 40.0
-24.66964 66.35047 6.473685115 0.0 40.0
-21.06783 66.31878 5.508583116 0.0 39.0
-21.899696 67.99307 5.9888616116 0.0 39.0
-21.899696 67.99307 5.9888616117 0.0 40.0
-22.860252 69.667366 5.9888616117 0.0 40.0
-21.06783 66.31878 5.508583118 2.0 39.0
-22.734184 67.293045 5.508583118 2.0 39.0
-22.734184 67.293045 5.508583119 1.0 40.0
-24.40054 68.26731 5.508583119 1.0 40.0
-24.40054 68.26731 5.508583120 0.0 41.0
-26.066895 69.24158 5.508583120 0.0 41.0
-26.066895 69.24158 5.508583121 0.0 42.0
-27.73325 70.21584 5.508583121 0.0 42.0
-18.181618 64.37025 3.842228122 4.0 37.0
-18.181618 66.300514 3.842228122 4.0 37.0
-18.181618 66.300514 3.842228123 3.0 38.0
-18.181618 68.23078 3.842228123 3.0 38.0
-18.181618 68.23078 3.842228124 0.0 39.0
-19.013485 69.905075 4.3225064124 0.0 39.0
-19.013485 69.905075 4.3225064125 0.0 40.0
-19.974041 71.57937 4.3225064125 0.0 40.0
-18.181618 68.23078 3.842228126 0.0 39.0
-17.34975 69.905075 3.3619494126 0.0 39.0
-17.34975 69.905075 3.3619494127 0.0 40.0
-16.389194 71.57937 3.3619494127 0.0 40.0
-18.181618 68.23078 3.842228128 2.0 39.0
-18.181618 70.16105 3.842228128 2.0 39.0
-18.181618 70.16105 3.842228129 1.0 40.0
-18.181618 72.09132 3.842228129 1.0 40.0
-18.181618 72.09132 3.842228130 0.0 41.0
-18.181618 74.02158 3.842228130 0.0 41.0
-18.181618 74.02158 3.842228131 0.0 42.0
-18.181618 75.95185 3.842228131 0.0 42.0
-18.181618 64.37025 3.842228132 8.0 37.0
-19.142174 66.04454 3.842228132 8.0 37.0
-19.142174 66.04454 3.842228133 7.0 38.0
-20.10273 67.718834 3.842228133 7.0 38.0
-20.10273 67.718834 3.842228134 6.0 39.0
-21.063286 69.39313 3.842228134 6.0 39.0
-21.063286 69.39313 3.842228135 5.0 40.0
-22.023842 71.06742 3.842228135 5.0 40.0
-22.023842 71.06742 3.842228136 4.0 41.0
-22.984398 72.741714 3.842228136 4.0 41.0
-22.984398 72.741714 3.842228137 3.0 42.0
-23.944954 74.41601 3.842228137 3.0 42.0
-23.944954 74.41601 3.842228138 0.0 43.0
-25.38806 75.390274 4.6754055138 0.0 43.0
-25.38806 75.390274 4.6754055139 0.0 44.0
-27.054415 76.36454 4.6754055139 0.0 44.0
-23.944954 74.41601 3.842228140 0.0 43.0
-23.944954 76.346275 3.842228140 0.0 43.0
-23.944954 76.346275 3.842228141 0.0 44.0
-23.944954 78.27654 3.842228141 0.0 44.0
-23.944954 74.41601 3.842228142 2.0 43.0
-24.90551 76.0903 3.842228142 2.0 43.0
-24.90551 76.0903 3.842228143 1.0 44.0
-25.866066 77.764595 3.842228143 1.0 44.0
-25.866066 77.764595 3.842228144 0.0 45.0
-26.826622 79.43889 3.842228144 0.0 45.0
-26.826622 79.43889 3.842228145 0.0 46.0
-27.787178 81.11318 3.842228145 0.0 46.0
0.0 30.884302 0.0146 28.0 17.0
0.83186674 32.558598 -0.4802785146 28.0 17.0
0.83186674 32.558598 -0.4802785147 27.0 18.0
1.6637335 34.232895 -0.960557147 27.0 18.0
1.6637335 34.232895 -0.960557148 26.0 19.0
2.4956002 35.907192 -1.4408355148 26.0 19.0
2.4956002 35.907192 -1.4408355149 25.0 20.0
3.327467 37.58149 -1.921114149 25.0 20.0
3.327467 37.58149 -1.921114150 24.0 21.0
4.1593337 39.255787 -2.4013925150 24.0 21.0
4.1593337 39.255787 -2.4013925151 23.0 22.0
4.9912004 40.930084 -2.881671151 23.0 22.0
4.9912004 40.930084 -2.881671152 22.0 23.0
5.823067 42.60438 -3.3619494152 22.0 23.0
5.823067 42.60438 -3.3619494153 21.0 24.0
6.654934 44.27868 -3.842228153 21.0 24.0
6.654934 44.27868 -3.842228154 12.0 25.0
6.654934 46.208946 -3.842228154 12.0 25.0
6.654934 46.208946 -3.842228155 11.0 26.0
6.654934 48.139214 -3.842228155 11.0 26.0
6.654934 48.139214 -3.842228156 10.0 27.0
6.654934 50.06948 -3.842228156 10.0 27.0
6.654934 50.06948 -3.842228157 9.0 28.0
6.654934 51.99975 -3.842228157 9.0 28.0
6.654934 51.99975 -3.842228158 4.0 29.0
5.823067 53.674046 -3.3619494158 4.0 29.0
5.823067 53.674046 -3.3619494159 3.0 30.0
4.9912004 55.348343 -2.881671159 3.0 30.0
4.9912004 55.348343 -2.881671160 0.0 31.0
3.5480943 56.32261 -2.0484934160 0.0 31.0
3.5480943 56.32261 -2.0484934161 0.0 32.0
1.8817389 57.296875 -2.0484934161 0.0 32.0
4.9912004 55.348343 -2.881671162 0.0 31.0
4.9912004 57.27861 -2.881671162 0.0 31.0
4.9912004 57.27861 -2.881671163 0.0 32.0
4.9912004 59.208878 -2.881671163 0.0 32.0
4.9912004 55.348343 -2.881671164 2.0 31.0
4.0306435 57.02264 -2.881671164 2.0 31.0
4.0306435 57.02264 -2.881671165 1.0 32.0
3.0700865 58.696938 -2.881671165 1.0 32.0
3.0700865 58.696938 -2.881671166 0.0 33.0
2.1095295 60.371235 -2.881671166 0.0 33.0
2.1095295 60.371235 -2.881671167 0.0 34.0
1.1489725 62.045532 -2.881671167 0.0 34.0
6.654934 51.99975 -3.842228168 4.0 29.0
7.4868007 53.674046 -4.3225064168 4.0 29.0
7.4868007 53.674046 -4.3225064169 3.0 30.0
8.318667 55.348343 -4.802785169 3.0 30.0
8.318667 55.348343 -4.802785170 0.0 31.0
8.318667 57.27861 -4.802785170 0.0 31.0
8.318667 57.27861 -4.802785171 0.0 32.0
8.318667 59.208878 -4.802785171 0.0 32.0
8.318667 55.348343 -4.802785172 0.0 31.0
9.761773 56.32261 -5.6359625172 0.0 31.0
9.761773 56.32261 -5.6359625173 0.0 32.0
11.428128 57.296875 -5.6359625173 0.0 32.0
8.318667 55.348343 -4.802785174 2.0 31.0
9.279224 57.02264 -4.802785174 2.0 31.0
9.279224 57.02264 -4.802785175 1.0 32.0
10.239781 58.696938 -4.802785175 1.0 32.0
10.239781 58.696938 -4.802785176 0.0 33.0
11.200338 60.371235 -4.802785176 0.0 33.0
11.200338 60.371235 -4.802785177 0.0 34.0
12.160895 62.045532 -4.802785177 0.0 34.0
6.654934 51.99975 -3.842228178 8.0 29.0
6.654934 53.930016 -3.842228178 8.0 29.0
6.654934 53.930016 -3.842228179 7.0 30.0
6.654934 55.860283 -3.842228179 7.0 30.0
6.654934 55.860283 -3.842228180 6.0 31.0
6.654934 57.79055 -3.842228180 6.0 31.0
6.654934 57.79055 -3.842228181 5.0 32.0
6.654934 59.720818 -3.842228181 5.0 32.0
6.654934 59.720818 -3.842228182 4.0 33.0
6.654934 61.651085 -3.842228182 4.0 33.0
6.654934 61.651085 -3.842228183 3.0 34.0
6.654934 63.581352 -3.842228183 3.0 34.0
6.654934 63.581352 -3.842228184 0.0 35.0
5.823067 65.255646 -3.3619494184 0.0 35.0
5.823067 65.255646 -3.3619494185 0.0 36.0
4.86251 66.92994 -3.3619494185 0.0 36.0
6.654934 63.581352 -3.842228186 0.0 35.0
7.4868007 65.255646 -4.3225064186 0.0 35.0
7.4868007 65.255646 -4.3225064187 0.0 36.0
8.447357 66.92994 -4.3225064187 0.0 36.0
6.654934 63.581352 -3.842228188 2.0 35.0
6.654934 65.51162 -3.842228188 2.0 35.0
6.654934 65.51162 -3.842228189 1.0 36.0
6.654934 67.44189 -3.842228189 1.0 36.0
6.654934 67.44189 -3.842228190 0.0 37.0
6.654934 69.372154 -3.842228190 0.0 37.0
6.654934 69.372154 -3.842228191 0.0 38.0
6.654934 71.30242 -3.842228191 0.0 38.0
6.654934 44.27868 -3.842228192 12.0 25.0
8.09804 45.252945 -4.6754055192 12.0 25.0
8.09804 45.252945 -4.6754055193 11.0 26.0
9.541145 46.22721 -5.508583193 11.0 26.0
9.541145 46.22721 -5.508583194 10.0 27.0
10.984251 47.201477 -6.3417606194 10.0 27.0
10.984251 47.201477 -6.3417606195 9.0 28.0
12.427357 48.175743 -7.174938195 9.0 28.0
12.427357 48.175743 -7.174938196 4.0 29.0
13.259224 49.85004 -7.6552167196 4.0 29.0
13.259224 49.85004 -7.6552167197 3.0 30.0
14.091091 51.524338 -8.135495197 3.0 30.0
14.091091 51.524338 -8.135495198 0.0 31.0
14.091091 53.454605 -8.135495198 0.0 31.0
14.091091 53.454605 -8.135495199 0.0 32.0
14.091091 55.384872 -8.135495199 0.0 32.0
14.091091 51.524338 -8.135495200 0.0 31.0
15.534197 52.498604 -8.968673200 0.0 31.0
15.534197 52.498604 -8.968673201 0.0 32.0
17.200552 53.47287 -8.968673201 0.0 32.0
14.091091 51.524338 -8.135495202 2.0 31.0
15.051648 53.198635 -8.135495202 2.0 31.0
15.051648 53.198635 -8.135495203 1.0 32.0
16.012205 54.872932 -8.135495203 1.0 32.0
16.012205 54.872932 -8.135495204 0.0 33.0
16.972763 56.54723 -8.135495204 0.0 33.0
16.972763 56.54723 -8.135495205 0.0 34.0
17.93332 58.221527 -8.135495205 0.0 34.0
12.427357 48.175743 -7.174938206 4.0 29.0
14.098962 48.191586 -8.14004206 4.0 29.0
14.098962 48.191586 -8.14004207 3.0 30.0
15.770567 48.207428 -9.105143207 3.0 30.0
15.770567 48.207428 -9.105143208 0.0 31.0
17.213673 49.181694 -9.93832208 0.0 31.0
17.213673 49.181694 -9.93832209 0.0 32.0
18.880028 50.15596 -9.93832209 0.0 32.0
15.770567 48.207428 -9.105143210 0.0 31.0
17.22733 47.260647 -9.946204210 0.0 31.0
17.22733 47.260647 -9.946204211 0.0 32.0
18.909452 46.313866 -9.946204211 0.0 32.0
15.770567 48.207428 -9.105143212 2.0 31.0
17.700771 48.22327 -9.105143212 2.0 31.0
17.700771 48.22327 -9.105143213 1.0 32.0
19.630976 48.239113 -9.105143213 1.0 32.0
19.630976 48.239113 -9.105143214 0.0 33.0
21.56118 48.254955 -9.105143214 0.0 33.0
21.56118 48.254955 -9.105143215 0.0 34.0
23.491385 48.270798 -9.105143215 0.0 34.0
12.427357 48.175743 -7.174938216 8.0 29.0
14.093712 49.15001 -7.174938216 8.0 29.0
14.093712 49.15001 -7.174938217 7.0 30.0
15.760067 50.124275 -7.174938217 7.0 30.0
15.760067 50.124275 -7.174938218 6.0 31.0
17.426422 51.09854 -7.174938218 6.0 31.0
17.426422 51.09854 -7.174938219 5.0 32.0
19.092777 52.072807 -7.174938219 5.0 32.0
19.092777 52.072807 -7.174938220 4.0 33.0
20.759132 53.047073 -7.174938220 4.0 33.0
20.759132 53.047073 -7.174938221 3.0 34.0
22.425488 54.02134 -7.174938221 3.0 34.0
22.425488 54.02134 -7.174938222 0.0 35.0
23.257355 55.695637 -7.6552167222 0.0 35.0
23.257355 55.695637 -7.6552167223 0.0 36.0
24.21791 57.369934 -7.6552167223 0.0 36.0
22.425488 54.02134 -7.174938224 0.0 35.0
24.097094 54.03718 -8.14004224 0.0 35.0
24.097094 54.03718 -8.14004225 0.0 36.0
26.027298 54.053024 -8.14004225 0.0 36.0
22.425488 54.02134 -7.174938226 2.0 35.0
24.091843 54.995605 -7.174938226 2.0 35.0
24.091843 54.995605 -7.174938227 1.0 36.0
25.758198 55.96987 -7.174938227 1.0 36.0
25.758198 55.96987 -7.174938228 0.0 37.0
27.424553 56.944138 -7.174938228 0.0 37.0
27.424553 56.944138 -7.174938229 0.0 38.0
29.090908 57.918404 -7.174938229 0.0 38.0
6.654934 44.27868 -3.842228230 20.0 25.0
7.615491 45.952976 -3.842228230 20.0 25.0
7.615491 45.952976 -3.842228231 19.0 26.0
8.576048 47.627274 -3.842228231 19.0 26.0
8.576048 47.627274 -3.842228232 18.0 27.0
9.536605 49.30157 -3.842228232 18.0 27.0
9.536605 49.30157 -3.842228233 17.0 28.0
10.497162 50.97587 -3.842228233 17.0 28.0
10.497162 50.97587 -3.842228234 16.0 29.0
11.457719 52.650166 -3.842228234 16.0 29.0
11.457719 52.650166 -3.842228235 15.0 30.0
12.418276 54.324463 -3.842228235 15.0 30.0
12.418276 54.324463 -3.842228236 14.0 31.0
13.378833 55.99876 -3.842228236 14.0 31.0
13.378833 55.99876 -3.842228237 13.0 32.0
14.33939 57.673058 -3.842228237 13.0 32.0
14.33939 57.673058 -3.842228238 12.0 33.0
15.299947 59.347355 -3.842228238 12.0 33.0
15.299947 59.347355 -3.842228239 11.0 34.0
16.260504 61.021652 -3.842228239 11.0 34.0
16.260504 61.021652 -3.842228240 10.0 35.0
17.221062 62.69595 -3.842228240 10.0 35.0
17.221062 62.69595 -3.842228241 9.0 36.0
18.181618 64.37025 -3.842228241 9.0 36.0
18.181618 64.37025 -3.842228242 4.0 37.0
18.181618 66.300514 -3.842228242 4.0 37.0
18.181618 66.300514 -3.842228243 3.0 38.0
18.181618 68.23078 -3.842228243 3.0 38.0
18.181618 68.23078 -3.842228244 0.0 39.0
17.34975 69.905075 -3.3619494244 0.0 39.0
17.34975 69.905075 -3.3619494245 0.0 40.0
16.389194 71.57937 -3.3619494245 0.0 40.0
18.181618 68.23078 -3.842228246 0.0 39.0
19.013485 69.905075 -4.3225064246 0.0 39.0
19.013485 69.905075 -4.3225064247 0.0 40.0
19.974041 71.57937 -4.3225064247 0.0 40.0
18.181618 68.23078 -3.842228248 2.0 39.0
18.181618 70.16105 -3.842228248 2.0 39.0
18.181618 70.16105 -3.842228249 1.0 40.0
18.181618 72.09132 -3.842228249 1.0 40.0
18.181618 72.09132 -3.842228250 0.0 41.0
18.181618 74.02158 -3.842228250 0.0 41.0
18.181618 74.02158 -3.842228251 0.0 42.0
18.181618 75.95185 -3.842228251 0.0 42.0
18.181618 64.37025 -3.842228252 4.0 37.0
19.624723 65.34451 -4.6754055252 4.0 37.0
19.624723 65.34451 -4.6754055253 3.0 38.0
21.06783 66.31878 -5.508583253 3.0 38.0
21.06783 66.31878 -5.508583254 0.0 39.0
21.899696 67.99307 -5.9888616254 0.0 39.0
21.899696 67.99307 -5.9888616255 0.0 40.0
22.860252 69.667366 -5.9888616255 0.0 40.0
21.06783 66.31878 -5.508583256 0.0 39.0
22.739435 66.334625 -6.473685256 0.0 39.0
22.739435 66.334625 -6.473685257 0.0 40.0
24.66964 66.35047 -6.473685257 0.0 40.0
21.06783 66.31878 -5.508583258 2.0 39.0
22.734184 67.293045 -5.508583258 2.0 39.0
22.734184 67.293045 -5.508583259 1.0 40.0
24.40054 68.26731 -5.508583259 1.0 40.0
24.40054 68.26731 -5.508583260 0.0 41.0
26.066895 69.24158 -5.508583260 0.0 41.0
26.066895 69.24158 -5.508583261 0.0 42.0
27.73325 70.21584 -5.508583261 0.0 42.0
18.181618 64.37025 -3.842228262 8.0 37.0
19.142174 66.04454 -3.842228262 8.0 37.0
19.142174 66.04454 -3.842228263 7.0 38.0
20.10273 67.718834 -3.842228263 7.0 38.0
20.10273 67.718834 -3.842228264 6.0 39.0
21.063286 69.39313 -3.842228264 6.0 39.0
21.063286 69.39313 -3.842228265 5.0 40.0
22.023842 71.06742 -3.842228265 5.0 40.0
22.023842 71.06742 -3.842228266 4.0 41.0
22.984398 72.741714 -3.842228266 4.0 41.0
22.984398 72.741714 -3.842228267 3.0 42.0
23.944954 74.41601 -3.842228267 3.0 42.0
23.944954 74.41601 -3.842228268 0.0 43.0
23.944954 76.346275 -3.842228268 0.0 43.0
23.944954 76.346275 -3.842228269 0.0 44.0
23.944954 78.27654 -3.842228269 0.0 44.0
23.944954 74.41601 -3.842228270 0.0 43.0
25.38806 75.390274 -4.6754055270 0.0 43.0
25.38806 75.390274 -4.6754055271 0.0 44.0
27.054415 76.36454 -4.6754055271 0.0 44.0
23.944954 74.41601 -3.842228272 2.0 43.0
24.90551 76.0903 -3.842228272 2.0 43.0
24.90551 76.0903 -3.842228273 1.0 44.0
25.866066 77.764595 -3.842228273 1.0 44.0
25.866066 77.764595 -3.842228274 0.0 45.0
26.826622 79.43889 -3.842228274 0.0 45.0
26.826622 79.43889 -3.842228275 0.0 46.0
27.787178 81.11318 -3.842228275 0.0 46.0
0.0 30.884302 0.0276 44.0 17.0
0.0 32.81457 0.0276 44.0 17.0
0.0 32.81457 0.0277 43.0 18.0
0.0 34.74484 0.0277 43.0 18.0
0.0 34.74484 0.0278 42.0 19.0
0.0 36.675106 0.0278 42.0 19.0
0.0 36.675106 0.0279 41.0 20.0
0.0 38.605373 0.0279 41.0 20.0
0.0 38.605373 0.0280 40.0 21.0
0.0 40.53564 0.0280 40.0 21.0
0.0 40.53564 0.0281 39.0 22.0
0.0 42.465908 0.0281 39.0 22.0
0.0 42.465908 0.0282 38.0 23.0
0.0 44.396175 0.0282 38.0 23.0
0.0 44.396175 0.0283 37.0 24.0
0.0 46.326443 0.0283 37.0 24.0
0.0 46.326443 0.0284 36.0 25.0
0.0 48.25671 0.0284 36.0 25.0
0.0 48.25671 0.0285 35.0 26.0
0.0 50.186977 0.0285 35.0 26.0
0.0 50.186977 0.0286 34.0 27.0
0.0 52.117245 0.0286 34.0 27.0
0.0 52.117245 0.0287 33.0 28.0
0.0 54.047512 0.0287 33.0 28.0
0.0 54.047512 0.0288 32.0 29.0
0.0 55.97778 0.0288 32.0 29.0
0.0 55.97778 0.0289 31.0 30.0
0.0 57.908047 0.0289 31.0 30.0
0.0 57.908047 0.0290 30.0 31.0
0.0 59.838314 0.0290 30.0 31.0
0.0 59.838314 0.0291 29.0 32.0
0.0 61.76858 0.0291 29.0 32.0
0.0 61.76858 0.0292 28.0 33.0
0.0 63.69885 0.0292 28.0 33.0
0.0 63.69885 0.0293 27.0 34.0
0.0 65.62912 0.0293 27.0 34.0
0.0 65.62912 0.0294 26.0 35.0
0.0 67.55939 0.0294 26.0 35.0
0.0 67.55939 0.0295 25.0 36.0
0.0 69.489655 0.0295 25.0 36.0
0.0 69.489655 0.0296 24.0 37.0
0.0 71.41992 0.0296 24.0 37.0
0.0 71.41992 0.0297 23.0 38.0
0.0 73.35019 0.0297 23.0 38.0
0.0 73.35019 0.0298 22.0 39.0
0.0 75.28046 0.0298 22.0 39.0
0.0 75.28046 0.0299 21.0 40.0
0.0 77.210724 0.0299 21.0 40.0
0.0 77.210724 0.0300 12.0 41.0
-0.83186674 78.88502 0.4802785300 12.0 41.0
-0.83186674 78.88502 0.4802785301 11.0 42.0
-1.6637335 80.55931 0.960557301 11.0 42.0
-1.6637335 80.55931 0.960557302 10.0 43.0
-2.4956002 82.233604 1.4408355302 10.0 43.0
-2.4956002 82.233604 1.4408355303 9.0 44.0
-3.327467 83.9079 1.921114303 9.0 44.0
-3.327467 83.9079 1.921114304 4.0 45.0
-4.770573 84.882164 2.7542915304 4.0 45.0
-4.770573 84.882164 2.7542915305 3.0 46.0
-6.2136793 85.85643 3.587469305 3.0 46.0
-6.2136793 85.85643 3.587469306 0.0 47.0
-7.8852844 85.87228 4.552571306 0.0 47.0
-7.8852844 85.87228 4.552571307 0.0 48.0
-9.815488 85.88812 4.552571307 0.0 48.0
-6.2136793 85.85643 3.587469308 0.0 47.0
-7.045546 87.53072 4.0677476308 0.0 47.0
-7.045546 87.53072 4.0677476309 0.0 48.0
-8.0061035 89.20502 4.0677476309 0.0 48.0
-6.2136793 85.85643 3.587469310 2.0 47.0
-7.8800344 86.830696 3.587469310 2.0 47.0
-7.8800344 86.830696 3.587469311 1.0 48.0
-9.54639 87.80496 3.587469311 1.0 48.0
-9.54639 87.80496 3.587469312 0.0 49.0
-11.212745 88.77923 3.587469312 0.0 49.0
-11.212745 88.77923 3.587469313 0.0 50.0
-12.8791 89.753494 3.587469313 0.0 50.0
-3.327467 83.9079 1.921114314 4.0 45.0
-3.327467 85.838165 1.921114314 4.0 45.0
-3.327467 85.838165 1.921114315 3.0 46.0
-3.327467 87.76843 1.921114315 3.0 46.0
-3.327467 87.76843 1.921114316 0.0 47.0
-4.1593337 89.442726 2.4013925316 0.0 47.0
-4.1593337 89.442726 2.4013925317 0.0 48.0
-5.1198907 91.11702 2.4013925317 0.0 48.0
-3.327467 87.76843 1.921114318 0.0 47.0
-2.4956002 89.442726 1.4408355318 0.0 47.0
-2.4956002 89.442726 1.4408355319 0.0 48.0
-1.5350432 91.11702 1.4408355319 0.0 48.0
-3.327467 87.76843 1.921114320 2.0 47.0
-3.327467 89.6987 1.921114320 2.0 47.0
-3.327467 89.6987 1.921114321 1.0 48.0
-3.327467 91.62897 1.921114321 1.0 48.0
-3.327467 91.62897 1.921114322 0.0 49.0
-3.327467 93.559235 1.921114322 0.0 49.0
-3.327467 93.559235 1.921114323 0.0 50.0
-3.327467 95.4895 1.921114323 0.0 50.0
-3.327467 83.9079 1.921114324 8.0 45.0
-4.288024 85.58219 1.921114324 8.0 45.0
-4.288024 85.58219 1.921114325 7.0 46.0
-5.248581 87.256485 1.921114325 7.0 46.0
-5.248581 87.256485 1.921114326 6.0 47.0
-6.209138 88.93078 1.921114326 6.0 47.0
-6.209138 88.93078 1.921114327 5.0 48.0
-7.169695 90.60507 1.921114327 5.0 48.0
-7.169695 90.60507 1.921114328 4.0 49.0
-8.130252 92.279366 1.921114328 4.0 49.0
-8.130252 92.279366 1.921114329 3.0 50.0
-9.090809 93.95366 1.921114329 3.0 50.0
-9.090809 93.95366 1.921114330 0.0 51.0
-10.533915 94.927925 2.7542915330 0.0 51.0
-10.533915 94.927925 2.7542915331 0.0 52.0
-12.20027 95.90219 2.7542915331 0.0 52.0
-9.090809 93.95366 1.921114332 0.0 51.0
-9.090809 95.88393 1.921114332 0.0 51.0
-9.090809 95.88393 1.921114333 0.0 52.0
-9.090809 97.81419 1.921114333 0.0 52.0
-9.090809 93.95366 1.921114334 2.0 51.0
-10.051366 95.62795 1.921114334 2.0 51.0
-10.051366 95.62795 1.921114335 1.0 52.0
-11.011923 97.302246 1.921114335 1.0 52.0
-11.011923 97.302246 1.921114336 0.0 53.0
-11.97248 98.97654 1.921114336 0.0 53.0
-11.97248 98.97654 1.921114337 0.0 54.0
-12.933037 100.65083 1.921114337 0.0 54.0
0.0 77.210724 0.0338 12.0 41.0
0.83186674 78.88502 -0.4802785338 12.0 41.0
0.83186674 78.88502 -0.4802785339 11.0 42.0
1.6637335 80.55931 -0.960557339 11.0 42.0
1.6637335 80.55931 -0.960557340 10.0 43.0
2.4956002 82.233604 -1.4408355340 10.0 43.0
2.4956002 82.233604 -1.4408355341 9.0 44.0
3.327467 83.9079 -1.921114341 9.0 44.0
3.327467 83.9079 -1.921114342 4.0 45.0
3.327467 85.838165 -1.921114342 4.0 45.0
3.327467 85.838165 -1.921114343 3.0 46.0
3.327467 87.76843 -1.921114343 3.0 46.0
3.327467 87.76843 -1.921114344 0.0 47.0
2.4956002 89.442726 -1.4408355344 0.0 47.0
2.4956002 89.442726 -1.4408355345 0.0 48.0
1.5350432 91.11702 -1.4408355345 0.0 48.0
3.327467 87.76843 -1.921114346 0.0 47.0
4.1593337 89.442726 -2.4013925346 0.0 47.0
4.1593337 89.442726 -2.4013925347 0.0 48.0
5.1198907 91.11702 -2.4013925347 0.0 48.0
3.327467 87.76843 -1.921114348 2.0 47.0
3.327467 89.6987 -1.921114348 2.0 47.0
3.327467 89.6987 -1.921114349 1.0 48.0
3.327467 91.62897 -1.921114349 1.0 48.0
3.327467 91.62897 -1.921114350 0.0 49.0
3.327467 93.559235 -1.921114350 0.0 49.0
3.327467 93.559235 -1.921114351 0.0 50.0
3.327467 95.4895 -1.921114351 0.0 50.0
3.327467 83.9079 -1.921114352 4.0 45.0
4.770573 84.882164 -2.7542915352 4.0 45.0
4.770573 84.882164 -2.7542915353 3.0 46.0
6.2136793 85.85643 -3.587469353 3.0 46.0
6.2136793 85.85643 -3.587469354 0.0 47.0
7.045546 87.53072 -4.0677476354 0.0 47.0
7.045546 87.53072 -4.0677476355 0.0 48.0
8.0061035 89.20502 -4.0677476355 0.0 48.0
6.2136793 85.85643 -3.587469356 0.0 47.0
7.8852844 85.87228 -4.552571356 0.0 47.0
7.8852844 85.87228 -4.552571357 0.0 48.0
9.815488 85.88812 -4.552571357 0.0 48.0
6.2136793 85.85643 -3.587469358 2.0 47.0
7.8800344 86.830696 -3.587469358 2.0 47.0
7.8800344 86.830696 -3.587469359 1.0 48.0
9.54639 87.80496 -3.587469359 1.0 48.0
9.54639 87.80496 -3.587469360 0.0 49.0
11.212745 88.77923 -3.587469360 0.0 49.0
11.212745 88.77923 -3.587469361 0.0 50.0
12.8791 89.753494 -3.587469361 0.0 50.0
3.327467 83.9079 -1.921114362 8.0 45.0
4.288024 85.58219 -1.921114362 8.0 45.0
4.288024 85.58219 -1.921114363 7.0 46.0
5.248581 87.256485 -1.921114363 7.0 46.0
5.248581 87.256485 -1.921114364 6.0 47.0
6.209138 88.93078 -1.921114364 6.0 47.0
6.209138 88.93078 -1.921114365 5.0 48.0
7.169695 90.60507 -1.921114365 5.0 48.0
7.169695 90.60507 -1.921114366 4.0 49.0
8.130252 92.279366 -1.921114366 4.0 49.0
8.130252 92.279366 -1.921114367 3.0 50.0
9.090809 93.95366 -1.921114367 3.0 50.0
9.090809 93.95366 -1.921114368 0.0 51.0
9.090809 95.88393 -1.921114368 0.0 51.0
9.090809 95.88393 -1.921114369 0.0 52.0
9.090809 97.81419 -1.921114369 0.0 52.0
9.090809 93.95366 -1.921114370 0.0 51.0
10.533915 94.927925 -2.7542915370 0.0 51.0
10.533915 94.927925 -2.7542915371 0.0 52.0
12.20027 95.90219 -2.7542915371 0.0 52.0
9.090809 93.95366 -1.921114372 2.0 51.0
10.051366 95.62795 -1.921114372 2.0 51.0
10.051366 95.62795 -1.921114373 1.0 52.0
11.011923 97.302246 -1.921114373 1.0 52.0
11.011923 97.302246 -1.921114374 0.0 53.0
11.97248 98.97654 -1.921114374 0.0 53.0
11.97248 98.97654 -1.921114375 0.0 54.0
12.933037 100.65083 -1.921114375 0.0 54.0
0.0 77.210724 0.0376 20.0 41.0
0.0 79.14099 0.0376 20.0 41.0
0.0 79.14099 0.0377 19.0 42.0
0.0 81.07126 0.0377 19.0 42.0
0.0 81.07126 0.0378 18.0 43.0
0.0 83.001526 0.0378 18.0 43.0
0.0 83.001526 0.0379 17.0 44.0
0.0 84.93179 0.0379 17.0 44.0
0.0 84.93179 0.0380 16.0 45.0
0.0 86.86206 0.0380 16.0 45.0
0.0 86.86206 0.0381 15.0 46.0
0.0 88.79233 0.0381 15.0 46.0
0.0 88.79233 0.0382 14.0 47.0
0.0 90.722595 0.0382 14.0 47.0
0.0 90.722595 0.0383 13.0 48.0
0.0 92.65286 0.0383 13.0 48.0
0.0 92.65286 0.0384 12.0 49.0
0.0 94.58313 0.0384 12.0 49.0
0.0 94.58313 0.0385 11.0 50.0
0.0 96.5134 0.0385 11.0 50.0
0.0 96.5134 0.0386 10.0 51.0
0.0 98.443665 0.0386 10.0 51.0
0.0 98.443665 0.0387 9.0 52.0
0.0 100.37393 0.0387 9.0 52.0
0.0 100.37393 0.0388 4.0 53.0
-0.83186674 102.048225 0.4802785388 4.0 53.0
-0.83186674 102.048225 0.4802785389 3.0 54.0
-1.6637335 103.72252 0.960557389 3.0 54.0
-1.6637335 103.72252 0.960557390 0.0 55.0
-3.1068397 104.696785 1.7937347390 0.0 55.0
-3.1068397 104.696785 1.7937347391 0.0 56.0
-4.7731953 105.67105 1.7937347391 0.0 56.0
-1.6637335 103.72252 0.960557392 0.0 55.0
-1.6637335 105.65279 0.960557392 0.0 55.0
-1.6637335 105.65279 0.960557393 0.0 56.0
-1.6637335 107.58305 0.960557393 0.0 56.0
-1.6637335 103.72252 0.960557394 2.0 55.0
-2.6242905 105.39681 0.960557394 2.0 55.0
-2.6242905 105.39681 0.960557395 1.0 56.0
-3.5848475 107.071106 0.960557395 1.0 56.0
-3.5848475 107.071106 0.960557396 0.0 57.0
-4.5454044 108.7454 0.960557396 0.0 57.0
-4.5454044 108.7454 0.960557397 0.0 58.0
-5.5059614 110.41969 0.960557397 0.0 58.0
0.0 100.37393 0.0398 4.0 53.0
0.83186674 102.048225 -0.4802785398 4.0 53.0
0.83186674 102.048225 -0.4802785399 3.0 54.0
1.6637335 103.72252 -0.960557399 3.0 54.0
1.6637335 103.72252 -0.960557400 0.0 55.0
1.6637335 105.65279 -0.960557400 0.0 55.0
1.6637335 105.65279 -0.960557401 0.0 56.0
1.6637335 107.58305 -0.960557401 0.0 56.0
1.6637335 103.72252 -0.960557402 0.0 55.0
3.1068397 104.696785 -1.7937347402 0.0 55.0
3.1068397 104.696785 -1.7937347403 0.0 56.0
4.7731953 105.67105 -1.7937347403 0.0 56.0
1.6637335 103.72252 -0.960557404 2.0 55.0
2.6242905 105.39681 -0.960557404 2.0 55.0
2.6242905 105.39681 -0.960557405 1.0 56.0
3.5848475 107.071106 -0.960557405 1.0 56.0
3.5848475 107.071106 -0.960557406 0.0 57.0
4.5454044 108.7454 -0.960557406 0.0 57.0
4.5454044 108.7454 -0.960557407 0.0 58.0
5.5059614 110.41969 -0.960557407 0.0 58.0
0.0 100.37393 0.0408 8.0 53.0
0.0 102.3042 0.0408 8.0 53.0
0.0 102.3042 0.0409 7.0 54.0
0.0 104.23447 0.0409 7.0 54.0
0.0 104.23447 0.0410 6.0 55.0
0.0 106.164734 0.0410 6.0 55.0
0.0 106.164734 0.0411 5.0 56.0
0.0 108.095 0.0411 5.0 56.0
0.0 108.095 0.0412 4.0 57.0
0.0 110.02527 0.0412 4.0 57.0
0.0 110.02527 0.0413 3.0 58.0
0.0 111.955536 0.0413 3.0 58.0
0.0 111.955536 0.0414 0.0 59.0
-0.83186674 113.62983 0.4802785414 0.0 59.0
-0.83186674 113.62983 0.4802785415 0.0 60.0
-1.7924237 115.30412 0.4802785415 0.0 60.0
0.0 111.955536 0.0416 0.0 59.0
0.83186674 113.62983 -0.4802785416 0.0 59.0
0.83186674 113.62983 -0.4802785417 0.0 60.0
1.7924237 115.30412 -0.4802785417 0.0 60.0
0.0 111.955536 0.0418 2.0 59.0
0.0 113.8858 0.0418 2.0 59.0
0.0 113.8858 0.0419 1.0 60.0
0.0 115.81607 0.0419 1.0 60.0
0.0 115.81607 0.0420 0.0 61.0
0.0 117.74634 0.0420 0.0 61.0
0.0 117.74634 0.0421 0.0 62.0
0.0 119.676605 0.0421 0.0 62.0
