0.0 0.0 0.00 27.0 1.0
0.0 4.11259 0.00 27.0 1.0
0.0 4.11259 0.01 26.0 2.0
0.0 8.22518 0.01 26.0 2.0
0.0 8.22518 0.02 1.0 3.0
0.0 12.3377695 0.02 1.0 3.0
0.0 12.3377695 0.03 0.0 4.0
-1.9170887 15.803761 1.10683173 0.0 4.0
-1.9170887 15.803761 1.10683174 0.0 5.0
-5.14844 17.533276 2.9724534 0.0 5.0
0.0 8.22518 0.05 1.0 3.0
-3.5295193 7.6743746 2.03776885 1.0 3.0
-3.5295193 7.6743746 2.03776886 0.0 4.0
-6.7608705 9.403889 3.90339046 0.0 4.0
-6.7608705 9.403889 3.90339047 0.0 5.0
-8.677959 12.869879 5.0102227 0.0 5.0
0.0 8.22518 0.08 25.0 3.0
-3.731243 9.954695 0.08 25.0 3.0
-3.731243 9.954695 0.09 24.0 4.0
-7.462486 11.68421 0.09 24.0 4.0
-7.462486 11.68421 0.010 1.0 5.0
-10.693837 13.413725 1.865621410 1.0 5.0
-10.693837 13.413725 1.865621411 0.0 6.0
-14.223356 12.86292 3.903390411 0.0 6.0
-14.223356 12.86292 3.903390412 0.0 7.0
-16.94119 10.204995 5.472532712 0.0 7.0
-7.462486 11.68421 0.013 1.0 5.0
-8.514016 7.7549467 0.6071012613 1.0 5.0
-8.514016 7.7549467 0.6071012614 0.0 6.0
-11.231851 5.097022 2.176243814 0.0 6.0
-11.231851 5.097022 2.176243815 0.0 7.0
-14.76137 4.546217 4.214012615 0.0 7.0
-7.462486 11.68421 0.016 7.0 5.0
-10.693837 13.413725 1.865621416 7.0 5.0
-10.693837 13.413725 1.865621417 6.0 6.0
-13.925188 15.14324 3.73124317 6.0 6.0
-13.925188 15.14324 3.73124318 1.0 7.0
-17.15654 16.872755 5.59686418 1.0 7.0
-17.15654 16.872755 5.59686419 0.0 8.0
-20.68606 16.32195 7.63463319 0.0 8.0
-20.68606 16.32195 7.63463320 0.0 9.0
-23.403894 13.664026 9.20377520 0.0 9.0
-13.925188 15.14324 3.73124321 1.0 7.0
-14.976718 11.213977 4.33834421 1.0 7.0
-14.976718 11.213977 4.33834422 0.0 8.0
-17.694553 8.556052 5.907486422 0.0 8.0
-17.694553 8.556052 5.907486423 0.0 9.0
-21.224073 8.005247 7.945255323 0.0 9.0
-13.925188 15.14324 3.73124324 5.0 7.0
-15.139391 11.213977 3.73124324 5.0 7.0
-15.139391 11.213977 3.73124325 4.0 8.0
-16.353594 7.2847137 3.73124325 4.0 8.0
-16.353594 7.2847137 3.73124326 1.0 9.0
-17.405125 3.3554509 4.33834426 1.0 9.0
-17.405125 3.3554509 4.33834427 0.0 10.0
-16.459698 -0.6095989 3.79250227 0.0 10.0
-16.459698 -0.6095989 3.79250228 0.0 11.0
-13.814603 -3.3636312 2.265355828 0.0 11.0
-16.353594 7.2847137 3.73124329 1.0 9.0
-12.840577 6.607701 1.703001729 1.0 9.0
-12.840577 6.607701 1.703001730 0.0 10.0
-10.195482 3.8536685 0.1758556430 0.0 10.0
-10.195482 3.8536685 0.1758556431 0.0 11.0
-9.250056 -0.11138129 -0.3699864131 0.0 11.0
-16.353594 7.2847137 3.73124332 3.0 9.0
-12.2971115 6.607701 3.73124332 3.0 9.0
-12.2971115 6.607701 3.73124333 2.0 10.0
-8.240629 5.930688 3.73124333 2.0 10.0
-8.240629 5.930688 3.73124334 1.0 11.0
-4.7276125 5.253675 1.703001734 1.0 11.0
-4.7276125 5.253675 1.703001735 0.0 12.0
-1.4513371 6.866567 -0.1885567935 0.0 12.0
-1.4513371 6.866567 -0.1885567936 0.0 13.0
0.5579767 10.262193 -1.348634636 0.0 13.0
-8.240629 5.930688 3.73124337 1.0 11.0
-8.130103 10.041297 3.667430637 1.0 11.0
-8.130103 10.041297 3.667430638 0.0 12.0
-6.1207895 13.436922 2.507352838 0.0 12.0
-6.1207895 13.436922 2.507352839 0.0 13.0
-2.8445141 15.049814 0.615794339 0.0 13.0
-7.462486 11.68421 0.040 7.0 5.0
-8.514016 7.7549467 0.6071012640 7.0 5.0
-8.514016 7.7549467 0.6071012641 6.0 6.0
-9.565546 3.8256838 1.214202541 6.0 6.0
-9.565546 3.8256838 1.214202542 1.0 7.0
-10.617076 -0.103579044 1.821303842 1.0 7.0
-10.617076 -0.103579044 1.821303843 0.0 8.0
-9.67165 -4.068629 1.275461843 0.0 8.0
-9.67165 -4.068629 1.275461844 0.0 9.0
-7.026555 -6.8226614 -0.251684344 0.0 9.0
-9.565546 3.8256838 1.214202545 1.0 7.0
-6.0525293 3.148671 -0.8140386345 1.0 7.0
-6.0525293 3.148671 -0.8140386346 0.0 8.0
-3.4074347 0.39463854 -2.341184646 0.0 8.0
-3.4074347 0.39463854 -2.341184647 0.0 9.0
-2.4620085 -3.5704112 -2.887026847 0.0 9.0
-9.565546 3.8256838 1.214202548 5.0 7.0
-8.473862 -0.13936591 1.214202548 5.0 7.0
-8.473862 -0.13936591 1.214202549 4.0 8.0
-7.3821774 -4.104416 1.214202549 4.0 8.0
-7.3821774 -4.104416 1.214202550 1.0 9.0
-6.4367514 -8.069466 0.668360550 1.0 9.0
-6.4367514 -8.069466 0.668360551 0.0 10.0
-3.7916567 -10.823498 -0.858785651 0.0 10.0
-3.7916567 -10.823498 -0.858785652 0.0 11.0
-0.27864003 -11.500511 -2.887026852 0.0 11.0
-7.3821774 -4.104416 1.214202553 1.0 9.0
-4.1059017 -2.4915237 -0.67735653 1.0 9.0
-4.1059017 -2.4915237 -0.67735654 0.0 10.0
-0.592885 -3.1685367 -2.705597254 0.0 10.0
-0.592885 -3.1685367 -2.705597255 0.0 11.0
2.0522096 -5.9225693 -4.232743355 0.0 11.0
-7.3821774 -4.104416 1.214202556 3.0 9.0
-4.327885 -6.858448 1.214202556 3.0 9.0
-4.327885 -6.858448 1.214202557 2.0 10.0
-1.273593 -9.61248 1.214202557 2.0 10.0
-1.273593 -9.61248 1.214202558 1.0 11.0
1.3715017 -12.366512 -0.3129435858 1.0 11.0
1.3715017 -12.366512 -0.3129435859 0.0 12.0
4.8845186 -13.043526 -2.341184659 0.0 12.0
4.8845186 -13.043526 -2.341184660 0.0 13.0
8.160794 -11.430634 -4.232743360 0.0 13.0
-1.273593 -9.61248 1.214202561 1.0 11.0
0.7357209 -6.2168546 0.05412471361 1.0 11.0
0.7357209 -6.2168546 0.05412471362 0.0 12.0
4.0119963 -4.6039624 -1.837433862 0.0 12.0
4.0119963 -4.6039624 -1.837433863 0.0 13.0
7.525013 -5.2809753 -3.86567563 0.0 13.0
-7.462486 11.68421 0.064 23.0 5.0
-10.600771 9.026285 0.064 23.0 5.0
-10.600771 9.026285 0.065 22.0 6.0
-13.739056 6.3683605 0.065 22.0 6.0
-13.739056 6.3683605 0.066 1.0 7.0
-16.45689 3.7104359 1.569142566 1.0 7.0
-16.45689 3.7104359 1.569142567 0.0 8.0
-17.50842 -0.21882701 2.176243867 0.0 8.0
-17.50842 -0.21882701 2.176243868 0.0 9.0
-16.562994 -4.183877 1.630401768 0.0 9.0
-13.739056 6.3683605 0.069 1.0 7.0
-11.093961 3.6143281 -1.527146169 1.0 7.0
-11.093961 3.6143281 -1.527146170 0.0 8.0
-10.148535 -0.3507216 -2.07298870 0.0 8.0
-10.148535 -0.3507216 -2.07298871 0.0 9.0
-11.200065 -4.2799845 -1.465886871 0.0 9.0
-13.739056 6.3683605 0.072 21.0 7.0
-12.647371 2.4033108 0.072 21.0 7.0
-12.647371 2.4033108 0.073 20.0 8.0
-11.555687 -1.561739 0.073 20.0 8.0
-11.555687 -1.561739 0.074 1.0 9.0
-10.610261 -5.5267887 -0.5458420574 1.0 9.0
-10.610261 -5.5267887 -0.5458420575 0.0 10.0
-7.965166 -8.280821 -2.07298875 0.0 10.0
-7.965166 -8.280821 -2.07298876 0.0 11.0
-4.4521494 -8.957834 -4.10122976 0.0 11.0
-11.555687 -1.561739 0.077 1.0 9.0
-8.279411 0.051153183 -1.891558577 1.0 9.0
-8.279411 0.051153183 -1.891558578 0.0 10.0
-4.7663946 -0.6258598 -3.919799878 0.0 10.0
-4.7663946 -0.6258598 -3.919799879 0.0 11.0
-2.1213 -3.379892 -5.44694679 0.0 11.0
-11.555687 -1.561739 0.080 7.0 9.0
-10.610261 -5.5267887 -0.5458420580 7.0 9.0
-10.610261 -5.5267887 -0.5458420581 6.0 10.0
-9.664835 -9.491838 -1.091684181 6.0 10.0
-9.664835 -9.491838 -1.091684182 1.0 11.0
-8.719409 -13.456888 -1.637526282 1.0 11.0
-8.719409 -13.456888 -1.637526283 0.0 12.0
-6.074314 -16.21092 -3.164672483 0.0 12.0
-6.074314 -16.21092 -3.164672484 0.0 13.0
-2.5612974 -16.887934 -5.192913584 0.0 13.0
-9.664835 -9.491838 -1.091684185 1.0 11.0
-6.3885593 -7.8789463 -2.983242585 1.0 11.0
-6.3885593 -7.8789463 -2.983242586 0.0 12.0
-2.8755426 -8.55596 -5.011483786 0.0 12.0
-2.8755426 -8.55596 -5.011483787 0.0 13.0
-0.23044801 -11.309992 -6.538629587 0.0 13.0
-9.664835 -9.491838 -1.091684188 5.0 11.0
-5.8817177 -7.8789463 -1.091684188 5.0 11.0
-5.8817177 -7.8789463 -1.091684189 4.0 12.0
-2.0986006 -6.266054 -1.091684189 4.0 12.0
-2.0986006 -6.266054 -1.091684190 1.0 13.0
1.1776748 -4.653162 -2.983242590 1.0 13.0
1.1776748 -4.653162 -2.983242591 0.0 14.0
3.1869886 -1.2575364 -4.1433291 0.0 14.0
3.1869886 -1.2575364 -4.1433292 0.0 15.0
3.2975147 2.8530726 -4.207132392 0.0 15.0
-2.0986006 -6.266054 -1.091684193 1.0 13.0
-3.921617 -2.733037 -0.0391651493 1.0 13.0
-3.921617 -2.733037 -0.0391651494 0.0 14.0
-3.811091 1.3775721 -0.1029774294 0.0 14.0
-3.811091 1.3775721 -0.1029774295 0.0 15.0
-1.8017771 4.7731977 -1.263055295 0.0 15.0
-2.0986006 -6.266054 -1.091684196 3.0 13.0
-4.2036386 -2.733037 -1.091684196 3.0 13.0
-4.2036386 -2.733037 -1.091684197 2.0 14.0
-6.3086767 0.79998016 -1.091684197 2.0 14.0
-6.3086767 0.79998016 -1.091684198 1.0 15.0
-8.131693 4.3329973 -0.0391651498 1.0 15.0
-8.131693 4.3329973 -0.0391651499 0.0 16.0
-11.315006 6.17747 1.798721999 0.0 16.0
-11.315006 6.17747 1.7987219100 0.0 17.0
-14.857629 5.7534065 3.8440561100 0.0 17.0
-6.3086767 0.79998016 -1.0916841101 1.0 15.0
-9.096635 -1.7592735 0.51794434101 1.0 15.0
-9.096635 -1.7592735 0.51794434102 0.0 16.0
-12.639257 -2.183337 2.5632784102 0.0 16.0
-12.639257 -2.183337 2.5632784103 0.0 17.0
-15.822571 -0.3388642 4.4011655103 0.0 17.0
-11.555687 -1.561739 0.0104 7.0 9.0
-8.279411 0.051153183 -1.8915585104 7.0 9.0
-8.279411 0.051153183 -1.8915585105 6.0 10.0
-5.0031357 1.6640453 -3.783117105 6.0 10.0
-5.0031357 1.6640453 -3.783117106 1.0 11.0
-1.7268603 3.2769375 -5.6746755106 1.0 11.0
-1.7268603 3.2769375 -5.6746755107 0.0 12.0
0.28245354 6.672563 -6.834753107 0.0 12.0
0.28245354 6.672563 -6.834753108 0.0 13.0
0.39297965 10.783173 -6.8985653108 0.0 13.0
-5.0031357 1.6640453 -3.783117109 1.0 11.0
-6.826152 5.1970625 -2.730598109 1.0 11.0
-6.826152 5.1970625 -2.730598110 0.0 12.0
-6.715626 9.307672 -2.7944102110 0.0 12.0
-6.715626 9.307672 -2.7944102111 0.0 13.0
-4.706312 12.703297 -3.954488111 0.0 13.0
-5.0031357 1.6640453 -3.783117112 5.0 11.0
-2.68298 5.059671 -3.783117112 5.0 11.0
-2.68298 5.059671 -3.783117113 4.0 12.0
-0.36282444 8.4552965 -3.783117113 4.0 12.0
-0.36282444 8.4552965 -3.783117114 1.0 13.0
1.6464894 11.850922 -4.943195114 1.0 13.0
1.6464894 11.850922 -4.943195115 0.0 14.0
1.7570155 15.961531 -5.007007115 0.0 14.0
1.7570155 15.961531 -5.007007116 0.0 15.0
-0.06600082 19.494549 -3.9544883116 0.0 15.0
-0.36282444 8.4552965 -3.783117117 1.0 13.0
-3.546138 10.299769 -1.94523117 1.0 13.0
-3.546138 10.299769 -1.94523118 0.0 14.0
-5.3691545 13.832787 -0.89271104118 0.0 14.0
-5.3691545 13.832787 -0.89271104119 0.0 15.0
-5.2586284 17.943396 -0.9565233119 0.0 15.0
-0.36282444 8.4552965 -3.783117120 3.0 13.0
-0.23519988 12.565906 -3.783117120 3.0 13.0
-0.23519988 12.565906 -3.783117121 2.0 14.0
-0.10757533 16.676514 -3.783117121 2.0 14.0
-0.10757533 16.676514 -3.783117122 1.0 15.0
0.00295078 20.787123 -3.8469293122 1.0 15.0
0.00295078 20.787123 -3.8469293123 0.0 16.0
-1.8200655 24.32014 -2.7944102123 0.0 16.0
-1.8200655 24.32014 -2.7944102124 0.0 17.0
-5.003379 26.164614 -0.9565232124 0.0 17.0
-0.10757533 16.676514 -3.783117125 1.0 15.0
-3.6501977 16.25245 -1.737783125 1.0 15.0
-3.6501977 16.25245 -1.737783126 0.0 16.0
-6.8335114 18.096924 0.10010409126 0.0 16.0
-6.8335114 18.096924 0.10010409127 0.0 17.0
-8.6565275 21.62994 1.152623127 0.0 17.0
-11.555687 -1.561739 0.0128 19.0 9.0
-8.04267 -2.238752 -2.0282412128 19.0 9.0
-8.04267 -2.238752 -2.0282412129 18.0 10.0
-4.5296535 -2.9157648 -4.0564823129 18.0 10.0
-4.5296535 -2.9157648 -4.0564823130 1.0 11.0
-1.0166368 -3.5927777 -6.0847235130 1.0 11.0
-1.0166368 -3.5927777 -6.0847235131 0.0 12.0
2.2596385 -1.9798856 -7.976282131 0.0 12.0
2.2596385 -1.9798856 -7.976282132 0.0 13.0
4.2689524 1.41574 -9.13636132 0.0 13.0
-4.5296535 -2.9157648 -4.0564823133 1.0 11.0
-4.4191275 1.1948442 -4.1202946133 1.0 11.0
-4.4191275 1.1948442 -4.1202946134 0.0 12.0
-2.4098136 4.59047 -5.2803726134 0.0 12.0
-2.4098136 4.59047 -5.2803726135 0.0 13.0
0.86646175 6.203362 -7.1719313135 0.0 13.0
-4.5296535 -2.9157648 -4.0564823136 17.0 11.0
-2.209498 0.47986078 -4.0564823136 17.0 11.0
-2.209498 0.47986078 -4.0564823137 16.0 12.0
0.11065769 3.8754864 -4.0564823137 16.0 12.0
0.11065769 3.8754864 -4.0564823138 1.0 13.0
2.1199715 7.271112 -5.2165604138 1.0 13.0
2.1199715 7.271112 -5.2165604139 0.0 14.0
2.2304976 11.3817215 -5.2803726139 0.0 14.0
2.2304976 11.3817215 -5.2803726140 0.0 15.0
0.4074813 14.914739 -4.227854140 0.0 15.0
0.11065769 3.8754864 -4.0564823141 1.0 13.0
-3.072656 5.7199593 -2.2185953141 1.0 13.0
-3.072656 5.7199593 -2.2185953142 0.0 14.0
-4.8956723 9.252976 -1.1660763142 0.0 14.0
-4.8956723 9.252976 -1.1660763143 0.0 15.0
-4.785146 13.363585 -1.2298886143 0.0 15.0
0.11065769 3.8754864 -4.0564823144 7.0 13.0
2.1199715 7.271112 -5.2165604144 7.0 13.0
2.1199715 7.271112 -5.2165604145 6.0 14.0
4.1292853 10.666738 -6.3766384145 6.0 14.0
4.1292853 10.666738 -6.3766384146 1.0 15.0
6.1385994 14.062363 -7.5367165146 1.0 15.0
6.1385994 14.062363 -7.5367165147 0.0 16.0
6.2491255 18.172972 -7.6005287147 0.0 16.0
6.2491255 18.172972 -7.6005287148 0.0 17.0
4.4261093 21.70599 -6.54801148 0.0 17.0
4.1292853 10.666738 -6.3766384149 1.0 15.0
0.9459717 12.51121 -4.5387516149 1.0 15.0
0.9459717 12.51121 -4.5387516150 0.0 16.0
-0.87704456 16.044228 -3.4862328150 0.0 16.0
-0.87704456 16.044228 -3.4862328151 0.0 17.0
-0.7665185 20.154837 -3.550045151 0.0 17.0
4.1292853 10.666738 -6.3766384152 5.0 15.0
0.45351124 12.51121 -6.3766384152 5.0 15.0
0.45351124 12.51121 -6.3766384153 4.0 16.0
-3.2222629 14.355683 -6.3766384153 4.0 16.0
-3.2222629 14.355683 -6.3766384154 1.0 17.0
-6.4055767 16.200155 -4.5387516154 1.0 17.0
-6.4055767 16.200155 -4.5387516155 0.0 18.0
-9.948199 15.776092 -2.4934175155 0.0 18.0
-9.948199 15.776092 -2.4934175156 0.0 19.0
-12.736157 13.216838 -0.88378906156 0.0 19.0
-3.2222629 14.355683 -6.3766384157 1.0 17.0
-4.3788857 10.465993 -5.708862157 1.0 17.0
-4.3788857 10.465993 -5.708862158 0.0 18.0
-7.1668444 7.906739 -4.0992336158 0.0 18.0
-7.1668444 7.906739 -4.0992336159 0.0 19.0
-10.709467 7.4826756 -2.0538995159 0.0 19.0
-3.2222629 14.355683 -6.3766384160 3.0 17.0
-4.557816 10.465993 -6.3766384160 3.0 17.0
-4.557816 10.465993 -6.3766384161 2.0 18.0
-5.893369 6.5763025 -6.3766384161 2.0 18.0
-5.893369 6.5763025 -6.3766384162 1.0 19.0
-7.049992 2.686612 -5.708862162 1.0 19.0
-7.049992 2.686612 -5.708862163 0.0 20.0
-6.2115803 -1.3104057 -6.192919163 0.0 20.0
-6.2115803 -1.3104057 -6.192919164 0.0 21.0
-3.641772 -4.1578913 -7.6765985164 0.0 21.0
-5.893369 6.5763025 -6.3766384165 1.0 19.0
-2.4002385 5.773738 -8.393398165 1.0 19.0
-2.4002385 5.773738 -8.393398166 0.0 20.0
0.16956973 2.9262521 -9.877078166 0.0 20.0
0.16956973 2.9262521 -9.877078167 0.0 21.0
1.0079813 -1.0707655 -10.3611355167 0.0 21.0
0.11065769 3.8754864 -4.0564823168 7.0 13.0
-3.072656 5.7199593 -2.2185953168 7.0 13.0
-3.072656 5.7199593 -2.2185953169 6.0 14.0
-6.2559695 7.564432 -0.38070822169 6.0 14.0
-6.2559695 7.564432 -0.38070822170 1.0 15.0
-9.439283 9.408905 1.4571788170 1.0 15.0
-9.439283 9.408905 1.4571788171 0.0 16.0
-12.981906 8.984841 3.502513171 0.0 16.0
-12.981906 8.984841 3.502513172 0.0 17.0
-15.769864 6.4255877 5.1121416172 0.0 17.0
-6.2559695 7.564432 -0.38070822173 1.0 15.0
-7.4125924 3.6747415 0.28706837173 1.0 15.0
-7.4125924 3.6747415 0.28706837174 0.0 16.0
-10.200551 1.1154878 1.8966968174 0.0 16.0
-10.200551 1.1154878 1.8966968175 0.0 17.0
-13.743174 0.69142437 3.942031175 0.0 17.0
-6.2559695 7.564432 -0.38070822176 5.0 15.0
-10.346638 7.1403685 -0.38070822176 5.0 15.0
-10.346638 7.1403685 -0.38070822177 4.0 16.0
-14.437305 6.716305 -0.38070822177 4.0 16.0
-14.437305 6.716305 -0.38070822178 1.0 17.0
-17.979927 6.292241 1.6646259178 1.0 17.0
-17.979927 6.292241 1.6646259179 0.0 18.0
-20.767885 3.7329874 3.2742543179 0.0 18.0
-20.767885 3.7329874 3.2742543180 0.0 19.0
-21.92451 -0.15670323 3.942031180 0.0 19.0
-14.437305 6.716305 -0.38070822181 1.0 17.0
-13.598894 2.7192872 -0.86476535181 1.0 17.0
-13.598894 2.7192872 -0.86476535182 0.0 18.0
-14.755517 -1.1704035 -0.19698876182 0.0 18.0
-14.755517 -1.1704035 -0.19698876183 0.0 19.0
-17.543476 -3.7296572 1.4126396183 0.0 19.0
-14.437305 6.716305 -0.38070822184 3.0 17.0
-17.656563 4.157051 -0.38070822184 3.0 17.0
-17.656563 4.157051 -0.38070822185 2.0 18.0
-20.87582 1.5977974 -0.38070822185 2.0 18.0
-20.87582 1.5977974 -0.38070822186 1.0 19.0
-23.663778 -0.9614563 1.2289202186 1.0 19.0
-23.663778 -0.9614563 1.2289202187 0.0 20.0
-24.820402 -4.8511467 1.8966968187 0.0 20.0
-24.820402 -4.8511467 1.8966968188 0.0 21.0
-23.98199 -8.848165 1.4126396188 0.0 21.0
-20.87582 1.5977974 -0.38070822189 1.0 19.0
-18.306011 -1.2496884 -1.8643878189 1.0 19.0
-18.306011 -1.2496884 -1.8643878190 0.0 20.0
-17.4676 -5.246706 -2.348445190 0.0 20.0
-17.4676 -5.246706 -2.348445191 0.0 21.0
-18.624224 -9.136396 -1.6806684191 0.0 21.0
0.11065769 3.8754864 -4.0564823192 15.0 13.0
-3.5651164 5.7199593 -4.0564823192 15.0 13.0
-3.5651164 5.7199593 -4.0564823193 14.0 14.0
-7.2408905 7.564432 -4.0564823193 14.0 14.0
-7.2408905 7.564432 -4.0564823194 1.0 15.0
-10.424204 9.408905 -2.2185953194 1.0 15.0
-10.424204 9.408905 -2.2185953195 0.0 16.0
-13.966826 8.984841 -0.17326117195 0.0 16.0
-13.966826 8.984841 -0.17326117196 0.0 17.0
-16.754786 6.4255877 1.4363673196 0.0 17.0
-7.2408905 7.564432 -4.0564823197 1.0 15.0
-8.397513 3.6747415 -3.3887057197 1.0 15.0
-8.397513 3.6747415 -3.3887057198 0.0 16.0
-11.185472 1.1154878 -1.7790773198 0.0 16.0
-11.185472 1.1154878 -1.7790773199 0.0 17.0
-14.728094 0.69142437 0.2662568199 0.0 17.0
-7.2408905 7.564432 -4.0564823200 13.0 15.0
-10.460148 5.0051785 -4.0564823200 13.0 15.0
-10.460148 5.0051785 -4.0564823201 12.0 16.0
-13.679405 2.4459248 -4.0564823201 12.0 16.0
-13.679405 2.4459248 -4.0564823202 1.0 17.0
-16.467363 -0.11332893 -2.4468539202 1.0 17.0
-16.467363 -0.11332893 -2.4468539203 0.0 18.0
-17.623987 -4.0030193 -1.7790773203 0.0 18.0
-17.623987 -4.0030193 -1.7790773204 0.0 19.0
-16.785576 -8.000037 -2.2631345204 0.0 19.0
-13.679405 2.4459248 -4.0564823205 1.0 17.0
-11.109597 -0.40156102 -5.540162205 1.0 17.0
-11.109597 -0.40156102 -5.540162206 0.0 18.0
-10.271186 -4.3985786 -6.024219206 0.0 18.0
-10.271186 -4.3985786 -6.024219207 0.0 19.0
-11.427809 -8.288269 -5.3564425207 0.0 19.0
-13.679405 2.4459248 -4.0564823208 7.0 17.0
-16.467363 -0.11332893 -2.4468539208 7.0 17.0
-16.467363 -0.11332893 -2.4468539209 6.0 18.0
-19.255322 -2.6725826 -0.83722544209 6.0 18.0
-19.255322 -2.6725826 -0.83722544210 1.0 19.0
-22.04328 -5.2318363 0.772403210 1.0 19.0
-22.04328 -5.2318363 0.772403211 0.0 20.0
-23.199903 -9.121527 1.4401796211 0.0 20.0
-23.199903 -9.121527 1.4401796212 0.0 21.0
-22.361492 -13.118545 0.95612246212 0.0 21.0
-19.255322 -2.6725826 -0.83722544213 1.0 19.0
-16.685513 -5.520068 -2.320905213 1.0 19.0
-16.685513 -5.520068 -2.320905214 0.0 20.0
-15.847101 -9.517086 -2.8049622214 0.0 20.0
-15.847101 -9.517086 -2.8049622215 0.0 21.0
-17.003725 -13.406776 -2.1371856215 0.0 21.0
-19.255322 -2.6725826 -0.83722544216 5.0 19.0
-16.287962 -5.520068 -0.83722544216 5.0 19.0
-16.287962 -5.520068 -0.83722544217 4.0 20.0
-13.320602 -8.367554 -0.83722544217 4.0 20.0
-13.320602 -8.367554 -0.83722544218 1.0 21.0
-10.750794 -11.215039 -2.320905218 1.0 21.0
-10.750794 -11.215039 -2.320905219 0.0 22.0
-7.2576637 -12.017604 -4.337665219 0.0 22.0
-7.2576637 -12.017604 -4.337665220 0.0 23.0
-3.9396222 -10.5228815 -6.2533374220 0.0 23.0
-13.320602 -8.367554 -0.83722544221 1.0 21.0
-11.221005 -5.0455585 -2.0494282221 1.0 21.0
-11.221005 -5.0455585 -2.0494282222 0.0 22.0
-7.9029636 -3.550836 -3.9651003222 0.0 22.0
-7.9029636 -3.550836 -3.9651003223 0.0 23.0
-4.409833 -4.3534007 -5.98186223 0.0 23.0
-13.320602 -8.367554 -0.83722544224 3.0 21.0
-10.896196 -5.0455585 -0.83722544224 3.0 21.0
-10.896196 -5.0455585 -0.83722544225 2.0 22.0
-8.47179 -1.7235632 -0.83722544225 2.0 22.0
-8.47179 -1.7235632 -0.83722544226 1.0 23.0
-6.3721933 1.5984321 -2.0494282226 1.0 23.0
-6.3721933 1.5984321 -2.0494282227 0.0 24.0
-6.1512575 5.7031016 -2.1769855227 0.0 24.0
-6.1512575 5.7031016 -2.1769855228 0.0 25.0
-7.878456 9.299735 -1.1797869228 0.0 25.0
-8.47179 -1.7235632 -0.83722544229 1.0 23.0
-11.604007 0.2340765 0.97116077229 1.0 23.0
-11.604007 0.2340765 0.97116077230 0.0 24.0
-13.331205 3.8307102 1.9683594230 0.0 24.0
-13.331205 3.8307102 1.9683594231 0.0 25.0
-13.11027 7.93538 1.8408022231 0.0 25.0
-13.679405 2.4459248 -4.0564823232 7.0 17.0
-11.109597 -0.40156102 -5.540162232 7.0 17.0
-11.109597 -0.40156102 -5.540162233 6.0 18.0
-8.539789 -3.2490468 -7.023842233 6.0 18.0
-8.539789 -3.2490468 -7.023842234 1.0 19.0
-5.969981 -6.096533 -8.507522234 1.0 19.0
-5.969981 -6.096533 -8.507522235 0.0 20.0
-2.4768505 -6.8990974 -10.5242815235 0.0 20.0
-2.4768505 -6.8990974 -10.5242815236 0.0 21.0
0.84119105 -5.404375 -12.439954236 0.0 21.0
-8.539789 -3.2490468 -7.023842237 1.0 19.0
-6.440192 0.072948456 -8.236045237 1.0 19.0
-6.440192 0.072948456 -8.236045238 0.0 20.0
-3.1221507 1.567671 -10.151717238 0.0 20.0
-3.1221507 1.567671 -10.151717239 0.0 21.0
0.37098002 0.7651064 -12.168477239 0.0 21.0
-8.539789 -3.2490468 -7.023842240 5.0 19.0
-4.506269 -4.0516114 -7.023842240 5.0 19.0
-4.506269 -4.0516114 -7.023842241 4.0 20.0
-0.47274876 -4.854176 -7.023842241 4.0 20.0
-0.47274876 -4.854176 -7.023842242 1.0 21.0
3.020382 -5.6567407 -9.040602242 1.0 21.0
3.020382 -5.6567407 -9.040602243 0.0 22.0
6.3384237 -4.1620183 -10.956274243 0.0 22.0
6.3384237 -4.1620183 -10.956274244 0.0 23.0
8.438021 -0.84002304 -12.168477244 0.0 23.0
-0.47274876 -4.854176 -7.023842245 1.0 21.0
-0.25181317 -0.7495065 -7.151399245 1.0 21.0
-0.25181317 -0.7495065 -7.151399246 0.0 22.0
1.8477836 2.5724888 -8.363602246 0.0 22.0
1.8477836 2.5724888 -8.363602247 0.0 23.0
5.165825 4.067211 -10.279274247 0.0 23.0
-0.47274876 -4.854176 -7.023842248 3.0 21.0
3.3585956 -3.3594537 -7.023842248 3.0 21.0
3.3585956 -3.3594537 -7.023842249 2.0 22.0
7.18994 -1.8647312 -7.023842249 2.0 22.0
7.18994 -1.8647312 -7.023842250 1.0 23.0
10.507981 -0.3700087 -8.939514250 1.0 23.0
10.507981 -0.3700087 -8.939514251 0.0 24.0
12.607578 2.9519866 -10.151717251 0.0 24.0
12.607578 2.9519866 -10.151717252 0.0 25.0
12.828514 7.056656 -10.279274252 0.0 25.0
7.18994 -1.8647312 -7.023842253 1.0 23.0
5.4627414 1.7319025 -6.0266433253 1.0 23.0
5.4627414 1.7319025 -6.0266433254 0.0 24.0
5.6836767 5.836572 -6.1542006254 0.0 24.0
5.6836767 5.836572 -6.1542006255 0.0 25.0
7.7832737 9.158567 -7.3664036255 0.0 25.0
-13.679405 2.4459248 -4.0564823256 11.0 17.0
-10.712046 -0.40156102 -4.0564823256 11.0 17.0
-10.712046 -0.40156102 -4.0564823257 10.0 18.0
-7.7446866 -3.2490468 -4.0564823257 10.0 18.0
-7.7446866 -3.2490468 -4.0564823258 1.0 19.0
-5.174878 -6.096533 -5.540162258 1.0 19.0
-5.174878 -6.096533 -5.540162259 0.0 20.0
-1.6817474 -6.8990974 -7.556922259 0.0 20.0
-1.6817474 -6.8990974 -7.556922260 0.0 21.0
1.6362941 -5.404375 -9.472594260 0.0 21.0
-7.7446866 -3.2490468 -4.0564823261 1.0 19.0
-5.64509 0.072948456 -5.2686853261 1.0 19.0
-5.64509 0.072948456 -5.2686853262 0.0 20.0
-2.3270485 1.567671 -7.1843576262 0.0 20.0
-2.3270485 1.567671 -7.1843576263 0.0 21.0
1.1660821 0.7651064 -9.2011175263 0.0 21.0
-7.7446866 -3.2490468 -4.0564823264 9.0 19.0
-3.9133422 -1.7543243 -4.0564823264 9.0 19.0
-3.9133422 -1.7543243 -4.0564823265 8.0 20.0
-0.08199787 -0.25960183 -4.0564823265 8.0 20.0
-0.08199787 -0.25960183 -4.0564823266 1.0 21.0
3.2360437 1.2351207 -5.9721546266 1.0 21.0
3.2360437 1.2351207 -5.9721546267 0.0 22.0
5.3356404 4.557116 -7.1843576267 0.0 22.0
5.3356404 4.557116 -7.1843576268 0.0 23.0
5.556576 8.661785 -7.311915268 0.0 23.0
-0.08199787 -0.25960183 -4.0564823269 1.0 21.0
-1.8091965 3.3370318 -3.0592837269 1.0 21.0
-1.8091965 3.3370318 -3.0592837270 0.0 22.0
-1.5882609 7.4417014 -3.186841270 0.0 22.0
-1.5882609 7.4417014 -3.186841271 0.0 23.0
0.51133585 10.763697 -4.399044271 0.0 23.0
-0.08199787 -0.25960183 -4.0564823272 7.0 21.0
3.2360437 1.2351207 -5.9721546272 7.0 21.0
3.2360437 1.2351207 -5.9721546273 6.0 22.0
6.5540853 2.7298431 -7.887827273 6.0 22.0
6.5540853 2.7298431 -7.887827274 1.0 23.0
9.872127 4.2245655 -9.803499274 1.0 23.0
9.872127 4.2245655 -9.803499275 0.0 24.0
11.971724 7.546561 -11.015702275 0.0 24.0
11.971724 7.546561 -11.015702276 0.0 25.0
12.192659 11.65123 -11.143259276 0.0 25.0
6.5540853 2.7298431 -7.887827277 1.0 23.0
4.8268867 6.326477 -6.8906283277 1.0 23.0
4.8268867 6.326477 -6.8906283278 0.0 24.0
5.047822 10.431147 -7.0181856278 0.0 24.0
5.047822 10.431147 -7.0181856279 0.0 25.0
7.147419 13.753141 -8.230389279 0.0 25.0
6.5540853 2.7298431 -7.887827280 5.0 23.0
4.559688 6.326477 -7.887827280 5.0 23.0
4.559688 6.326477 -7.887827281 4.0 24.0
2.565291 9.923111 -7.887827281 4.0 24.0
2.565291 9.923111 -7.887827282 1.0 25.0
0.8380923 13.519745 -6.8906283282 1.0 25.0
0.8380923 13.519745 -6.8906283283 0.0 26.0
-2.2941244 15.477385 -5.082242283 0.0 26.0
-2.2941244 15.477385 -5.082242284 0.0 27.0
-5.846436 15.180452 -3.031314284 0.0 27.0
2.565291 9.923111 -7.887827285 1.0 25.0
-0.2900946 7.4649763 -6.2392693285 1.0 25.0
-0.2900946 7.4649763 -6.2392693286 0.0 26.0
-3.8424063 7.1680436 -4.188341286 0.0 26.0
-3.8424063 7.1680436 -4.188341287 0.0 27.0
-6.9746227 9.125683 -2.3799548287 0.0 27.0
2.565291 9.923111 -7.887827288 3.0 25.0
-0.7318244 7.4649763 -7.887827288 3.0 25.0
-0.7318244 7.4649763 -7.887827289 2.0 26.0
-4.0289397 5.0068417 -7.887827289 2.0 26.0
-4.0289397 5.0068417 -7.887827290 1.0 27.0
-6.884325 2.548707 -6.2392693290 1.0 27.0
-6.884325 2.548707 -6.2392693291 0.0 28.0
-8.144911 -1.2976716 -5.51147291 0.0 28.0
-8.144911 -1.2976716 -5.51147292 0.0 29.0
-7.4143066 -5.3228035 -5.9332843292 0.0 29.0
-4.0289397 5.0068417 -7.887827293 1.0 27.0
-1.5368834 2.068656 -9.326616293 1.0 27.0
-1.5368834 2.068656 -9.326616294 0.0 28.0
-0.8062791 -1.9564757 -9.748431294 0.0 28.0
-0.8062791 -1.9564757 -9.748431295 0.0 29.0
-2.0668647 -5.8028545 -9.020632295 0.0 29.0
-0.08199787 -0.25960183 -4.0564823296 7.0 21.0
-1.8091965 3.3370318 -3.0592837296 7.0 21.0
-1.8091965 3.3370318 -3.0592837297 6.0 22.0
-3.536395 6.9336653 -2.0620852297 6.0 22.0
-3.536395 6.9336653 -2.0620852298 1.0 23.0
-5.2635937 10.530299 -1.0648866298 1.0 23.0
-5.2635937 10.530299 -1.0648866299 0.0 24.0
-8.39581 12.487939 0.74349964299 0.0 24.0
-8.39581 12.487939 0.74349964300 0.0 25.0
-11.948122 12.191007 2.7944279300 0.0 25.0
-3.536395 6.9336653 -2.0620852301 1.0 23.0
-6.391781 4.4755306 -0.4135275301 1.0 23.0
-6.391781 4.4755306 -0.4135275302 0.0 24.0
-9.944093 4.178598 1.6374006302 0.0 24.0
-9.944093 4.178598 1.6374006303 0.0 25.0
-13.076309 6.1362376 3.445787303 0.0 25.0
-3.536395 6.9336653 -2.0620852304 5.0 23.0
-7.1531677 8.891305 -2.0620852304 5.0 23.0
-7.1531677 8.891305 -2.0620852305 4.0 24.0
-10.76994 10.848945 -2.0620852305 4.0 24.0
-10.76994 10.848945 -2.0620852306 1.0 25.0
-13.902157 12.806584 -0.25369895306 1.0 25.0
-13.902157 12.806584 -0.25369895307 0.0 26.0
-17.454468 12.509652 1.7972292307 0.0 26.0
-17.454468 12.509652 1.7972292308 0.0 27.0
-20.309853 10.0515175 3.445787308 0.0 27.0
-10.76994 10.848945 -2.0620852309 1.0 25.0
-12.030526 7.0025663 -1.3342857309 1.0 25.0
-12.030526 7.0025663 -1.3342857310 0.0 26.0
-14.885912 4.5444317 0.31427193310 0.0 26.0
-14.885912 4.5444317 0.31427193311 0.0 27.0
-18.438223 4.247499 2.3652311 0.0 27.0
-10.76994 10.848945 -2.0620852312 3.0 25.0
-14.871797 10.552012 -2.0620852312 3.0 25.0
-14.871797 10.552012 -2.0620852313 2.0 26.0
-18.973652 10.25508 -2.0620852313 2.0 26.0
-18.973652 10.25508 -2.0620852314 1.0 27.0
-22.525963 9.958148 -0.011157036314 1.0 27.0
-22.525963 9.958148 -0.011157036315 0.0 28.0
-25.381348 7.5000134 1.6374006315 0.0 28.0
-25.381348 7.5000134 1.6374006316 0.0 29.0
-26.641933 3.6536348 2.3652316 0.0 29.0
-18.973652 10.25508 -2.0620852317 1.0 27.0
-18.243048 6.2299485 -2.4838996317 1.0 27.0
-18.243048 6.2299485 -2.4838996318 0.0 28.0
-19.503633 2.38357 -1.7561002318 0.0 28.0
-19.503633 2.38357 -1.7561002319 0.0 29.0
-22.359018 -0.074564695 -0.107542515319 0.0 29.0
-11.555687 -1.561739 0.0320 19.0 9.0
-11.445161 2.54887 -0.06381228320 19.0 9.0
-11.445161 2.54887 -0.06381228321 18.0 10.0
-11.334635 6.659479 -0.12762456321 18.0 10.0
-11.334635 6.659479 -0.12762456322 1.0 11.0
-11.224109 10.770088 -0.19143683322 1.0 11.0
-11.224109 10.770088 -0.19143683323 0.0 12.0
-13.047125 14.303105 0.86108214323 0.0 12.0
-13.047125 14.303105 0.86108214324 0.0 13.0
-16.230438 16.147577 2.6989691324 0.0 13.0
-11.334635 6.659479 -0.12762456325 1.0 11.0
-14.877257 6.2354155 1.9177096325 1.0 11.0
-14.877257 6.2354155 1.9177096326 0.0 12.0
-18.060572 8.079888 3.7555966326 0.0 12.0
-18.060572 8.079888 3.7555966327 0.0 13.0
-19.883589 11.6129055 4.8081155327 0.0 13.0
-11.334635 6.659479 -0.12762456328 17.0 11.0
-15.010408 8.503952 -0.12762456328 17.0 11.0
-15.010408 8.503952 -0.12762456329 16.0 12.0
-18.686182 10.348425 -0.12762456329 16.0 12.0
-18.686182 10.348425 -0.12762456330 1.0 13.0
-21.869495 12.192898 1.7102625330 1.0 13.0
-21.869495 12.192898 1.7102625331 0.0 14.0
-25.412117 11.768834 3.7555966331 0.0 14.0
-25.412117 11.768834 3.7555966332 0.0 15.0
-28.200075 9.20958 5.365225332 0.0 15.0
-18.686182 10.348425 -0.12762456333 1.0 13.0
-19.842806 6.4587345 0.540152333 1.0 13.0
-19.842806 6.4587345 0.540152334 0.0 14.0
-22.630764 3.8994808 2.1497805334 0.0 14.0
-22.630764 3.8994808 2.1497805335 0.0 15.0
-26.173386 3.4754174 4.1951146335 0.0 15.0
-18.686182 10.348425 -0.12762456336 7.0 13.0
-21.869495 12.192898 1.7102625336 7.0 13.0
-21.869495 12.192898 1.7102625337 6.0 14.0
-25.052809 14.037371 3.5481496337 6.0 14.0
-25.052809 14.037371 3.5481496338 1.0 15.0
-28.236122 15.881844 5.386037338 1.0 15.0
-28.236122 15.881844 5.386037339 0.0 16.0
-31.778744 15.45778 7.4313707339 0.0 16.0
-31.778744 15.45778 7.4313707340 0.0 17.0
-34.566704 12.898526 9.040999340 0.0 17.0
-25.052809 14.037371 3.5481496341 1.0 15.0
-26.209433 10.14768 4.215926341 1.0 15.0
-26.209433 10.14768 4.215926342 0.0 16.0
-28.99739 7.5884266 5.825555342 0.0 16.0
-28.99739 7.5884266 5.825555343 0.0 17.0
-32.540012 7.164363 7.8708887343 0.0 17.0
-25.052809 14.037371 3.5481496344 5.0 15.0
-26.388363 10.14768 3.5481496344 5.0 15.0
-26.388363 10.14768 3.5481496345 4.0 16.0
-27.723915 6.25799 3.5481496345 4.0 16.0
-27.723915 6.25799 3.5481496346 1.0 17.0
-28.880539 2.3682992 4.215926346 1.0 17.0
-28.880539 2.3682992 4.215926347 0.0 18.0
-28.042128 -1.6287184 3.731869347 0.0 18.0
-28.042128 -1.6287184 3.731869348 0.0 19.0
-25.472319 -4.476204 2.2481894348 0.0 19.0
-27.723915 6.25799 3.5481496349 1.0 17.0
-24.230785 5.4554253 1.5313895349 1.0 17.0
-24.230785 5.4554253 1.5313895350 0.0 18.0
-21.660976 2.6079395 0.047709942350 0.0 18.0
-21.660976 2.6079395 0.047709942351 0.0 19.0
-20.822565 -1.3890781 -0.4363472351 0.0 19.0
-27.723915 6.25799 3.5481496352 3.0 17.0
-23.690395 5.4554253 3.5481496352 3.0 17.0
-23.690395 5.4554253 3.5481496353 2.0 18.0
-19.656876 4.6528606 3.5481496353 2.0 18.0
-19.656876 4.6528606 3.5481496354 1.0 19.0
-16.163746 3.850296 1.5313895354 1.0 19.0
-16.163746 3.850296 1.5313895355 0.0 20.0
-12.845704 5.3450184 -0.3842827355 0.0 20.0
-12.845704 5.3450184 -0.3842827356 0.0 21.0
-10.746107 8.667013 -1.5964855356 0.0 21.0
-19.656876 4.6528606 3.5481496357 1.0 19.0
-19.43594 8.75753 3.4205923357 1.0 19.0
-19.43594 8.75753 3.4205923358 0.0 20.0
-17.336344 12.079525 2.2083895358 0.0 20.0
-17.336344 12.079525 2.2083895359 0.0 21.0
-14.018302 13.574247 0.29271734359 0.0 21.0
-18.686182 10.348425 -0.12762456360 7.0 13.0
-19.842806 6.4587345 0.540152360 7.0 13.0
-19.842806 6.4587345 0.540152361 6.0 14.0
-20.99943 2.5690439 1.2079287361 6.0 14.0
-20.99943 2.5690439 1.2079287362 1.0 15.0
-22.156054 -1.3206468 1.8757052362 1.0 15.0
-22.156054 -1.3206468 1.8757052363 0.0 16.0
-21.317642 -5.317664 1.391648363 0.0 16.0
-21.317642 -5.317664 1.391648364 0.0 17.0
-18.747833 -8.16515 -0.09203148364 0.0 17.0
-20.99943 2.5690439 1.2079287365 1.0 15.0
-17.506298 1.7664793 -0.80883145365 1.0 15.0
-17.506298 1.7664793 -0.80883145366 0.0 16.0
-14.93649 -1.0810065 -2.292511366 0.0 16.0
-14.93649 -1.0810065 -2.292511367 0.0 17.0
-14.098079 -5.078024 -2.7765682367 0.0 17.0
-20.99943 2.5690439 1.2079287368 5.0 15.0
-20.031315 -1.4279737 1.2079287368 5.0 15.0
-20.031315 -1.4279737 1.2079287369 4.0 16.0
-19.0632 -5.4249916 1.2079287369 4.0 16.0
-19.0632 -5.4249916 1.2079287370 1.0 17.0
-18.224789 -9.422009 0.7238715370 1.0 17.0
-18.224789 -9.422009 0.7238715371 0.0 18.0
-15.654981 -12.269495 -0.759808371 0.0 18.0
-15.654981 -12.269495 -0.759808372 0.0 19.0
-12.16185 -13.07206 -2.7765682372 0.0 19.0
-19.0632 -5.4249916 1.2079287373 1.0 17.0
-15.745158 -3.9302692 -0.7077435373 1.0 17.0
-15.745158 -3.9302692 -0.7077435374 0.0 18.0
-12.2520275 -4.732834 -2.7245035374 0.0 18.0
-12.2520275 -4.732834 -2.7245035375 0.0 19.0
-9.6822195 -7.5803194 -4.2081833375 0.0 19.0
-19.0632 -5.4249916 1.2079287376 3.0 17.0
-16.09584 -8.272477 1.2079287376 3.0 17.0
-16.09584 -8.272477 1.2079287377 2.0 18.0
-13.128481 -11.119963 1.2079287377 2.0 18.0
-13.128481 -11.119963 1.2079287378 1.0 19.0
-10.558673 -13.967448 -0.27575088378 1.0 19.0
-10.558673 -13.967448 -0.27575088379 0.0 20.0
-7.065542 -14.770013 -2.292511379 0.0 20.0
-7.065542 -14.770013 -2.292511380 0.0 21.0
-3.7475007 -13.2752905 -4.2081833380 0.0 21.0
-13.128481 -11.119963 1.2079287381 1.0 19.0
-11.028884 -7.7979674 -0.00427413381 1.0 19.0
-11.028884 -7.7979674 -0.00427413382 0.0 20.0
-7.710842 -6.303245 -1.9199463382 0.0 20.0
-7.710842 -6.303245 -1.9199463383 0.0 21.0
-4.2177114 -7.1058097 -3.9367065383 0.0 21.0
-18.686182 10.348425 -0.12762456384 15.0 13.0
-22.77685 9.924361 -0.12762456384 15.0 13.0
-22.77685 9.924361 -0.12762456385 14.0 14.0
-26.867517 9.500298 -0.12762456385 14.0 14.0
-26.867517 9.500298 -0.12762456386 1.0 15.0
-30.41014 9.076234 1.9177096386 1.0 15.0
-30.41014 9.076234 1.9177096387 0.0 16.0
-33.198097 6.51698 3.527338387 0.0 16.0
-33.198097 6.51698 3.527338388 0.0 17.0
-34.35472 2.6272895 4.1951146388 0.0 17.0
-26.867517 9.500298 -0.12762456389 1.0 15.0
-26.029106 5.5032797 -0.6116817389 1.0 15.0
-26.029106 5.5032797 -0.6116817390 0.0 16.0
-27.18573 1.613589 0.056094885390 0.0 16.0
-27.18573 1.613589 0.056094885391 0.0 17.0
-29.973688 -0.94566464 1.6657233391 0.0 17.0
-26.867517 9.500298 -0.12762456392 13.0 15.0
-28.203072 5.610607 -0.12762456392 13.0 15.0
-28.203072 5.610607 -0.12762456393 12.0 16.0
-29.538624 1.7209165 -0.12762456393 12.0 16.0
-29.538624 1.7209165 -0.12762456394 1.0 17.0
-30.695248 -2.1687741 0.540152394 1.0 17.0
-30.695248 -2.1687741 0.540152395 0.0 18.0
-29.856836 -6.1657915 0.056094885395 0.0 18.0
-29.856836 -6.1657915 0.056094885396 0.0 19.0
-27.287027 -9.013277 -1.4275846396 0.0 19.0
-29.538624 1.7209165 -0.12762456397 1.0 17.0
-26.045494 0.91835195 -2.1443846397 1.0 17.0
-26.045494 0.91835195 -2.1443846398 0.0 18.0
-23.475685 -1.9291339 -3.6280642398 0.0 18.0
-23.475685 -1.9291339 -3.6280642399 0.0 19.0
-22.637274 -5.9261513 -4.112121399 0.0 19.0
-29.538624 1.7209165 -0.12762456400 7.0 17.0
-30.695248 -2.1687741 0.540152400 7.0 17.0
-30.695248 -2.1687741 0.540152401 6.0 18.0
-31.851871 -6.058465 1.2079287401 6.0 18.0
-31.851871 -6.058465 1.2079287402 1.0 19.0
-33.008495 -9.948155 1.8757052402 1.0 19.0
-33.008495 -9.948155 1.8757052403 0.0 20.0
-32.170082 -13.945173 1.391648403 0.0 20.0
-32.170082 -13.945173 1.391648404 0.0 21.0
-29.600273 -16.79266 -0.09203148404 0.0 21.0
-31.851871 -6.058465 1.2079287405 1.0 19.0
-28.358742 -6.8610296 -0.80883145405 1.0 19.0
-28.358742 -6.8610296 -0.80883145406 0.0 20.0
-25.788933 -9.708515 -2.292511406 0.0 20.0
-25.788933 -9.708515 -2.292511407 0.0 21.0
-24.950521 -13.705533 -2.7765682407 0.0 21.0
-31.851871 -6.058465 1.2079287408 5.0 19.0
-27.818352 -6.8610296 1.2079287408 5.0 19.0
-27.818352 -6.8610296 1.2079287409 4.0 20.0
-23.784832 -7.6635942 1.2079287409 4.0 20.0
-23.784832 -7.6635942 1.2079287410 1.0 21.0
-20.291702 -8.466159 -0.80883145410 1.0 21.0
-20.291702 -8.466159 -0.80883145411 0.0 22.0
-16.973661 -6.9714365 -2.7245035411 0.0 22.0
-16.973661 -6.9714365 -2.7245035412 0.0 23.0
-14.874064 -3.6494412 -3.9367063412 0.0 23.0
-23.784832 -7.6635942 1.2079287413 1.0 21.0
-23.563896 -3.5589247 1.0803714413 1.0 21.0
-23.563896 -3.5589247 1.0803714414 0.0 22.0
-21.4643 -0.23692942 -0.13183141414 0.0 22.0
-21.4643 -0.23692942 -0.13183141415 0.0 23.0
-18.14626 1.2577931 -2.0475035415 0.0 23.0
-23.784832 -7.6635942 1.2079287416 3.0 21.0
-23.529718 -3.5589247 1.2079287416 3.0 21.0
-23.529718 -3.5589247 1.2079287417 2.0 22.0
-23.274605 0.5457449 1.2079287417 2.0 22.0
-23.274605 0.5457449 1.2079287418 1.0 23.0
-23.053669 4.6504145 1.0803714418 1.0 23.0
-23.053669 4.6504145 1.0803714419 0.0 24.0
-24.780869 8.247048 2.07757419 0.0 24.0
-24.780869 8.247048 2.07757420 0.0 25.0
-27.913086 10.204688 3.8859563420 0.0 25.0
-23.274605 0.5457449 1.2079287421 1.0 23.0
-26.826916 0.24881232 3.2588568421 1.0 23.0
-26.826916 0.24881232 3.2588568422 0.0 24.0
-29.959133 2.206452 5.067243422 0.0 24.0
-29.959133 2.206452 5.067243423 0.0 25.0
-31.686333 5.8030853 6.0644417423 0.0 25.0
-29.538624 1.7209165 -0.12762456424 7.0 17.0
-26.045494 0.91835195 -2.1443846424 7.0 17.0
-26.045494 0.91835195 -2.1443846425 6.0 18.0
-22.552364 0.11578739 -4.1611447425 6.0 18.0
-22.552364 0.11578739 -4.1611447426 1.0 19.0
-19.059235 -0.6867772 -6.177905426 1.0 19.0
-19.059235 -0.6867772 -6.177905427 0.0 20.0
-15.741193 0.8079453 -8.093577427 0.0 20.0
-15.741193 0.8079453 -8.093577428 0.0 21.0
-13.641596 4.1299405 -9.30578428 0.0 21.0
-22.552364 0.11578739 -4.1611447429 1.0 19.0
-22.331429 4.220457 -4.288702429 1.0 19.0
-22.331429 4.220457 -4.288702430 0.0 20.0
-20.231833 7.5424523 -5.500905430 0.0 20.0
-20.231833 7.5424523 -5.500905431 0.0 21.0
-16.913792 9.037175 -7.4165773431 0.0 21.0
-22.552364 0.11578739 -4.1611447432 5.0 19.0
-18.72102 1.6105099 -4.1611447432 5.0 19.0
-18.72102 1.6105099 -4.1611447433 4.0 20.0
-14.889675 3.1052322 -4.1611447433 4.0 20.0
-14.889675 3.1052322 -4.1611447434 1.0 21.0
-11.571633 4.5999546 -6.076817434 1.0 21.0
-11.571633 4.5999546 -6.076817435 0.0 22.0
-9.472036 7.92195 -7.2890196435 0.0 22.0
-9.472036 7.92195 -7.2890196436 0.0 23.0
-9.251101 12.026619 -7.416577436 0.0 23.0
-14.889675 3.1052322 -4.1611447437 1.0 21.0
-16.616875 6.701866 -3.1639462437 1.0 21.0
-16.616875 6.701866 -3.1639462438 0.0 22.0
-16.395939 10.806536 -3.2915034438 0.0 22.0
-16.395939 10.806536 -3.2915034439 0.0 23.0
-14.296342 14.1285305 -4.503706439 0.0 23.0
-14.889675 3.1052322 -4.1611447440 3.0 21.0
-12.465269 6.4272275 -4.1611447440 3.0 21.0
-12.465269 6.4272275 -4.1611447441 2.0 22.0
-10.040863 9.749223 -4.1611447441 2.0 22.0
-10.040863 9.749223 -4.1611447442 1.0 23.0
-7.941266 13.0712185 -5.3733473442 1.0 23.0
-7.941266 13.0712185 -5.3733473443 0.0 24.0
-7.72033 17.175888 -5.5009046443 0.0 24.0
-7.72033 17.175888 -5.5009046444 0.0 25.0
-9.447529 20.772522 -4.503706444 0.0 25.0
-10.040863 9.749223 -4.1611447445 1.0 23.0
-13.1730795 11.706862 -2.3527584445 1.0 23.0
-13.1730795 11.706862 -2.3527584446 0.0 24.0
-14.900278 15.303496 -1.3555598446 0.0 24.0
-14.900278 15.303496 -1.3555598447 0.0 25.0
-14.679342 19.408165 -1.4831171447 0.0 25.0
-29.538624 1.7209165 -0.12762456448 11.0 17.0
-28.570509 -2.276101 -0.12762456448 11.0 17.0
-28.570509 -2.276101 -0.12762456449 10.0 18.0
-27.602394 -6.273119 -0.12762456449 10.0 18.0
-27.602394 -6.273119 -0.12762456450 1.0 19.0
-26.763983 -10.270137 -0.6116817450 1.0 19.0
-26.763983 -10.270137 -0.6116817451 0.0 20.0
-24.194174 -13.117622 -2.0953612451 0.0 20.0
-24.194174 -13.117622 -2.0953612452 0.0 21.0
-20.701042 -13.920187 -4.1121216452 0.0 21.0
-27.602394 -6.273119 -0.12762456453 1.0 19.0
-24.284353 -4.7783966 -2.0432968453 1.0 19.0
-24.284353 -4.7783966 -2.0432968454 0.0 20.0
-20.791222 -5.580961 -4.0600567454 0.0 20.0
-20.791222 -5.580961 -4.0600567455 0.0 21.0
-18.221413 -8.428447 -5.5437365455 0.0 21.0
-27.602394 -6.273119 -0.12762456456 9.0 19.0
-23.568874 -7.0756836 -0.12762456456 9.0 19.0
-23.568874 -7.0756836 -0.12762456457 8.0 20.0
-19.535355 -7.878248 -0.12762456457 8.0 20.0
-19.535355 -7.878248 -0.12762456458 1.0 21.0
-16.042225 -8.680813 -2.1443846458 1.0 21.0
-16.042225 -8.680813 -2.1443846459 0.0 22.0
-12.724183 -7.1860905 -4.0600567459 0.0 22.0
-12.724183 -7.1860905 -4.0600567460 0.0 23.0
-10.624586 -3.8640952 -5.2722597460 0.0 23.0
-19.535355 -7.878248 -0.12762456461 1.0 21.0
-19.314419 -3.7735786 -0.2551818461 1.0 21.0
-19.314419 -3.7735786 -0.2551818462 0.0 22.0
-17.214823 -0.4515834 -1.4673846462 0.0 22.0
-17.214823 -0.4515834 -1.4673846463 0.0 23.0
-13.896781 1.0431391 -3.3830566463 0.0 23.0
-19.535355 -7.878248 -0.12762456464 7.0 21.0
-16.042225 -8.680813 -2.1443846464 7.0 21.0
-16.042225 -8.680813 -2.1443846465 6.0 22.0
-12.549094 -9.483377 -4.1611447465 6.0 22.0
-12.549094 -9.483377 -4.1611447466 1.0 23.0
-9.0559635 -10.285942 -6.177905466 1.0 23.0
-9.0559635 -10.285942 -6.177905467 0.0 24.0
-5.7379217 -8.79122 -8.093577467 0.0 24.0
-5.7379217 -8.79122 -8.093577468 0.0 25.0
-3.638325 -5.4692245 -9.30578468 0.0 25.0
-12.549094 -9.483377 -4.1611447469 1.0 23.0
-12.328158 -5.378708 -4.288702469 1.0 23.0
-12.328158 -5.378708 -4.288702470 0.0 24.0
-10.228561 -2.0567126 -5.500905470 0.0 24.0
-10.228561 -2.0567126 -5.500905471 0.0 25.0
-6.9105196 -0.56199014 -7.4165773471 0.0 25.0
-12.549094 -9.483377 -4.1611447472 5.0 23.0
-12.29398 -5.378708 -4.1611447472 5.0 23.0
-12.29398 -5.378708 -4.1611447473 4.0 24.0
-12.038865 -1.2740383 -4.1611447473 4.0 24.0
-12.038865 -1.2740383 -4.1611447474 1.0 25.0
-11.817929 2.8306313 -4.288702474 1.0 25.0
-11.817929 2.8306313 -4.288702475 0.0 26.0
-13.545128 6.427265 -3.2915034475 0.0 26.0
-13.545128 6.427265 -3.2915034476 0.0 27.0
-16.677345 8.384905 -1.4831172476 0.0 27.0
-12.038865 -1.2740383 -4.1611447477 1.0 25.0
-15.591177 -1.5709709 -2.1102166477 1.0 25.0
-15.591177 -1.5709709 -2.1102166478 0.0 26.0
-18.723394 0.3866688 -0.3018304478 0.0 26.0
-18.723394 0.3866688 -0.3018304479 0.0 27.0
-20.450592 3.9833026 0.6953682479 0.0 27.0
-12.038865 -1.2740383 -4.1611447480 3.0 25.0
-16.14072 -1.5709709 -4.1611447480 3.0 25.0
-16.14072 -1.5709709 -4.1611447481 2.0 26.0
-20.242577 -1.8679035 -4.1611447481 2.0 26.0
-20.242577 -1.8679035 -4.1611447482 1.0 27.0
-23.794888 -2.164836 -2.1102166482 1.0 27.0
-23.794888 -2.164836 -2.1102166483 0.0 28.0
-26.650272 -4.6229706 -0.46165895483 0.0 28.0
-26.650272 -4.6229706 -0.46165895484 0.0 29.0
-27.910858 -8.469349 0.26614052484 0.0 29.0
-20.242577 -1.8679035 -4.1611447485 1.0 27.0
-19.511972 -5.893035 -4.582959485 1.0 27.0
-19.511972 -5.893035 -4.582959486 0.0 28.0
-20.772558 -9.739413 -3.8551598486 0.0 28.0
-20.772558 -9.739413 -3.8551598487 0.0 29.0
-23.627943 -12.197548 -2.206602487 0.0 29.0
-19.535355 -7.878248 -0.12762456488 7.0 21.0
-19.314419 -3.7735786 -0.2551818488 7.0 21.0
-19.314419 -3.7735786 -0.2551818489 6.0 22.0
-19.093483 0.33109093 -0.382739489 6.0 22.0
-19.093483 0.33109093 -0.382739490 1.0 23.0
-18.872547 4.4357605 -0.5102962490 1.0 23.0
-18.872547 4.4357605 -0.5102962491 0.0 24.0
-20.599747 8.032394 0.48690236491 0.0 24.0
-20.599747 8.032394 0.48690236492 0.0 25.0
-23.731964 9.990034 2.2952886492 0.0 25.0
-19.093483 0.33109093 -0.382739493 1.0 23.0
-22.645794 0.03415835 1.668189493 1.0 23.0
-22.645794 0.03415835 1.668189494 0.0 24.0
-25.778011 1.991798 3.4765754494 0.0 24.0
-25.778011 1.991798 3.4765754495 0.0 25.0
-27.50521 5.588432 4.473774495 0.0 25.0
-19.093483 0.33109093 -0.382739496 5.0 23.0
-21.08788 3.9277246 -0.382739496 5.0 23.0
-21.08788 3.9277246 -0.382739497 4.0 24.0
-23.082275 7.5243583 -0.382739497 4.0 24.0
-23.082275 7.5243583 -0.382739498 1.0 25.0
-24.809475 11.120992 0.6144596498 1.0 25.0
-24.809475 11.120992 0.6144596499 0.0 26.0
-27.941692 13.078631 2.4228458499 0.0 26.0
-27.941692 13.078631 2.4228458500 0.0 27.0
-31.494003 12.781699 4.473774500 0.0 27.0
-23.082275 7.5243583 -0.382739501 1.0 25.0
-25.93766 5.0662236 1.2658186501 1.0 25.0
-25.93766 5.0662236 1.2658186502 0.0 26.0
-29.489971 4.769291 3.3167467502 0.0 26.0
-29.489971 4.769291 3.3167467503 0.0 27.0
-32.62219 6.7269306 5.125133503 0.0 27.0
-23.082275 7.5243583 -0.382739504 3.0 25.0
-26.699047 9.481998 -0.382739504 3.0 25.0
-26.699047 9.481998 -0.382739505 2.0 26.0
-30.315819 11.439638 -0.382739505 2.0 26.0
-30.315819 11.439638 -0.382739506 1.0 27.0
-33.448036 13.397278 1.4256473506 1.0 27.0
-33.448036 13.397278 1.4256473507 0.0 28.0
-37.000347 13.100346 3.4765754507 0.0 28.0
-37.000347 13.100346 3.4765754508 0.0 29.0
-39.855732 10.642211 5.125133508 0.0 29.0
-30.315819 11.439638 -0.382739509 1.0 27.0
-31.576405 7.59326 0.34506047509 1.0 27.0
-31.576405 7.59326 0.34506047510 0.0 28.0
-34.43179 5.135125 1.9936181510 0.0 28.0
-34.43179 5.135125 1.9936181511 0.0 29.0
-37.9841 4.8381925 4.044546511 0.0 29.0
