0.0 0.0 0.00 60.0 1.0
0.0 0.8273193 0.00 60.0 1.0
0.0 0.8273193 0.01 59.0 2.0
0.0 1.6546386 0.01 59.0 2.0
0.0 1.6546386 0.02 58.0 3.0
0.0 2.481958 0.02 58.0 3.0
0.0 2.481958 0.03 57.0 4.0
0.0 3.3092773 0.03 57.0 4.0
0.0 3.3092773 0.04 56.0 5.0
0.0 4.1365967 0.04 56.0 5.0
0.0 4.1365967 0.05 55.0 6.0
0.0 4.963916 0.05 55.0 6.0
0.0 4.963916 0.06 54.0 7.0
0.0 5.791235 0.06 54.0 7.0
0.0 5.791235 0.07 53.0 8.0
0.0 6.618554 0.07 53.0 8.0
0.0 6.618554 0.08 52.0 9.0
0.0 7.4458733 0.08 52.0 9.0
0.0 7.4458733 0.09 51.0 10.0
0.0 8.273192 0.09 51.0 10.0
0.0 8.273192 0.010 50.0 11.0
0.0 9.100512 0.010 50.0 11.0
0.0 9.100512 0.011 49.0 12.0
0.0 9.927831 0.011 49.0 12.0
0.0 9.927831 0.012 48.0 13.0
0.0 10.75515 0.012 48.0 13.0
0.0 10.75515 0.013 47.0 14.0
0.0 11.582469 0.013 47.0 14.0
0.0 11.582469 0.014 46.0 15.0
0.0 12.409788 0.014 46.0 15.0
0.0 12.409788 0.015 45.0 16.0
0.0 13.237107 0.015 45.0 16.0
0.0 13.237107 0.016 28.0 17.0
-0.21545476 14.026134 0.1243928716 28.0 17.0
-0.21545476 14.026134 0.1243928717 27.0 18.0
-0.4309095 14.81516 0.2487857317 27.0 18.0
-0.4309095 14.81516 0.2487857318 26.0 19.0
-0.6463643 15.604186 0.373178618 26.0 19.0
-0.6463643 15.604186 0.373178619 25.0 20.0
-0.861819 16.393213 0.4975714719 25.0 20.0
-0.861819 16.393213 0.4975714720 24.0 21.0
-1.0772738 17.18224 0.6219643420 24.0 21.0
-1.0772738 17.18224 0.6219643421 23.0 22.0
-1.2927287 17.971266 0.746357221 23.0 22.0
-1.2927287 17.971266 0.746357222 22.0 23.0
-1.5081835 18.760292 0.8707500722 22.0 23.0
-1.5081835 18.760292 0.8707500723 21.0 24.0
-1.7236383 19.549318 0.9951429423 21.0 24.0
-1.7236383 19.549318 0.9951429424 12.0 25.0
-2.134603 20.22701 1.232413524 12.0 25.0
-2.134603 20.22701 1.232413525 11.0 26.0
-2.5455678 20.904703 1.469684125 11.0 26.0
-2.5455678 20.904703 1.469684126 10.0 27.0
-2.9565325 21.582396 1.706954726 10.0 27.0
-2.9565325 21.582396 1.706954727 9.0 28.0
-3.3674972 22.260088 1.944225327 9.0 28.0
-3.3674972 22.260088 1.944225328 4.0 29.0
-3.9359286 22.763714 2.272409428 4.0 29.0
-3.9359286 22.763714 2.272409429 3.0 30.0
-4.50436 23.26734 2.600593629 3.0 30.0
-4.50436 23.26734 2.600593630 0.0 31.0
-5.177638 23.550276 2.989310730 0.0 31.0
-5.177638 23.550276 2.989310731 0.0 32.0
-5.9550724 23.833212 2.989310731 0.0 32.0
-4.50436 23.26734 2.600593632 0.0 31.0
-4.9153247 23.945032 2.837864232 0.0 31.0
-4.9153247 23.945032 2.837864233 0.0 32.0
-5.389866 24.622725 2.837864233 0.0 32.0
-4.50436 23.26734 2.600593634 2.0 31.0
-5.1607285 23.770966 2.600593634 2.0 31.0
-5.1607285 23.770966 2.600593635 1.0 32.0
-5.8170967 24.274591 2.600593635 1.0 32.0
-5.8170967 24.274591 2.600593636 0.0 33.0
-6.473465 24.778217 2.600593636 0.0 33.0
-6.473465 24.778217 2.600593637 0.0 34.0
-7.129833 25.281843 2.600593637 0.0 34.0
-3.3674972 22.260088 1.944225338 4.0 29.0
-3.582952 23.049114 2.068618338 4.0 29.0
-3.582952 23.049114 2.068618339 3.0 30.0
-3.7984068 23.83814 2.193011339 3.0 30.0
-3.7984068 23.83814 2.193011340 0.0 31.0
-4.2093716 24.515833 2.430281940 0.0 31.0
-4.2093716 24.515833 2.430281941 0.0 32.0
-4.6839128 25.193525 2.430281941 0.0 32.0
-3.7984068 23.83814 2.193011342 0.0 31.0
-3.7984068 24.66546 2.193011342 0.0 31.0
-3.7984068 24.66546 2.193011343 0.0 32.0
-3.7984068 25.49278 2.193011343 0.0 32.0
-3.7984068 23.83814 2.193011344 2.0 31.0
-4.0471926 24.627167 2.193011344 2.0 31.0
-4.0471926 24.627167 2.193011345 1.0 32.0
-4.2959785 25.416193 2.193011345 1.0 32.0
-4.2959785 25.416193 2.193011346 0.0 33.0
-4.5447645 26.20522 2.193011346 0.0 33.0
-4.5447645 26.20522 2.193011347 0.0 34.0
-4.7935505 26.994246 2.193011347 0.0 34.0
-3.3674972 22.260088 1.944225348 8.0 29.0
-3.8420384 22.93778 1.944225348 8.0 29.0
-3.8420384 22.93778 1.944225349 7.0 30.0
-4.31658 23.615473 1.944225349 7.0 30.0
-4.31658 23.615473 1.944225350 6.0 31.0
-4.791121 24.293165 1.944225350 6.0 31.0
-4.791121 24.293165 1.944225351 5.0 32.0
-5.265662 24.970858 1.944225351 5.0 32.0
-5.265662 24.970858 1.944225352 4.0 33.0
-5.7402034 25.64855 1.944225352 4.0 33.0
-5.7402034 25.64855 1.944225353 3.0 34.0
-6.2147446 26.326242 1.944225353 3.0 34.0
-6.2147446 26.326242 1.944225354 0.0 35.0
-6.783176 26.829868 2.272409454 0.0 35.0
-6.783176 26.829868 2.272409455 0.0 36.0
-7.439544 27.333494 2.272409455 0.0 36.0
-6.2147446 26.326242 1.944225356 0.0 35.0
-6.430199 27.115269 2.068618356 0.0 35.0
-6.430199 27.115269 2.068618357 0.0 36.0
-6.6789846 27.904295 2.068618357 0.0 36.0
-6.2147446 26.326242 1.944225358 2.0 35.0
-6.6892858 27.003935 1.944225358 2.0 35.0
-6.6892858 27.003935 1.944225359 1.0 36.0
-7.163827 27.681627 1.944225359 1.0 36.0
-7.163827 27.681627 1.944225360 0.0 37.0
-7.638368 28.35932 1.944225360 0.0 37.0
-7.638368 28.35932 1.944225361 0.0 38.0
-8.112909 29.037012 1.944225361 0.0 38.0
-1.7236383 19.549318 0.9951429462 12.0 25.0
-1.7236383 20.376638 0.9951429462 12.0 25.0
-1.7236383 20.376638 0.9951429463 11.0 26.0
-1.7236383 21.203959 0.9951429463 11.0 26.0
-1.7236383 21.203959 0.9951429464 10.0 27.0
-1.7236383 22.031279 0.9951429464 10.0 27.0
-1.7236383 22.031279 0.9951429465 9.0 28.0
-1.7236383 22.858599 0.9951429465 9.0 28.0
-1.7236383 22.858599 0.9951429466 4.0 29.0
-1.9390931 23.647625 1.119535866 4.0 29.0
-1.9390931 23.647625 1.119535867 3.0 30.0
-2.154548 24.436651 1.243928767 3.0 30.0
-2.154548 24.436651 1.243928768 0.0 31.0
-2.5655127 25.114344 1.481199368 0.0 31.0
-2.5655127 25.114344 1.481199369 0.0 32.0
-3.0400538 25.792036 1.481199369 0.0 32.0
-2.154548 24.436651 1.243928770 0.0 31.0
-2.154548 25.263971 1.243928770 0.0 31.0
-2.154548 25.263971 1.243928771 0.0 32.0
-2.154548 26.091291 1.243928771 0.0 32.0
-2.154548 24.436651 1.243928772 2.0 31.0
-2.4033337 25.225677 1.243928772 2.0 31.0
-2.4033337 25.225677 1.243928773 1.0 32.0
-2.6521194 26.014704 1.243928773 1.0 32.0
-2.6521194 26.014704 1.243928774 0.0 33.0
-2.9009051 26.80373 1.243928774 0.0 33.0
-2.9009051 26.80373 1.243928775 0.0 34.0
-3.1496909 27.592756 1.243928775 0.0 34.0
-1.7236383 22.858599 0.9951429476 4.0 29.0
-1.5081835 23.647625 0.8707500776 4.0 29.0
-1.5081835 23.647625 0.8707500777 3.0 30.0
-1.2927287 24.436651 0.746357277 3.0 30.0
-1.2927287 24.436651 0.746357278 0.0 31.0
-1.2927287 25.263971 0.746357278 0.0 31.0
-1.2927287 25.263971 0.746357279 0.0 32.0
-1.2927287 26.091291 0.746357279 0.0 32.0
-1.2927287 24.436651 0.746357280 0.0 31.0
-0.88176394 25.114344 0.509086680 0.0 31.0
-0.88176394 25.114344 0.509086681 0.0 32.0
-0.40722275 25.792036 0.509086681 0.0 32.0
-1.2927287 24.436651 0.746357282 2.0 31.0
-1.0439429 25.225677 0.746357282 2.0 31.0
-1.0439429 25.225677 0.746357283 1.0 32.0
-0.7951572 26.014704 0.746357283 1.0 32.0
-0.7951572 26.014704 0.746357284 0.0 33.0
-0.54637146 26.80373 0.746357284 0.0 33.0
-0.54637146 26.80373 0.746357285 0.0 34.0
-0.29758573 27.592756 0.746357285 0.0 34.0
-1.7236383 22.858599 0.9951429486 8.0 29.0
-1.7236383 23.685919 0.9951429486 8.0 29.0
-1.7236383 23.685919 0.9951429487 7.0 30.0
-1.7236383 24.513239 0.9951429487 7.0 30.0
-1.7236383 24.513239 0.9951429488 6.0 31.0
-1.7236383 25.340559 0.9951429488 6.0 31.0
-1.7236383 25.340559 0.9951429489 5.0 32.0
-1.7236383 26.16788 0.9951429489 5.0 32.0
-1.7236383 26.16788 0.9951429490 4.0 33.0
-1.7236383 26.9952 0.9951429490 4.0 33.0
-1.7236383 26.9952 0.9951429491 3.0 34.0
-1.7236383 27.82252 0.9951429491 3.0 34.0
-1.7236383 27.82252 0.9951429492 0.0 35.0
-1.9390931 28.611546 1.119535892 0.0 35.0
-1.9390931 28.611546 1.119535893 0.0 36.0
-2.1878788 29.400572 1.119535893 0.0 36.0
-1.7236383 27.82252 0.9951429494 0.0 35.0
-1.5081835 28.611546 0.8707500794 0.0 35.0
-1.5081835 28.611546 0.8707500795 0.0 36.0
-1.2593977 29.400572 0.8707500795 0.0 36.0
-1.7236383 27.82252 0.9951429496 2.0 35.0
-1.7236383 28.64984 0.9951429496 2.0 35.0
-1.7236383 28.64984 0.9951429497 1.0 36.0
-1.7236383 29.47716 0.9951429497 1.0 36.0
-1.7236383 29.47716 0.9951429498 0.0 37.0
-1.7236383 30.30448 0.9951429498 0.0 37.0
-1.7236383 30.30448 0.9951429499 0.0 38.0
-1.7236383 31.1318 0.9951429499 0.0 38.0
-1.7236383 19.549318 0.99514294100 20.0 25.0
-1.972424 20.338345 0.99514294100 20.0 25.0
-1.972424 20.338345 0.99514294101 19.0 26.0
-2.2212098 21.12737 0.99514294101 19.0 26.0
-2.2212098 21.12737 0.99514294102 18.0 27.0
-2.4699955 21.916397 0.99514294102 18.0 27.0
-2.4699955 21.916397 0.99514294103 17.0 28.0
-2.7187812 22.705423 0.99514294103 17.0 28.0
-2.7187812 22.705423 0.99514294104 16.0 29.0
-2.967567 23.49445 0.99514294104 16.0 29.0
-2.967567 23.49445 0.99514294105 15.0 30.0
-3.2163527 24.283476 0.99514294105 15.0 30.0
-3.2163527 24.283476 0.99514294106 14.0 31.0
-3.4651384 25.072502 0.99514294106 14.0 31.0
-3.4651384 25.072502 0.99514294107 13.0 32.0
-3.7139242 25.861528 0.99514294107 13.0 32.0
-3.7139242 25.861528 0.99514294108 12.0 33.0
-3.96271 26.650555 0.99514294108 12.0 33.0
-3.96271 26.650555 0.99514294109 11.0 34.0
-4.2114954 27.43958 0.99514294109 11.0 34.0
-4.2114954 27.43958 0.99514294110 10.0 35.0
-4.4602814 28.228607 0.99514294110 10.0 35.0
-4.4602814 28.228607 0.99514294111 9.0 36.0
-4.7090673 29.017633 0.99514294111 9.0 36.0
-4.7090673 29.017633 0.99514294112 4.0 37.0
-5.120032 29.695326 1.2324135112 4.0 37.0
-5.120032 29.695326 1.2324135113 3.0 38.0
-5.5309963 30.373018 1.4696841113 3.0 38.0
-5.5309963 30.373018 1.4696841114 0.0 39.0
-6.0994277 30.876644 1.7978681114 0.0 39.0
-6.0994277 30.876644 1.7978681115 0.0 40.0
-6.755796 31.38027 1.7978681115 0.0 40.0
-5.5309963 30.373018 1.4696841116 0.0 39.0
-5.746451 31.162045 1.594077116 0.0 39.0
-5.746451 31.162045 1.594077117 0.0 40.0
-5.9952364 31.95107 1.594077117 0.0 40.0
-5.5309963 30.373018 1.4696841118 2.0 39.0
-6.0055375 31.05071 1.4696841118 2.0 39.0
-6.0055375 31.05071 1.4696841119 1.0 40.0
-6.4800787 31.728403 1.4696841119 1.0 40.0
-6.4800787 31.728403 1.4696841120 0.0 41.0
-6.95462 32.406097 1.4696841120 0.0 41.0
-6.95462 32.406097 1.4696841121 0.0 42.0
-7.429161 33.08379 1.4696841121 0.0 42.0
-4.7090673 29.017633 0.99514294122 4.0 37.0
-4.7090673 29.844954 0.99514294122 4.0 37.0
-4.7090673 29.844954 0.99514294123 3.0 38.0
-4.7090673 30.672274 0.99514294123 3.0 38.0
-4.7090673 30.672274 0.99514294124 0.0 39.0
-4.924522 31.4613 1.1195358124 0.0 39.0
-4.924522 31.4613 1.1195358125 0.0 40.0
-5.1733074 32.250328 1.1195358125 0.0 40.0
-4.7090673 30.672274 0.99514294126 0.0 39.0
-4.493613 31.4613 0.87075007126 0.0 39.0
-4.493613 31.4613 0.87075007127 0.0 40.0
-4.2448273 32.250328 0.87075007127 0.0 40.0
-4.7090673 30.672274 0.99514294128 2.0 39.0
-4.7090673 31.499594 0.99514294128 2.0 39.0
-4.7090673 31.499594 0.99514294129 1.0 40.0
-4.7090673 32.326912 0.99514294129 1.0 40.0
-4.7090673 32.326912 0.99514294130 0.0 41.0
-4.7090673 33.154232 0.99514294130 0.0 41.0
-4.7090673 33.154232 0.99514294131 0.0 42.0
-4.7090673 33.981552 0.99514294131 0.0 42.0
-4.7090673 29.017633 0.99514294132 8.0 37.0
-4.9578533 29.80666 0.99514294132 8.0 37.0
-4.9578533 29.80666 0.99514294133 7.0 38.0
-5.2066393 30.595686 0.99514294133 7.0 38.0
-5.2066393 30.595686 0.99514294134 6.0 39.0
-5.4554253 31.384712 0.99514294134 6.0 39.0
-5.4554253 31.384712 0.99514294135 5.0 40.0
-5.704211 32.17374 0.99514294135 5.0 40.0
-5.704211 32.17374 0.99514294136 4.0 41.0
-5.952997 32.96277 0.99514294136 4.0 41.0
-5.952997 32.96277 0.99514294137 3.0 42.0
-6.201783 33.751797 0.99514294137 3.0 42.0
-6.201783 33.751797 0.99514294138 0.0 43.0
-6.6127477 34.42949 1.2324135138 0.0 43.0
-6.6127477 34.42949 1.2324135139 0.0 44.0
-7.087289 35.10718 1.2324135139 0.0 44.0
-6.201783 33.751797 0.99514294140 0.0 43.0
-6.201783 34.579117 0.99514294140 0.0 43.0
-6.201783 34.579117 0.99514294141 0.0 44.0
-6.201783 35.406437 0.99514294141 0.0 44.0
-6.201783 33.751797 0.99514294142 2.0 43.0
-6.450569 34.540825 0.99514294142 2.0 43.0
-6.450569 34.540825 0.99514294143 1.0 44.0
-6.699355 35.329853 0.99514294143 1.0 44.0
-6.699355 35.329853 0.99514294144 0.0 45.0
-6.948141 36.11888 0.99514294144 0.0 45.0
-6.948141 36.11888 0.99514294145 0.0 46.0
-7.196927 36.90791 0.99514294145 0.0 46.0
0.0 13.237107 0.0146 28.0 17.0
0.21545476 14.026134 -0.12439287146 28.0 17.0
0.21545476 14.026134 -0.12439287147 27.0 18.0
0.4309095 14.81516 -0.24878573147 27.0 18.0
0.4309095 14.81516 -0.24878573148 26.0 19.0
0.6463643 15.604186 -0.3731786148 26.0 19.0
0.6463643 15.604186 -0.3731786149 25.0 20.0
0.861819 16.393213 -0.49757147149 25.0 20.0
0.861819 16.393213 -0.49757147150 24.0 21.0
1.0772738 17.18224 -0.62196434150 24.0 21.0
1.0772738 17.18224 -0.62196434151 23.0 22.0
1.2927287 17.971266 -0.7463572151 23.0 22.0
1.2927287 17.971266 -0.7463572152 22.0 23.0
1.5081835 18.760292 -0.87075007152 22.0 23.0
1.5081835 18.760292 -0.87075007153 21.0 24.0
1.7236383 19.549318 -0.99514294153 21.0 24.0
1.7236383 19.549318 -0.99514294154 12.0 25.0
1.7236383 20.376638 -0.99514294154 12.0 25.0
1.7236383 20.376638 -0.99514294155 11.0 26.0
1.7236383 21.203959 -0.99514294155 11.0 26.0
1.7236383 21.203959 -0.99514294156 10.0 27.0
1.7236383 22.031279 -0.99514294156 10.0 27.0
1.7236383 22.031279 -0.99514294157 9.0 28.0
1.7236383 22.858599 -0.99514294157 9.0 28.0
1.7236383 22.858599 -0.99514294158 4.0 29.0
1.5081835 23.647625 -0.87075007158 4.0 29.0
1.5081835 23.647625 -0.87075007159 3.0 30.0
1.2927287 24.436651 -0.7463572159 3.0 30.0
1.2927287 24.436651 -0.7463572160 0.0 31.0
0.88176394 25.114344 -0.5090866160 0.0 31.0
0.88176394 25.114344 -0.5090866161 0.0 32.0
0.40722275 25.792036 -0.5090866161 0.0 32.0
1.2927287 24.436651 -0.7463572162 0.0 31.0
1.2927287 25.263971 -0.7463572162 0.0 31.0
1.2927287 25.263971 -0.7463572163 0.0 32.0
1.2927287 26.091291 -0.7463572163 0.0 32.0
1.2927287 24.436651 -0.7463572164 2.0 31.0
1.0439429 25.225677 -0.7463572164 2.0 31.0
1.0439429 25.225677 -0.7463572165 1.0 32.0
0.7951572 26.014704 -0.7463572165 1.0 32.0
0.7951572 26.014704 -0.7463572166 0.0 33.0
0.54637146 26.80373 -0.7463572166 0.0 33.0
0.54637146 26.80373 -0.7463572167 0.0 34.0
0.29758573 27.592756 -0.7463572167 0.0 34.0
1.7236383 22.858599 -0.99514294168 4.0 29.0
1.9390931 23.647625 -1.1195358168 4.0 29.0
1.9390931 23.647625 -1.1195358169 3.0 30.0
2.154548 24.436651 -1.2439287169 3.0 30.0
2.154548 24.436651 -1.2439287170 0.0 31.0
2.154548 25.263971 -1.2439287170 0.0 31.0
2.154548 25.263971 -1.2439287171 0.0 32.0
2.154548 26.091291 -1.2439287171 0.0 32.0
2.154548 24.436651 -1.2439287172 0.0 31.0
2.5655127 25.114344 -1.4811993172 0.0 31.0
2.5655127 25.114344 -1.4811993173 0.0 32.0
3.0400538 25.792036 -1.4811993173 0.0 32.0
2.154548 24.436651 -1.2439287174 2.0 31.0
2.4033337 25.225677 -1.2439287174 2.0 31.0
2.4033337 25.225677 -1.2439287175 1.0 32.0
2.6521194 26.014704 -1.2439287175 1.0 32.0
2.6521194 26.014704 -1.2439287176 0.0 33.0
2.9009051 26.80373 -1.2439287176 0.0 33.0
2.9009051 26.80373 -1.2439287177 0.0 34.0
3.1496909 27.592756 -1.2439287177 0.0 34.0
1.7236383 22.858599 -0.99514294178 8.0 29.0
1.7236383 23.685919 -0.99514294178 8.0 29.0
1.7236383 23.685919 -0.99514294179 7.0 30.0
1.7236383 24.513239 -0.99514294179 7.0 30.0
1.7236383 24.513239 -0.99514294180 6.0 31.0
1.7236383 25.340559 -0.99514294180 6.0 31.0
1.7236383 25.340559 -0.99514294181 5.0 32.0
1.7236383 26.16788 -0.99514294181 5.0 32.0
1.7236383 26.16788 -0.99514294182 4.0 33.0
1.7236383 26.9952 -0.99514294182 4.0 33.0
1.7236383 26.9952 -0.99514294183 3.0 34.0
1.7236383 27.82252 -0.99514294183 3.0 34.0
1.7236383 27.82252 -0.99514294184 0.0 35.0
1.5081835 28.611546 -0.87075007184 0.0 35.0
1.5081835 28.611546 -0.87075007185 0.0 36.0
1.2593977 29.400572 -0.87075007185 0.0 36.0
1.7236383 27.82252 -0.99514294186 0.0 35.0
1.9390931 28.611546 -1.1195358186 0.0 35.0
1.9390931 28.611546 -1.1195358187 0.0 36.0
2.1878788 29.400572 -1.1195358187 0.0 36.0
1.7236383 27.82252 -0.99514294188 2.0 35.0
1.7236383 28.64984 -0.99514294188 2.0 35.0
1.7236383 28.64984 -0.99514294189 1.0 36.0
1.7236383 29.47716 -0.99514294189 1.0 36.0
1.7236383 29.47716 -0.99514294190 0.0 37.0
1.7236383 30.30448 -0.99514294190 0.0 37.0
1.7236383 30.30448 -0.99514294191 0.0 38.0
1.7236383 31.1318 -0.99514294191 0.0 38.0
1.7236383 19.549318 -0.99514294192 12.0 25.0
2.134603 20.22701 -1.2324135192 12.0 25.0
2.134603 20.22701 -1.2324135193 11.0 26.0
2.5455678 20.904703 -1.4696841193 11.0 26.0
2.5455678 20.904703 -1.4696841194 10.0 27.0
2.9565325 21.582396 -1.7069547194 10.0 27.0
2.9565325 21.582396 -1.7069547195 9.0 28.0
3.3674972 22.260088 -1.9442253195 9.0 28.0
3.3674972 22.260088 -1.9442253196 4.0 29.0
3.582952 23.049114 -2.0686183196 4.0 29.0
3.582952 23.049114 -2.0686183197 3.0 30.0
3.7984068 23.83814 -2.1930113197 3.0 30.0
3.7984068 23.83814 -2.1930113198 0.0 31.0
3.7984068 24.66546 -2.1930113198 0.0 31.0
3.7984068 24.66546 -2.1930113199 0.0 32.0
3.7984068 25.49278 -2.1930113199 0.0 32.0
3.7984068 23.83814 -2.1930113200 0.0 31.0
4.2093716 24.515833 -2.4302819200 0.0 31.0
4.2093716 24.515833 -2.4302819201 0.0 32.0
4.6839128 25.193525 -2.4302819201 0.0 32.0
3.7984068 23.83814 -2.1930113202 2.0 31.0
4.0471926 24.627167 -2.1930113202 2.0 31.0
4.0471926 24.627167 -2.1930113203 1.0 32.0
4.2959785 25.416193 -2.1930113203 1.0 32.0
4.2959785 25.416193 -2.1930113204 0.0 33.0
4.5447645 26.20522 -2.1930113204 0.0 33.0
4.5447645 26.20522 -2.1930113205 0.0 34.0
4.7935505 26.994246 -2.1930113205 0.0 34.0
3.3674972 22.260088 -1.9442253206 4.0 29.0
3.9359286 22.763714 -2.2724094206 4.0 29.0
3.9359286 22.763714 -2.2724094207 3.0 30.0
4.50436 23.26734 -2.6005936207 3.0 30.0
4.50436 23.26734 -2.6005936208 0.0 31.0
4.9153247 23.945032 -2.8378642208 0.0 31.0
4.9153247 23.945032 -2.8378642209 0.0 32.0
5.389866 24.622725 -2.8378642209 0.0 32.0
4.50436 23.26734 -2.6005936210 0.0 31.0
5.177638 23.550276 -2.9893107210 0.0 31.0
5.177638 23.550276 -2.9893107211 0.0 32.0
5.9550724 23.833212 -2.9893107211 0.0 32.0
4.50436 23.26734 -2.6005936212 2.0 31.0
5.1607285 23.770966 -2.6005936212 2.0 31.0
5.1607285 23.770966 -2.6005936213 1.0 32.0
5.8170967 24.274591 -2.6005936213 1.0 32.0
5.8170967 24.274591 -2.6005936214 0.0 33.0
6.473465 24.778217 -2.6005936214 0.0 33.0
6.473465 24.778217 -2.6005936215 0.0 34.0
7.129833 25.281843 -2.6005936215 0.0 34.0
3.3674972 22.260088 -1.9442253216 8.0 29.0
3.8420384 22.93778 -1.9442253216 8.0 29.0
3.8420384 22.93778 -1.9442253217 7.0 30.0
4.31658 23.615473 -1.9442253217 7.0 30.0
4.31658 23.615473 -1.9442253218 6.0 31.0
4.791121 24.293165 -1.9442253218 6.0 31.0
4.791121 24.293165 -1.9442253219 5.0 32.0
5.265662 24.970858 -1.9442253219 5.0 32.0
5.265662 24.970858 -1.9442253220 4.0 33.0
5.7402034 25.64855 -1.9442253220 4.0 33.0
5.7402034 25.64855 -1.9442253221 3.0 34.0
6.2147446 26.326242 -1.9442253221 3.0 34.0
6.2147446 26.326242 -1.9442253222 0.0 35.0
6.430199 27.115269 -2.0686183222 0.0 35.0
6.430199 27.115269 -2.0686183223 0.0 36.0
6.6789846 27.904295 -2.0686183223 0.0 36.0
6.2147446 26.326242 -1.9442253224 0.0 35.0
6.783176 26.829868 -2.2724094224 0.0 35.0
6.783176 26.829868 -2.2724094225 0.0 36.0
7.439544 27.333494 -2.2724094225 0.0 36.0
6.2147446 26.326242 -1.9442253226 2.0 35.0
6.6892858 27.003935 -1.9442253226 2.0 35.0
6.6892858 27.003935 -1.9442253227 1.0 36.0
7.163827 27.681627 -1.9442253227 1.0 36.0
7.163827 27.681627 -1.9442253228 0.0 37.0
7.638368 28.35932 -1.9442253228 0.0 37.0
7.638368 28.35932 -1.9442253229 0.0 38.0
8.112909 29.037012 -1.9442253229 0.0 38.0
1.7236383 19.549318 -0.99514294230 20.0 25.0
1.972424 20.338345 -0.99514294230 20.0 25.0
1.972424 20.338345 -0.99514294231 19.0 26.0
2.2212098 21.12737 -0.99514294231 19.0 26.0
2.2212098 21.12737 -0.99514294232 18.0 27.0
2.4699955 21.916397 -0.99514294232 18.0 27.0
2.4699955 21.916397 -0.99514294233 17.0 28.0
2.7187812 22.705423 -0.99514294233 17.0 28.0
2.7187812 22.705423 -0.99514294234 16.0 29.0
2.967567 23.49445 -0.99514294234 16.0 29.0
2.967567 23.49445 -0.99514294235 15.0 30.0
3.2163527 24.283476 -0.99514294235 15.0 30.0
3.2163527 24.283476 -0.99514294236 14.0 31.0
3.4651384 25.072502 -0.99514294236 14.0 31.0
3.4651384 25.072502 -0.99514294237 13.0 32.0
3.7139242 25.861528 -0.99514294237 13.0 32.0
3.7139242 25.861528 -0.99514294238 12.0 33.0
3.96271 26.650555 -0.99514294238 12.0 33.0
3.96271 26.650555 -0.99514294239 11.0 34.0
4.2114954 27.43958 -0.99514294239 11.0 34.0
4.2114954 27.43958 -0.99514294240 10.0 35.0
4.4602814 28.228607 -0.99514294240 10.0 35.0
4.4602814 28.228607 -0.99514294241 9.0 36.0
4.7090673 29.017633 -0.99514294241 9.0 36.0
4.7090673 29.017633 -0.99514294242 4.0 37.0
4.7090673 29.844954 -0.99514294242 4.0 37.0
4.7090673 29.844954 -0.99514294243 3.0 38.0
4.7090673 30.672274 -0.99514294243 3.0 38.0
4.7090673 30.672274 -0.99514294244 0.0 39.0
4.493613 31.4613 -0.87075007244 0.0 39.0
4.493613 31.4613 -0.87075007245 0.0 40.0
4.2448273 32.250328 -0.87075007245 0.0 40.0
4.7090673 30.672274 -0.99514294246 0.0 39.0
4.924522 31.4613 -1.1195358246 0.0 39.0
4.924522 31.4613 -1.1195358247 0.0 40.0
5.1733074 32.250328 -1.1195358247 0.0 40.0
4.7090673 30.672274 -0.99514294248 2.0 39.0
4.7090673 31.499594 -0.99514294248 2.0 39.0
4.7090673 31.499594 -0.99514294249 1.0 40.0
4.7090673 32.326912 -0.99514294249 1.0 40.0
4.7090673 32.326912 -0.99514294250 0.0 41.0
4.7090673 33.154232 -0.99514294250 0.0 41.0
4.7090673 33.154232 -0.99514294251 0.0 42.0
4.7090673 33.981552 -0.99514294251 0.0 42.0
4.7090673 29.017633 -0.99514294252 4.0 37.0
5.120032 29.695326 -1.2324135252 4.0 37.0
5.120032 29.695326 -1.2324135253 3.0 38.0
5.5309963 30.373018 -1.4696841253 3.0 38.0
5.5309963 30.373018 -1.4696841254 0.0 39.0
5.746451 31.162045 -1.594077254 0.0 39.0
5.746451 31.162045 -1.594077255 0.0 40.0
5.9952364 31.95107 -1.594077255 0.0 40.0
5.5309963 30.373018 -1.4696841256 0.0 39.0
6.0994277 30.876644 -1.7978681256 0.0 39.0
6.0994277 30.876644 -1.7978681257 0.0 40.0
6.755796 31.38027 -1.7978681257 0.0 40.0
5.5309963 30.373018 -1.4696841258 2.0 39.0
6.0055375 31.05071 -1.4696841258 2.0 39.0
6.0055375 31.05071 -1.4696841259 1.0 40.0
6.4800787 31.728403 -1.4696841259 1.0 40.0
6.4800787 31.728403 -1.4696841260 0.0 41.0
6.95462 32.406097 -1.4696841260 0.0 41.0
6.95462 32.406097 -1.4696841261 0.0 42.0
7.429161 33.08379 -1.4696841261 0.0 42.0
4.7090673 29.017633 -0.99514294262 8.0 37.0
4.9578533 29.80666 -0.99514294262 8.0 37.0
4.9578533 29.80666 -0.99514294263 7.0 38.0
5.2066393 30.595686 -0.99514294263 7.0 38.0
5.2066393 30.595686 -0.99514294264 6.0 39.0
5.4554253 31.384712 -0.99514294264 6.0 39.0
5.4554253 31.384712 -0.99514294265 5.0 40.0
5.704211 32.17374 -0.99514294265 5.0 40.0
5.704211 32.17374 -0.99514294266 4.0 41.0
5.952997 32.96277 -0.99514294266 4.0 41.0
5.952997 32.96277 -0.99514294267 3.0 42.0
6.201783 33.751797 -0.99514294267 3.0 42.0
6.201783 33.751797 -0.99514294268 0.0 43.0
6.201783 34.579117 -0.99514294268 0.0 43.0
6.201783 34.579117 -0.99514294269 0.0 44.0
6.201783 35.406437 -0.99514294269 0.0 44.0
6.201783 33.751797 -0.99514294270 0.0 43.0
6.6127477 34.42949 -1.2324135270 0.0 43.0
6.6127477 34.42949 -1.2324135271 0.0 44.0
7.087289 35.10718 -1.2324135271 0.0 44.0
6.201783 33.751797 -0.99514294272 2.0 43.0
6.450569 34.540825 -0.99514294272 2.0 43.0
6.450569 34.540825 -0.99514294273 1.0 44.0
6.699355 35.329853 -0.99514294273 1.0 44.0
6.699355 35.329853 -0.99514294274 0.0 45.0
6.948141 36.11888 -0.99514294274 0.0 45.0
6.948141 36.11888 -0.99514294275 0.0 46.0
7.196927 36.90791 -0.99514294275 0.0 46.0
0.0 13.237107 0.0276 44.0 17.0
0.0 14.064426 0.0276 44.0 17.0
0.0 14.064426 0.0277 43.0 18.0
0.0 14.891746 0.0277 43.0 18.0
0.0 14.891746 0.0278 42.0 19.0
0.0 15.719065 0.0278 42.0 19.0
0.0 15.719065 0.0279 41.0 20.0
0.0 16.546385 0.0279 41.0 20.0
0.0 16.546385 0.0280 40.0 21.0
0.0 17.373705 0.0280 40.0 21.0
0.0 17.373705 0.0281 39.0 22.0
0.0 18.201025 0.0281 39.0 22.0
0.0 18.201025 0.0282 38.0 23.0
0.0 19.028345 0.0282 38.0 23.0
0.0 19.028345 0.0283 37.0 24.0
0.0 19.855665 0.0283 37.0 24.0
0.0 19.855665 0.0284 36.0 25.0
0.0 20.682985 0.0284 36.0 25.0
0.0 20.682985 0.0285 35.0 26.0
0.0 21.510305 0.0285 35.0 26.0
0.0 21.510305 0.0286 34.0 27.0
0.0 22.337626 0.0286 34.0 27.0
0.0 22.337626 0.0287 33.0 28.0
0.0 23.164946 0.0287 33.0 28.0
0.0 23.164946 0.0288 32.0 29.0
0.0 23.992266 0.0288 32.0 29.0
0.0 23.992266 0.0289 31.0 30.0
0.0 24.819586 0.0289 31.0 30.0
0.0 24.819586 0.0290 30.0 31.0
0.0 25.646906 0.0290 30.0 31.0
0.0 25.646906 0.0291 29.0 32.0
0.0 26.474226 0.0291 29.0 32.0
0.0 26.474226 0.0292 28.0 33.0
0.0 27.301546 0.0292 28.0 33.0
0.0 27.301546 0.0293 27.0 34.0
0.0 28.128866 0.0293 27.0 34.0
0.0 28.128866 0.0294 26.0 35.0
0.0 28.956186 0.0294 26.0 35.0
0.0 28.956186 0.0295 25.0 36.0
0.0 29.783506 0.0295 25.0 36.0
0.0 29.783506 0.0296 24.0 37.0
0.0 30.610826 0.0296 24.0 37.0
0.0 30.610826 0.0297 23.0 38.0
0.0 31.438147 0.0297 23.0 38.0
0.0 31.438147 0.0298 22.0 39.0
0.0 32.265465 0.0298 22.0 39.0
0.0 32.265465 0.0299 21.0 40.0
0.0 33.092785 0.0299 21.0 40.0
0.0 33.092785 0.0300 12.0 41.0
-0.21545476 33.881813 0.12439287300 12.0 41.0
-0.21545476 33.881813 0.12439287301 11.0 42.0
-0.4309095 34.67084 0.24878573301 11.0 42.0
-0.4309095 34.67084 0.24878573302 10.0 43.0
-0.6463643 35.45987 0.3731786302 10.0 43.0
-0.6463643 35.45987 0.3731786303 9.0 44.0
-0.861819 36.248898 0.49757147303 9.0 44.0
-0.861819 36.248898 0.49757147304 4.0 45.0
-1.2727838 36.92659 0.73484206304 4.0 45.0
-1.2727838 36.92659 0.73484206305 3.0 46.0
-1.6837485 37.604282 0.97211266305 3.0 46.0
-1.6837485 37.604282 0.97211266306 0.0 47.0
-2.2521799 38.107906 1.3002967306 0.0 47.0
-2.2521799 38.107906 1.3002967307 0.0 48.0
-2.9085479 38.61153 1.3002967307 0.0 48.0
-1.6837485 37.604282 0.97211266308 0.0 47.0
-1.8992033 38.39331 1.0965055308 0.0 47.0
-1.8992033 38.39331 1.0965055309 0.0 48.0
-2.147989 39.18234 1.0965055309 0.0 48.0
-1.6837485 37.604282 0.97211266310 2.0 47.0
-2.1582897 38.281975 0.97211266310 2.0 47.0
-2.1582897 38.281975 0.97211266311 1.0 48.0
-2.6328309 38.959667 0.97211266311 1.0 48.0
-2.6328309 38.959667 0.97211266312 0.0 49.0
-3.107372 39.63736 0.97211266312 0.0 49.0
-3.107372 39.63736 0.97211266313 0.0 50.0
-3.5819132 40.315052 0.97211266313 0.0 50.0
-0.861819 36.248898 0.49757147314 4.0 45.0
-0.861819 37.076218 0.49757147314 4.0 45.0
-0.861819 37.076218 0.49757147315 3.0 46.0
-0.861819 37.903538 0.49757147315 3.0 46.0
-0.861819 37.903538 0.49757147316 0.0 47.0
-1.0772738 38.692566 0.62196434316 0.0 47.0
-1.0772738 38.692566 0.62196434317 0.0 48.0
-1.3260596 39.481594 0.62196434317 0.0 48.0
-0.861819 37.903538 0.49757147318 0.0 47.0
-0.6463643 38.692566 0.3731786318 0.0 47.0
-0.6463643 38.692566 0.3731786319 0.0 48.0
-0.39757854 39.481594 0.3731786319 0.0 48.0
-0.861819 37.903538 0.49757147320 2.0 47.0
-0.861819 38.730858 0.49757147320 2.0 47.0
-0.861819 38.730858 0.49757147321 1.0 48.0
-0.861819 39.558178 0.49757147321 1.0 48.0
-0.861819 39.558178 0.49757147322 0.0 49.0
-0.861819 40.385498 0.49757147322 0.0 49.0
-0.861819 40.385498 0.49757147323 0.0 50.0
-0.861819 41.21282 0.49757147323 0.0 50.0
-0.861819 36.248898 0.49757147324 8.0 45.0
-1.1106048 37.037926 0.49757147324 8.0 45.0
-1.1106048 37.037926 0.49757147325 7.0 46.0
-1.3593905 37.826954 0.49757147325 7.0 46.0
-1.3593905 37.826954 0.49757147326 6.0 47.0
-1.6081762 38.615982 0.49757147326 6.0 47.0
-1.6081762 38.615982 0.49757147327 5.0 48.0
-1.856962 39.40501 0.49757147327 5.0 48.0
-1.856962 39.40501 0.49757147328 4.0 49.0
-2.1057477 40.19404 0.49757147328 4.0 49.0
-2.1057477 40.19404 0.49757147329 3.0 50.0
-2.3545334 40.983067 0.49757147329 3.0 50.0
-2.3545334 40.983067 0.49757147330 0.0 51.0
-2.7654982 41.66076 0.73484206330 0.0 51.0
-2.7654982 41.66076 0.73484206331 0.0 52.0
-3.2400393 42.33845 0.73484206331 0.0 52.0
-2.3545334 40.983067 0.49757147332 0.0 51.0
-2.3545334 41.810387 0.49757147332 0.0 51.0
-2.3545334 41.810387 0.49757147333 0.0 52.0
-2.3545334 42.637707 0.49757147333 0.0 52.0
-2.3545334 40.983067 0.49757147334 2.0 51.0
-2.6033192 41.772095 0.49757147334 2.0 51.0
-2.6033192 41.772095 0.49757147335 1.0 52.0
-2.852105 42.561123 0.49757147335 1.0 52.0
-2.852105 42.561123 0.49757147336 0.0 53.0
-3.1008906 43.35015 0.49757147336 0.0 53.0
-3.1008906 43.35015 0.49757147337 0.0 54.0
-3.3496764 44.13918 0.49757147337 0.0 54.0
0.0 33.092785 0.0338 12.0 41.0
0.21545476 33.881813 -0.12439287338 12.0 41.0
0.21545476 33.881813 -0.12439287339 11.0 42.0
0.4309095 34.67084 -0.24878573339 11.0 42.0
0.4309095 34.67084 -0.24878573340 10.0 43.0
0.6463643 35.45987 -0.3731786340 10.0 43.0
0.6463643 35.45987 -0.3731786341 9.0 44.0
0.861819 36.248898 -0.49757147341 9.0 44.0
0.861819 36.248898 -0.49757147342 4.0 45.0
0.861819 37.076218 -0.49757147342 4.0 45.0
0.861819 37.076218 -0.49757147343 3.0 46.0
0.861819 37.903538 -0.49757147343 3.0 46.0
0.861819 37.903538 -0.49757147344 0.0 47.0
0.6463643 38.692566 -0.3731786344 0.0 47.0
0.6463643 38.692566 -0.3731786345 0.0 48.0
0.39757854 39.481594 -0.3731786345 0.0 48.0
0.861819 37.903538 -0.49757147346 0.0 47.0
1.0772738 38.692566 -0.62196434346 0.0 47.0
1.0772738 38.692566 -0.62196434347 0.0 48.0
1.3260596 39.481594 -0.62196434347 0.0 48.0
0.861819 37.903538 -0.49757147348 2.0 47.0
0.861819 38.730858 -0.49757147348 2.0 47.0
0.861819 38.730858 -0.49757147349 1.0 48.0
0.861819 39.558178 -0.49757147349 1.0 48.0
0.861819 39.558178 -0.49757147350 0.0 49.0
0.861819 40.385498 -0.49757147350 0.0 49.0
0.861819 40.385498 -0.49757147351 0.0 50.0
0.861819 41.21282 -0.49757147351 0.0 50.0
0.861819 36.248898 -0.49757147352 4.0 45.0
1.2727838 36.92659 -0.73484206352 4.0 45.0
1.2727838 36.92659 -0.73484206353 3.0 46.0
1.6837485 37.604282 -0.97211266353 3.0 46.0
1.6837485 37.604282 -0.97211266354 0.0 47.0
1.8992033 38.39331 -1.0965055354 0.0 47.0
1.8992033 38.39331 -1.0965055355 0.0 48.0
2.147989 39.18234 -1.0965055355 0.0 48.0
1.6837485 37.604282 -0.97211266356 0.0 47.0
2.2521799 38.107906 -1.3002967356 0.0 47.0
2.2521799 38.107906 -1.3002967357 0.0 48.0
2.9085479 38.61153 -1.3002967357 0.0 48.0
1.6837485 37.604282 -0.97211266358 2.0 47.0
2.1582897 38.281975 -0.97211266358 2.0 47.0
2.1582897 38.281975 -0.97211266359 1.0 48.0
2.6328309 38.959667 -0.97211266359 1.0 48.0
2.6328309 38.959667 -0.97211266360 0.0 49.0
3.107372 39.63736 -0.97211266360 0.0 49.0
3.107372 39.63736 -0.97211266361 0.0 50.0
3.5819132 40.315052 -0.97211266361 0.0 50.0
0.861819 36.248898 -0.49757147362 8.0 45.0
1.1106048 37.037926 -0.49757147362 8.0 45.0
1.1106048 37.037926 -0.49757147363 7.0 46.0
1.3593905 37.826954 -0.49757147363 7.0 46.0
1.3593905 37.826954 -0.49757147364 6.0 47.0
1.6081762 38.615982 -0.49757147364 6.0 47.0
1.6081762 38.615982 -0.49757147365 5.0 48.0
1.856962 39.40501 -0.49757147365 5.0 48.0
1.856962 39.40501 -0.49757147366 4.0 49.0
2.1057477 40.19404 -0.49757147366 4.0 49.0
2.1057477 40.19404 -0.49757147367 3.0 50.0
2.3545334 40.983067 -0.49757147367 3.0 50.0
2.3545334 40.983067 -0.49757147368 0.0 51.0
2.3545334 41.810387 -0.49757147368 0.0 51.0
2.3545334 41.810387 -0.49757147369 0.0 52.0
2.3545334 42.637707 -0.49757147369 0.0 52.0
2.3545334 40.983067 -0.49757147370 0.0 51.0
2.7654982 41.66076 -0.73484206370 0.0 51.0
2.7654982 41.66076 -0.73484206371 0.0 52.0
3.2400393 42.33845 -0.73484206371 0.0 52.0
2.3545334 40.983067 -0.49757147372 2.0 51.0
2.6033192 41.772095 -0.49757147372 2.0 51.0
2.6033192 41.772095 -0.49757147373 1.0 52.0
2.852105 42.561123 -0.49757147373 1.0 52.0
2.852105 42.561123 -0.49757147374 0.0 53.0
3.1008906 43.35015 -0.49757147374 0.0 53.0
3.1008906 43.35015 -0.49757147375 0.0 54.0
3.3496764 44.13918 -0.49757147375 0.0 54.0
0.0 33.092785 0.0376 20.0 41.0
0.0 33.920105 0.0376 20.0 41.0
0.0 33.920105 0.0377 19.0 42.0
0.0 34.747425 0.0377 19.0 42.0
0.0 34.747425 0.0378 18.0 43.0
0.0 35.574745 0.0378 18.0 43.0
0.0 35.574745 0.0379 17.0 44.0
0.0 36.402065 0.0379 17.0 44.0
0.0 36.402065 0.0380 16.0 45.0
0.0 37.229385 0.0380 16.0 45.0
0.0 37.229385 0.0381 15.0 46.0
0.0 38.056705 0.0381 15.0 46.0
0.0 38.056705 0.0382 14.0 47.0
0.0 38.884026 0.0382 14.0 47.0
0.0 38.884026 0.0383 13.0 48.0
0.0 39.711346 0.0383 13.0 48.0
0.0 39.711346 0.0384 12.0 49.0
0.0 40.538666 0.0384 12.0 49.0
0.0 40.538666 0.0385 11.0 50.0
0.0 41.365986 0.0385 11.0 50.0
0.0 41.365986 0.0386 10.0 51.0
0.0 42.193306 0.0386 10.0 51.0
0.0 42.193306 0.0387 9.0 52.0
0.0 43.020626 0.0387 9.0 52.0
0.0 43.020626 0.0388 4.0 53.0
-0.21545476 43.809654 0.12439287388 4.0 53.0
-0.21545476 43.809654 0.12439287389 3.0 54.0
-0.4309095 44.598682 0.24878573389 3.0 54.0
-0.4309095 44.598682 0.24878573390 0.0 55.0
-0.84187424 45.276375 0.48605633390 0.0 55.0
-0.84187424 45.276375 0.48605633391 0.0 56.0
-1.3164154 45.954067 0.48605633391 0.0 56.0
-0.4309095 44.598682 0.24878573392 0.0 55.0
-0.4309095 45.426003 0.24878573392 0.0 55.0
-0.4309095 45.426003 0.24878573393 0.0 56.0
-0.4309095 46.253323 0.24878573393 0.0 56.0
-0.4309095 44.598682 0.24878573394 2.0 55.0
-0.67969525 45.38771 0.24878573394 2.0 55.0
-0.67969525 45.38771 0.24878573395 1.0 56.0
-0.928481 46.17674 0.24878573395 1.0 56.0
-0.928481 46.17674 0.24878573396 0.0 57.0
-1.1772667 46.965767 0.24878573396 0.0 57.0
-1.1772667 46.965767 0.24878573397 0.0 58.0
-1.4260525 47.754795 0.24878573397 0.0 58.0
0.0 43.020626 0.0398 4.0 53.0
0.21545476 43.809654 -0.12439287398 4.0 53.0
0.21545476 43.809654 -0.12439287399 3.0 54.0
0.4309095 44.598682 -0.24878573399 3.0 54.0
0.4309095 44.598682 -0.24878573400 0.0 55.0
0.4309095 45.426003 -0.24878573400 0.0 55.0
0.4309095 45.426003 -0.24878573401 0.0 56.0
0.4309095 46.253323 -0.24878573401 0.0 56.0
0.4309095 44.598682 -0.24878573402 0.0 55.0
0.84187424 45.276375 -0.48605633402 0.0 55.0
0.84187424 45.276375 -0.48605633403 0.0 56.0
1.3164154 45.954067 -0.48605633403 0.0 56.0
0.4309095 44.598682 -0.24878573404 2.0 55.0
0.67969525 45.38771 -0.24878573404 2.0 55.0
0.67969525 45.38771 -0.24878573405 1.0 56.0
0.928481 46.17674 -0.24878573405 1.0 56.0
0.928481 46.17674 -0.24878573406 0.0 57.0
1.1772667 46.965767 -0.24878573406 0.0 57.0
1.1772667 46.965767 -0.24878573407 0.0 58.0
1.4260525 47.754795 -0.24878573407 0.0 58.0
0.0 43.020626 0.0408 8.0 53.0
0.0 43.847946 0.0408 8.0 53.0
0.0 43.847946 0.0409 7.0 54.0
0.0 44.675266 0.0409 7.0 54.0
0.0 44.675266 0.0410 6.0 55.0
0.0 45.502586 0.0410 6.0 55.0
0.0 45.502586 0.0411 5.0 56.0
0.0 46.329906 0.0411 5.0 56.0
0.0 46.329906 0.0412 4.0 57.0
0.0 47.157227 0.0412 4.0 57.0
0.0 47.157227 0.0413 3.0 58.0
0.0 47.984547 0.0413 3.0 58.0
0.0 47.984547 0.0414 0.0 59.0
-0.21545476 48.773575 0.12439287414 0.0 59.0
-0.21545476 48.773575 0.12439287415 0.0 60.0
-0.4642405 49.562603 0.12439287415 0.0 60.0
0.0 47.984547 0.0416 0.0 59.0
0.21545476 48.773575 -0.12439287416 0.0 59.0
0.21545476 48.773575 -0.12439287417 0.0 60.0
0.4642405 49.562603 -0.12439287417 0.0 60.0
0.0 47.984547 0.0418 2.0 59.0
0.0 48.811867 0.0418 2.0 59.0
0.0 48.811867 0.0419 1.0 60.0
0.0 49.639187 0.0419 1.0 60.0
0.0 49.639187 0.0420 0.0 61.0
0.0 50.466507 0.0420 0.0 61.0
0.0 50.466507 0.0421 0.0 62.0
0.0 51.293827 0.0421 0.0 62.0
