0.0 0.0 0.00 30.0 1.0
0.0 4.8040557 0.00 30.0 1.0
0.0 4.8040557 0.01 0.0 2.0
-2.664497 8.493621 1.5383481 0.0 2.0
0.0 4.8040557 0.02 29.0 2.0
0.0 9.608111 0.02 29.0 2.0
0.0 9.608111 0.03 0.0 3.0
2.664497 13.297677 -1.5383483 0.0 3.0
2.664497 13.297677 -1.5383484 0.0 4.0
2.664497 18.101732 -1.5383484 0.0 4.0
2.664497 13.297677 -1.5383485 0.0 4.0
5.741193 16.987242 -1.5383485 0.0 4.0
0.0 9.608111 0.06 28.0 3.0
0.0 14.412167 0.06 28.0 3.0
0.0 14.412167 0.07 0.0 4.0
-2.664497 18.101732 1.5383487 0.0 4.0
0.0 14.412167 0.08 27.0 4.0
0.0 19.216223 0.08 27.0 4.0
0.0 19.216223 0.09 2.0 5.0
-2.664497 22.905788 1.5383489 2.0 5.0
-2.664497 22.905788 1.53834810 0.0 6.0
-6.7572203 23.768984 3.901282810 0.0 6.0
-2.664497 22.905788 1.53834811 1.0 6.0
-5.741193 26.595354 1.53834811 1.0 6.0
-5.741193 26.595354 1.53834812 0.0 7.0
-5.741193 31.39941 1.53834812 0.0 7.0
-5.741193 31.39941 1.53834813 0.0 8.0
-8.405689 35.088974 3.07669613 0.0 8.0
-5.741193 31.39941 1.53834814 0.0 8.0
-5.741193 36.203465 1.53834814 0.0 8.0
-5.741193 26.595354 1.53834815 0.0 7.0
-8.817888 30.28492 1.53834815 0.0 7.0
-8.817888 30.28492 1.53834816 0.0 8.0
-12.910612 31.148115 3.901282816 0.0 8.0
-8.817888 30.28492 1.53834817 0.0 8.0
-11.894585 33.974483 1.53834817 0.0 8.0
0.0 19.216223 0.018 26.0 5.0
0.0 24.020279 0.018 26.0 5.0
0.0 24.020279 0.019 0.0 6.0
-2.664497 27.709845 1.53834819 0.0 6.0
0.0 24.020279 0.020 25.0 6.0
0.0 28.824335 0.020 25.0 6.0
0.0 28.824335 0.021 0.0 7.0
2.664497 32.5139 -1.53834821 0.0 7.0
2.664497 32.5139 -1.53834822 0.0 8.0
2.664497 37.317955 -1.53834822 0.0 8.0
2.664497 32.5139 -1.53834823 0.0 8.0
5.741193 36.203465 -1.53834823 0.0 8.0
0.0 28.824335 0.024 24.0 7.0
0.0 33.62839 0.024 24.0 7.0
0.0 33.62839 0.025 0.0 8.0
-2.664497 37.317955 1.53834825 0.0 8.0
0.0 33.62839 0.026 23.0 8.0
0.0 38.432446 0.026 23.0 8.0
0.0 38.432446 0.027 6.0 9.0
-2.664497 42.12201 1.53834827 6.0 9.0
-2.664497 42.12201 1.53834828 0.0 10.0
-6.7572203 42.985203 3.901282828 0.0 10.0
-2.664497 42.12201 1.53834829 5.0 10.0
-5.741193 45.811573 1.53834829 5.0 10.0
-5.741193 45.811573 1.53834830 0.0 11.0
-5.741193 50.615627 1.53834830 0.0 11.0
-5.741193 50.615627 1.53834831 0.0 12.0
-8.405689 54.30519 3.07669631 0.0 12.0
-5.741193 50.615627 1.53834832 0.0 12.0
-5.741193 55.41968 1.53834832 0.0 12.0
-5.741193 45.811573 1.53834833 4.0 11.0
-8.817888 49.501137 1.53834833 4.0 11.0
-8.817888 49.501137 1.53834834 0.0 12.0
-12.910612 50.36433 3.901282834 0.0 12.0
-8.817888 49.501137 1.53834835 3.0 12.0
-11.894585 53.1907 1.53834835 3.0 12.0
-11.894585 53.1907 1.53834836 2.0 13.0
-15.9873085 54.053894 3.901282836 2.0 13.0
-15.9873085 54.053894 3.901282837 0.0 14.0
-19.609322 51.690216 5.992452637 0.0 14.0
-15.9873085 54.053894 3.901282838 1.0 14.0
-20.713179 54.917088 3.901282838 1.0 14.0
-20.713179 54.917088 3.901282839 0.0 15.0
-23.377676 58.60665 5.439630539 0.0 15.0
-23.377676 58.60665 5.439630540 0.0 16.0
-27.4704 59.469845 7.802565640 0.0 16.0
-23.377676 58.60665 5.439630541 0.0 16.0
-26.454372 62.296215 5.439630541 0.0 16.0
-20.713179 54.917088 3.901282842 0.0 15.0
-25.439049 55.78028 3.901282842 0.0 15.0
-25.439049 55.78028 3.901282843 0.0 16.0
-29.061062 53.416603 5.992452643 0.0 16.0
-25.439049 55.78028 3.901282844 0.0 16.0
-30.164919 56.643475 3.901282844 0.0 16.0
-11.894585 53.1907 1.53834845 2.0 13.0
-14.971281 56.880264 1.53834845 2.0 13.0
-14.971281 56.880264 1.53834846 0.0 14.0
-19.064005 57.743458 3.901282846 0.0 14.0
-14.971281 56.880264 1.53834847 1.0 14.0
-18.047977 60.569828 1.53834847 1.0 14.0
-18.047977 60.569828 1.53834848 0.0 15.0
-18.047977 65.373886 1.53834848 0.0 15.0
-18.047977 65.373886 1.53834849 0.0 16.0
-20.712475 69.06345 3.07669649 0.0 16.0
-18.047977 65.373886 1.53834850 0.0 16.0
-18.047977 70.17794 1.53834850 0.0 16.0
-18.047977 60.569828 1.53834851 0.0 15.0
-21.124674 64.25939 1.53834851 0.0 15.0
-21.124674 64.25939 1.53834852 0.0 16.0
-25.217398 65.12259 3.901282852 0.0 16.0
-21.124674 64.25939 1.53834853 0.0 16.0
-24.20137 67.94896 1.53834853 0.0 16.0
0.0 38.432446 0.054 22.0 9.0
0.0 43.2365 0.054 22.0 9.0
0.0 43.2365 0.055 0.0 10.0
-2.664497 46.926064 1.53834855 0.0 10.0
0.0 43.2365 0.056 21.0 10.0
0.0 48.040554 0.056 21.0 10.0
0.0 48.040554 0.057 0.0 11.0
2.664497 51.730118 -1.53834857 0.0 11.0
2.664497 51.730118 -1.53834858 0.0 12.0
2.664497 56.534172 -1.53834858 0.0 12.0
2.664497 51.730118 -1.53834859 0.0 12.0
5.741193 55.41968 -1.53834859 0.0 12.0
0.0 48.040554 0.060 20.0 11.0
0.0 52.84461 0.060 20.0 11.0
0.0 52.84461 0.061 0.0 12.0
-2.664497 56.534172 1.53834861 0.0 12.0
0.0 52.84461 0.062 19.0 12.0
0.0 57.648663 0.062 19.0 12.0
0.0 57.648663 0.063 2.0 13.0
-2.664497 61.338226 1.53834863 2.0 13.0
-2.664497 61.338226 1.53834864 0.0 14.0
-6.7572203 62.20142 3.901282864 0.0 14.0
-2.664497 61.338226 1.53834865 1.0 14.0
-5.741193 65.027794 1.53834865 1.0 14.0
-5.741193 65.027794 1.53834866 0.0 15.0
-5.741193 69.83185 1.53834866 0.0 15.0
-5.741193 69.83185 1.53834867 0.0 16.0
-8.405689 73.521416 3.07669667 0.0 16.0
-5.741193 69.83185 1.53834868 0.0 16.0
-5.741193 74.6359 1.53834868 0.0 16.0
-5.741193 65.027794 1.53834869 0.0 15.0
-8.817888 68.71736 1.53834869 0.0 15.0
-8.817888 68.71736 1.53834870 0.0 16.0
-12.910612 69.58056 3.901282870 0.0 16.0
-8.817888 68.71736 1.53834871 0.0 16.0
-11.894585 72.40693 1.53834871 0.0 16.0
0.0 57.648663 0.072 18.0 13.0
0.0 62.452717 0.072 18.0 13.0
0.0 62.452717 0.073 0.0 14.0
-2.664497 66.14228 1.53834873 0.0 14.0
0.0 62.452717 0.074 17.0 14.0
0.0 67.256775 0.074 17.0 14.0
0.0 67.256775 0.075 0.0 15.0
2.664497 70.94634 -1.53834875 0.0 15.0
2.664497 70.94634 -1.53834876 0.0 16.0
2.664497 75.7504 -1.53834876 0.0 16.0
2.664497 70.94634 -1.53834877 0.0 16.0
5.741193 74.63591 -1.53834877 0.0 16.0
0.0 67.256775 0.078 16.0 15.0
0.0 72.06083 0.078 16.0 15.0
0.0 72.06083 0.079 0.0 16.0
-2.664497 75.7504 1.53834879 0.0 16.0
0.0 72.06083 0.080 15.0 16.0
0.0 76.86488 0.080 15.0 16.0
0.0 76.86488 0.081 14.0 17.0
-2.664497 80.55445 1.53834881 14.0 17.0
-2.664497 80.55445 1.53834882 0.0 18.0
-6.7572203 81.41765 3.901282882 0.0 18.0
-2.664497 80.55445 1.53834883 13.0 18.0
-5.741193 84.24402 1.53834883 13.0 18.0
-5.741193 84.24402 1.53834884 0.0 19.0
-5.741193 89.04807 1.53834884 0.0 19.0
-5.741193 89.04807 1.53834885 0.0 20.0
-8.405689 92.73764 3.07669685 0.0 20.0
-5.741193 89.04807 1.53834886 0.0 20.0
-5.741193 93.85213 1.53834886 0.0 20.0
-5.741193 84.24402 1.53834887 12.0 19.0
-8.817888 87.933586 1.53834887 12.0 19.0
-8.817888 87.933586 1.53834888 0.0 20.0
-12.910612 88.79678 3.901282888 0.0 20.0
-8.817888 87.933586 1.53834889 11.0 20.0
-11.894585 91.62315 1.53834889 11.0 20.0
-11.894585 91.62315 1.53834890 2.0 21.0
-15.9873085 92.48635 3.901282890 2.0 21.0
-15.9873085 92.48635 3.901282891 0.0 22.0
-19.609322 90.12267 5.992452691 0.0 22.0
-15.9873085 92.48635 3.901282892 1.0 22.0
-20.713179 93.34955 3.901282892 1.0 22.0
-20.713179 93.34955 3.901282893 0.0 23.0
-23.377676 97.039116 5.439630593 0.0 23.0
-23.377676 97.039116 5.439630594 0.0 24.0
-27.4704 97.90231 7.802565694 0.0 24.0
-23.377676 97.039116 5.439630595 0.0 24.0
-26.454372 100.72868 5.439630595 0.0 24.0
-20.713179 93.34955 3.901282896 0.0 23.0
-25.439049 94.212746 3.901282896 0.0 23.0
-25.439049 94.212746 3.901282897 0.0 24.0
-29.061062 91.84907 5.992452697 0.0 24.0
-25.439049 94.212746 3.901282898 0.0 24.0
-30.164919 95.07594 3.901282898 0.0 24.0
-11.894585 91.62315 1.53834899 10.0 21.0
-14.971281 95.31272 1.53834899 10.0 21.0
-14.971281 95.31272 1.538348100 0.0 22.0
-19.064005 96.17592 3.9012828100 0.0 22.0
-14.971281 95.31272 1.538348101 9.0 22.0
-18.047977 99.00229 1.538348101 9.0 22.0
-18.047977 99.00229 1.538348102 0.0 23.0
-18.047977 103.80634 1.538348102 0.0 23.0
-18.047977 103.80634 1.538348103 0.0 24.0
-20.712475 107.49591 3.076696103 0.0 24.0
-18.047977 103.80634 1.538348104 0.0 24.0
-18.047977 108.6104 1.538348104 0.0 24.0
-18.047977 99.00229 1.538348105 8.0 23.0
-21.124674 102.69186 1.538348105 8.0 23.0
-21.124674 102.69186 1.538348106 0.0 24.0
-25.217398 103.55505 3.9012828106 0.0 24.0
-21.124674 102.69186 1.538348107 7.0 24.0
-24.20137 106.381424 1.538348107 7.0 24.0
-24.20137 106.381424 1.538348108 6.0 25.0
-28.294094 107.24462 3.9012828108 6.0 25.0
-28.294094 107.24462 3.9012828109 0.0 26.0
-31.916107 104.88094 5.9924526109 0.0 26.0
-28.294094 107.24462 3.9012828110 5.0 26.0
-33.019962 108.10782 3.9012828110 5.0 26.0
-33.019962 108.10782 3.9012828111 0.0 27.0
-35.68446 111.797386 5.4396305111 0.0 27.0
-35.68446 111.797386 5.4396305112 0.0 28.0
-39.777184 112.66058 7.8025656112 0.0 28.0
-35.68446 111.797386 5.4396305113 0.0 28.0
-38.761154 115.48695 5.4396305113 0.0 28.0
-33.019962 108.10782 3.9012828114 4.0 27.0
-37.74583 108.971016 3.9012828114 4.0 27.0
-37.74583 108.971016 3.9012828115 0.0 28.0
-41.367844 106.60734 5.9924526115 0.0 28.0
-37.74583 108.971016 3.9012828116 3.0 28.0
-42.4717 109.83421 3.9012828116 3.0 28.0
-42.4717 109.83421 3.9012828117 2.0 29.0
-46.09371 107.470535 5.9924526117 2.0 29.0
-46.09371 107.470535 5.9924526118 0.0 30.0
-47.564476 102.97668 6.841599118 0.0 30.0
-46.09371 107.470535 5.9924526119 1.0 30.0
-50.27605 105.10686 5.9924526119 1.0 30.0
-50.27605 105.10686 5.9924526120 0.0 31.0
-54.368774 105.970055 8.355388120 0.0 31.0
-54.368774 105.970055 8.355388121 0.0 32.0
-57.990788 103.60638 10.446558121 0.0 32.0
-54.368774 105.970055 8.355388122 0.0 32.0
-59.094643 106.83325 8.355388122 0.0 32.0
-50.27605 105.10686 5.9924526123 0.0 31.0
-54.45839 102.74318 5.9924526123 0.0 31.0
-54.45839 102.74318 5.9924526124 0.0 32.0
-55.929153 98.24932 6.841599124 0.0 32.0
-54.45839 102.74318 5.9924526125 0.0 32.0
-58.640728 100.3795 5.9924526125 0.0 32.0
-42.4717 109.83421 3.9012828126 2.0 29.0
-47.197567 110.69741 3.9012828126 2.0 29.0
-47.197567 110.69741 3.9012828127 0.0 30.0
-50.81958 108.33373 5.9924526127 0.0 30.0
-47.197567 110.69741 3.9012828128 1.0 30.0
-51.923435 111.56061 3.9012828128 1.0 30.0
-51.923435 111.56061 3.9012828129 0.0 31.0
-54.587933 115.250175 5.4396305129 0.0 31.0
-54.587933 115.250175 5.4396305130 0.0 32.0
-58.680656 116.11337 7.8025656130 0.0 32.0
-54.587933 115.250175 5.4396305131 0.0 32.0
-57.664627 118.93974 5.4396305131 0.0 32.0
-51.923435 111.56061 3.9012828132 0.0 31.0
-56.649303 112.423805 3.9012828132 0.0 31.0
-56.649303 112.423805 3.9012828133 0.0 32.0
-60.271317 110.06013 5.9924526133 0.0 32.0
-56.649303 112.423805 3.9012828134 0.0 32.0
-61.37517 113.287 3.9012828134 0.0 32.0
-24.20137 106.381424 1.538348135 6.0 25.0
-27.278067 110.07099 1.538348135 6.0 25.0
-27.278067 110.07099 1.538348136 0.0 26.0
-31.37079 110.93419 3.9012828136 0.0 26.0
-27.278067 110.07099 1.538348137 5.0 26.0
-30.354763 113.76056 1.538348137 5.0 26.0
-30.354763 113.76056 1.538348138 0.0 27.0
-30.354763 118.56461 1.538348138 0.0 27.0
-30.354763 118.56461 1.538348139 0.0 28.0
-33.01926 122.25418 3.076696139 0.0 28.0
-30.354763 118.56461 1.538348140 0.0 28.0
-30.354763 123.36867 1.538348140 0.0 28.0
-30.354763 113.76056 1.538348141 4.0 27.0
-33.431458 117.45013 1.538348141 4.0 27.0
-33.431458 117.45013 1.538348142 0.0 28.0
-37.52418 118.313324 3.9012828142 0.0 28.0
-33.431458 117.45013 1.538348143 3.0 28.0
-36.508152 121.139694 1.538348143 3.0 28.0
-36.508152 121.139694 1.538348144 2.0 29.0
-40.600876 122.00289 3.9012828144 2.0 29.0
-40.600876 122.00289 3.9012828145 0.0 30.0
-44.22289 119.63921 5.9924526145 0.0 30.0
-40.600876 122.00289 3.9012828146 1.0 30.0
-45.326744 122.86609 3.9012828146 1.0 30.0
-45.326744 122.86609 3.9012828147 0.0 31.0
-47.99124 126.55566 5.4396305147 0.0 31.0
-47.99124 126.55566 5.4396305148 0.0 32.0
-52.083965 127.41885 7.8025656148 0.0 32.0
-47.99124 126.55566 5.4396305149 0.0 32.0
-51.067936 130.24522 5.4396305149 0.0 32.0
-45.326744 122.86609 3.9012828150 0.0 31.0
-50.052612 123.72929 3.9012828150 0.0 31.0
-50.052612 123.72929 3.9012828151 0.0 32.0
-53.674625 121.36561 5.9924526151 0.0 32.0
-50.052612 123.72929 3.9012828152 0.0 32.0
-54.77848 124.59248 3.9012828152 0.0 32.0
-36.508152 121.139694 1.538348153 2.0 29.0
-39.584846 124.82926 1.538348153 2.0 29.0
-39.584846 124.82926 1.538348154 0.0 30.0
-43.67757 125.69246 3.9012828154 0.0 30.0
-39.584846 124.82926 1.538348155 1.0 30.0
-42.66154 128.51883 1.538348155 1.0 30.0
-42.66154 128.51883 1.538348156 0.0 31.0
-42.66154 133.32289 1.538348156 0.0 31.0
-42.66154 133.32289 1.538348157 0.0 32.0
-45.32604 137.01245 3.076696157 0.0 32.0
-42.66154 133.32289 1.538348158 0.0 32.0
-42.66154 138.12695 1.538348158 0.0 32.0
-42.66154 128.51883 1.538348159 0.0 31.0
-45.738235 132.20839 1.538348159 0.0 31.0
-45.738235 132.20839 1.538348160 0.0 32.0
-49.83096 133.07158 3.9012828160 0.0 32.0
-45.738235 132.20839 1.538348161 0.0 32.0
-48.81493 135.89795 1.538348161 0.0 32.0
0.0 76.86488 0.0162 14.0 17.0
0.0 81.66894 0.0162 14.0 17.0
0.0 81.66894 0.0163 0.0 18.0
-2.664497 85.358505 1.538348163 0.0 18.0
0.0 81.66894 0.0164 13.0 18.0
0.0 86.47299 0.0164 13.0 18.0
0.0 86.47299 0.0165 0.0 19.0
2.664497 90.16256 -1.538348165 0.0 19.0
2.664497 90.16256 -1.538348166 0.0 20.0
2.664497 94.96661 -1.538348166 0.0 20.0
2.664497 90.16256 -1.538348167 0.0 20.0
5.741193 93.85213 -1.538348167 0.0 20.0
0.0 86.47299 0.0168 12.0 19.0
0.0 91.27705 0.0168 12.0 19.0
0.0 91.27705 0.0169 0.0 20.0
-2.664497 94.96661 1.538348169 0.0 20.0
0.0 91.27705 0.0170 11.0 20.0
0.0 96.0811 0.0170 11.0 20.0
0.0 96.0811 0.0171 2.0 21.0
-2.664497 99.77067 1.538348171 2.0 21.0
-2.664497 99.77067 1.538348172 0.0 22.0
-6.7572203 100.633865 3.9012828172 0.0 22.0
-2.664497 99.77067 1.538348173 1.0 22.0
-5.741193 103.460236 1.538348173 1.0 22.0
-5.741193 103.460236 1.538348174 0.0 23.0
-5.741193 108.26429 1.538348174 0.0 23.0
-5.741193 108.26429 1.538348175 0.0 24.0
-8.405689 111.95386 3.076696175 0.0 24.0
-5.741193 108.26429 1.538348176 0.0 24.0
-5.741193 113.068344 1.538348176 0.0 24.0
-5.741193 103.460236 1.538348177 0.0 23.0
-8.817888 107.1498 1.538348177 0.0 23.0
-8.817888 107.1498 1.538348178 0.0 24.0
-12.910612 108.013 3.9012828178 0.0 24.0
-8.817888 107.1498 1.538348179 0.0 24.0
-11.894585 110.83937 1.538348179 0.0 24.0
0.0 96.0811 0.0180 10.0 21.0
0.0 100.885155 0.0180 10.0 21.0
0.0 100.885155 0.0181 0.0 22.0
-2.664497 104.57472 1.538348181 0.0 22.0
0.0 100.885155 0.0182 9.0 22.0
0.0 105.68921 0.0182 9.0 22.0
0.0 105.68921 0.0183 0.0 23.0
2.664497 109.37878 -1.538348183 0.0 23.0
2.664497 109.37878 -1.538348184 0.0 24.0
2.664497 114.18283 -1.538348184 0.0 24.0
2.664497 109.37878 -1.538348185 0.0 24.0
5.741193 113.068344 -1.538348185 0.0 24.0
0.0 105.68921 0.0186 8.0 23.0
0.0 110.49326 0.0186 8.0 23.0
0.0 110.49326 0.0187 0.0 24.0
-2.664497 114.18283 1.538348187 0.0 24.0
0.0 110.49326 0.0188 7.0 24.0
0.0 115.29732 0.0188 7.0 24.0
0.0 115.29732 0.0189 6.0 25.0
-2.664497 118.986885 1.538348189 6.0 25.0
-2.664497 118.986885 1.538348190 0.0 26.0
-6.7572203 119.85008 3.9012828190 0.0 26.0
-2.664497 118.986885 1.538348191 5.0 26.0
-5.741193 122.67645 1.538348191 5.0 26.0
-5.741193 122.67645 1.538348192 0.0 27.0
-5.741193 127.48051 1.538348192 0.0 27.0
-5.741193 127.48051 1.538348193 0.0 28.0
-8.405689 131.17007 3.076696193 0.0 28.0
-5.741193 127.48051 1.538348194 0.0 28.0
-5.741193 132.28456 1.538348194 0.0 28.0
-5.741193 122.67645 1.538348195 4.0 27.0
-8.817888 126.36602 1.538348195 4.0 27.0
-8.817888 126.36602 1.538348196 0.0 28.0
-12.910612 127.22922 3.9012828196 0.0 28.0
-8.817888 126.36602 1.538348197 3.0 28.0
-11.894585 130.05559 1.538348197 3.0 28.0
-11.894585 130.05559 1.538348198 2.0 29.0
-15.9873085 130.91878 3.9012828198 2.0 29.0
-15.9873085 130.91878 3.9012828199 0.0 30.0
-19.609322 128.5551 5.9924526199 0.0 30.0
-15.9873085 130.91878 3.9012828200 1.0 30.0
-20.713179 131.78197 3.9012828200 1.0 30.0
-20.713179 131.78197 3.9012828201 0.0 31.0
-23.377676 135.47153 5.4396305201 0.0 31.0
-23.377676 135.47153 5.4396305202 0.0 32.0
-27.4704 136.33472 7.8025656202 0.0 32.0
-23.377676 135.47153 5.4396305203 0.0 32.0
-26.454372 139.16109 5.4396305203 0.0 32.0
-20.713179 131.78197 3.9012828204 0.0 31.0
-25.439049 132.64516 3.9012828204 0.0 31.0
-25.439049 132.64516 3.9012828205 0.0 32.0
-29.061062 130.28148 5.9924526205 0.0 32.0
-25.439049 132.64516 3.9012828206 0.0 32.0
-30.164919 133.50835 3.9012828206 0.0 32.0
-11.894585 130.05559 1.538348207 2.0 29.0
-14.971281 133.74515 1.538348207 2.0 29.0
-14.971281 133.74515 1.538348208 0.0 30.0
-19.064005 134.60834 3.9012828208 0.0 30.0
-14.971281 133.74515 1.538348209 1.0 30.0
-18.047977 137.43471 1.538348209 1.0 30.0
-18.047977 137.43471 1.538348210 0.0 31.0
-18.047977 142.23877 1.538348210 0.0 31.0
-18.047977 142.23877 1.538348211 0.0 32.0
-20.712475 145.92833 3.076696211 0.0 32.0
-18.047977 142.23877 1.538348212 0.0 32.0
-18.047977 147.04283 1.538348212 0.0 32.0
-18.047977 137.43471 1.538348213 0.0 31.0
-21.124674 141.12427 1.538348213 0.0 31.0
-21.124674 141.12427 1.538348214 0.0 32.0
-25.217398 141.98746 3.9012828214 0.0 32.0
-21.124674 141.12427 1.538348215 0.0 32.0
-24.20137 144.81383 1.538348215 0.0 32.0
0.0 115.29732 0.0216 6.0 25.0
0.0 120.10137 0.0216 6.0 25.0
0.0 120.10137 0.0217 0.0 26.0
-2.664497 123.79094 1.538348217 0.0 26.0
0.0 120.10137 0.0218 5.0 26.0
0.0 124.905426 0.0218 5.0 26.0
0.0 124.905426 0.0219 0.0 27.0
2.664497 128.59499 -1.538348219 0.0 27.0
2.664497 128.59499 -1.538348220 0.0 28.0
2.664497 133.39905 -1.538348220 0.0 28.0
2.664497 128.59499 -1.538348221 0.0 28.0
5.741193 132.28455 -1.538348221 0.0 28.0
0.0 124.905426 0.0222 4.0 27.0
0.0 129.70949 0.0222 4.0 27.0
0.0 129.70949 0.0223 0.0 28.0
-2.664497 133.39905 1.538348223 0.0 28.0
0.0 129.70949 0.0224 3.0 28.0
0.0 134.51355 0.0224 3.0 28.0
0.0 134.51355 0.0225 2.0 29.0
-2.664497 138.20311 1.538348225 2.0 29.0
-2.664497 138.20311 1.538348226 0.0 30.0
-6.7572203 139.0663 3.9012828226 0.0 30.0
-2.664497 138.20311 1.538348227 1.0 30.0
-5.741193 141.89267 1.538348227 1.0 30.0
-5.741193 141.89267 1.538348228 0.0 31.0
-5.741193 146.69673 1.538348228 0.0 31.0
-5.741193 146.69673 1.538348229 0.0 32.0
-8.405689 150.38629 3.076696229 0.0 32.0
-5.741193 146.69673 1.538348230 0.0 32.0
-5.741193 151.5008 1.538348230 0.0 32.0
-5.741193 141.89267 1.538348231 0.0 31.0
-8.817888 145.58223 1.538348231 0.0 31.0
-8.817888 145.58223 1.538348232 0.0 32.0
-12.910612 146.44542 3.9012828232 0.0 32.0
-8.817888 145.58223 1.538348233 0.0 32.0
-11.894585 149.27179 1.538348233 0.0 32.0
0.0 134.51355 0.0234 2.0 29.0
0.0 139.31761 0.0234 2.0 29.0
0.0 139.31761 0.0235 0.0 30.0
-2.664497 143.00717 1.538348235 0.0 30.0
0.0 139.31761 0.0236 1.0 30.0
0.0 144.12167 0.0236 1.0 30.0
0.0 144.12167 0.0237 0.0 31.0
2.664497 147.81123 -1.538348237 0.0 31.0
2.664497 147.81123 -1.538348238 0.0 32.0
2.664497 152.6153 -1.538348238 0.0 32.0
2.664497 147.81123 -1.538348239 0.0 32.0
5.741193 151.5008 -1.538348239 0.0 32.0
0.0 144.12167 0.0240 0.0 31.0
0.0 148.92574 0.0240 0.0 31.0
0.0 148.92574 0.0241 0.0 32.0
-2.664497 152.6153 1.538348241 0.0 32.0
0.0 148.92574 0.0242 0.0 32.0
0.0 153.7298 0.0242 0.0 32.0
