0.0 0.0 0.00 27.0 1.0
0.0 3.4262812 0.00 27.0 1.0
0.0 3.4262812 0.01 26.0 2.0
0.0 6.8525624 0.01 26.0 2.0
0.0 6.8525624 0.02 1.0 3.0
2.9672465 6.852677 -1.71314062 1.0 3.0
2.9672465 6.852677 -1.71314063 0.0 4.0
5.0653715 9.275464 -2.92449383 0.0 4.0
5.0653715 9.275464 -2.92449384 0.0 5.0
5.0653715 12.701745 -2.92449384 0.0 5.0
0.0 6.8525624 0.05 1.0 3.0
-2.0981252 9.27535 1.21135315 1.0 3.0
-2.0981252 9.27535 1.21135316 0.0 4.0
-2.0981252 12.701631 1.21135316 0.0 4.0
-2.0981252 12.701631 1.21135317 0.0 5.0
0.0 15.124418 0.07 0.0 5.0
0.0 6.8525624 0.08 25.0 3.0
0.0 10.278844 0.08 25.0 3.0
0.0 10.278844 0.09 24.0 4.0
0.0 13.705125 0.09 24.0 4.0
0.0 13.705125 0.010 1.0 5.0
2.9672465 13.705239 -1.713140610 1.0 5.0
2.9672465 13.705239 -1.713140611 0.0 6.0
5.0653715 16.128027 -2.924493811 0.0 6.0
5.0653715 16.128027 -2.924493812 0.0 7.0
5.0653715 19.554308 -2.924493812 0.0 7.0
0.0 13.705125 0.013 1.0 5.0
-2.0981252 16.127913 1.211353113 1.0 5.0
-2.0981252 16.127913 1.211353114 0.0 6.0
-2.0981252 19.554193 1.211353114 0.0 6.0
-2.0981252 19.554193 1.211353115 0.0 7.0
0.0 21.97698 0.015 0.0 7.0
0.0 13.705125 0.016 7.0 5.0
2.9672465 13.705239 -1.713140616 7.0 5.0
2.9672465 13.705239 -1.713140617 6.0 6.0
5.934493 13.705354 -3.426281217 6.0 6.0
5.934493 13.705354 -3.426281218 1.0 7.0
5.9346914 10.279073 -3.42639618 1.0 7.0
5.9346914 10.279073 -3.42639619 0.0 8.0
8.032957 7.856447 -4.6378319 0.0 8.0
8.032957 7.856447 -4.6378320 0.0 9.0
11.000204 7.8565617 -6.350970320 0.0 9.0
5.934493 13.705354 -3.426281221 1.0 7.0
8.0326185 16.128141 -4.637634321 1.0 7.0
8.0326185 16.128141 -4.637634322 0.0 8.0
10.999865 16.128256 -6.35077522 0.0 8.0
10.999865 16.128256 -6.35077523 0.0 9.0
13.098129 13.70563 -7.562208723 0.0 9.0
5.934493 13.705354 -3.426281224 5.0 7.0
8.3572 16.128141 -3.426281224 5.0 7.0
8.3572 16.128141 -3.426281225 4.0 8.0
10.779906 18.550928 -3.426281225 4.0 8.0
10.779906 18.550928 -3.426281226 1.0 9.0
12.878172 16.128304 -4.637715326 1.0 9.0
12.878172 16.128304 -4.637715327 0.0 10.0
15.845419 16.128418 -6.35085627 0.0 10.0
15.845419 16.128418 -6.35085628 0.0 11.0
17.943544 18.551205 -7.56220928 0.0 11.0
10.779906 18.550928 -3.426281229 1.0 9.0
10.779906 21.97721 -3.426281529 1.0 9.0
10.779906 21.97721 -3.426281530 0.0 10.0
12.878032 24.399996 -4.637634830 0.0 10.0
12.878032 24.399996 -4.637634831 0.0 11.0
15.845278 24.40011 -6.350775231 0.0 11.0
10.779906 18.550928 -3.426281232 3.0 9.0
10.779906 21.97721 -3.426281232 3.0 9.0
10.779906 21.97721 -3.426281233 2.0 10.0
10.779906 25.40349 -3.426281233 2.0 10.0
10.779906 25.40349 -3.426281234 1.0 11.0
13.747152 25.403605 -5.13942234 1.0 11.0
13.747152 25.403605 -5.13942235 0.0 12.0
15.845278 27.826391 -6.350775235 0.0 12.0
15.845278 27.826391 -6.350775236 0.0 13.0
15.845278 31.252672 -6.350775236 0.0 13.0
10.779906 25.40349 -3.426281237 1.0 11.0
8.681782 27.826277 -2.214928237 1.0 11.0
8.681782 27.826277 -2.214928238 0.0 12.0
8.681782 31.252558 -2.214928438 0.0 12.0
8.681782 31.252558 -2.214928439 0.0 13.0
10.779907 33.675346 -3.426281539 0.0 13.0
0.0 13.705125 0.040 7.0 5.0
-2.0981252 16.127913 1.211353140 7.0 5.0
-2.0981252 16.127913 1.211353141 6.0 6.0
-4.1962504 18.5507 2.422706141 6.0 6.0
-4.1962504 18.5507 2.422706142 1.0 7.0
-2.0981252 20.973486 1.211353142 1.0 7.0
-2.0981252 20.973486 1.211353143 0.0 8.0
-2.0981252 24.399767 1.211353143 0.0 8.0
-2.0981252 24.399767 1.211353144 0.0 9.0
-4.1962504 26.822554 2.422706144 0.0 9.0
-4.1962504 18.5507 2.422706145 1.0 7.0
-7.163497 18.550814 4.135846645 1.0 7.0
-7.163497 18.550814 4.135846646 0.0 8.0
-9.261622 20.9736 5.347199446 0.0 8.0
-9.261622 20.9736 5.347199447 0.0 9.0
-9.261622 24.399881 5.347199447 0.0 9.0
-4.1962504 18.5507 2.422706148 5.0 7.0
-4.1962504 21.97698 2.422706148 5.0 7.0
-4.1962504 21.97698 2.422706149 4.0 8.0
-4.1962504 25.403261 2.422706149 4.0 8.0
-4.1962504 25.403261 2.422706150 1.0 9.0
-1.2290039 25.403376 0.709565550 1.0 9.0
-1.2290039 25.403376 0.709565551 0.0 10.0
0.8691213 27.826162 -0.5017875451 0.0 10.0
0.8691213 27.826162 -0.5017875452 0.0 11.0
0.8691213 31.252443 -0.5017875452 0.0 11.0
-4.1962504 25.403261 2.422706153 1.0 9.0
-6.2943754 27.826048 3.634059253 1.0 9.0
-6.2943754 27.826048 3.634059254 0.0 10.0
-6.2943754 31.252329 3.634059254 0.0 10.0
-6.2943754 31.252329 3.634059255 0.0 11.0
-4.19625 33.675117 2.422706155 0.0 11.0
-4.1962504 25.403261 2.422706156 3.0 9.0
-1.7735443 27.826048 2.422706156 3.0 9.0
-1.7735443 27.826048 2.422706157 2.0 10.0
0.6491618 30.248835 2.422706157 2.0 10.0
0.6491618 30.248835 2.422706158 1.0 11.0
2.747427 27.82621 1.211272158 1.0 11.0
2.747427 27.82621 1.211272159 0.0 12.0
5.7146735 27.826324 -0.501868559 0.0 12.0
5.7146735 27.826324 -0.501868560 0.0 13.0
7.8127985 30.249111 -1.713221760 0.0 13.0
0.6491618 30.248835 2.422706161 1.0 11.0
0.6491618 33.675117 2.422706161 1.0 11.0
0.6491618 33.675117 2.422706162 0.0 12.0
2.747287 36.097904 1.211353162 0.0 12.0
2.747287 36.097904 1.211353163 0.0 13.0
5.714534 36.09802 -0.5017875463 0.0 13.0
0.0 13.705125 0.064 23.0 5.0
0.0 17.131407 0.064 23.0 5.0
0.0 17.131407 0.065 22.0 6.0
0.0 20.557688 0.065 22.0 6.0
0.0 20.557688 0.066 1.0 7.0
2.9672465 20.557802 -1.713140666 1.0 7.0
2.9672465 20.557802 -1.713140667 0.0 8.0
5.0653715 22.980589 -2.924493867 0.0 8.0
5.0653715 22.980589 -2.924493868 0.0 9.0
5.0653715 26.40687 -2.924493868 0.0 9.0
0.0 20.557688 0.069 1.0 7.0
-2.0981252 22.980474 1.211353169 1.0 7.0
-2.0981252 22.980474 1.211353170 0.0 8.0
-2.0981252 26.406755 1.211353170 0.0 8.0
-2.0981252 26.406755 1.211353171 0.0 9.0
0.0 28.829542 0.071 0.0 9.0
0.0 20.557688 0.072 21.0 7.0
0.0 23.983969 0.072 21.0 7.0
0.0 23.983969 0.073 20.0 8.0
0.0 27.41025 0.073 20.0 8.0
0.0 27.41025 0.074 1.0 9.0
2.9672465 27.410364 -1.713140674 1.0 9.0
2.9672465 27.410364 -1.713140675 0.0 10.0
5.0653715 29.83315 -2.924493875 0.0 10.0
5.0653715 29.83315 -2.924493876 0.0 11.0
5.0653715 33.259434 -2.924493876 0.0 11.0
0.0 27.41025 0.077 1.0 9.0
-2.0981252 29.833036 1.211353177 1.0 9.0
-2.0981252 29.833036 1.211353178 0.0 10.0
-2.0981252 33.25932 1.211353178 0.0 10.0
-2.0981252 33.25932 1.211353179 0.0 11.0
0.0 35.682106 0.079 0.0 11.0
0.0 27.41025 0.080 7.0 9.0
2.9672465 27.410364 -1.713140680 7.0 9.0
2.9672465 27.410364 -1.713140681 6.0 10.0
5.934493 27.410479 -3.426281281 6.0 10.0
5.934493 27.410479 -3.426281282 1.0 11.0
5.9346914 23.984198 -3.42639682 1.0 11.0
5.9346914 23.984198 -3.42639683 0.0 12.0
8.032957 21.561573 -4.6378383 0.0 12.0
8.032957 21.561573 -4.6378384 0.0 13.0
11.000204 21.561687 -6.350970384 0.0 13.0
5.934493 27.410479 -3.426281285 1.0 11.0
8.0326185 29.833265 -4.637634385 1.0 11.0
8.0326185 29.833265 -4.637634386 0.0 12.0
10.999865 29.83338 -6.35077586 0.0 12.0
10.999865 29.83338 -6.35077587 0.0 13.0
13.098129 27.410755 -7.562208787 0.0 13.0
5.934493 27.410479 -3.426281288 5.0 11.0
8.3572 29.833265 -3.426281288 5.0 11.0
8.3572 29.833265 -3.426281289 4.0 12.0
10.779906 32.256054 -3.426281289 4.0 12.0
10.779906 32.256054 -3.426281290 1.0 13.0
12.878172 29.83343 -4.637715390 1.0 13.0
12.878172 29.83343 -4.637715391 0.0 14.0
15.845419 29.833544 -6.35085691 0.0 14.0
15.845419 29.833544 -6.35085692 0.0 15.0
17.943544 32.256332 -7.56220992 0.0 15.0
10.779906 32.256054 -3.426281293 1.0 13.0
10.779906 35.682335 -3.426281593 1.0 13.0
10.779906 35.682335 -3.426281594 0.0 14.0
12.878032 38.10512 -4.637634894 0.0 14.0
12.878032 38.10512 -4.637634895 0.0 15.0
15.845278 38.105236 -6.350775295 0.0 15.0
10.779906 32.256054 -3.426281296 3.0 13.0
10.779906 35.682335 -3.426281296 3.0 13.0
10.779906 35.682335 -3.426281297 2.0 14.0
10.779906 39.108616 -3.426281297 2.0 14.0
10.779906 39.108616 -3.426281298 1.0 15.0
13.747152 39.10873 -5.13942298 1.0 15.0
13.747152 39.10873 -5.13942299 0.0 16.0
15.845278 41.531517 -6.350775299 0.0 16.0
15.845278 41.531517 -6.3507752100 0.0 17.0
15.845278 44.957798 -6.3507752100 0.0 17.0
10.779906 39.108616 -3.4262812101 1.0 15.0
8.681782 41.531403 -2.2149282101 1.0 15.0
8.681782 41.531403 -2.2149282102 0.0 16.0
8.681782 44.957684 -2.2149284102 0.0 16.0
8.681782 44.957684 -2.2149284103 0.0 17.0
10.779907 47.38047 -3.4262815103 0.0 17.0
0.0 27.41025 0.0104 7.0 9.0
-2.0981252 29.833036 1.2113531104 7.0 9.0
-2.0981252 29.833036 1.2113531105 6.0 10.0
-4.1962504 32.255825 2.4227061105 6.0 10.0
-4.1962504 32.255825 2.4227061106 1.0 11.0
-2.0981252 34.67861 1.2113531106 1.0 11.0
-2.0981252 34.67861 1.2113531107 0.0 12.0
-2.0981252 38.104893 1.2113531107 0.0 12.0
-2.0981252 38.104893 1.2113531108 0.0 13.0
-4.1962504 40.52768 2.4227061108 0.0 13.0
-4.1962504 32.255825 2.4227061109 1.0 11.0
-7.163497 32.25594 4.1358466109 1.0 11.0
-7.163497 32.25594 4.1358466110 0.0 12.0
-9.261622 34.678726 5.3471994110 0.0 12.0
-9.261622 34.678726 5.3471994111 0.0 13.0
-9.261622 38.105007 5.3471994111 0.0 13.0
-4.1962504 32.255825 2.4227061112 5.0 11.0
-4.1962504 35.682106 2.4227061112 5.0 11.0
-4.1962504 35.682106 2.4227061113 4.0 12.0
-4.1962504 39.108387 2.4227061113 4.0 12.0
-4.1962504 39.108387 2.4227061114 1.0 13.0
-1.2290039 39.1085 0.7095655114 1.0 13.0
-1.2290039 39.1085 0.7095655115 0.0 14.0
0.8691213 41.53129 -0.50178754115 0.0 14.0
0.8691213 41.53129 -0.50178754116 0.0 15.0
0.8691213 44.95757 -0.50178754116 0.0 15.0
-4.1962504 39.108387 2.4227061117 1.0 13.0
-6.2943754 41.531174 3.6340592117 1.0 13.0
-6.2943754 41.531174 3.6340592118 0.0 14.0
-6.2943754 44.957455 3.6340592118 0.0 14.0
-6.2943754 44.957455 3.6340592119 0.0 15.0
-4.19625 47.38024 2.4227061119 0.0 15.0
-4.1962504 39.108387 2.4227061120 3.0 13.0
-1.7735443 41.531174 2.4227061120 3.0 13.0
-1.7735443 41.531174 2.4227061121 2.0 14.0
0.6491618 43.95396 2.4227061121 2.0 14.0
0.6491618 43.95396 2.4227061122 1.0 15.0
2.747427 41.531334 1.2112721122 1.0 15.0
2.747427 41.531334 1.2112721123 0.0 16.0
5.7146735 41.53145 -0.5018685123 0.0 16.0
5.7146735 41.53145 -0.5018685124 0.0 17.0
7.8127985 43.954235 -1.7132217124 0.0 17.0
0.6491618 43.95396 2.4227061125 1.0 15.0
0.6491618 47.38024 2.4227061125 1.0 15.0
0.6491618 47.38024 2.4227061126 0.0 16.0
2.747287 49.80303 1.2113531126 0.0 16.0
2.747287 49.80303 1.2113531127 0.0 17.0
5.714534 49.803143 -0.50178754127 0.0 17.0
0.0 27.41025 0.0128 19.0 9.0
0.0 30.83653 0.0128 19.0 9.0
0.0 30.83653 0.0129 18.0 10.0
0.0 34.262814 0.0129 18.0 10.0
0.0 34.262814 0.0130 1.0 11.0
2.9672465 34.262928 -1.7131406130 1.0 11.0
2.9672465 34.262928 -1.7131406131 0.0 12.0
5.0653715 36.685715 -2.9244938131 0.0 12.0
5.0653715 36.685715 -2.9244938132 0.0 13.0
5.0653715 40.111996 -2.9244938132 0.0 13.0
0.0 34.262814 0.0133 1.0 11.0
-2.0981252 36.6856 1.2113531133 1.0 11.0
-2.0981252 36.6856 1.2113531134 0.0 12.0
-2.0981252 40.11188 1.2113531134 0.0 12.0
-2.0981252 40.11188 1.2113531135 0.0 13.0
0.0 42.534668 0.0135 0.0 13.0
0.0 34.262814 0.0136 17.0 11.0
0.0 37.689095 0.0136 17.0 11.0
0.0 37.689095 0.0137 16.0 12.0
0.0 41.115376 0.0137 16.0 12.0
0.0 41.115376 0.0138 1.0 13.0
2.9672465 41.11549 -1.7131406138 1.0 13.0
2.9672465 41.11549 -1.7131406139 0.0 14.0
5.0653715 43.538277 -2.9244938139 0.0 14.0
5.0653715 43.538277 -2.9244938140 0.0 15.0
5.0653715 46.964558 -2.9244938140 0.0 15.0
0.0 41.115376 0.0141 1.0 13.0
-2.0981252 43.538162 1.2113531141 1.0 13.0
-2.0981252 43.538162 1.2113531142 0.0 14.0
-2.0981252 46.964443 1.2113531142 0.0 14.0
-2.0981252 46.964443 1.2113531143 0.0 15.0
0.0 49.38723 0.0143 0.0 15.0
0.0 41.115376 0.0144 7.0 13.0
2.9672465 41.11549 -1.7131406144 7.0 13.0
2.9672465 41.11549 -1.7131406145 6.0 14.0
5.934493 41.115604 -3.4262812145 6.0 14.0
5.934493 41.115604 -3.4262812146 1.0 15.0
5.9346914 37.689323 -3.426396146 1.0 15.0
5.9346914 37.689323 -3.426396147 0.0 16.0
8.032957 35.266697 -4.63783147 0.0 16.0
8.032957 35.266697 -4.63783148 0.0 17.0
11.000204 35.26681 -6.3509703148 0.0 17.0
5.934493 41.115604 -3.4262812149 1.0 15.0
8.0326185 43.53839 -4.6376343149 1.0 15.0
8.0326185 43.53839 -4.6376343150 0.0 16.0
10.999865 43.538506 -6.350775150 0.0 16.0
10.999865 43.538506 -6.350775151 0.0 17.0
13.098129 41.11588 -7.5622087151 0.0 17.0
5.934493 41.115604 -3.4262812152 5.0 15.0
8.3572 43.53839 -3.4262812152 5.0 15.0
8.3572 43.53839 -3.4262812153 4.0 16.0
10.779906 45.961178 -3.4262812153 4.0 16.0
10.779906 45.961178 -3.4262812154 1.0 17.0
12.878172 43.53855 -4.6377153154 1.0 17.0
12.878172 43.53855 -4.6377153155 0.0 18.0
15.845419 43.538666 -6.350856155 0.0 18.0
15.845419 43.538666 -6.350856156 0.0 19.0
17.943544 45.961452 -7.562209156 0.0 19.0
10.779906 45.961178 -3.4262812157 1.0 17.0
10.779906 49.38746 -3.4262815157 1.0 17.0
10.779906 49.38746 -3.4262815158 0.0 18.0
12.878032 51.810246 -4.6376348158 0.0 18.0
12.878032 51.810246 -4.6376348159 0.0 19.0
15.845278 51.81036 -6.3507752159 0.0 19.0
10.779906 45.961178 -3.4262812160 3.0 17.0
10.779906 49.38746 -3.4262812160 3.0 17.0
10.779906 49.38746 -3.4262812161 2.0 18.0
10.779906 52.81374 -3.4262812161 2.0 18.0
10.779906 52.81374 -3.4262812162 1.0 19.0
13.747152 52.813854 -5.139422162 1.0 19.0
13.747152 52.813854 -5.139422163 0.0 20.0
15.845278 55.23664 -6.3507752163 0.0 20.0
15.845278 55.23664 -6.3507752164 0.0 21.0
15.845278 58.66292 -6.3507752164 0.0 21.0
10.779906 52.81374 -3.4262812165 1.0 19.0
8.681782 55.236526 -2.2149282165 1.0 19.0
8.681782 55.236526 -2.2149282166 0.0 20.0
8.681782 58.662807 -2.2149284166 0.0 20.0
8.681782 58.662807 -2.2149284167 0.0 21.0
10.779907 61.085594 -3.4262815167 0.0 21.0
0.0 41.115376 0.0168 7.0 13.0
-2.0981252 43.538162 1.2113531168 7.0 13.0
-2.0981252 43.538162 1.2113531169 6.0 14.0
-4.1962504 45.96095 2.4227061169 6.0 14.0
-4.1962504 45.96095 2.4227061170 1.0 15.0
-2.0981252 48.383736 1.2113531170 1.0 15.0
-2.0981252 48.383736 1.2113531171 0.0 16.0
-2.0981252 51.810017 1.2113531171 0.0 16.0
-2.0981252 51.810017 1.2113531172 0.0 17.0
-4.1962504 54.232803 2.4227061172 0.0 17.0
-4.1962504 45.96095 2.4227061173 1.0 15.0
-7.163497 45.961063 4.1358466173 1.0 15.0
-7.163497 45.961063 4.1358466174 0.0 16.0
-9.261622 48.38385 5.3471994174 0.0 16.0
-9.261622 48.38385 5.3471994175 0.0 17.0
-9.261622 51.81013 5.3471994175 0.0 17.0
-4.1962504 45.96095 2.4227061176 5.0 15.0
-4.1962504 49.38723 2.4227061176 5.0 15.0
-4.1962504 49.38723 2.4227061177 4.0 16.0
-4.1962504 52.81351 2.4227061177 4.0 16.0
-4.1962504 52.81351 2.4227061178 1.0 17.0
-1.2290039 52.813625 0.7095655178 1.0 17.0
-1.2290039 52.813625 0.7095655179 0.0 18.0
0.8691213 55.236412 -0.50178754179 0.0 18.0
0.8691213 55.236412 -0.50178754180 0.0 19.0
0.8691213 58.662693 -0.50178754180 0.0 19.0
-4.1962504 52.81351 2.4227061181 1.0 17.0
-6.2943754 55.236298 3.6340592181 1.0 17.0
-6.2943754 55.236298 3.6340592182 0.0 18.0
-6.2943754 58.66258 3.6340592182 0.0 18.0
-6.2943754 58.66258 3.6340592183 0.0 19.0
-4.19625 61.085365 2.4227061183 0.0 19.0
-4.1962504 52.81351 2.4227061184 3.0 17.0
-1.7735443 55.236298 2.4227061184 3.0 17.0
-1.7735443 55.236298 2.4227061185 2.0 18.0
0.6491618 57.659084 2.4227061185 2.0 18.0
0.6491618 57.659084 2.4227061186 1.0 19.0
2.747427 55.236458 1.2112721186 1.0 19.0
2.747427 55.236458 1.2112721187 0.0 20.0
5.7146735 55.236572 -0.5018685187 0.0 20.0
5.7146735 55.236572 -0.5018685188 0.0 21.0
7.8127985 57.65936 -1.7132217188 0.0 21.0
0.6491618 57.659084 2.4227061189 1.0 19.0
0.6491618 61.085365 2.4227061189 1.0 19.0
0.6491618 61.085365 2.4227061190 0.0 20.0
2.747287 63.508152 1.2113531190 0.0 20.0
2.747287 63.508152 1.2113531191 0.0 21.0
5.714534 63.508266 -0.50178754191 0.0 21.0
0.0 41.115376 0.0192 15.0 13.0
-2.4227061 43.538162 0.0192 15.0 13.0
-2.4227061 43.538162 0.0193 14.0 14.0
-4.8454123 45.96095 0.0193 14.0 14.0
-4.8454123 45.96095 0.0194 1.0 15.0
-2.747287 48.383736 -1.2113531194 1.0 15.0
-2.747287 48.383736 -1.2113531195 0.0 16.0
-2.747287 51.810017 -1.2113531195 0.0 16.0
-2.747287 51.810017 -1.2113531196 0.0 17.0
-4.8454123 54.232803 0.0196 0.0 17.0
-4.8454123 45.96095 0.0197 1.0 15.0
-7.812659 45.961063 1.7131406197 1.0 15.0
-7.812659 45.961063 1.7131406198 0.0 16.0
-9.910784 48.38385 2.9244938198 0.0 16.0
-9.910784 48.38385 2.9244938199 0.0 17.0
-9.910784 51.81013 2.9244938199 0.0 17.0
-4.8454123 45.96095 0.0200 13.0 15.0
-7.2681184 48.383736 0.0200 13.0 15.0
-7.2681184 48.383736 0.0201 12.0 16.0
-9.6908245 50.806522 0.0201 12.0 16.0
-9.6908245 50.806522 0.0202 1.0 17.0
-7.592699 53.22931 -1.2113531202 1.0 17.0
-7.592699 53.22931 -1.2113531203 0.0 18.0
-7.592699 56.65559 -1.2113531203 0.0 18.0
-7.592699 56.65559 -1.2113531204 0.0 19.0
-9.6908245 59.078377 0.0204 0.0 19.0
-9.6908245 50.806522 0.0205 1.0 17.0
-12.6580715 50.806637 1.7131406205 1.0 17.0
-12.6580715 50.806637 1.7131406206 0.0 18.0
-14.756197 53.229424 2.9244938206 0.0 18.0
-14.756197 53.229424 2.9244938207 0.0 19.0
-14.756197 56.655704 2.9244938207 0.0 19.0
-9.6908245 50.806522 0.0208 7.0 17.0
-7.592699 53.22931 -1.2113531208 7.0 17.0
-7.592699 53.22931 -1.2113531209 6.0 18.0
-5.4945736 55.652096 -2.4227061209 6.0 18.0
-5.4945736 55.652096 -2.4227061210 1.0 19.0
-3.3963084 53.22947 -3.63414210 1.0 19.0
-3.3963084 53.22947 -3.63414211 0.0 20.0
-0.4290619 53.229584 -5.3472805211 0.0 20.0
-0.4290619 53.229584 -5.3472805212 0.0 21.0
1.6690633 55.65237 -6.558634212 0.0 21.0
-5.4945736 55.652096 -2.4227061213 1.0 19.0
-5.4945736 59.078377 -2.4227061213 1.0 19.0
-5.4945736 59.078377 -2.4227061214 0.0 20.0
-3.3964484 61.501163 -3.6340592214 0.0 20.0
-3.3964484 61.501163 -3.6340592215 0.0 21.0
-0.42920184 61.501278 -5.3472215 0.0 21.0
-5.4945736 55.652096 -2.4227061216 5.0 19.0
-5.4945736 59.078377 -2.4227061216 5.0 19.0
-5.4945736 59.078377 -2.4227061217 4.0 20.0
-5.4945736 62.504658 -2.4227061217 4.0 20.0
-5.4945736 62.504658 -2.4227061218 1.0 21.0
-2.527327 62.504772 -4.1358466218 1.0 21.0
-2.527327 62.504772 -4.1358466219 0.0 22.0
-0.42920184 64.92756 -5.3471994219 0.0 22.0
-0.42920184 64.92756 -5.3471994220 0.0 23.0
-0.42920184 68.35384 -5.3471994220 0.0 23.0
-5.4945736 62.504658 -2.4227061221 1.0 21.0
-7.592699 64.927444 -1.2113531221 1.0 21.0
-7.592699 64.927444 -1.2113531222 0.0 22.0
-7.592699 68.35373 -1.2113531222 0.0 22.0
-7.592699 68.35373 -1.2113531223 0.0 23.0
-5.4945736 70.77652 -2.4227061223 0.0 23.0
-5.4945736 62.504658 -2.4227061224 3.0 21.0
-7.9172797 64.927444 -2.4227061224 3.0 21.0
-7.9172797 64.927444 -2.4227061225 2.0 22.0
-10.339986 67.350235 -2.4227061225 2.0 22.0
-10.339986 67.350235 -2.4227061226 1.0 23.0
-8.24186 69.773026 -3.6340592226 1.0 23.0
-8.24186 69.773026 -3.6340592227 0.0 24.0
-8.24186 73.19931 -3.6340592227 0.0 24.0
-8.24186 73.19931 -3.6340592228 0.0 25.0
-10.339986 75.6221 -2.4227061228 0.0 25.0
-10.339986 67.350235 -2.4227061229 1.0 23.0
-13.307232 67.35035 -0.7095655229 1.0 23.0
-13.307232 67.35035 -0.7095655230 0.0 24.0
-15.405357 69.77314 0.50178754230 0.0 24.0
-15.405357 69.77314 0.50178754231 0.0 25.0
-15.405357 73.199425 0.50178754231 0.0 25.0
-9.6908245 50.806522 0.0232 7.0 17.0
-12.6580715 50.806637 1.7131406232 7.0 17.0
-12.6580715 50.806637 1.7131406233 6.0 18.0
-15.625319 50.80675 3.4262812233 6.0 18.0
-15.625319 50.80675 3.4262812234 1.0 19.0
-15.625319 54.233032 3.4262812234 1.0 19.0
-15.625319 54.233032 3.4262812235 0.0 20.0
-17.723444 56.65582 4.6376343235 0.0 20.0
-17.723444 56.65582 4.6376343236 0.0 21.0
-20.690691 56.655933 6.350775236 0.0 21.0
-15.625319 50.80675 3.4262812237 1.0 19.0
-17.723583 48.384125 4.6377153237 1.0 19.0
-17.723583 48.384125 4.6377153238 0.0 20.0
-20.69083 48.38424 6.350856238 0.0 20.0
-20.69083 48.38424 6.350856239 0.0 21.0
-22.788956 50.807026 7.562209239 0.0 21.0
-15.625319 50.80675 3.4262812240 5.0 19.0
-18.048025 53.229538 3.4262812240 5.0 19.0
-18.048025 53.229538 3.4262812241 4.0 20.0
-20.470732 55.652325 3.4262812241 4.0 20.0
-20.470732 55.652325 3.4262812242 1.0 21.0
-18.372606 58.07511 2.2149282242 1.0 21.0
-18.372606 58.07511 2.2149282243 0.0 22.0
-18.372606 61.501392 2.2149282243 0.0 22.0
-18.372606 61.501392 2.2149282244 0.0 23.0
-20.470732 63.92418 3.4262812244 0.0 23.0
-20.470732 55.652325 3.4262812245 1.0 21.0
-23.437979 55.65244 5.139422245 1.0 21.0
-23.437979 55.65244 5.139422246 0.0 22.0
-25.536104 58.075226 6.350775246 0.0 22.0
-25.536104 58.075226 6.350775247 0.0 23.0
-25.536104 61.501507 6.350775247 0.0 23.0
-20.470732 55.652325 3.4262812248 3.0 21.0
-20.470732 59.078606 3.4262812248 3.0 21.0
-20.470732 59.078606 3.4262812249 2.0 22.0
-20.470732 62.504887 3.4262812249 2.0 22.0
-20.470732 62.504887 3.4262812250 1.0 23.0
-17.503485 62.505 1.7131406250 1.0 23.0
-17.503485 62.505 1.7131406251 0.0 24.0
-15.405359 64.92779 0.50178754251 0.0 24.0
-15.405359 64.92779 0.50178754252 0.0 25.0
-15.405359 68.35407 0.50178754252 0.0 25.0
-20.470732 62.504887 3.4262812253 1.0 23.0
-22.568857 64.92767 4.6376343253 1.0 23.0
-22.568857 64.92767 4.6376343254 0.0 24.0
-22.568857 68.35396 4.6376343254 0.0 24.0
-22.568857 68.35396 4.6376343255 0.0 25.0
-20.470732 70.77675 3.4262812255 0.0 25.0
-9.6908245 50.806522 0.0256 11.0 17.0
-13.1171055 50.806637 0.0256 11.0 17.0
-13.1171055 50.806637 0.0257 10.0 18.0
-16.543386 50.80675 0.0257 10.0 18.0
-16.543386 50.80675 0.0258 1.0 19.0
-16.543386 54.233032 0.0258 1.0 19.0
-16.543386 54.233032 0.0259 0.0 20.0
-18.641512 56.65582 1.2113531259 0.0 20.0
-18.641512 56.65582 1.2113531260 0.0 21.0
-21.608759 56.655933 2.9244938260 0.0 21.0
-16.543386 50.80675 0.0261 1.0 19.0
-18.641651 48.384125 1.211434261 1.0 19.0
-18.641651 48.384125 1.211434262 0.0 20.0
-21.608898 48.38424 2.9245746262 0.0 20.0
-21.608898 48.38424 2.9245746263 0.0 21.0
-23.707024 50.807026 4.1359277263 0.0 21.0
-16.543386 50.80675 0.0264 9.0 19.0
-19.969667 50.806866 0.0264 9.0 19.0
-19.969667 50.806866 0.0265 8.0 20.0
-23.395948 50.80698 0.0265 8.0 20.0
-23.395948 50.80698 0.0266 1.0 21.0
-23.395948 54.23326 0.0266 1.0 21.0
-23.395948 54.23326 0.0267 0.0 22.0
-25.494074 56.656048 1.2113531267 0.0 22.0
-25.494074 56.656048 1.2113531268 0.0 23.0
-28.46132 56.656162 2.9244938268 0.0 23.0
-23.395948 50.80698 0.0269 1.0 21.0
-25.494213 48.384354 1.211434269 1.0 21.0
-25.494213 48.384354 1.211434270 0.0 22.0
-28.46146 48.384468 2.9245746270 0.0 22.0
-28.46146 48.384468 2.9245746271 0.0 23.0
-30.559586 50.807255 4.1359277271 0.0 23.0
-23.395948 50.80698 0.0272 7.0 21.0
-23.395948 54.23326 0.0272 7.0 21.0
-23.395948 54.23326 0.0273 6.0 22.0
-23.395948 57.659542 0.0273 6.0 22.0
-23.395948 57.659542 0.0274 1.0 23.0
-20.428701 57.659657 -1.7131406274 1.0 23.0
-20.428701 57.659657 -1.7131406275 0.0 24.0
-18.330576 60.082443 -2.9244938275 0.0 24.0
-18.330576 60.082443 -2.9244938276 0.0 25.0
-18.330576 63.508724 -2.9244938276 0.0 25.0
-23.395948 57.659542 0.0277 1.0 23.0
-25.494074 60.08233 1.2113531277 1.0 23.0
-25.494074 60.08233 1.2113531278 0.0 24.0
-25.494074 63.50861 1.2113531278 0.0 24.0
-25.494074 63.50861 1.2113531279 0.0 25.0
-23.395948 65.9314 0.0279 0.0 25.0
-23.395948 57.659542 0.0280 5.0 23.0
-25.818655 60.08233 0.0280 5.0 23.0
-25.818655 60.08233 0.0281 4.0 24.0
-28.241362 62.505116 0.0281 4.0 24.0
-28.241362 62.505116 0.0282 1.0 25.0
-26.143236 64.9279 -1.2113531282 1.0 25.0
-26.143236 64.9279 -1.2113531283 0.0 26.0
-26.143236 68.35419 -1.2113531283 0.0 26.0
-26.143236 68.35419 -1.2113531284 0.0 27.0
-28.241362 70.77698 0.0284 0.0 27.0
-28.241362 62.505116 0.0285 1.0 25.0
-31.208609 62.50523 1.7131406285 1.0 25.0
-31.208609 62.50523 1.7131406286 0.0 26.0
-33.306732 64.92802 2.9244938286 0.0 26.0
-33.306732 64.92802 2.9244938287 0.0 27.0
-33.306732 68.3543 2.9244938287 0.0 27.0
-28.241362 62.505116 0.0288 3.0 25.0
-31.667643 62.50523 0.0288 3.0 25.0
-31.667643 62.50523 0.0289 2.0 26.0
-35.093925 62.505344 0.0289 2.0 26.0
-35.093925 62.505344 0.0290 1.0 27.0
-35.093925 65.931625 0.0290 1.0 27.0
-35.093925 65.931625 0.0291 0.0 28.0
-37.19205 68.354416 1.2113531291 0.0 28.0
-37.19205 68.354416 1.2113531292 0.0 29.0
-40.159298 68.35453 2.9244938292 0.0 29.0
-35.093925 62.505344 0.0293 1.0 27.0
-37.192192 60.082718 1.211434293 1.0 27.0
-37.192192 60.082718 1.211434294 0.0 28.0
-40.15944 60.082832 2.9245746294 0.0 28.0
-40.15944 60.082832 2.9245746295 0.0 29.0
-42.257565 62.50562 4.1359277295 0.0 29.0
-23.395948 50.80698 0.0296 7.0 21.0
-25.494213 48.384354 1.211434296 7.0 21.0
-25.494213 48.384354 1.211434297 6.0 22.0
-27.592478 45.961727 2.422868297 6.0 22.0
-27.592478 45.961727 2.422868298 1.0 23.0
-29.690603 48.384514 3.634221298 1.0 23.0
-29.690603 48.384514 3.634221299 0.0 24.0
-32.65785 48.38463 5.3473616299 0.0 24.0
-32.65785 48.38463 5.3473616300 0.0 25.0
-34.756115 45.962 6.5587955300 0.0 25.0
-27.592478 45.961727 2.422868301 1.0 23.0
-27.592676 42.535446 2.4229827301 1.0 23.0
-27.592676 42.535446 2.4229827302 0.0 24.0
-29.69094 40.11282 3.6344166302 0.0 24.0
-29.69094 40.11282 3.6344166303 0.0 25.0
-32.658188 40.112934 5.347557303 0.0 25.0
-27.592478 45.961727 2.422868304 5.0 23.0
-31.018759 45.96184 2.422868304 5.0 23.0
-31.018759 45.96184 2.422868305 4.0 24.0
-34.44504 45.961956 2.422868305 4.0 24.0
-34.44504 45.961956 2.422868306 1.0 25.0
-34.44504 49.388237 2.4228683306 1.0 25.0
-34.44504 49.388237 2.4228683307 0.0 26.0
-36.543167 51.811024 3.6342216307 0.0 26.0
-36.543167 51.811024 3.6342216308 0.0 27.0
-39.510414 51.81114 5.347362308 0.0 27.0
-34.44504 45.961956 2.422868309 1.0 25.0
-36.54331 43.53933 3.6343021309 1.0 25.0
-36.54331 43.53933 3.6343021310 0.0 26.0
-39.510555 43.539444 5.3474426310 0.0 26.0
-39.510555 43.539444 5.3474426311 0.0 27.0
-41.60868 45.96223 6.558796311 0.0 27.0
-34.44504 45.961956 2.422868312 3.0 25.0
-36.86775 48.384743 2.422868312 3.0 25.0
-36.86775 48.384743 2.422868313 2.0 26.0
-39.290455 50.80753 2.422868313 2.0 26.0
-39.290455 50.80753 2.422868314 1.0 27.0
-37.19233 53.230316 1.2115151314 1.0 27.0
-37.19233 53.230316 1.2115151315 0.0 28.0
-37.19233 56.656597 1.2115153315 0.0 28.0
-37.19233 56.656597 1.2115153316 0.0 29.0
-39.290455 59.079384 2.4228685316 0.0 29.0
-39.290455 50.80753 2.422868317 1.0 27.0
-42.2577 50.807644 4.1360087317 1.0 27.0
-42.2577 50.807644 4.1360087318 0.0 28.0
-44.355827 53.23043 5.347362318 0.0 28.0
-44.355827 53.23043 5.347362319 0.0 29.0
-44.355827 56.65671 5.347362319 0.0 29.0
0.0 27.41025 0.0320 19.0 9.0
-2.0982652 24.987625 1.211434320 19.0 9.0
-2.0982652 24.987625 1.211434321 18.0 10.0
-4.1965303 22.565 2.422868321 18.0 10.0
-4.1965303 22.565 2.422868322 1.0 11.0
-6.294656 24.987787 3.634221322 1.0 11.0
-6.294656 24.987787 3.634221323 0.0 12.0
-9.261902 24.987902 5.3473616323 0.0 12.0
-9.261902 24.987902 5.3473616324 0.0 13.0
-11.360167 22.565277 6.5587955324 0.0 13.0
-4.1965303 22.565 2.422868325 1.0 11.0
-4.1967287 19.13872 2.4229827325 1.0 11.0
-4.1967287 19.13872 2.4229827326 0.0 12.0
-6.294994 16.716095 3.6344166326 0.0 12.0
-6.294994 16.716095 3.6344166327 0.0 13.0
-9.26224 16.71621 5.347557327 0.0 13.0
-4.1965303 22.565 2.422868328 17.0 11.0
-6.619398 20.142376 2.422868328 17.0 11.0
-6.619398 20.142376 2.422868329 16.0 12.0
-9.042266 17.719751 2.422868329 16.0 12.0
-9.042266 17.719751 2.422868330 1.0 13.0
-11.140391 20.142538 3.634221330 1.0 13.0
-11.140391 20.142538 3.634221331 0.0 14.0
-14.107637 20.142653 5.3473616331 0.0 14.0
-14.107637 20.142653 5.3473616332 0.0 15.0
-16.205902 17.720028 6.5587955332 0.0 15.0
-9.042266 17.719751 2.422868333 1.0 13.0
-9.042464 14.29347 2.4229827333 1.0 13.0
-9.042464 14.29347 2.4229827334 0.0 14.0
-11.14073 11.870845 3.6344166334 0.0 14.0
-11.14073 11.870845 3.6344166335 0.0 15.0
-14.107977 11.870959 5.347557335 0.0 15.0
-9.042266 17.719751 2.422868336 7.0 13.0
-11.140391 20.142538 3.634221336 7.0 13.0
-11.140391 20.142538 3.634221337 6.0 14.0
-13.238517 22.565325 4.8455744337 6.0 14.0
-13.238517 22.565325 4.8455744338 1.0 15.0
-11.140392 24.988111 3.6342216338 1.0 15.0
-11.140392 24.988111 3.6342216339 0.0 16.0
-11.140392 28.414392 3.6342218339 0.0 16.0
-11.140392 28.414392 3.6342218340 0.0 17.0
-13.238518 30.83718 4.845575340 0.0 17.0
-13.238517 22.565325 4.8455744341 1.0 15.0
-16.205763 22.56544 6.558715341 1.0 15.0
-16.205763 22.56544 6.558715342 0.0 16.0
-18.303888 24.988226 7.770068342 0.0 16.0
-18.303888 24.988226 7.770068343 0.0 17.0
-18.303888 28.414507 7.770068343 0.0 17.0
-13.238517 22.565325 4.8455744344 5.0 15.0
-16.664799 22.56544 4.8455744344 5.0 15.0
-16.664799 22.56544 4.8455744345 4.0 16.0
-20.09108 22.565554 4.8455744345 4.0 16.0
-20.09108 22.565554 4.8455744346 1.0 17.0
-20.09108 25.991835 4.8455744346 1.0 17.0
-20.09108 25.991835 4.8455744347 0.0 18.0
-22.189205 28.414621 6.0569277347 0.0 18.0
-22.189205 28.414621 6.0569277348 0.0 19.0
-25.156452 28.414736 7.770068348 0.0 19.0
-20.09108 22.565554 4.8455744349 1.0 17.0
-22.189344 20.14293 6.0570083349 1.0 17.0
-22.189344 20.14293 6.0570083350 0.0 18.0
-25.156591 20.143044 7.7701488350 0.0 18.0
-25.156591 20.143044 7.7701488351 0.0 19.0
-27.254717 22.56583 8.981502351 0.0 19.0
-20.09108 22.565554 4.8455744352 3.0 17.0
-22.513948 20.14293 4.8455744352 3.0 17.0
-22.513948 20.14293 4.8455744353 2.0 18.0
-24.936817 17.720304 4.8455744353 2.0 18.0
-24.936817 17.720304 4.8455744354 1.0 19.0
-27.034943 20.143091 6.0569277354 1.0 19.0
-27.034943 20.143091 6.0569277355 0.0 20.0
-30.00219 20.143206 7.770068355 0.0 20.0
-30.00219 20.143206 7.770068356 0.0 21.0
-32.100456 17.720581 8.981503356 0.0 21.0
-24.936817 17.720304 4.8455744357 1.0 19.0
-24.937016 14.2940235 4.845689357 1.0 19.0
-24.937016 14.2940235 4.845689358 0.0 20.0
-27.03528 11.871398 6.0571227358 0.0 20.0
-27.03528 11.871398 6.0571227359 0.0 21.0
-30.002527 11.871512 7.770263359 0.0 21.0
-9.042266 17.719751 2.422868360 7.0 13.0
-9.042464 14.29347 2.4229827360 7.0 13.0
-9.042464 14.29347 2.4229827361 6.0 14.0
-9.042663 10.867189 2.4230974361 6.0 14.0
-9.042663 10.867189 2.4230974362 1.0 15.0
-12.009909 10.867304 4.136238362 1.0 15.0
-12.009909 10.867304 4.136238363 0.0 16.0
-14.108173 8.444678 5.347672363 0.0 16.0
-14.108173 8.444678 5.347672364 0.0 17.0
-14.108372 5.0183973 5.3477864364 0.0 17.0
-9.042663 10.867189 2.4230974365 1.0 15.0
-6.9446783 8.44424 1.2118255365 1.0 15.0
-6.9446783 8.44424 1.2118255366 0.0 16.0
-6.9448767 5.0179586 1.2119402366 0.0 16.0
-6.9448767 5.0179586 1.2119402367 0.0 17.0
-9.043142 2.5953333 2.4233742367 0.0 17.0
-9.042663 10.867189 2.4230974368 5.0 15.0
-11.46553 8.444564 2.4230974368 5.0 15.0
-11.46553 8.444564 2.4230974369 4.0 16.0
-13.888398 6.0219383 2.4230974369 4.0 16.0
-13.888398 6.0219383 2.4230974370 1.0 17.0
-15.986524 8.444725 3.6344504370 1.0 17.0
-15.986524 8.444725 3.6344504371 0.0 18.0
-18.95377 8.4448395 5.347591371 0.0 18.0
-18.95377 8.4448395 5.347591372 0.0 19.0
-21.052034 6.022214 6.559025372 0.0 19.0
-13.888398 6.0219383 2.4230974373 1.0 17.0
-13.888597 2.595657 2.423212373 1.0 17.0
-13.888597 2.595657 2.423212374 0.0 18.0
-15.986862 0.1730318 3.634646374 0.0 18.0
-15.986862 0.1730318 3.634646375 0.0 19.0
-18.95411 0.17314602 5.3477864375 0.0 19.0
-13.888398 6.0219383 2.4230974376 3.0 17.0
-17.31468 6.022053 2.4230974376 3.0 17.0
-17.31468 6.022053 2.4230974377 2.0 18.0
-20.740961 6.022167 2.4230974377 2.0 18.0
-20.740961 6.022167 2.4230974378 1.0 19.0
-20.740961 9.448448 2.4230976378 1.0 19.0
-20.740961 9.448448 2.4230976379 0.0 20.0
-22.839087 11.871235 3.634451379 0.0 20.0
-22.839087 11.871235 3.634451380 0.0 21.0
-25.806334 11.871349 5.3475914380 0.0 21.0
-20.740961 6.022167 2.4230974381 1.0 19.0
-22.839226 3.599542 3.6345315381 1.0 19.0
-22.839226 3.599542 3.6345315382 0.0 20.0
-25.806473 3.599656 5.347672382 0.0 20.0
-25.806473 3.599656 5.347672383 0.0 21.0
-27.904598 6.022443 6.5590253383 0.0 21.0
-9.042266 17.719751 2.422868384 15.0 13.0
-12.468547 17.719866 2.422868384 15.0 13.0
-12.468547 17.719866 2.422868385 14.0 14.0
-15.894828 17.71998 2.422868385 14.0 14.0
-15.894828 17.71998 2.422868386 1.0 15.0
-15.894828 21.146261 2.4228683386 1.0 15.0
-15.894828 21.146261 2.4228683387 0.0 16.0
-17.992952 23.569048 3.6342216387 0.0 16.0
-17.992952 23.569048 3.6342216388 0.0 17.0
-20.9602 23.569162 5.347362388 0.0 17.0
-15.894828 17.71998 2.422868389 1.0 15.0
-17.993093 15.297355 3.6343021389 1.0 15.0
-17.993093 15.297355 3.6343021390 0.0 16.0
-20.96034 15.297469 5.3474426390 0.0 16.0
-20.96034 15.297469 5.3474426391 0.0 17.0
-23.058466 17.720257 6.558796391 0.0 17.0
-15.894828 17.71998 2.422868392 13.0 15.0
-19.32111 17.720095 2.422868392 13.0 15.0
-19.32111 17.720095 2.422868393 12.0 16.0
-22.74739 17.72021 2.422868393 12.0 16.0
-22.74739 17.72021 2.422868394 1.0 17.0
-22.74739 21.14649 2.4228683394 1.0 17.0
-22.74739 21.14649 2.4228683395 0.0 18.0
-24.845516 23.569277 3.6342216395 0.0 18.0
-24.845516 23.569277 3.6342216396 0.0 19.0
-27.812763 23.569391 5.347362396 0.0 19.0
-22.74739 17.72021 2.422868397 1.0 17.0
-24.845655 15.297584 3.6343021397 1.0 17.0
-24.845655 15.297584 3.6343021398 0.0 18.0
-27.812902 15.297698 5.3474426398 0.0 18.0
-27.812902 15.297698 5.3474426399 0.0 19.0
-29.911028 17.720486 6.558796399 0.0 19.0
-22.74739 17.72021 2.422868400 7.0 17.0
-22.74739 21.14649 2.4228683400 7.0 17.0
-22.74739 21.14649 2.4228683401 6.0 18.0
-22.74739 24.572771 2.4228685401 6.0 18.0
-22.74739 24.572771 2.4228685402 1.0 19.0
-19.780144 24.572886 0.7097279402 1.0 19.0
-19.780144 24.572886 0.7097279403 0.0 20.0
-17.682018 26.995672 -0.50162506403 0.0 20.0
-17.682018 26.995672 -0.50162506404 0.0 21.0
-17.682018 30.421953 -0.5016249404 0.0 21.0
-22.74739 24.572771 2.4228685405 1.0 19.0
-24.845516 26.995558 3.6342216405 1.0 19.0
-24.845516 26.995558 3.6342216406 0.0 20.0
-24.845516 30.421839 3.6342218406 0.0 20.0
-24.845516 30.421839 3.6342218407 0.0 21.0
-22.74739 32.844627 2.4228687407 0.0 21.0
-22.74739 24.572771 2.4228685408 5.0 19.0
-25.170097 26.995558 2.4228685408 5.0 19.0
-25.170097 26.995558 2.4228685409 4.0 20.0
-27.592804 29.418344 2.4228685409 4.0 20.0
-27.592804 29.418344 2.4228685410 1.0 21.0
-25.494678 31.841131 1.2115155410 1.0 21.0
-25.494678 31.841131 1.2115155411 0.0 22.0
-25.494678 35.267414 1.2115158411 0.0 22.0
-25.494678 35.267414 1.2115158412 0.0 23.0
-27.592804 37.6902 2.422869412 0.0 23.0
-27.592804 29.418344 2.4228685413 1.0 21.0
-30.560051 29.418459 4.136009413 1.0 21.0
-30.560051 29.418459 4.136009414 0.0 22.0
-32.658176 31.841246 5.3473625414 0.0 22.0
-32.658176 31.841246 5.3473625415 0.0 23.0
-32.658176 35.26753 5.3473625415 0.0 23.0
-27.592804 29.418344 2.4228685416 3.0 21.0
-31.019085 29.418459 2.4228685416 3.0 21.0
-31.019085 29.418459 2.4228685417 2.0 22.0
-34.445366 29.418573 2.4228685417 2.0 22.0
-34.445366 29.418573 2.4228685418 1.0 23.0
-34.445366 32.844856 2.4228687418 1.0 23.0
-34.445366 32.844856 2.4228687419 0.0 24.0
-36.54349 35.267643 3.634222419 0.0 24.0
-36.54349 35.267643 3.634222420 0.0 25.0
-39.51074 35.267757 5.3473625420 0.0 25.0
-34.445366 29.418573 2.4228685421 1.0 23.0
-36.543633 26.995949 3.6343026421 1.0 23.0
-36.543633 26.995949 3.6343026422 0.0 24.0
-39.51088 26.996063 5.347443422 0.0 24.0
-39.51088 26.996063 5.347443423 0.0 25.0
-41.609005 29.41885 6.5587964423 0.0 25.0
-22.74739 17.72021 2.422868424 7.0 17.0
-24.845655 15.297584 3.6343021424 7.0 17.0
-24.845655 15.297584 3.6343021425 6.0 18.0
-26.94392 12.874958 4.845736425 6.0 18.0
-26.94392 12.874958 4.845736426 1.0 19.0
-29.042046 15.297745 6.0570893426 1.0 19.0
-29.042046 15.297745 6.0570893427 0.0 20.0
-32.009293 15.297859 7.77023427 0.0 20.0
-32.009293 15.297859 7.77023428 0.0 21.0
-34.10756 12.875234 8.981664428 0.0 21.0
-26.94392 12.874958 4.845736429 1.0 19.0
-26.944118 9.448677 4.8458505429 1.0 19.0
-26.944118 9.448677 4.8458505430 0.0 20.0
-29.042383 7.0260515 6.0572844430 0.0 20.0
-29.042383 7.0260515 6.0572844431 0.0 21.0
-32.00963 7.026166 7.770425431 0.0 21.0
-26.94392 12.874958 4.845736432 5.0 19.0
-30.370201 12.8750725 4.845736432 5.0 19.0
-30.370201 12.8750725 4.845736433 4.0 20.0
-33.796482 12.875187 4.845736433 4.0 20.0
-33.796482 12.875187 4.845736434 1.0 21.0
-33.796482 16.301468 4.845736434 1.0 21.0
-33.796482 16.301468 4.845736435 0.0 22.0
-35.894608 18.724255 6.0570893435 0.0 22.0
-35.894608 18.724255 6.0570893436 0.0 23.0
-38.861855 18.72437 7.77023436 0.0 23.0
-33.796482 12.875187 4.845736437 1.0 21.0
-35.89475 10.452561 6.05717437 1.0 21.0
-35.89475 10.452561 6.05717438 0.0 22.0
-38.861996 10.452676 7.7703104438 0.0 22.0
-38.861996 10.452676 7.7703104439 0.0 23.0
-40.96012 12.875463 8.981664439 0.0 23.0
-33.796482 12.875187 4.845736440 3.0 21.0
-36.21919 15.297974 4.845736440 3.0 21.0
-36.21919 15.297974 4.845736441 2.0 22.0
-38.641895 17.72076 4.845736441 2.0 22.0
-38.641895 17.72076 4.845736442 1.0 23.0
-36.54377 20.143547 3.6343832442 1.0 23.0
-36.54377 20.143547 3.6343832443 0.0 24.0
-36.54377 23.569828 3.6343834443 0.0 24.0
-36.54377 23.569828 3.6343834444 0.0 25.0
-38.641895 25.992615 4.8457365444 0.0 25.0
-38.641895 17.72076 4.845736445 1.0 23.0
-41.609142 17.720875 6.5588765445 1.0 23.0
-41.609142 17.720875 6.5588765446 0.0 24.0
-43.707268 20.143661 7.77023446 0.0 24.0
-43.707268 20.143661 7.77023447 0.0 25.0
-43.707268 23.569942 7.77023447 0.0 25.0
-22.74739 17.72021 2.422868448 11.0 17.0
-25.170097 20.142996 2.422868448 11.0 17.0
-25.170097 20.142996 2.422868449 10.0 18.0
-27.592804 22.565783 2.422868449 10.0 18.0
-27.592804 22.565783 2.422868450 1.0 19.0
-25.494678 24.98857 1.2115151450 1.0 19.0
-25.494678 24.98857 1.2115151451 0.0 20.0
-25.494678 28.41485 1.2115153451 0.0 20.0
-25.494678 28.41485 1.2115153452 0.0 21.0
-27.592804 30.837637 2.4228685452 0.0 21.0
-27.592804 22.565783 2.422868453 1.0 19.0
-30.560051 22.565897 4.1360087453 1.0 19.0
-30.560051 22.565897 4.1360087454 0.0 20.0
-32.658176 24.988684 5.347362454 0.0 20.0
-32.658176 24.988684 5.347362455 0.0 21.0
-32.658176 28.414965 5.347362455 0.0 21.0
-27.592804 22.565783 2.422868456 9.0 19.0
-30.01551 24.98857 2.422868456 9.0 19.0
-30.01551 24.98857 2.422868457 8.0 20.0
-32.438217 27.411356 2.422868457 8.0 20.0
-32.438217 27.411356 2.422868458 1.0 21.0
-30.340092 29.834143 1.2115151458 1.0 21.0
-30.340092 29.834143 1.2115151459 0.0 22.0
-30.340092 33.260426 1.2115153459 0.0 22.0
-30.340092 33.260426 1.2115153460 0.0 23.0
-32.438217 35.683212 2.4228685460 0.0 23.0
-32.438217 27.411356 2.422868461 1.0 21.0
-35.405464 27.41147 4.1360087461 1.0 21.0
-35.405464 27.41147 4.1360087462 0.0 22.0
-37.50359 29.834257 5.347362462 0.0 22.0
-37.50359 29.834257 5.347362463 0.0 23.0
-37.50359 33.26054 5.347362463 0.0 23.0
-32.438217 27.411356 2.422868464 7.0 21.0
-30.340092 29.834143 1.2115151464 7.0 21.0
-30.340092 29.834143 1.2115151465 6.0 22.0
-28.241966 32.25693 1.6212463E-4465 6.0 22.0
-28.241966 32.25693 1.6212463E-4466 1.0 23.0
-26.1437 29.834307 -1.2112721466 1.0 23.0
-26.1437 29.834307 -1.2112721467 0.0 24.0
-23.176453 29.834421 -2.9244127467 0.0 24.0
-23.176453 29.834421 -2.9244127468 0.0 25.0
-21.078327 32.25721 -4.1357656468 0.0 25.0
-28.241966 32.25693 1.6212463E-4469 1.0 23.0
-28.241966 35.683212 1.6232886E-4469 1.0 23.0
-28.241966 35.683212 1.6232886E-4470 0.0 24.0
-26.14384 38.106 -1.2111906470 0.0 24.0
-26.14384 38.106 -1.2111906471 0.0 25.0
-23.176594 38.106113 -2.9243312471 0.0 25.0
-28.241966 32.25693 1.6212463E-4472 5.0 23.0
-28.241966 35.683212 1.6212463E-4472 5.0 23.0
-28.241966 35.683212 1.6212463E-4473 4.0 24.0
-28.241966 39.109493 1.6212463E-4473 4.0 24.0
-28.241966 39.109493 1.6212463E-4474 1.0 25.0
-25.27472 39.109608 -1.7129785474 1.0 25.0
-25.27472 39.109608 -1.7129785475 0.0 26.0
-23.176594 41.532394 -2.9243314475 0.0 26.0
-23.176594 41.532394 -2.9243314476 0.0 27.0
-23.176594 44.958675 -2.9243312476 0.0 27.0
-28.241966 39.109493 1.6212463E-4477 1.0 25.0
-30.340092 41.53228 1.2115153477 1.0 25.0
-30.340092 41.53228 1.2115153478 0.0 26.0
-30.340092 44.95856 1.2115155478 0.0 26.0
-30.340092 44.95856 1.2115155479 0.0 27.0
-28.241966 47.381348 1.6260147E-4479 0.0 27.0
-28.241966 39.109493 1.6212463E-4480 3.0 25.0
-30.664673 41.53228 1.6212463E-4480 3.0 25.0
-30.664673 41.53228 1.6212463E-4481 2.0 26.0
-33.08738 43.955067 1.6212463E-4481 2.0 26.0
-33.08738 43.955067 1.6212463E-4482 1.0 27.0
-30.989254 46.377853 -1.2111908482 1.0 27.0
-30.989254 46.377853 -1.2111908483 0.0 28.0
-30.989254 49.804134 -1.2111906483 0.0 28.0
-30.989254 49.804134 -1.2111906484 0.0 29.0
-33.08738 52.22692 1.6260147E-4484 0.0 29.0
-33.08738 43.955067 1.6212463E-4485 1.0 27.0
-36.054626 43.95518 1.7133027485 1.0 27.0
-36.054626 43.95518 1.7133027486 0.0 28.0
-38.152752 46.377968 2.924656486 0.0 28.0
-38.152752 46.377968 2.924656487 0.0 29.0
-38.152752 49.80425 2.9246562487 0.0 29.0
-32.438217 27.411356 2.422868488 7.0 21.0
-35.405464 27.41147 4.1360087488 7.0 21.0
-35.405464 27.41147 4.1360087489 6.0 22.0
-38.37271 27.411585 5.849149489 6.0 22.0
-38.37271 27.411585 5.849149490 1.0 23.0
-38.37271 30.837866 5.849149490 1.0 23.0
-38.37271 30.837866 5.849149491 0.0 24.0
-40.470837 33.260654 7.0605025491 0.0 24.0
-40.470837 33.260654 7.0605025492 0.0 25.0
-43.438084 33.26077 8.7736435492 0.0 25.0
-38.37271 27.411585 5.849149493 1.0 23.0
-40.470978 24.98896 7.060583493 1.0 23.0
-40.470978 24.98896 7.060583494 0.0 24.0
-43.438225 24.989075 8.773724494 0.0 24.0
-43.438225 24.989075 8.773724495 0.0 25.0
-45.53635 27.411861 9.985077495 0.0 25.0
-38.37271 27.411585 5.849149496 5.0 23.0
-40.795418 29.834372 5.849149496 5.0 23.0
-40.795418 29.834372 5.849149497 4.0 24.0
-43.218124 32.25716 5.849149497 4.0 24.0
-43.218124 32.25716 5.849149498 1.0 25.0
-41.12 34.679947 4.6377964498 1.0 25.0
-41.12 34.679947 4.6377964499 0.0 26.0
-41.12 38.106228 4.6377964499 0.0 26.0
-41.12 38.106228 4.6377964500 0.0 27.0
-43.218124 40.529015 5.8491497500 0.0 27.0
-43.218124 32.25716 5.849149501 1.0 25.0
-46.18537 32.257275 7.5622897501 1.0 25.0
-46.18537 32.257275 7.5622897502 0.0 26.0
-48.283497 34.68006 8.773643502 0.0 26.0
-48.283497 34.68006 8.773643503 0.0 27.0
-48.283497 38.106342 8.773643503 0.0 27.0
-43.218124 32.25716 5.849149504 3.0 25.0
-43.218124 35.68344 5.849149504 3.0 25.0
-43.218124 35.68344 5.849149505 2.0 26.0
-43.218124 39.109722 5.849149505 2.0 26.0
-43.218124 39.109722 5.849149506 1.0 27.0
-40.250877 39.109837 4.1360087506 1.0 27.0
-40.250877 39.109837 4.1360087507 0.0 28.0
-38.152752 41.532623 2.924656507 0.0 28.0
-38.152752 41.532623 2.924656508 0.0 29.0
-38.152752 44.958904 2.9246562508 0.0 29.0
-43.218124 39.109722 5.849149509 1.0 27.0
-45.31625 41.53251 7.0605025509 1.0 27.0
-45.31625 41.53251 7.0605025510 0.0 28.0
-45.31625 44.95879 7.0605025510 0.0 28.0
-45.31625 44.95879 7.0605025511 0.0 29.0
-43.218124 47.381577 5.8491497511 0.0 29.0
