0.0 0.0 0.00 30.0 1.0
0.0 4.791764 0.00 30.0 1.0
0.0 4.791764 0.01 0.0 2.0
1.7200514 9.152524 -0.99307221 0.0 2.0
0.0 4.791764 0.02 29.0 2.0
0.0 9.583528 0.02 29.0 2.0
0.0 9.583528 0.03 0.0 3.0
1.7200514 13.944288 -0.99307223 0.0 3.0
1.7200514 13.944288 -0.99307224 0.0 4.0
4.850728 17.089573 -2.80056934 0.0 4.0
1.7200514 13.944288 -0.99307225 0.0 4.0
3.7061958 18.305048 -0.99307225 0.0 4.0
0.0 9.583528 0.06 28.0 3.0
0.0 14.375292 0.06 28.0 3.0
0.0 14.375292 0.07 0.0 4.0
1.7200514 18.736052 -0.99307227 0.0 4.0
0.0 14.375292 0.08 27.0 4.0
0.0 19.167055 0.08 27.0 4.0
0.0 19.167055 0.09 2.0 5.0
1.7200514 23.527815 -0.99307229 2.0 5.0
1.7200514 23.527815 -0.993072210 0.0 6.0
4.850728 26.6731 -2.800569310 0.0 6.0
1.7200514 23.527815 -0.993072211 1.0 6.0
3.7061958 27.888575 -0.993072211 1.0 6.0
3.7061958 27.888575 -0.993072212 0.0 7.0
6.8368726 31.03386 -2.800569312 0.0 7.0
6.8368726 31.03386 -2.800569313 0.0 8.0
10.814987 32.397854 -5.09733513 0.0 8.0
6.8368726 31.03386 -2.800569314 0.0 8.0
10.451867 34.179146 -2.800569314 0.0 8.0
3.7061958 27.888575 -0.993072215 0.0 7.0
5.6923404 32.249336 -0.993072215 0.0 7.0
5.6923404 32.249336 -0.993072216 0.0 8.0
8.823017 35.394623 -2.800569316 0.0 8.0
5.6923404 32.249336 -0.993072217 0.0 8.0
7.678485 36.610096 -0.993072217 0.0 8.0
0.0 19.167055 0.018 26.0 5.0
0.0 23.958818 0.018 26.0 5.0
0.0 23.958818 0.019 0.0 6.0
1.7200514 28.319578 -0.993072219 0.0 6.0
0.0 23.958818 0.020 25.0 6.0
0.0 28.750582 0.020 25.0 6.0
0.0 28.750582 0.021 0.0 7.0
1.7200514 33.111343 -0.993072221 0.0 7.0
1.7200514 33.111343 -0.993072222 0.0 8.0
4.850728 36.25663 -2.800569322 0.0 8.0
1.7200514 33.111343 -0.993072223 0.0 8.0
3.7061958 37.472103 -0.993072223 0.0 8.0
0.0 28.750582 0.024 24.0 7.0
0.0 33.542347 0.024 24.0 7.0
0.0 33.542347 0.025 0.0 8.0
1.7200514 37.903107 -0.993072225 0.0 8.0
0.0 33.542347 0.026 23.0 8.0
0.0 38.33411 0.026 23.0 8.0
0.0 38.33411 0.027 6.0 9.0
1.7200514 42.69487 -0.993072227 6.0 9.0
1.7200514 42.69487 -0.993072228 0.0 10.0
4.850728 45.840157 -2.800569328 0.0 10.0
1.7200514 42.69487 -0.993072229 5.0 10.0
3.7061958 47.05563 -0.993072229 5.0 10.0
3.7061958 47.05563 -0.993072230 0.0 11.0
6.8368726 50.200912 -2.800569330 0.0 11.0
6.8368726 50.200912 -2.800569331 0.0 12.0
10.814987 51.564907 -5.09733531 0.0 12.0
6.8368726 50.200912 -2.800569332 0.0 12.0
10.451867 53.3462 -2.800569332 0.0 12.0
3.7061958 47.05563 -0.993072233 4.0 11.0
5.6923404 51.41639 -0.993072233 4.0 11.0
5.6923404 51.41639 -0.993072234 0.0 12.0
8.823017 54.561676 -2.800569334 0.0 12.0
5.6923404 51.41639 -0.993072235 3.0 12.0
7.678485 55.77715 -0.993072235 3.0 12.0
7.678485 55.77715 -0.993072236 2.0 13.0
10.809162 58.922432 -2.800569336 2.0 13.0
10.809162 58.922432 -2.800569337 0.0 14.0
14.787276 60.286427 -5.09733537 0.0 14.0
10.809162 58.922432 -2.800569338 1.0 14.0
14.424156 62.06772 -2.800569338 1.0 14.0
14.424156 62.06772 -2.800569339 0.0 15.0
18.402271 63.431713 -5.09733539 0.0 15.0
18.402271 63.431713 -5.09733540 0.0 16.0
22.512186 62.76904 -7.470195340 0.0 16.0
18.402271 63.431713 -5.09733541 0.0 16.0
22.995802 64.79571 -5.09733541 0.0 16.0
14.424156 62.06772 -2.800569342 0.0 15.0
18.03915 65.213005 -2.800569342 0.0 15.0
18.03915 65.213005 -2.800569343 0.0 16.0
22.017265 66.576996 -5.09733543 0.0 16.0
18.03915 65.213005 -2.800569344 0.0 16.0
21.654144 68.35829 -2.800569344 0.0 16.0
7.678485 55.77715 -0.993072245 2.0 13.0
9.664629 60.13791 -0.993072245 2.0 13.0
9.664629 60.13791 -0.993072246 0.0 14.0
12.795305 63.283195 -2.800569346 0.0 14.0
9.664629 60.13791 -0.993072247 1.0 14.0
11.650773 64.49867 -0.993072247 1.0 14.0
11.650773 64.49867 -0.993072248 0.0 15.0
14.78145 67.64396 -2.800569348 0.0 15.0
14.78145 67.64396 -2.800569349 0.0 16.0
18.759563 69.00795 -5.09733549 0.0 16.0
14.78145 67.64396 -2.800569350 0.0 16.0
18.396444 70.789246 -2.800569350 0.0 16.0
11.650773 64.49867 -0.993072251 0.0 15.0
13.636917 68.859436 -0.993072251 0.0 15.0
13.636917 68.859436 -0.993072252 0.0 16.0
16.767593 72.00472 -2.800569352 0.0 16.0
13.636917 68.859436 -0.993072253 0.0 16.0
15.623061 73.2202 -0.993072253 0.0 16.0
0.0 38.33411 0.054 22.0 9.0
0.0 43.125874 0.054 22.0 9.0
0.0 43.125874 0.055 0.0 10.0
1.7200514 47.486633 -0.993072255 0.0 10.0
0.0 43.125874 0.056 21.0 10.0
0.0 47.917637 0.056 21.0 10.0
0.0 47.917637 0.057 0.0 11.0
1.7200514 52.278397 -0.993072257 0.0 11.0
1.7200514 52.278397 -0.993072258 0.0 12.0
4.850728 55.423683 -2.800569358 0.0 12.0
1.7200514 52.278397 -0.993072259 0.0 12.0
3.7061958 56.639156 -0.993072259 0.0 12.0
0.0 47.917637 0.060 20.0 11.0
0.0 52.7094 0.060 20.0 11.0
0.0 52.7094 0.061 0.0 12.0
1.7200514 57.07016 -0.993072261 0.0 12.0
0.0 52.7094 0.062 19.0 12.0
0.0 57.501163 0.062 19.0 12.0
0.0 57.501163 0.063 2.0 13.0
1.7200514 61.861923 -0.993072263 2.0 13.0
1.7200514 61.861923 -0.993072264 0.0 14.0
4.850728 65.00721 -2.800569364 0.0 14.0
1.7200514 61.861923 -0.993072265 1.0 14.0
3.7061958 66.22269 -0.993072265 1.0 14.0
3.7061958 66.22269 -0.993072266 0.0 15.0
6.8368726 69.36797 -2.800569366 0.0 15.0
6.8368726 69.36797 -2.800569367 0.0 16.0
10.814987 70.731964 -5.09733567 0.0 16.0
6.8368726 69.36797 -2.800569368 0.0 16.0
10.451867 72.51326 -2.800569368 0.0 16.0
3.7061958 66.22269 -0.993072269 0.0 15.0
5.6923404 70.58345 -0.993072269 0.0 15.0
5.6923404 70.58345 -0.993072270 0.0 16.0
8.823017 73.72874 -2.800569370 0.0 16.0
5.6923404 70.58345 -0.993072271 0.0 16.0
7.678485 74.944214 -0.993072271 0.0 16.0
0.0 57.501163 0.072 18.0 13.0
0.0 62.292927 0.072 18.0 13.0
0.0 62.292927 0.073 0.0 14.0
1.7200514 66.65369 -0.993072273 0.0 14.0
0.0 62.292927 0.074 17.0 14.0
0.0 67.084694 0.074 17.0 14.0
0.0 67.084694 0.075 0.0 15.0
1.7200514 71.44546 -0.993072275 0.0 15.0
1.7200514 71.44546 -0.993072276 0.0 16.0
4.850728 74.590744 -2.800569376 0.0 16.0
1.7200514 71.44546 -0.993072277 0.0 16.0
3.7061958 75.80622 -0.993072277 0.0 16.0
0.0 67.084694 0.078 16.0 15.0
0.0 71.87646 0.078 16.0 15.0
0.0 71.87646 0.079 0.0 16.0
1.7200514 76.23722 -0.993072279 0.0 16.0
0.0 71.87646 0.080 15.0 16.0
0.0 76.66822 0.080 15.0 16.0
0.0 76.66822 0.081 14.0 17.0
1.7200514 81.028984 -0.993072281 14.0 17.0
1.7200514 81.028984 -0.993072282 0.0 18.0
4.850728 84.17427 -2.800569382 0.0 18.0
1.7200514 81.028984 -0.993072283 13.0 18.0
3.7061958 85.38975 -0.993072283 13.0 18.0
3.7061958 85.38975 -0.993072284 0.0 19.0
6.8368726 88.535034 -2.800569384 0.0 19.0
6.8368726 88.535034 -2.800569385 0.0 20.0
10.814987 89.899025 -5.09733585 0.0 20.0
6.8368726 88.535034 -2.800569386 0.0 20.0
10.451867 91.68032 -2.800569386 0.0 20.0
3.7061958 85.38975 -0.993072287 12.0 19.0
5.6923404 89.75051 -0.993072287 12.0 19.0
5.6923404 89.75051 -0.993072288 0.0 20.0
8.823017 92.8958 -2.800569388 0.0 20.0
5.6923404 89.75051 -0.993072289 11.0 20.0
7.678485 94.111275 -0.993072289 11.0 20.0
7.678485 94.111275 -0.993072290 2.0 21.0
10.809162 97.25656 -2.800569390 2.0 21.0
10.809162 97.25656 -2.800569391 0.0 22.0
14.787276 98.62055 -5.09733591 0.0 22.0
10.809162 97.25656 -2.800569392 1.0 22.0
14.424156 100.40185 -2.800569392 1.0 22.0
14.424156 100.40185 -2.800569393 0.0 23.0
18.402271 101.76584 -5.09733593 0.0 23.0
18.402271 101.76584 -5.09733594 0.0 24.0
22.512186 101.103165 -7.470195394 0.0 24.0
18.402271 101.76584 -5.09733595 0.0 24.0
22.995802 103.12983 -5.09733595 0.0 24.0
14.424156 100.40185 -2.800569396 0.0 23.0
18.03915 103.547134 -2.800569396 0.0 23.0
18.03915 103.547134 -2.800569397 0.0 24.0
22.017265 104.911125 -5.09733597 0.0 24.0
18.03915 103.547134 -2.800569398 0.0 24.0
21.654144 106.69242 -2.800569398 0.0 24.0
7.678485 94.111275 -0.993072299 10.0 21.0
9.664629 98.47204 -0.993072299 10.0 21.0
9.664629 98.47204 -0.9930722100 0.0 22.0
12.795305 101.617325 -2.8005693100 0.0 22.0
9.664629 98.47204 -0.9930722101 9.0 22.0
11.650773 102.8328 -0.9930722101 9.0 22.0
11.650773 102.8328 -0.9930722102 0.0 23.0
14.78145 105.97809 -2.8005693102 0.0 23.0
14.78145 105.97809 -2.8005693103 0.0 24.0
18.759563 107.34208 -5.097335103 0.0 24.0
14.78145 105.97809 -2.8005693104 0.0 24.0
18.396444 109.123375 -2.8005693104 0.0 24.0
11.650773 102.8328 -0.9930722105 8.0 23.0
13.636917 107.193565 -0.9930722105 8.0 23.0
13.636917 107.193565 -0.9930722106 0.0 24.0
16.767593 110.33885 -2.8005693106 0.0 24.0
13.636917 107.193565 -0.9930722107 7.0 24.0
15.623061 111.55433 -0.9930722107 7.0 24.0
15.623061 111.55433 -0.9930722108 6.0 25.0
18.753738 114.699615 -2.8005693108 6.0 25.0
18.753738 114.699615 -2.8005693109 0.0 26.0
22.731853 116.06361 -5.097335109 0.0 26.0
18.753738 114.699615 -2.8005693110 5.0 26.0
22.368732 117.8449 -2.8005693110 5.0 26.0
22.368732 117.8449 -2.8005693111 0.0 27.0
26.346848 119.20889 -5.097335111 0.0 27.0
26.346848 119.20889 -5.097335112 0.0 28.0
30.456762 118.54622 -7.4701953112 0.0 28.0
26.346848 119.20889 -5.097335113 0.0 28.0
30.940378 120.57288 -5.097335113 0.0 28.0
22.368732 117.8449 -2.8005693114 4.0 27.0
25.983727 120.99019 -2.8005693114 4.0 27.0
25.983727 120.99019 -2.8005693115 0.0 28.0
29.961842 122.35418 -5.097335115 0.0 28.0
25.983727 120.99019 -2.8005693116 3.0 28.0
29.59872 124.135475 -2.8005693116 3.0 28.0
29.59872 124.135475 -2.8005693117 2.0 29.0
33.576836 125.499466 -5.097335117 2.0 29.0
33.576836 125.499466 -5.097335118 0.0 30.0
37.686752 124.83679 -7.4701953118 0.0 30.0
33.576836 125.499466 -5.097335119 1.0 30.0
38.170364 126.86346 -5.097335119 1.0 30.0
38.170364 126.86346 -5.097335120 0.0 31.0
42.28028 126.20078 -7.4701953120 0.0 31.0
42.28028 126.20078 -7.4701953121 0.0 32.0
45.78265 123.63065 -9.492289121 0.0 32.0
42.28028 126.20078 -7.4701953122 0.0 32.0
47.026 125.53811 -7.4701953122 0.0 32.0
38.170364 126.86346 -5.097335123 0.0 31.0
42.763893 128.22745 -5.097335123 0.0 31.0
42.763893 128.22745 -5.097335124 0.0 32.0
46.87381 127.56477 -7.4701953124 0.0 32.0
42.763893 128.22745 -5.097335125 0.0 32.0
47.35742 129.59145 -5.097335125 0.0 32.0
29.59872 124.135475 -2.8005693126 2.0 29.0
33.213715 127.28076 -2.8005693126 2.0 29.0
33.213715 127.28076 -2.8005693127 0.0 30.0
37.19183 128.64476 -5.097335127 0.0 30.0
33.213715 127.28076 -2.8005693128 1.0 30.0
36.82871 130.42604 -2.8005693128 1.0 30.0
36.82871 130.42604 -2.8005693129 0.0 31.0
40.806824 131.79004 -5.097335129 0.0 31.0
40.806824 131.79004 -5.097335130 0.0 32.0
44.91674 131.12737 -7.4701953130 0.0 32.0
40.806824 131.79004 -5.097335131 0.0 32.0
45.400352 133.15404 -5.097335131 0.0 32.0
36.82871 130.42604 -2.8005693132 0.0 31.0
40.443703 133.57132 -2.8005693132 0.0 31.0
40.443703 133.57132 -2.8005693133 0.0 32.0
44.421818 134.93532 -5.097335133 0.0 32.0
40.443703 133.57132 -2.8005693134 0.0 32.0
44.058697 136.7166 -2.8005693134 0.0 32.0
15.623061 111.55433 -0.9930722135 6.0 25.0
17.609205 115.91509 -0.9930722135 6.0 25.0
17.609205 115.91509 -0.9930722136 0.0 26.0
20.739882 119.06038 -2.8005693136 0.0 26.0
17.609205 115.91509 -0.9930722137 5.0 26.0
19.59535 120.275856 -0.9930722137 5.0 26.0
19.59535 120.275856 -0.9930722138 0.0 27.0
22.726027 123.42114 -2.8005693138 0.0 27.0
22.726027 123.42114 -2.8005693139 0.0 28.0
26.70414 124.78513 -5.097335139 0.0 28.0
22.726027 123.42114 -2.8005693140 0.0 28.0
26.34102 126.56643 -2.8005693140 0.0 28.0
19.59535 120.275856 -0.9930722141 4.0 27.0
21.581495 124.63662 -0.9930722141 4.0 27.0
21.581495 124.63662 -0.9930722142 0.0 28.0
24.712172 127.781906 -2.8005693142 0.0 28.0
21.581495 124.63662 -0.9930722143 3.0 28.0
23.56764 128.99738 -0.9930722143 3.0 28.0
23.56764 128.99738 -0.9930722144 2.0 29.0
26.698317 132.14265 -2.8005693144 2.0 29.0
26.698317 132.14265 -2.8005693145 0.0 30.0
30.67643 133.50665 -5.097335145 0.0 30.0
26.698317 132.14265 -2.8005693146 1.0 30.0
30.31331 135.28793 -2.8005693146 1.0 30.0
30.31331 135.28793 -2.8005693147 0.0 31.0
34.291424 136.65193 -5.097335147 0.0 31.0
34.291424 136.65193 -5.097335148 0.0 32.0
38.401337 135.98926 -7.4701953148 0.0 32.0
34.291424 136.65193 -5.097335149 0.0 32.0
38.884956 138.01593 -5.097335149 0.0 32.0
30.31331 135.28793 -2.8005693150 0.0 31.0
33.928307 138.43321 -2.8005693150 0.0 31.0
33.928307 138.43321 -2.8005693151 0.0 32.0
37.90642 139.79721 -5.097335151 0.0 32.0
33.928307 138.43321 -2.8005693152 0.0 32.0
37.5433 141.57849 -2.8005693152 0.0 32.0
23.56764 128.99738 -0.9930722153 2.0 29.0
25.553785 133.35814 -0.9930722153 2.0 29.0
25.553785 133.35814 -0.9930722154 0.0 30.0
28.684462 136.50342 -2.8005693154 0.0 30.0
25.553785 133.35814 -0.9930722155 1.0 30.0
27.53993 137.7189 -0.9930722155 1.0 30.0
27.53993 137.7189 -0.9930722156 0.0 31.0
30.670607 140.86418 -2.8005693156 0.0 31.0
30.670607 140.86418 -2.8005693157 0.0 32.0
34.64872 142.22818 -5.097335157 0.0 32.0
30.670607 140.86418 -2.8005693158 0.0 32.0
34.285603 144.00946 -2.8005693158 0.0 32.0
27.53993 137.7189 -0.9930722159 0.0 31.0
29.526075 142.07967 -0.9930722159 0.0 31.0
29.526075 142.07967 -0.9930722160 0.0 32.0
32.656754 145.22495 -2.8005693160 0.0 32.0
29.526075 142.07967 -0.9930722161 0.0 32.0
31.51222 146.44043 -0.9930722161 0.0 32.0
0.0 76.66822 0.0162 14.0 17.0
0.0 81.459984 0.0162 14.0 17.0
0.0 81.459984 0.0163 0.0 18.0
1.7200514 85.82075 -0.9930722163 0.0 18.0
0.0 81.459984 0.0164 13.0 18.0
0.0 86.25175 0.0164 13.0 18.0
0.0 86.25175 0.0165 0.0 19.0
1.7200514 90.61251 -0.9930722165 0.0 19.0
1.7200514 90.61251 -0.9930722166 0.0 20.0
4.850728 93.7578 -2.8005693166 0.0 20.0
1.7200514 90.61251 -0.9930722167 0.0 20.0
3.7061958 94.973274 -0.9930722167 0.0 20.0
0.0 86.25175 0.0168 12.0 19.0
0.0 91.04351 0.0168 12.0 19.0
0.0 91.04351 0.0169 0.0 20.0
1.7200514 95.404274 -0.9930722169 0.0 20.0
0.0 91.04351 0.0170 11.0 20.0
0.0 95.83527 0.0170 11.0 20.0
0.0 95.83527 0.0171 2.0 21.0
1.7200514 100.19604 -0.9930722171 2.0 21.0
1.7200514 100.19604 -0.9930722172 0.0 22.0
4.850728 103.341324 -2.8005693172 0.0 22.0
1.7200514 100.19604 -0.9930722173 1.0 22.0
3.7061958 104.5568 -0.9930722173 1.0 22.0
3.7061958 104.5568 -0.9930722174 0.0 23.0
6.8368726 107.70209 -2.8005693174 0.0 23.0
6.8368726 107.70209 -2.8005693175 0.0 24.0
10.814987 109.06608 -5.097335175 0.0 24.0
6.8368726 107.70209 -2.8005693176 0.0 24.0
10.451867 110.847374 -2.8005693176 0.0 24.0
3.7061958 104.5568 -0.9930722177 0.0 23.0
5.6923404 108.917564 -0.9930722177 0.0 23.0
5.6923404 108.917564 -0.9930722178 0.0 24.0
8.823017 112.06285 -2.8005693178 0.0 24.0
5.6923404 108.917564 -0.9930722179 0.0 24.0
7.678485 113.27833 -0.9930722179 0.0 24.0
0.0 95.83527 0.0180 10.0 21.0
0.0 100.62704 0.0180 10.0 21.0
0.0 100.62704 0.0181 0.0 22.0
1.7200514 104.9878 -0.9930722181 0.0 22.0
0.0 100.62704 0.0182 9.0 22.0
0.0 105.4188 0.0182 9.0 22.0
0.0 105.4188 0.0183 0.0 23.0
1.7200514 109.779564 -0.9930722183 0.0 23.0
1.7200514 109.779564 -0.9930722184 0.0 24.0
4.850728 112.92485 -2.8005693184 0.0 24.0
1.7200514 109.779564 -0.9930722185 0.0 24.0
3.7061958 114.14033 -0.9930722185 0.0 24.0
0.0 105.4188 0.0186 8.0 23.0
0.0 110.21056 0.0186 8.0 23.0
0.0 110.21056 0.0187 0.0 24.0
1.7200514 114.57133 -0.9930722187 0.0 24.0
0.0 110.21056 0.0188 7.0 24.0
0.0 115.00233 0.0188 7.0 24.0
0.0 115.00233 0.0189 6.0 25.0
1.7200514 119.36309 -0.9930722189 6.0 25.0
1.7200514 119.36309 -0.9930722190 0.0 26.0
4.850728 122.50838 -2.8005693190 0.0 26.0
1.7200514 119.36309 -0.9930722191 5.0 26.0
3.7061958 123.723854 -0.9930722191 5.0 26.0
3.7061958 123.723854 -0.9930722192 0.0 27.0
6.8368726 126.86914 -2.8005693192 0.0 27.0
6.8368726 126.86914 -2.8005693193 0.0 28.0
10.814987 128.23314 -5.097335193 0.0 28.0
6.8368726 126.86914 -2.8005693194 0.0 28.0
10.451867 130.01442 -2.8005693194 0.0 28.0
3.7061958 123.723854 -0.9930722195 4.0 27.0
5.6923404 128.08461 -0.9930722195 4.0 27.0
5.6923404 128.08461 -0.9930722196 0.0 28.0
8.823017 131.22989 -2.8005693196 0.0 28.0
5.6923404 128.08461 -0.9930722197 3.0 28.0
7.678485 132.44537 -0.9930722197 3.0 28.0
7.678485 132.44537 -0.9930722198 2.0 29.0
10.809162 135.59065 -2.8005693198 2.0 29.0
10.809162 135.59065 -2.8005693199 0.0 30.0
14.787276 136.95465 -5.097335199 0.0 30.0
10.809162 135.59065 -2.8005693200 1.0 30.0
14.424156 138.73593 -2.8005693200 1.0 30.0
14.424156 138.73593 -2.8005693201 0.0 31.0
18.402271 140.09993 -5.097335201 0.0 31.0
18.402271 140.09993 -5.097335202 0.0 32.0
22.512186 139.43726 -7.4701953202 0.0 32.0
18.402271 140.09993 -5.097335203 0.0 32.0
22.995802 141.46393 -5.097335203 0.0 32.0
14.424156 138.73593 -2.8005693204 0.0 31.0
18.03915 141.88121 -2.8005693204 0.0 31.0
18.03915 141.88121 -2.8005693205 0.0 32.0
22.017265 143.24521 -5.097335205 0.0 32.0
18.03915 141.88121 -2.8005693206 0.0 32.0
21.654144 145.02649 -2.8005693206 0.0 32.0
7.678485 132.44537 -0.9930722207 2.0 29.0
9.664629 136.80614 -0.9930722207 2.0 29.0
9.664629 136.80614 -0.9930722208 0.0 30.0
12.795305 139.95142 -2.8005693208 0.0 30.0
9.664629 136.80614 -0.9930722209 1.0 30.0
11.650773 141.1669 -0.9930722209 1.0 30.0
11.650773 141.1669 -0.9930722210 0.0 31.0
14.78145 144.31218 -2.8005693210 0.0 31.0
14.78145 144.31218 -2.8005693211 0.0 32.0
18.759563 145.67618 -5.097335211 0.0 32.0
14.78145 144.31218 -2.8005693212 0.0 32.0
18.396444 147.45746 -2.8005693212 0.0 32.0
11.650773 141.1669 -0.9930722213 0.0 31.0
13.636917 145.52766 -0.9930722213 0.0 31.0
13.636917 145.52766 -0.9930722214 0.0 32.0
16.767593 148.67294 -2.8005693214 0.0 32.0
13.636917 145.52766 -0.9930722215 0.0 32.0
15.623061 149.88843 -0.9930722215 0.0 32.0
0.0 115.00233 0.0216 6.0 25.0
0.0 119.79409 0.0216 6.0 25.0
0.0 119.79409 0.0217 0.0 26.0
1.7200514 124.154854 -0.9930722217 0.0 26.0
0.0 119.79409 0.0218 5.0 26.0
0.0 124.58585 0.0218 5.0 26.0
0.0 124.58585 0.0219 0.0 27.0
1.7200514 128.94661 -0.9930722219 0.0 27.0
1.7200514 128.94661 -0.9930722220 0.0 28.0
4.850728 132.09189 -2.8005693220 0.0 28.0
1.7200514 128.94661 -0.9930722221 0.0 28.0
3.7061958 133.30737 -0.9930722221 0.0 28.0
0.0 124.58585 0.0222 4.0 27.0
0.0 129.37762 0.0222 4.0 27.0
0.0 129.37762 0.0223 0.0 28.0
1.7200514 133.73839 -0.9930722223 0.0 28.0
0.0 129.37762 0.0224 3.0 28.0
0.0 134.16939 0.0224 3.0 28.0
0.0 134.16939 0.0225 2.0 29.0
1.7200514 138.53015 -0.9930722225 2.0 29.0
1.7200514 138.53015 -0.9930722226 0.0 30.0
4.850728 141.67543 -2.8005693226 0.0 30.0
1.7200514 138.53015 -0.9930722227 1.0 30.0
3.7061958 142.89091 -0.9930722227 1.0 30.0
3.7061958 142.89091 -0.9930722228 0.0 31.0
6.8368726 146.0362 -2.8005693228 0.0 31.0
6.8368726 146.0362 -2.8005693229 0.0 32.0
10.814987 147.40019 -5.097335229 0.0 32.0
6.8368726 146.0362 -2.8005693230 0.0 32.0
10.451867 149.18147 -2.8005693230 0.0 32.0
3.7061958 142.89091 -0.9930722231 0.0 31.0
5.6923404 147.25168 -0.9930722231 0.0 31.0
5.6923404 147.25168 -0.9930722232 0.0 32.0
8.823017 150.39696 -2.8005693232 0.0 32.0
5.6923404 147.25168 -0.9930722233 0.0 32.0
7.678485 151.61244 -0.9930722233 0.0 32.0
0.0 134.16939 0.0234 2.0 29.0
0.0 138.96115 0.0234 2.0 29.0
0.0 138.96115 0.0235 0.0 30.0
1.7200514 143.32191 -0.9930722235 0.0 30.0
0.0 138.96115 0.0236 1.0 30.0
0.0 143.75291 0.0236 1.0 30.0
0.0 143.75291 0.0237 0.0 31.0
1.7200514 148.11368 -0.9930722237 0.0 31.0
1.7200514 148.11368 -0.9930722238 0.0 32.0
4.850728 151.25896 -2.8005693238 0.0 32.0
1.7200514 148.11368 -0.9930722239 0.0 32.0
3.7061958 152.47444 -0.9930722239 0.0 32.0
0.0 143.75291 0.0240 0.0 31.0
0.0 148.54468 0.0240 0.0 31.0
0.0 148.54468 0.0241 0.0 32.0
1.7200514 152.90544 -0.9930722241 0.0 32.0
0.0 148.54468 0.0242 0.0 32.0
0.0 153.33644 0.0242 0.0 32.0
