0.0 0.0 0.00 30.0 1.0
0.0 4.563339 0.00 30.0 1.0
0.0 4.563339 0.01 0.0 2.0
-2.8347228 7.74294 1.6366281 0.0 2.0
0.0 4.563339 0.02 29.0 2.0
0.0 9.126678 0.02 29.0 2.0
0.0 9.126678 0.03 0.0 3.0
2.8347228 12.306279 -1.6366283 0.0 3.0
2.8347228 12.306279 -1.6366284 0.0 4.0
2.8347228 16.869617 -1.6366284 0.0 4.0
2.8347228 12.306279 -1.6366285 0.0 4.0
6.107979 15.48588 -1.6366285 0.0 4.0
0.0 9.126678 0.06 28.0 3.0
0.0 13.690018 0.06 28.0 3.0
0.0 13.690018 0.07 0.0 4.0
-2.8347228 16.869617 1.6366287 0.0 4.0
0.0 13.690018 0.08 27.0 4.0
0.0 18.253357 0.08 27.0 4.0
0.0 18.253357 0.09 2.0 5.0
2.8347228 21.432957 -1.6366289 2.0 5.0
2.8347228 21.432957 -1.63662810 0.0 6.0
2.8347228 25.996296 -1.63662810 0.0 6.0
2.8347228 21.432957 -1.63662811 1.0 6.0
6.107979 24.612556 -1.63662811 1.0 6.0
6.107979 24.612556 -1.63662812 0.0 7.0
10.058282 24.480122 -3.917336512 0.0 7.0
10.058282 24.480122 -3.917336513 0.0 8.0
12.893004 27.659721 -5.553964613 0.0 8.0
10.058282 24.480122 -3.917336514 0.0 8.0
14.6196995 24.347687 -3.917336514 0.0 8.0
6.107979 24.612556 -1.63662815 0.0 7.0
9.381235 27.792156 -1.63662815 0.0 7.0
9.381235 27.792156 -1.63662816 0.0 8.0
9.381235 32.355495 -1.63662816 0.0 8.0
9.381235 27.792156 -1.63662817 0.0 8.0
12.654491 30.971756 -1.63662817 0.0 8.0
0.0 18.253357 0.018 26.0 5.0
0.0 22.816696 0.018 26.0 5.0
0.0 22.816696 0.019 0.0 6.0
-2.8347228 25.996296 1.63662819 0.0 6.0
0.0 22.816696 0.020 25.0 6.0
0.0 27.380035 0.020 25.0 6.0
0.0 27.380035 0.021 0.0 7.0
2.8347228 30.559635 -1.63662821 0.0 7.0
2.8347228 30.559635 -1.63662822 0.0 8.0
2.8347228 35.122974 -1.63662822 0.0 8.0
2.8347228 30.559635 -1.63662823 0.0 8.0
6.107979 33.739235 -1.63662823 0.0 8.0
0.0 27.380035 0.024 24.0 7.0
0.0 31.943375 0.024 24.0 7.0
0.0 31.943375 0.025 0.0 8.0
-2.8347228 35.122974 1.63662825 0.0 8.0
0.0 31.943375 0.026 23.0 8.0
0.0 36.506714 0.026 23.0 8.0
0.0 36.506714 0.027 6.0 9.0
-2.8347228 39.686314 1.63662827 6.0 9.0
-2.8347228 39.686314 1.63662828 0.0 10.0
-6.7850256 39.55388 3.917336528 0.0 10.0
-2.8347228 39.686314 1.63662829 5.0 10.0
-6.107979 42.865913 1.63662829 5.0 10.0
-6.107979 42.865913 1.63662830 0.0 11.0
-6.107979 47.429253 1.63662830 0.0 11.0
-6.107979 47.429253 1.63662831 0.0 12.0
-8.942701 50.608852 3.27325631 0.0 12.0
-6.107979 47.429253 1.63662832 0.0 12.0
-6.107979 51.99259 1.63662832 0.0 12.0
-6.107979 42.865913 1.63662833 4.0 11.0
-9.381235 46.045513 1.63662833 4.0 11.0
-9.381235 46.045513 1.63662834 0.0 12.0
-13.331538 45.91308 3.917336534 0.0 12.0
-9.381235 46.045513 1.63662835 3.0 12.0
-12.654491 49.225113 1.63662835 3.0 12.0
-12.654491 49.225113 1.63662836 2.0 13.0
-12.654491 53.788452 1.63662836 2.0 13.0
-12.654491 53.788452 1.63662837 0.0 14.0
-15.489214 56.968052 3.27325637 0.0 14.0
-12.654491 53.788452 1.63662838 1.0 14.0
-12.654491 58.35179 1.63662838 1.0 14.0
-12.654491 58.35179 1.63662839 0.0 15.0
-9.819769 61.53139 0.039 0.0 15.0
-9.819769 61.53139 0.040 0.0 16.0
-9.819769 66.09473 0.040 0.0 16.0
-9.819769 61.53139 0.041 0.0 16.0
-6.5465126 64.71099 0.041 0.0 16.0
-12.654491 58.35179 1.63662842 0.0 15.0
-12.654491 62.91513 1.63662842 0.0 15.0
-12.654491 62.91513 1.63662843 0.0 16.0
-15.489214 66.094734 3.27325643 0.0 16.0
-12.654491 62.91513 1.63662844 0.0 16.0
-12.654491 67.47847 1.63662844 0.0 16.0
-12.654491 49.225113 1.63662845 2.0 13.0
-15.927748 52.404713 1.63662845 2.0 13.0
-15.927748 52.404713 1.63662846 0.0 14.0
-19.878052 52.272278 3.917336546 0.0 14.0
-15.927748 52.404713 1.63662847 1.0 14.0
-19.201004 55.584312 1.63662847 1.0 14.0
-19.201004 55.584312 1.63662848 0.0 15.0
-19.201004 60.14765 1.63662848 0.0 15.0
-19.201004 60.14765 1.63662849 0.0 16.0
-22.035727 63.32725 3.27325649 0.0 16.0
-19.201004 60.14765 1.63662850 0.0 16.0
-19.201004 64.71099 1.63662850 0.0 16.0
-19.201004 55.584312 1.63662851 0.0 15.0
-22.47426 58.763912 1.63662851 0.0 15.0
-22.47426 58.763912 1.63662852 0.0 16.0
-26.424564 58.631477 3.917336552 0.0 16.0
-22.47426 58.763912 1.63662853 0.0 16.0
-25.747517 61.943512 1.63662853 0.0 16.0
0.0 36.506714 0.054 22.0 9.0
0.0 41.070053 0.054 22.0 9.0
0.0 41.070053 0.055 0.0 10.0
-2.8347228 44.249653 1.63662855 0.0 10.0
0.0 41.070053 0.056 21.0 10.0
0.0 45.633392 0.056 21.0 10.0
0.0 45.633392 0.057 0.0 11.0
2.8347228 48.812992 -1.63662857 0.0 11.0
2.8347228 48.812992 -1.63662858 0.0 12.0
2.8347228 53.37633 -1.63662858 0.0 12.0
2.8347228 48.812992 -1.63662859 0.0 12.0
6.107979 51.99259 -1.63662859 0.0 12.0
0.0 45.633392 0.060 20.0 11.0
0.0 50.19673 0.060 20.0 11.0
0.0 50.19673 0.061 0.0 12.0
-2.8347228 53.37633 1.63662861 0.0 12.0
0.0 50.19673 0.062 19.0 12.0
0.0 54.76007 0.062 19.0 12.0
0.0 54.76007 0.063 2.0 13.0
2.8347228 57.93967 -1.63662863 2.0 13.0
2.8347228 57.93967 -1.63662864 0.0 14.0
2.8347228 62.50301 -1.63662864 0.0 14.0
2.8347228 57.93967 -1.63662865 1.0 14.0
6.107979 61.11927 -1.63662865 1.0 14.0
6.107979 61.11927 -1.63662866 0.0 15.0
10.058282 60.986835 -3.917336566 0.0 15.0
10.058282 60.986835 -3.917336567 0.0 16.0
12.893004 64.166435 -5.553964667 0.0 16.0
10.058282 60.986835 -3.917336568 0.0 16.0
14.6196995 60.8544 -3.917336568 0.0 16.0
6.107979 61.11927 -1.63662869 0.0 15.0
9.381235 64.298874 -1.63662869 0.0 15.0
9.381235 64.298874 -1.63662870 0.0 16.0
9.381235 68.86221 -1.63662870 0.0 16.0
9.381235 64.298874 -1.63662871 0.0 16.0
12.654491 67.47848 -1.63662871 0.0 16.0
0.0 54.76007 0.072 18.0 13.0
0.0 59.32341 0.072 18.0 13.0
0.0 59.32341 0.073 0.0 14.0
-2.8347228 62.50301 1.63662873 0.0 14.0
0.0 59.32341 0.074 17.0 14.0
0.0 63.88675 0.074 17.0 14.0
0.0 63.88675 0.075 0.0 15.0
2.8347228 67.06635 -1.63662875 0.0 15.0
2.8347228 67.06635 -1.63662876 0.0 16.0
2.8347228 71.62969 -1.63662876 0.0 16.0
2.8347228 67.06635 -1.63662877 0.0 16.0
6.107979 70.24596 -1.63662877 0.0 16.0
0.0 63.88675 0.078 16.0 15.0
0.0 68.45009 0.078 16.0 15.0
0.0 68.45009 0.079 0.0 16.0
-2.8347228 71.62969 1.63662879 0.0 16.0
0.0 68.45009 0.080 15.0 16.0
0.0 73.01343 0.080 15.0 16.0
0.0 73.01343 0.081 14.0 17.0
-2.8347228 76.19303 1.63662881 14.0 17.0
-2.8347228 76.19303 1.63662882 0.0 18.0
-6.7850256 76.06059 3.917336582 0.0 18.0
-2.8347228 76.19303 1.63662883 13.0 18.0
-6.107979 79.372635 1.63662883 13.0 18.0
-6.107979 79.372635 1.63662884 0.0 19.0
-6.107979 83.935974 1.63662884 0.0 19.0
-6.107979 83.935974 1.63662885 0.0 20.0
-8.942701 87.11558 3.27325685 0.0 20.0
-6.107979 83.935974 1.63662886 0.0 20.0
-6.107979 88.49931 1.63662886 0.0 20.0
-6.107979 79.372635 1.63662887 12.0 19.0
-9.381235 82.55224 1.63662887 12.0 19.0
-9.381235 82.55224 1.63662888 0.0 20.0
-13.331538 82.4198 3.917336588 0.0 20.0
-9.381235 82.55224 1.63662889 11.0 20.0
-12.654491 85.73184 1.63662889 11.0 20.0
-12.654491 85.73184 1.63662890 2.0 21.0
-12.654491 90.29518 1.63662890 2.0 21.0
-12.654491 90.29518 1.63662891 0.0 22.0
-15.489214 93.474785 3.27325691 0.0 22.0
-12.654491 90.29518 1.63662892 1.0 22.0
-12.654491 94.85852 1.63662892 1.0 22.0
-12.654491 94.85852 1.63662893 0.0 23.0
-9.819769 98.038124 0.093 0.0 23.0
-9.819769 98.038124 0.094 0.0 24.0
-9.819769 102.60146 0.094 0.0 24.0
-9.819769 98.038124 0.095 0.0 24.0
-6.5465126 101.21773 0.095 0.0 24.0
-12.654491 94.85852 1.63662896 0.0 23.0
-12.654491 99.42186 1.63662896 0.0 23.0
-12.654491 99.42186 1.63662897 0.0 24.0
-15.489214 102.60146 3.27325697 0.0 24.0
-12.654491 99.42186 1.63662898 0.0 24.0
-12.654491 103.9852 1.63662898 0.0 24.0
-12.654491 85.73184 1.63662899 10.0 21.0
-15.927748 88.911446 1.63662899 10.0 21.0
-15.927748 88.911446 1.636628100 0.0 22.0
-19.878052 88.77901 3.9173365100 0.0 22.0
-15.927748 88.911446 1.636628101 9.0 22.0
-19.201004 92.09105 1.636628101 9.0 22.0
-19.201004 92.09105 1.636628102 0.0 23.0
-19.201004 96.65439 1.636628102 0.0 23.0
-19.201004 96.65439 1.636628103 0.0 24.0
-22.035727 99.83399 3.273256103 0.0 24.0
-19.201004 96.65439 1.636628104 0.0 24.0
-19.201004 101.21773 1.636628104 0.0 24.0
-19.201004 92.09105 1.636628105 8.0 23.0
-22.47426 95.27065 1.636628105 8.0 23.0
-22.47426 95.27065 1.636628106 0.0 24.0
-26.424564 95.138214 3.9173365106 0.0 24.0
-22.47426 95.27065 1.636628107 7.0 24.0
-25.747517 98.45026 1.636628107 7.0 24.0
-25.747517 98.45026 1.636628108 6.0 25.0
-29.697819 98.31782 3.9173365108 6.0 25.0
-29.697819 98.31782 3.9173365109 0.0 26.0
-32.368004 94.95367 5.45897109 0.0 26.0
-29.697819 98.31782 3.9173365110 5.0 26.0
-34.259235 98.18538 3.9173365110 5.0 26.0
-34.259235 98.18538 3.9173365111 0.0 27.0
-37.09396 101.36498 5.5539646111 0.0 27.0
-37.09396 101.36498 5.5539646112 0.0 28.0
-41.044262 101.232544 7.834673112 0.0 28.0
-37.09396 101.36498 5.5539646113 0.0 28.0
-40.367214 104.544586 5.5539646113 0.0 28.0
-34.259235 98.18538 3.9173365114 4.0 27.0
-38.820652 98.05294 3.9173365114 4.0 27.0
-38.820652 98.05294 3.9173365115 0.0 28.0
-41.490837 94.68879 5.45897115 0.0 28.0
-38.820652 98.05294 3.9173365116 3.0 28.0
-43.38207 97.9205 3.9173365116 3.0 28.0
-43.38207 97.9205 3.9173365117 2.0 29.0
-46.216793 101.100105 5.5539646117 2.0 29.0
-46.216793 101.100105 5.5539646118 0.0 30.0
-50.167095 100.96767 7.834673118 0.0 30.0
-46.216793 101.100105 5.5539646119 1.0 30.0
-49.490047 104.27971 5.5539646119 1.0 30.0
-49.490047 104.27971 5.5539646120 0.0 31.0
-49.490047 108.84305 5.5539646120 0.0 31.0
-49.490047 108.84305 5.5539646121 0.0 32.0
-52.32477 112.02265 7.190593121 0.0 32.0
-49.490047 108.84305 5.5539646122 0.0 32.0
-49.490047 113.40639 5.5539646122 0.0 32.0
-49.490047 104.27971 5.5539646123 0.0 31.0
-52.7633 107.45931 5.5539646123 0.0 31.0
-52.7633 107.45931 5.5539646124 0.0 32.0
-56.713604 107.32687 7.834673124 0.0 32.0
-52.7633 107.45931 5.5539646125 0.0 32.0
-56.036556 110.638916 5.5539646125 0.0 32.0
-43.38207 97.9205 3.9173365126 2.0 29.0
-47.943485 97.78806 3.9173365126 2.0 29.0
-47.943485 97.78806 3.9173365127 0.0 30.0
-50.61367 94.42391 5.45897127 0.0 30.0
-47.943485 97.78806 3.9173365128 1.0 30.0
-52.5049 97.655624 3.9173365128 1.0 30.0
-52.5049 97.655624 3.9173365129 0.0 31.0
-55.339626 100.83523 5.5539646129 0.0 31.0
-55.339626 100.83523 5.5539646130 0.0 32.0
-59.28993 100.70279 7.834673130 0.0 32.0
-55.339626 100.83523 5.5539646131 0.0 32.0
-58.61288 104.01483 5.5539646131 0.0 32.0
-52.5049 97.655624 3.9173365132 0.0 31.0
-57.06632 97.523186 3.9173365132 0.0 31.0
-57.06632 97.523186 3.9173365133 0.0 32.0
-59.736504 94.159035 5.45897133 0.0 32.0
-57.06632 97.523186 3.9173365134 0.0 32.0
-61.627735 97.39075 3.9173365134 0.0 32.0
-25.747517 98.45026 1.636628135 6.0 25.0
-29.020773 101.62986 1.636628135 6.0 25.0
-29.020773 101.62986 1.636628136 0.0 26.0
-32.971077 101.49742 3.9173365136 0.0 26.0
-29.020773 101.62986 1.636628137 5.0 26.0
-32.29403 104.80946 1.636628137 5.0 26.0
-32.29403 104.80946 1.636628138 0.0 27.0
-32.29403 109.3728 1.636628138 0.0 27.0
-32.29403 109.3728 1.636628139 0.0 28.0
-35.128754 112.55241 3.273256139 0.0 28.0
-32.29403 109.3728 1.636628140 0.0 28.0
-32.29403 113.93614 1.636628140 0.0 28.0
-32.29403 104.80946 1.636628141 4.0 27.0
-35.567284 107.98907 1.636628141 4.0 27.0
-35.567284 107.98907 1.636628142 0.0 28.0
-39.517586 107.85663 3.9173365142 0.0 28.0
-35.567284 107.98907 1.636628143 3.0 28.0
-38.840538 111.16867 1.636628143 3.0 28.0
-38.840538 111.16867 1.636628144 2.0 29.0
-38.840538 115.73201 1.636628144 2.0 29.0
-38.840538 115.73201 1.636628145 0.0 30.0
-41.675262 118.91161 3.273256145 0.0 30.0
-38.840538 115.73201 1.636628146 1.0 30.0
-38.840538 120.29535 1.636628146 1.0 30.0
-38.840538 120.29535 1.636628147 0.0 31.0
-36.005814 123.47495 0.0147 0.0 31.0
-36.005814 123.47495 0.0148 0.0 32.0
-36.005814 128.0383 0.0148 0.0 32.0
-36.005814 123.47495 0.0149 0.0 32.0
-32.73256 126.65456 0.0149 0.0 32.0
-38.840538 120.29535 1.636628150 0.0 31.0
-38.840538 124.85869 1.636628150 0.0 31.0
-38.840538 124.85869 1.636628151 0.0 32.0
-41.675262 128.03828 3.273256151 0.0 32.0
-38.840538 124.85869 1.636628152 0.0 32.0
-38.840538 129.42203 1.636628152 0.0 32.0
-38.840538 111.16867 1.636628153 2.0 29.0
-42.113792 114.348274 1.636628153 2.0 29.0
-42.113792 114.348274 1.636628154 0.0 30.0
-46.064095 114.215836 3.9173365154 0.0 30.0
-42.113792 114.348274 1.636628155 1.0 30.0
-45.387047 117.52788 1.636628155 1.0 30.0
-45.387047 117.52788 1.636628156 0.0 31.0
-45.387047 122.09122 1.636628156 0.0 31.0
-45.387047 122.09122 1.636628157 0.0 32.0
-48.22177 125.27082 3.273256157 0.0 32.0
-45.387047 122.09122 1.636628158 0.0 32.0
-45.387047 126.65456 1.636628158 0.0 32.0
-45.387047 117.52788 1.636628159 0.0 31.0
-48.6603 120.70748 1.636628159 0.0 31.0
-48.6603 120.70748 1.636628160 0.0 32.0
-52.610603 120.57504 3.9173365160 0.0 32.0
-48.6603 120.70748 1.636628161 0.0 32.0
-51.933556 123.887085 1.636628161 0.0 32.0
0.0 73.01343 0.0162 14.0 17.0
0.0 77.57677 0.0162 14.0 17.0
0.0 77.57677 0.0163 0.0 18.0
-2.8347228 80.75637 1.636628163 0.0 18.0
0.0 77.57677 0.0164 13.0 18.0
0.0 82.14011 0.0164 13.0 18.0
0.0 82.14011 0.0165 0.0 19.0
2.8347228 85.31971 -1.636628165 0.0 19.0
2.8347228 85.31971 -1.636628166 0.0 20.0
2.8347228 89.88305 -1.636628166 0.0 20.0
2.8347228 85.31971 -1.636628167 0.0 20.0
6.107979 88.49931 -1.636628167 0.0 20.0
0.0 82.14011 0.0168 12.0 19.0
0.0 86.703445 0.0168 12.0 19.0
0.0 86.703445 0.0169 0.0 20.0
-2.8347228 89.88305 1.636628169 0.0 20.0
0.0 86.703445 0.0170 11.0 20.0
0.0 91.266785 0.0170 11.0 20.0
0.0 91.266785 0.0171 2.0 21.0
2.8347228 94.44639 -1.636628171 2.0 21.0
2.8347228 94.44639 -1.636628172 0.0 22.0
2.8347228 99.00973 -1.636628172 0.0 22.0
2.8347228 94.44639 -1.636628173 1.0 22.0
6.107979 97.62599 -1.636628173 1.0 22.0
6.107979 97.62599 -1.636628174 0.0 23.0
10.058282 97.49355 -3.9173365174 0.0 23.0
10.058282 97.49355 -3.9173365175 0.0 24.0
12.893004 100.67316 -5.5539646175 0.0 24.0
10.058282 97.49355 -3.9173365176 0.0 24.0
14.6196995 97.361115 -3.9173365176 0.0 24.0
6.107979 97.62599 -1.636628177 0.0 23.0
9.381235 100.805595 -1.636628177 0.0 23.0
9.381235 100.805595 -1.636628178 0.0 24.0
9.381235 105.368935 -1.636628178 0.0 24.0
9.381235 100.805595 -1.636628179 0.0 24.0
12.654491 103.9852 -1.636628179 0.0 24.0
0.0 91.266785 0.0180 10.0 21.0
0.0 95.830124 0.0180 10.0 21.0
0.0 95.830124 0.0181 0.0 22.0
-2.8347228 99.00973 1.636628181 0.0 22.0
0.0 95.830124 0.0182 9.0 22.0
0.0 100.39346 0.0182 9.0 22.0
0.0 100.39346 0.0183 0.0 23.0
2.8347228 103.57307 -1.636628183 0.0 23.0
2.8347228 103.57307 -1.636628184 0.0 24.0
2.8347228 108.136406 -1.636628184 0.0 24.0
2.8347228 103.57307 -1.636628185 0.0 24.0
6.107979 106.75267 -1.636628185 0.0 24.0
0.0 100.39346 0.0186 8.0 23.0
0.0 104.9568 0.0186 8.0 23.0
0.0 104.9568 0.0187 0.0 24.0
-2.8347228 108.136406 1.636628187 0.0 24.0
0.0 104.9568 0.0188 7.0 24.0
0.0 109.52014 0.0188 7.0 24.0
0.0 109.52014 0.0189 6.0 25.0
-2.8347228 112.699745 1.636628189 6.0 25.0
-2.8347228 112.699745 1.636628190 0.0 26.0
-6.7850256 112.56731 3.9173365190 0.0 26.0
-2.8347228 112.699745 1.636628191 5.0 26.0
-6.107979 115.87935 1.636628191 5.0 26.0
-6.107979 115.87935 1.636628192 0.0 27.0
-6.107979 120.44269 1.636628192 0.0 27.0
-6.107979 120.44269 1.636628193 0.0 28.0
-8.942701 123.62229 3.273256193 0.0 28.0
-6.107979 120.44269 1.636628194 0.0 28.0
-6.107979 125.00603 1.636628194 0.0 28.0
-6.107979 115.87935 1.636628195 4.0 27.0
-9.381235 119.05895 1.636628195 4.0 27.0
-9.381235 119.05895 1.636628196 0.0 28.0
-13.331538 118.92651 3.9173365196 0.0 28.0
-9.381235 119.05895 1.636628197 3.0 28.0
-12.654491 122.238556 1.636628197 3.0 28.0
-12.654491 122.238556 1.636628198 2.0 29.0
-12.654491 126.801895 1.636628198 2.0 29.0
-12.654491 126.801895 1.636628199 0.0 30.0
-15.489214 129.98149 3.273256199 0.0 30.0
-12.654491 126.801895 1.636628200 1.0 30.0
-12.654491 131.36523 1.636628200 1.0 30.0
-12.654491 131.36523 1.636628201 0.0 31.0
-9.819769 134.54483 0.0201 0.0 31.0
-9.819769 134.54483 0.0202 0.0 32.0
-9.819769 139.10817 0.0202 0.0 32.0
-9.819769 134.54483 0.0203 0.0 32.0
-6.5465126 137.72443 0.0203 0.0 32.0
-12.654491 131.36523 1.636628204 0.0 31.0
-12.654491 135.92857 1.636628204 0.0 31.0
-12.654491 135.92857 1.636628205 0.0 32.0
-15.489214 139.10817 3.273256205 0.0 32.0
-12.654491 135.92857 1.636628206 0.0 32.0
-12.654491 140.49191 1.636628206 0.0 32.0
-12.654491 122.238556 1.636628207 2.0 29.0
-15.927748 125.41816 1.636628207 2.0 29.0
-15.927748 125.41816 1.636628208 0.0 30.0
-19.878052 125.28572 3.9173365208 0.0 30.0
-15.927748 125.41816 1.636628209 1.0 30.0
-19.201004 128.59776 1.636628209 1.0 30.0
-19.201004 128.59776 1.636628210 0.0 31.0
-19.201004 133.1611 1.636628210 0.0 31.0
-19.201004 133.1611 1.636628211 0.0 32.0
-22.035727 136.3407 3.273256211 0.0 32.0
-19.201004 133.1611 1.636628212 0.0 32.0
-19.201004 137.72444 1.636628212 0.0 32.0
-19.201004 128.59776 1.636628213 0.0 31.0
-22.47426 131.77736 1.636628213 0.0 31.0
-22.47426 131.77736 1.636628214 0.0 32.0
-26.424564 131.64493 3.9173365214 0.0 32.0
-22.47426 131.77736 1.636628215 0.0 32.0
-25.747517 134.95695 1.636628215 0.0 32.0
0.0 109.52014 0.0216 6.0 25.0
0.0 114.08348 0.0216 6.0 25.0
0.0 114.08348 0.0217 0.0 26.0
-2.8347228 117.263084 1.636628217 0.0 26.0
0.0 114.08348 0.0218 5.0 26.0
0.0 118.64682 0.0218 5.0 26.0
0.0 118.64682 0.0219 0.0 27.0
2.8347228 121.82642 -1.636628219 0.0 27.0
2.8347228 121.82642 -1.636628220 0.0 28.0
2.8347228 126.38976 -1.636628220 0.0 28.0
2.8347228 121.82642 -1.636628221 0.0 28.0
6.107979 125.00603 -1.636628221 0.0 28.0
0.0 118.64682 0.0222 4.0 27.0
0.0 123.21016 0.0222 4.0 27.0
0.0 123.21016 0.0223 0.0 28.0
-2.8347228 126.38976 1.636628223 0.0 28.0
0.0 123.21016 0.0224 3.0 28.0
0.0 127.7735 0.0224 3.0 28.0
0.0 127.7735 0.0225 2.0 29.0
2.8347228 130.9531 -1.636628225 2.0 29.0
2.8347228 130.9531 -1.636628226 0.0 30.0
2.8347228 135.51643 -1.636628226 0.0 30.0
2.8347228 130.9531 -1.636628227 1.0 30.0
6.107979 134.13269 -1.636628227 1.0 30.0
6.107979 134.13269 -1.636628228 0.0 31.0
10.058282 134.00026 -3.9173365228 0.0 31.0
10.058282 134.00026 -3.9173365229 0.0 32.0
12.893004 137.17986 -5.5539646229 0.0 32.0
10.058282 134.00026 -3.9173365230 0.0 32.0
14.6196995 133.86783 -3.9173365230 0.0 32.0
6.107979 134.13269 -1.636628231 0.0 31.0
9.381235 137.31229 -1.636628231 0.0 31.0
9.381235 137.31229 -1.636628232 0.0 32.0
9.381235 141.87563 -1.636628232 0.0 32.0
9.381235 137.31229 -1.636628233 0.0 32.0
12.654491 140.49188 -1.636628233 0.0 32.0
0.0 127.7735 0.0234 2.0 29.0
0.0 132.33684 0.0234 2.0 29.0
0.0 132.33684 0.0235 0.0 30.0
-2.8347228 135.51643 1.636628235 0.0 30.0
0.0 132.33684 0.0236 1.0 30.0
0.0 136.90018 0.0236 1.0 30.0
0.0 136.90018 0.0237 0.0 31.0
2.8347228 140.07977 -1.636628237 0.0 31.0
2.8347228 140.07977 -1.636628238 0.0 32.0
2.8347228 144.64311 -1.636628238 0.0 32.0
2.8347228 140.07977 -1.636628239 0.0 32.0
6.107979 143.25937 -1.636628239 0.0 32.0
0.0 136.90018 0.0240 0.0 31.0
0.0 141.46352 0.0240 0.0 31.0
0.0 141.46352 0.0241 0.0 32.0
-2.8347228 144.64311 1.636628241 0.0 32.0
0.0 141.46352 0.0242 0.0 32.0
0.0 146.02686 0.0242 0.0 32.0
