0.0 0.0 0.00 27.0 1.0
0.0 4.3470035 0.00 27.0 1.0
0.0 4.3470035 0.01 26.0 2.0
0.0 8.694007 0.01 26.0 2.0
0.0 8.694007 0.02 1.0 3.0
0.0 13.04101 0.02 1.0 3.0
0.0 13.04101 0.03 0.0 4.0
-2.016505 16.711802 1.16422983 0.0 4.0
-2.016505 16.711802 1.16422984 0.0 5.0
-5.4221478 18.56434 3.13047894 0.0 5.0
0.0 8.694007 0.05 1.0 3.0
-3.735231 8.1519375 2.15653665 1.0 3.0
-3.735231 8.1519375 2.15653666 0.0 4.0
-7.140874 10.004477 4.12278566 0.0 4.0
-7.140874 10.004477 4.12278567 0.0 5.0
-9.157379 13.675269 5.28701547 0.0 5.0
0.0 8.694007 0.08 25.0 3.0
-3.932498 10.546546 0.08 25.0 3.0
-3.932498 10.546546 0.09 24.0 4.0
-7.864996 12.399085 0.09 24.0 4.0
-7.864996 12.399085 0.010 1.0 5.0
-11.270639 14.251624 1.96624910 1.0 5.0
-11.270639 14.251624 1.96624911 0.0 6.0
-15.005871 13.709555 4.122785611 0.0 6.0
-15.005871 13.709555 4.122785612 0.0 7.0
-17.9086 10.941524 5.798676512 0.0 7.0
-7.864996 12.399085 0.013 1.0 5.0
-9.032137 8.266272 0.673849213 1.0 5.0
-9.032137 8.266272 0.673849214 0.0 6.0
-11.934866 5.4982405 2.349740514 0.0 6.0
-11.934866 5.4982405 2.349740515 0.0 7.0
-15.670097 4.9561715 4.50627715 0.0 7.0
-7.864996 12.399085 0.016 7.0 5.0
-11.270639 14.251624 1.96624916 7.0 5.0
-11.270639 14.251624 1.96624917 6.0 6.0
-14.676283 16.104162 3.93249817 6.0 6.0
-14.676283 16.104162 3.93249818 1.0 7.0
-18.081926 17.956701 5.89874718 1.0 7.0
-18.081926 17.956701 5.89874719 0.0 8.0
-21.817158 17.414633 8.05528419 0.0 8.0
-21.817158 17.414633 8.05528420 0.0 9.0
-24.719887 14.646602 9.73117420 0.0 9.0
-14.676283 16.104162 3.93249821 1.0 7.0
-15.843424 11.971349 4.60634721 1.0 7.0
-15.843424 11.971349 4.60634722 0.0 8.0
-18.746153 9.203318 6.28223822 0.0 8.0
-18.746153 9.203318 6.28223823 0.0 9.0
-22.481384 8.661248 8.43877423 0.0 9.0
-14.676283 16.104162 3.93249824 5.0 7.0
-16.023981 11.971349 3.93249824 5.0 7.0
-16.023981 11.971349 3.93249825 4.0 8.0
-17.37168 7.8385353 3.93249825 4.0 8.0
-17.37168 7.8385353 3.93249826 1.0 9.0
-18.53882 3.7057219 4.60634726 1.0 9.0
-18.53882 3.7057219 4.60634727 0.0 10.0
-17.607258 -0.50609016 4.06850927 0.0 10.0
-17.607258 -0.50609016 4.06850928 0.0 11.0
-14.866816 -3.4865384 2.486313828 0.0 11.0
-17.37168 7.8385353 3.93249829 1.0 9.0
-13.6749525 7.016716 1.798191829 1.0 9.0
-13.6749525 7.016716 1.798191830 0.0 10.0
-10.93451 4.0362678 0.215996530 0.0 10.0
-10.93451 4.0362678 0.215996531 0.0 11.0
-10.002948 -0.17554426 -0.3218415431 0.0 11.0
-17.37168 7.8385353 3.93249832 3.0 9.0
-13.103067 7.016716 3.93249832 3.0 9.0
-13.103067 7.016716 3.93249833 2.0 10.0
-8.8344555 6.1948967 3.93249833 2.0 10.0
-8.8344555 6.1948967 3.93249834 1.0 11.0
-5.1377287 5.3730774 1.798191834 1.0 11.0
-5.1377287 5.3730774 1.798191835 0.0 12.0
-1.6348288 6.965568 -0.224208635 0.0 12.0
-1.6348288 6.965568 -0.224208636 0.0 13.0
0.5844362 10.476919 -1.505501936 0.0 13.0
-8.8344555 6.1948967 3.93249837 1.0 11.0
-8.589274 10.532671 3.790942737 1.0 11.0
-8.589274 10.532671 3.790942738 0.0 12.0
-6.3700094 14.044023 2.509649338 0.0 12.0
-6.3700094 14.044023 2.509649339 0.0 13.0
-2.8671095 15.636514 0.487248939 0.0 13.0
-7.864996 12.399085 0.040 7.0 5.0
-9.032137 8.266272 0.673849240 7.0 5.0
-9.032137 8.266272 0.673849241 6.0 6.0
-10.199278 4.133458 1.347698541 6.0 6.0
-10.199278 4.133458 1.347698542 1.0 7.0
-11.366419 6.4468384E-4 2.021547842 1.0 7.0
-11.366419 6.4468384E-4 2.021547843 0.0 8.0
-10.434856 -4.2111673 1.483709843 0.0 8.0
-10.434856 -4.2111673 1.483709844 0.0 9.0
-7.694414 -7.1916156 -0.0984854744 0.0 9.0
-10.199278 4.133458 1.347698545 1.0 7.0
-6.502551 3.3116388 -0.7866077445 1.0 7.0
-6.502551 3.3116388 -0.7866077446 0.0 8.0
-3.7621086 0.3311906 -2.36880346 0.0 8.0
-3.7621086 0.3311906 -2.36880347 0.0 9.0
-2.830546 -3.8806214 -2.90664147 0.0 9.0
-10.199278 4.133458 1.347698548 5.0 7.0
-9.123602 -0.07835388 1.347698548 5.0 7.0
-9.123602 -0.07835388 1.347698549 4.0 8.0
-8.047926 -4.290166 1.347698549 4.0 8.0
-8.047926 -4.290166 1.347698550 1.0 9.0
-7.116363 -8.501978 0.809860450 1.0 9.0
-7.116363 -8.501978 0.809860451 0.0 10.0
-4.3759203 -11.482426 -0.772334951 0.0 10.0
-4.3759203 -11.482426 -0.772334952 0.0 11.0
-0.6791935 -12.304245 -2.90664152 0.0 11.0
-8.047926 -4.290166 1.347698553 1.0 9.0
-4.545026 -2.6976752 -0.674701953 1.0 9.0
-4.545026 -2.6976752 -0.674701954 0.0 10.0
-0.848299 -3.5194945 -2.809008154 0.0 10.0
-0.848299 -3.5194945 -2.809008155 0.0 11.0
1.8921435 -6.499943 -4.391203455 0.0 11.0
-8.047926 -4.290166 1.347698556 3.0 9.0
-4.8835354 -7.270614 1.347698556 3.0 9.0
-4.8835354 -7.270614 1.347698557 2.0 10.0
-1.7191448 -10.251062 1.347698557 2.0 10.0
-1.7191448 -10.251062 1.347698558 1.0 11.0
1.0212977 -13.23151 -0.2344968358 1.0 11.0
1.0212977 -13.23151 -0.2344968359 0.0 12.0
4.7180243 -14.053329 -2.36880359 0.0 12.0
4.7180243 -14.053329 -2.36880360 0.0 13.0
8.220924 -12.460838 -4.391203460 0.0 13.0
-1.7191448 -10.251062 1.347698561 1.0 11.0
0.50012016 -6.739711 0.0664051861 1.0 11.0
0.50012016 -6.739711 0.0664051862 0.0 12.0
4.0030203 -5.14722 -1.955995262 0.0 12.0
4.0030203 -5.14722 -1.955995263 0.0 13.0
7.699747 -5.9690394 -4.090301563 0.0 13.0
-7.864996 12.399085 0.064 23.0 5.0
-11.216778 9.631054 0.064 23.0 5.0
-11.216778 9.631054 0.065 22.0 6.0
-14.56856 6.863023 0.065 22.0 6.0
-14.56856 6.863023 0.066 1.0 7.0
-17.471289 4.0949917 1.675891266 1.0 7.0
-17.471289 4.0949917 1.675891267 0.0 8.0
-18.63843 -0.03782177 2.349740567 0.0 8.0
-18.63843 -0.03782177 2.349740568 0.0 9.0
-17.706867 -4.249634 1.811902568 0.0 9.0
-14.56856 6.863023 0.069 1.0 7.0
-11.828117 3.8825746 -1.582195369 1.0 7.0
-11.828117 3.8825746 -1.582195370 0.0 8.0
-10.896555 -0.32923746 -2.120033370 0.0 8.0
-10.896555 -0.32923746 -2.120033371 0.0 9.0
-12.063696 -4.462051 -1.44618471 0.0 9.0
-14.56856 6.863023 0.072 21.0 7.0
-13.492884 2.6512108 0.072 21.0 7.0
-13.492884 2.6512108 0.073 20.0 8.0
-12.417208 -1.5606012 0.073 20.0 8.0
-12.417208 -1.5606012 0.074 1.0 9.0
-11.485645 -5.7724133 -0.5378380474 1.0 9.0
-11.485645 -5.7724133 -0.5378380475 0.0 10.0
-8.745203 -8.752861 -2.120033375 0.0 10.0
-8.745203 -8.752861 -2.120033376 0.0 11.0
-5.048476 -9.57468 -4.25433976 0.0 11.0
-12.417208 -1.5606012 0.077 1.0 9.0
-8.914308 0.031889558 -2.022400477 1.0 9.0
-8.914308 0.031889558 -2.022400478 0.0 10.0
-5.217581 -0.7899297 -4.15670778 0.0 10.0
-5.217581 -0.7899297 -4.15670779 0.0 11.0
-2.4771383 -3.7703779 -5.73890279 0.0 11.0
-12.417208 -1.5606012 0.080 7.0 9.0
-11.485645 -5.7724133 -0.5378380480 7.0 9.0
-11.485645 -5.7724133 -0.5378380481 6.0 10.0
-10.554083 -9.984225 -1.075676181 6.0 10.0
-10.554083 -9.984225 -1.075676182 1.0 11.0
-9.62252 -14.196037 -1.613514282 1.0 11.0
-9.62252 -14.196037 -1.613514283 0.0 12.0
-6.882078 -17.176485 -3.195709583 0.0 12.0
-6.882078 -17.176485 -3.195709584 0.0 13.0
-3.1853514 -17.998304 -5.330015784 0.0 13.0
-10.554083 -9.984225 -1.075676185 1.0 11.0
-7.0511827 -8.391734 -3.098076385 1.0 11.0
-7.0511827 -8.391734 -3.098076386 0.0 12.0
-3.354456 -9.213553 -5.23238386 0.0 12.0
-3.354456 -9.213553 -5.23238387 0.0 13.0
-0.61401343 -12.194002 -6.81457887 0.0 13.0
-10.554083 -9.984225 -1.075676188 5.0 11.0
-6.509282 -8.391734 -1.075676188 5.0 11.0
-6.509282 -8.391734 -1.075676189 4.0 12.0
-2.4644814 -6.7992435 -1.075676189 4.0 12.0
-2.4644814 -6.7992435 -1.075676190 1.0 13.0
1.0384185 -5.206753 -3.098076390 1.0 13.0
1.0384185 -5.206753 -3.098076391 0.0 14.0
3.2576835 -1.6954012 -4.379369791 0.0 14.0
3.2576835 -1.6954012 -4.379369792 0.0 15.0
3.5028646 2.6423736 -4.52092592 0.0 15.0
-2.4644814 -6.7992435 -1.075676193 1.0 13.0
-4.269664 -2.9845972 -0.03345346593 1.0 13.0
-4.269664 -2.9845972 -0.03345346594 0.0 14.0
-4.0244827 1.3531775 -0.1750088594 0.0 14.0
-4.0244827 1.3531775 -0.1750088595 0.0 15.0
-1.8052177 4.864529 -1.456302295 0.0 15.0
-2.4644814 -6.7992435 -1.075676196 3.0 13.0
-4.5489264 -2.9845972 -1.075676196 3.0 13.0
-4.5489264 -2.9845972 -1.075676197 2.0 14.0
-6.6333714 0.83004904 -1.075676197 2.0 14.0
-6.6333714 0.83004904 -1.075676198 1.0 15.0
-8.438554 4.6446953 -0.03345346598 1.0 15.0
-8.438554 4.6446953 -0.03345346599 0.0 16.0
-11.732479 6.749416 1.868295199 0.0 16.0
-11.732479 6.749416 1.8682951100 0.0 17.0
-15.490354 6.4893985 4.037905100 0.0 17.0
-6.6333714 0.83004904 -1.0756761101 1.0 15.0
-9.68606 -1.7138126 0.6867944101 1.0 15.0
-9.68606 -1.7138126 0.6867944102 0.0 16.0
-13.443934 -1.973832 2.8564043102 0.0 16.0
-13.443934 -1.973832 2.8564043103 0.0 17.0
-16.73786 0.13088691 4.7581534103 0.0 17.0
-12.417208 -1.5606012 0.0104 7.0 9.0
-8.914308 0.031889558 -2.0224004104 7.0 9.0
-8.914308 0.031889558 -2.0224004105 6.0 10.0
-5.4114075 1.6243804 -4.0448008105 6.0 10.0
-5.4114075 1.6243804 -4.0448008106 1.0 11.0
-1.9085076 3.2168713 -6.067201106 1.0 11.0
-1.9085076 3.2168713 -6.067201107 0.0 12.0
0.3107574 6.728223 -7.3484945107 0.0 12.0
0.3107574 6.728223 -7.3484945108 0.0 13.0
0.5559385 11.065998 -7.49005108 0.0 13.0
-5.4114075 1.6243804 -4.0448008109 1.0 11.0
-7.21659 5.439027 -3.0025783109 1.0 11.0
-7.21659 5.439027 -3.0025783110 0.0 12.0
-6.971409 9.776802 -3.1441336110 0.0 12.0
-6.971409 9.776802 -3.1441336111 0.0 13.0
-4.752144 13.288154 -4.425427111 0.0 13.0
-5.4114075 1.6243804 -4.0448008112 5.0 11.0
-2.848821 5.1357317 -4.0448008112 5.0 11.0
-2.848821 5.1357317 -4.0448008113 4.0 12.0
-0.28623438 8.647083 -4.0448008113 4.0 12.0
-0.28623438 8.647083 -4.0448008114 1.0 13.0
1.9330306 12.158435 -5.326094114 1.0 13.0
1.9330306 12.158435 -5.326094115 0.0 14.0
2.1782117 16.49621 -5.4676495115 0.0 14.0
2.1782117 16.49621 -5.4676495116 0.0 15.0
0.37302923 20.310856 -4.425427116 0.0 15.0
-0.28623438 8.647083 -4.0448008117 1.0 13.0
-3.5801597 10.751804 -2.143052117 1.0 13.0
-3.5801597 10.751804 -2.143052118 0.0 14.0
-5.385342 14.56645 -1.1008295118 0.0 14.0
-5.385342 14.56645 -1.1008295119 0.0 15.0
-5.140161 18.904224 -1.2423849119 0.0 15.0
-0.28623438 8.647083 -4.0448008120 3.0 13.0
-0.0031236112 12.984858 -4.0448008120 3.0 13.0
-0.0031236112 12.984858 -4.0448008121 2.0 14.0
0.27998716 17.322632 -4.0448008121 2.0 14.0
0.27998716 17.322632 -4.0448008122 1.0 15.0
0.52516824 21.660406 -4.186356122 1.0 15.0
0.52516824 21.660406 -4.186356123 0.0 16.0
-1.2800143 25.475052 -3.1441336123 0.0 16.0
-1.2800143 25.475052 -3.1441336124 0.0 17.0
-4.5739393 27.579773 -1.242385124 0.0 17.0
0.27998716 17.322632 -4.0448008125 1.0 15.0
-3.4778876 17.062614 -1.8751907125 1.0 15.0
-3.4778876 17.062614 -1.8751907126 0.0 16.0
-6.771813 19.167336 0.026557803126 0.0 16.0
-6.771813 19.167336 0.026557803127 0.0 17.0
-8.576996 22.981981 1.0687804127 0.0 17.0
-12.417208 -1.5606012 0.0128 19.0 9.0
-8.720481 -2.3824205 -2.1343062128 19.0 9.0
-8.720481 -2.3824205 -2.1343062129 18.0 10.0
-5.023754 -3.2042398 -4.2686124129 18.0 10.0
-5.023754 -3.2042398 -4.2686124130 1.0 11.0
-1.3270273 -4.026059 -6.402919130 1.0 11.0
-1.3270273 -4.026059 -6.402919131 0.0 12.0
2.1758726 -2.4335685 -8.42532131 0.0 12.0
2.1758726 -2.4335685 -8.42532132 0.0 13.0
4.395138 1.0777831 -9.706613132 0.0 13.0
-5.023754 -3.2042398 -4.2686124133 1.0 11.0
-4.778573 1.1335349 -4.4101677133 1.0 11.0
-4.778573 1.1335349 -4.4101677134 0.0 12.0
-2.559308 4.6448865 -5.691461134 0.0 12.0
-2.559308 4.6448865 -5.691461135 0.0 13.0
0.94359183 6.237377 -7.7138615135 0.0 13.0
-5.023754 -3.2042398 -4.2686124136 17.0 11.0
-2.4611676 0.30711174 -4.2686124136 17.0 11.0
-2.4611676 0.30711174 -4.2686124137 16.0 12.0
0.10141897 3.8184633 -4.2686124137 16.0 12.0
0.10141897 3.8184633 -4.2686124138 1.0 13.0
2.320684 7.329815 -5.549906138 1.0 13.0
2.320684 7.329815 -5.549906139 0.0 14.0
2.565865 11.667589 -5.691461139 0.0 14.0
2.565865 11.667589 -5.691461140 0.0 15.0
0.7606826 15.482235 -4.6492386140 0.0 15.0
0.10141897 3.8184633 -4.2686124141 1.0 13.0
-3.1925063 5.923184 -2.3668637141 1.0 13.0
-3.1925063 5.923184 -2.3668637142 0.0 14.0
-4.997689 9.73783 -1.3246411142 0.0 14.0
-4.997689 9.73783 -1.3246411143 0.0 15.0
-4.7525077 14.075605 -1.4661965143 0.0 15.0
0.10141897 3.8184633 -4.2686124144 7.0 13.0
2.320684 7.329815 -5.549906144 7.0 13.0
2.320684 7.329815 -5.549906145 6.0 14.0
4.539949 10.8411665 -6.831199145 6.0 14.0
4.539949 10.8411665 -6.831199146 1.0 15.0
6.759214 14.352518 -8.112493146 1.0 15.0
6.759214 14.352518 -8.112493147 0.0 16.0
7.004395 18.690292 -8.254048147 0.0 16.0
7.004395 18.690292 -8.254048148 0.0 17.0
5.1992126 22.504938 -7.211826148 0.0 17.0
4.539949 10.8411665 -6.831199149 1.0 15.0
1.2460237 12.945887 -4.9294505149 1.0 15.0
1.2460237 12.945887 -4.9294505150 0.0 16.0
-0.5591588 16.760532 -3.887228150 0.0 16.0
-0.5591588 16.760532 -3.887228151 0.0 17.0
-0.31397772 21.098307 -4.0287833151 0.0 17.0
4.539949 10.8411665 -6.831199152 5.0 15.0
0.73645186 12.945887 -6.831199152 5.0 15.0
0.73645186 12.945887 -6.831199153 4.0 16.0
-3.0670452 15.050608 -6.831199153 4.0 16.0
-3.0670452 15.050608 -6.831199154 1.0 17.0
-6.3609705 17.155329 -4.9294505154 1.0 17.0
-6.3609705 17.155329 -4.9294505155 0.0 18.0
-10.118845 16.895311 -2.7598405155 0.0 18.0
-10.118845 16.895311 -2.7598405156 0.0 19.0
-13.171534 14.35145 -0.99737156 0.0 19.0
-3.0670452 15.050608 -6.831199157 1.0 17.0
-4.4648085 11.014341 -6.0242157 1.0 17.0
-4.4648085 11.014341 -6.0242158 0.0 18.0
-7.517497 8.47048 -4.2617292158 0.0 18.0
-7.517497 8.47048 -4.2617292159 0.0 19.0
-11.275372 8.210461 -2.0921195159 0.0 19.0
-3.0670452 15.050608 -6.831199160 3.0 17.0
-4.6810436 11.014341 -6.831199160 3.0 17.0
-4.6810436 11.014341 -6.831199161 2.0 18.0
-6.295042 6.9780746 -6.831199161 2.0 18.0
-6.295042 6.9780746 -6.831199162 1.0 19.0
-7.6928053 2.9418077 -6.0242162 1.0 19.0
-7.6928053 2.9418077 -6.0242163 0.0 20.0
-7.000778 -1.3311191 -6.4237423163 0.0 20.0
-7.000778 -1.3311191 -6.4237423164 0.0 21.0
-4.4342604 -4.511332 -7.905522164 0.0 21.0
-6.295042 6.9780746 -6.831199165 1.0 19.0
-2.6525178 5.8799887 -8.934212165 1.0 19.0
-2.6525178 5.8799887 -8.934212166 0.0 20.0
-0.086000204 2.6997757 -10.415991166 0.0 20.0
-0.086000204 2.6997757 -10.415991167 0.0 21.0
0.60602707 -1.5731511 -10.815533167 0.0 21.0
0.10141897 3.8184633 -4.2686124168 7.0 13.0
-3.1925063 5.923184 -2.3668637168 7.0 13.0
-3.1925063 5.923184 -2.3668637169 6.0 14.0
-6.4864316 8.0279045 -0.4651152169 6.0 14.0
-6.4864316 8.0279045 -0.4651152170 1.0 15.0
-9.780357 10.132626 1.4366333170 1.0 15.0
-9.780357 10.132626 1.4366333171 0.0 16.0
-13.538232 9.872608 3.6062434171 0.0 16.0
-13.538232 9.872608 3.6062434172 0.0 17.0
-16.59092 7.328747 5.368714172 0.0 17.0
-6.4864316 8.0279045 -0.4651152173 1.0 15.0
-7.8841953 3.9916377 0.34188396173 1.0 15.0
-7.8841953 3.9916377 0.34188396174 0.0 16.0
-10.936884 1.4477761 2.1043544174 0.0 16.0
-10.936884 1.4477761 2.1043544175 0.0 17.0
-14.694758 1.1877567 4.273964175 0.0 17.0
-6.4864316 8.0279045 -0.4651152176 5.0 15.0
-10.825651 7.767885 -0.4651152176 5.0 15.0
-10.825651 7.767885 -0.4651152177 4.0 16.0
-15.164871 7.507866 -0.4651152177 4.0 16.0
-15.164871 7.507866 -0.4651152178 1.0 17.0
-18.922745 7.2478466 1.7044946178 1.0 17.0
-18.922745 7.2478466 1.7044946179 0.0 18.0
-21.975433 4.703985 3.4669652179 0.0 18.0
-21.975433 4.703985 3.4669652180 0.0 19.0
-23.373198 0.6677184 4.2739644180 0.0 19.0
-15.164871 7.507866 -0.4651152181 1.0 17.0
-14.472844 3.234939 -0.86465734181 1.0 17.0
-14.472844 3.234939 -0.86465734182 0.0 18.0
-15.870607 -0.8013277 -0.057658195182 0.0 18.0
-15.870607 -0.8013277 -0.057658195183 0.0 19.0
-18.923296 -3.3451893 1.7048123183 0.0 19.0
-15.164871 7.507866 -0.4651152184 3.0 17.0
-18.689812 4.9640045 -0.4651152184 3.0 17.0
-18.689812 4.9640045 -0.4651152185 2.0 18.0
-22.214752 2.420143 -0.4651152185 2.0 18.0
-22.214752 2.420143 -0.4651152186 1.0 19.0
-25.26744 -0.12371874 1.2973553186 1.0 19.0
-25.26744 -0.12371874 1.2973553187 0.0 20.0
-26.665205 -4.1599855 2.1043544187 0.0 20.0
-26.665205 -4.1599855 2.1043544188 0.0 21.0
-25.973177 -8.432913 1.7048123188 0.0 21.0
-22.214752 2.420143 -0.4651152189 1.0 19.0
-19.648235 -0.7600701 -1.9468948189 1.0 19.0
-19.648235 -0.7600701 -1.9468948190 0.0 20.0
-18.956207 -5.032997 -2.346437190 0.0 20.0
-18.956207 -5.032997 -2.346437191 0.0 21.0
-20.353971 -9.069263 -1.5394378191 0.0 21.0
0.10141897 3.8184633 -4.2686124192 15.0 13.0
-3.702078 5.923184 -4.2686124192 15.0 13.0
-3.702078 5.923184 -4.2686124193 14.0 14.0
-7.505575 8.0279045 -4.2686124193 14.0 14.0
-7.505575 8.0279045 -4.2686124194 1.0 15.0
-10.7995 10.132626 -2.3668637194 1.0 15.0
-10.7995 10.132626 -2.3668637195 0.0 16.0
-14.557375 9.872608 -0.1972537195 0.0 16.0
-14.557375 9.872608 -0.1972537196 0.0 17.0
-17.610064 7.328747 1.5652168196 0.0 17.0
-7.505575 8.0279045 -4.2686124197 1.0 15.0
-8.903338 3.9916377 -3.4616132197 1.0 15.0
-8.903338 3.9916377 -3.4616132198 0.0 16.0
-11.956027 1.4477761 -1.6991427198 0.0 16.0
-11.956027 1.4477761 -1.6991427199 0.0 17.0
-15.7139015 1.1877567 0.4704671199 0.0 17.0
-7.505575 8.0279045 -4.2686124200 13.0 15.0
-11.030516 5.484043 -4.2686124200 13.0 15.0
-11.030516 5.484043 -4.2686124201 12.0 16.0
-14.555456 2.9401815 -4.2686124201 12.0 16.0
-14.555456 2.9401815 -4.2686124202 1.0 17.0
-17.608145 0.39631987 -2.506142202 1.0 17.0
-17.608145 0.39631987 -2.506142203 0.0 18.0
-19.005909 -3.639947 -1.6991427203 0.0 18.0
-19.005909 -3.639947 -1.6991427204 0.0 19.0
-18.31388 -7.9128737 -2.0986848204 0.0 19.0
-14.555456 2.9401815 -4.2686124205 1.0 17.0
-11.988938 -0.24003148 -5.750392205 1.0 17.0
-11.988938 -0.24003148 -5.750392206 0.0 18.0
-11.296911 -4.5129585 -6.1499343206 0.0 18.0
-11.296911 -4.5129585 -6.1499343207 0.0 19.0
-12.6946745 -8.549225 -5.342935207 0.0 19.0
-14.555456 2.9401815 -4.2686124208 7.0 17.0
-17.608145 0.39631987 -2.506142208 7.0 17.0
-17.608145 0.39631987 -2.506142209 6.0 18.0
-20.660833 -2.1475418 -0.7436714209 6.0 18.0
-20.660833 -2.1475418 -0.7436714210 1.0 19.0
-23.713522 -4.6914034 1.0187991210 1.0 19.0
-23.713522 -4.6914034 1.0187991211 0.0 20.0
-25.111286 -8.727671 1.8257983211 0.0 20.0
-25.111286 -8.727671 1.8257983212 0.0 21.0
-24.419258 -13.000597 1.4262562212 0.0 21.0
-20.660833 -2.1475418 -0.7436714213 1.0 19.0
-18.094316 -5.327755 -2.225451213 1.0 19.0
-18.094316 -5.327755 -2.225451214 0.0 20.0
-17.402288 -9.600681 -2.624993214 0.0 20.0
-17.402288 -9.600681 -2.624993215 0.0 21.0
-18.800053 -13.636948 -1.8179939215 0.0 21.0
-20.660833 -2.1475418 -0.7436714216 5.0 19.0
-17.697273 -5.327755 -0.7436714216 5.0 19.0
-17.697273 -5.327755 -0.7436714217 4.0 20.0
-14.733714 -8.507968 -0.7436714217 4.0 20.0
-14.733714 -8.507968 -0.7436714218 1.0 21.0
-12.167196 -11.688181 -2.225451218 1.0 21.0
-12.167196 -11.688181 -2.225451219 0.0 22.0
-8.524672 -12.786266 -4.3284636219 0.0 22.0
-8.524672 -12.786266 -4.3284636220 0.0 23.0
-4.939386 -11.460593 -6.398429220 0.0 23.0
-14.733714 -8.507968 -0.7436714221 1.0 21.0
-12.321106 -5.170974 -2.136592221 1.0 21.0
-12.321106 -5.170974 -2.136592222 0.0 22.0
-8.735821 -3.8453007 -4.2065573222 0.0 22.0
-8.735821 -3.8453007 -4.2065573223 0.0 23.0
-5.0932965 -4.9433866 -6.30957223 0.0 23.0
-14.733714 -8.507968 -0.7436714224 3.0 21.0
-11.947873 -5.170974 -0.7436714224 3.0 21.0
-11.947873 -5.170974 -0.7436714225 2.0 22.0
-9.162032 -1.8339794 -0.7436714225 2.0 22.0
-9.162032 -1.8339794 -0.7436714226 1.0 23.0
-6.7494235 1.503015 -2.136592226 1.0 23.0
-6.7494235 1.503015 -2.136592227 0.0 24.0
-6.260092 5.81314 -2.4191077227 0.0 24.0
-6.260092 5.81314 -2.4191077228 0.0 25.0
-7.8462753 9.755449 -1.503324228 0.0 25.0
-9.162032 -1.8339794 -0.7436714229 1.0 23.0
-12.330245 0.5140002 1.0854973229 1.0 23.0
-12.330245 0.5140002 1.0854973230 0.0 24.0
-13.916429 4.4563093 2.0012808230 0.0 24.0
-13.916429 4.4563093 2.0012808231 0.0 25.0
-13.427096 8.766434 1.7187649231 0.0 25.0
-14.555456 2.9401815 -4.2686124232 7.0 17.0
-11.988938 -0.24003148 -5.750392232 7.0 17.0
-11.988938 -0.24003148 -5.750392233 6.0 18.0
-9.4224205 -3.4202445 -7.2321715233 6.0 18.0
-9.4224205 -3.4202445 -7.2321715234 1.0 19.0
-6.8559027 -6.600457 -8.713951234 1.0 19.0
-6.8559027 -6.600457 -8.713951235 0.0 20.0
-3.2133784 -7.698543 -10.816963235 0.0 20.0
-3.2133784 -7.698543 -10.816963236 0.0 21.0
0.37190723 -6.37287 -12.886929236 0.0 21.0
-9.4224205 -3.4202445 -7.2321715237 1.0 19.0
-7.009812 -0.083250046 -8.625092237 1.0 19.0
-7.009812 -0.083250046 -8.625092238 0.0 20.0
-3.4245262 1.2424229 -10.695057238 0.0 20.0
-3.4245262 1.2424229 -10.695057239 0.0 21.0
0.21799803 0.14433718 -12.798069239 0.0 21.0
-9.4224205 -3.4202445 -7.2321715240 5.0 19.0
-5.2163954 -4.51833 -7.2321715240 5.0 19.0
-5.2163954 -4.51833 -7.2321715241 4.0 20.0
-1.0103703 -5.616416 -7.2321715241 4.0 20.0
-1.0103703 -5.616416 -7.2321715242 1.0 21.0
2.632154 -6.714502 -9.335184242 1.0 21.0
2.632154 -6.714502 -9.335184243 0.0 22.0
6.2174397 -5.3888288 -11.405149243 0.0 22.0
6.2174397 -5.3888288 -11.405149244 0.0 23.0
8.630049 -2.0518343 -12.79807244 0.0 23.0
-1.0103703 -5.616416 -7.2321715245 1.0 21.0
-0.5210384 -1.3062911 -7.5146875245 1.0 21.0
-0.5210384 -1.3062911 -7.5146875246 0.0 22.0
1.8915702 2.0307033 -8.907608246 0.0 22.0
1.8915702 2.0307033 -8.907608247 0.0 23.0
5.4768558 3.3563762 -10.977573247 0.0 23.0
-1.0103703 -5.616416 -7.2321715248 3.0 21.0
3.129561 -4.290743 -7.2321715248 3.0 21.0
3.129561 -4.290743 -7.2321715249 2.0 22.0
7.269492 -2.9650698 -7.2321715249 2.0 22.0
7.269492 -2.9650698 -7.2321715250 1.0 23.0
10.854778 -1.6393968 -9.302137250 1.0 23.0
10.854778 -1.6393968 -9.302137251 0.0 24.0
13.267387 1.6975976 -10.695058251 0.0 24.0
13.267387 1.6975976 -10.695058252 0.0 25.0
13.75672 6.0077224 -10.977573252 0.0 25.0
7.269492 -2.9650698 -7.2321715253 1.0 23.0
5.6833086 0.9772394 -6.316388253 1.0 23.0
5.6833086 0.9772394 -6.316388254 0.0 24.0
6.1726403 5.287364 -6.598904254 0.0 24.0
6.1726403 5.287364 -6.598904255 0.0 25.0
8.585249 8.624358 -7.9918246255 0.0 25.0
-14.555456 2.9401815 -4.2686124256 11.0 17.0
-11.591897 -0.24003148 -4.2686124256 11.0 17.0
-11.591897 -0.24003148 -4.2686124257 10.0 18.0
-8.628338 -3.4202445 -4.2686124257 10.0 18.0
-8.628338 -3.4202445 -4.2686124258 1.0 19.0
-6.06182 -6.600457 -5.750392258 1.0 19.0
-6.06182 -6.600457 -5.750392259 0.0 20.0
-2.4192958 -7.698543 -7.8534045259 0.0 20.0
-2.4192958 -7.698543 -7.8534045260 0.0 21.0
1.1659899 -6.37287 -9.92337260 0.0 21.0
-8.628338 -3.4202445 -4.2686124261 1.0 19.0
-6.215729 -0.083250046 -5.661533261 1.0 19.0
-6.215729 -0.083250046 -5.661533262 0.0 20.0
-2.6304436 1.2424229 -7.7314987262 0.0 20.0
-2.6304436 1.2424229 -7.7314987263 0.0 21.0
1.0120807 0.14433718 -9.834511263 0.0 21.0
-8.628338 -3.4202445 -4.2686124264 9.0 19.0
-4.4884067 -2.0945716 -4.2686124264 9.0 19.0
-4.4884067 -2.0945716 -4.2686124265 8.0 20.0
-0.34847546 -0.7688986 -4.2686124265 8.0 20.0
-0.34847546 -0.7688986 -4.2686124266 1.0 21.0
3.2368102 0.5567744 -6.338578266 1.0 21.0
3.2368102 0.5567744 -6.338578267 0.0 22.0
5.649419 3.8937688 -7.7314987267 0.0 22.0
5.649419 3.8937688 -7.7314987268 0.0 23.0
6.1387506 8.203894 -8.014014268 0.0 23.0
-0.34847546 -0.7688986 -4.2686124269 1.0 21.0
-1.9346591 3.1734104 -3.3528287269 1.0 21.0
-1.9346591 3.1734104 -3.3528287270 0.0 22.0
-1.4453273 7.4835353 -3.6353445270 0.0 22.0
-1.4453273 7.4835353 -3.6353445271 0.0 23.0
0.96728134 10.82053 -5.028265271 0.0 23.0
-0.34847546 -0.7688986 -4.2686124272 7.0 21.0
3.2368102 0.5567744 -6.338578272 7.0 21.0
3.2368102 0.5567744 -6.338578273 6.0 22.0
6.822096 1.8824474 -8.408544273 6.0 22.0
6.822096 1.8824474 -8.408544274 1.0 23.0
10.407381 3.2081203 -10.478509274 1.0 23.0
10.407381 3.2081203 -10.478509275 0.0 24.0
12.81999 6.5451145 -11.871429275 0.0 24.0
12.81999 6.5451145 -11.871429276 0.0 25.0
13.309322 10.85524 -12.153945276 0.0 25.0
6.822096 1.8824474 -8.408544277 1.0 23.0
5.2359123 5.8247566 -7.49276277 1.0 23.0
5.2359123 5.8247566 -7.49276278 0.0 24.0
5.725244 10.134882 -7.775276278 0.0 24.0
5.725244 10.134882 -7.775276279 0.0 25.0
8.137853 13.471876 -9.168197279 0.0 25.0
6.822096 1.8824474 -8.408544280 5.0 23.0
4.9905286 5.8247566 -8.408544280 5.0 23.0
4.9905286 5.8247566 -8.408544281 4.0 24.0
3.1589613 9.767066 -8.408544281 4.0 24.0
3.1589613 9.767066 -8.408544282 1.0 25.0
1.5727776 13.709375 -7.49276282 1.0 25.0
1.5727776 13.709375 -7.49276283 0.0 26.0
-1.5954353 16.057354 -5.6635914283 0.0 26.0
-1.5954353 16.057354 -5.6635914284 0.0 27.0
-5.3599973 16.080511 -3.4901204284 0.0 27.0
3.1589613 9.767066 -8.408544285 1.0 25.0
-0.030736208 7.4581966 -6.566971285 1.0 25.0
-0.030736208 7.4581966 -6.566971286 0.0 26.0
-3.795298 7.4813538 -4.3935286 0.0 26.0
-3.795298 7.4813538 -4.3935287 0.0 27.0
-6.963511 9.829333 -2.564331287 0.0 27.0
3.1589613 9.767066 -8.408544288 3.0 25.0
-0.524184 7.4581966 -8.408544288 3.0 25.0
-0.524184 7.4581966 -8.408544289 2.0 26.0
-4.2073293 5.1493273 -8.408544289 2.0 26.0
-4.2073293 5.1493273 -8.408544290 1.0 27.0
-7.397027 2.8404577 -6.566971290 1.0 27.0
-7.397027 2.8404577 -6.566971291 0.0 28.0
-9.019496 -1.0821137 -5.630238291 0.0 28.0
-9.019496 -1.0821137 -5.630238292 0.0 29.0
-8.569961 -5.398014 -5.8897777292 0.0 29.0
-4.2073293 5.1493273 -8.408544293 1.0 27.0
-1.8256474 1.7828414 -9.783608293 1.0 27.0
-1.8256474 1.7828414 -9.783608294 0.0 28.0
-1.376112 -2.533059 -10.043148294 0.0 28.0
-1.376112 -2.533059 -10.043148295 0.0 29.0
-2.9985805 -6.4556303 -9.106416295 0.0 29.0
-0.34847546 -0.7688986 -4.2686124296 7.0 21.0
-1.9346591 3.1734104 -3.3528287296 7.0 21.0
-1.9346591 3.1734104 -3.3528287297 6.0 22.0
-3.5208428 7.11572 -2.437045297 6.0 22.0
-3.5208428 7.11572 -2.437045298 1.0 23.0
-5.1070266 11.058029 -1.5212615298 1.0 23.0
-5.1070266 11.058029 -1.5212615299 0.0 24.0
-8.27524 13.406009 0.30790722299 0.0 24.0
-8.27524 13.406009 0.30790722300 0.0 25.0
-12.039802 13.429166 2.481378300 0.0 25.0
-3.5208428 7.11572 -2.437045301 1.0 23.0
-6.7105403 4.8068504 -0.59547246301 1.0 23.0
-6.7105403 4.8068504 -0.59547246302 0.0 24.0
-10.475102 4.8300076 1.5779985302 0.0 24.0
-10.475102 4.8300076 1.5779985303 0.0 25.0
-13.643315 7.177987 3.4071672303 0.0 25.0
-3.5208428 7.11572 -2.437045304 5.0 23.0
-7.17918 9.463699 -2.437045304 5.0 23.0
-7.17918 9.463699 -2.437045305 4.0 24.0
-10.837518 11.811679 -2.437045305 4.0 24.0
-10.837518 11.811679 -2.437045306 1.0 25.0
-14.005731 14.159658 -0.6078764306 1.0 25.0
-14.005731 14.159658 -0.6078764307 0.0 26.0
-17.770292 14.182816 1.5655946307 0.0 26.0
-17.770292 14.182816 1.5655946308 0.0 27.0
-20.95999 11.873946 3.4071672308 0.0 27.0
-10.837518 11.811679 -2.437045309 1.0 25.0
-12.459987 7.8891077 -1.5003124309 1.0 25.0
-12.459987 7.8891077 -1.5003124310 0.0 26.0
-15.649684 5.5802383 0.3412602310 0.0 26.0
-15.649684 5.5802383 0.3412602311 0.0 27.0
-19.414246 5.6033955 2.5147312311 0.0 27.0
-10.837518 11.811679 -2.437045312 3.0 25.0
-15.18446 11.834836 -2.437045312 3.0 25.0
-15.18446 11.834836 -2.437045313 2.0 26.0
-19.531403 11.857993 -2.437045313 2.0 26.0
-19.531403 11.857993 -2.437045314 1.0 27.0
-23.295965 11.88115 -0.26357412314 1.0 27.0
-23.295965 11.88115 -0.26357412315 0.0 28.0
-26.485662 9.572281 1.5779985315 0.0 28.0
-26.485662 9.572281 1.5779985316 0.0 29.0
-28.108131 5.6497097 2.5147312316 0.0 29.0
-19.531403 11.857993 -2.437045317 1.0 27.0
-19.081867 7.542093 -2.6965845317 1.0 27.0
-19.081867 7.542093 -2.6965845318 0.0 28.0
-20.704336 3.6195214 -1.7598518318 0.0 28.0
-20.704336 3.6195214 -1.7598518319 0.0 29.0
-23.894033 1.3106518 0.08172083319 0.0 29.0
-12.417208 -1.5606012 0.0320 19.0 9.0
-12.172027 2.7771735 -0.14155538320 19.0 9.0
-12.172027 2.7771735 -0.14155538321 18.0 10.0
-11.926846 7.1149483 -0.28311077321 18.0 10.0
-11.926846 7.1149483 -0.28311077322 1.0 11.0
-11.681664 11.452723 -0.42466617322 1.0 11.0
-11.681664 11.452723 -0.42466617323 0.0 12.0
-13.486847 15.267368 0.61755645323 0.0 12.0
-13.486847 15.267368 0.61755645324 0.0 13.0
-16.780773 17.37209 2.519305324 0.0 13.0
-11.926846 7.1149483 -0.28311077325 1.0 11.0
-15.68472 6.854931 1.8864993325 1.0 11.0
-15.68472 6.854931 1.8864993326 0.0 12.0
-18.978645 8.959652 3.7882478326 0.0 12.0
-18.978645 8.959652 3.7882478327 0.0 13.0
-20.783829 12.774298 4.8304706327 0.0 13.0
-11.926846 7.1149483 -0.28311077328 17.0 11.0
-15.730343 9.219669 -0.28311077328 17.0 11.0
-15.730343 9.219669 -0.28311077329 16.0 12.0
-19.53384 11.32439 -0.28311077329 16.0 12.0
-19.53384 11.32439 -0.28311077330 1.0 13.0
-22.827766 13.4291115 1.6186378330 1.0 13.0
-22.827766 13.4291115 1.6186378331 0.0 14.0
-26.585642 13.169094 3.7882478331 0.0 14.0
-26.585642 13.169094 3.7882478332 0.0 15.0
-29.63833 10.625233 5.5507183332 0.0 15.0
-19.53384 11.32439 -0.28311077333 1.0 13.0
-20.931604 7.2881236 0.52388835333 1.0 13.0
-20.931604 7.2881236 0.52388835334 0.0 14.0
-23.984293 4.7442617 2.2863588334 0.0 14.0
-23.984293 4.7442617 2.2863588335 0.0 15.0
-27.742168 4.4842424 4.455969335 0.0 15.0
-19.53384 11.32439 -0.28311077336 7.0 13.0
-22.827766 13.42911 1.6186383336 7.0 13.0
-22.827766 13.42911 1.6186383337 6.0 14.0
-26.121693 15.533829 3.5203872337 6.0 14.0
-26.121693 15.533829 3.5203872338 1.0 15.0
-29.415619 17.638548 5.4221363338 1.0 15.0
-29.415619 17.638548 5.4221363339 0.0 16.0
-33.173492 17.378529 7.5917463339 0.0 16.0
-33.173492 17.378529 7.5917463340 0.0 17.0
-36.22618 14.834667 9.354217340 0.0 17.0
-26.121693 15.533829 3.5203872341 1.0 15.0
-27.519457 11.497562 4.3273864341 1.0 15.0
-27.519457 11.497562 4.3273864342 0.0 16.0
-30.572145 8.953701 6.089857342 0.0 16.0
-30.572145 8.953701 6.089857343 0.0 17.0
-34.33002 8.693682 8.259467343 0.0 17.0
-26.121693 15.533829 3.5203872344 5.0 15.0
-27.735691 11.497562 3.5203872344 5.0 15.0
-27.735691 11.497562 3.5203872345 4.0 16.0
-29.34969 7.4612956 3.5203872345 4.0 16.0
-29.34969 7.4612956 3.5203872346 1.0 17.0
-30.747454 3.4250288 4.3273864346 1.0 17.0
-30.747454 3.4250288 4.3273864347 0.0 18.0
-30.055426 -0.847898 3.9278443347 0.0 18.0
-30.055426 -0.847898 3.9278443348 0.0 19.0
-27.488909 -4.028111 2.4460647348 0.0 19.0
-29.34969 7.4612956 3.5203872349 1.0 17.0
-25.707165 6.3632097 1.4173746349 1.0 17.0
-25.707165 6.3632097 1.4173746350 0.0 18.0
-23.140648 3.1829967 -0.064404964350 0.0 18.0
-23.140648 3.1829967 -0.064404964351 0.0 19.0
-22.44862 -1.08993 -0.46394712351 0.0 19.0
-29.34969 7.4612956 3.5203872352 3.0 17.0
-25.143665 6.3632097 3.5203872352 3.0 17.0
-25.143665 6.3632097 3.5203872353 2.0 18.0
-20.937641 5.265124 3.5203872353 2.0 18.0
-20.937641 5.265124 3.5203872354 1.0 19.0
-17.295116 4.167038 1.4173746354 1.0 19.0
-17.295116 4.167038 1.4173746355 0.0 20.0
-13.709831 5.492711 -0.652591355 0.0 20.0
-13.709831 5.492711 -0.652591356 0.0 21.0
-11.297222 8.829705 -2.0455112356 0.0 21.0
-20.937641 5.265124 3.5203872357 1.0 19.0
-20.448309 9.575249 3.2378714357 1.0 19.0
-20.448309 9.575249 3.2378714358 0.0 20.0
-18.0357 12.912243 1.844951358 0.0 20.0
-18.0357 12.912243 1.844951359 0.0 21.0
-14.450415 14.237916 -0.22501457359 0.0 21.0
-19.53384 11.32439 -0.28311077360 7.0 13.0
-20.931604 7.2881236 0.52388835360 7.0 13.0
-20.931604 7.2881236 0.52388835361 6.0 14.0
-22.329369 3.2518568 1.3308876361 6.0 14.0
-22.329369 3.2518568 1.3308876362 1.0 15.0
-23.727133 -0.78441 2.1378868362 1.0 15.0
-23.727133 -0.78441 2.1378868363 0.0 16.0
-23.035105 -5.057337 1.7383447363 0.0 16.0
-23.035105 -5.057337 1.7383447364 0.0 17.0
-20.468588 -8.23755 0.2565651364 0.0 17.0
-22.329369 3.2518568 1.3308876365 1.0 15.0
-18.686844 2.153771 -0.772125365 1.0 15.0
-18.686844 2.153771 -0.772125366 0.0 16.0
-16.120327 -1.026442 -2.2539046366 0.0 16.0
-16.120327 -1.026442 -2.2539046367 0.0 17.0
-15.4283 -5.299369 -2.6534467367 0.0 17.0
-22.329369 3.2518568 1.3308876368 5.0 15.0
-21.530285 -1.02107 1.3308876368 5.0 15.0
-21.530285 -1.02107 1.3308876369 4.0 16.0
-20.731201 -5.293997 1.3308876369 4.0 16.0
-20.731201 -5.293997 1.3308876370 1.0 17.0
-20.039173 -9.566923 0.9313454370 1.0 17.0
-20.039173 -9.566923 0.9313454371 0.0 18.0
-17.472656 -12.747136 -0.5504342371 0.0 18.0
-17.472656 -12.747136 -0.5504342372 0.0 19.0
-13.830132 -13.8452215 -2.6534467372 0.0 19.0
-20.731201 -5.293997 1.3308876373 1.0 17.0
-17.145916 -3.9683237 -0.73907804373 1.0 17.0
-17.145916 -3.9683237 -0.73907804374 0.0 18.0
-13.503391 -5.0664096 -2.8420906374 0.0 18.0
-13.503391 -5.0664096 -2.8420906375 0.0 19.0
-10.936873 -8.246622 -4.32387375 0.0 19.0
-20.731201 -5.293997 1.3308876376 3.0 17.0
-17.767643 -8.47421 1.3308876376 3.0 17.0
-17.767643 -8.47421 1.3308876377 2.0 18.0
-14.804084 -11.654423 1.3308876377 2.0 18.0
-14.804084 -11.654423 1.3308876378 1.0 19.0
-12.237566 -14.834636 -0.15089202378 1.0 19.0
-12.237566 -14.834636 -0.15089202379 0.0 20.0
-8.595041 -15.932721 -2.2539046379 0.0 20.0
-8.595041 -15.932721 -2.2539046380 0.0 21.0
-5.0097556 -14.607048 -4.32387380 0.0 21.0
-14.804084 -11.654423 1.3308876381 1.0 19.0
-12.391476 -8.317429 -0.06203282381 1.0 19.0
-12.391476 -8.317429 -0.06203282382 0.0 20.0
-8.8061905 -6.9917555 -2.1319985382 0.0 20.0
-8.8061905 -6.9917555 -2.1319985383 0.0 21.0
-5.1636662 -8.089841 -4.235011383 0.0 21.0
-19.53384 11.32439 -0.28311077384 15.0 13.0
-23.87306 11.064371 -0.28311077384 15.0 13.0
-23.87306 11.064371 -0.28311077385 14.0 14.0
-28.21228 10.804352 -0.28311077385 14.0 14.0
-28.21228 10.804352 -0.28311077386 1.0 15.0
-31.970154 10.5443325 1.886499386 1.0 15.0
-31.970154 10.5443325 1.886499387 0.0 16.0
-35.022842 8.000471 3.6489697387 0.0 16.0
-35.022842 8.000471 3.6489697388 0.0 17.0
-36.420605 3.9642043 4.455969388 0.0 17.0
-28.21228 10.804352 -0.28311077389 1.0 15.0
-27.520252 6.531425 -0.68265295389 1.0 15.0
-27.520252 6.531425 -0.68265295390 0.0 16.0
-28.918016 2.4951582 0.1243462390 0.0 16.0
-28.918016 2.4951582 0.1243462391 0.0 17.0
-31.970705 -0.048703432 1.8868167391 0.0 17.0
-28.21228 10.804352 -0.28311077392 13.0 15.0
-29.826279 6.768085 -0.28311077392 13.0 15.0
-29.826279 6.768085 -0.28311077393 12.0 16.0
-31.440277 2.7318182 -0.28311077393 12.0 16.0
-31.440277 2.7318182 -0.28311077394 1.0 17.0
-32.83804 -1.3044486 0.52388835394 1.0 17.0
-32.83804 -1.3044486 0.52388835395 0.0 18.0
-32.14601 -5.5773754 0.1243462395 0.0 18.0
-32.14601 -5.5773754 0.1243462396 0.0 19.0
-29.579494 -8.757588 -1.3574333396 0.0 19.0
-31.440277 2.7318182 -0.28311077397 1.0 17.0
-27.797752 1.6337324 -2.3861234397 1.0 17.0
-27.797752 1.6337324 -2.3861234398 0.0 18.0
-25.231236 -1.5464805 -3.867903398 0.0 18.0
-25.231236 -1.5464805 -3.867903399 0.0 19.0
-24.539207 -5.8194075 -4.267445399 0.0 19.0
-31.440277 2.7318182 -0.28311077400 7.0 17.0
-32.83804 -1.3044486 0.52388835400 7.0 17.0
-32.83804 -1.3044486 0.52388835401 6.0 18.0
-34.2358 -5.3407154 1.3308876401 6.0 18.0
-34.2358 -5.3407154 1.3308876402 1.0 19.0
-35.633564 -9.376982 2.1378868402 1.0 19.0
-35.633564 -9.376982 2.1378868403 0.0 20.0
-34.941536 -13.649908 1.7383447403 0.0 20.0
-34.941536 -13.649908 1.7383447404 0.0 21.0
-32.37502 -16.83012 0.2565651404 0.0 21.0
-34.2358 -5.3407154 1.3308876405 1.0 19.0
-30.593277 -6.4388013 -0.772125405 1.0 19.0
-30.593277 -6.4388013 -0.772125406 0.0 20.0
-28.02676 -9.619015 -2.2539046406 0.0 20.0
-28.02676 -9.619015 -2.2539046407 0.0 21.0
-27.334732 -13.891941 -2.6534467407 0.0 21.0
-34.2358 -5.3407154 1.3308876408 5.0 19.0
-30.029778 -6.4388013 1.3308876408 5.0 19.0
-30.029778 -6.4388013 1.3308876409 4.0 20.0
-25.823753 -7.536887 1.3308876409 4.0 20.0
-25.823753 -7.536887 1.3308876410 1.0 21.0
-22.181229 -8.634973 -0.772125410 1.0 21.0
-22.181229 -8.634973 -0.772125411 0.0 22.0
-18.595943 -7.3092995 -2.8420906411 0.0 22.0
-18.595943 -7.3092995 -2.8420906412 0.0 23.0
-16.183334 -3.972305 -4.235011412 0.0 23.0
-25.823753 -7.536887 1.3308876413 1.0 21.0
-25.334421 -3.2267623 1.0483717413 1.0 21.0
-25.334421 -3.2267623 1.0483717414 0.0 22.0
-22.921812 0.110232115 -0.3445487414 0.0 22.0
-22.921812 0.110232115 -0.3445487415 0.0 23.0
-19.336527 1.4359051 -2.4145143415 0.0 23.0
-25.823753 -7.536887 1.3308876416 3.0 21.0
-25.258722 -3.2267623 1.3308876416 3.0 21.0
-25.258722 -3.2267623 1.3308876417 2.0 22.0
-24.693691 1.0833626 1.3308876417 2.0 22.0
-24.693691 1.0833626 1.3308876418 1.0 23.0
-24.20436 5.3934875 1.0483717418 1.0 23.0
-24.20436 5.3934875 1.0483717419 0.0 24.0
-25.790543 9.335796 1.9641552419 0.0 24.0
-25.790543 9.335796 1.9641552420 0.0 25.0
-28.958755 11.683776 3.793324420 0.0 25.0
-24.693691 1.0833626 1.3308876421 1.0 23.0
-28.458254 1.1065198 3.5043585421 1.0 23.0
-28.458254 1.1065198 3.5043585422 0.0 24.0
-31.626467 3.4544992 5.333527422 0.0 24.0
-31.626467 3.4544992 5.333527423 0.0 25.0
-33.21265 7.3968086 6.2493105423 0.0 25.0
-31.440277 2.7318182 -0.28311077424 7.0 17.0
-27.797752 1.6337324 -2.3861234424 7.0 17.0
-27.797752 1.6337324 -2.3861234425 6.0 18.0
-24.155228 0.5356467 -4.4891357425 6.0 18.0
-24.155228 0.5356467 -4.4891357426 1.0 19.0
-20.512703 -0.5624391 -6.5921483426 1.0 19.0
-20.512703 -0.5624391 -6.5921483427 0.0 20.0
-16.927418 0.7632339 -8.662114427 0.0 20.0
-16.927418 0.7632339 -8.662114428 0.0 21.0
-14.514809 4.1002283 -10.055035428 0.0 21.0
-24.155228 0.5356467 -4.4891357429 1.0 19.0
-23.665895 4.845772 -4.7716517429 1.0 19.0
-23.665895 4.845772 -4.7716517430 0.0 20.0
-21.253286 8.182766 -6.1645722430 0.0 20.0
-21.253286 8.182766 -6.1645722431 0.0 21.0
-17.668001 9.508439 -8.234538431 0.0 21.0
-24.155228 0.5356467 -4.4891357432 5.0 19.0
-20.015297 1.8613197 -4.4891357432 5.0 19.0
-20.015297 1.8613197 -4.4891357433 4.0 20.0
-15.875366 3.1869926 -4.4891357433 4.0 20.0
-15.875366 3.1869926 -4.4891357434 1.0 21.0
-12.290081 4.5126657 -6.559101434 1.0 21.0
-12.290081 4.5126657 -6.559101435 0.0 22.0
-9.877472 7.84966 -7.9520216435 0.0 22.0
-9.877472 7.84966 -7.9520216436 0.0 23.0
-9.38814 12.159784 -8.234537436 0.0 23.0
-15.875366 3.1869926 -4.4891357437 1.0 21.0
-17.46155 7.129302 -3.573352437 1.0 21.0
-17.46155 7.129302 -3.573352438 0.0 22.0
-16.972218 11.439426 -3.8558679438 0.0 22.0
-16.972218 11.439426 -3.8558679439 0.0 23.0
-14.559608 14.776421 -5.2487884439 0.0 23.0
-15.875366 3.1869926 -4.4891357440 3.0 21.0
-13.089525 6.523987 -4.4891357440 3.0 21.0
-13.089525 6.523987 -4.4891357441 2.0 22.0
-10.303684 9.860981 -4.4891357441 2.0 22.0
-10.303684 9.860981 -4.4891357442 1.0 23.0
-7.8910756 13.197975 -5.882056442 1.0 23.0
-7.8910756 13.197975 -5.882056443 0.0 24.0
-7.401744 17.5081 -6.1645722443 0.0 24.0
-7.401744 17.5081 -6.1645722444 0.0 25.0
-8.987927 21.450409 -5.248789444 0.0 25.0
-10.303684 9.860981 -4.4891357445 1.0 23.0
-13.471897 12.208961 -2.659967445 1.0 23.0
-13.471897 12.208961 -2.659967446 0.0 24.0
-15.058081 16.15127 -1.7441833446 0.0 24.0
-15.058081 16.15127 -1.7441833447 0.0 25.0
-14.568748 20.461395 -2.026699447 0.0 25.0
-31.440277 2.7318182 -0.28311077448 11.0 17.0
-30.641193 -1.5411086 -0.28311077448 11.0 17.0
-30.641193 -1.5411086 -0.28311077449 10.0 18.0
-29.84211 -5.8140354 -0.28311077449 10.0 18.0
-29.84211 -5.8140354 -0.28311077450 1.0 19.0
-29.150082 -10.086962 -0.68265295450 1.0 19.0
-29.150082 -10.086962 -0.68265295451 0.0 20.0
-26.583565 -13.267175 -2.1644325451 0.0 20.0
-26.583565 -13.267175 -2.1644325452 0.0 21.0
-22.94104 -14.36526 -4.267445452 0.0 21.0
-29.84211 -5.8140354 -0.28311077453 1.0 19.0
-26.256824 -4.4883623 -2.3530765453 1.0 19.0
-26.256824 -4.4883623 -2.3530765454 0.0 20.0
-22.6143 -5.586448 -4.456089454 0.0 20.0
-22.6143 -5.586448 -4.456089455 0.0 21.0
-20.047783 -8.766661 -5.9378686455 0.0 21.0
-29.84211 -5.8140354 -0.28311077456 9.0 19.0
-25.636086 -6.9121213 -0.28311077456 9.0 19.0
-25.636086 -6.9121213 -0.28311077457 8.0 20.0
-21.430061 -8.010207 -0.28311077457 8.0 20.0
-21.430061 -8.010207 -0.28311077458 1.0 21.0
-17.787537 -9.108293 -2.3861234458 1.0 21.0
-17.787537 -9.108293 -2.3861234459 0.0 22.0
-14.202251 -7.7826195 -4.456089459 0.0 22.0
-14.202251 -7.7826195 -4.456089460 0.0 23.0
-11.789642 -4.4456253 -5.8490095460 0.0 23.0
-21.430061 -8.010207 -0.28311077461 1.0 21.0
-20.94073 -3.7000823 -0.5656266461 1.0 21.0
-20.94073 -3.7000823 -0.5656266462 0.0 22.0
-18.52812 -0.3630879 -1.958547462 0.0 22.0
-18.52812 -0.3630879 -1.958547463 0.0 23.0
-14.942835 0.9625851 -4.0285125463 0.0 23.0
-21.430061 -8.010207 -0.28311077464 7.0 21.0
-17.787537 -9.108293 -2.3861234464 7.0 21.0
-17.787537 -9.108293 -2.3861234465 6.0 22.0
-14.145012 -10.206378 -4.4891357465 6.0 22.0
-14.145012 -10.206378 -4.4891357466 1.0 23.0
-10.502487 -11.304463 -6.5921483466 1.0 23.0
-10.502487 -11.304463 -6.5921483467 0.0 24.0
-6.9172015 -9.97879 -8.662114467 0.0 24.0
-6.9172015 -9.97879 -8.662114468 0.0 25.0
-4.504593 -6.641796 -10.055035468 0.0 25.0
-14.145012 -10.206378 -4.4891357469 1.0 23.0
-13.65568 -5.896253 -4.7716517469 1.0 23.0
-13.65568 -5.896253 -4.7716517470 0.0 24.0
-11.243071 -2.5592587 -6.1645722470 0.0 24.0
-11.243071 -2.5592587 -6.1645722471 0.0 25.0
-7.657785 -1.2335857 -8.234538471 0.0 25.0
-14.145012 -10.206378 -4.4891357472 5.0 23.0
-13.57998 -5.896253 -4.4891357472 5.0 23.0
-13.57998 -5.896253 -4.4891357473 4.0 24.0
-13.014948 -1.5861282 -4.4891357473 4.0 24.0
-13.014948 -1.5861282 -4.4891357474 1.0 25.0
-12.525616 2.7239966 -4.7716517474 1.0 25.0
-12.525616 2.7239966 -4.7716517475 0.0 26.0
-14.111799 6.6663055 -3.855868475 0.0 26.0
-14.111799 6.6663055 -3.855868476 0.0 27.0
-17.280012 9.014285 -2.0266995476 0.0 27.0
-13.014948 -1.5861282 -4.4891357477 1.0 25.0
-16.77951 -1.562971 -2.3156648477 1.0 25.0
-16.77951 -1.562971 -2.3156648478 0.0 26.0
-19.947723 0.78500855 -0.4864961478 0.0 26.0
-19.947723 0.78500855 -0.4864961479 0.0 27.0
-21.533907 4.727318 0.4292875479 0.0 27.0
-13.014948 -1.5861282 -4.4891357480 3.0 25.0
-17.361889 -1.562971 -4.4891357480 3.0 25.0
-17.361889 -1.562971 -4.4891357481 2.0 26.0
-21.708832 -1.5398138 -4.4891357481 2.0 26.0
-21.708832 -1.5398138 -4.4891357482 1.0 27.0
-25.473394 -1.5166565 -2.3156648482 1.0 27.0
-25.473394 -1.5166565 -2.3156648483 0.0 28.0
-28.663092 -3.8255262 -0.47409213483 0.0 28.0
-28.663092 -3.8255262 -0.47409213484 0.0 29.0
-30.28556 -7.7480974 0.46264052484 0.0 29.0
-21.708832 -1.5398138 -4.4891357485 1.0 27.0
-21.259296 -5.855714 -4.7486753485 1.0 27.0
-21.259296 -5.855714 -4.7486753486 0.0 28.0
-22.881765 -9.778285 -3.8119426486 0.0 28.0
-22.881765 -9.778285 -3.8119426487 0.0 29.0
-26.071463 -12.087154 -1.9703699487 0.0 29.0
-21.430061 -8.010207 -0.28311077488 7.0 21.0
-20.94073 -3.7000823 -0.5656266488 7.0 21.0
-20.94073 -3.7000823 -0.5656266489 6.0 22.0
-20.451397 0.6100426 -0.8481425489 6.0 22.0
-20.451397 0.6100426 -0.8481425490 1.0 23.0
-19.962065 4.9201674 -1.1306584490 1.0 23.0
-19.962065 4.9201674 -1.1306584491 0.0 24.0
-21.548248 8.862476 -0.2148748491 0.0 24.0
-21.548248 8.862476 -0.2148748492 0.0 25.0
-24.716461 11.210456 1.6142938492 0.0 25.0
-20.451397 0.6100426 -0.8481425493 1.0 23.0
-24.21596 0.63319975 1.3253285493 1.0 23.0
-24.21596 0.63319975 1.3253285494 0.0 24.0
-27.384172 2.9811792 3.1544971494 0.0 24.0
-27.384172 2.9811792 3.1544971495 0.0 25.0
-28.970356 6.9234886 4.0702806495 0.0 25.0
-20.451397 0.6100426 -0.8481425496 5.0 23.0
-22.282965 4.552352 -0.8481425496 5.0 23.0
-22.282965 4.552352 -0.8481425497 4.0 24.0
-24.114532 8.494661 -0.8481425497 4.0 24.0
-24.114532 8.494661 -0.8481425498 1.0 25.0
-25.700716 12.436971 0.06764108498 1.0 25.0
-25.700716 12.436971 0.06764108499 0.0 26.0
-28.868929 14.78495 1.8968098499 0.0 26.0
-28.868929 14.78495 1.8968098500 0.0 27.0
-32.63349 14.808107 4.070281500 0.0 27.0
-24.114532 8.494661 -0.8481425501 1.0 25.0
-27.30423 6.185792 0.99343014501 1.0 25.0
-27.30423 6.185792 0.99343014502 0.0 26.0
-31.068792 6.208949 3.166901502 0.0 26.0
-31.068792 6.208949 3.166901503 0.0 27.0
-34.237007 8.556929 4.99607503 0.0 27.0
-24.114532 8.494661 -0.8481425504 3.0 25.0
-27.77287 10.842641 -0.8481425504 3.0 25.0
-27.77287 10.842641 -0.8481425505 2.0 26.0
-31.431206 13.19062 -0.8481425505 2.0 26.0
-31.431206 13.19062 -0.8481425506 1.0 27.0
-34.59942 15.5386 0.9810262506 1.0 27.0
-34.59942 15.5386 0.9810262507 0.0 28.0
-38.36398 15.561757 3.1544971507 0.0 28.0
-38.36398 15.561757 3.1544971508 0.0 29.0
-41.553677 13.252888 4.99607508 0.0 29.0
-31.431206 13.19062 -0.8481425509 1.0 27.0
-33.053673 9.268049 0.088590145509 1.0 27.0
-33.053673 9.268049 0.088590145510 0.0 28.0
-36.24337 6.95918 1.9301628510 0.0 28.0
-36.24337 6.95918 1.9301628511 0.0 29.0
-40.00793 6.982337 4.103634511 0.0 29.0
