0.0 0.0 0.00 30.0 1.0
0.0 4.6830034 0.00 30.0 1.0
0.0 4.6830034 0.01 0.0 2.0
1.5941613 8.989052 -0.92038951 0.0 2.0
0.0 4.6830034 0.02 29.0 2.0
0.0 9.366007 0.02 29.0 2.0
0.0 9.366007 0.03 0.0 3.0
1.5941613 13.672055 -0.92038953 0.0 3.0
1.5941613 13.672055 -0.92038954 0.0 4.0
4.525842 16.907925 -2.61299634 0.0 4.0
1.5941613 13.672055 -0.92038955 0.0 4.0
3.4349403 17.978104 -0.92038955 0.0 4.0
0.0 9.366007 0.06 28.0 3.0
0.0 14.04901 0.06 28.0 3.0
0.0 14.04901 0.07 0.0 4.0
1.5941613 18.355059 -0.92038957 0.0 4.0
0.0 14.04901 0.08 27.0 4.0
0.0 18.732014 0.08 27.0 4.0
0.0 18.732014 0.09 2.0 5.0
-1.5941613 23.038063 0.92038959 2.0 5.0
-1.5941613 23.038063 0.920389510 0.0 6.0
-1.5941613 27.721066 0.920389510 0.0 6.0
-1.5941613 23.038063 0.920389511 1.0 6.0
-3.4349403 27.344112 0.920389511 1.0 6.0
-3.4349403 27.344112 0.920389512 0.0 7.0
-3.4349403 32.027115 0.920389512 0.0 7.0
-3.4349403 32.027115 0.920389513 0.0 8.0
-1.8407791 36.333164 0.013 0.0 8.0
-3.4349403 32.027115 0.920389514 0.0 8.0
-3.4349403 36.710117 0.920389514 0.0 8.0
-3.4349403 27.344112 0.920389515 0.0 7.0
-5.275719 31.650162 0.920389515 0.0 7.0
-5.275719 31.650162 0.920389516 0.0 8.0
-5.275719 36.333164 0.920389516 0.0 8.0
-5.275719 31.650162 0.920389517 0.0 8.0
-7.116498 35.95621 0.920389517 0.0 8.0
0.0 18.732014 0.018 26.0 5.0
0.0 23.415016 0.018 26.0 5.0
0.0 23.415016 0.019 0.0 6.0
1.5941613 27.721066 -0.920389519 0.0 6.0
0.0 23.415016 0.020 25.0 6.0
0.0 28.098019 0.020 25.0 6.0
0.0 28.098019 0.021 0.0 7.0
1.5941613 32.404068 -0.920389521 0.0 7.0
1.5941613 32.404068 -0.920389522 0.0 8.0
4.525842 35.63994 -2.612996322 0.0 8.0
1.5941613 32.404068 -0.920389523 0.0 8.0
3.4349403 36.710117 -0.920389523 0.0 8.0
0.0 28.098019 0.024 24.0 7.0
0.0 32.78102 0.024 24.0 7.0
0.0 32.78102 0.025 0.0 8.0
1.5941613 37.08707 -0.920389525 0.0 8.0
0.0 32.78102 0.026 23.0 8.0
0.0 37.464024 0.026 23.0 8.0
0.0 37.464024 0.027 6.0 9.0
-1.5941613 41.770073 0.920389527 6.0 9.0
-1.5941613 41.770073 0.920389528 0.0 10.0
-1.5941613 46.453075 0.920389528 0.0 10.0
-1.5941613 41.770073 0.920389529 5.0 10.0
-3.4349403 46.076122 0.920389529 5.0 10.0
-3.4349403 46.076122 0.920389530 0.0 11.0
-3.4349403 50.759125 0.920389530 0.0 11.0
-3.4349403 50.759125 0.920389531 0.0 12.0
-1.8407791 55.065174 0.031 0.0 12.0
-3.4349403 50.759125 0.920389532 0.0 12.0
-3.4349403 55.442127 0.920389532 0.0 12.0
-3.4349403 46.076122 0.920389533 4.0 11.0
-5.275719 50.38217 0.920389533 4.0 11.0
-5.275719 50.38217 0.920389534 0.0 12.0
-5.275719 55.065174 0.920389534 0.0 12.0
-5.275719 50.38217 0.920389535 3.0 12.0
-7.116498 54.68822 0.920389535 3.0 12.0
-7.116498 54.68822 0.920389536 2.0 13.0
-10.048179 57.92409 2.612996336 2.0 13.0
-10.048179 57.92409 2.612996337 0.0 14.0
-11.64234 62.23014 3.533385837 0.0 14.0
-10.048179 57.92409 2.612996338 1.0 14.0
-13.433393 61.15996 2.612996338 1.0 14.0
-13.433393 61.15996 2.612996339 0.0 15.0
-15.027554 65.46601 3.533385839 0.0 15.0
-15.027554 65.46601 3.533385840 0.0 16.0
-15.027554 70.14902 3.533385840 0.0 16.0
-15.027554 65.46601 3.533385841 0.0 16.0
-16.868332 69.77206 3.533385841 0.0 16.0
-13.433393 61.15996 2.612996342 0.0 15.0
-16.818605 64.39583 2.612996342 0.0 15.0
-16.818605 64.39583 2.612996343 0.0 16.0
-18.412767 68.70187 3.533385843 0.0 16.0
-16.818605 64.39583 2.612996344 0.0 16.0
-20.20382 67.6317 2.612996344 0.0 16.0
-7.116498 54.68822 0.920389545 2.0 13.0
-8.957277 58.99427 0.920389545 2.0 13.0
-8.957277 58.99427 0.920389546 0.0 14.0
-8.957277 63.677273 0.920389546 0.0 14.0
-8.957277 58.99427 0.920389547 1.0 14.0
-10.798057 63.30032 0.920389547 1.0 14.0
-10.798057 63.30032 0.920389548 0.0 15.0
-10.798057 67.98332 0.920389548 0.0 15.0
-10.798057 67.98332 0.920389549 0.0 16.0
-9.203896 72.28937 0.049 0.0 16.0
-10.798057 67.98332 0.920389550 0.0 16.0
-10.798057 72.66633 0.920389550 0.0 16.0
-10.798057 63.30032 0.920389551 0.0 15.0
-12.638836 67.60637 0.920389551 0.0 15.0
-12.638836 67.60637 0.920389552 0.0 16.0
-12.638836 72.289375 0.920389552 0.0 16.0
-12.638836 67.60637 0.920389553 0.0 16.0
-14.479615 71.912415 0.920389553 0.0 16.0
0.0 37.464024 0.054 22.0 9.0
0.0 42.147026 0.054 22.0 9.0
0.0 42.147026 0.055 0.0 10.0
1.5941613 46.453075 -0.920389555 0.0 10.0
0.0 42.147026 0.056 21.0 10.0
0.0 46.83003 0.056 21.0 10.0
0.0 46.83003 0.057 0.0 11.0
1.5941613 51.136078 -0.920389557 0.0 11.0
1.5941613 51.136078 -0.920389558 0.0 12.0
4.525842 54.37195 -2.612996358 0.0 12.0
1.5941613 51.136078 -0.920389559 0.0 12.0
3.4349403 55.442127 -0.920389559 0.0 12.0
0.0 46.83003 0.060 20.0 11.0
0.0 51.51303 0.060 20.0 11.0
0.0 51.51303 0.061 0.0 12.0
1.5941613 55.81908 -0.920389561 0.0 12.0
0.0 51.51303 0.062 19.0 12.0
0.0 56.196033 0.062 19.0 12.0
0.0 56.196033 0.063 2.0 13.0
-1.5941613 60.502083 0.920389563 2.0 13.0
-1.5941613 60.502083 0.920389564 0.0 14.0
-1.5941613 65.18509 0.920389564 0.0 14.0
-1.5941613 60.502083 0.920389565 1.0 14.0
-3.4349403 64.80813 0.920389565 1.0 14.0
-3.4349403 64.80813 0.920389566 0.0 15.0
-3.4349403 69.491135 0.920389566 0.0 15.0
-3.4349403 69.491135 0.920389567 0.0 16.0
-1.8407791 73.79718 0.067 0.0 16.0
-3.4349403 69.491135 0.920389568 0.0 16.0
-3.4349403 74.17414 0.920389568 0.0 16.0
-3.4349403 64.80813 0.920389569 0.0 15.0
-5.275719 69.114174 0.920389569 0.0 15.0
-5.275719 69.114174 0.920389570 0.0 16.0
-5.275719 73.79718 0.920389570 0.0 16.0
-5.275719 69.114174 0.920389571 0.0 16.0
-7.116498 73.42022 0.920389571 0.0 16.0
0.0 56.196033 0.072 18.0 13.0
0.0 60.879036 0.072 18.0 13.0
0.0 60.879036 0.073 0.0 14.0
1.5941613 65.18508 -0.920389573 0.0 14.0
0.0 60.879036 0.074 17.0 14.0
0.0 65.56204 0.074 17.0 14.0
0.0 65.56204 0.075 0.0 15.0
1.5941613 69.86809 -0.920389575 0.0 15.0
1.5941613 69.86809 -0.920389576 0.0 16.0
4.525842 73.10396 -2.612996376 0.0 16.0
1.5941613 69.86809 -0.920389577 0.0 16.0
3.4349403 74.17413 -0.920389577 0.0 16.0
0.0 65.56204 0.078 16.0 15.0
0.0 70.24505 0.078 16.0 15.0
0.0 70.24505 0.079 0.0 16.0
1.5941613 74.551094 -0.920389579 0.0 16.0
0.0 70.24505 0.080 15.0 16.0
0.0 74.928055 0.080 15.0 16.0
0.0 74.928055 0.081 14.0 17.0
1.5941613 79.2341 -0.920389581 14.0 17.0
1.5941613 79.2341 -0.920389582 0.0 18.0
4.525842 82.46997 -2.612996382 0.0 18.0
1.5941613 79.2341 -0.920389583 13.0 18.0
3.4349403 83.540146 -0.920389583 13.0 18.0
3.4349403 83.540146 -0.920389584 0.0 19.0
6.366621 86.77602 -2.612996384 0.0 19.0
6.366621 86.77602 -2.612996385 0.0 20.0
10.163855 88.42077 -4.805330385 0.0 20.0
6.366621 86.77602 -2.612996386 0.0 20.0
9.751835 90.01189 -2.612996386 0.0 20.0
3.4349403 83.540146 -0.920389587 12.0 19.0
5.275719 87.84619 -0.920389587 12.0 19.0
5.275719 87.84619 -0.920389588 0.0 20.0
8.2074 91.08206 -2.612996388 0.0 20.0
5.275719 87.84619 -0.920389589 11.0 20.0
7.116498 92.15224 -0.920389589 11.0 20.0
7.116498 92.15224 -0.920389590 2.0 21.0
7.116498 96.83524 -0.920389590 2.0 21.0
7.116498 96.83524 -0.920389591 0.0 22.0
8.710659 101.14129 -1.84077991 0.0 22.0
7.116498 96.83524 -0.920389592 1.0 22.0
7.116498 101.51825 -0.920389592 1.0 22.0
7.116498 101.51825 -0.920389593 0.0 23.0
8.710659 105.824295 -1.84077993 0.0 23.0
8.710659 105.824295 -1.84077994 0.0 24.0
11.64234 109.060165 -3.533385894 0.0 24.0
8.710659 105.824295 -1.84077995 0.0 24.0
10.551438 110.13034 -1.84077995 0.0 24.0
7.116498 101.51825 -0.920389596 0.0 23.0
7.116498 106.201256 -0.920389596 0.0 23.0
7.116498 106.201256 -0.920389597 0.0 24.0
8.710659 110.5073 -1.84077997 0.0 24.0
7.116498 106.201256 -0.920389598 0.0 24.0
7.116498 110.88426 -0.920389598 0.0 24.0
7.116498 92.15224 -0.920389599 10.0 21.0
8.957277 96.45828 -0.920389599 10.0 21.0
8.957277 96.45828 -0.9203895100 0.0 22.0
11.888958 99.69415 -2.6129963100 0.0 22.0
8.957277 96.45828 -0.9203895101 9.0 22.0
10.798057 100.76433 -0.9203895101 9.0 22.0
10.798057 100.76433 -0.9203895102 0.0 23.0
13.729737 104.0002 -2.6129963102 0.0 23.0
13.729737 104.0002 -2.6129963103 0.0 24.0
17.52697 105.64495 -4.8053303103 0.0 24.0
13.729737 104.0002 -2.6129963104 0.0 24.0
17.11495 107.23607 -2.6129963104 0.0 24.0
10.798057 100.76433 -0.9203895105 8.0 23.0
12.638836 105.07037 -0.9203895105 8.0 23.0
12.638836 105.07037 -0.9203895106 0.0 24.0
15.570517 108.306244 -2.6129963106 0.0 24.0
12.638836 105.07037 -0.9203895107 7.0 24.0
14.479615 109.37642 -0.9203895107 7.0 24.0
14.479615 109.37642 -0.9203895108 6.0 25.0
14.479615 114.059425 -0.9203895108 6.0 25.0
14.479615 114.059425 -0.9203895109 0.0 26.0
16.073776 118.36547 -1.840779109 0.0 26.0
14.479615 114.059425 -0.9203895110 5.0 26.0
14.479615 118.74243 -0.9203895110 5.0 26.0
14.479615 118.74243 -0.9203895111 0.0 27.0
16.073776 123.04848 -1.840779111 0.0 27.0
16.073776 123.04848 -1.840779112 0.0 28.0
19.005457 126.28435 -3.5333858112 0.0 28.0
16.073776 123.04848 -1.840779113 0.0 28.0
17.914555 127.35452 -1.840779113 0.0 28.0
14.479615 118.74243 -0.9203895114 4.0 27.0
14.479615 123.42544 -0.9203895114 4.0 27.0
14.479615 123.42544 -0.9203895115 0.0 28.0
16.073776 127.73148 -1.840779115 0.0 28.0
14.479615 123.42544 -0.9203895116 3.0 28.0
14.479615 128.10844 -0.9203895116 3.0 28.0
14.479615 128.10844 -0.9203895117 2.0 29.0
12.885454 132.41449 0.0117 2.0 29.0
12.885454 132.41449 0.0118 0.0 30.0
12.885454 137.09749 0.0118 0.0 30.0
12.885454 132.41449 0.0119 1.0 30.0
11.044675 136.72054 0.0119 1.0 30.0
11.044675 136.72054 0.0120 0.0 31.0
11.044675 141.40353 0.0120 0.0 31.0
11.044675 141.40353 0.0121 0.0 32.0
12.638836 145.70958 -0.9203895121 0.0 32.0
11.044675 141.40353 0.0122 0.0 32.0
11.044675 146.08653 0.0122 0.0 32.0
11.044675 136.72054 0.0123 0.0 31.0
9.203896 141.02658 0.0123 0.0 31.0
9.203896 141.02658 0.0124 0.0 32.0
9.203896 145.70958 0.0124 0.0 32.0
9.203896 141.02658 0.0125 0.0 32.0
7.3631167 145.33263 0.0125 0.0 32.0
14.479615 128.10844 -0.9203895126 2.0 29.0
14.479615 132.79144 -0.9203895126 2.0 29.0
14.479615 132.79144 -0.9203895127 0.0 30.0
16.073776 137.09749 -1.840779127 0.0 30.0
14.479615 132.79144 -0.9203895128 1.0 30.0
14.479615 137.47444 -0.9203895128 1.0 30.0
14.479615 137.47444 -0.9203895129 0.0 31.0
16.073776 141.78049 -1.840779129 0.0 31.0
16.073776 141.78049 -1.840779130 0.0 32.0
19.005457 145.01636 -3.5333858130 0.0 32.0
16.073776 141.78049 -1.840779131 0.0 32.0
17.914555 146.08653 -1.840779131 0.0 32.0
14.479615 137.47444 -0.9203895132 0.0 31.0
14.479615 142.15744 -0.9203895132 0.0 31.0
14.479615 142.15744 -0.9203895133 0.0 32.0
16.073776 146.46349 -1.840779133 0.0 32.0
14.479615 142.15744 -0.9203895134 0.0 32.0
14.479615 146.84044 -0.9203895134 0.0 32.0
14.479615 109.37642 -0.9203895135 6.0 25.0
16.320395 113.682465 -0.9203895135 6.0 25.0
16.320395 113.682465 -0.9203895136 0.0 26.0
19.252075 116.918335 -2.6129963136 0.0 26.0
16.320395 113.682465 -0.9203895137 5.0 26.0
18.161173 117.98851 -0.9203895137 5.0 26.0
18.161173 117.98851 -0.9203895138 0.0 27.0
21.092854 121.22438 -2.6129963138 0.0 27.0
21.092854 121.22438 -2.6129963139 0.0 28.0
24.890087 122.86913 -4.8053303139 0.0 28.0
21.092854 121.22438 -2.6129963140 0.0 28.0
24.478067 124.46025 -2.6129963140 0.0 28.0
18.161173 117.98851 -0.9203895141 4.0 27.0
20.001951 122.294556 -0.9203895141 4.0 27.0
20.001951 122.294556 -0.9203895142 0.0 28.0
22.933632 125.530426 -2.6129963142 0.0 28.0
20.001951 122.294556 -0.9203895143 3.0 28.0
21.84273 126.6006 -0.9203895143 3.0 28.0
21.84273 126.6006 -0.9203895144 2.0 29.0
21.84273 131.2836 -0.9203895144 2.0 29.0
21.84273 131.2836 -0.9203895145 0.0 30.0
23.436892 135.58965 -1.840779145 0.0 30.0
21.84273 131.2836 -0.9203895146 1.0 30.0
21.84273 135.9666 -0.9203895146 1.0 30.0
21.84273 135.9666 -0.9203895147 0.0 31.0
23.436892 140.27264 -1.840779147 0.0 31.0
23.436892 140.27264 -1.840779148 0.0 32.0
26.368572 143.50851 -3.5333858148 0.0 32.0
23.436892 140.27264 -1.840779149 0.0 32.0
25.27767 144.57869 -1.840779149 0.0 32.0
21.84273 135.9666 -0.9203895150 0.0 31.0
21.84273 140.6496 -0.9203895150 0.0 31.0
21.84273 140.6496 -0.9203895151 0.0 32.0
23.436892 144.95564 -1.840779151 0.0 32.0
21.84273 140.6496 -0.9203895152 0.0 32.0
21.84273 145.3326 -0.9203895152 0.0 32.0
21.84273 126.6006 -0.9203895153 2.0 29.0
23.683508 130.90665 -0.9203895153 2.0 29.0
23.683508 130.90665 -0.9203895154 0.0 30.0
26.615189 134.14252 -2.6129963154 0.0 30.0
23.683508 130.90665 -0.9203895155 1.0 30.0
25.524286 135.21269 -0.9203895155 1.0 30.0
25.524286 135.21269 -0.9203895156 0.0 31.0
28.455967 138.44856 -2.6129963156 0.0 31.0
28.455967 138.44856 -2.6129963157 0.0 32.0
32.2532 140.09332 -4.8053303157 0.0 32.0
28.455967 138.44856 -2.6129963158 0.0 32.0
31.84118 141.68443 -2.6129963158 0.0 32.0
25.524286 135.21269 -0.9203895159 0.0 31.0
27.365065 139.51874 -0.9203895159 0.0 31.0
27.365065 139.51874 -0.9203895160 0.0 32.0
30.296745 142.75461 -2.6129963160 0.0 32.0
27.365065 139.51874 -0.9203895161 0.0 32.0
29.205843 143.82478 -0.9203895161 0.0 32.0
0.0 74.928055 0.0162 14.0 17.0
0.0 79.61106 0.0162 14.0 17.0
0.0 79.61106 0.0163 0.0 18.0
1.5941613 83.91711 -0.9203895163 0.0 18.0
0.0 79.61106 0.0164 13.0 18.0
0.0 84.29407 0.0164 13.0 18.0
0.0 84.29407 0.0165 0.0 19.0
1.5941613 88.60011 -0.9203895165 0.0 19.0
1.5941613 88.60011 -0.9203895166 0.0 20.0
4.525842 91.83598 -2.6129963166 0.0 20.0
1.5941613 88.60011 -0.9203895167 0.0 20.0
3.4349403 92.90616 -0.9203895167 0.0 20.0
0.0 84.29407 0.0168 12.0 19.0
0.0 88.97707 0.0168 12.0 19.0
0.0 88.97707 0.0169 0.0 20.0
1.5941613 93.28312 -0.9203895169 0.0 20.0
0.0 88.97707 0.0170 11.0 20.0
0.0 93.66008 0.0170 11.0 20.0
0.0 93.66008 0.0171 2.0 21.0
-1.5941613 97.966125 0.9203895171 2.0 21.0
-1.5941613 97.966125 0.9203895172 0.0 22.0
-1.5941613 102.64913 0.9203895172 0.0 22.0
-1.5941613 97.966125 0.9203895173 1.0 22.0
-3.4349403 102.27217 0.9203895173 1.0 22.0
-3.4349403 102.27217 0.9203895174 0.0 23.0
-3.4349403 106.95518 0.9203895174 0.0 23.0
-3.4349403 106.95518 0.9203895175 0.0 24.0
-1.8407791 111.26122 0.0175 0.0 24.0
-3.4349403 106.95518 0.9203895176 0.0 24.0
-3.4349403 111.63818 0.9203895176 0.0 24.0
-3.4349403 102.27217 0.9203895177 0.0 23.0
-5.275719 106.57822 0.9203895177 0.0 23.0
-5.275719 106.57822 0.9203895178 0.0 24.0
-5.275719 111.26122 0.9203895178 0.0 24.0
-5.275719 106.57822 0.9203895179 0.0 24.0
-7.116498 110.88426 0.9203895179 0.0 24.0
0.0 93.66008 0.0180 10.0 21.0
0.0 98.34309 0.0180 10.0 21.0
0.0 98.34309 0.0181 0.0 22.0
1.5941613 102.64913 -0.9203895181 0.0 22.0
0.0 98.34309 0.0182 9.0 22.0
0.0 103.02609 0.0182 9.0 22.0
0.0 103.02609 0.0183 0.0 23.0
1.5941613 107.33214 -0.9203895183 0.0 23.0
1.5941613 107.33214 -0.9203895184 0.0 24.0
4.525842 110.56801 -2.6129963184 0.0 24.0
1.5941613 107.33214 -0.9203895185 0.0 24.0
3.4349403 111.63818 -0.9203895185 0.0 24.0
0.0 103.02609 0.0186 8.0 23.0
0.0 107.7091 0.0186 8.0 23.0
0.0 107.7091 0.0187 0.0 24.0
1.5941613 112.015144 -0.9203895187 0.0 24.0
0.0 107.7091 0.0188 7.0 24.0
0.0 112.392105 0.0188 7.0 24.0
0.0 112.392105 0.0189 6.0 25.0
-1.5941613 116.69815 0.9203895189 6.0 25.0
-1.5941613 116.69815 0.9203895190 0.0 26.0
-1.5941613 121.38116 0.9203895190 0.0 26.0
-1.5941613 116.69815 0.9203895191 5.0 26.0
-3.4349403 121.004196 0.9203895191 5.0 26.0
-3.4349403 121.004196 0.9203895192 0.0 27.0
-3.4349403 125.6872 0.9203895192 0.0 27.0
-3.4349403 125.6872 0.9203895193 0.0 28.0
-1.8407791 129.99326 0.0193 0.0 28.0
-3.4349403 125.6872 0.9203895194 0.0 28.0
-3.4349403 130.37021 0.9203895194 0.0 28.0
-3.4349403 121.004196 0.9203895195 4.0 27.0
-5.275719 125.31024 0.9203895195 4.0 27.0
-5.275719 125.31024 0.9203895196 0.0 28.0
-5.275719 129.99324 0.9203895196 0.0 28.0
-5.275719 125.31024 0.9203895197 3.0 28.0
-7.116498 129.61629 0.9203895197 3.0 28.0
-7.116498 129.61629 0.9203895198 2.0 29.0
-10.048179 132.85216 2.6129963198 2.0 29.0
-10.048179 132.85216 2.6129963199 0.0 30.0
-11.64234 137.1582 3.5333858199 0.0 30.0
-10.048179 132.85216 2.6129963200 1.0 30.0
-13.433393 136.08803 2.6129963200 1.0 30.0
-13.433393 136.08803 2.6129963201 0.0 31.0
-15.027554 140.39407 3.5333858201 0.0 31.0
-15.027554 140.39407 3.5333858202 0.0 32.0
-15.027554 145.07707 3.5333858202 0.0 32.0
-15.027554 140.39407 3.5333858203 0.0 32.0
-16.868332 144.70012 3.5333858203 0.0 32.0
-13.433393 136.08803 2.6129963204 0.0 31.0
-16.818605 139.3239 2.6129963204 0.0 31.0
-16.818605 139.3239 2.6129963205 0.0 32.0
-18.412767 143.62994 3.5333858205 0.0 32.0
-16.818605 139.3239 2.6129963206 0.0 32.0
-20.20382 142.55977 2.6129963206 0.0 32.0
-7.116498 129.61629 0.9203895207 2.0 29.0
-8.957277 133.92233 0.9203895207 2.0 29.0
-8.957277 133.92233 0.9203895208 0.0 30.0
-8.957277 138.60533 0.9203895208 0.0 30.0
-8.957277 133.92233 0.9203895209 1.0 30.0
-10.798057 138.22838 0.9203895209 1.0 30.0
-10.798057 138.22838 0.9203895210 0.0 31.0
-10.798057 142.91138 0.9203895210 0.0 31.0
-10.798057 142.91138 0.9203895211 0.0 32.0
-9.203896 147.21742 0.0211 0.0 32.0
-10.798057 142.91138 0.9203895212 0.0 32.0
-10.798057 147.59438 0.9203895212 0.0 32.0
-10.798057 138.22838 0.9203895213 0.0 31.0
-12.638836 142.53442 0.9203895213 0.0 31.0
-12.638836 142.53442 0.9203895214 0.0 32.0
-12.638836 147.21742 0.9203895214 0.0 32.0
-12.638836 142.53442 0.9203895215 0.0 32.0
-14.479615 146.84047 0.9203895215 0.0 32.0
0.0 112.392105 0.0216 6.0 25.0
0.0 117.07511 0.0216 6.0 25.0
0.0 117.07511 0.0217 0.0 26.0
1.5941613 121.38116 -0.9203895217 0.0 26.0
0.0 117.07511 0.0218 5.0 26.0
0.0 121.75812 0.0218 5.0 26.0
0.0 121.75812 0.0219 0.0 27.0
1.5941613 126.06416 -0.9203895219 0.0 27.0
1.5941613 126.06416 -0.9203895220 0.0 28.0
4.525842 129.30003 -2.6129963220 0.0 28.0
1.5941613 126.06416 -0.9203895221 0.0 28.0
3.4349403 130.37021 -0.9203895221 0.0 28.0
0.0 121.75812 0.0222 4.0 27.0
0.0 126.441124 0.0222 4.0 27.0
0.0 126.441124 0.0223 0.0 28.0
1.5941613 130.74718 -0.9203895223 0.0 28.0
0.0 126.441124 0.0224 3.0 28.0
0.0 131.12413 0.0224 3.0 28.0
0.0 131.12413 0.0225 2.0 29.0
-1.5941613 135.43018 0.9203895225 2.0 29.0
-1.5941613 135.43018 0.9203895226 0.0 30.0
-1.5941613 140.11317 0.9203895226 0.0 30.0
-1.5941613 135.43018 0.9203895227 1.0 30.0
-3.4349403 139.73622 0.9203895227 1.0 30.0
-3.4349403 139.73622 0.9203895228 0.0 31.0
-3.4349403 144.41922 0.9203895228 0.0 31.0
-3.4349403 144.41922 0.9203895229 0.0 32.0
-1.8407791 148.72527 0.0229 0.0 32.0
-3.4349403 144.41922 0.9203895230 0.0 32.0
-3.4349403 149.10222 0.9203895230 0.0 32.0
-3.4349403 139.73622 0.9203895231 0.0 31.0
-5.275719 144.04227 0.9203895231 0.0 31.0
-5.275719 144.04227 0.9203895232 0.0 32.0
-5.275719 148.72527 0.9203895232 0.0 32.0
-5.275719 144.04227 0.9203895233 0.0 32.0
-7.116498 148.34831 0.9203895233 0.0 32.0
0.0 131.12413 0.0234 2.0 29.0
0.0 135.80713 0.0234 2.0 29.0
0.0 135.80713 0.0235 0.0 30.0
1.5941613 140.11317 -0.9203895235 0.0 30.0
0.0 135.80713 0.0236 1.0 30.0
0.0 140.49013 0.0236 1.0 30.0
0.0 140.49013 0.0237 0.0 31.0
1.5941613 144.79617 -0.9203895237 0.0 31.0
1.5941613 144.79617 -0.9203895238 0.0 32.0
4.525842 148.03204 -2.6129963238 0.0 32.0
1.5941613 144.79617 -0.9203895239 0.0 32.0
3.4349403 149.10222 -0.9203895239 0.0 32.0
0.0 140.49013 0.0240 0.0 31.0
0.0 145.17313 0.0240 0.0 31.0
0.0 145.17313 0.0241 0.0 32.0
1.5941613 149.47917 -0.9203895241 0.0 32.0
0.0 145.17313 0.0242 0.0 32.0
0.0 149.85612 0.0242 0.0 32.0
