0.0 0.0 0.00 60.0 1.0
0.0 0.8506845 0.00 60.0 1.0
0.0 0.8506845 0.01 59.0 2.0
0.0 1.701369 0.01 59.0 2.0
0.0 1.701369 0.02 58.0 3.0
0.0 2.5520535 0.02 58.0 3.0
0.0 2.5520535 0.03 57.0 4.0
0.0 3.402738 0.03 57.0 4.0
0.0 3.402738 0.04 56.0 5.0
0.0 4.2534227 0.04 56.0 5.0
0.0 4.2534227 0.05 55.0 6.0
0.0 5.1041074 0.05 55.0 6.0
0.0 5.1041074 0.06 54.0 7.0
0.0 5.954792 0.06 54.0 7.0
0.0 5.954792 0.07 53.0 8.0
0.0 6.8054767 0.07 53.0 8.0
0.0 6.8054767 0.08 52.0 9.0
0.0 7.6561613 0.08 52.0 9.0
0.0 7.6561613 0.09 51.0 10.0
0.0 8.506845 0.09 51.0 10.0
0.0 8.506845 0.010 50.0 11.0
0.0 9.35753 0.010 50.0 11.0
0.0 9.35753 0.011 49.0 12.0
0.0 10.208214 0.011 49.0 12.0
0.0 10.208214 0.012 48.0 13.0
0.0 11.058898 0.012 48.0 13.0
0.0 11.058898 0.013 47.0 14.0
0.0 11.909582 0.013 47.0 14.0
0.0 11.909582 0.014 46.0 15.0
0.0 12.760266 0.014 46.0 15.0
0.0 12.760266 0.015 45.0 16.0
0.0 13.61095 0.015 45.0 16.0
0.0 13.61095 0.016 28.0 17.0
-0.29393777 14.390992 0.1697050516 28.0 17.0
-0.29393777 14.390992 0.1697050517 27.0 18.0
-0.58787555 15.171034 0.339410117 27.0 18.0
-0.58787555 15.171034 0.339410118 26.0 19.0
-0.8818133 15.951076 0.5091151618 26.0 19.0
-0.8818133 15.951076 0.5091151619 25.0 20.0
-1.1757511 16.731117 0.678820219 25.0 20.0
-1.1757511 16.731117 0.678820220 24.0 21.0
-1.4696889 17.511158 0.848525220 24.0 21.0
-1.4696889 17.511158 0.848525221 23.0 22.0
-1.7636267 18.291199 1.018230321 23.0 22.0
-1.7636267 18.291199 1.018230322 22.0 23.0
-2.0575645 19.07124 1.187935422 22.0 23.0
-2.0575645 19.07124 1.187935423 21.0 24.0
-2.3515022 19.85128 1.357640423 21.0 24.0
-2.3515022 19.85128 1.357640424 12.0 25.0
-2.8905592 20.431126 1.668865124 12.0 25.0
-2.8905592 20.431126 1.668865125 11.0 26.0
-3.429616 21.010971 1.980089825 11.0 26.0
-3.429616 21.010971 1.980089826 10.0 27.0
-3.9686728 21.590816 2.291314426 10.0 27.0
-3.9686728 21.590816 2.291314427 9.0 28.0
-4.5077295 22.170662 2.60253927 9.0 28.0
-4.5077295 22.170662 2.60253928 4.0 29.0
-4.801667 22.950703 2.772244228 4.0 29.0
-4.801667 22.950703 2.772244229 3.0 30.0
-5.095605 23.730743 2.941949429 3.0 30.0
-5.095605 23.730743 2.941949430 0.0 31.0
-5.095605 24.581429 2.941949430 0.0 31.0
-5.095605 24.581429 2.941949431 0.0 32.0
-5.095605 25.432114 2.941949431 0.0 32.0
-5.095605 23.730743 2.941949432 2.0 31.0
-5.435015 24.510784 2.941949432 2.0 31.0
-5.435015 24.510784 2.941949433 1.0 32.0
-5.7744255 25.290825 2.941949433 1.0 32.0
-5.7744255 25.290825 2.941949434 0.0 33.0
-5.7744255 26.14151 2.941949434 0.0 33.0
-5.7744255 26.14151 2.941949435 0.0 34.0
-5.7744255 26.992195 2.941949435 0.0 34.0
-5.7744255 25.290825 2.941949436 0.0 33.0
-6.396875 25.87067 2.941949436 0.0 33.0
-6.396875 25.87067 2.941949437 0.0 34.0
-7.0193243 26.450516 2.941949437 0.0 34.0
-4.5077295 22.170662 2.60253938 8.0 29.0
-5.130179 22.750507 2.60253938 8.0 29.0
-5.130179 22.750507 2.60253939 7.0 30.0
-5.7526283 23.330353 2.60253939 7.0 30.0
-5.7526283 23.330353 2.60253940 6.0 31.0
-6.3750777 23.910198 2.60253940 6.0 31.0
-6.3750777 23.910198 2.60253941 5.0 32.0
-6.997527 24.490044 2.60253941 5.0 32.0
-6.997527 24.490044 2.60253942 4.0 33.0
-7.291465 25.270084 2.772244242 4.0 33.0
-7.291465 25.270084 2.772244243 3.0 34.0
-7.5854025 26.050125 2.941949443 3.0 34.0
-7.5854025 26.050125 2.941949444 0.0 35.0
-7.5854025 26.90081 2.941949444 0.0 35.0
-7.5854025 26.90081 2.941949445 0.0 36.0
-7.5854025 27.751495 2.941949445 0.0 36.0
-7.5854025 26.050125 2.941949446 2.0 35.0
-7.924813 26.830166 2.941949446 2.0 35.0
-7.924813 26.830166 2.941949447 1.0 36.0
-8.264223 27.610207 2.941949447 1.0 36.0
-8.264223 27.610207 2.941949448 0.0 37.0
-8.264223 28.460892 2.941949448 0.0 37.0
-8.264223 28.460892 2.941949449 0.0 38.0
-8.264223 29.311577 2.941949449 0.0 38.0
-8.264223 27.610207 2.941949450 0.0 37.0
-8.886672 28.190052 2.941949450 0.0 37.0
-8.886672 28.190052 2.941949451 0.0 38.0
-9.509121 28.769897 2.941949451 0.0 38.0
-6.997527 24.490044 2.60253952 4.0 33.0
-7.7996364 24.77339 2.60253952 4.0 33.0
-7.7996364 24.77339 2.60253953 3.0 34.0
-8.601746 25.056736 2.60253953 3.0 34.0
-8.601746 25.056736 2.60253954 0.0 35.0
-9.140802 25.636581 2.913763854 0.0 35.0
-9.140802 25.636581 2.913763855 0.0 36.0
-9.763251 26.216427 2.913763855 0.0 36.0
-8.601746 25.056736 2.60253956 2.0 35.0
-9.403854 25.340082 2.60253956 2.0 35.0
-9.403854 25.340082 2.60253957 1.0 36.0
-10.205963 25.623428 2.60253957 1.0 36.0
-10.205963 25.623428 2.60253958 0.0 37.0
-10.74502 26.203274 2.913763858 0.0 37.0
-10.74502 26.203274 2.913763859 0.0 38.0
-11.367469 26.78312 2.913763859 0.0 38.0
-10.205963 25.623428 2.60253960 0.0 37.0
-11.054514 25.563215 2.60253960 0.0 37.0
-11.054514 25.563215 2.60253961 0.0 38.0
-11.903065 25.503002 2.60253961 0.0 38.0
-2.3515022 19.85128 1.357640462 20.0 25.0
-2.6909122 20.63132 1.357640462 20.0 25.0
-2.6909122 20.63132 1.357640463 19.0 26.0
-3.0303223 21.411362 1.357640463 19.0 26.0
-3.0303223 21.411362 1.357640464 18.0 27.0
-3.3697324 22.191402 1.357640464 18.0 27.0
-3.3697324 22.191402 1.357640465 17.0 28.0
-3.7091424 22.971443 1.357640465 17.0 28.0
-3.7091424 22.971443 1.357640466 16.0 29.0
-4.0485525 23.751484 1.357640466 16.0 29.0
-4.0485525 23.751484 1.357640467 15.0 30.0
-4.387963 24.531525 1.357640467 15.0 30.0
-4.387963 24.531525 1.357640468 14.0 31.0
-4.727373 25.311565 1.357640468 14.0 31.0
-4.727373 25.311565 1.357640469 13.0 32.0
-5.0667834 26.091606 1.357640469 13.0 32.0
-5.0667834 26.091606 1.357640470 12.0 33.0
-5.0667834 26.942291 1.357640470 12.0 33.0
-5.0667834 26.942291 1.357640471 11.0 34.0
-5.0667834 27.792976 1.357640471 11.0 34.0
-5.0667834 27.792976 1.357640472 10.0 35.0
-5.0667834 28.643661 1.357640472 10.0 35.0
-5.0667834 28.643661 1.357640473 9.0 36.0
-5.0667834 29.494347 1.357640473 9.0 36.0
-5.0667834 29.494347 1.357640474 4.0 37.0
-4.7728457 30.274387 1.187935474 4.0 37.0
-4.7728457 30.274387 1.187935475 3.0 38.0
-4.478908 31.054428 1.018230375 3.0 38.0
-4.478908 31.054428 1.018230376 0.0 39.0
-3.9398513 31.634274 0.707005676 0.0 39.0
-3.9398513 31.634274 0.707005677 0.0 40.0
-3.317402 32.21412 0.707005677 0.0 40.0
-4.478908 31.054428 1.018230378 2.0 39.0
-4.1394978 31.834469 1.018230378 2.0 39.0
-4.1394978 31.834469 1.018230379 1.0 40.0
-3.8000877 32.61451 1.018230379 1.0 40.0
-3.8000877 32.61451 1.018230380 0.0 41.0
-3.2610307 33.194355 0.707005680 0.0 41.0
-3.2610307 33.194355 0.707005681 0.0 42.0
-2.6385813 33.7742 0.707005681 0.0 42.0
-3.8000877 32.61451 1.018230382 0.0 41.0
-3.8000877 33.465195 1.018230382 0.0 41.0
-3.8000877 33.465195 1.018230383 0.0 42.0
-3.8000877 34.31588 1.018230383 0.0 42.0
-5.0667834 29.494347 1.357640484 8.0 37.0
-5.0667834 30.345032 1.357640484 8.0 37.0
-5.0667834 30.345032 1.357640485 7.0 38.0
-5.0667834 31.195717 1.357640485 7.0 38.0
-5.0667834 31.195717 1.357640486 6.0 39.0
-5.0667834 32.046402 1.357640486 6.0 39.0
-5.0667834 32.046402 1.357640487 5.0 40.0
-5.0667834 32.897087 1.357640487 5.0 40.0
-5.0667834 32.897087 1.357640488 4.0 41.0
-4.7728457 33.677128 1.187935488 4.0 41.0
-4.7728457 33.677128 1.187935489 3.0 42.0
-4.478908 34.45717 1.018230389 3.0 42.0
-4.478908 34.45717 1.018230390 0.0 43.0
-3.9398513 35.037014 0.707005690 0.0 43.0
-3.9398513 35.037014 0.707005691 0.0 44.0
-3.317402 35.61686 0.707005691 0.0 44.0
-4.478908 34.45717 1.018230392 2.0 43.0
-4.1394978 35.23721 1.018230392 2.0 43.0
-4.1394978 35.23721 1.018230393 1.0 44.0
-3.8000877 36.01725 1.018230393 1.0 44.0
-3.8000877 36.01725 1.018230394 0.0 45.0
-3.2610307 36.597095 0.707005694 0.0 45.0
-3.2610307 36.597095 0.707005695 0.0 46.0
-2.6385813 37.17694 0.707005695 0.0 46.0
-3.8000877 36.01725 1.018230396 0.0 45.0
-3.8000877 36.867935 1.018230396 0.0 45.0
-3.8000877 36.867935 1.018230397 0.0 46.0
-3.8000877 37.71862 1.018230397 0.0 46.0
-5.0667834 32.897087 1.357640498 4.0 41.0
-5.4061937 33.677128 1.357640498 4.0 41.0
-5.4061937 33.677128 1.357640499 3.0 42.0
-5.745604 34.45717 1.357640499 3.0 42.0
-5.745604 34.45717 1.3576404100 0.0 43.0
-5.745604 35.307854 1.3576404100 0.0 43.0
-5.745604 35.307854 1.3576404101 0.0 44.0
-5.745604 36.15854 1.3576404101 0.0 44.0
-5.745604 34.45717 1.3576404102 2.0 43.0
-6.0850143 35.23721 1.3576404102 2.0 43.0
-6.0850143 35.23721 1.3576404103 1.0 44.0
-6.4244246 36.01725 1.3576404103 1.0 44.0
-6.4244246 36.01725 1.3576404104 0.0 45.0
-6.4244246 36.867935 1.3576404104 0.0 45.0
-6.4244246 36.867935 1.3576404105 0.0 46.0
-6.4244246 37.71862 1.3576404105 0.0 46.0
-6.4244246 36.01725 1.3576404106 0.0 45.0
-7.046874 36.597095 1.3576404106 0.0 45.0
-7.046874 36.597095 1.3576404107 0.0 46.0
-7.6693234 37.17694 1.3576404107 0.0 46.0
-5.0667834 26.091606 1.3576404108 12.0 33.0
-5.689233 26.671452 1.3576404108 12.0 33.0
-5.689233 26.671452 1.3576404109 11.0 34.0
-6.311682 27.251297 1.3576404109 11.0 34.0
-6.311682 27.251297 1.3576404110 10.0 35.0
-6.9341316 27.831142 1.3576404110 10.0 35.0
-6.9341316 27.831142 1.3576404111 9.0 36.0
-7.556581 28.410988 1.3576404111 9.0 36.0
-7.556581 28.410988 1.3576404112 4.0 37.0
-7.8505187 29.191029 1.5273454112 4.0 37.0
-7.8505187 29.191029 1.5273454113 3.0 38.0
-8.144457 29.97107 1.6970505113 3.0 38.0
-8.144457 29.97107 1.6970505114 0.0 39.0
-8.144457 30.821754 1.6970505114 0.0 39.0
-8.144457 30.821754 1.6970505115 0.0 40.0
-8.144457 31.67244 1.6970505115 0.0 40.0
-8.144457 29.97107 1.6970505116 2.0 39.0
-8.483867 30.75111 1.6970505116 2.0 39.0
-8.483867 30.75111 1.6970505117 1.0 40.0
-8.8232765 31.53115 1.6970505117 1.0 40.0
-8.8232765 31.53115 1.6970505118 0.0 41.0
-8.8232765 32.381836 1.6970505118 0.0 41.0
-8.8232765 32.381836 1.6970505119 0.0 42.0
-8.8232765 33.23252 1.6970505119 0.0 42.0
-8.8232765 31.53115 1.6970505120 0.0 41.0
-9.445725 32.110996 1.6970505120 0.0 41.0
-9.445725 32.110996 1.6970505121 0.0 42.0
-10.068174 32.69084 1.6970505121 0.0 42.0
-7.556581 28.410988 1.3576404122 8.0 37.0
-8.17903 28.990833 1.3576404122 8.0 37.0
-8.17903 28.990833 1.3576404123 7.0 38.0
-8.801479 29.570679 1.3576404123 7.0 38.0
-8.801479 29.570679 1.3576404124 6.0 39.0
-9.423928 30.150524 1.3576404124 6.0 39.0
-9.423928 30.150524 1.3576404125 5.0 40.0
-10.046377 30.73037 1.3576404125 5.0 40.0
-10.046377 30.73037 1.3576404126 4.0 41.0
-10.340315 31.51041 1.5273454126 4.0 41.0
-10.340315 31.51041 1.5273454127 3.0 42.0
-10.634253 32.29045 1.6970505127 3.0 42.0
-10.634253 32.29045 1.6970505128 0.0 43.0
-10.634253 33.141136 1.6970505128 0.0 43.0
-10.634253 33.141136 1.6970505129 0.0 44.0
-10.634253 33.99182 1.6970505129 0.0 44.0
-10.634253 32.29045 1.6970505130 2.0 43.0
-10.973662 33.07049 1.6970505130 2.0 43.0
-10.973662 33.07049 1.6970505131 1.0 44.0
-11.313072 33.850533 1.6970505131 1.0 44.0
-11.313072 33.850533 1.6970505132 0.0 45.0
-11.313072 34.701218 1.6970505132 0.0 45.0
-11.313072 34.701218 1.6970505133 0.0 46.0
-11.313072 35.551903 1.6970505133 0.0 46.0
-11.313072 33.850533 1.6970505134 0.0 45.0
-11.935521 34.430378 1.6970505134 0.0 45.0
-11.935521 34.430378 1.6970505135 0.0 46.0
-12.55797 35.010223 1.6970505135 0.0 46.0
-10.046377 30.73037 1.3576404136 4.0 41.0
-10.848486 31.013716 1.3576404136 4.0 41.0
-10.848486 31.013716 1.3576404137 3.0 42.0
-11.650595 31.297062 1.3576404137 3.0 42.0
-11.650595 31.297062 1.3576404138 0.0 43.0
-12.1896515 31.876907 1.668865138 0.0 43.0
-12.1896515 31.876907 1.668865139 0.0 44.0
-12.8121 32.456753 1.668865139 0.0 44.0
-11.650595 31.297062 1.3576404140 2.0 43.0
-12.452703 31.580408 1.3576404140 2.0 43.0
-12.452703 31.580408 1.3576404141 1.0 44.0
-13.254812 31.863754 1.3576404141 1.0 44.0
-13.254812 31.863754 1.3576404142 0.0 45.0
-13.793869 32.4436 1.668865142 0.0 45.0
-13.793869 32.4436 1.668865143 0.0 46.0
-14.416318 33.023445 1.668865143 0.0 46.0
-13.254812 31.863754 1.3576404144 0.0 45.0
-14.103363 31.803541 1.3576404144 0.0 45.0
-14.103363 31.803541 1.3576404145 0.0 46.0
-14.951914 31.743328 1.3576404145 0.0 46.0
0.0 13.61095 0.0146 44.0 17.0
0.0 14.461635 0.0146 44.0 17.0
0.0 14.461635 0.0147 43.0 18.0
0.0 15.312319 0.0147 43.0 18.0
0.0 15.312319 0.0148 42.0 19.0
0.0 16.163004 0.0148 42.0 19.0
0.0 16.163004 0.0149 41.0 20.0
0.0 17.013689 0.0149 41.0 20.0
0.0 17.013689 0.0150 40.0 21.0
0.0 17.864374 0.0150 40.0 21.0
0.0 17.864374 0.0151 39.0 22.0
0.0 18.71506 0.0151 39.0 22.0
0.0 18.71506 0.0152 38.0 23.0
0.0 19.565744 0.0152 38.0 23.0
0.0 19.565744 0.0153 37.0 24.0
0.0 20.41643 0.0153 37.0 24.0
0.0 20.41643 0.0154 36.0 25.0
0.0 21.267115 0.0154 36.0 25.0
0.0 21.267115 0.0155 35.0 26.0
0.0 22.1178 0.0155 35.0 26.0
0.0 22.1178 0.0156 34.0 27.0
0.0 22.968485 0.0156 34.0 27.0
0.0 22.968485 0.0157 33.0 28.0
0.0 23.81917 0.0157 33.0 28.0
0.0 23.81917 0.0158 32.0 29.0
0.0 24.669855 0.0158 32.0 29.0
0.0 24.669855 0.0159 31.0 30.0
0.0 25.52054 0.0159 31.0 30.0
0.0 25.52054 0.0160 30.0 31.0
0.0 26.371225 0.0160 30.0 31.0
0.0 26.371225 0.0161 29.0 32.0
0.0 27.22191 0.0161 29.0 32.0
0.0 27.22191 0.0162 28.0 33.0
0.29393777 28.001951 -0.16970505162 28.0 33.0
0.29393777 28.001951 -0.16970505163 27.0 34.0
0.58787555 28.781992 -0.3394101163 27.0 34.0
0.58787555 28.781992 -0.3394101164 26.0 35.0
0.8818133 29.562033 -0.50911516164 26.0 35.0
0.8818133 29.562033 -0.50911516165 25.0 36.0
1.1757511 30.342073 -0.6788202165 25.0 36.0
1.1757511 30.342073 -0.6788202166 24.0 37.0
1.4696889 31.122114 -0.8485252166 24.0 37.0
1.4696889 31.122114 -0.8485252167 23.0 38.0
1.7636267 31.902155 -1.0182303167 23.0 38.0
1.7636267 31.902155 -1.0182303168 22.0 39.0
2.0575645 32.682198 -1.1879354168 22.0 39.0
2.0575645 32.682198 -1.1879354169 21.0 40.0
2.3515022 33.46224 -1.3576404169 21.0 40.0
2.3515022 33.46224 -1.3576404170 12.0 41.0
2.3515022 34.312923 -1.3576404170 12.0 41.0
2.3515022 34.312923 -1.3576404171 11.0 42.0
2.3515022 35.16361 -1.3576404171 11.0 42.0
2.3515022 35.16361 -1.3576404172 10.0 43.0
2.3515022 36.014294 -1.3576404172 10.0 43.0
2.3515022 36.014294 -1.3576404173 9.0 44.0
2.3515022 36.86498 -1.3576404173 9.0 44.0
2.3515022 36.86498 -1.3576404174 4.0 45.0
2.6454399 37.64502 -1.5273454174 4.0 45.0
2.6454399 37.64502 -1.5273454175 3.0 46.0
2.9393775 38.42506 -1.6970505175 3.0 46.0
2.9393775 38.42506 -1.6970505176 0.0 47.0
3.4784346 39.004906 -2.008275176 0.0 47.0
3.4784346 39.004906 -2.008275177 0.0 48.0
4.100884 39.58475 -2.008275177 0.0 48.0
2.9393775 38.42506 -1.6970505178 2.0 47.0
3.2787876 39.2051 -1.6970505178 2.0 47.0
3.2787876 39.2051 -1.6970505179 1.0 48.0
3.6181977 39.98514 -1.6970505179 1.0 48.0
3.6181977 39.98514 -1.6970505180 0.0 49.0
4.1572547 40.564987 -2.008275180 0.0 49.0
4.1572547 40.564987 -2.008275181 0.0 50.0
4.779704 41.144833 -2.008275181 0.0 50.0
3.6181977 39.98514 -1.6970505182 0.0 49.0
3.6181977 40.835827 -1.6970505182 0.0 49.0
3.6181977 40.835827 -1.6970505183 0.0 50.0
3.6181977 41.686512 -1.6970505183 0.0 50.0
2.3515022 36.86498 -1.3576404184 8.0 45.0
2.3515022 37.715664 -1.3576404184 8.0 45.0
2.3515022 37.715664 -1.3576404185 7.0 46.0
2.3515022 38.56635 -1.3576404185 7.0 46.0
2.3515022 38.56635 -1.3576404186 6.0 47.0
2.3515022 39.417034 -1.3576404186 6.0 47.0
2.3515022 39.417034 -1.3576404187 5.0 48.0
2.3515022 40.26772 -1.3576404187 5.0 48.0
2.3515022 40.26772 -1.3576404188 4.0 49.0
2.6454399 41.04776 -1.5273454188 4.0 49.0
2.6454399 41.04776 -1.5273454189 3.0 50.0
2.9393775 41.8278 -1.6970505189 3.0 50.0
2.9393775 41.8278 -1.6970505190 0.0 51.0
3.4784346 42.407646 -2.008275190 0.0 51.0
3.4784346 42.407646 -2.008275191 0.0 52.0
4.100884 42.98749 -2.008275191 0.0 52.0
2.9393775 41.8278 -1.6970505192 2.0 51.0
3.2787876 42.60784 -1.6970505192 2.0 51.0
3.2787876 42.60784 -1.6970505193 1.0 52.0
3.6181977 43.387882 -1.6970505193 1.0 52.0
3.6181977 43.387882 -1.6970505194 0.0 53.0
4.1572547 43.967728 -2.008275194 0.0 53.0
4.1572547 43.967728 -2.008275195 0.0 54.0
4.779704 44.547573 -2.008275195 0.0 54.0
3.6181977 43.387882 -1.6970505196 0.0 53.0
3.6181977 44.238567 -1.6970505196 0.0 53.0
3.6181977 44.238567 -1.6970505197 0.0 54.0
3.6181977 45.089252 -1.6970505197 0.0 54.0
2.3515022 40.26772 -1.3576404198 4.0 49.0
2.012092 41.04776 -1.3576404198 4.0 49.0
2.012092 41.04776 -1.3576404199 3.0 50.0
1.672682 41.8278 -1.3576404199 3.0 50.0
1.672682 41.8278 -1.3576404200 0.0 51.0
1.672682 42.678486 -1.3576404200 0.0 51.0
1.672682 42.678486 -1.3576404201 0.0 52.0
1.672682 43.52917 -1.3576404201 0.0 52.0
1.672682 41.8278 -1.3576404202 2.0 51.0
1.333272 42.60784 -1.3576404202 2.0 51.0
1.333272 42.60784 -1.3576404203 1.0 52.0
0.9938619 43.387882 -1.3576404203 1.0 52.0
0.9938619 43.387882 -1.3576404204 0.0 53.0
0.9938619 44.238567 -1.3576404204 0.0 53.0
0.9938619 44.238567 -1.3576404205 0.0 54.0
0.9938619 45.089252 -1.3576404205 0.0 54.0
0.9938619 43.387882 -1.3576404206 0.0 53.0
0.37141258 43.967728 -1.3576404206 0.0 53.0
0.37141258 43.967728 -1.3576404207 0.0 54.0
-0.25103676 44.547573 -1.3576404207 0.0 54.0
2.3515022 33.46224 -1.3576404208 20.0 41.0
2.6909122 34.24228 -1.3576404208 20.0 41.0
2.6909122 34.24228 -1.3576404209 19.0 42.0
3.0303223 35.02232 -1.3576404209 19.0 42.0
3.0303223 35.02232 -1.3576404210 18.0 43.0
3.3697324 35.80236 -1.3576404210 18.0 43.0
3.3697324 35.80236 -1.3576404211 17.0 44.0
3.7091424 36.5824 -1.3576404211 17.0 44.0
3.7091424 36.5824 -1.3576404212 16.0 45.0
4.0485525 37.362442 -1.3576404212 16.0 45.0
4.0485525 37.362442 -1.3576404213 15.0 46.0
4.387963 38.142483 -1.3576404213 15.0 46.0
4.387963 38.142483 -1.3576404214 14.0 47.0
4.727373 38.922523 -1.3576404214 14.0 47.0
4.727373 38.922523 -1.3576404215 13.0 48.0
5.0667834 39.702564 -1.3576404215 13.0 48.0
5.0667834 39.702564 -1.3576404216 12.0 49.0
5.60584 40.28241 -1.6688651216 12.0 49.0
5.60584 40.28241 -1.6688651217 11.0 50.0
6.144897 40.862255 -1.9800898217 11.0 50.0
6.144897 40.862255 -1.9800898218 10.0 51.0
6.683954 41.4421 -2.2913144218 10.0 51.0
6.683954 41.4421 -2.2913144219 9.0 52.0
7.2230105 42.021946 -2.602539219 9.0 52.0
7.2230105 42.021946 -2.602539220 4.0 53.0
7.9176574 42.305294 -3.0035937220 4.0 53.0
7.9176574 42.305294 -3.0035937221 3.0 54.0
8.612305 42.588642 -3.4046483221 3.0 54.0
8.612305 42.588642 -3.4046483222 0.0 55.0
9.347172 42.52843 -3.8289237222 0.0 55.0
9.347172 42.52843 -3.8289237223 0.0 56.0
10.195723 42.46822 -3.8289237223 0.0 56.0
8.612305 42.588642 -3.4046483224 2.0 55.0
9.414413 42.87199 -3.4046483224 2.0 55.0
9.414413 42.87199 -3.4046483225 1.0 56.0
10.216522 43.15534 -3.4046483225 1.0 56.0
10.216522 43.15534 -3.4046483226 0.0 57.0
10.951389 43.095127 -3.8289237226 0.0 57.0
10.951389 43.095127 -3.8289237227 0.0 58.0
11.79994 43.034916 -3.8289237227 0.0 58.0
10.216522 43.15534 -3.4046483228 0.0 57.0
10.838971 43.735184 -3.4046483228 0.0 57.0
10.838971 43.735184 -3.4046483229 0.0 58.0
11.46142 44.31503 -3.4046483229 0.0 58.0
7.2230105 42.021946 -2.602539230 8.0 53.0
7.84546 42.60179 -2.602539230 8.0 53.0
7.84546 42.60179 -2.602539231 7.0 54.0
8.467909 43.181637 -2.602539231 7.0 54.0
8.467909 43.181637 -2.602539232 6.0 55.0
9.090358 43.761482 -2.602539232 6.0 55.0
9.090358 43.761482 -2.602539233 5.0 56.0
9.712807 44.341328 -2.602539233 5.0 56.0
9.712807 44.341328 -2.602539234 4.0 57.0
10.407454 44.624676 -3.0035937234 4.0 57.0
10.407454 44.624676 -3.0035937235 3.0 58.0
11.1021 44.908024 -3.4046483235 3.0 58.0
11.1021 44.908024 -3.4046483236 0.0 59.0
11.836967 44.847813 -3.8289237236 0.0 59.0
11.836967 44.847813 -3.8289237237 0.0 60.0
12.685518 44.7876 -3.8289237237 0.0 60.0
11.1021 44.908024 -3.4046483238 2.0 59.0
11.904209 45.191372 -3.4046483238 2.0 59.0
11.904209 45.191372 -3.4046483239 1.0 60.0
12.706318 45.47472 -3.4046483239 1.0 60.0
12.706318 45.47472 -3.4046483240 0.0 61.0
13.441185 45.41451 -3.8289237240 0.0 61.0
13.441185 45.41451 -3.8289237241 0.0 62.0
14.289736 45.354298 -3.8289237241 0.0 62.0
12.706318 45.47472 -3.4046483242 0.0 61.0
13.328767 46.054565 -3.4046483242 0.0 61.0
13.328767 46.054565 -3.4046483243 0.0 62.0
13.951216 46.63441 -3.4046483243 0.0 62.0
9.712807 44.341328 -2.602539244 4.0 57.0
10.052217 45.12137 -2.602539244 4.0 57.0
10.052217 45.12137 -2.602539245 3.0 58.0
10.391626 45.90141 -2.602539245 3.0 58.0
10.391626 45.90141 -2.602539246 0.0 59.0
10.930683 46.481255 -2.9137638246 0.0 59.0
10.930683 46.481255 -2.9137638247 0.0 60.0
11.553132 47.0611 -2.9137638247 0.0 60.0
10.391626 45.90141 -2.602539248 2.0 59.0
10.731036 46.68145 -2.602539248 2.0 59.0
10.731036 46.68145 -2.602539249 1.0 60.0
11.070446 47.46149 -2.602539249 1.0 60.0
11.070446 47.46149 -2.602539250 0.0 61.0
11.609503 48.041336 -2.9137638250 0.0 61.0
11.609503 48.041336 -2.9137638251 0.0 62.0
12.231952 48.62118 -2.9137638251 0.0 62.0
11.070446 47.46149 -2.602539252 0.0 61.0
11.070446 48.312176 -2.602539252 0.0 61.0
11.070446 48.312176 -2.602539253 0.0 62.0
11.070446 49.16286 -2.602539253 0.0 62.0
5.0667834 39.702564 -1.3576404254 12.0 49.0
5.0667834 40.55325 -1.3576404254 12.0 49.0
5.0667834 40.55325 -1.3576404255 11.0 50.0
5.0667834 41.403934 -1.3576404255 11.0 50.0
5.0667834 41.403934 -1.3576404256 10.0 51.0
5.0667834 42.25462 -1.3576404256 10.0 51.0
5.0667834 42.25462 -1.3576404257 9.0 52.0
5.0667834 43.105305 -1.3576404257 9.0 52.0
5.0667834 43.105305 -1.3576404258 4.0 53.0
5.360721 43.885345 -1.5273454258 4.0 53.0
5.360721 43.885345 -1.5273454259 3.0 54.0
5.654659 44.665386 -1.6970505259 3.0 54.0
5.654659 44.665386 -1.6970505260 0.0 55.0
6.1937156 45.24523 -2.008275260 0.0 55.0
6.1937156 45.24523 -2.008275261 0.0 56.0
6.816165 45.825077 -2.008275261 0.0 56.0
5.654659 44.665386 -1.6970505262 2.0 55.0
5.994069 45.445427 -1.6970505262 2.0 55.0
5.994069 45.445427 -1.6970505263 1.0 56.0
6.3334794 46.225468 -1.6970505263 1.0 56.0
6.3334794 46.225468 -1.6970505264 0.0 57.0
6.872536 46.805313 -2.008275264 0.0 57.0
6.872536 46.805313 -2.008275265 0.0 58.0
7.4949856 47.38516 -2.008275265 0.0 58.0
6.3334794 46.225468 -1.6970505266 0.0 57.0
6.3334794 47.076153 -1.6970505266 0.0 57.0
6.3334794 47.076153 -1.6970505267 0.0 58.0
6.3334794 47.926838 -1.6970505267 0.0 58.0
5.0667834 43.105305 -1.3576404268 8.0 53.0
5.0667834 43.95599 -1.3576404268 8.0 53.0
5.0667834 43.95599 -1.3576404269 7.0 54.0
5.0667834 44.806675 -1.3576404269 7.0 54.0
5.0667834 44.806675 -1.3576404270 6.0 55.0
5.0667834 45.65736 -1.3576404270 6.0 55.0
5.0667834 45.65736 -1.3576404271 5.0 56.0
5.0667834 46.508045 -1.3576404271 5.0 56.0
5.0667834 46.508045 -1.3576404272 4.0 57.0
5.360721 47.288086 -1.5273454272 4.0 57.0
5.360721 47.288086 -1.5273454273 3.0 58.0
5.654659 48.068127 -1.6970505273 3.0 58.0
5.654659 48.068127 -1.6970505274 0.0 59.0
6.1937156 48.647972 -2.008275274 0.0 59.0
6.1937156 48.647972 -2.008275275 0.0 60.0
6.816165 49.227818 -2.008275275 0.0 60.0
5.654659 48.068127 -1.6970505276 2.0 59.0
5.994069 48.848167 -1.6970505276 2.0 59.0
5.994069 48.848167 -1.6970505277 1.0 60.0
6.3334794 49.62821 -1.6970505277 1.0 60.0
6.3334794 49.62821 -1.6970505278 0.0 61.0
6.872536 50.208054 -2.008275278 0.0 61.0
6.872536 50.208054 -2.008275279 0.0 62.0
7.4949856 50.7879 -2.008275279 0.0 62.0
6.3334794 49.62821 -1.6970505280 0.0 61.0
6.3334794 50.478893 -1.6970505280 0.0 61.0
6.3334794 50.478893 -1.6970505281 0.0 62.0
6.3334794 51.32958 -1.6970505281 0.0 62.0
5.0667834 46.508045 -1.3576404282 4.0 57.0
4.727373 47.288086 -1.3576404282 4.0 57.0
4.727373 47.288086 -1.3576404283 3.0 58.0
4.387963 48.068127 -1.3576404283 3.0 58.0
4.387963 48.068127 -1.3576404284 0.0 59.0
4.387963 48.91881 -1.3576404284 0.0 59.0
4.387963 48.91881 -1.3576404285 0.0 60.0
4.387963 49.769497 -1.3576404285 0.0 60.0
4.387963 48.068127 -1.3576404286 2.0 59.0
4.0485525 48.848167 -1.3576404286 2.0 59.0
4.0485525 48.848167 -1.3576404287 1.0 60.0
3.7091424 49.62821 -1.3576404287 1.0 60.0
3.7091424 49.62821 -1.3576404288 0.0 61.0
3.7091424 50.478893 -1.3576404288 0.0 61.0
3.7091424 50.478893 -1.3576404289 0.0 62.0
3.7091424 51.32958 -1.3576404289 0.0 62.0
3.7091424 49.62821 -1.3576404290 0.0 61.0
3.086693 50.208054 -1.3576404290 0.0 61.0
3.086693 50.208054 -1.3576404291 0.0 62.0
2.4642437 50.7879 -1.3576404291 0.0 62.0
0.0 27.22191 0.0292 28.0 33.0
-0.3394101 28.001951 0.0292 28.0 33.0
-0.3394101 28.001951 0.0293 27.0 34.0
-0.6788202 28.781992 0.0293 27.0 34.0
-0.6788202 28.781992 0.0294 26.0 35.0
-1.0182303 29.562033 0.0294 26.0 35.0
-1.0182303 29.562033 0.0295 25.0 36.0
-1.3576404 30.342073 0.0295 25.0 36.0
-1.3576404 30.342073 0.0296 24.0 37.0
-1.6970505 31.122114 0.0296 24.0 37.0
-1.6970505 31.122114 0.0297 23.0 38.0
-2.0364606 31.902155 0.0297 23.0 38.0
-2.0364606 31.902155 0.0298 22.0 39.0
-2.3758707 32.682198 0.0298 22.0 39.0
-2.3758707 32.682198 0.0299 21.0 40.0
-2.7152808 33.46224 0.0299 21.0 40.0
-2.7152808 33.46224 0.0300 12.0 41.0
-3.2543378 34.042084 0.31122467300 12.0 41.0
-3.2543378 34.042084 0.31122467301 11.0 42.0
-3.7933946 34.62193 0.62244934301 11.0 42.0
-3.7933946 34.62193 0.62244934302 10.0 43.0
-4.3324513 35.201775 0.933674302 10.0 43.0
-4.3324513 35.201775 0.933674303 9.0 44.0
-4.871508 35.78162 1.2448987303 9.0 44.0
-4.871508 35.78162 1.2448987304 4.0 45.0
-5.165446 36.56166 1.4146037304 4.0 45.0
-5.165446 36.56166 1.4146037305 3.0 46.0
-5.4593835 37.3417 1.5843087305 3.0 46.0
-5.4593835 37.3417 1.5843087306 0.0 47.0
-5.4593835 38.192387 1.5843087306 0.0 47.0
-5.4593835 38.192387 1.5843087307 0.0 48.0
-5.4593835 39.04307 1.5843087307 0.0 48.0
-5.4593835 37.3417 1.5843087308 2.0 47.0
-5.798794 38.121742 1.5843087308 2.0 47.0
-5.798794 38.121742 1.5843087309 1.0 48.0
-6.138204 38.901783 1.5843087309 1.0 48.0
-6.138204 38.901783 1.5843087310 0.0 49.0
-6.138204 39.75247 1.5843087310 0.0 49.0
-6.138204 39.75247 1.5843087311 0.0 50.0
-6.138204 40.603153 1.5843087311 0.0 50.0
-6.138204 38.901783 1.5843087312 0.0 49.0
-6.7606535 39.48163 1.5843087312 0.0 49.0
-6.7606535 39.48163 1.5843087313 0.0 50.0
-7.383103 40.061474 1.5843087313 0.0 50.0
-4.871508 35.78162 1.2448987314 8.0 45.0
-5.4939575 36.361465 1.2448987314 8.0 45.0
-5.4939575 36.361465 1.2448987315 7.0 46.0
-6.116407 36.94131 1.2448987315 7.0 46.0
-6.116407 36.94131 1.2448987316 6.0 47.0
-6.7388563 37.521156 1.2448987316 6.0 47.0
-6.7388563 37.521156 1.2448987317 5.0 48.0
-7.3613057 38.101 1.2448987317 5.0 48.0
-7.3613057 38.101 1.2448987318 4.0 49.0
-7.6552434 38.881042 1.4146037318 4.0 49.0
-7.6552434 38.881042 1.4146037319 3.0 50.0
-7.949181 39.661083 1.5843087319 3.0 50.0
-7.949181 39.661083 1.5843087320 0.0 51.0
-7.949181 40.51177 1.5843087320 0.0 51.0
-7.949181 40.51177 1.5843087321 0.0 52.0
-7.949181 41.362453 1.5843087321 0.0 52.0
-7.949181 39.661083 1.5843087322 2.0 51.0
-8.288591 40.441124 1.5843087322 2.0 51.0
-8.288591 40.441124 1.5843087323 1.0 52.0
-8.628001 41.221165 1.5843087323 1.0 52.0
-8.628001 41.221165 1.5843087324 0.0 53.0
-8.628001 42.07185 1.5843087324 0.0 53.0
-8.628001 42.07185 1.5843087325 0.0 54.0
-8.628001 42.922535 1.5843087325 0.0 54.0
-8.628001 41.221165 1.5843087326 0.0 53.0
-9.25045 41.80101 1.5843087326 0.0 53.0
-9.25045 41.80101 1.5843087327 0.0 54.0
-9.872899 42.380856 1.5843087327 0.0 54.0
-7.3613057 38.101 1.2448987328 4.0 49.0
-8.163415 38.38435 1.2448987328 4.0 49.0
-8.163415 38.38435 1.2448987329 3.0 50.0
-8.965524 38.667698 1.2448987329 3.0 50.0
-8.965524 38.667698 1.2448987330 0.0 51.0
-9.5045805 39.247543 1.5561233330 0.0 51.0
-9.5045805 39.247543 1.5561233331 0.0 52.0
-10.127029 39.82739 1.5561233331 0.0 52.0
-8.965524 38.667698 1.2448987332 2.0 51.0
-9.7676325 38.951046 1.2448987332 2.0 51.0
-9.7676325 38.951046 1.2448987333 1.0 52.0
-10.569741 39.234394 1.2448987333 1.0 52.0
-10.569741 39.234394 1.2448987334 0.0 53.0
-11.108798 39.81424 1.5561233334 0.0 53.0
-11.108798 39.81424 1.5561233335 0.0 54.0
-11.731247 40.394085 1.5561233335 0.0 54.0
-10.569741 39.234394 1.2448987336 0.0 53.0
-11.418292 39.174183 1.2448987336 0.0 53.0
-11.418292 39.174183 1.2448987337 0.0 54.0
-12.266843 39.11397 1.2448987337 0.0 54.0
-2.7152808 33.46224 0.0338 20.0 41.0
-3.0546908 34.24228 0.0338 20.0 41.0
-3.0546908 34.24228 0.0339 19.0 42.0
-3.394101 35.02232 0.0339 19.0 42.0
-3.394101 35.02232 0.0340 18.0 43.0
-3.733511 35.80236 0.0340 18.0 43.0
-3.733511 35.80236 0.0341 17.0 44.0
-4.0729213 36.5824 0.0341 17.0 44.0
-4.0729213 36.5824 0.0342 16.0 45.0
-4.4123316 37.362442 0.0342 16.0 45.0
-4.4123316 37.362442 0.0343 15.0 46.0
-4.751742 38.142483 0.0343 15.0 46.0
-4.751742 38.142483 0.0344 14.0 47.0
-5.091152 38.922523 0.0344 14.0 47.0
-5.091152 38.922523 0.0345 13.0 48.0
-5.4305625 39.702564 0.0345 13.0 48.0
-5.4305625 39.702564 0.0346 12.0 49.0
-5.4305625 40.55325 0.0346 12.0 49.0
-5.4305625 40.55325 0.0347 11.0 50.0
-5.4305625 41.403934 0.0347 11.0 50.0
-5.4305625 41.403934 0.0348 10.0 51.0
-5.4305625 42.25462 0.0348 10.0 51.0
-5.4305625 42.25462 0.0349 9.0 52.0
-5.4305625 43.105305 0.0349 9.0 52.0
-5.4305625 43.105305 0.0350 4.0 53.0
-5.136625 43.885345 -0.16970505350 4.0 53.0
-5.136625 43.885345 -0.16970505351 3.0 54.0
-4.842687 44.665386 -0.3394101351 3.0 54.0
-4.842687 44.665386 -0.3394101352 0.0 55.0
-4.3036304 45.24523 -0.65063477352 0.0 55.0
-4.3036304 45.24523 -0.65063477353 0.0 56.0
-3.681181 45.825077 -0.65063477353 0.0 56.0
-4.842687 44.665386 -0.3394101354 2.0 55.0
-4.503277 45.445427 -0.3394101354 2.0 55.0
-4.503277 45.445427 -0.3394101355 1.0 56.0
-4.1638665 46.225468 -0.3394101355 1.0 56.0
-4.1638665 46.225468 -0.3394101356 0.0 57.0
-3.6248097 46.805313 -0.65063477356 0.0 57.0
-3.6248097 46.805313 -0.65063477357 0.0 58.0
-3.0023603 47.38516 -0.65063477357 0.0 58.0
-4.1638665 46.225468 -0.3394101358 0.0 57.0
-4.1638665 47.076153 -0.3394101358 0.0 57.0
-4.1638665 47.076153 -0.3394101359 0.0 58.0
-4.1638665 47.926838 -0.3394101359 0.0 58.0
-5.4305625 43.105305 0.0360 8.0 53.0
-5.4305625 43.95599 0.0360 8.0 53.0
-5.4305625 43.95599 0.0361 7.0 54.0
-5.4305625 44.806675 0.0361 7.0 54.0
-5.4305625 44.806675 0.0362 6.0 55.0
-5.4305625 45.65736 0.0362 6.0 55.0
-5.4305625 45.65736 0.0363 5.0 56.0
-5.4305625 46.508045 0.0363 5.0 56.0
-5.4305625 46.508045 0.0364 4.0 57.0
-5.136625 47.288086 -0.16970505364 4.0 57.0
-5.136625 47.288086 -0.16970505365 3.0 58.0
-4.842687 48.068127 -0.3394101365 3.0 58.0
-4.842687 48.068127 -0.3394101366 0.0 59.0
-4.3036304 48.647972 -0.65063477366 0.0 59.0
-4.3036304 48.647972 -0.65063477367 0.0 60.0
-3.681181 49.227818 -0.65063477367 0.0 60.0
-4.842687 48.068127 -0.3394101368 2.0 59.0
-4.503277 48.848167 -0.3394101368 2.0 59.0
-4.503277 48.848167 -0.3394101369 1.0 60.0
-4.1638665 49.62821 -0.3394101369 1.0 60.0
-4.1638665 49.62821 -0.3394101370 0.0 61.0
-3.6248097 50.208054 -0.65063477370 0.0 61.0
-3.6248097 50.208054 -0.65063477371 0.0 62.0
-3.0023603 50.7879 -0.65063477371 0.0 62.0
-4.1638665 49.62821 -0.3394101372 0.0 61.0
-4.1638665 50.478893 -0.3394101372 0.0 61.0
-4.1638665 50.478893 -0.3394101373 0.0 62.0
-4.1638665 51.32958 -0.3394101373 0.0 62.0
-5.4305625 46.508045 0.0374 4.0 57.0
-5.769973 47.288086 0.0374 4.0 57.0
-5.769973 47.288086 0.0375 3.0 58.0
-6.109383 48.068127 0.0375 3.0 58.0
-6.109383 48.068127 0.0376 0.0 59.0
-6.109383 48.91881 0.0376 0.0 59.0
-6.109383 48.91881 0.0377 0.0 60.0
-6.109383 49.769497 0.0377 0.0 60.0
-6.109383 48.068127 0.0378 2.0 59.0
-6.4487934 48.848167 0.0378 2.0 59.0
-6.4487934 48.848167 0.0379 1.0 60.0
-6.7882037 49.62821 0.0379 1.0 60.0
-6.7882037 49.62821 0.0380 0.0 61.0
-6.7882037 50.478893 0.0380 0.0 61.0
-6.7882037 50.478893 0.0381 0.0 62.0
-6.7882037 51.32958 0.0381 0.0 62.0
-6.7882037 49.62821 0.0382 0.0 61.0
-7.410653 50.208054 0.0382 0.0 61.0
-7.410653 50.208054 0.0383 0.0 62.0
-8.033102 50.7879 0.0383 0.0 62.0
-5.4305625 39.702564 0.0384 12.0 49.0
-6.053012 40.28241 0.0384 12.0 49.0
-6.053012 40.28241 0.0385 11.0 50.0
-6.6754613 40.862255 0.0385 11.0 50.0
-6.6754613 40.862255 0.0386 10.0 51.0
-7.2979107 41.4421 0.0386 10.0 51.0
-7.2979107 41.4421 0.0387 9.0 52.0
-7.92036 42.021946 0.0387 9.0 52.0
-7.92036 42.021946 0.0388 4.0 53.0
-8.214298 42.801987 0.16970505388 4.0 53.0
-8.214298 42.801987 0.16970505389 3.0 54.0
-8.508236 43.582027 0.3394101389 3.0 54.0
-8.508236 43.582027 0.3394101390 0.0 55.0
-8.508236 44.432713 0.3394101390 0.0 55.0
-8.508236 44.432713 0.3394101391 0.0 56.0
-8.508236 45.283398 0.3394101391 0.0 56.0
-8.508236 43.582027 0.3394101392 2.0 55.0
-8.847646 44.36207 0.3394101392 2.0 55.0
-8.847646 44.36207 0.3394101393 1.0 56.0
-9.187056 45.14211 0.3394101393 1.0 56.0
-9.187056 45.14211 0.3394101394 0.0 57.0
-9.187056 45.992794 0.3394101394 0.0 57.0
-9.187056 45.992794 0.3394101395 0.0 58.0
-9.187056 46.84348 0.3394101395 0.0 58.0
-9.187056 45.14211 0.3394101396 0.0 57.0
-9.8095045 45.721954 0.3394101396 0.0 57.0
-9.8095045 45.721954 0.3394101397 0.0 58.0
-10.431953 46.3018 0.3394101397 0.0 58.0
-7.92036 42.021946 0.0398 8.0 53.0
-8.5428095 42.60179 0.0398 8.0 53.0
-8.5428095 42.60179 0.0399 7.0 54.0
-9.165258 43.181637 0.0399 7.0 54.0
-9.165258 43.181637 0.0400 6.0 55.0
-9.787707 43.761482 0.0400 6.0 55.0
-9.787707 43.761482 0.0401 5.0 56.0
-10.410156 44.341328 0.0401 5.0 56.0
-10.410156 44.341328 0.0402 4.0 57.0
-10.704094 45.12137 0.16970505402 4.0 57.0
-10.704094 45.12137 0.16970505403 3.0 58.0
-10.998032 45.90141 0.3394101403 3.0 58.0
-10.998032 45.90141 0.3394101404 0.0 59.0
-10.998032 46.752094 0.3394101404 0.0 59.0
-10.998032 46.752094 0.3394101405 0.0 60.0
-10.998032 47.60278 0.3394101405 0.0 60.0
-10.998032 45.90141 0.3394101406 2.0 59.0
-11.337441 46.68145 0.3394101406 2.0 59.0
-11.337441 46.68145 0.3394101407 1.0 60.0
-11.676851 47.46149 0.3394101407 1.0 60.0
-11.676851 47.46149 0.3394101408 0.0 61.0
-11.676851 48.312176 0.3394101408 0.0 61.0
-11.676851 48.312176 0.3394101409 0.0 62.0
-11.676851 49.16286 0.3394101409 0.0 62.0
-11.676851 47.46149 0.3394101410 0.0 61.0
-12.2993 48.041336 0.3394101410 0.0 61.0
-12.2993 48.041336 0.3394101411 0.0 62.0
-12.921749 48.62118 0.3394101411 0.0 62.0
-10.410156 44.341328 0.0412 4.0 57.0
-11.212265 44.624676 0.0412 4.0 57.0
-11.212265 44.624676 0.0413 3.0 58.0
-12.014374 44.908024 0.0413 3.0 58.0
-12.014374 44.908024 0.0414 0.0 59.0
-12.553431 45.48787 0.31122464414 0.0 59.0
-12.553431 45.48787 0.31122464415 0.0 60.0
-13.1758795 46.067715 0.31122464415 0.0 60.0
-12.014374 44.908024 0.0416 2.0 59.0
-12.816483 45.191372 0.0416 2.0 59.0
-12.816483 45.191372 0.0417 1.0 60.0
-13.618591 45.47472 0.0417 1.0 60.0
-13.618591 45.47472 0.0418 0.0 61.0
-14.157648 46.054565 0.31122464418 0.0 61.0
-14.157648 46.054565 0.31122464419 0.0 62.0
-14.780097 46.63441 0.31122464419 0.0 62.0
-13.618591 45.47472 0.0420 0.0 61.0
-14.467142 45.41451 0.0420 0.0 61.0
-14.467142 45.41451 0.0421 0.0 62.0
-15.315693 45.354298 0.0421 0.0 62.0
