0.0 0.0 0.00 60.0 1.0
0.0 1.222021 0.00 60.0 1.0
0.0 1.222021 0.01 59.0 2.0
0.0 2.444042 0.01 59.0 2.0
0.0 2.444042 0.02 58.0 3.0
0.0 3.6660628 0.02 58.0 3.0
0.0 3.6660628 0.03 57.0 4.0
0.0 4.888084 0.03 57.0 4.0
0.0 4.888084 0.04 56.0 5.0
0.0 6.110105 0.04 56.0 5.0
0.0 6.110105 0.05 55.0 6.0
0.0 7.332126 0.05 55.0 6.0
0.0 7.332126 0.06 54.0 7.0
0.0 8.554147 0.06 54.0 7.0
0.0 8.554147 0.07 53.0 8.0
0.0 9.776168 0.07 53.0 8.0
0.0 9.776168 0.08 52.0 9.0
0.0 10.998189 0.08 52.0 9.0
0.0 10.998189 0.09 51.0 10.0
0.0 12.22021 0.09 51.0 10.0
0.0 12.22021 0.010 50.0 11.0
0.0 13.442231 0.010 50.0 11.0
0.0 13.442231 0.011 49.0 12.0
0.0 14.664252 0.011 49.0 12.0
0.0 14.664252 0.012 48.0 13.0
0.0 15.886273 0.012 48.0 13.0
0.0 15.886273 0.013 47.0 14.0
0.0 17.108294 0.013 47.0 14.0
0.0 17.108294 0.014 46.0 15.0
0.0 18.330315 0.014 46.0 15.0
0.0 18.330315 0.015 45.0 16.0
0.0 19.552336 0.015 45.0 16.0
0.0 19.552336 0.016 28.0 17.0
-0.23250487 20.744501 0.1342367516 28.0 17.0
-0.23250487 20.744501 0.1342367517 27.0 18.0
-0.46500975 21.936666 0.268473517 27.0 18.0
-0.46500975 21.936666 0.268473518 26.0 19.0
-0.69751465 23.128832 0.4027102618 26.0 19.0
-0.69751465 23.128832 0.4027102619 25.0 20.0
-0.9300195 24.320997 0.53694719 25.0 20.0
-0.9300195 24.320997 0.53694720 24.0 21.0
-1.1625243 25.513163 0.6711837620 24.0 21.0
-1.1625243 25.513163 0.6711837621 23.0 22.0
-1.3950292 26.705328 0.805420521 23.0 22.0
-1.3950292 26.705328 0.805420522 22.0 23.0
-1.627534 27.897493 0.939657322 22.0 23.0
-1.627534 27.897493 0.939657323 21.0 24.0
-1.8600389 29.089659 1.07389423 21.0 24.0
-1.8600389 29.089659 1.07389424 12.0 25.0
-1.8600389 30.31168 1.07389424 12.0 25.0
-1.8600389 30.31168 1.07389425 11.0 26.0
-1.8600389 31.5337 1.07389425 11.0 26.0
-1.8600389 31.5337 1.07389426 10.0 27.0
-1.8600389 32.755722 1.07389426 10.0 27.0
-1.8600389 32.755722 1.07389427 9.0 28.0
-1.8600389 33.97774 1.07389427 9.0 28.0
-1.8600389 33.97774 1.07389428 4.0 29.0
-1.627534 35.169907 0.939657328 4.0 29.0
-1.627534 35.169907 0.939657329 3.0 30.0
-1.3950292 36.362072 0.805420529 3.0 30.0
-1.3950292 36.362072 0.805420530 0.0 31.0
-1.3950292 37.58409 0.805420530 0.0 31.0
-1.3950292 37.58409 0.805420531 0.0 32.0
-1.3950292 38.80611 0.805420531 0.0 32.0
-1.3950292 36.362072 0.805420532 2.0 31.0
-1.1265557 37.554237 0.805420532 2.0 31.0
-1.1265557 37.554237 0.805420533 1.0 32.0
-0.8580822 38.746403 0.805420533 1.0 32.0
-0.8580822 38.746403 0.805420534 0.0 33.0
-0.4044334 39.85046 0.5435062634 0.0 33.0
-0.4044334 39.85046 0.5435062635 0.0 34.0
0.11939511 40.954517 0.5435062635 0.0 34.0
-0.8580822 38.746403 0.805420536 0.0 33.0
-0.8580822 39.968422 0.805420536 0.0 33.0
-0.8580822 39.968422 0.805420537 0.0 34.0
-0.8580822 41.19044 0.805420537 0.0 34.0
-1.8600389 33.97774 1.07389438 8.0 29.0
-1.8600389 35.19976 1.07389438 8.0 29.0
-1.8600389 35.19976 1.07389439 7.0 30.0
-1.8600389 36.42178 1.07389439 7.0 30.0
-1.8600389 36.42178 1.07389440 6.0 31.0
-1.8600389 37.6438 1.07389440 6.0 31.0
-1.8600389 37.6438 1.07389441 5.0 32.0
-1.8600389 38.865818 1.07389441 5.0 32.0
-1.8600389 38.865818 1.07389442 4.0 33.0
-1.627534 40.057983 0.939657342 4.0 33.0
-1.627534 40.057983 0.939657343 3.0 34.0
-1.3950292 41.25015 0.805420543 3.0 34.0
-1.3950292 41.25015 0.805420544 0.0 35.0
-1.3950292 42.472168 0.805420544 0.0 35.0
-1.3950292 42.472168 0.805420545 0.0 36.0
-1.3950292 43.694187 0.805420545 0.0 36.0
-1.3950292 41.25015 0.805420546 2.0 35.0
-1.1265557 42.442314 0.805420546 2.0 35.0
-1.1265557 42.442314 0.805420547 1.0 36.0
-0.8580822 43.63448 0.805420547 1.0 36.0
-0.8580822 43.63448 0.805420548 0.0 37.0
-0.4044334 44.738537 0.5435062648 0.0 37.0
-0.4044334 44.738537 0.5435062649 0.0 38.0
0.11939511 45.842594 0.5435062649 0.0 38.0
-0.8580822 43.63448 0.805420550 0.0 37.0
-0.8580822 44.8565 0.805420550 0.0 37.0
-0.8580822 44.8565 0.805420551 0.0 38.0
-0.8580822 46.078518 0.805420551 0.0 38.0
-1.8600389 38.865818 1.07389452 4.0 33.0
-2.1285124 40.057983 1.07389452 4.0 33.0
-2.1285124 40.057983 1.07389453 3.0 34.0
-2.396986 41.25015 1.07389453 3.0 34.0
-2.396986 41.25015 1.07389454 0.0 35.0
-2.8506348 42.354206 1.335808354 0.0 35.0
-2.8506348 42.354206 1.335808355 0.0 36.0
-3.3744633 43.458263 1.335808355 0.0 36.0
-2.396986 41.25015 1.07389456 2.0 35.0
-2.6654596 42.442314 1.07389456 2.0 35.0
-2.6654596 42.442314 1.07389457 1.0 36.0
-2.9339333 43.63448 1.07389457 1.0 36.0
-2.9339333 43.63448 1.07389458 0.0 37.0
-2.9339333 44.8565 1.07389458 0.0 37.0
-2.9339333 44.8565 1.07389459 0.0 38.0
-2.9339333 46.078518 1.07389459 0.0 38.0
-2.9339333 43.63448 1.07389460 0.0 37.0
-3.4577618 44.738537 1.07389460 0.0 37.0
-3.4577618 44.738537 1.07389461 0.0 38.0
-3.9815903 45.842594 1.07389461 0.0 38.0
-1.8600389 29.089659 1.07389462 20.0 25.0
-2.1285124 30.281824 1.07389462 20.0 25.0
-2.1285124 30.281824 1.07389463 19.0 26.0
-2.396986 31.47399 1.07389463 19.0 26.0
-2.396986 31.47399 1.07389464 18.0 27.0
-2.6654596 32.666153 1.07389464 18.0 27.0
-2.6654596 32.666153 1.07389465 17.0 28.0
-2.9339333 33.85832 1.07389465 17.0 28.0
-2.9339333 33.85832 1.07389466 16.0 29.0
-3.202407 35.050484 1.07389466 16.0 29.0
-3.202407 35.050484 1.07389467 15.0 30.0
-3.4708805 36.24265 1.07389467 15.0 30.0
-3.4708805 36.24265 1.07389468 14.0 31.0
-3.7393541 37.434814 1.07389468 14.0 31.0
-3.7393541 37.434814 1.07389469 13.0 32.0
-4.0078278 38.62698 1.07389469 13.0 32.0
-4.0078278 38.62698 1.07389470 12.0 33.0
-4.0078278 39.849 1.07389470 12.0 33.0
-4.0078278 39.849 1.07389471 11.0 34.0
-4.0078278 41.07102 1.07389471 11.0 34.0
-4.0078278 41.07102 1.07389472 10.0 35.0
-4.0078278 42.293037 1.07389472 10.0 35.0
-4.0078278 42.293037 1.07389473 9.0 36.0
-4.0078278 43.515057 1.07389473 9.0 36.0
-4.0078278 43.515057 1.07389474 4.0 37.0
-3.775323 44.707222 0.939657374 4.0 37.0
-3.775323 44.707222 0.939657375 3.0 38.0
-3.542818 45.899387 0.805420575 3.0 38.0
-3.542818 45.899387 0.805420576 0.0 39.0
-3.542818 47.121407 0.805420576 0.0 39.0
-3.542818 47.121407 0.805420577 0.0 40.0
-3.542818 48.343426 0.805420577 0.0 40.0
-3.542818 45.899387 0.805420578 2.0 39.0
-3.2743444 47.091553 0.805420578 2.0 39.0
-3.2743444 47.091553 0.805420579 1.0 40.0
-3.0058708 48.28372 0.805420579 1.0 40.0
-3.0058708 48.28372 0.805420580 0.0 41.0
-2.552222 49.387775 0.5435062680 0.0 41.0
-2.552222 49.387775 0.5435062681 0.0 42.0
-2.0283935 50.491833 0.5435062681 0.0 42.0
-3.0058708 48.28372 0.805420582 0.0 41.0
-3.0058708 49.505737 0.805420582 0.0 41.0
-3.0058708 49.505737 0.805420583 0.0 42.0
-3.0058708 50.727757 0.805420583 0.0 42.0
-4.0078278 43.515057 1.07389484 8.0 37.0
-4.0078278 44.737076 1.07389484 8.0 37.0
-4.0078278 44.737076 1.07389485 7.0 38.0
-4.0078278 45.959095 1.07389485 7.0 38.0
-4.0078278 45.959095 1.07389486 6.0 39.0
-4.0078278 47.181114 1.07389486 6.0 39.0
-4.0078278 47.181114 1.07389487 5.0 40.0
-4.0078278 48.403133 1.07389487 5.0 40.0
-4.0078278 48.403133 1.07389488 4.0 41.0
-3.775323 49.5953 0.939657388 4.0 41.0
-3.775323 49.5953 0.939657389 3.0 42.0
-3.542818 50.787464 0.805420589 3.0 42.0
-3.542818 50.787464 0.805420590 0.0 43.0
-3.542818 52.009483 0.805420590 0.0 43.0
-3.542818 52.009483 0.805420591 0.0 44.0
-3.542818 53.231503 0.805420591 0.0 44.0
-3.542818 50.787464 0.805420592 2.0 43.0
-3.2743444 51.97963 0.805420592 2.0 43.0
-3.2743444 51.97963 0.805420593 1.0 44.0
-3.0058708 53.171795 0.805420593 1.0 44.0
-3.0058708 53.171795 0.805420594 0.0 45.0
-2.552222 54.275852 0.5435062694 0.0 45.0
-2.552222 54.275852 0.5435062695 0.0 46.0
-2.0283935 55.37991 0.5435062695 0.0 46.0
-3.0058708 53.171795 0.805420596 0.0 45.0
-3.0058708 54.393814 0.805420596 0.0 45.0
-3.0058708 54.393814 0.805420597 0.0 46.0
-3.0058708 55.615833 0.805420597 0.0 46.0
-4.0078278 48.403133 1.07389498 4.0 41.0
-4.2763014 49.5953 1.07389498 4.0 41.0
-4.2763014 49.5953 1.07389499 3.0 42.0
-4.544775 50.787464 1.07389499 3.0 42.0
-4.544775 50.787464 1.073894100 0.0 43.0
-4.9984236 51.89152 1.3358083100 0.0 43.0
-4.9984236 51.89152 1.3358083101 0.0 44.0
-5.522252 52.99558 1.3358083101 0.0 44.0
-4.544775 50.787464 1.073894102 2.0 43.0
-4.8132486 51.97963 1.073894102 2.0 43.0
-4.8132486 51.97963 1.073894103 1.0 44.0
-5.0817223 53.171795 1.073894103 1.0 44.0
-5.0817223 53.171795 1.073894104 0.0 45.0
-5.0817223 54.393814 1.073894104 0.0 45.0
-5.0817223 54.393814 1.073894105 0.0 46.0
-5.0817223 55.615833 1.073894105 0.0 46.0
-5.0817223 53.171795 1.073894106 0.0 45.0
-5.605551 54.275852 1.073894106 0.0 45.0
-5.605551 54.275852 1.073894107 0.0 46.0
-6.1293793 55.37991 1.073894107 0.0 46.0
-4.0078278 38.62698 1.073894108 12.0 33.0
-4.5316563 39.731037 1.073894108 12.0 33.0
-4.5316563 39.731037 1.073894109 11.0 34.0
-5.055485 40.835094 1.073894109 11.0 34.0
-5.055485 40.835094 1.073894110 10.0 35.0
-5.5793133 41.93915 1.073894110 10.0 35.0
-5.5793133 41.93915 1.073894111 9.0 36.0
-6.103142 43.04321 1.073894111 9.0 36.0
-6.103142 43.04321 1.073894112 4.0 37.0
-6.3356466 44.235374 1.2081308112 4.0 37.0
-6.3356466 44.235374 1.2081308113 3.0 38.0
-6.5681515 45.42754 1.3423676113 3.0 38.0
-6.5681515 45.42754 1.3423676114 0.0 39.0
-7.0218 46.531597 1.6042819114 0.0 39.0
-7.0218 46.531597 1.6042819115 0.0 40.0
-7.5456285 47.635654 1.6042819115 0.0 40.0
-6.5681515 45.42754 1.3423676116 2.0 39.0
-6.836625 46.619705 1.3423676116 2.0 39.0
-6.836625 46.619705 1.3423676117 1.0 40.0
-7.1050987 47.81187 1.3423676117 1.0 40.0
-7.1050987 47.81187 1.3423676118 0.0 41.0
-7.1050987 49.03389 1.3423676118 0.0 41.0
-7.1050987 49.03389 1.3423676119 0.0 42.0
-7.1050987 50.25591 1.3423676119 0.0 42.0
-7.1050987 47.81187 1.3423676120 0.0 41.0
-7.628927 48.915928 1.3423676120 0.0 41.0
-7.628927 48.915928 1.3423676121 0.0 42.0
-8.152756 50.019985 1.3423676121 0.0 42.0
-6.103142 43.04321 1.073894122 8.0 37.0
-6.6269703 44.147266 1.073894122 8.0 37.0
-6.6269703 44.147266 1.073894123 7.0 38.0
-7.150799 45.251324 1.073894123 7.0 38.0
-7.150799 45.251324 1.073894124 6.0 39.0
-7.6746273 46.35538 1.073894124 6.0 39.0
-7.6746273 46.35538 1.073894125 5.0 40.0
-8.198456 47.45944 1.073894125 5.0 40.0
-8.198456 47.45944 1.073894126 4.0 41.0
-8.430961 48.651604 1.2081308126 4.0 41.0
-8.430961 48.651604 1.2081308127 3.0 42.0
-8.6634655 49.84377 1.3423676127 3.0 42.0
-8.6634655 49.84377 1.3423676128 0.0 43.0
-9.117114 50.947826 1.6042819128 0.0 43.0
-9.117114 50.947826 1.6042819129 0.0 44.0
-9.640943 52.051884 1.6042819129 0.0 44.0
-8.6634655 49.84377 1.3423676130 2.0 43.0
-8.931939 51.035934 1.3423676130 2.0 43.0
-8.931939 51.035934 1.3423676131 1.0 44.0
-9.200413 52.2281 1.3423676131 1.0 44.0
-9.200413 52.2281 1.3423676132 0.0 45.0
-9.200413 53.45012 1.3423676132 0.0 45.0
-9.200413 53.45012 1.3423676133 0.0 46.0
-9.200413 54.67214 1.3423676133 0.0 46.0
-9.200413 52.2281 1.3423676134 0.0 45.0
-9.724241 53.332157 1.3423676134 0.0 45.0
-9.724241 53.332157 1.3423676135 0.0 46.0
-10.24807 54.436214 1.3423676135 0.0 46.0
-8.198456 47.45944 1.073894136 4.0 41.0
-8.952044 48.421436 1.073894136 4.0 41.0
-8.952044 48.421436 1.073894137 3.0 42.0
-9.705631 49.383434 1.073894137 3.0 42.0
-9.705631 49.383434 1.073894138 0.0 43.0
-10.525345 50.15637 1.5471559138 0.0 43.0
-10.525345 50.15637 1.5471559139 0.0 44.0
-11.4718685 50.929302 1.5471559139 0.0 44.0
-9.705631 49.383434 1.073894140 2.0 43.0
-10.459219 50.345432 1.073894140 2.0 43.0
-10.459219 50.345432 1.073894141 1.0 44.0
-11.212807 51.30743 1.073894141 1.0 44.0
-11.212807 51.30743 1.073894142 0.0 45.0
-11.666455 52.411488 1.3358083142 0.0 45.0
-11.666455 52.411488 1.3358083143 0.0 46.0
-12.190284 53.515545 1.3358083143 0.0 46.0
-11.212807 51.30743 1.073894144 0.0 45.0
-12.15933 52.080364 1.073894144 0.0 45.0
-12.15933 52.080364 1.073894145 0.0 46.0
-13.105854 52.8533 1.073894145 0.0 46.0
0.0 19.552336 0.0146 44.0 17.0
0.0 20.774357 0.0146 44.0 17.0
0.0 20.774357 0.0147 43.0 18.0
0.0 21.996378 0.0147 43.0 18.0
0.0 21.996378 0.0148 42.0 19.0
0.0 23.2184 0.0148 42.0 19.0
0.0 23.2184 0.0149 41.0 20.0
0.0 24.44042 0.0149 41.0 20.0
0.0 24.44042 0.0150 40.0 21.0
0.0 25.662441 0.0150 40.0 21.0
0.0 25.662441 0.0151 39.0 22.0
0.0 26.884462 0.0151 39.0 22.0
0.0 26.884462 0.0152 38.0 23.0
0.0 28.106483 0.0152 38.0 23.0
0.0 28.106483 0.0153 37.0 24.0
0.0 29.328505 0.0153 37.0 24.0
0.0 29.328505 0.0154 36.0 25.0
0.0 30.550526 0.0154 36.0 25.0
0.0 30.550526 0.0155 35.0 26.0
0.0 31.772547 0.0155 35.0 26.0
0.0 31.772547 0.0156 34.0 27.0
0.0 32.994568 0.0156 34.0 27.0
0.0 32.994568 0.0157 33.0 28.0
0.0 34.216587 0.0157 33.0 28.0
0.0 34.216587 0.0158 32.0 29.0
0.0 35.438606 0.0158 32.0 29.0
0.0 35.438606 0.0159 31.0 30.0
0.0 36.660625 0.0159 31.0 30.0
0.0 36.660625 0.0160 30.0 31.0
0.0 37.882645 0.0160 30.0 31.0
0.0 37.882645 0.0161 29.0 32.0
0.0 39.104664 0.0161 29.0 32.0
0.0 39.104664 0.0162 28.0 33.0
0.23250487 40.29683 -0.13423675162 28.0 33.0
0.23250487 40.29683 -0.13423675163 27.0 34.0
0.46500975 41.488995 -0.2684735163 27.0 34.0
0.46500975 41.488995 -0.2684735164 26.0 35.0
0.69751465 42.68116 -0.40271026164 26.0 35.0
0.69751465 42.68116 -0.40271026165 25.0 36.0
0.9300195 43.873325 -0.536947165 25.0 36.0
0.9300195 43.873325 -0.536947166 24.0 37.0
1.1625243 45.06549 -0.67118376166 24.0 37.0
1.1625243 45.06549 -0.67118376167 23.0 38.0
1.3950292 46.257656 -0.8054205167 23.0 38.0
1.3950292 46.257656 -0.8054205168 22.0 39.0
1.627534 47.44982 -0.9396573168 22.0 39.0
1.627534 47.44982 -0.9396573169 21.0 40.0
1.8600389 48.641987 -1.073894169 21.0 40.0
1.8600389 48.641987 -1.073894170 12.0 41.0
2.3136876 49.746044 -1.3358083170 12.0 41.0
2.3136876 49.746044 -1.3358083171 11.0 42.0
2.7673364 50.8501 -1.5977225171 11.0 42.0
2.7673364 50.8501 -1.5977225172 10.0 43.0
3.2209852 51.95416 -1.8596368172 10.0 43.0
3.2209852 51.95416 -1.8596368173 9.0 44.0
3.674634 53.058216 -2.121551173 9.0 44.0
3.674634 53.058216 -2.121551174 4.0 45.0
4.32726 54.020214 -2.498345174 4.0 45.0
4.32726 54.020214 -2.498345175 3.0 46.0
4.979886 54.982212 -2.8751388175 3.0 46.0
4.979886 54.982212 -2.8751388176 0.0 47.0
5.4335346 56.08627 -3.137053176 0.0 47.0
5.4335346 56.08627 -3.137053177 0.0 48.0
5.957363 57.190327 -3.137053177 0.0 48.0
4.979886 54.982212 -2.8751388178 2.0 47.0
5.733474 55.94421 -2.8751388178 2.0 47.0
5.733474 55.94421 -2.8751388179 1.0 48.0
6.4870615 56.906208 -2.8751388179 1.0 48.0
6.4870615 56.906208 -2.8751388180 0.0 49.0
7.306775 57.679142 -3.3484006180 0.0 49.0
7.306775 57.679142 -3.3484006181 0.0 50.0
8.253299 58.452076 -3.3484006181 0.0 50.0
6.4870615 56.906208 -2.8751388182 0.0 49.0
7.01089 58.010265 -2.8751388182 0.0 49.0
7.01089 58.010265 -2.8751388183 0.0 50.0
7.5347185 59.114323 -2.8751388183 0.0 50.0
3.674634 53.058216 -2.121551184 8.0 45.0
4.1984625 54.162273 -2.121551184 8.0 45.0
4.1984625 54.162273 -2.121551185 7.0 46.0
4.722291 55.26633 -2.121551185 7.0 46.0
4.722291 55.26633 -2.121551186 6.0 47.0
5.2461195 56.370388 -2.121551186 6.0 47.0
5.2461195 56.370388 -2.121551187 5.0 48.0
5.769948 57.474445 -2.121551187 5.0 48.0
5.769948 57.474445 -2.121551188 4.0 49.0
6.422574 58.436443 -2.498345188 4.0 49.0
6.422574 58.436443 -2.498345189 3.0 50.0
7.0752 59.39844 -2.8751388189 3.0 50.0
7.0752 59.39844 -2.8751388190 0.0 51.0
7.5288486 60.5025 -3.137053190 0.0 51.0
7.5288486 60.5025 -3.137053191 0.0 52.0
8.052677 61.606556 -3.137053191 0.0 52.0
7.0752 59.39844 -2.8751388192 2.0 51.0
7.828788 60.36044 -2.8751388192 2.0 51.0
7.828788 60.36044 -2.8751388193 1.0 52.0
8.582376 61.322437 -2.8751388193 1.0 52.0
8.582376 61.322437 -2.8751388194 0.0 53.0
9.402089 62.09537 -3.3484006194 0.0 53.0
9.402089 62.09537 -3.3484006195 0.0 54.0
10.348613 62.868305 -3.3484006195 0.0 54.0
8.582376 61.322437 -2.8751388196 0.0 53.0
9.106204 62.426495 -2.8751388196 0.0 53.0
9.106204 62.426495 -2.8751388197 0.0 54.0
9.630033 63.530552 -2.8751388197 0.0 54.0
5.769948 57.474445 -2.121551198 4.0 49.0
6.0384216 58.66661 -2.121551198 4.0 49.0
6.0384216 58.66661 -2.121551199 3.0 50.0
6.3068953 59.858776 -2.121551199 3.0 50.0
6.3068953 59.858776 -2.121551200 0.0 51.0
6.3068953 61.080795 -2.121551200 0.0 51.0
6.3068953 61.080795 -2.121551201 0.0 52.0
6.3068953 62.302814 -2.121551201 0.0 52.0
6.3068953 59.858776 -2.121551202 2.0 51.0
6.575369 61.05094 -2.121551202 2.0 51.0
6.575369 61.05094 -2.121551203 1.0 52.0
6.8438425 62.243107 -2.121551203 1.0 52.0
6.8438425 62.243107 -2.121551204 0.0 53.0
7.297491 63.347164 -2.3834653204 0.0 53.0
7.297491 63.347164 -2.3834653205 0.0 54.0
7.8213196 64.45122 -2.3834653205 0.0 54.0
6.8438425 62.243107 -2.121551206 0.0 53.0
6.8438425 63.465126 -2.121551206 0.0 53.0
6.8438425 63.465126 -2.121551207 0.0 54.0
6.8438425 64.68715 -2.121551207 0.0 54.0
1.8600389 48.641987 -1.073894208 20.0 41.0
2.1285124 49.834152 -1.073894208 20.0 41.0
2.1285124 49.834152 -1.073894209 19.0 42.0
2.396986 51.026318 -1.073894209 19.0 42.0
2.396986 51.026318 -1.073894210 18.0 43.0
2.6654596 52.218483 -1.073894210 18.0 43.0
2.6654596 52.218483 -1.073894211 17.0 44.0
2.9339333 53.41065 -1.073894211 17.0 44.0
2.9339333 53.41065 -1.073894212 16.0 45.0
3.202407 54.602814 -1.073894212 16.0 45.0
3.202407 54.602814 -1.073894213 15.0 46.0
3.4708805 55.79498 -1.073894213 15.0 46.0
3.4708805 55.79498 -1.073894214 14.0 47.0
3.7393541 56.987144 -1.073894214 14.0 47.0
3.7393541 56.987144 -1.073894215 13.0 48.0
4.0078278 58.17931 -1.073894215 13.0 48.0
4.0078278 58.17931 -1.073894216 12.0 49.0
4.4614763 59.283367 -1.3358083216 12.0 49.0
4.4614763 59.283367 -1.3358083217 11.0 50.0
4.915125 60.387424 -1.5977225217 11.0 50.0
4.915125 60.387424 -1.5977225218 10.0 51.0
5.3687735 61.49148 -1.8596368218 10.0 51.0
5.3687735 61.49148 -1.8596368219 9.0 52.0
5.822422 62.59554 -2.121551219 9.0 52.0
5.822422 62.59554 -2.121551220 4.0 53.0
6.475048 63.557537 -2.498345220 4.0 53.0
6.475048 63.557537 -2.498345221 3.0 54.0
7.127674 64.51954 -2.8751388221 3.0 54.0
7.127674 64.51954 -2.8751388222 0.0 55.0
7.5813227 65.6236 -3.137053222 0.0 55.0
7.5813227 65.6236 -3.137053223 0.0 56.0
8.105151 66.72765 -3.137053223 0.0 56.0
7.127674 64.51954 -2.8751388224 2.0 55.0
7.881262 65.48154 -2.8751388224 2.0 55.0
7.881262 65.48154 -2.8751388225 1.0 56.0
8.63485 66.443535 -2.8751388225 1.0 56.0
8.63485 66.443535 -2.8751388226 0.0 57.0
9.454563 67.21647 -3.3484006226 0.0 57.0
9.454563 67.21647 -3.3484006227 0.0 58.0
10.401087 67.9894 -3.3484006227 0.0 58.0
8.63485 66.443535 -2.8751388228 0.0 57.0
9.158678 67.54759 -2.8751388228 0.0 57.0
9.158678 67.54759 -2.8751388229 0.0 58.0
9.682507 68.65165 -2.8751388229 0.0 58.0
5.822422 62.59554 -2.121551230 8.0 53.0
6.3462505 63.699596 -2.121551230 8.0 53.0
6.3462505 63.699596 -2.121551231 7.0 54.0
6.870079 64.80365 -2.121551231 7.0 54.0
6.870079 64.80365 -2.121551232 6.0 55.0
7.3939075 65.90771 -2.121551232 6.0 55.0
7.3939075 65.90771 -2.121551233 5.0 56.0
7.917736 67.011765 -2.121551233 5.0 56.0
7.917736 67.011765 -2.121551234 4.0 57.0
8.570362 67.97376 -2.498345234 4.0 57.0
8.570362 67.97376 -2.498345235 3.0 58.0
9.222988 68.93576 -2.8751388235 3.0 58.0
9.222988 68.93576 -2.8751388236 0.0 59.0
9.676637 70.03982 -3.137053236 0.0 59.0
9.676637 70.03982 -3.137053237 0.0 60.0
10.200465 71.143875 -3.137053237 0.0 60.0
9.222988 68.93576 -2.8751388238 2.0 59.0
9.976576 69.89776 -2.8751388238 2.0 59.0
9.976576 69.89776 -2.8751388239 1.0 60.0
10.730164 70.85976 -2.8751388239 1.0 60.0
10.730164 70.85976 -2.8751388240 0.0 61.0
11.549877 71.63269 -3.3484006240 0.0 61.0
11.549877 71.63269 -3.3484006241 0.0 62.0
12.496401 72.405624 -3.3484006241 0.0 62.0
10.730164 70.85976 -2.8751388242 0.0 61.0
11.253992 71.96381 -2.8751388242 0.0 61.0
11.253992 71.96381 -2.8751388243 0.0 62.0
11.777821 73.06787 -2.8751388243 0.0 62.0
7.917736 67.011765 -2.121551244 4.0 57.0
8.18621 68.203926 -2.121551244 4.0 57.0
8.18621 68.203926 -2.121551245 3.0 58.0
8.454683 69.39609 -2.121551245 3.0 58.0
8.454683 69.39609 -2.121551246 0.0 59.0
8.454683 70.61811 -2.121551246 0.0 59.0
8.454683 70.61811 -2.121551247 0.0 60.0
8.454683 71.84013 -2.121551247 0.0 60.0
8.454683 69.39609 -2.121551248 2.0 59.0
8.723157 70.58825 -2.121551248 2.0 59.0
8.723157 70.58825 -2.121551249 1.0 60.0
8.991631 71.78041 -2.121551249 1.0 60.0
8.991631 71.78041 -2.121551250 0.0 61.0
9.445279 72.88447 -2.3834653250 0.0 61.0
9.445279 72.88447 -2.3834653251 0.0 62.0
9.969108 73.988525 -2.3834653251 0.0 62.0
8.991631 71.78041 -2.121551252 0.0 61.0
8.991631 73.00243 -2.121551252 0.0 61.0
8.991631 73.00243 -2.121551253 0.0 62.0
8.991631 74.22446 -2.121551253 0.0 62.0
4.0078278 58.17931 -1.073894254 12.0 49.0
4.0078278 59.40133 -1.073894254 12.0 49.0
4.0078278 59.40133 -1.073894255 11.0 50.0
4.0078278 60.62335 -1.073894255 11.0 50.0
4.0078278 60.62335 -1.073894256 10.0 51.0
4.0078278 61.845367 -1.073894256 10.0 51.0
4.0078278 61.845367 -1.073894257 9.0 52.0
4.0078278 63.067387 -1.073894257 9.0 52.0
4.0078278 63.067387 -1.073894258 4.0 53.0
4.2403326 64.25955 -1.2081308258 4.0 53.0
4.2403326 64.25955 -1.2081308259 3.0 54.0
4.4728374 65.45171 -1.3423676259 3.0 54.0
4.4728374 65.45171 -1.3423676260 0.0 55.0
4.4728374 66.67374 -1.3423676260 0.0 55.0
4.4728374 66.67374 -1.3423676261 0.0 56.0
4.4728374 67.89576 -1.3423676261 0.0 56.0
4.4728374 65.45171 -1.3423676262 2.0 55.0
4.741311 66.643875 -1.3423676262 2.0 55.0
4.741311 66.643875 -1.3423676263 1.0 56.0
5.0097847 67.83604 -1.3423676263 1.0 56.0
5.0097847 67.83604 -1.3423676264 0.0 57.0
5.4634333 68.940094 -1.6042819264 0.0 57.0
5.4634333 68.940094 -1.6042819265 0.0 58.0
5.987262 70.04415 -1.6042819265 0.0 58.0
5.0097847 67.83604 -1.3423676266 0.0 57.0
5.0097847 69.05806 -1.3423676266 0.0 57.0
5.0097847 69.05806 -1.3423676267 0.0 58.0
5.0097847 70.28008 -1.3423676267 0.0 58.0
4.0078278 63.067387 -1.073894268 8.0 53.0
4.0078278 64.289406 -1.073894268 8.0 53.0
4.0078278 64.289406 -1.073894269 7.0 54.0
4.0078278 65.51143 -1.073894269 7.0 54.0
4.0078278 65.51143 -1.073894270 6.0 55.0
4.0078278 66.73345 -1.073894270 6.0 55.0
4.0078278 66.73345 -1.073894271 5.0 56.0
4.0078278 67.955475 -1.073894271 5.0 56.0
4.0078278 67.955475 -1.073894272 4.0 57.0
4.2403326 69.14764 -1.2081308272 4.0 57.0
4.2403326 69.14764 -1.2081308273 3.0 58.0
4.4728374 70.3398 -1.3423676273 3.0 58.0
4.4728374 70.3398 -1.3423676274 0.0 59.0
4.4728374 71.56182 -1.3423676274 0.0 59.0
4.4728374 71.56182 -1.3423676275 0.0 60.0
4.4728374 72.783844 -1.3423676275 0.0 60.0
4.4728374 70.3398 -1.3423676276 2.0 59.0
4.741311 71.53196 -1.3423676276 2.0 59.0
4.741311 71.53196 -1.3423676277 1.0 60.0
5.0097847 72.72412 -1.3423676277 1.0 60.0
5.0097847 72.72412 -1.3423676278 0.0 61.0
5.4634333 73.82818 -1.6042819278 0.0 61.0
5.4634333 73.82818 -1.6042819279 0.0 62.0
5.987262 74.932236 -1.6042819279 0.0 62.0
5.0097847 72.72412 -1.3423676280 0.0 61.0
5.0097847 73.946144 -1.3423676280 0.0 61.0
5.0097847 73.946144 -1.3423676281 0.0 62.0
5.0097847 75.16817 -1.3423676281 0.0 62.0
4.0078278 67.955475 -1.073894282 4.0 57.0
3.7393541 69.14764 -1.073894282 4.0 57.0
3.7393541 69.14764 -1.073894283 3.0 58.0
3.4708805 70.3398 -1.073894283 3.0 58.0
3.4708805 70.3398 -1.073894284 0.0 59.0
3.0172317 71.443855 -0.8119798284 0.0 59.0
3.0172317 71.443855 -0.8119798285 0.0 60.0
2.4934032 72.54791 -0.8119798285 0.0 60.0
3.4708805 70.3398 -1.073894286 2.0 59.0
3.202407 71.53196 -1.073894286 2.0 59.0
3.202407 71.53196 -1.073894287 1.0 60.0
2.9339333 72.72412 -1.073894287 1.0 60.0
2.9339333 72.72412 -1.073894288 0.0 61.0
2.9339333 73.946144 -1.073894288 0.0 61.0
2.9339333 73.946144 -1.073894289 0.0 62.0
2.9339333 75.16817 -1.073894289 0.0 62.0
2.9339333 72.72412 -1.073894290 0.0 61.0
2.4101048 73.82818 -1.073894290 0.0 61.0
2.4101048 73.82818 -1.073894291 0.0 62.0
1.8862762 74.932236 -1.073894291 0.0 62.0
0.0 39.104664 0.0292 28.0 33.0
-0.2684735 40.29683 0.0292 28.0 33.0
-0.2684735 40.29683 0.0293 27.0 34.0
-0.536947 41.488995 0.0293 27.0 34.0
-0.536947 41.488995 0.0294 26.0 35.0
-0.8054205 42.68116 0.0294 26.0 35.0
-0.8054205 42.68116 0.0295 25.0 36.0
-1.073894 43.873325 0.0295 25.0 36.0
-1.073894 43.873325 0.0296 24.0 37.0
-1.3423675 45.06549 0.0296 24.0 37.0
-1.3423675 45.06549 0.0297 23.0 38.0
-1.610841 46.257656 0.0297 23.0 38.0
-1.610841 46.257656 0.0298 22.0 39.0
-1.8793145 47.44982 0.0298 22.0 39.0
-1.8793145 47.44982 0.0299 21.0 40.0
-2.147788 48.641987 0.0299 21.0 40.0
-2.147788 48.641987 0.0300 12.0 41.0
-2.147788 49.864006 0.0300 12.0 41.0
-2.147788 49.864006 0.0301 11.0 42.0
-2.147788 51.086025 0.0301 11.0 42.0
-2.147788 51.086025 0.0302 10.0 43.0
-2.147788 52.308044 0.0302 10.0 43.0
-2.147788 52.308044 0.0303 9.0 44.0
-2.147788 53.530064 0.0303 9.0 44.0
-2.147788 53.530064 0.0304 4.0 45.0
-1.9152832 54.72223 -0.13423675304 4.0 45.0
-1.9152832 54.72223 -0.13423675305 3.0 46.0
-1.6827784 55.914394 -0.2684735305 3.0 46.0
-1.6827784 55.914394 -0.2684735306 0.0 47.0
-1.6827784 57.136414 -0.2684735306 0.0 47.0
-1.6827784 57.136414 -0.2684735307 0.0 48.0
-1.6827784 58.358433 -0.2684735307 0.0 48.0
-1.6827784 55.914394 -0.2684735308 2.0 47.0
-1.4143049 57.10656 -0.2684735308 2.0 47.0
-1.4143049 57.10656 -0.2684735309 1.0 48.0
-1.1458313 58.298725 -0.2684735309 1.0 48.0
-1.1458313 58.298725 -0.2684735310 0.0 49.0
-0.69218254 59.402782 -0.53038776310 0.0 49.0
-0.69218254 59.402782 -0.53038776311 0.0 50.0
-0.16835403 60.50684 -0.53038776311 0.0 50.0
-1.1458313 58.298725 -0.2684735312 0.0 49.0
-1.1458313 59.520744 -0.2684735312 0.0 49.0
-1.1458313 59.520744 -0.2684735313 0.0 50.0
-1.1458313 60.742764 -0.2684735313 0.0 50.0
-2.147788 53.530064 0.0314 8.0 45.0
-2.147788 54.752083 0.0314 8.0 45.0
-2.147788 54.752083 0.0315 7.0 46.0
-2.147788 55.974102 0.0315 7.0 46.0
-2.147788 55.974102 0.0316 6.0 47.0
-2.147788 57.19612 0.0316 6.0 47.0
-2.147788 57.19612 0.0317 5.0 48.0
-2.147788 58.41814 0.0317 5.0 48.0
-2.147788 58.41814 0.0318 4.0 49.0
-1.9152832 59.610306 -0.13423675318 4.0 49.0
-1.9152832 59.610306 -0.13423675319 3.0 50.0
-1.6827784 60.80247 -0.2684735319 3.0 50.0
-1.6827784 60.80247 -0.2684735320 0.0 51.0
-1.6827784 62.02449 -0.2684735320 0.0 51.0
-1.6827784 62.02449 -0.2684735321 0.0 52.0
-1.6827784 63.24651 -0.2684735321 0.0 52.0
-1.6827784 60.80247 -0.2684735322 2.0 51.0
-1.4143049 61.994637 -0.2684735322 2.0 51.0
-1.4143049 61.994637 -0.2684735323 1.0 52.0
-1.1458313 63.186802 -0.2684735323 1.0 52.0
-1.1458313 63.186802 -0.2684735324 0.0 53.0
-0.69218254 64.290855 -0.53038776324 0.0 53.0
-0.69218254 64.290855 -0.53038776325 0.0 54.0
-0.16835403 65.39491 -0.53038776325 0.0 54.0
-1.1458313 63.186802 -0.2684735326 0.0 53.0
-1.1458313 64.40882 -0.2684735326 0.0 53.0
-1.1458313 64.40882 -0.2684735327 0.0 54.0
-1.1458313 65.630844 -0.2684735327 0.0 54.0
-2.147788 58.41814 0.0328 4.0 49.0
-2.4162617 59.610306 0.0328 4.0 49.0
-2.4162617 59.610306 0.0329 3.0 50.0
-2.6847353 60.80247 0.0329 3.0 50.0
-2.6847353 60.80247 0.0330 0.0 51.0
-3.138384 61.90653 0.26191425330 0.0 51.0
-3.138384 61.90653 0.26191425331 0.0 52.0
-3.6622126 63.010586 0.26191425331 0.0 52.0
-2.6847353 60.80247 0.0332 2.0 51.0
-2.953209 61.994637 0.0332 2.0 51.0
-2.953209 61.994637 0.0333 1.0 52.0
-3.2216825 63.186802 0.0333 1.0 52.0
-3.2216825 63.186802 0.0334 0.0 53.0
-3.2216825 64.40882 0.0334 0.0 53.0
-3.2216825 64.40882 0.0335 0.0 54.0
-3.2216825 65.630844 0.0335 0.0 54.0
-3.2216825 63.186802 0.0336 0.0 53.0
-3.745511 64.290855 0.0336 0.0 53.0
-3.745511 64.290855 0.0337 0.0 54.0
-4.2693396 65.39491 0.0337 0.0 54.0
-2.147788 48.641987 0.0338 20.0 41.0
-2.4162617 49.834152 0.0338 20.0 41.0
-2.4162617 49.834152 0.0339 19.0 42.0
-2.6847353 51.026318 0.0339 19.0 42.0
-2.6847353 51.026318 0.0340 18.0 43.0
-2.953209 52.218483 0.0340 18.0 43.0
-2.953209 52.218483 0.0341 17.0 44.0
-3.2216825 53.41065 0.0341 17.0 44.0
-3.2216825 53.41065 0.0342 16.0 45.0
-3.4901562 54.602814 0.0342 16.0 45.0
-3.4901562 54.602814 0.0343 15.0 46.0
-3.7586298 55.79498 0.0343 15.0 46.0
-3.7586298 55.79498 0.0344 14.0 47.0
-4.0271034 56.987144 0.0344 14.0 47.0
-4.0271034 56.987144 0.0345 13.0 48.0
-4.295577 58.17931 0.0345 13.0 48.0
-4.295577 58.17931 0.0346 12.0 49.0
-4.295577 59.40133 0.0346 12.0 49.0
-4.295577 59.40133 0.0347 11.0 50.0
-4.295577 60.62335 0.0347 11.0 50.0
-4.295577 60.62335 0.0348 10.0 51.0
-4.295577 61.845367 0.0348 10.0 51.0
-4.295577 61.845367 0.0349 9.0 52.0
-4.295577 63.067387 0.0349 9.0 52.0
-4.295577 63.067387 0.0350 4.0 53.0
-4.063072 64.25955 -0.13423675350 4.0 53.0
-4.063072 64.25955 -0.13423675351 3.0 54.0
-3.8305674 65.45171 -0.2684735351 3.0 54.0
-3.8305674 65.45171 -0.2684735352 0.0 55.0
-3.8305674 66.67374 -0.2684735352 0.0 55.0
-3.8305674 66.67374 -0.2684735353 0.0 56.0
-3.8305674 67.89576 -0.2684735353 0.0 56.0
-3.8305674 65.45171 -0.2684735354 2.0 55.0
-3.5620937 66.643875 -0.2684735354 2.0 55.0
-3.5620937 66.643875 -0.2684735355 1.0 56.0
-3.29362 67.83604 -0.2684735355 1.0 56.0
-3.29362 67.83604 -0.2684735356 0.0 57.0
-2.8399713 68.940094 -0.53038776356 0.0 57.0
-2.8399713 68.940094 -0.53038776357 0.0 58.0
-2.3161428 70.04415 -0.53038776357 0.0 58.0
-3.29362 67.83604 -0.2684735358 0.0 57.0
-3.29362 69.05806 -0.2684735358 0.0 57.0
-3.29362 69.05806 -0.2684735359 0.0 58.0
-3.29362 70.28008 -0.2684735359 0.0 58.0
-4.295577 63.067387 0.0360 8.0 53.0
-4.295577 64.289406 0.0360 8.0 53.0
-4.295577 64.289406 0.0361 7.0 54.0
-4.295577 65.51143 0.0361 7.0 54.0
-4.295577 65.51143 0.0362 6.0 55.0
-4.295577 66.73345 0.0362 6.0 55.0
-4.295577 66.73345 0.0363 5.0 56.0
-4.295577 67.955475 0.0363 5.0 56.0
-4.295577 67.955475 0.0364 4.0 57.0
-4.063072 69.14764 -0.13423675364 4.0 57.0
-4.063072 69.14764 -0.13423675365 3.0 58.0
-3.8305674 70.3398 -0.2684735365 3.0 58.0
-3.8305674 70.3398 -0.2684735366 0.0 59.0
-3.8305674 71.56182 -0.2684735366 0.0 59.0
-3.8305674 71.56182 -0.2684735367 0.0 60.0
-3.8305674 72.783844 -0.2684735367 0.0 60.0
-3.8305674 70.3398 -0.2684735368 2.0 59.0
-3.5620937 71.53196 -0.2684735368 2.0 59.0
-3.5620937 71.53196 -0.2684735369 1.0 60.0
-3.29362 72.72412 -0.2684735369 1.0 60.0
-3.29362 72.72412 -0.2684735370 0.0 61.0
-2.8399713 73.82818 -0.53038776370 0.0 61.0
-2.8399713 73.82818 -0.53038776371 0.0 62.0
-2.3161428 74.932236 -0.53038776371 0.0 62.0
-3.29362 72.72412 -0.2684735372 0.0 61.0
-3.29362 73.946144 -0.2684735372 0.0 61.0
-3.29362 73.946144 -0.2684735373 0.0 62.0
-3.29362 75.16817 -0.2684735373 0.0 62.0
-4.295577 67.955475 0.0374 4.0 57.0
-4.5640507 69.14764 0.0374 4.0 57.0
-4.5640507 69.14764 0.0375 3.0 58.0
-4.8325243 70.3398 0.0375 3.0 58.0
-4.8325243 70.3398 0.0376 0.0 59.0
-5.286173 71.443855 0.26191425376 0.0 59.0
-5.286173 71.443855 0.26191425377 0.0 60.0
-5.8100014 72.54791 0.26191425377 0.0 60.0
-4.8325243 70.3398 0.0378 2.0 59.0
-5.100998 71.53196 0.0378 2.0 59.0
-5.100998 71.53196 0.0379 1.0 60.0
-5.3694715 72.72412 0.0379 1.0 60.0
-5.3694715 72.72412 0.0380 0.0 61.0
-5.3694715 73.946144 0.0380 0.0 61.0
-5.3694715 73.946144 0.0381 0.0 62.0
-5.3694715 75.16817 0.0381 0.0 62.0
-5.3694715 72.72412 0.0382 0.0 61.0
-5.8933 73.82818 0.0382 0.0 61.0
-5.8933 73.82818 0.0383 0.0 62.0
-6.4171286 74.932236 0.0383 0.0 62.0
-4.295577 58.17931 0.0384 12.0 49.0
-4.8194056 59.283367 0.0384 12.0 49.0
-4.8194056 59.283367 0.0385 11.0 50.0
-5.343234 60.387424 0.0385 11.0 50.0
-5.343234 60.387424 0.0386 10.0 51.0
-5.8670626 61.49148 0.0386 10.0 51.0
-5.8670626 61.49148 0.0387 9.0 52.0
-6.390891 62.59554 0.0387 9.0 52.0
-6.390891 62.59554 0.0388 4.0 53.0
-6.623396 63.787704 0.13423675388 4.0 53.0
-6.623396 63.787704 0.13423675389 3.0 54.0
-6.855901 64.979866 0.2684735389 3.0 54.0
-6.855901 64.979866 0.2684735390 0.0 55.0
-7.3095493 66.08392 0.53038776390 0.0 55.0
-7.3095493 66.08392 0.53038776391 0.0 56.0
-7.833378 67.18798 0.53038776391 0.0 56.0
-6.855901 64.979866 0.2684735392 2.0 55.0
-7.1243744 66.17203 0.2684735392 2.0 55.0
-7.1243744 66.17203 0.2684735393 1.0 56.0
-7.392848 67.36419 0.2684735393 1.0 56.0
-7.392848 67.36419 0.2684735394 0.0 57.0
-7.392848 68.58621 0.2684735394 0.0 57.0
-7.392848 68.58621 0.2684735395 0.0 58.0
-7.392848 69.808235 0.2684735395 0.0 58.0
-7.392848 67.36419 0.2684735396 0.0 57.0
-7.9166765 68.46825 0.2684735396 0.0 57.0
-7.9166765 68.46825 0.2684735397 0.0 58.0
-8.440505 69.5723 0.2684735397 0.0 58.0
-6.390891 62.59554 0.0398 8.0 53.0
-6.9147196 63.699596 0.0398 8.0 53.0
-6.9147196 63.699596 0.0399 7.0 54.0
-7.438548 64.80365 0.0399 7.0 54.0
-7.438548 64.80365 0.0400 6.0 55.0
-7.9623766 65.90771 0.0400 6.0 55.0
-7.9623766 65.90771 0.0401 5.0 56.0
-8.486205 67.011765 0.0401 5.0 56.0
-8.486205 67.011765 0.0402 4.0 57.0
-8.71871 68.203926 0.13423675402 4.0 57.0
-8.71871 68.203926 0.13423675403 3.0 58.0
-8.951215 69.39609 0.2684735403 3.0 58.0
-8.951215 69.39609 0.2684735404 0.0 59.0
-9.404863 70.500145 0.53038776404 0.0 59.0
-9.404863 70.500145 0.53038776405 0.0 60.0
-9.928692 71.6042 0.53038776405 0.0 60.0
-8.951215 69.39609 0.2684735406 2.0 59.0
-9.219688 70.58825 0.2684735406 2.0 59.0
-9.219688 70.58825 0.2684735407 1.0 60.0
-9.488162 71.78041 0.2684735407 1.0 60.0
-9.488162 71.78041 0.2684735408 0.0 61.0
-9.488162 73.00243 0.2684735408 0.0 61.0
-9.488162 73.00243 0.2684735409 0.0 62.0
-9.488162 74.22446 0.2684735409 0.0 62.0
-9.488162 71.78041 0.2684735410 0.0 61.0
-10.011991 72.88447 0.2684735410 0.0 61.0
-10.011991 72.88447 0.2684735411 0.0 62.0
-10.535819 73.988525 0.2684735411 0.0 62.0
-8.486205 67.011765 0.0412 4.0 57.0
-9.239793 67.97376 0.0412 4.0 57.0
-9.239793 67.97376 0.0413 3.0 58.0
-9.993381 68.93576 0.0413 3.0 58.0
-9.993381 68.93576 0.0414 0.0 59.0
-10.813094 69.708694 0.4732618414 0.0 59.0
-10.813094 69.708694 0.4732618415 0.0 60.0
-11.759618 70.48163 0.4732618415 0.0 60.0
-9.993381 68.93576 0.0416 2.0 59.0
-10.746968 69.89776 0.0416 2.0 59.0
-10.746968 69.89776 0.0417 1.0 60.0
-11.500556 70.85976 0.0417 1.0 60.0
-11.500556 70.85976 0.0418 0.0 61.0
-11.954205 71.96381 0.26191425418 0.0 61.0
-11.954205 71.96381 0.26191425419 0.0 62.0
-12.478033 73.06787 0.26191425419 0.0 62.0
-11.500556 70.85976 0.0420 0.0 61.0
-12.44708 71.63269 0.0420 0.0 61.0
-12.44708 71.63269 0.0421 0.0 62.0
-13.393603 72.405624 0.0421 0.0 62.0
