0.0 0.0 0.00 60.0 1.0
0.0 2.9975426 0.00 60.0 1.0
0.0 2.9975426 0.01 59.0 2.0
0.0 5.9950852 0.01 59.0 2.0
0.0 5.9950852 0.02 58.0 3.0
0.0 8.992628 0.02 58.0 3.0
0.0 8.992628 0.03 57.0 4.0
0.0 11.9901705 0.03 57.0 4.0
0.0 11.9901705 0.04 56.0 5.0
0.0 14.987713 0.04 56.0 5.0
0.0 14.987713 0.05 55.0 6.0
0.0 17.985256 0.05 55.0 6.0
0.0 17.985256 0.06 54.0 7.0
0.0 20.9828 0.06 54.0 7.0
0.0 20.9828 0.07 53.0 8.0
0.0 23.980343 0.07 53.0 8.0
0.0 23.980343 0.08 52.0 9.0
0.0 26.977886 0.08 52.0 9.0
0.0 26.977886 0.09 51.0 10.0
0.0 29.97543 0.09 51.0 10.0
0.0 29.97543 0.010 50.0 11.0
0.0 32.972973 0.010 50.0 11.0
0.0 32.972973 0.011 49.0 12.0
0.0 35.970516 0.011 49.0 12.0
0.0 35.970516 0.012 48.0 13.0
0.0 38.96806 0.012 48.0 13.0
0.0 38.96806 0.013 47.0 14.0
0.0 41.965603 0.013 47.0 14.0
0.0 41.965603 0.014 46.0 15.0
0.0 44.963146 0.014 46.0 15.0
0.0 44.963146 0.015 45.0 16.0
0.0 47.96069 0.015 45.0 16.0
0.0 47.96069 0.016 28.0 17.0
-0.48756596 50.90489 0.2814963516 28.0 17.0
-0.48756596 50.90489 0.2814963517 27.0 18.0
-0.9751319 53.849087 0.562992717 27.0 18.0
-0.9751319 53.849087 0.562992718 26.0 19.0
-1.4626979 56.793285 0.8444890418 26.0 19.0
-1.4626979 56.793285 0.8444890419 25.0 20.0
-1.9502639 59.737484 1.125985419 25.0 20.0
-1.9502639 59.737484 1.125985420 24.0 21.0
-2.4378297 62.681683 1.407481720 24.0 21.0
-2.4378297 62.681683 1.407481721 23.0 22.0
-2.9253957 65.62588 1.68897821 23.0 22.0
-2.9253957 65.62588 1.68897822 22.0 23.0
-3.4129617 68.570076 1.970474222 22.0 23.0
-3.4129617 68.570076 1.970474223 21.0 24.0
-3.9005277 71.514275 2.251970523 21.0 24.0
-3.9005277 71.514275 2.251970524 12.0 25.0
-4.858306 74.30034 2.80494424 12.0 25.0
-4.858306 74.30034 2.80494425 11.0 26.0
-5.8160844 77.0864 3.357917825 11.0 26.0
-5.8160844 77.0864 3.357917826 10.0 27.0
-6.773863 79.87247 3.910891526 10.0 27.0
-6.773863 79.87247 3.910891527 9.0 28.0
-7.7316413 82.65853 4.463865327 9.0 28.0
-7.7316413 82.65853 4.463865328 4.0 29.0
-9.125543 85.187294 5.26863528 4.0 29.0
-9.125543 85.187294 5.26863529 3.0 30.0
-10.5194435 87.71606 6.073404329 3.0 30.0
-10.5194435 87.71606 6.073404330 0.0 31.0
-12.299855 89.89752 7.101325530 0.0 31.0
-12.299855 89.89752 7.101325531 0.0 32.0
-14.355698 92.07898 7.101325531 0.0 32.0
-10.5194435 87.71606 6.073404332 0.0 31.0
-11.4772215 90.50212 6.62637832 0.0 31.0
-11.4772215 90.50212 6.62637833 0.0 32.0
-12.583169 93.288185 6.62637833 0.0 32.0
-10.5194435 87.71606 6.073404334 2.0 31.0
-12.128983 90.24482 6.073404334 2.0 31.0
-12.128983 90.24482 6.073404335 1.0 32.0
-13.738522 92.77358 6.073404335 1.0 32.0
-13.738522 92.77358 6.073404336 0.0 33.0
-15.348061 95.302345 6.073404336 0.0 33.0
-15.348061 95.302345 6.073404337 0.0 34.0
-16.9576 97.83111 6.073404337 0.0 34.0
-7.7316413 82.65853 4.463865338 4.0 29.0
-8.219207 85.60273 4.74536238 4.0 29.0
-8.219207 85.60273 4.74536239 3.0 30.0
-8.706773 88.54693 5.026858339 3.0 30.0
-8.706773 88.54693 5.026858340 0.0 31.0
-9.664551 91.33299 5.57983240 0.0 31.0
-9.664551 91.33299 5.57983241 0.0 32.0
-10.770498 94.11906 5.57983241 0.0 32.0
-8.706773 88.54693 5.026858342 0.0 31.0
-8.706773 91.54447 5.026858342 0.0 31.0
-8.706773 91.54447 5.026858343 0.0 32.0
-8.706773 94.542015 5.026858343 0.0 32.0
-8.706773 88.54693 5.026858344 2.0 31.0
-9.269766 91.49113 5.026858344 2.0 31.0
-9.269766 91.49113 5.026858345 1.0 32.0
-9.832759 94.435326 5.026858345 1.0 32.0
-9.832759 94.435326 5.026858346 0.0 33.0
-10.395752 97.379524 5.026858346 0.0 33.0
-10.395752 97.379524 5.026858347 0.0 34.0
-10.958745 100.32372 5.026858347 0.0 34.0
-7.7316413 82.65853 4.463865348 8.0 29.0
-8.837588 85.444595 4.463865348 8.0 29.0
-8.837588 85.444595 4.463865349 7.0 30.0
-9.943536 88.23066 4.463865349 7.0 30.0
-9.943536 88.23066 4.463865350 6.0 31.0
-11.049483 91.01672 4.463865350 6.0 31.0
-11.049483 91.01672 4.463865351 5.0 32.0
-12.155431 93.80279 4.463865351 5.0 32.0
-12.155431 93.80279 4.463865352 4.0 33.0
-13.261378 96.58885 4.463865352 4.0 33.0
-13.261378 96.58885 4.463865353 3.0 34.0
-14.367326 99.374916 4.463865353 3.0 34.0
-14.367326 99.374916 4.463865354 0.0 35.0
-15.761227 101.90368 5.26863554 0.0 35.0
-15.761227 101.90368 5.26863555 0.0 36.0
-17.370766 104.43244 5.26863555 0.0 36.0
-14.367326 99.374916 4.463865356 0.0 35.0
-14.854892 102.319115 4.74536256 0.0 35.0
-14.854892 102.319115 4.74536257 0.0 36.0
-15.417885 105.26331 4.74536257 0.0 36.0
-14.367326 99.374916 4.463865358 2.0 35.0
-15.473273 102.16098 4.463865358 2.0 35.0
-15.473273 102.16098 4.463865359 1.0 36.0
-16.57922 104.947044 4.463865359 1.0 36.0
-16.57922 104.947044 4.463865360 0.0 37.0
-17.685167 107.73311 4.463865360 0.0 37.0
-17.685167 107.73311 4.463865361 0.0 38.0
-18.791115 110.51917 4.463865361 0.0 38.0
-3.9005277 71.514275 2.251970562 12.0 25.0
-3.9005277 74.51182 2.251970562 12.0 25.0
-3.9005277 74.51182 2.251970563 11.0 26.0
-3.9005277 77.50936 2.251970563 11.0 26.0
-3.9005277 77.50936 2.251970564 10.0 27.0
-3.9005277 80.506905 2.251970564 10.0 27.0
-3.9005277 80.506905 2.251970565 9.0 28.0
-3.9005277 83.50445 2.251970565 9.0 28.0
-3.9005277 83.50445 2.251970566 4.0 29.0
-4.3880935 86.44865 2.533466866 4.0 29.0
-4.3880935 86.44865 2.533466867 3.0 30.0
-4.8756595 89.392845 2.81496367 3.0 30.0
-4.8756595 89.392845 2.81496368 0.0 31.0
-5.833438 92.17891 3.367936668 0.0 31.0
-5.833438 92.17891 3.367936669 0.0 32.0
-6.9393854 94.96497 3.367936669 0.0 32.0
-4.8756595 89.392845 2.81496370 0.0 31.0
-4.8756595 92.39039 2.81496370 0.0 31.0
-4.8756595 92.39039 2.81496371 0.0 32.0
-4.8756595 95.38793 2.81496371 0.0 32.0
-4.8756595 89.392845 2.81496372 2.0 31.0
-5.438652 92.33704 2.81496372 2.0 31.0
-5.438652 92.33704 2.81496373 1.0 32.0
-6.0016446 95.28124 2.81496373 1.0 32.0
-6.0016446 95.28124 2.81496374 0.0 33.0
-6.564637 98.22544 2.81496374 0.0 33.0
-6.564637 98.22544 2.81496375 0.0 34.0
-7.1276298 101.16964 2.81496375 0.0 34.0
-3.9005277 83.50445 2.251970576 4.0 29.0
-3.4129617 86.44865 1.970474276 4.0 29.0
-3.4129617 86.44865 1.970474277 3.0 30.0
-2.9253957 89.392845 1.68897877 3.0 30.0
-2.9253957 89.392845 1.68897878 0.0 31.0
-2.9253957 92.39039 1.68897878 0.0 31.0
-2.9253957 92.39039 1.68897879 0.0 32.0
-2.9253957 95.38793 1.68897879 0.0 32.0
-2.9253957 89.392845 1.68897880 0.0 31.0
-1.9676173 92.17891 1.136004380 0.0 31.0
-1.9676173 92.17891 1.136004381 0.0 32.0
-0.86167 94.96497 1.136004381 0.0 32.0
-2.9253957 89.392845 1.68897882 2.0 31.0
-2.362403 92.33704 1.68897882 2.0 31.0
-2.362403 92.33704 1.68897883 1.0 32.0
-1.7994102 95.28124 1.68897883 1.0 32.0
-1.7994102 95.28124 1.68897884 0.0 33.0
-1.2364175 98.22544 1.68897884 0.0 33.0
-1.2364175 98.22544 1.68897885 0.0 34.0
-0.67342484 101.16964 1.68897885 0.0 34.0
-3.9005277 83.50445 2.251970586 8.0 29.0
-3.9005277 86.50199 2.251970586 8.0 29.0
-3.9005277 86.50199 2.251970587 7.0 30.0
-3.9005277 89.499535 2.251970587 7.0 30.0
-3.9005277 89.499535 2.251970588 6.0 31.0
-3.9005277 92.49708 2.251970588 6.0 31.0
-3.9005277 92.49708 2.251970589 5.0 32.0
-3.9005277 95.49462 2.251970589 5.0 32.0
-3.9005277 95.49462 2.251970590 4.0 33.0
-3.9005277 98.492165 2.251970590 4.0 33.0
-3.9005277 98.492165 2.251970591 3.0 34.0
-3.9005277 101.48971 2.251970591 3.0 34.0
-3.9005277 101.48971 2.251970592 0.0 35.0
-4.3880935 104.43391 2.533466892 0.0 35.0
-4.3880935 104.43391 2.533466893 0.0 36.0
-4.951086 107.378105 2.533466893 0.0 36.0
-3.9005277 101.48971 2.251970594 0.0 35.0
-3.4129617 104.43391 1.970474294 0.0 35.0
-3.4129617 104.43391 1.970474295 0.0 36.0
-2.849969 107.378105 1.970474295 0.0 36.0
-3.9005277 101.48971 2.251970596 2.0 35.0
-3.9005277 104.48725 2.251970596 2.0 35.0
-3.9005277 104.48725 2.251970597 1.0 36.0
-3.9005277 107.484795 2.251970597 1.0 36.0
-3.9005277 107.484795 2.251970598 0.0 37.0
-3.9005277 110.48234 2.251970598 0.0 37.0
-3.9005277 110.48234 2.251970599 0.0 38.0
-3.9005277 113.47988 2.251970599 0.0 38.0
-3.9005277 71.514275 2.2519705100 20.0 25.0
-4.4635205 74.45847 2.2519705100 20.0 25.0
-4.4635205 74.45847 2.2519705101 19.0 26.0
-5.026513 77.40267 2.2519705101 19.0 26.0
-5.026513 77.40267 2.2519705102 18.0 27.0
-5.5895057 80.34687 2.2519705102 18.0 27.0
-5.5895057 80.34687 2.2519705103 17.0 28.0
-6.1524982 83.29107 2.2519705103 17.0 28.0
-6.1524982 83.29107 2.2519705104 16.0 29.0
-6.715491 86.23527 2.2519705104 16.0 29.0
-6.715491 86.23527 2.2519705105 15.0 30.0
-7.2784834 89.17947 2.2519705105 15.0 30.0
-7.2784834 89.17947 2.2519705106 14.0 31.0
-7.841476 92.123665 2.2519705106 14.0 31.0
-7.841476 92.123665 2.2519705107 13.0 32.0
-8.404469 95.06786 2.2519705107 13.0 32.0
-8.404469 95.06786 2.2519705108 12.0 33.0
-8.967462 98.01206 2.2519705108 12.0 33.0
-8.967462 98.01206 2.2519705109 11.0 34.0
-9.530455 100.95626 2.2519705109 11.0 34.0
-9.530455 100.95626 2.2519705110 10.0 35.0
-10.093448 103.90046 2.2519705110 10.0 35.0
-10.093448 103.90046 2.2519705111 9.0 36.0
-10.656441 106.84466 2.2519705111 9.0 36.0
-10.656441 106.84466 2.2519705112 4.0 37.0
-11.614219 109.63072 2.804944112 4.0 37.0
-11.614219 109.63072 2.804944113 3.0 38.0
-12.571997 112.41679 3.3579178113 3.0 38.0
-12.571997 112.41679 3.3579178114 0.0 39.0
-13.965898 114.94555 4.1626873114 0.0 39.0
-13.965898 114.94555 4.1626873115 0.0 40.0
-15.575436 117.47431 4.1626873115 0.0 40.0
-12.571997 112.41679 3.3579178116 0.0 39.0
-13.059563 115.360985 3.639414116 0.0 39.0
-13.059563 115.360985 3.639414117 0.0 40.0
-13.622556 118.30518 3.639414117 0.0 40.0
-12.571997 112.41679 3.3579178118 2.0 39.0
-13.677944 115.20285 3.3579178118 2.0 39.0
-13.677944 115.20285 3.3579178119 1.0 40.0
-14.783892 117.988914 3.3579178119 1.0 40.0
-14.783892 117.988914 3.3579178120 0.0 41.0
-15.889839 120.77498 3.3579178120 0.0 41.0
-15.889839 120.77498 3.3579178121 0.0 42.0
-16.995787 123.56104 3.3579178121 0.0 42.0
-10.656441 106.84466 2.2519705122 4.0 37.0
-10.656441 109.8422 2.2519705122 4.0 37.0
-10.656441 109.8422 2.2519705123 3.0 38.0
-10.656441 112.839745 2.2519705123 3.0 38.0
-10.656441 112.839745 2.2519705124 0.0 39.0
-11.144007 115.78394 2.5334668124 0.0 39.0
-11.144007 115.78394 2.5334668125 0.0 40.0
-11.707 118.72814 2.5334668125 0.0 40.0
-10.656441 112.839745 2.2519705126 0.0 39.0
-10.168875 115.78394 1.9704742126 0.0 39.0
-10.168875 115.78394 1.9704742127 0.0 40.0
-9.605882 118.72814 1.9704742127 0.0 40.0
-10.656441 112.839745 2.2519705128 2.0 39.0
-10.656441 115.83729 2.2519705128 2.0 39.0
-10.656441 115.83729 2.2519705129 1.0 40.0
-10.656441 118.83483 2.2519705129 1.0 40.0
-10.656441 118.83483 2.2519705130 0.0 41.0
-10.656441 121.832375 2.2519705130 0.0 41.0
-10.656441 121.832375 2.2519705131 0.0 42.0
-10.656441 124.82992 2.2519705131 0.0 42.0
-10.656441 106.84466 2.2519705132 8.0 37.0
-11.219434 109.78886 2.2519705132 8.0 37.0
-11.219434 109.78886 2.2519705133 7.0 38.0
-11.782427 112.733055 2.2519705133 7.0 38.0
-11.782427 112.733055 2.2519705134 6.0 39.0
-12.34542 115.67725 2.2519705134 6.0 39.0
-12.34542 115.67725 2.2519705135 5.0 40.0
-12.908413 118.62145 2.2519705135 5.0 40.0
-12.908413 118.62145 2.2519705136 4.0 41.0
-13.471406 121.56565 2.2519705136 4.0 41.0
-13.471406 121.56565 2.2519705137 3.0 42.0
-14.034399 124.50985 2.2519705137 3.0 42.0
-14.034399 124.50985 2.2519705138 0.0 43.0
-14.992177 127.29591 2.804944138 0.0 43.0
-14.992177 127.29591 2.804944139 0.0 44.0
-16.098124 130.08197 2.804944139 0.0 44.0
-14.034399 124.50985 2.2519705140 0.0 43.0
-14.034399 127.50739 2.2519705140 0.0 43.0
-14.034399 127.50739 2.2519705141 0.0 44.0
-14.034399 130.50493 2.2519705141 0.0 44.0
-14.034399 124.50985 2.2519705142 2.0 43.0
-14.597392 127.45405 2.2519705142 2.0 43.0
-14.597392 127.45405 2.2519705143 1.0 44.0
-15.160385 130.39824 2.2519705143 1.0 44.0
-15.160385 130.39824 2.2519705144 0.0 45.0
-15.723378 133.34244 2.2519705144 0.0 45.0
-15.723378 133.34244 2.2519705145 0.0 46.0
-16.286371 136.28664 2.2519705145 0.0 46.0
0.0 47.96069 0.0146 28.0 17.0
0.48756596 50.90489 -0.28149635146 28.0 17.0
0.48756596 50.90489 -0.28149635147 27.0 18.0
0.9751319 53.849087 -0.5629927147 27.0 18.0
0.9751319 53.849087 -0.5629927148 26.0 19.0
1.4626979 56.793285 -0.84448904148 26.0 19.0
1.4626979 56.793285 -0.84448904149 25.0 20.0
1.9502639 59.737484 -1.1259854149 25.0 20.0
1.9502639 59.737484 -1.1259854150 24.0 21.0
2.4378297 62.681683 -1.4074817150 24.0 21.0
2.4378297 62.681683 -1.4074817151 23.0 22.0
2.9253957 65.62588 -1.688978151 23.0 22.0
2.9253957 65.62588 -1.688978152 22.0 23.0
3.4129617 68.570076 -1.9704742152 22.0 23.0
3.4129617 68.570076 -1.9704742153 21.0 24.0
3.9005277 71.514275 -2.2519705153 21.0 24.0
3.9005277 71.514275 -2.2519705154 12.0 25.0
3.9005277 74.51182 -2.2519705154 12.0 25.0
3.9005277 74.51182 -2.2519705155 11.0 26.0
3.9005277 77.50936 -2.2519705155 11.0 26.0
3.9005277 77.50936 -2.2519705156 10.0 27.0
3.9005277 80.506905 -2.2519705156 10.0 27.0
3.9005277 80.506905 -2.2519705157 9.0 28.0
3.9005277 83.50445 -2.2519705157 9.0 28.0
3.9005277 83.50445 -2.2519705158 4.0 29.0
3.4129617 86.44865 -1.9704742158 4.0 29.0
3.4129617 86.44865 -1.9704742159 3.0 30.0
2.9253957 89.392845 -1.688978159 3.0 30.0
2.9253957 89.392845 -1.688978160 0.0 31.0
1.9676173 92.17891 -1.1360043160 0.0 31.0
1.9676173 92.17891 -1.1360043161 0.0 32.0
0.86167 94.96497 -1.1360043161 0.0 32.0
2.9253957 89.392845 -1.688978162 0.0 31.0
2.9253957 92.39039 -1.688978162 0.0 31.0
2.9253957 92.39039 -1.688978163 0.0 32.0
2.9253957 95.38793 -1.688978163 0.0 32.0
2.9253957 89.392845 -1.688978164 2.0 31.0
2.362403 92.33704 -1.688978164 2.0 31.0
2.362403 92.33704 -1.688978165 1.0 32.0
1.7994102 95.28124 -1.688978165 1.0 32.0
1.7994102 95.28124 -1.688978166 0.0 33.0
1.2364175 98.22544 -1.688978166 0.0 33.0
1.2364175 98.22544 -1.688978167 0.0 34.0
0.67342484 101.16964 -1.688978167 0.0 34.0
3.9005277 83.50445 -2.2519705168 4.0 29.0
4.3880935 86.44865 -2.5334668168 4.0 29.0
4.3880935 86.44865 -2.5334668169 3.0 30.0
4.8756595 89.392845 -2.814963169 3.0 30.0
4.8756595 89.392845 -2.814963170 0.0 31.0
4.8756595 92.39039 -2.814963170 0.0 31.0
4.8756595 92.39039 -2.814963171 0.0 32.0
4.8756595 95.38793 -2.814963171 0.0 32.0
4.8756595 89.392845 -2.814963172 0.0 31.0
5.833438 92.17891 -3.3679366172 0.0 31.0
5.833438 92.17891 -3.3679366173 0.0 32.0
6.9393854 94.96497 -3.3679366173 0.0 32.0
4.8756595 89.392845 -2.814963174 2.0 31.0
5.438652 92.33704 -2.814963174 2.0 31.0
5.438652 92.33704 -2.814963175 1.0 32.0
6.0016446 95.28124 -2.814963175 1.0 32.0
6.0016446 95.28124 -2.814963176 0.0 33.0
6.564637 98.22544 -2.814963176 0.0 33.0
6.564637 98.22544 -2.814963177 0.0 34.0
7.1276298 101.16964 -2.814963177 0.0 34.0
3.9005277 83.50445 -2.2519705178 8.0 29.0
3.9005277 86.50199 -2.2519705178 8.0 29.0
3.9005277 86.50199 -2.2519705179 7.0 30.0
3.9005277 89.499535 -2.2519705179 7.0 30.0
3.9005277 89.499535 -2.2519705180 6.0 31.0
3.9005277 92.49708 -2.2519705180 6.0 31.0
3.9005277 92.49708 -2.2519705181 5.0 32.0
3.9005277 95.49462 -2.2519705181 5.0 32.0
3.9005277 95.49462 -2.2519705182 4.0 33.0
3.9005277 98.492165 -2.2519705182 4.0 33.0
3.9005277 98.492165 -2.2519705183 3.0 34.0
3.9005277 101.48971 -2.2519705183 3.0 34.0
3.9005277 101.48971 -2.2519705184 0.0 35.0
3.4129617 104.43391 -1.9704742184 0.0 35.0
3.4129617 104.43391 -1.9704742185 0.0 36.0
2.849969 107.378105 -1.9704742185 0.0 36.0
3.9005277 101.48971 -2.2519705186 0.0 35.0
4.3880935 104.43391 -2.5334668186 0.0 35.0
4.3880935 104.43391 -2.5334668187 0.0 36.0
4.951086 107.378105 -2.5334668187 0.0 36.0
3.9005277 101.48971 -2.2519705188 2.0 35.0
3.9005277 104.48725 -2.2519705188 2.0 35.0
3.9005277 104.48725 -2.2519705189 1.0 36.0
3.9005277 107.484795 -2.2519705189 1.0 36.0
3.9005277 107.484795 -2.2519705190 0.0 37.0
3.9005277 110.48234 -2.2519705190 0.0 37.0
3.9005277 110.48234 -2.2519705191 0.0 38.0
3.9005277 113.47988 -2.2519705191 0.0 38.0
3.9005277 71.514275 -2.2519705192 12.0 25.0
4.858306 74.30034 -2.804944192 12.0 25.0
4.858306 74.30034 -2.804944193 11.0 26.0
5.8160844 77.0864 -3.3579178193 11.0 26.0
5.8160844 77.0864 -3.3579178194 10.0 27.0
6.773863 79.87247 -3.9108915194 10.0 27.0
6.773863 79.87247 -3.9108915195 9.0 28.0
7.7316413 82.65853 -4.4638653195 9.0 28.0
7.7316413 82.65853 -4.4638653196 4.0 29.0
8.219207 85.60273 -4.745362196 4.0 29.0
8.219207 85.60273 -4.745362197 3.0 30.0
8.706773 88.54693 -5.0268583197 3.0 30.0
8.706773 88.54693 -5.0268583198 0.0 31.0
8.706773 91.54447 -5.0268583198 0.0 31.0
8.706773 91.54447 -5.0268583199 0.0 32.0
8.706773 94.542015 -5.0268583199 0.0 32.0
8.706773 88.54693 -5.0268583200 0.0 31.0
9.664551 91.33299 -5.579832200 0.0 31.0
9.664551 91.33299 -5.579832201 0.0 32.0
10.770498 94.11906 -5.579832201 0.0 32.0
8.706773 88.54693 -5.0268583202 2.0 31.0
9.269766 91.49113 -5.0268583202 2.0 31.0
9.269766 91.49113 -5.0268583203 1.0 32.0
9.832759 94.435326 -5.0268583203 1.0 32.0
9.832759 94.435326 -5.0268583204 0.0 33.0
10.395752 97.379524 -5.0268583204 0.0 33.0
10.395752 97.379524 -5.0268583205 0.0 34.0
10.958745 100.32372 -5.0268583205 0.0 34.0
7.7316413 82.65853 -4.4638653206 4.0 29.0
9.125543 85.187294 -5.268635206 4.0 29.0
9.125543 85.187294 -5.268635207 3.0 30.0
10.5194435 87.71606 -6.0734043207 3.0 30.0
10.5194435 87.71606 -6.0734043208 0.0 31.0
11.4772215 90.50212 -6.626378208 0.0 31.0
11.4772215 90.50212 -6.626378209 0.0 32.0
12.583169 93.288185 -6.626378209 0.0 32.0
10.5194435 87.71606 -6.0734043210 0.0 31.0
12.299855 89.89752 -7.1013255210 0.0 31.0
12.299855 89.89752 -7.1013255211 0.0 32.0
14.355698 92.07898 -7.1013255211 0.0 32.0
10.5194435 87.71606 -6.0734043212 2.0 31.0
12.128983 90.24482 -6.0734043212 2.0 31.0
12.128983 90.24482 -6.0734043213 1.0 32.0
13.738522 92.77358 -6.0734043213 1.0 32.0
13.738522 92.77358 -6.0734043214 0.0 33.0
15.348061 95.302345 -6.0734043214 0.0 33.0
15.348061 95.302345 -6.0734043215 0.0 34.0
16.9576 97.83111 -6.0734043215 0.0 34.0
7.7316413 82.65853 -4.4638653216 8.0 29.0
8.837588 85.444595 -4.4638653216 8.0 29.0
8.837588 85.444595 -4.4638653217 7.0 30.0
9.943536 88.23066 -4.4638653217 7.0 30.0
9.943536 88.23066 -4.4638653218 6.0 31.0
11.049483 91.01672 -4.4638653218 6.0 31.0
11.049483 91.01672 -4.4638653219 5.0 32.0
12.155431 93.80279 -4.4638653219 5.0 32.0
12.155431 93.80279 -4.4638653220 4.0 33.0
13.261378 96.58885 -4.4638653220 4.0 33.0
13.261378 96.58885 -4.4638653221 3.0 34.0
14.367326 99.374916 -4.4638653221 3.0 34.0
14.367326 99.374916 -4.4638653222 0.0 35.0
14.854892 102.319115 -4.745362222 0.0 35.0
14.854892 102.319115 -4.745362223 0.0 36.0
15.417885 105.26331 -4.745362223 0.0 36.0
14.367326 99.374916 -4.4638653224 0.0 35.0
15.761227 101.90368 -5.268635224 0.0 35.0
15.761227 101.90368 -5.268635225 0.0 36.0
17.370766 104.43244 -5.268635225 0.0 36.0
14.367326 99.374916 -4.4638653226 2.0 35.0
15.473273 102.16098 -4.4638653226 2.0 35.0
15.473273 102.16098 -4.4638653227 1.0 36.0
16.57922 104.947044 -4.4638653227 1.0 36.0
16.57922 104.947044 -4.4638653228 0.0 37.0
17.685167 107.73311 -4.4638653228 0.0 37.0
17.685167 107.73311 -4.4638653229 0.0 38.0
18.791115 110.51917 -4.4638653229 0.0 38.0
3.9005277 71.514275 -2.2519705230 20.0 25.0
4.4635205 74.45847 -2.2519705230 20.0 25.0
4.4635205 74.45847 -2.2519705231 19.0 26.0
5.026513 77.40267 -2.2519705231 19.0 26.0
5.026513 77.40267 -2.2519705232 18.0 27.0
5.5895057 80.34687 -2.2519705232 18.0 27.0
5.5895057 80.34687 -2.2519705233 17.0 28.0
6.1524982 83.29107 -2.2519705233 17.0 28.0
6.1524982 83.29107 -2.2519705234 16.0 29.0
6.715491 86.23527 -2.2519705234 16.0 29.0
6.715491 86.23527 -2.2519705235 15.0 30.0
7.2784834 89.17947 -2.2519705235 15.0 30.0
7.2784834 89.17947 -2.2519705236 14.0 31.0
7.841476 92.123665 -2.2519705236 14.0 31.0
7.841476 92.123665 -2.2519705237 13.0 32.0
8.404469 95.06786 -2.2519705237 13.0 32.0
8.404469 95.06786 -2.2519705238 12.0 33.0
8.967462 98.01206 -2.2519705238 12.0 33.0
8.967462 98.01206 -2.2519705239 11.0 34.0
9.530455 100.95626 -2.2519705239 11.0 34.0
9.530455 100.95626 -2.2519705240 10.0 35.0
10.093448 103.90046 -2.2519705240 10.0 35.0
10.093448 103.90046 -2.2519705241 9.0 36.0
10.656441 106.84466 -2.2519705241 9.0 36.0
10.656441 106.84466 -2.2519705242 4.0 37.0
10.656441 109.8422 -2.2519705242 4.0 37.0
10.656441 109.8422 -2.2519705243 3.0 38.0
10.656441 112.839745 -2.2519705243 3.0 38.0
10.656441 112.839745 -2.2519705244 0.0 39.0
10.168875 115.78394 -1.9704742244 0.0 39.0
10.168875 115.78394 -1.9704742245 0.0 40.0
9.605882 118.72814 -1.9704742245 0.0 40.0
10.656441 112.839745 -2.2519705246 0.0 39.0
11.144007 115.78394 -2.5334668246 0.0 39.0
11.144007 115.78394 -2.5334668247 0.0 40.0
11.707 118.72814 -2.5334668247 0.0 40.0
10.656441 112.839745 -2.2519705248 2.0 39.0
10.656441 115.83729 -2.2519705248 2.0 39.0
10.656441 115.83729 -2.2519705249 1.0 40.0
10.656441 118.83483 -2.2519705249 1.0 40.0
10.656441 118.83483 -2.2519705250 0.0 41.0
10.656441 121.832375 -2.2519705250 0.0 41.0
10.656441 121.832375 -2.2519705251 0.0 42.0
10.656441 124.82992 -2.2519705251 0.0 42.0
10.656441 106.84466 -2.2519705252 4.0 37.0
11.614219 109.63072 -2.804944252 4.0 37.0
11.614219 109.63072 -2.804944253 3.0 38.0
12.571997 112.41679 -3.3579178253 3.0 38.0
12.571997 112.41679 -3.3579178254 0.0 39.0
13.059563 115.360985 -3.639414254 0.0 39.0
13.059563 115.360985 -3.639414255 0.0 40.0
13.622556 118.30518 -3.639414255 0.0 40.0
12.571997 112.41679 -3.3579178256 0.0 39.0
13.965898 114.94555 -4.1626873256 0.0 39.0
13.965898 114.94555 -4.1626873257 0.0 40.0
15.575436 117.47431 -4.1626873257 0.0 40.0
12.571997 112.41679 -3.3579178258 2.0 39.0
13.677944 115.20285 -3.3579178258 2.0 39.0
13.677944 115.20285 -3.3579178259 1.0 40.0
14.783892 117.988914 -3.3579178259 1.0 40.0
14.783892 117.988914 -3.3579178260 0.0 41.0
15.889839 120.77498 -3.3579178260 0.0 41.0
15.889839 120.77498 -3.3579178261 0.0 42.0
16.995787 123.56104 -3.3579178261 0.0 42.0
10.656441 106.84466 -2.2519705262 8.0 37.0
11.219434 109.78886 -2.2519705262 8.0 37.0
11.219434 109.78886 -2.2519705263 7.0 38.0
11.782427 112.733055 -2.2519705263 7.0 38.0
11.782427 112.733055 -2.2519705264 6.0 39.0
12.34542 115.67725 -2.2519705264 6.0 39.0
12.34542 115.67725 -2.2519705265 5.0 40.0
12.908413 118.62145 -2.2519705265 5.0 40.0
12.908413 118.62145 -2.2519705266 4.0 41.0
13.471406 121.56565 -2.2519705266 4.0 41.0
13.471406 121.56565 -2.2519705267 3.0 42.0
14.034399 124.50985 -2.2519705267 3.0 42.0
14.034399 124.50985 -2.2519705268 0.0 43.0
14.034399 127.50739 -2.2519705268 0.0 43.0
14.034399 127.50739 -2.2519705269 0.0 44.0
14.034399 130.50493 -2.2519705269 0.0 44.0
14.034399 124.50985 -2.2519705270 0.0 43.0
14.992177 127.29591 -2.804944270 0.0 43.0
14.992177 127.29591 -2.804944271 0.0 44.0
16.098124 130.08197 -2.804944271 0.0 44.0
14.034399 124.50985 -2.2519705272 2.0 43.0
14.597392 127.45405 -2.2519705272 2.0 43.0
14.597392 127.45405 -2.2519705273 1.0 44.0
15.160385 130.39824 -2.2519705273 1.0 44.0
15.160385 130.39824 -2.2519705274 0.0 45.0
15.723378 133.34244 -2.2519705274 0.0 45.0
15.723378 133.34244 -2.2519705275 0.0 46.0
16.286371 136.28664 -2.2519705275 0.0 46.0
0.0 47.96069 0.0276 44.0 17.0
0.0 50.958233 0.0276 44.0 17.0
0.0 50.958233 0.0277 43.0 18.0
0.0 53.955776 0.0277 43.0 18.0
0.0 53.955776 0.0278 42.0 19.0
0.0 56.95332 0.0278 42.0 19.0
0.0 56.95332 0.0279 41.0 20.0
0.0 59.950863 0.0279 41.0 20.0
0.0 59.950863 0.0280 40.0 21.0
0.0 62.948406 0.0280 40.0 21.0
0.0 62.948406 0.0281 39.0 22.0
0.0 65.945946 0.0281 39.0 22.0
0.0 65.945946 0.0282 38.0 23.0
0.0 68.94349 0.0282 38.0 23.0
0.0 68.94349 0.0283 37.0 24.0
0.0 71.94103 0.0283 37.0 24.0
0.0 71.94103 0.0284 36.0 25.0
0.0 74.938576 0.0284 36.0 25.0
0.0 74.938576 0.0285 35.0 26.0
0.0 77.93612 0.0285 35.0 26.0
0.0 77.93612 0.0286 34.0 27.0
0.0 80.93366 0.0286 34.0 27.0
0.0 80.93366 0.0287 33.0 28.0
0.0 83.931206 0.0287 33.0 28.0
0.0 83.931206 0.0288 32.0 29.0
0.0 86.92875 0.0288 32.0 29.0
0.0 86.92875 0.0289 31.0 30.0
0.0 89.92629 0.0289 31.0 30.0
0.0 89.92629 0.0290 30.0 31.0
0.0 92.923836 0.0290 30.0 31.0
0.0 92.923836 0.0291 29.0 32.0
0.0 95.92138 0.0291 29.0 32.0
0.0 95.92138 0.0292 28.0 33.0
0.0 98.91892 0.0292 28.0 33.0
0.0 98.91892 0.0293 27.0 34.0
0.0 101.916466 0.0293 27.0 34.0
0.0 101.916466 0.0294 26.0 35.0
0.0 104.91401 0.0294 26.0 35.0
0.0 104.91401 0.0295 25.0 36.0
0.0 107.91155 0.0295 25.0 36.0
0.0 107.91155 0.0296 24.0 37.0
0.0 110.909096 0.0296 24.0 37.0
0.0 110.909096 0.0297 23.0 38.0
0.0 113.90664 0.0297 23.0 38.0
0.0 113.90664 0.0298 22.0 39.0
0.0 116.90418 0.0298 22.0 39.0
0.0 116.90418 0.0299 21.0 40.0
0.0 119.901726 0.0299 21.0 40.0
0.0 119.901726 0.0300 12.0 41.0
-0.48756596 122.845924 0.28149635300 12.0 41.0
-0.48756596 122.845924 0.28149635301 11.0 42.0
-0.9751319 125.79012 0.5629927301 11.0 42.0
-0.9751319 125.79012 0.5629927302 10.0 43.0
-1.4626979 128.73431 0.84448904302 10.0 43.0
-1.4626979 128.73431 0.84448904303 9.0 44.0
-1.9502639 131.67851 1.1259854303 9.0 44.0
-1.9502639 131.67851 1.1259854304 4.0 45.0
-2.9080422 134.46457 1.678959304 4.0 45.0
-2.9080422 134.46457 1.678959305 3.0 46.0
-3.8658206 137.25063 2.2319326305 3.0 46.0
-3.8658206 137.25063 2.2319326306 0.0 47.0
-5.2597218 139.77939 3.036702306 0.0 47.0
-5.2597218 139.77939 3.036702307 0.0 48.0
-6.8692603 142.30815 3.036702307 0.0 48.0
-3.8658206 137.25063 2.2319326308 0.0 47.0
-4.3533864 140.19482 2.513429308 0.0 47.0
-4.3533864 140.19482 2.513429309 0.0 48.0
-4.916379 143.13902 2.513429309 0.0 48.0
-3.8658206 137.25063 2.2319326310 2.0 47.0
-4.971768 140.03668 2.2319326310 2.0 47.0
-4.971768 140.03668 2.2319326311 1.0 48.0
-6.077715 142.82274 2.2319326311 1.0 48.0
-6.077715 142.82274 2.2319326312 0.0 49.0
-7.1836624 145.6088 2.2319326312 0.0 49.0
-7.1836624 145.6088 2.2319326313 0.0 50.0
-8.28961 148.39485 2.2319326313 0.0 50.0
-1.9502639 131.67851 1.1259854314 4.0 45.0
-1.9502639 134.67606 1.1259854314 4.0 45.0
-1.9502639 134.67606 1.1259854315 3.0 46.0
-1.9502639 137.6736 1.1259854315 3.0 46.0
-1.9502639 137.6736 1.1259854316 0.0 47.0
-2.4378297 140.6178 1.4074817316 0.0 47.0
-2.4378297 140.6178 1.4074817317 0.0 48.0
-3.0008225 143.562 1.4074817317 0.0 48.0
-1.9502639 137.6736 1.1259854318 0.0 47.0
-1.4626979 140.6178 0.84448904318 0.0 47.0
-1.4626979 140.6178 0.84448904319 0.0 48.0
-0.8997052 143.562 0.84448904319 0.0 48.0
-1.9502639 137.6736 1.1259854320 2.0 47.0
-1.9502639 140.67114 1.1259854320 2.0 47.0
-1.9502639 140.67114 1.1259854321 1.0 48.0
-1.9502639 143.66869 1.1259854321 1.0 48.0
-1.9502639 143.66869 1.1259854322 0.0 49.0
-1.9502639 146.66623 1.1259854322 0.0 49.0
-1.9502639 146.66623 1.1259854323 0.0 50.0
-1.9502639 149.66377 1.1259854323 0.0 50.0
-1.9502639 131.67851 1.1259854324 8.0 45.0
-2.5132565 134.62271 1.1259854324 8.0 45.0
-2.5132565 134.62271 1.1259854325 7.0 46.0
-3.0762491 137.56691 1.1259854325 7.0 46.0
-3.0762491 137.56691 1.1259854326 6.0 47.0
-3.6392417 140.51111 1.1259854326 6.0 47.0
-3.6392417 140.51111 1.1259854327 5.0 48.0
-4.2022343 143.4553 1.1259854327 5.0 48.0
-4.2022343 143.4553 1.1259854328 4.0 49.0
-4.765227 146.3995 1.1259854328 4.0 49.0
-4.765227 146.3995 1.1259854329 3.0 50.0
-5.3282194 149.3437 1.1259854329 3.0 50.0
-5.3282194 149.3437 1.1259854330 0.0 51.0
-6.285998 152.12976 1.678959330 0.0 51.0
-6.285998 152.12976 1.678959331 0.0 52.0
-7.391945 154.91582 1.678959331 0.0 52.0
-5.3282194 149.3437 1.1259854332 0.0 51.0
-5.3282194 152.34125 1.1259854332 0.0 51.0
-5.3282194 152.34125 1.1259854333 0.0 52.0
-5.3282194 155.33879 1.1259854333 0.0 52.0
-5.3282194 149.3437 1.1259854334 2.0 51.0
-5.891212 152.2879 1.1259854334 2.0 51.0
-5.891212 152.2879 1.1259854335 1.0 52.0
-6.4542046 155.2321 1.1259854335 1.0 52.0
-6.4542046 155.2321 1.1259854336 0.0 53.0
-7.017197 158.1763 1.1259854336 0.0 53.0
-7.017197 158.1763 1.1259854337 0.0 54.0
-7.5801897 161.1205 1.1259854337 0.0 54.0
0.0 119.901726 0.0338 12.0 41.0
0.48756596 122.845924 -0.28149635338 12.0 41.0
0.48756596 122.845924 -0.28149635339 11.0 42.0
0.9751319 125.79012 -0.5629927339 11.0 42.0
0.9751319 125.79012 -0.5629927340 10.0 43.0
1.4626979 128.73431 -0.84448904340 10.0 43.0
1.4626979 128.73431 -0.84448904341 9.0 44.0
1.9502639 131.67851 -1.1259854341 9.0 44.0
1.9502639 131.67851 -1.1259854342 4.0 45.0
1.9502639 134.67606 -1.1259854342 4.0 45.0
1.9502639 134.67606 -1.1259854343 3.0 46.0
1.9502639 137.6736 -1.1259854343 3.0 46.0
1.9502639 137.6736 -1.1259854344 0.0 47.0
1.4626979 140.6178 -0.84448904344 0.0 47.0
1.4626979 140.6178 -0.84448904345 0.0 48.0
0.8997052 143.562 -0.84448904345 0.0 48.0
1.9502639 137.6736 -1.1259854346 0.0 47.0
2.4378297 140.6178 -1.4074817346 0.0 47.0
2.4378297 140.6178 -1.4074817347 0.0 48.0
3.0008225 143.562 -1.4074817347 0.0 48.0
1.9502639 137.6736 -1.1259854348 2.0 47.0
1.9502639 140.67114 -1.1259854348 2.0 47.0
1.9502639 140.67114 -1.1259854349 1.0 48.0
1.9502639 143.66869 -1.1259854349 1.0 48.0
1.9502639 143.66869 -1.1259854350 0.0 49.0
1.9502639 146.66623 -1.1259854350 0.0 49.0
1.9502639 146.66623 -1.1259854351 0.0 50.0
1.9502639 149.66377 -1.1259854351 0.0 50.0
1.9502639 131.67851 -1.1259854352 4.0 45.0
2.9080422 134.46457 -1.678959352 4.0 45.0
2.9080422 134.46457 -1.678959353 3.0 46.0
3.8658206 137.25063 -2.2319326353 3.0 46.0
3.8658206 137.25063 -2.2319326354 0.0 47.0
4.3533864 140.19482 -2.513429354 0.0 47.0
4.3533864 140.19482 -2.513429355 0.0 48.0
4.916379 143.13902 -2.513429355 0.0 48.0
3.8658206 137.25063 -2.2319326356 0.0 47.0
5.2597218 139.77939 -3.036702356 0.0 47.0
5.2597218 139.77939 -3.036702357 0.0 48.0
6.8692603 142.30815 -3.036702357 0.0 48.0
3.8658206 137.25063 -2.2319326358 2.0 47.0
4.971768 140.03668 -2.2319326358 2.0 47.0
4.971768 140.03668 -2.2319326359 1.0 48.0
6.077715 142.82274 -2.2319326359 1.0 48.0
6.077715 142.82274 -2.2319326360 0.0 49.0
7.1836624 145.6088 -2.2319326360 0.0 49.0
7.1836624 145.6088 -2.2319326361 0.0 50.0
8.28961 148.39485 -2.2319326361 0.0 50.0
1.9502639 131.67851 -1.1259854362 8.0 45.0
2.5132565 134.62271 -1.1259854362 8.0 45.0
2.5132565 134.62271 -1.1259854363 7.0 46.0
3.0762491 137.56691 -1.1259854363 7.0 46.0
3.0762491 137.56691 -1.1259854364 6.0 47.0
3.6392417 140.51111 -1.1259854364 6.0 47.0
3.6392417 140.51111 -1.1259854365 5.0 48.0
4.2022343 143.4553 -1.1259854365 5.0 48.0
4.2022343 143.4553 -1.1259854366 4.0 49.0
4.765227 146.3995 -1.1259854366 4.0 49.0
4.765227 146.3995 -1.1259854367 3.0 50.0
5.3282194 149.3437 -1.1259854367 3.0 50.0
5.3282194 149.3437 -1.1259854368 0.0 51.0
5.3282194 152.34125 -1.1259854368 0.0 51.0
5.3282194 152.34125 -1.1259854369 0.0 52.0
5.3282194 155.33879 -1.1259854369 0.0 52.0
5.3282194 149.3437 -1.1259854370 0.0 51.0
6.285998 152.12976 -1.678959370 0.0 51.0
6.285998 152.12976 -1.678959371 0.0 52.0
7.391945 154.91582 -1.678959371 0.0 52.0
5.3282194 149.3437 -1.1259854372 2.0 51.0
5.891212 152.2879 -1.1259854372 2.0 51.0
5.891212 152.2879 -1.1259854373 1.0 52.0
6.4542046 155.2321 -1.1259854373 1.0 52.0
6.4542046 155.2321 -1.1259854374 0.0 53.0
7.017197 158.1763 -1.1259854374 0.0 53.0
7.017197 158.1763 -1.1259854375 0.0 54.0
7.5801897 161.1205 -1.1259854375 0.0 54.0
0.0 119.901726 0.0376 20.0 41.0
0.0 122.89927 0.0376 20.0 41.0
0.0 122.89927 0.0377 19.0 42.0
0.0 125.89681 0.0377 19.0 42.0
0.0 125.89681 0.0378 18.0 43.0
0.0 128.89435 0.0378 18.0 43.0
0.0 128.89435 0.0379 17.0 44.0
0.0 131.89189 0.0379 17.0 44.0
0.0 131.89189 0.0380 16.0 45.0
0.0 134.88943 0.0380 16.0 45.0
0.0 134.88943 0.0381 15.0 46.0
0.0 137.88698 0.0381 15.0 46.0
0.0 137.88698 0.0382 14.0 47.0
0.0 140.88452 0.0382 14.0 47.0
0.0 140.88452 0.0383 13.0 48.0
0.0 143.88206 0.0383 13.0 48.0
0.0 143.88206 0.0384 12.0 49.0
0.0 146.87961 0.0384 12.0 49.0
0.0 146.87961 0.0385 11.0 50.0
0.0 149.87715 0.0385 11.0 50.0
0.0 149.87715 0.0386 10.0 51.0
0.0 152.8747 0.0386 10.0 51.0
0.0 152.8747 0.0387 9.0 52.0
0.0 155.87224 0.0387 9.0 52.0
0.0 155.87224 0.0388 4.0 53.0
-0.48756596 158.81644 0.28149635388 4.0 53.0
-0.48756596 158.81644 0.28149635389 3.0 54.0
-0.9751319 161.76064 0.5629927389 3.0 54.0
-0.9751319 161.76064 0.5629927390 0.0 55.0
-1.9329103 164.54669 1.1159663390 0.0 55.0
-1.9329103 164.54669 1.1159663391 0.0 56.0
-3.0388575 167.33275 1.1159663391 0.0 56.0
-0.9751319 161.76064 0.5629927392 0.0 55.0
-0.9751319 164.75818 0.5629927392 0.0 55.0
-0.9751319 164.75818 0.5629927393 0.0 56.0
-0.9751319 167.75572 0.5629927393 0.0 56.0
-0.9751319 161.76064 0.5629927394 2.0 55.0
-1.5381246 164.70483 0.5629927394 2.0 55.0
-1.5381246 164.70483 0.5629927395 1.0 56.0
-2.1011171 167.64903 0.5629927395 1.0 56.0
-2.1011171 167.64903 0.5629927396 0.0 57.0
-2.6641097 170.59323 0.5629927396 0.0 57.0
-2.6641097 170.59323 0.5629927397 0.0 58.0
-3.2271023 173.53743 0.5629927397 0.0 58.0
0.0 155.87224 0.0398 4.0 53.0
0.48756596 158.81644 -0.28149635398 4.0 53.0
0.48756596 158.81644 -0.28149635399 3.0 54.0
0.9751319 161.76064 -0.5629927399 3.0 54.0
0.9751319 161.76064 -0.5629927400 0.0 55.0
0.9751319 164.75818 -0.5629927400 0.0 55.0
0.9751319 164.75818 -0.5629927401 0.0 56.0
0.9751319 167.75572 -0.5629927401 0.0 56.0
0.9751319 161.76064 -0.5629927402 0.0 55.0
1.9329103 164.54669 -1.1159663402 0.0 55.0
1.9329103 164.54669 -1.1159663403 0.0 56.0
3.0388575 167.33275 -1.1159663403 0.0 56.0
0.9751319 161.76064 -0.5629927404 2.0 55.0
1.5381246 164.70483 -0.5629927404 2.0 55.0
1.5381246 164.70483 -0.5629927405 1.0 56.0
2.1011171 167.64903 -0.5629927405 1.0 56.0
2.1011171 167.64903 -0.5629927406 0.0 57.0
2.6641097 170.59323 -0.5629927406 0.0 57.0
2.6641097 170.59323 -0.5629927407 0.0 58.0
3.2271023 173.53743 -0.5629927407 0.0 58.0
0.0 155.87224 0.0408 8.0 53.0
0.0 158.86978 0.0408 8.0 53.0
0.0 158.86978 0.0409 7.0 54.0
0.0 161.86732 0.0409 7.0 54.0
0.0 161.86732 0.0410 6.0 55.0
0.0 164.86487 0.0410 6.0 55.0
0.0 164.86487 0.0411 5.0 56.0
0.0 167.86241 0.0411 5.0 56.0
0.0 167.86241 0.0412 4.0 57.0
0.0 170.85995 0.0412 4.0 57.0
0.0 170.85995 0.0413 3.0 58.0
0.0 173.8575 0.0413 3.0 58.0
0.0 173.8575 0.0414 0.0 59.0
-0.48756596 176.8017 0.28149635414 0.0 59.0
-0.48756596 176.8017 0.28149635415 0.0 60.0
-1.0505587 179.7459 0.28149635415 0.0 60.0
0.0 173.8575 0.0416 0.0 59.0
0.48756596 176.8017 -0.28149635416 0.0 59.0
0.48756596 176.8017 -0.28149635417 0.0 60.0
1.0505587 179.7459 -0.28149635417 0.0 60.0
0.0 173.8575 0.0418 2.0 59.0
0.0 176.85504 0.0418 2.0 59.0
0.0 176.85504 0.0419 1.0 60.0
0.0 179.85258 0.0419 1.0 60.0
0.0 179.85258 0.0420 0.0 61.0
0.0 182.85013 0.0420 0.0 61.0
0.0 182.85013 0.0421 0.0 62.0
0.0 185.84767 0.0421 0.0 62.0
