0.0 0.0 0.00 30.0 1.0
0.0 4.9520216 0.00 30.0 1.0
0.0 4.9520216 0.01 0.0 2.0
1.8758795 9.40518 -1.08303951 0.0 2.0
0.0 4.9520216 0.02 29.0 2.0
0.0 9.904043 0.02 29.0 2.0
0.0 9.904043 0.03 0.0 3.0
-1.8758795 14.357202 1.08303953 0.0 3.0
-1.8758795 14.357202 1.08303954 0.0 4.0
-1.8758795 19.309223 1.08303954 0.0 4.0
-1.8758795 14.357202 1.08303955 0.0 4.0
-4.041959 18.81036 1.08303955 0.0 4.0
0.0 9.904043 0.06 28.0 3.0
0.0 14.856065 0.06 28.0 3.0
0.0 14.856065 0.07 0.0 4.0
1.8758795 19.309223 -1.08303957 0.0 4.0
0.0 14.856065 0.08 27.0 4.0
0.0 19.808086 0.08 27.0 4.0
0.0 19.808086 0.09 2.0 5.0
-1.8758795 24.261246 1.08303959 2.0 5.0
-1.8758795 24.261246 1.083039510 0.0 6.0
-1.8758795 29.213268 1.083039510 0.0 6.0
-1.8758795 24.261246 1.083039511 1.0 6.0
-4.041959 28.714405 1.083039511 1.0 6.0
-4.041959 28.714405 1.083039512 0.0 7.0
-7.415768 31.771484 3.030909312 0.0 7.0
-7.415768 31.771484 3.030909313 0.0 8.0
-9.291648 36.224644 4.11394913 0.0 8.0
-7.415768 31.771484 3.030909314 0.0 8.0
-11.311508 34.828564 3.030909314 0.0 8.0
-4.041959 28.714405 1.083039515 0.0 7.0
-6.208038 33.167564 1.083039515 0.0 7.0
-6.208038 33.167564 1.083039516 0.0 8.0
-6.208038 38.119587 1.083039516 0.0 8.0
-6.208038 33.167564 1.083039517 0.0 8.0
-8.374117 37.620724 1.083039517 0.0 8.0
0.0 19.808086 0.018 26.0 5.0
0.0 24.760109 0.018 26.0 5.0
0.0 24.760109 0.019 0.0 6.0
1.8758795 29.213268 -1.083039519 0.0 6.0
0.0 24.760109 0.020 25.0 6.0
0.0 29.712132 0.020 25.0 6.0
0.0 29.712132 0.021 0.0 7.0
-1.8758795 34.16529 1.083039521 0.0 7.0
-1.8758795 34.16529 1.083039522 0.0 8.0
-1.8758795 39.117313 1.083039522 0.0 8.0
-1.8758795 34.16529 1.083039523 0.0 8.0
-4.041959 38.61845 1.083039523 0.0 8.0
0.0 29.712132 0.024 24.0 7.0
0.0 34.664154 0.024 24.0 7.0
0.0 34.664154 0.025 0.0 8.0
1.8758795 39.117313 -1.083039525 0.0 8.0
0.0 34.664154 0.026 23.0 8.0
0.0 39.616177 0.026 23.0 8.0
0.0 39.616177 0.027 6.0 9.0
-1.8758795 44.069336 1.083039527 6.0 9.0
-1.8758795 44.069336 1.083039528 0.0 10.0
-1.8758795 49.02136 1.083039528 0.0 10.0
-1.8758795 44.069336 1.083039529 5.0 10.0
-4.041959 48.522495 1.083039529 5.0 10.0
-4.041959 48.522495 1.083039530 0.0 11.0
-7.415768 51.579575 3.030909330 0.0 11.0
-7.415768 51.579575 3.030909331 0.0 12.0
-9.291648 56.032734 4.11394931 0.0 12.0
-7.415768 51.579575 3.030909332 0.0 12.0
-11.311508 54.636654 3.030909332 0.0 12.0
-4.041959 48.522495 1.083039533 4.0 11.0
-6.208038 52.975655 1.083039533 4.0 11.0
-6.208038 52.975655 1.083039534 0.0 12.0
-6.208038 57.927677 1.083039534 0.0 12.0
-6.208038 52.975655 1.083039535 3.0 12.0
-8.374117 57.428814 1.083039535 3.0 12.0
-8.374117 57.428814 1.083039536 2.0 13.0
-11.747927 60.485893 3.030909336 2.0 13.0
-11.747927 60.485893 3.030909337 0.0 14.0
-13.623806 64.93905 4.11394937 0.0 14.0
-11.747927 60.485893 3.030909338 1.0 14.0
-15.643666 63.542973 3.030909338 1.0 14.0
-15.643666 63.542973 3.030909339 0.0 15.0
-19.835655 64.588036 5.45115539 0.0 15.0
-19.835655 64.588036 5.45115540 0.0 16.0
-23.209465 67.64511 7.39902540 0.0 16.0
-19.835655 64.588036 5.45115541 0.0 16.0
-24.676147 65.6331 5.45115541 0.0 16.0
-15.643666 63.542973 3.030909342 0.0 15.0
-19.539406 66.60005 3.030909342 0.0 15.0
-19.539406 66.60005 3.030909343 0.0 16.0
-21.415285 71.05321 4.11394943 0.0 16.0
-19.539406 66.60005 3.030909344 0.0 16.0
-23.435146 69.65713 3.030909344 0.0 16.0
-8.374117 57.428814 1.083039545 2.0 13.0
-10.540195 61.881973 1.083039545 2.0 13.0
-10.540195 61.881973 1.083039546 0.0 14.0
-10.540195 66.83399 1.083039546 0.0 14.0
-10.540195 61.881973 1.083039547 1.0 14.0
-12.706274 66.33513 1.083039547 1.0 14.0
-12.706274 66.33513 1.083039548 0.0 15.0
-16.080084 69.392204 3.030909348 0.0 15.0
-16.080084 69.392204 3.030909349 0.0 16.0
-17.955963 73.84536 4.11394949 0.0 16.0
-16.080084 69.392204 3.030909350 0.0 16.0
-19.975822 72.44928 3.030909350 0.0 16.0
-12.706274 66.33513 1.083039551 0.0 15.0
-14.872353 70.788284 1.083039551 0.0 15.0
-14.872353 70.788284 1.083039552 0.0 16.0
-14.872353 75.7403 1.083039552 0.0 16.0
-14.872353 70.788284 1.083039553 0.0 16.0
-17.038431 75.24144 1.083039553 0.0 16.0
0.0 39.616177 0.054 22.0 9.0
0.0 44.5682 0.054 22.0 9.0
0.0 44.5682 0.055 0.0 10.0
1.8758795 49.02136 -1.083039555 0.0 10.0
0.0 44.5682 0.056 21.0 10.0
0.0 49.52022 0.056 21.0 10.0
0.0 49.52022 0.057 0.0 11.0
-1.8758795 53.97338 1.083039557 0.0 11.0
-1.8758795 53.97338 1.083039558 0.0 12.0
-1.8758795 58.925404 1.083039558 0.0 12.0
-1.8758795 53.97338 1.083039559 0.0 12.0
-4.041959 58.42654 1.083039559 0.0 12.0
0.0 49.52022 0.060 20.0 11.0
0.0 54.472244 0.060 20.0 11.0
0.0 54.472244 0.061 0.0 12.0
1.8758795 58.925404 -1.083039561 0.0 12.0
0.0 54.472244 0.062 19.0 12.0
0.0 59.424267 0.062 19.0 12.0
0.0 59.424267 0.063 2.0 13.0
-1.8758795 63.877426 1.083039563 2.0 13.0
-1.8758795 63.877426 1.083039564 0.0 14.0
-1.8758795 68.829445 1.083039564 0.0 14.0
-1.8758795 63.877426 1.083039565 1.0 14.0
-4.041959 68.33058 1.083039565 1.0 14.0
-4.041959 68.33058 1.083039566 0.0 15.0
-7.415768 71.38766 3.030909366 0.0 15.0
-7.415768 71.38766 3.030909367 0.0 16.0
-9.291648 75.84081 4.11394967 0.0 16.0
-7.415768 71.38766 3.030909368 0.0 16.0
-11.311508 74.44473 3.030909368 0.0 16.0
-4.041959 68.33058 1.083039569 0.0 15.0
-6.208038 72.78374 1.083039569 0.0 15.0
-6.208038 72.78374 1.083039570 0.0 16.0
-6.208038 77.735756 1.083039570 0.0 16.0
-6.208038 72.78374 1.083039571 0.0 16.0
-8.374117 77.23689 1.083039571 0.0 16.0
0.0 59.424267 0.072 18.0 13.0
0.0 64.37629 0.072 18.0 13.0
0.0 64.37629 0.073 0.0 14.0
1.8758795 68.829445 -1.083039573 0.0 14.0
0.0 64.37629 0.074 17.0 14.0
0.0 69.32831 0.074 17.0 14.0
0.0 69.32831 0.075 0.0 15.0
-1.8758795 73.78146 1.083039575 0.0 15.0
-1.8758795 73.78146 1.083039576 0.0 16.0
-1.8758795 78.73348 1.083039576 0.0 16.0
-1.8758795 73.78146 1.083039577 0.0 16.0
-4.041959 78.23462 1.083039577 0.0 16.0
0.0 69.32831 0.078 16.0 15.0
0.0 74.28033 0.078 16.0 15.0
0.0 74.28033 0.079 0.0 16.0
1.8758795 78.73348 -1.083039579 0.0 16.0
0.0 74.28033 0.080 15.0 16.0
0.0 79.232346 0.080 15.0 16.0
0.0 79.232346 0.081 14.0 17.0
-1.8758795 83.6855 1.083039581 14.0 17.0
-1.8758795 83.6855 1.083039582 0.0 18.0
-1.8758795 88.63752 1.083039582 0.0 18.0
-1.8758795 83.6855 1.083039583 13.0 18.0
-4.041959 88.13866 1.083039583 13.0 18.0
-4.041959 88.13866 1.083039584 0.0 19.0
-7.415768 91.19573 3.030909384 0.0 19.0
-7.415768 91.19573 3.030909385 0.0 20.0
-9.291648 95.64889 4.11394985 0.0 20.0
-7.415768 91.19573 3.030909386 0.0 20.0
-11.311508 94.25281 3.030909386 0.0 20.0
-4.041959 88.13866 1.083039587 12.0 19.0
-6.208038 92.59181 1.083039587 12.0 19.0
-6.208038 92.59181 1.083039588 0.0 20.0
-6.208038 97.54383 1.083039588 0.0 20.0
-6.208038 92.59181 1.083039589 11.0 20.0
-8.374117 97.04497 1.083039589 11.0 20.0
-8.374117 97.04497 1.083039590 2.0 21.0
-11.747927 100.10204 3.030909390 2.0 21.0
-11.747927 100.10204 3.030909391 0.0 22.0
-13.623806 104.5552 4.11394991 0.0 22.0
-11.747927 100.10204 3.030909392 1.0 22.0
-15.643666 103.15912 3.030909392 1.0 22.0
-15.643666 103.15912 3.030909393 0.0 23.0
-19.835655 104.204185 5.45115593 0.0 23.0
-19.835655 104.204185 5.45115594 0.0 24.0
-23.209465 107.26126 7.39902594 0.0 24.0
-19.835655 104.204185 5.45115595 0.0 24.0
-24.676147 105.24925 5.45115595 0.0 24.0
-15.643666 103.15912 3.030909396 0.0 23.0
-19.539406 106.216194 3.030909396 0.0 23.0
-19.539406 106.216194 3.030909397 0.0 24.0
-21.415285 110.66935 4.11394997 0.0 24.0
-19.539406 106.216194 3.030909398 0.0 24.0
-23.435146 109.27327 3.030909398 0.0 24.0
-8.374117 97.04497 1.083039599 10.0 21.0
-10.540195 101.49812 1.083039599 10.0 21.0
-10.540195 101.49812 1.0830395100 0.0 22.0
-10.540195 106.45014 1.0830395100 0.0 22.0
-10.540195 101.49812 1.0830395101 9.0 22.0
-12.706274 105.95128 1.0830395101 9.0 22.0
-12.706274 105.95128 1.0830395102 0.0 23.0
-16.080084 109.008354 3.0309093102 0.0 23.0
-16.080084 109.008354 3.0309093103 0.0 24.0
-17.955963 113.46151 4.113949103 0.0 24.0
-16.080084 109.008354 3.0309093104 0.0 24.0
-19.975822 112.06543 3.0309093104 0.0 24.0
-12.706274 105.95128 1.0830395105 8.0 23.0
-14.872353 110.404434 1.0830395105 8.0 23.0
-14.872353 110.404434 1.0830395106 0.0 24.0
-14.872353 115.35645 1.0830395106 0.0 24.0
-14.872353 110.404434 1.0830395107 7.0 24.0
-17.038431 114.85759 1.0830395107 7.0 24.0
-17.038431 114.85759 1.0830395108 6.0 25.0
-20.412241 117.914665 3.0309093108 6.0 25.0
-20.412241 117.914665 3.0309093109 0.0 26.0
-22.28812 122.36782 4.113949109 0.0 26.0
-20.412241 117.914665 3.0309093110 5.0 26.0
-24.30798 120.97174 3.0309093110 5.0 26.0
-24.30798 120.97174 3.0309093111 0.0 27.0
-28.499968 122.01681 5.451155111 0.0 27.0
-28.499968 122.01681 5.451155112 0.0 28.0
-31.873777 125.07388 7.399025112 0.0 28.0
-28.499968 122.01681 5.451155113 0.0 28.0
-33.340458 123.061874 5.451155113 0.0 28.0
-24.30798 120.97174 3.0309093114 4.0 27.0
-28.20372 124.02882 3.0309093114 4.0 27.0
-28.20372 124.02882 3.0309093115 0.0 28.0
-30.0796 128.48198 4.113949115 0.0 28.0
-28.20372 124.02882 3.0309093116 3.0 28.0
-32.09946 127.08589 3.0309093116 3.0 28.0
-32.09946 127.08589 3.0309093117 2.0 29.0
-36.29145 128.13095 5.451155117 2.0 29.0
-36.29145 128.13095 5.451155118 0.0 30.0
-39.66526 131.18803 7.399025118 0.0 30.0
-36.29145 128.13095 5.451155119 1.0 30.0
-41.131943 129.17601 5.451155119 1.0 30.0
-41.131943 129.17601 5.451155120 0.0 31.0
-45.297516 127.9985 7.8561497120 0.0 31.0
-45.297516 127.9985 7.8561497121 0.0 32.0
-49.489506 129.04356 10.276396121 0.0 32.0
-45.297516 127.9985 7.8561497122 0.0 32.0
-50.107506 126.820984 7.8561497122 0.0 32.0
-41.131943 129.17601 5.451155123 0.0 31.0
-45.972435 130.22107 5.451155123 0.0 31.0
-45.972435 130.22107 5.451155124 0.0 32.0
-49.346245 133.27815 7.399025124 0.0 32.0
-45.972435 130.22107 5.451155125 0.0 32.0
-50.812927 131.26613 5.451155125 0.0 32.0
-32.09946 127.08589 3.0309093126 2.0 29.0
-35.9952 130.14297 3.0309093126 2.0 29.0
-35.9952 130.14297 3.0309093127 0.0 30.0
-37.871082 134.59613 4.113949127 0.0 30.0
-35.9952 130.14297 3.0309093128 1.0 30.0
-39.89094 133.20006 3.0309093128 1.0 30.0
-39.89094 133.20006 3.0309093129 0.0 31.0
-44.08293 134.24512 5.451155129 0.0 31.0
-44.08293 134.24512 5.451155130 0.0 32.0
-47.45674 137.3022 7.399025130 0.0 32.0
-44.08293 134.24512 5.451155131 0.0 32.0
-48.923424 135.29018 5.451155131 0.0 32.0
-39.89094 133.20006 3.0309093132 0.0 31.0
-43.786682 136.25714 3.0309093132 0.0 31.0
-43.786682 136.25714 3.0309093133 0.0 32.0
-45.662563 140.7103 4.113949133 0.0 32.0
-43.786682 136.25714 3.0309093134 0.0 32.0
-47.682423 139.31422 3.0309093134 0.0 32.0
-17.038431 114.85759 1.0830395135 6.0 25.0
-19.20451 119.310745 1.0830395135 6.0 25.0
-19.20451 119.310745 1.0830395136 0.0 26.0
-19.20451 124.262764 1.0830395136 0.0 26.0
-19.20451 119.310745 1.0830395137 5.0 26.0
-21.370588 123.7639 1.0830395137 5.0 26.0
-21.370588 123.7639 1.0830395138 0.0 27.0
-24.744398 126.82098 3.0309093138 0.0 27.0
-24.744398 126.82098 3.0309093139 0.0 28.0
-26.620277 131.27414 4.113949139 0.0 28.0
-24.744398 126.82098 3.0309093140 0.0 28.0
-28.640137 129.87805 3.0309093140 0.0 28.0
-21.370588 123.7639 1.0830395141 4.0 27.0
-23.536667 128.21706 1.0830395141 4.0 27.0
-23.536667 128.21706 1.0830395142 0.0 28.0
-23.536667 133.16908 1.0830395142 0.0 28.0
-23.536667 128.21706 1.0830395143 3.0 28.0
-25.702745 132.67021 1.0830395143 3.0 28.0
-25.702745 132.67021 1.0830395144 2.0 29.0
-29.076555 135.7273 3.0309093144 2.0 29.0
-29.076555 135.7273 3.0309093145 0.0 30.0
-30.952435 140.18045 4.113949145 0.0 30.0
-29.076555 135.7273 3.0309093146 1.0 30.0
-32.972294 138.78438 3.0309093146 1.0 30.0
-32.972294 138.78438 3.0309093147 0.0 31.0
-37.164284 139.82944 5.451155147 0.0 31.0
-37.164284 139.82944 5.451155148 0.0 32.0
-40.538094 142.88652 7.399025148 0.0 32.0
-37.164284 139.82944 5.451155149 0.0 32.0
-42.004776 140.8745 5.451155149 0.0 32.0
-32.972294 138.78438 3.0309093150 0.0 31.0
-36.868034 141.84146 3.0309093150 0.0 31.0
-36.868034 141.84146 3.0309093151 0.0 32.0
-38.743916 146.29462 4.113949151 0.0 32.0
-36.868034 141.84146 3.0309093152 0.0 32.0
-40.763775 144.89854 3.0309093152 0.0 32.0
-25.702745 132.67021 1.0830395153 2.0 29.0
-27.868824 137.12337 1.0830395153 2.0 29.0
-27.868824 137.12337 1.0830395154 0.0 30.0
-27.868824 142.0754 1.0830395154 0.0 30.0
-27.868824 137.12337 1.0830395155 1.0 30.0
-30.034903 141.57652 1.0830395155 1.0 30.0
-30.034903 141.57652 1.0830395156 0.0 31.0
-33.40871 144.6336 3.0309093156 0.0 31.0
-33.40871 144.6336 3.0309093157 0.0 32.0
-35.28459 149.08676 4.113949157 0.0 32.0
-33.40871 144.6336 3.0309093158 0.0 32.0
-37.30445 147.69069 3.0309093158 0.0 32.0
-30.034903 141.57652 1.0830395159 0.0 31.0
-32.20098 146.02968 1.0830395159 0.0 31.0
-32.20098 146.02968 1.0830395160 0.0 32.0
-32.20098 150.9817 1.0830395160 0.0 32.0
-32.20098 146.02968 1.0830395161 0.0 32.0
-34.36706 150.48283 1.0830395161 0.0 32.0
0.0 79.232346 0.0162 14.0 17.0
0.0 84.184364 0.0162 14.0 17.0
0.0 84.184364 0.0163 0.0 18.0
1.8758795 88.63752 -1.0830395163 0.0 18.0
0.0 84.184364 0.0164 13.0 18.0
0.0 89.13638 0.0164 13.0 18.0
0.0 89.13638 0.0165 0.0 19.0
-1.8758795 93.58954 1.0830395165 0.0 19.0
-1.8758795 93.58954 1.0830395166 0.0 20.0
-1.8758795 98.54156 1.0830395166 0.0 20.0
-1.8758795 93.58954 1.0830395167 0.0 20.0
-4.041959 98.042694 1.0830395167 0.0 20.0
0.0 89.13638 0.0168 12.0 19.0
0.0 94.0884 0.0168 12.0 19.0
0.0 94.0884 0.0169 0.0 20.0
1.8758795 98.54156 -1.0830395169 0.0 20.0
0.0 94.0884 0.0170 11.0 20.0
0.0 99.04042 0.0170 11.0 20.0
0.0 99.04042 0.0171 2.0 21.0
-1.8758795 103.493576 1.0830395171 2.0 21.0
-1.8758795 103.493576 1.0830395172 0.0 22.0
-1.8758795 108.445595 1.0830395172 0.0 22.0
-1.8758795 103.493576 1.0830395173 1.0 22.0
-4.041959 107.94673 1.0830395173 1.0 22.0
-4.041959 107.94673 1.0830395174 0.0 23.0
-7.415768 111.00381 3.0309093174 0.0 23.0
-7.415768 111.00381 3.0309093175 0.0 24.0
-9.291648 115.45696 4.113949175 0.0 24.0
-7.415768 111.00381 3.0309093176 0.0 24.0
-11.311508 114.06088 3.0309093176 0.0 24.0
-4.041959 107.94673 1.0830395177 0.0 23.0
-6.208038 112.39989 1.0830395177 0.0 23.0
-6.208038 112.39989 1.0830395178 0.0 24.0
-6.208038 117.351906 1.0830395178 0.0 24.0
-6.208038 112.39989 1.0830395179 0.0 24.0
-8.374117 116.85304 1.0830395179 0.0 24.0
0.0 99.04042 0.0180 10.0 21.0
0.0 103.99244 0.0180 10.0 21.0
0.0 103.99244 0.0181 0.0 22.0
1.8758795 108.445595 -1.0830395181 0.0 22.0
0.0 103.99244 0.0182 9.0 22.0
0.0 108.94446 0.0182 9.0 22.0
0.0 108.94446 0.0183 0.0 23.0
-1.8758795 113.39761 1.0830395183 0.0 23.0
-1.8758795 113.39761 1.0830395184 0.0 24.0
-1.8758795 118.34963 1.0830395184 0.0 24.0
-1.8758795 113.39761 1.0830395185 0.0 24.0
-4.041959 117.85077 1.0830395185 0.0 24.0
0.0 108.94446 0.0186 8.0 23.0
0.0 113.89648 0.0186 8.0 23.0
0.0 113.89648 0.0187 0.0 24.0
1.8758795 118.34963 -1.0830395187 0.0 24.0
0.0 113.89648 0.0188 7.0 24.0
0.0 118.848495 0.0188 7.0 24.0
0.0 118.848495 0.0189 6.0 25.0
-1.8758795 123.30165 1.0830395189 6.0 25.0
-1.8758795 123.30165 1.0830395190 0.0 26.0
-1.8758795 128.25368 1.0830395190 0.0 26.0
-1.8758795 123.30165 1.0830395191 5.0 26.0
-4.041959 127.75481 1.0830395191 5.0 26.0
-4.041959 127.75481 1.0830395192 0.0 27.0
-7.415768 130.81189 3.0309093192 0.0 27.0
-7.415768 130.81189 3.0309093193 0.0 28.0
-9.291648 135.26505 4.113949193 0.0 28.0
-7.415768 130.81189 3.0309093194 0.0 28.0
-11.311508 133.86897 3.0309093194 0.0 28.0
-4.041959 127.75481 1.0830395195 4.0 27.0
-6.208038 132.20796 1.0830395195 4.0 27.0
-6.208038 132.20796 1.0830395196 0.0 28.0
-6.208038 137.15999 1.0830395196 0.0 28.0
-6.208038 132.20796 1.0830395197 3.0 28.0
-8.374117 136.66112 1.0830395197 3.0 28.0
-8.374117 136.66112 1.0830395198 2.0 29.0
-11.747927 139.7182 3.0309093198 2.0 29.0
-11.747927 139.7182 3.0309093199 0.0 30.0
-13.623806 144.17136 4.113949199 0.0 30.0
-11.747927 139.7182 3.0309093200 1.0 30.0
-15.643666 142.77528 3.0309093200 1.0 30.0
-15.643666 142.77528 3.0309093201 0.0 31.0
-19.835655 143.82034 5.451155201 0.0 31.0
-19.835655 143.82034 5.451155202 0.0 32.0
-23.209465 146.87743 7.399025202 0.0 32.0
-19.835655 143.82034 5.451155203 0.0 32.0
-24.676147 144.8654 5.451155203 0.0 32.0
-15.643666 142.77528 3.0309093204 0.0 31.0
-19.539406 145.83237 3.0309093204 0.0 31.0
-19.539406 145.83237 3.0309093205 0.0 32.0
-21.415285 150.28552 4.113949205 0.0 32.0
-19.539406 145.83237 3.0309093206 0.0 32.0
-23.435146 148.88945 3.0309093206 0.0 32.0
-8.374117 136.66112 1.0830395207 2.0 29.0
-10.540195 141.11427 1.0830395207 2.0 29.0
-10.540195 141.11427 1.0830395208 0.0 30.0
-10.540195 146.0663 1.0830395208 0.0 30.0
-10.540195 141.11427 1.0830395209 1.0 30.0
-12.706274 145.56743 1.0830395209 1.0 30.0
-12.706274 145.56743 1.0830395210 0.0 31.0
-16.080084 148.62451 3.0309093210 0.0 31.0
-16.080084 148.62451 3.0309093211 0.0 32.0
-17.955963 153.07767 4.113949211 0.0 32.0
-16.080084 148.62451 3.0309093212 0.0 32.0
-19.975822 151.6816 3.0309093212 0.0 32.0
-12.706274 145.56743 1.0830395213 0.0 31.0
-14.872353 150.02058 1.0830395213 0.0 31.0
-14.872353 150.02058 1.0830395214 0.0 32.0
-14.872353 154.97261 1.0830395214 0.0 32.0
-14.872353 150.02058 1.0830395215 0.0 32.0
-17.038431 154.47374 1.0830395215 0.0 32.0
0.0 118.848495 0.0216 6.0 25.0
0.0 123.800514 0.0216 6.0 25.0
0.0 123.800514 0.0217 0.0 26.0
1.8758795 128.25368 -1.0830395217 0.0 26.0
0.0 123.800514 0.0218 5.0 26.0
0.0 128.75253 0.0218 5.0 26.0
0.0 128.75253 0.0219 0.0 27.0
-1.8758795 133.20569 1.0830395219 0.0 27.0
-1.8758795 133.20569 1.0830395220 0.0 28.0
-1.8758795 138.15771 1.0830395220 0.0 28.0
-1.8758795 133.20569 1.0830395221 0.0 28.0
-4.041959 137.65884 1.0830395221 0.0 28.0
0.0 128.75253 0.0222 4.0 27.0
0.0 133.70456 0.0222 4.0 27.0
0.0 133.70456 0.0223 0.0 28.0
1.8758795 138.15771 -1.0830395223 0.0 28.0
0.0 133.70456 0.0224 3.0 28.0
0.0 138.65659 0.0224 3.0 28.0
0.0 138.65659 0.0225 2.0 29.0
-1.8758795 143.10974 1.0830395225 2.0 29.0
-1.8758795 143.10974 1.0830395226 0.0 30.0
-1.8758795 148.06177 1.0830395226 0.0 30.0
-1.8758795 143.10974 1.0830395227 1.0 30.0
-4.041959 147.5629 1.0830395227 1.0 30.0
-4.041959 147.5629 1.0830395228 0.0 31.0
-7.415768 150.61998 3.0309093228 0.0 31.0
-7.415768 150.61998 3.0309093229 0.0 32.0
-9.291648 155.07314 4.113949229 0.0 32.0
-7.415768 150.61998 3.0309093230 0.0 32.0
-11.311508 153.67706 3.0309093230 0.0 32.0
-4.041959 147.5629 1.0830395231 0.0 31.0
-6.208038 152.01605 1.0830395231 0.0 31.0
-6.208038 152.01605 1.0830395232 0.0 32.0
-6.208038 156.96808 1.0830395232 0.0 32.0
-6.208038 152.01605 1.0830395233 0.0 32.0
-8.374117 156.46921 1.0830395233 0.0 32.0
0.0 138.65659 0.0234 2.0 29.0
0.0 143.60861 0.0234 2.0 29.0
0.0 143.60861 0.0235 0.0 30.0
1.8758795 148.06177 -1.0830395235 0.0 30.0
0.0 143.60861 0.0236 1.0 30.0
0.0 148.56064 0.0236 1.0 30.0
0.0 148.56064 0.0237 0.0 31.0
-1.8758795 153.0138 1.0830395237 0.0 31.0
-1.8758795 153.0138 1.0830395238 0.0 32.0
-1.8758795 157.96582 1.0830395238 0.0 32.0
-1.8758795 153.0138 1.0830395239 0.0 32.0
-4.041959 157.46695 1.0830395239 0.0 32.0
0.0 148.56064 0.0240 0.0 31.0
0.0 153.51266 0.0240 0.0 31.0
0.0 153.51266 0.0241 0.0 32.0
1.8758795 157.96582 -1.0830395241 0.0 32.0
0.0 153.51266 0.0242 0.0 32.0
0.0 158.46469 0.0242 0.0 32.0
