0.0 0.0 0.00 60.0 1.0
0.0 2.522637 0.00 60.0 1.0
0.0 2.522637 0.01 59.0 2.0
0.0 5.045274 0.01 59.0 2.0
0.0 5.045274 0.02 58.0 3.0
0.0 7.5679107 0.02 58.0 3.0
0.0 7.5679107 0.03 57.0 4.0
0.0 10.090548 0.03 57.0 4.0
0.0 10.090548 0.04 56.0 5.0
0.0 12.613184 0.04 56.0 5.0
0.0 12.613184 0.05 55.0 6.0
0.0 15.13582 0.05 55.0 6.0
0.0 15.13582 0.06 54.0 7.0
0.0 17.658457 0.06 54.0 7.0
0.0 17.658457 0.07 53.0 8.0
0.0 20.181093 0.07 53.0 8.0
0.0 20.181093 0.08 52.0 9.0
0.0 22.70373 0.08 52.0 9.0
0.0 22.70373 0.09 51.0 10.0
0.0 25.226366 0.09 51.0 10.0
0.0 25.226366 0.010 50.0 11.0
0.0 27.749002 0.010 50.0 11.0
0.0 27.749002 0.011 49.0 12.0
0.0 30.271639 0.011 49.0 12.0
0.0 30.271639 0.012 48.0 13.0
0.0 32.794277 0.012 48.0 13.0
0.0 32.794277 0.013 47.0 14.0
0.0 35.316914 0.013 47.0 14.0
0.0 35.316914 0.014 46.0 15.0
0.0 37.83955 0.014 46.0 15.0
0.0 37.83955 0.015 45.0 16.0
0.0 40.362186 0.015 45.0 16.0
0.0 40.362186 0.016 28.0 17.0
-0.8789069 42.671673 0.5074371716 28.0 17.0
-0.8789069 42.671673 0.5074371717 27.0 18.0
-1.7578138 44.98116 1.014874317 27.0 18.0
-1.7578138 44.98116 1.014874318 26.0 19.0
-2.6367207 47.290646 1.522311418 26.0 19.0
-2.6367207 47.290646 1.522311419 25.0 20.0
-3.5156276 49.600132 2.029748719 25.0 20.0
-3.5156276 49.600132 2.029748720 24.0 21.0
-4.3945346 51.90962 2.53718620 24.0 21.0
-4.3945346 51.90962 2.53718621 23.0 22.0
-5.2734413 54.219105 3.044623121 23.0 22.0
-5.2734413 54.219105 3.044623122 22.0 23.0
-6.152348 56.52859 3.552060422 22.0 23.0
-6.152348 56.52859 3.552060423 21.0 24.0
-7.031255 58.838078 4.059497423 21.0 24.0
-7.031255 58.838078 4.059497424 12.0 25.0
-8.640542 60.544132 4.9886224 12.0 25.0
-8.640542 60.544132 4.9886225 11.0 26.0
-10.249829 62.250187 5.917742325 11.0 26.0
-10.249829 62.250187 5.917742326 10.0 27.0
-11.859117 63.95624 6.846864726 10.0 27.0
-11.859117 63.95624 6.846864727 9.0 28.0
-13.468404 65.6623 7.77598727 9.0 28.0
-13.468404 65.6623 7.77598728 4.0 29.0
-15.536118 66.476616 8.96978228 4.0 29.0
-15.536118 66.476616 8.96978229 3.0 30.0
-17.60383 67.29093 10.16357729 3.0 30.0
-17.60383 67.29093 10.16357730 0.0 31.0
-19.780546 67.0759 11.42030430 0.0 31.0
-19.780546 67.0759 11.42030431 0.0 32.0
-22.294 66.86086 11.42030431 0.0 32.0
-17.60383 67.29093 10.16357732 0.0 31.0
-19.213118 68.99699 11.09269932 0.0 31.0
-19.213118 68.99699 11.09269933 0.0 32.0
-21.071362 70.70304 11.09269933 0.0 32.0
-17.60383 67.29093 10.16357734 2.0 31.0
-19.99142 68.10525 10.16357734 2.0 31.0
-19.99142 68.10525 10.16357735 1.0 32.0
-22.379011 68.91956 10.16357735 1.0 32.0
-22.379011 68.91956 10.16357736 0.0 33.0
-24.766602 69.73388 10.16357736 0.0 33.0
-24.766602 69.73388 10.16357737 0.0 34.0
-27.154192 70.548195 10.16357737 0.0 34.0
-13.468404 65.6623 7.77598738 4.0 29.0
-14.347311 67.97179 8.28342438 4.0 29.0
-14.347311 67.97179 8.28342439 3.0 30.0
-15.226218 70.28127 8.79086139 3.0 30.0
-15.226218 70.28127 8.79086140 0.0 31.0
-16.835505 71.98733 9.71998340 0.0 31.0
-16.835505 71.98733 9.71998341 0.0 32.0
-18.693748 73.69338 9.71998341 0.0 32.0
-15.226218 70.28127 8.79086142 0.0 31.0
-15.226218 72.80391 8.79086142 0.0 31.0
-15.226218 72.80391 8.79086143 0.0 32.0
-15.226218 75.326546 8.79086143 0.0 32.0
-15.226218 70.28127 8.79086144 2.0 31.0
-16.241093 72.59076 8.79086144 2.0 31.0
-16.241093 72.59076 8.79086145 1.0 32.0
-17.255966 74.900246 8.79086145 1.0 32.0
-17.255966 74.900246 8.79086146 0.0 33.0
-18.27084 77.20973 8.79086146 0.0 33.0
-18.27084 77.20973 8.79086147 0.0 34.0
-19.285713 79.51922 8.79086147 0.0 34.0
-13.468404 65.6623 7.77598748 8.0 29.0
-15.326649 67.368355 7.77598748 8.0 29.0
-15.326649 67.368355 7.77598749 7.0 30.0
-17.184893 69.07441 7.77598749 7.0 30.0
-17.184893 69.07441 7.77598750 6.0 31.0
-19.043137 70.780464 7.77598750 6.0 31.0
-19.043137 70.780464 7.77598751 5.0 32.0
-20.90138 72.48652 7.77598751 5.0 32.0
-20.90138 72.48652 7.77598752 4.0 33.0
-22.759624 74.19257 7.77598752 4.0 33.0
-22.759624 74.19257 7.77598753 3.0 34.0
-24.617868 75.89863 7.77598753 3.0 34.0
-24.617868 75.89863 7.77598754 0.0 35.0
-26.685581 76.712944 8.96978254 0.0 35.0
-26.685581 76.712944 8.96978255 0.0 36.0
-29.073172 77.52726 8.96978255 0.0 36.0
-24.617868 75.89863 7.77598756 0.0 35.0
-25.496775 78.208115 8.28342456 0.0 35.0
-25.496775 78.208115 8.28342457 0.0 36.0
-26.511648 80.5176 8.28342457 0.0 36.0
-24.617868 75.89863 7.77598758 2.0 35.0
-26.476112 77.60468 7.77598758 2.0 35.0
-26.476112 77.60468 7.77598759 1.0 36.0
-28.334356 79.31074 7.77598759 1.0 36.0
-28.334356 79.31074 7.77598760 0.0 37.0
-30.1926 81.01679 7.77598760 0.0 37.0
-30.1926 81.01679 7.77598761 0.0 38.0
-32.050846 82.72285 7.77598761 0.0 38.0
-7.031255 58.838078 4.059497462 12.0 25.0
-7.031255 61.360714 4.059497462 12.0 25.0
-7.031255 61.360714 4.059497463 11.0 26.0
-7.031255 63.88335 4.059497463 11.0 26.0
-7.031255 63.88335 4.059497464 10.0 27.0
-7.031255 66.40599 4.059497464 10.0 27.0
-7.031255 66.40599 4.059497465 9.0 28.0
-7.031255 68.92863 4.059497465 9.0 28.0
-7.031255 68.92863 4.059497466 4.0 29.0
-7.9101615 71.23811 4.566934666 4.0 29.0
-7.9101615 71.23811 4.566934667 3.0 30.0
-8.789068 73.5476 5.07437267 3.0 30.0
-8.789068 73.5476 5.07437268 0.0 31.0
-10.3983555 75.253654 6.003494368 0.0 31.0
-10.3983555 75.253654 6.003494369 0.0 32.0
-12.2566 76.95971 6.003494369 0.0 32.0
-8.789068 73.5476 5.07437270 0.0 31.0
-8.789068 76.07024 5.07437270 0.0 31.0
-8.789068 76.07024 5.07437271 0.0 32.0
-8.789068 78.59287 5.07437271 0.0 32.0
-8.789068 73.5476 5.07437272 2.0 31.0
-9.803943 75.857086 5.07437272 2.0 31.0
-9.803943 75.857086 5.07437273 1.0 32.0
-10.818817 78.16657 5.07437273 1.0 32.0
-10.818817 78.16657 5.07437274 0.0 33.0
-11.833692 80.47606 5.07437274 0.0 33.0
-11.833692 80.47606 5.07437275 0.0 34.0
-12.848566 82.785545 5.07437275 0.0 34.0
-7.031255 68.92863 4.059497476 4.0 29.0
-6.152348 71.23811 3.552060176 4.0 29.0
-6.152348 71.23811 3.552060177 3.0 30.0
-5.2734413 73.5476 3.04462377 3.0 30.0
-5.2734413 73.5476 3.04462378 0.0 31.0
-5.2734413 76.07024 3.04462378 0.0 31.0
-5.2734413 76.07024 3.04462379 0.0 32.0
-5.2734413 78.59287 3.04462379 0.0 32.0
-5.2734413 73.5476 3.04462380 0.0 31.0
-3.664154 75.253654 2.115500580 0.0 31.0
-3.664154 75.253654 2.115500581 0.0 32.0
-1.8059093 76.95971 2.115500581 0.0 32.0
-5.2734413 73.5476 3.04462382 2.0 31.0
-4.258567 75.857086 3.04462382 2.0 31.0
-4.258567 75.857086 3.04462383 1.0 32.0
-3.2436924 78.16657 3.04462383 1.0 32.0
-3.2436924 78.16657 3.04462384 0.0 33.0
-2.228818 80.47606 3.04462384 0.0 33.0
-2.228818 80.47606 3.04462385 0.0 34.0
-1.2139436 82.785545 3.04462385 0.0 34.0
-7.031255 68.92863 4.059497486 8.0 29.0
-7.031255 71.45126 4.059497486 8.0 29.0
-7.031255 71.45126 4.059497487 7.0 30.0
-7.031255 73.9739 4.059497487 7.0 30.0
-7.031255 73.9739 4.059497488 6.0 31.0
-7.031255 76.49654 4.059497488 6.0 31.0
-7.031255 76.49654 4.059497489 5.0 32.0
-7.031255 79.01917 4.059497489 5.0 32.0
-7.031255 79.01917 4.059497490 4.0 33.0
-7.031255 81.54181 4.059497490 4.0 33.0
-7.031255 81.54181 4.059497491 3.0 34.0
-7.031255 84.064445 4.059497491 3.0 34.0
-7.031255 84.064445 4.059497492 0.0 35.0
-7.9101615 86.37393 4.566934692 0.0 35.0
-7.9101615 86.37393 4.566934693 0.0 36.0
-8.925035 88.68342 4.566934693 0.0 36.0
-7.031255 84.064445 4.059497494 0.0 35.0
-6.152348 86.37393 3.552060194 0.0 35.0
-6.152348 86.37393 3.552060195 0.0 36.0
-5.1374736 88.68342 3.552060195 0.0 36.0
-7.031255 84.064445 4.059497496 2.0 35.0
-7.031255 86.58708 4.059497496 2.0 35.0
-7.031255 86.58708 4.059497497 1.0 36.0
-7.031255 89.10972 4.059497497 1.0 36.0
-7.031255 89.10972 4.059497498 0.0 37.0
-7.031255 91.632355 4.059497498 0.0 37.0
-7.031255 91.632355 4.059497499 0.0 38.0
-7.031255 94.15499 4.059497499 0.0 38.0
-7.031255 58.838078 4.0594974100 20.0 25.0
-8.046129 61.147564 4.0594974100 20.0 25.0
-8.046129 61.147564 4.0594974101 19.0 26.0
-9.061004 63.45705 4.0594974101 19.0 26.0
-9.061004 63.45705 4.0594974102 18.0 27.0
-10.075878 65.76654 4.0594974102 18.0 27.0
-10.075878 65.76654 4.0594974103 17.0 28.0
-11.090753 68.07603 4.0594974103 17.0 28.0
-11.090753 68.07603 4.0594974104 16.0 29.0
-12.105627 70.38551 4.0594974104 16.0 29.0
-12.105627 70.38551 4.0594974105 15.0 30.0
-13.1205015 72.695 4.0594974105 15.0 30.0
-13.1205015 72.695 4.0594974106 14.0 31.0
-14.135376 75.004486 4.0594974106 14.0 31.0
-14.135376 75.004486 4.0594974107 13.0 32.0
-15.15025 77.31397 4.0594974107 13.0 32.0
-15.15025 77.31397 4.0594974108 12.0 33.0
-16.165125 79.62346 4.0594974108 12.0 33.0
-16.165125 79.62346 4.0594974109 11.0 34.0
-17.179998 81.932945 4.0594974109 11.0 34.0
-17.179998 81.932945 4.0594974110 10.0 35.0
-18.194872 84.24243 4.0594974110 10.0 35.0
-18.194872 84.24243 4.0594974111 9.0 36.0
-19.209745 86.55192 4.0594974111 9.0 36.0
-19.209745 86.55192 4.0594974112 4.0 37.0
-20.819033 88.25797 4.98862112 4.0 37.0
-20.819033 88.25797 4.98862113 3.0 38.0
-22.42832 89.96403 5.9177423113 3.0 38.0
-22.42832 89.96403 5.9177423114 0.0 39.0
-24.496033 90.77834 7.111537114 0.0 39.0
-24.496033 90.77834 7.111537115 0.0 40.0
-26.883623 91.59266 7.111537115 0.0 40.0
-22.42832 89.96403 5.9177423116 0.0 39.0
-23.307226 92.27351 6.4251795116 0.0 39.0
-23.307226 92.27351 6.4251795117 0.0 40.0
-24.3221 94.583 6.4251795117 0.0 40.0
-22.42832 89.96403 5.9177423118 2.0 39.0
-24.286564 91.67008 5.9177423118 2.0 39.0
-24.286564 91.67008 5.9177423119 1.0 40.0
-26.144808 93.37614 5.9177423119 1.0 40.0
-26.144808 93.37614 5.9177423120 0.0 41.0
-28.003052 95.08219 5.9177423120 0.0 41.0
-28.003052 95.08219 5.9177423121 0.0 42.0
-29.861296 96.788246 5.9177423121 0.0 42.0
-19.209745 86.55192 4.0594974122 4.0 37.0
-19.209745 89.074554 4.0594974122 4.0 37.0
-19.209745 89.074554 4.0594974123 3.0 38.0
-19.209745 91.59719 4.0594974123 3.0 38.0
-19.209745 91.59719 4.0594974124 0.0 39.0
-20.088652 93.90668 4.5669346124 0.0 39.0
-20.088652 93.90668 4.5669346125 0.0 40.0
-21.103525 96.21616 4.5669346125 0.0 40.0
-19.209745 91.59719 4.0594974126 0.0 39.0
-18.33084 93.90668 3.5520601126 0.0 39.0
-18.33084 93.90668 3.5520601127 0.0 40.0
-17.315966 96.21616 3.5520601127 0.0 40.0
-19.209745 91.59719 4.0594974128 2.0 39.0
-19.209745 94.11983 4.0594974128 2.0 39.0
-19.209745 94.11983 4.0594974129 1.0 40.0
-19.209745 96.64246 4.0594974129 1.0 40.0
-19.209745 96.64246 4.0594974130 0.0 41.0
-19.209745 99.1651 4.0594974130 0.0 41.0
-19.209745 99.1651 4.0594974131 0.0 42.0
-19.209745 101.68774 4.0594974131 0.0 42.0
-19.209745 86.55192 4.0594974132 8.0 37.0
-20.224619 88.861404 4.0594974132 8.0 37.0
-20.224619 88.861404 4.0594974133 7.0 38.0
-21.239492 91.17089 4.0594974133 7.0 38.0
-21.239492 91.17089 4.0594974134 6.0 39.0
-22.254366 93.48038 4.0594974134 6.0 39.0
-22.254366 93.48038 4.0594974135 5.0 40.0
-23.26924 95.78986 4.0594974135 5.0 40.0
-23.26924 95.78986 4.0594974136 4.0 41.0
-24.284113 98.09935 4.0594974136 4.0 41.0
-24.284113 98.09935 4.0594974137 3.0 42.0
-25.298986 100.40884 4.0594974137 3.0 42.0
-25.298986 100.40884 4.0594974138 0.0 43.0
-26.908274 102.11489 4.98862138 0.0 43.0
-26.908274 102.11489 4.98862139 0.0 44.0
-28.766518 103.820946 4.98862139 0.0 44.0
-25.298986 100.40884 4.0594974140 0.0 43.0
-25.298986 102.93147 4.0594974140 0.0 43.0
-25.298986 102.93147 4.0594974141 0.0 44.0
-25.298986 105.45411 4.0594974141 0.0 44.0
-25.298986 100.40884 4.0594974142 2.0 43.0
-26.31386 102.71832 4.0594974142 2.0 43.0
-26.31386 102.71832 4.0594974143 1.0 44.0
-27.328733 105.02781 4.0594974143 1.0 44.0
-27.328733 105.02781 4.0594974144 0.0 45.0
-28.343607 107.337296 4.0594974144 0.0 45.0
-28.343607 107.337296 4.0594974145 0.0 46.0
-29.35848 109.64678 4.0594974145 0.0 46.0
0.0 40.362186 0.0146 28.0 17.0
0.8789069 42.671673 -0.50743717146 28.0 17.0
0.8789069 42.671673 -0.50743717147 27.0 18.0
1.7578138 44.98116 -1.0148743147 27.0 18.0
1.7578138 44.98116 -1.0148743148 26.0 19.0
2.6367207 47.290646 -1.5223114148 26.0 19.0
2.6367207 47.290646 -1.5223114149 25.0 20.0
3.5156276 49.600132 -2.0297487149 25.0 20.0
3.5156276 49.600132 -2.0297487150 24.0 21.0
4.3945346 51.90962 -2.537186150 24.0 21.0
4.3945346 51.90962 -2.537186151 23.0 22.0
5.2734413 54.219105 -3.0446231151 23.0 22.0
5.2734413 54.219105 -3.0446231152 22.0 23.0
6.152348 56.52859 -3.5520604152 22.0 23.0
6.152348 56.52859 -3.5520604153 21.0 24.0
7.031255 58.838078 -4.0594974153 21.0 24.0
7.031255 58.838078 -4.0594974154 12.0 25.0
7.031255 61.360714 -4.0594974154 12.0 25.0
7.031255 61.360714 -4.0594974155 11.0 26.0
7.031255 63.88335 -4.0594974155 11.0 26.0
7.031255 63.88335 -4.0594974156 10.0 27.0
7.031255 66.40599 -4.0594974156 10.0 27.0
7.031255 66.40599 -4.0594974157 9.0 28.0
7.031255 68.92863 -4.0594974157 9.0 28.0
7.031255 68.92863 -4.0594974158 4.0 29.0
6.152348 71.23811 -3.5520601158 4.0 29.0
6.152348 71.23811 -3.5520601159 3.0 30.0
5.2734413 73.5476 -3.044623159 3.0 30.0
5.2734413 73.5476 -3.044623160 0.0 31.0
3.664154 75.253654 -2.1155005160 0.0 31.0
3.664154 75.253654 -2.1155005161 0.0 32.0
1.8059093 76.95971 -2.1155005161 0.0 32.0
5.2734413 73.5476 -3.044623162 0.0 31.0
5.2734413 76.07024 -3.044623162 0.0 31.0
5.2734413 76.07024 -3.044623163 0.0 32.0
5.2734413 78.59287 -3.044623163 0.0 32.0
5.2734413 73.5476 -3.044623164 2.0 31.0
4.258567 75.857086 -3.044623164 2.0 31.0
4.258567 75.857086 -3.044623165 1.0 32.0
3.2436924 78.16657 -3.044623165 1.0 32.0
3.2436924 78.16657 -3.044623166 0.0 33.0
2.228818 80.47606 -3.044623166 0.0 33.0
2.228818 80.47606 -3.044623167 0.0 34.0
1.2139436 82.785545 -3.044623167 0.0 34.0
7.031255 68.92863 -4.0594974168 4.0 29.0
7.9101615 71.23811 -4.5669346168 4.0 29.0
7.9101615 71.23811 -4.5669346169 3.0 30.0
8.789068 73.5476 -5.074372169 3.0 30.0
8.789068 73.5476 -5.074372170 0.0 31.0
8.789068 76.07024 -5.074372170 0.0 31.0
8.789068 76.07024 -5.074372171 0.0 32.0
8.789068 78.59287 -5.074372171 0.0 32.0
8.789068 73.5476 -5.074372172 0.0 31.0
10.3983555 75.253654 -6.0034943172 0.0 31.0
10.3983555 75.253654 -6.0034943173 0.0 32.0
12.2566 76.95971 -6.0034943173 0.0 32.0
8.789068 73.5476 -5.074372174 2.0 31.0
9.803943 75.857086 -5.074372174 2.0 31.0
9.803943 75.857086 -5.074372175 1.0 32.0
10.818817 78.16657 -5.074372175 1.0 32.0
10.818817 78.16657 -5.074372176 0.0 33.0
11.833692 80.47606 -5.074372176 0.0 33.0
11.833692 80.47606 -5.074372177 0.0 34.0
12.848566 82.785545 -5.074372177 0.0 34.0
7.031255 68.92863 -4.0594974178 8.0 29.0
7.031255 71.45126 -4.0594974178 8.0 29.0
7.031255 71.45126 -4.0594974179 7.0 30.0
7.031255 73.9739 -4.0594974179 7.0 30.0
7.031255 73.9739 -4.0594974180 6.0 31.0
7.031255 76.49654 -4.0594974180 6.0 31.0
7.031255 76.49654 -4.0594974181 5.0 32.0
7.031255 79.01917 -4.0594974181 5.0 32.0
7.031255 79.01917 -4.0594974182 4.0 33.0
7.031255 81.54181 -4.0594974182 4.0 33.0
7.031255 81.54181 -4.0594974183 3.0 34.0
7.031255 84.064445 -4.0594974183 3.0 34.0
7.031255 84.064445 -4.0594974184 0.0 35.0
6.152348 86.37393 -3.5520601184 0.0 35.0
6.152348 86.37393 -3.5520601185 0.0 36.0
5.1374736 88.68342 -3.5520601185 0.0 36.0
7.031255 84.064445 -4.0594974186 0.0 35.0
7.9101615 86.37393 -4.5669346186 0.0 35.0
7.9101615 86.37393 -4.5669346187 0.0 36.0
8.925035 88.68342 -4.5669346187 0.0 36.0
7.031255 84.064445 -4.0594974188 2.0 35.0
7.031255 86.58708 -4.0594974188 2.0 35.0
7.031255 86.58708 -4.0594974189 1.0 36.0
7.031255 89.10972 -4.0594974189 1.0 36.0
7.031255 89.10972 -4.0594974190 0.0 37.0
7.031255 91.632355 -4.0594974190 0.0 37.0
7.031255 91.632355 -4.0594974191 0.0 38.0
7.031255 94.15499 -4.0594974191 0.0 38.0
7.031255 58.838078 -4.0594974192 12.0 25.0
8.640542 60.544132 -4.98862192 12.0 25.0
8.640542 60.544132 -4.98862193 11.0 26.0
10.249829 62.250187 -5.9177423193 11.0 26.0
10.249829 62.250187 -5.9177423194 10.0 27.0
11.859117 63.95624 -6.8468647194 10.0 27.0
11.859117 63.95624 -6.8468647195 9.0 28.0
13.468404 65.6623 -7.775987195 9.0 28.0
13.468404 65.6623 -7.775987196 4.0 29.0
14.347311 67.97179 -8.283424196 4.0 29.0
14.347311 67.97179 -8.283424197 3.0 30.0
15.226218 70.28127 -8.790861197 3.0 30.0
15.226218 70.28127 -8.790861198 0.0 31.0
15.226218 72.80391 -8.790861198 0.0 31.0
15.226218 72.80391 -8.790861199 0.0 32.0
15.226218 75.326546 -8.790861199 0.0 32.0
15.226218 70.28127 -8.790861200 0.0 31.0
16.835505 71.98733 -9.719983200 0.0 31.0
16.835505 71.98733 -9.719983201 0.0 32.0
18.693748 73.69338 -9.719983201 0.0 32.0
15.226218 70.28127 -8.790861202 2.0 31.0
16.241093 72.59076 -8.790861202 2.0 31.0
16.241093 72.59076 -8.790861203 1.0 32.0
17.255966 74.900246 -8.790861203 1.0 32.0
17.255966 74.900246 -8.790861204 0.0 33.0
18.27084 77.20973 -8.790861204 0.0 33.0
18.27084 77.20973 -8.790861205 0.0 34.0
19.285713 79.51922 -8.790861205 0.0 34.0
13.468404 65.6623 -7.775987206 4.0 29.0
15.536118 66.476616 -8.969782206 4.0 29.0
15.536118 66.476616 -8.969782207 3.0 30.0
17.60383 67.29093 -10.163577207 3.0 30.0
17.60383 67.29093 -10.163577208 0.0 31.0
19.213118 68.99699 -11.092699208 0.0 31.0
19.213118 68.99699 -11.092699209 0.0 32.0
21.071362 70.70304 -11.092699209 0.0 32.0
17.60383 67.29093 -10.163577210 0.0 31.0
19.780546 67.0759 -11.420304210 0.0 31.0
19.780546 67.0759 -11.420304211 0.0 32.0
22.294 66.86086 -11.420304211 0.0 32.0
17.60383 67.29093 -10.163577212 2.0 31.0
19.99142 68.10525 -10.163577212 2.0 31.0
19.99142 68.10525 -10.163577213 1.0 32.0
22.379011 68.91956 -10.163577213 1.0 32.0
22.379011 68.91956 -10.163577214 0.0 33.0
24.766602 69.73388 -10.163577214 0.0 33.0
24.766602 69.73388 -10.163577215 0.0 34.0
27.154192 70.548195 -10.163577215 0.0 34.0
13.468404 65.6623 -7.775987216 8.0 29.0
15.326649 67.368355 -7.775987216 8.0 29.0
15.326649 67.368355 -7.775987217 7.0 30.0
17.184893 69.07441 -7.775987217 7.0 30.0
17.184893 69.07441 -7.775987218 6.0 31.0
19.043137 70.780464 -7.775987218 6.0 31.0
19.043137 70.780464 -7.775987219 5.0 32.0
20.90138 72.48652 -7.775987219 5.0 32.0
20.90138 72.48652 -7.775987220 4.0 33.0
22.759624 74.19257 -7.775987220 4.0 33.0
22.759624 74.19257 -7.775987221 3.0 34.0
24.617868 75.89863 -7.775987221 3.0 34.0
24.617868 75.89863 -7.775987222 0.0 35.0
25.496775 78.208115 -8.283424222 0.0 35.0
25.496775 78.208115 -8.283424223 0.0 36.0
26.511648 80.5176 -8.283424223 0.0 36.0
24.617868 75.89863 -7.775987224 0.0 35.0
26.685581 76.712944 -8.969782224 0.0 35.0
26.685581 76.712944 -8.969782225 0.0 36.0
29.073172 77.52726 -8.969782225 0.0 36.0
24.617868 75.89863 -7.775987226 2.0 35.0
26.476112 77.60468 -7.775987226 2.0 35.0
26.476112 77.60468 -7.775987227 1.0 36.0
28.334356 79.31074 -7.775987227 1.0 36.0
28.334356 79.31074 -7.775987228 0.0 37.0
30.1926 81.01679 -7.775987228 0.0 37.0
30.1926 81.01679 -7.775987229 0.0 38.0
32.050846 82.72285 -7.775987229 0.0 38.0
7.031255 58.838078 -4.0594974230 20.0 25.0
8.046129 61.147564 -4.0594974230 20.0 25.0
8.046129 61.147564 -4.0594974231 19.0 26.0
9.061004 63.45705 -4.0594974231 19.0 26.0
9.061004 63.45705 -4.0594974232 18.0 27.0
10.075878 65.76654 -4.0594974232 18.0 27.0
10.075878 65.76654 -4.0594974233 17.0 28.0
11.090753 68.07603 -4.0594974233 17.0 28.0
11.090753 68.07603 -4.0594974234 16.0 29.0
12.105627 70.38551 -4.0594974234 16.0 29.0
12.105627 70.38551 -4.0594974235 15.0 30.0
13.1205015 72.695 -4.0594974235 15.0 30.0
13.1205015 72.695 -4.0594974236 14.0 31.0
14.135376 75.004486 -4.0594974236 14.0 31.0
14.135376 75.004486 -4.0594974237 13.0 32.0
15.15025 77.31397 -4.0594974237 13.0 32.0
15.15025 77.31397 -4.0594974238 12.0 33.0
16.165125 79.62346 -4.0594974238 12.0 33.0
16.165125 79.62346 -4.0594974239 11.0 34.0
17.179998 81.932945 -4.0594974239 11.0 34.0
17.179998 81.932945 -4.0594974240 10.0 35.0
18.194872 84.24243 -4.0594974240 10.0 35.0
18.194872 84.24243 -4.0594974241 9.0 36.0
19.209745 86.55192 -4.0594974241 9.0 36.0
19.209745 86.55192 -4.0594974242 4.0 37.0
19.209745 89.074554 -4.0594974242 4.0 37.0
19.209745 89.074554 -4.0594974243 3.0 38.0
19.209745 91.59719 -4.0594974243 3.0 38.0
19.209745 91.59719 -4.0594974244 0.0 39.0
18.33084 93.90668 -3.5520601244 0.0 39.0
18.33084 93.90668 -3.5520601245 0.0 40.0
17.315966 96.21616 -3.5520601245 0.0 40.0
19.209745 91.59719 -4.0594974246 0.0 39.0
20.088652 93.90668 -4.5669346246 0.0 39.0
20.088652 93.90668 -4.5669346247 0.0 40.0
21.103525 96.21616 -4.5669346247 0.0 40.0
19.209745 91.59719 -4.0594974248 2.0 39.0
19.209745 94.11983 -4.0594974248 2.0 39.0
19.209745 94.11983 -4.0594974249 1.0 40.0
19.209745 96.64246 -4.0594974249 1.0 40.0
19.209745 96.64246 -4.0594974250 0.0 41.0
19.209745 99.1651 -4.0594974250 0.0 41.0
19.209745 99.1651 -4.0594974251 0.0 42.0
19.209745 101.68774 -4.0594974251 0.0 42.0
19.209745 86.55192 -4.0594974252 4.0 37.0
20.819033 88.25797 -4.98862252 4.0 37.0
20.819033 88.25797 -4.98862253 3.0 38.0
22.42832 89.96403 -5.9177423253 3.0 38.0
22.42832 89.96403 -5.9177423254 0.0 39.0
23.307226 92.27351 -6.4251795254 0.0 39.0
23.307226 92.27351 -6.4251795255 0.0 40.0
24.3221 94.583 -6.4251795255 0.0 40.0
22.42832 89.96403 -5.9177423256 0.0 39.0
24.496033 90.77834 -7.111537256 0.0 39.0
24.496033 90.77834 -7.111537257 0.0 40.0
26.883623 91.59266 -7.111537257 0.0 40.0
22.42832 89.96403 -5.9177423258 2.0 39.0
24.286564 91.67008 -5.9177423258 2.0 39.0
24.286564 91.67008 -5.9177423259 1.0 40.0
26.144808 93.37614 -5.9177423259 1.0 40.0
26.144808 93.37614 -5.9177423260 0.0 41.0
28.003052 95.08219 -5.9177423260 0.0 41.0
28.003052 95.08219 -5.9177423261 0.0 42.0
29.861296 96.788246 -5.9177423261 0.0 42.0
19.209745 86.55192 -4.0594974262 8.0 37.0
20.224619 88.861404 -4.0594974262 8.0 37.0
20.224619 88.861404 -4.0594974263 7.0 38.0
21.239492 91.17089 -4.0594974263 7.0 38.0
21.239492 91.17089 -4.0594974264 6.0 39.0
22.254366 93.48038 -4.0594974264 6.0 39.0
22.254366 93.48038 -4.0594974265 5.0 40.0
23.26924 95.78986 -4.0594974265 5.0 40.0
23.26924 95.78986 -4.0594974266 4.0 41.0
24.284113 98.09935 -4.0594974266 4.0 41.0
24.284113 98.09935 -4.0594974267 3.0 42.0
25.298986 100.40884 -4.0594974267 3.0 42.0
25.298986 100.40884 -4.0594974268 0.0 43.0
25.298986 102.93147 -4.0594974268 0.0 43.0
25.298986 102.93147 -4.0594974269 0.0 44.0
25.298986 105.45411 -4.0594974269 0.0 44.0
25.298986 100.40884 -4.0594974270 0.0 43.0
26.908274 102.11489 -4.98862270 0.0 43.0
26.908274 102.11489 -4.98862271 0.0 44.0
28.766518 103.820946 -4.98862271 0.0 44.0
25.298986 100.40884 -4.0594974272 2.0 43.0
26.31386 102.71832 -4.0594974272 2.0 43.0
26.31386 102.71832 -4.0594974273 1.0 44.0
27.328733 105.02781 -4.0594974273 1.0 44.0
27.328733 105.02781 -4.0594974274 0.0 45.0
28.343607 107.337296 -4.0594974274 0.0 45.0
28.343607 107.337296 -4.0594974275 0.0 46.0
29.35848 109.64678 -4.0594974275 0.0 46.0
0.0 40.362186 0.0276 44.0 17.0
0.0 42.884823 0.0276 44.0 17.0
0.0 42.884823 0.0277 43.0 18.0
0.0 45.40746 0.0277 43.0 18.0
0.0 45.40746 0.0278 42.0 19.0
0.0 47.930096 0.0278 42.0 19.0
0.0 47.930096 0.0279 41.0 20.0
0.0 50.452732 0.0279 41.0 20.0
0.0 50.452732 0.0280 40.0 21.0
0.0 52.97537 0.0280 40.0 21.0
0.0 52.97537 0.0281 39.0 22.0
0.0 55.498005 0.0281 39.0 22.0
0.0 55.498005 0.0282 38.0 23.0
0.0 58.02064 0.0282 38.0 23.0
0.0 58.02064 0.0283 37.0 24.0
0.0 60.543278 0.0283 37.0 24.0
0.0 60.543278 0.0284 36.0 25.0
0.0 63.065914 0.0284 36.0 25.0
0.0 63.065914 0.0285 35.0 26.0
0.0 65.588554 0.0285 35.0 26.0
0.0 65.588554 0.0286 34.0 27.0
0.0 68.11119 0.0286 34.0 27.0
0.0 68.11119 0.0287 33.0 28.0
0.0 70.63383 0.0287 33.0 28.0
0.0 70.63383 0.0288 32.0 29.0
0.0 73.15646 0.0288 32.0 29.0
0.0 73.15646 0.0289 31.0 30.0
0.0 75.6791 0.0289 31.0 30.0
0.0 75.6791 0.0290 30.0 31.0
0.0 78.20174 0.0290 30.0 31.0
0.0 78.20174 0.0291 29.0 32.0
0.0 80.72437 0.0291 29.0 32.0
0.0 80.72437 0.0292 28.0 33.0
0.0 83.24701 0.0292 28.0 33.0
0.0 83.24701 0.0293 27.0 34.0
0.0 85.769646 0.0293 27.0 34.0
0.0 85.769646 0.0294 26.0 35.0
0.0 88.29228 0.0294 26.0 35.0
0.0 88.29228 0.0295 25.0 36.0
0.0 90.81492 0.0295 25.0 36.0
0.0 90.81492 0.0296 24.0 37.0
0.0 93.337555 0.0296 24.0 37.0
0.0 93.337555 0.0297 23.0 38.0
0.0 95.86019 0.0297 23.0 38.0
0.0 95.86019 0.0298 22.0 39.0
0.0 98.38283 0.0298 22.0 39.0
0.0 98.38283 0.0299 21.0 40.0
0.0 100.905464 0.0299 21.0 40.0
0.0 100.905464 0.0300 12.0 41.0
-0.8789069 103.21495 0.50743717300 12.0 41.0
-0.8789069 103.21495 0.50743717301 11.0 42.0
-1.7578138 105.52444 1.0148743301 11.0 42.0
-1.7578138 105.52444 1.0148743302 10.0 43.0
-2.6367207 107.83392 1.5223114302 10.0 43.0
-2.6367207 107.83392 1.5223114303 9.0 44.0
-3.5156276 110.14341 2.0297487303 9.0 44.0
-3.5156276 110.14341 2.0297487304 4.0 45.0
-5.1249146 111.849464 2.9588711304 4.0 45.0
-5.1249146 111.849464 2.9588711305 3.0 46.0
-6.734202 113.55552 3.8879936305 3.0 46.0
-6.734202 113.55552 3.8879936306 0.0 47.0
-8.801915 114.369835 5.0817885306 0.0 47.0
-8.801915 114.369835 5.0817885307 0.0 48.0
-11.189505 115.18415 5.0817885307 0.0 48.0
-6.734202 113.55552 3.8879936308 0.0 47.0
-7.6131086 115.865005 4.3954306308 0.0 47.0
-7.6131086 115.865005 4.3954306309 0.0 48.0
-8.627983 118.17449 4.3954306309 0.0 48.0
-6.734202 113.55552 3.8879936310 2.0 47.0
-8.592446 115.26157 3.8879936310 2.0 47.0
-8.592446 115.26157 3.8879936311 1.0 48.0
-10.450691 116.96763 3.8879936311 1.0 48.0
-10.450691 116.96763 3.8879936312 0.0 49.0
-12.308936 118.67368 3.8879936312 0.0 49.0
-12.308936 118.67368 3.8879936313 0.0 50.0
-14.167181 120.37974 3.8879936313 0.0 50.0
-3.5156276 110.14341 2.0297487314 4.0 45.0
-3.5156276 112.666046 2.0297487314 4.0 45.0
-3.5156276 112.666046 2.0297487315 3.0 46.0
-3.5156276 115.18868 2.0297487315 3.0 46.0
-3.5156276 115.18868 2.0297487316 0.0 47.0
-4.3945346 117.49817 2.537186316 0.0 47.0
-4.3945346 117.49817 2.537186317 0.0 48.0
-5.409409 119.807655 2.537186317 0.0 48.0
-3.5156276 115.18868 2.0297487318 0.0 47.0
-2.6367207 117.49817 1.5223114318 0.0 47.0
-2.6367207 117.49817 1.5223114319 0.0 48.0
-1.6218463 119.807655 1.5223114319 0.0 48.0
-3.5156276 115.18868 2.0297487320 2.0 47.0
-3.5156276 117.71132 2.0297487320 2.0 47.0
-3.5156276 117.71132 2.0297487321 1.0 48.0
-3.5156276 120.233955 2.0297487321 1.0 48.0
-3.5156276 120.233955 2.0297487322 0.0 49.0
-3.5156276 122.75659 2.0297487322 0.0 49.0
-3.5156276 122.75659 2.0297487323 0.0 50.0
-3.5156276 125.27923 2.0297487323 0.0 50.0
-3.5156276 110.14341 2.0297487324 8.0 45.0
-4.530502 112.452896 2.0297487324 8.0 45.0
-4.530502 112.452896 2.0297487325 7.0 46.0
-5.5453763 114.76238 2.0297487325 7.0 46.0
-5.5453763 114.76238 2.0297487326 6.0 47.0
-6.5602508 117.07187 2.0297487326 6.0 47.0
-6.5602508 117.07187 2.0297487327 5.0 48.0
-7.575125 119.381355 2.0297487327 5.0 48.0
-7.575125 119.381355 2.0297487328 4.0 49.0
-8.589999 121.69084 2.0297487328 4.0 49.0
-8.589999 121.69084 2.0297487329 3.0 50.0
-9.604874 124.00033 2.0297487329 3.0 50.0
-9.604874 124.00033 2.0297487330 0.0 51.0
-11.214161 125.70638 2.9588711330 0.0 51.0
-11.214161 125.70638 2.9588711331 0.0 52.0
-13.072406 127.41244 2.9588711331 0.0 52.0
-9.604874 124.00033 2.0297487332 0.0 51.0
-9.604874 126.522964 2.0297487332 0.0 51.0
-9.604874 126.522964 2.0297487333 0.0 52.0
-9.604874 129.04561 2.0297487333 0.0 52.0
-9.604874 124.00033 2.0297487334 2.0 51.0
-10.619748 126.309814 2.0297487334 2.0 51.0
-10.619748 126.309814 2.0297487335 1.0 52.0
-11.634623 128.6193 2.0297487335 1.0 52.0
-11.634623 128.6193 2.0297487336 0.0 53.0
-12.649497 130.92877 2.0297487336 0.0 53.0
-12.649497 130.92877 2.0297487337 0.0 54.0
-13.6643715 133.23825 2.0297487337 0.0 54.0
0.0 100.905464 0.0338 12.0 41.0
0.8789069 103.21495 -0.50743717338 12.0 41.0
0.8789069 103.21495 -0.50743717339 11.0 42.0
1.7578138 105.52444 -1.0148743339 11.0 42.0
1.7578138 105.52444 -1.0148743340 10.0 43.0
2.6367207 107.83392 -1.5223114340 10.0 43.0
2.6367207 107.83392 -1.5223114341 9.0 44.0
3.5156276 110.14341 -2.0297487341 9.0 44.0
3.5156276 110.14341 -2.0297487342 4.0 45.0
3.5156276 112.666046 -2.0297487342 4.0 45.0
3.5156276 112.666046 -2.0297487343 3.0 46.0
3.5156276 115.18868 -2.0297487343 3.0 46.0
3.5156276 115.18868 -2.0297487344 0.0 47.0
2.6367207 117.49817 -1.5223114344 0.0 47.0
2.6367207 117.49817 -1.5223114345 0.0 48.0
1.6218463 119.807655 -1.5223114345 0.0 48.0
3.5156276 115.18868 -2.0297487346 0.0 47.0
4.3945346 117.49817 -2.537186346 0.0 47.0
4.3945346 117.49817 -2.537186347 0.0 48.0
5.409409 119.807655 -2.537186347 0.0 48.0
3.5156276 115.18868 -2.0297487348 2.0 47.0
3.5156276 117.71132 -2.0297487348 2.0 47.0
3.5156276 117.71132 -2.0297487349 1.0 48.0
3.5156276 120.233955 -2.0297487349 1.0 48.0
3.5156276 120.233955 -2.0297487350 0.0 49.0
3.5156276 122.75659 -2.0297487350 0.0 49.0
3.5156276 122.75659 -2.0297487351 0.0 50.0
3.5156276 125.27923 -2.0297487351 0.0 50.0
3.5156276 110.14341 -2.0297487352 4.0 45.0
5.1249146 111.849464 -2.9588711352 4.0 45.0
5.1249146 111.849464 -2.9588711353 3.0 46.0
6.734202 113.55552 -3.8879936353 3.0 46.0
6.734202 113.55552 -3.8879936354 0.0 47.0
7.6131086 115.865005 -4.3954306354 0.0 47.0
7.6131086 115.865005 -4.3954306355 0.0 48.0
8.627983 118.17449 -4.3954306355 0.0 48.0
6.734202 113.55552 -3.8879936356 0.0 47.0
8.801915 114.369835 -5.0817885356 0.0 47.0
8.801915 114.369835 -5.0817885357 0.0 48.0
11.189505 115.18415 -5.0817885357 0.0 48.0
6.734202 113.55552 -3.8879936358 2.0 47.0
8.592446 115.26157 -3.8879936358 2.0 47.0
8.592446 115.26157 -3.8879936359 1.0 48.0
10.450691 116.96763 -3.8879936359 1.0 48.0
10.450691 116.96763 -3.8879936360 0.0 49.0
12.308936 118.67368 -3.8879936360 0.0 49.0
12.308936 118.67368 -3.8879936361 0.0 50.0
14.167181 120.37974 -3.8879936361 0.0 50.0
3.5156276 110.14341 -2.0297487362 8.0 45.0
4.530502 112.452896 -2.0297487362 8.0 45.0
4.530502 112.452896 -2.0297487363 7.0 46.0
5.5453763 114.76238 -2.0297487363 7.0 46.0
5.5453763 114.76238 -2.0297487364 6.0 47.0
6.5602508 117.07187 -2.0297487364 6.0 47.0
6.5602508 117.07187 -2.0297487365 5.0 48.0
7.575125 119.381355 -2.0297487365 5.0 48.0
7.575125 119.381355 -2.0297487366 4.0 49.0
8.589999 121.69084 -2.0297487366 4.0 49.0
8.589999 121.69084 -2.0297487367 3.0 50.0
9.604874 124.00033 -2.0297487367 3.0 50.0
9.604874 124.00033 -2.0297487368 0.0 51.0
9.604874 126.522964 -2.0297487368 0.0 51.0
9.604874 126.522964 -2.0297487369 0.0 52.0
9.604874 129.04561 -2.0297487369 0.0 52.0
9.604874 124.00033 -2.0297487370 0.0 51.0
11.214161 125.70638 -2.9588711370 0.0 51.0
11.214161 125.70638 -2.9588711371 0.0 52.0
13.072406 127.41244 -2.9588711371 0.0 52.0
9.604874 124.00033 -2.0297487372 2.0 51.0
10.619748 126.309814 -2.0297487372 2.0 51.0
10.619748 126.309814 -2.0297487373 1.0 52.0
11.634623 128.6193 -2.0297487373 1.0 52.0
11.634623 128.6193 -2.0297487374 0.0 53.0
12.649497 130.92877 -2.0297487374 0.0 53.0
12.649497 130.92877 -2.0297487375 0.0 54.0
13.6643715 133.23825 -2.0297487375 0.0 54.0
0.0 100.905464 0.0376 20.0 41.0
0.0 103.4281 0.0376 20.0 41.0
0.0 103.4281 0.0377 19.0 42.0
0.0 105.95074 0.0377 19.0 42.0
0.0 105.95074 0.0378 18.0 43.0
0.0 108.47337 0.0378 18.0 43.0
0.0 108.47337 0.0379 17.0 44.0
0.0 110.99601 0.0379 17.0 44.0
0.0 110.99601 0.0380 16.0 45.0
0.0 113.51865 0.0380 16.0 45.0
0.0 113.51865 0.0381 15.0 46.0
0.0 116.04128 0.0381 15.0 46.0
0.0 116.04128 0.0382 14.0 47.0
0.0 118.56392 0.0382 14.0 47.0
0.0 118.56392 0.0383 13.0 48.0
0.0 121.086555 0.0383 13.0 48.0
0.0 121.086555 0.0384 12.0 49.0
0.0 123.60919 0.0384 12.0 49.0
0.0 123.60919 0.0385 11.0 50.0
0.0 126.13183 0.0385 11.0 50.0
0.0 126.13183 0.0386 10.0 51.0
0.0 128.65446 0.0386 10.0 51.0
0.0 128.65446 0.0387 9.0 52.0
0.0 131.17711 0.0387 9.0 52.0
0.0 131.17711 0.0388 4.0 53.0
-0.8789069 133.4866 0.50743717388 4.0 53.0
-0.8789069 133.4866 0.50743717389 3.0 54.0
-1.7578138 135.79608 1.0148743389 3.0 54.0
-1.7578138 135.79608 1.0148743390 0.0 55.0
-3.367101 137.50214 1.9439967390 0.0 55.0
-3.367101 137.50214 1.9439967391 0.0 56.0
-5.2253456 139.20819 1.9439967391 0.0 56.0
-1.7578138 135.79608 1.0148743392 0.0 55.0
-1.7578138 138.31873 1.0148743392 0.0 55.0
-1.7578138 138.31873 1.0148743393 0.0 56.0
-1.7578138 140.84137 1.0148743393 0.0 56.0
-1.7578138 135.79608 1.0148743394 2.0 55.0
-2.7726882 138.10556 1.0148743394 2.0 55.0
-2.7726882 138.10556 1.0148743395 1.0 56.0
-3.7875624 140.41504 1.0148743395 1.0 56.0
-3.7875624 140.41504 1.0148743396 0.0 57.0
-4.802437 142.72452 1.0148743396 0.0 57.0
-4.802437 142.72452 1.0148743397 0.0 58.0
-5.8173113 145.034 1.0148743397 0.0 58.0
0.0 131.17711 0.0398 4.0 53.0
0.8789069 133.4866 -0.50743717398 4.0 53.0
0.8789069 133.4866 -0.50743717399 3.0 54.0
1.7578138 135.79608 -1.0148743399 3.0 54.0
1.7578138 135.79608 -1.0148743400 0.0 55.0
1.7578138 138.31873 -1.0148743400 0.0 55.0
1.7578138 138.31873 -1.0148743401 0.0 56.0
1.7578138 140.84137 -1.0148743401 0.0 56.0
1.7578138 135.79608 -1.0148743402 0.0 55.0
3.367101 137.50214 -1.9439967402 0.0 55.0
3.367101 137.50214 -1.9439967403 0.0 56.0
5.2253456 139.20819 -1.9439967403 0.0 56.0
1.7578138 135.79608 -1.0148743404 2.0 55.0
2.7726882 138.10556 -1.0148743404 2.0 55.0
2.7726882 138.10556 -1.0148743405 1.0 56.0
3.7875624 140.41504 -1.0148743405 1.0 56.0
3.7875624 140.41504 -1.0148743406 0.0 57.0
4.802437 142.72452 -1.0148743406 0.0 57.0
4.802437 142.72452 -1.0148743407 0.0 58.0
5.8173113 145.034 -1.0148743407 0.0 58.0
0.0 131.17711 0.0408 8.0 53.0
0.0 133.69975 0.0408 8.0 53.0
0.0 133.69975 0.0409 7.0 54.0
0.0 136.2224 0.0409 7.0 54.0
0.0 136.2224 0.0410 6.0 55.0
0.0 138.74504 0.0410 6.0 55.0
0.0 138.74504 0.0411 5.0 56.0
0.0 141.26768 0.0411 5.0 56.0
0.0 141.26768 0.0412 4.0 57.0
0.0 143.79033 0.0412 4.0 57.0
0.0 143.79033 0.0413 3.0 58.0
0.0 146.31297 0.0413 3.0 58.0
0.0 146.31297 0.0414 0.0 59.0
-0.8789069 148.62247 0.50743717414 0.0 59.0
-0.8789069 148.62247 0.50743717415 0.0 60.0
-1.8937812 150.93195 0.50743717415 0.0 60.0
0.0 146.31297 0.0416 0.0 59.0
0.8789069 148.62247 -0.50743717416 0.0 59.0
0.8789069 148.62247 -0.50743717417 0.0 60.0
1.8937812 150.93195 -0.50743717417 0.0 60.0
0.0 146.31297 0.0418 2.0 59.0
0.0 148.83562 0.0418 2.0 59.0
0.0 148.83562 0.0419 1.0 60.0
0.0 151.35826 0.0419 1.0 60.0
0.0 151.35826 0.0420 0.0 61.0
0.0 153.8809 0.0420 0.0 61.0
0.0 153.8809 0.0421 0.0 62.0
0.0 156.40355 0.0421 0.0 62.0
