0.0 0.0 0.00 30.0 1.0
0.0 4.892577 0.00 30.0 1.0
0.0 4.892577 0.01 0.0 2.0
-1.4202671 9.502108 0.81999161 0.0 2.0
0.0 4.892577 0.02 29.0 2.0
0.0 9.785154 0.02 29.0 2.0
0.0 9.785154 0.03 0.0 3.0
-1.4202671 14.394684 0.81999163 0.0 3.0
-1.4202671 14.394684 0.81999164 0.0 4.0
-4.0964694 18.187822 2.3650984 0.0 4.0
-1.4202671 14.394684 0.81999165 0.0 4.0
-3.0602503 19.004213 0.81999165 0.0 4.0
0.0 9.785154 0.06 28.0 3.0
0.0 14.6777315 0.06 28.0 3.0
0.0 14.6777315 0.07 0.0 4.0
-1.4202671 19.287262 0.81999167 0.0 4.0
0.0 14.6777315 0.08 27.0 4.0
0.0 19.570309 0.08 27.0 4.0
0.0 19.570309 0.09 2.0 5.0
1.4202671 24.179838 -0.81999169 2.0 5.0
1.4202671 24.179838 -0.819991610 0.0 6.0
1.4202671 29.072414 -0.819991610 0.0 6.0
1.4202671 24.179838 -0.819991611 1.0 6.0
3.0602503 28.789368 -0.819991611 1.0 6.0
3.0602503 28.789368 -0.819991612 0.0 7.0
3.0602503 33.681946 -0.819991612 0.0 7.0
3.0602503 33.681946 -0.819991613 0.0 8.0
1.6399832 38.291477 0.013 0.0 8.0
3.0602503 33.681946 -0.819991614 0.0 8.0
3.0602503 38.574524 -0.819991614 0.0 8.0
3.0602503 28.789368 -0.819991615 0.0 7.0
4.7002335 33.3989 -0.819991615 0.0 7.0
4.7002335 33.3989 -0.819991616 0.0 8.0
4.7002335 38.291477 -0.819991616 0.0 8.0
4.7002335 33.3989 -0.819991617 0.0 8.0
6.3402166 38.00843 -0.819991617 0.0 8.0
0.0 19.570309 0.018 26.0 5.0
0.0 24.462887 0.018 26.0 5.0
0.0 24.462887 0.019 0.0 6.0
-1.4202671 29.072416 0.819991619 0.0 6.0
0.0 24.462887 0.020 25.0 6.0
0.0 29.355465 0.020 25.0 6.0
0.0 29.355465 0.021 0.0 7.0
-1.4202671 33.964996 0.819991621 0.0 7.0
-1.4202671 33.964996 0.819991622 0.0 8.0
-4.0964694 37.758133 2.36509822 0.0 8.0
-1.4202671 33.964996 0.819991623 0.0 8.0
-3.0602503 38.574528 0.819991623 0.0 8.0
0.0 29.355465 0.024 24.0 7.0
0.0 34.248043 0.024 24.0 7.0
0.0 34.248043 0.025 0.0 8.0
-1.4202671 38.857574 0.819991625 0.0 8.0
0.0 34.248043 0.026 23.0 8.0
0.0 39.14062 0.026 23.0 8.0
0.0 39.14062 0.027 6.0 9.0
-1.4202671 43.750153 0.819991627 6.0 9.0
-1.4202671 43.750153 0.819991628 0.0 10.0
-4.0964694 47.54329 2.36509828 0.0 10.0
-1.4202671 43.750153 0.819991629 5.0 10.0
-3.0602503 48.359684 0.819991629 5.0 10.0
-3.0602503 48.359684 0.819991630 0.0 11.0
-5.7364526 52.15282 2.36509830 0.0 11.0
-5.7364526 52.15282 2.36509831 0.0 12.0
-9.358941 54.69068 4.45654331 0.0 12.0
-5.7364526 52.15282 2.36509832 0.0 12.0
-8.826665 55.945957 2.36509832 0.0 12.0
-3.0602503 48.359684 0.819991633 4.0 11.0
-4.7002335 52.969215 0.819991633 4.0 11.0
-4.7002335 52.969215 0.819991634 0.0 12.0
-7.3764358 56.762352 2.36509834 0.0 12.0
-4.7002335 52.969215 0.819991635 3.0 12.0
-6.3402166 57.578747 0.819991635 3.0 12.0
-6.3402166 57.578747 0.819991636 2.0 13.0
-6.3402166 62.471325 0.819991636 2.0 13.0
-6.3402166 62.471325 0.819991637 0.0 14.0
-7.7604837 67.08086 1.639983237 0.0 14.0
-6.3402166 62.471325 0.819991638 1.0 14.0
-6.3402166 67.3639 0.819991638 1.0 14.0
-6.3402166 67.3639 0.819991639 0.0 15.0
-7.7604837 71.97343 1.639983239 0.0 15.0
-7.7604837 71.97343 1.639983240 0.0 16.0
-10.436686 75.76656 3.185089640 0.0 16.0
-7.7604837 71.97343 1.639983241 0.0 16.0
-9.400467 76.582954 1.639983241 0.0 16.0
-6.3402166 67.3639 0.819991642 0.0 15.0
-6.3402166 72.25648 0.819991642 0.0 15.0
-6.3402166 72.25648 0.819991643 0.0 16.0
-7.7604837 76.866005 1.639983243 0.0 16.0
-6.3402166 72.25648 0.819991644 0.0 16.0
-6.3402166 77.149055 0.819991644 0.0 16.0
-6.3402166 57.578747 0.819991645 2.0 13.0
-7.9802 62.18828 0.819991645 2.0 13.0
-7.9802 62.18828 0.819991646 0.0 14.0
-10.656403 65.981415 2.36509846 0.0 14.0
-7.9802 62.18828 0.819991647 1.0 14.0
-9.620183 66.797806 0.819991647 1.0 14.0
-9.620183 66.797806 0.819991648 0.0 15.0
-12.296385 70.59094 2.36509848 0.0 15.0
-12.296385 70.59094 2.36509849 0.0 16.0
-15.918874 73.12881 4.45654349 0.0 16.0
-12.296385 70.59094 2.36509850 0.0 16.0
-15.386598 74.38408 2.36509850 0.0 16.0
-9.620183 66.797806 0.819991651 0.0 15.0
-11.260166 71.40733 0.819991651 0.0 15.0
-11.260166 71.40733 0.819991652 0.0 16.0
-13.936369 75.20047 2.36509852 0.0 16.0
-11.260166 71.40733 0.819991653 0.0 16.0
-12.900149 76.01686 0.819991653 0.0 16.0
0.0 39.14062 0.054 22.0 9.0
0.0 44.0332 0.054 22.0 9.0
0.0 44.0332 0.055 0.0 10.0
-1.4202671 48.64273 0.819991655 0.0 10.0
0.0 44.0332 0.056 21.0 10.0
0.0 48.925777 0.056 21.0 10.0
0.0 48.925777 0.057 0.0 11.0
-1.4202671 53.53531 0.819991657 0.0 11.0
-1.4202671 53.53531 0.819991658 0.0 12.0
-4.0964694 57.328445 2.36509858 0.0 12.0
-1.4202671 53.53531 0.819991659 0.0 12.0
-3.0602503 58.14484 0.819991659 0.0 12.0
0.0 48.925777 0.060 20.0 11.0
0.0 53.818356 0.060 20.0 11.0
0.0 53.818356 0.061 0.0 12.0
-1.4202671 58.427887 0.819991661 0.0 12.0
0.0 53.818356 0.062 19.0 12.0
0.0 58.710934 0.062 19.0 12.0
0.0 58.710934 0.063 2.0 13.0
1.4202671 63.320465 -0.819991663 2.0 13.0
1.4202671 63.320465 -0.819991664 0.0 14.0
1.4202671 68.21304 -0.819991664 0.0 14.0
1.4202671 63.320465 -0.819991665 1.0 14.0
3.0602503 67.92999 -0.819991665 1.0 14.0
3.0602503 67.92999 -0.819991666 0.0 15.0
3.0602503 72.82257 -0.819991666 0.0 15.0
3.0602503 72.82257 -0.819991667 0.0 16.0
1.6399832 77.4321 0.067 0.0 16.0
3.0602503 72.82257 -0.819991668 0.0 16.0
3.0602503 77.71515 -0.819991668 0.0 16.0
3.0602503 67.92999 -0.819991669 0.0 15.0
4.7002335 72.53952 -0.819991669 0.0 15.0
4.7002335 72.53952 -0.819991670 0.0 16.0
4.7002335 77.4321 -0.819991670 0.0 16.0
4.7002335 72.53952 -0.819991671 0.0 16.0
6.3402166 77.14905 -0.819991671 0.0 16.0
0.0 58.710934 0.072 18.0 13.0
0.0 63.60351 0.072 18.0 13.0
0.0 63.60351 0.073 0.0 14.0
-1.4202671 68.21304 0.819991673 0.0 14.0
0.0 63.60351 0.074 17.0 14.0
0.0 68.496086 0.074 17.0 14.0
0.0 68.496086 0.075 0.0 15.0
-1.4202671 73.10561 0.819991675 0.0 15.0
-1.4202671 73.10561 0.819991676 0.0 16.0
-4.0964694 76.89875 2.36509876 0.0 16.0
-1.4202671 73.10561 0.819991677 0.0 16.0
-3.0602503 77.71514 0.819991677 0.0 16.0
0.0 68.496086 0.078 16.0 15.0
0.0 73.388664 0.078 16.0 15.0
0.0 73.388664 0.079 0.0 16.0
-1.4202671 77.99819 0.819991679 0.0 16.0
0.0 73.388664 0.080 15.0 16.0
0.0 78.28124 0.080 15.0 16.0
0.0 78.28124 0.081 14.0 17.0
1.4202671 82.89077 -0.819991681 14.0 17.0
1.4202671 82.89077 -0.819991682 0.0 18.0
1.4202671 87.78335 -0.819991682 0.0 18.0
1.4202671 82.89077 -0.819991683 13.0 18.0
3.0602503 87.5003 -0.819991683 13.0 18.0
3.0602503 87.5003 -0.819991684 0.0 19.0
3.0602503 92.392876 -0.819991684 0.0 19.0
3.0602503 92.392876 -0.819991685 0.0 20.0
1.6399832 97.0024 0.085 0.0 20.0
3.0602503 92.392876 -0.819991686 0.0 20.0
3.0602503 97.28545 -0.819991686 0.0 20.0
3.0602503 87.5003 -0.819991687 12.0 19.0
4.7002335 92.109825 -0.819991687 12.0 19.0
4.7002335 92.109825 -0.819991688 0.0 20.0
4.7002335 97.0024 -0.819991688 0.0 20.0
4.7002335 92.109825 -0.819991689 11.0 20.0
6.3402166 96.71935 -0.819991689 11.0 20.0
6.3402166 96.71935 -0.819991690 2.0 21.0
9.016418 100.51249 -2.36509890 2.0 21.0
9.016418 100.51249 -2.36509891 0.0 22.0
10.436686 105.12202 -3.185089691 0.0 22.0
9.016418 100.51249 -2.36509892 1.0 22.0
12.106631 104.305626 -2.36509892 1.0 22.0
12.106631 104.305626 -2.36509893 0.0 23.0
13.526898 108.91515 -3.185089693 0.0 23.0
13.526898 108.91515 -3.185089694 0.0 24.0
13.526898 113.80773 -3.185089694 0.0 24.0
13.526898 108.91515 -3.185089695 0.0 24.0
15.166882 113.52468 -3.185089695 0.0 24.0
12.106631 104.305626 -2.36509896 0.0 23.0
15.196844 108.09876 -2.36509896 0.0 23.0
15.196844 108.09876 -2.36509897 0.0 24.0
16.617111 112.70829 -3.185089697 0.0 24.0
15.196844 108.09876 -2.36509898 0.0 24.0
18.287056 111.8919 -2.36509898 0.0 24.0
6.3402166 96.71935 -0.819991699 10.0 21.0
7.9802 101.32888 -0.819991699 10.0 21.0
7.9802 101.32888 -0.8199916100 0.0 22.0
7.9802 106.22146 -0.8199916100 0.0 22.0
7.9802 101.32888 -0.8199916101 9.0 22.0
9.620183 105.93841 -0.8199916101 9.0 22.0
9.620183 105.93841 -0.8199916102 0.0 23.0
9.620183 110.830986 -0.8199916102 0.0 23.0
9.620183 110.830986 -0.8199916103 0.0 24.0
8.199916 115.44051 0.0103 0.0 24.0
9.620183 110.830986 -0.8199916104 0.0 24.0
9.620183 115.723564 -0.8199916104 0.0 24.0
9.620183 105.93841 -0.8199916105 8.0 23.0
11.260166 110.547935 -0.8199916105 8.0 23.0
11.260166 110.547935 -0.8199916106 0.0 24.0
11.260166 115.44051 -0.8199916106 0.0 24.0
11.260166 110.547935 -0.8199916107 7.0 24.0
12.900149 115.15746 -0.8199916107 7.0 24.0
12.900149 115.15746 -0.8199916108 6.0 25.0
12.900149 120.05004 -0.8199916108 6.0 25.0
12.900149 120.05004 -0.8199916109 0.0 26.0
11.479882 124.65957 0.0109 0.0 26.0
12.900149 120.05004 -0.8199916110 5.0 26.0
12.900149 124.94262 -0.8199916110 5.0 26.0
12.900149 124.94262 -0.8199916111 0.0 27.0
11.479882 129.55215 0.0111 0.0 27.0
11.479882 129.55215 0.0112 0.0 28.0
8.80368 133.34529 1.5451063112 0.0 28.0
11.479882 129.55215 0.0113 0.0 28.0
9.839899 134.16168 0.0113 0.0 28.0
12.900149 124.94262 -0.8199916114 4.0 27.0
12.900149 129.83519 -0.8199916114 4.0 27.0
12.900149 129.83519 -0.8199916115 0.0 28.0
11.479882 134.44472 0.0115 0.0 28.0
12.900149 129.83519 -0.8199916116 3.0 28.0
12.900149 134.72777 -0.8199916116 3.0 28.0
12.900149 134.72777 -0.8199916117 2.0 29.0
14.320416 139.3373 -1.6399832117 2.0 29.0
14.320416 139.3373 -1.6399832118 0.0 30.0
14.320416 144.22987 -1.6399832118 0.0 30.0
14.320416 139.3373 -1.6399832119 1.0 30.0
15.9604 143.94682 -1.6399832119 1.0 30.0
15.9604 143.94682 -1.6399832120 0.0 31.0
15.9604 148.8394 -1.6399832120 0.0 31.0
15.9604 148.8394 -1.6399832121 0.0 32.0
14.5401325 153.44893 -0.8199916121 0.0 32.0
15.9604 148.8394 -1.6399832122 0.0 32.0
15.9604 153.73198 -1.6399832122 0.0 32.0
15.9604 143.94682 -1.6399832123 0.0 31.0
17.600384 148.55635 -1.6399832123 0.0 31.0
17.600384 148.55635 -1.6399832124 0.0 32.0
17.600384 153.44893 -1.6399832124 0.0 32.0
17.600384 148.55635 -1.6399832125 0.0 32.0
19.240368 153.16588 -1.6399832125 0.0 32.0
12.900149 134.72777 -0.8199916126 2.0 29.0
12.900149 139.62035 -0.8199916126 2.0 29.0
12.900149 139.62035 -0.8199916127 0.0 30.0
11.479882 144.22987 0.0127 0.0 30.0
12.900149 139.62035 -0.8199916128 1.0 30.0
12.900149 144.51292 -0.8199916128 1.0 30.0
12.900149 144.51292 -0.8199916129 0.0 31.0
11.479882 149.12245 0.0129 0.0 31.0
11.479882 149.12245 0.0130 0.0 32.0
8.80368 152.91559 1.5451063130 0.0 32.0
11.479882 149.12245 0.0131 0.0 32.0
9.839899 153.73198 0.0131 0.0 32.0
12.900149 144.51292 -0.8199916132 0.0 31.0
12.900149 149.4055 -0.8199916132 0.0 31.0
12.900149 149.4055 -0.8199916133 0.0 32.0
11.479882 154.01503 0.0133 0.0 32.0
12.900149 149.4055 -0.8199916134 0.0 32.0
12.900149 154.29808 -0.8199916134 0.0 32.0
12.900149 115.15746 -0.8199916135 6.0 25.0
14.5401325 119.76699 -0.8199916135 6.0 25.0
14.5401325 119.76699 -0.8199916136 0.0 26.0
14.5401325 124.65957 -0.8199916136 0.0 26.0
14.5401325 119.76699 -0.8199916137 5.0 26.0
16.180115 124.37652 -0.8199916137 5.0 26.0
16.180115 124.37652 -0.8199916138 0.0 27.0
16.180115 129.26909 -0.8199916138 0.0 27.0
16.180115 129.26909 -0.8199916139 0.0 28.0
14.759848 133.87862 0.0139 0.0 28.0
16.180115 129.26909 -0.8199916140 0.0 28.0
16.180115 134.16167 -0.8199916140 0.0 28.0
16.180115 124.37652 -0.8199916141 4.0 27.0
17.820099 128.98605 -0.8199916141 4.0 27.0
17.820099 128.98605 -0.8199916142 0.0 28.0
17.820099 133.87863 -0.8199916142 0.0 28.0
17.820099 128.98605 -0.8199916143 3.0 28.0
19.460083 133.59558 -0.8199916143 3.0 28.0
19.460083 133.59558 -0.8199916144 2.0 29.0
22.136286 137.38872 -2.365098144 2.0 29.0
22.136286 137.38872 -2.365098145 0.0 30.0
23.556553 141.99825 -3.1850896145 0.0 30.0
22.136286 137.38872 -2.365098146 1.0 30.0
25.226498 141.18185 -2.365098146 1.0 30.0
25.226498 141.18185 -2.365098147 0.0 31.0
26.646765 145.79138 -3.1850896147 0.0 31.0
26.646765 145.79138 -3.1850896148 0.0 32.0
26.646765 150.68396 -3.1850896148 0.0 32.0
26.646765 145.79138 -3.1850896149 0.0 32.0
28.286747 150.40091 -3.1850896149 0.0 32.0
25.226498 141.18185 -2.365098150 0.0 31.0
28.31671 144.97499 -2.365098150 0.0 31.0
28.31671 144.97499 -2.365098151 0.0 32.0
29.736977 149.58452 -3.1850896151 0.0 32.0
28.31671 144.97499 -2.365098152 0.0 32.0
31.406921 148.76813 -2.365098152 0.0 32.0
19.460083 133.59558 -0.8199916153 2.0 29.0
21.100067 138.20511 -0.8199916153 2.0 29.0
21.100067 138.20511 -0.8199916154 0.0 30.0
21.100067 143.09769 -0.8199916154 0.0 30.0
21.100067 138.20511 -0.8199916155 1.0 30.0
22.740051 142.81464 -0.8199916155 1.0 30.0
22.740051 142.81464 -0.8199916156 0.0 31.0
22.740051 147.70721 -0.8199916156 0.0 31.0
22.740051 147.70721 -0.8199916157 0.0 32.0
21.319784 152.31674 0.0157 0.0 32.0
22.740051 147.70721 -0.8199916158 0.0 32.0
22.740051 152.5998 -0.8199916158 0.0 32.0
22.740051 142.81464 -0.8199916159 0.0 31.0
24.380035 147.42416 -0.8199916159 0.0 31.0
24.380035 147.42416 -0.8199916160 0.0 32.0
24.380035 152.31674 -0.8199916160 0.0 32.0
24.380035 147.42416 -0.8199916161 0.0 32.0
26.02002 152.03369 -0.8199916161 0.0 32.0
0.0 78.28124 0.0162 14.0 17.0
0.0 83.17382 0.0162 14.0 17.0
0.0 83.17382 0.0163 0.0 18.0
-1.4202671 87.78335 0.8199916163 0.0 18.0
0.0 83.17382 0.0164 13.0 18.0
0.0 88.0664 0.0164 13.0 18.0
0.0 88.0664 0.0165 0.0 19.0
-1.4202671 92.67593 0.8199916165 0.0 19.0
-1.4202671 92.67593 0.8199916166 0.0 20.0
-4.0964694 96.46906 2.365098166 0.0 20.0
-1.4202671 92.67593 0.8199916167 0.0 20.0
-3.0602503 97.28545 0.8199916167 0.0 20.0
0.0 88.0664 0.0168 12.0 19.0
0.0 92.95898 0.0168 12.0 19.0
0.0 92.95898 0.0169 0.0 20.0
-1.4202671 97.568504 0.8199916169 0.0 20.0
0.0 92.95898 0.0170 11.0 20.0
0.0 97.851555 0.0170 11.0 20.0
0.0 97.851555 0.0171 2.0 21.0
1.4202671 102.46108 -0.8199916171 2.0 21.0
1.4202671 102.46108 -0.8199916172 0.0 22.0
1.4202671 107.35366 -0.8199916172 0.0 22.0
1.4202671 102.46108 -0.8199916173 1.0 22.0
3.0602503 107.07061 -0.8199916173 1.0 22.0
3.0602503 107.07061 -0.8199916174 0.0 23.0
3.0602503 111.96319 -0.8199916174 0.0 23.0
3.0602503 111.96319 -0.8199916175 0.0 24.0
1.6399832 116.572716 0.0175 0.0 24.0
3.0602503 111.96319 -0.8199916176 0.0 24.0
3.0602503 116.85577 -0.8199916176 0.0 24.0
3.0602503 107.07061 -0.8199916177 0.0 23.0
4.7002335 111.68014 -0.8199916177 0.0 23.0
4.7002335 111.68014 -0.8199916178 0.0 24.0
4.7002335 116.572716 -0.8199916178 0.0 24.0
4.7002335 111.68014 -0.8199916179 0.0 24.0
6.3402166 116.289665 -0.8199916179 0.0 24.0
0.0 97.851555 0.0180 10.0 21.0
0.0 102.74413 0.0180 10.0 21.0
0.0 102.74413 0.0181 0.0 22.0
-1.4202671 107.35366 0.8199916181 0.0 22.0
0.0 102.74413 0.0182 9.0 22.0
0.0 107.63671 0.0182 9.0 22.0
0.0 107.63671 0.0183 0.0 23.0
-1.4202671 112.24624 0.8199916183 0.0 23.0
-1.4202671 112.24624 0.8199916184 0.0 24.0
-4.0964694 116.039375 2.365098184 0.0 24.0
-1.4202671 112.24624 0.8199916185 0.0 24.0
-3.0602503 116.85577 0.8199916185 0.0 24.0
0.0 107.63671 0.0186 8.0 23.0
0.0 112.52929 0.0186 8.0 23.0
0.0 112.52929 0.0187 0.0 24.0
-1.4202671 117.13882 0.8199916187 0.0 24.0
0.0 112.52929 0.0188 7.0 24.0
0.0 117.42187 0.0188 7.0 24.0
0.0 117.42187 0.0189 6.0 25.0
-1.4202671 122.031395 0.8199916189 6.0 25.0
-1.4202671 122.031395 0.8199916190 0.0 26.0
-4.0964694 125.82453 2.365098190 0.0 26.0
-1.4202671 122.031395 0.8199916191 5.0 26.0
-3.0602503 126.64092 0.8199916191 5.0 26.0
-3.0602503 126.64092 0.8199916192 0.0 27.0
-5.7364526 130.43407 2.365098192 0.0 27.0
-5.7364526 130.43407 2.365098193 0.0 28.0
-9.358941 132.97192 4.456543193 0.0 28.0
-5.7364526 130.43407 2.365098194 0.0 28.0
-8.826665 134.2272 2.365098194 0.0 28.0
-3.0602503 126.64092 0.8199916195 4.0 27.0
-4.7002335 131.25046 0.8199916195 4.0 27.0
-4.7002335 131.25046 0.8199916196 0.0 28.0
-7.3764358 135.0436 2.365098196 0.0 28.0
-4.7002335 131.25046 0.8199916197 3.0 28.0
-6.3402166 135.85999 0.8199916197 3.0 28.0
-6.3402166 135.85999 0.8199916198 2.0 29.0
-6.3402166 140.75256 0.8199916198 2.0 29.0
-6.3402166 140.75256 0.8199916199 0.0 30.0
-7.7604837 145.36209 1.6399832199 0.0 30.0
-6.3402166 140.75256 0.8199916200 1.0 30.0
-6.3402166 145.64514 0.8199916200 1.0 30.0
-6.3402166 145.64514 0.8199916201 0.0 31.0
-7.7604837 150.25467 1.6399832201 0.0 31.0
-7.7604837 150.25467 1.6399832202 0.0 32.0
-10.436686 154.0478 3.1850896202 0.0 32.0
-7.7604837 150.25467 1.6399832203 0.0 32.0
-9.400467 154.8642 1.6399832203 0.0 32.0
-6.3402166 145.64514 0.8199916204 0.0 31.0
-6.3402166 150.53772 0.8199916204 0.0 31.0
-6.3402166 150.53772 0.8199916205 0.0 32.0
-7.7604837 155.14725 1.6399832205 0.0 32.0
-6.3402166 150.53772 0.8199916206 0.0 32.0
-6.3402166 155.4303 0.8199916206 0.0 32.0
-6.3402166 135.85999 0.8199916207 2.0 29.0
-7.9802 140.46951 0.8199916207 2.0 29.0
-7.9802 140.46951 0.8199916208 0.0 30.0
-10.656403 144.26265 2.365098208 0.0 30.0
-7.9802 140.46951 0.8199916209 1.0 30.0
-9.620183 145.07904 0.8199916209 1.0 30.0
-9.620183 145.07904 0.8199916210 0.0 31.0
-12.296385 148.87218 2.365098210 0.0 31.0
-12.296385 148.87218 2.365098211 0.0 32.0
-15.918874 151.41003 4.456543211 0.0 32.0
-12.296385 148.87218 2.365098212 0.0 32.0
-15.386598 152.66531 2.365098212 0.0 32.0
-9.620183 145.07904 0.8199916213 0.0 31.0
-11.260166 149.68857 0.8199916213 0.0 31.0
-11.260166 149.68857 0.8199916214 0.0 32.0
-13.936369 153.4817 2.365098214 0.0 32.0
-11.260166 149.68857 0.8199916215 0.0 32.0
-12.900149 154.2981 0.8199916215 0.0 32.0
0.0 117.42187 0.0216 6.0 25.0
0.0 122.314445 0.0216 6.0 25.0
0.0 122.314445 0.0217 0.0 26.0
-1.4202671 126.92397 0.8199916217 0.0 26.0
0.0 122.314445 0.0218 5.0 26.0
0.0 127.20702 0.0218 5.0 26.0
0.0 127.20702 0.0219 0.0 27.0
-1.4202671 131.81656 0.8199916219 0.0 27.0
-1.4202671 131.81656 0.8199916220 0.0 28.0
-4.0964694 135.6097 2.365098220 0.0 28.0
-1.4202671 131.81656 0.8199916221 0.0 28.0
-3.0602503 136.42609 0.8199916221 0.0 28.0
0.0 127.20702 0.0222 4.0 27.0
0.0 132.0996 0.0222 4.0 27.0
0.0 132.0996 0.0223 0.0 28.0
-1.4202671 136.70912 0.8199916223 0.0 28.0
0.0 132.0996 0.0224 3.0 28.0
0.0 136.99217 0.0224 3.0 28.0
0.0 136.99217 0.0225 2.0 29.0
1.4202671 141.6017 -0.8199916225 2.0 29.0
1.4202671 141.6017 -0.8199916226 0.0 30.0
1.4202671 146.49428 -0.8199916226 0.0 30.0
1.4202671 141.6017 -0.8199916227 1.0 30.0
3.0602503 146.21123 -0.8199916227 1.0 30.0
3.0602503 146.21123 -0.8199916228 0.0 31.0
3.0602503 151.1038 -0.8199916228 0.0 31.0
3.0602503 151.1038 -0.8199916229 0.0 32.0
1.6399832 155.71333 0.0229 0.0 32.0
3.0602503 151.1038 -0.8199916230 0.0 32.0
3.0602503 155.99638 -0.8199916230 0.0 32.0
3.0602503 146.21123 -0.8199916231 0.0 31.0
4.7002335 150.82076 -0.8199916231 0.0 31.0
4.7002335 150.82076 -0.8199916232 0.0 32.0
4.7002335 155.71333 -0.8199916232 0.0 32.0
4.7002335 150.82076 -0.8199916233 0.0 32.0
6.3402166 155.43028 -0.8199916233 0.0 32.0
0.0 136.99217 0.0234 2.0 29.0
0.0 141.88475 0.0234 2.0 29.0
0.0 141.88475 0.0235 0.0 30.0
-1.4202671 146.49428 0.8199916235 0.0 30.0
0.0 141.88475 0.0236 1.0 30.0
0.0 146.77733 0.0236 1.0 30.0
0.0 146.77733 0.0237 0.0 31.0
-1.4202671 151.38686 0.8199916237 0.0 31.0
-1.4202671 151.38686 0.8199916238 0.0 32.0
-4.0964694 155.18 2.365098238 0.0 32.0
-1.4202671 151.38686 0.8199916239 0.0 32.0
-3.0602503 155.99638 0.8199916239 0.0 32.0
0.0 146.77733 0.0240 0.0 31.0
0.0 151.6699 0.0240 0.0 31.0
0.0 151.6699 0.0241 0.0 32.0
-1.4202671 156.27943 0.8199916241 0.0 32.0
0.0 151.6699 0.0242 0.0 32.0
0.0 156.56248 0.0242 0.0 32.0
