0.0 0.0 0.00 27.0 1.0
0.0 4.398458 0.00 27.0 1.0
0.0 4.398458 0.01 26.0 2.0
0.0 8.796916 0.01 26.0 2.0
0.0 8.796916 0.02 1.0 3.0
0.0 13.195374 0.02 1.0 3.0
0.0 13.195374 0.03 0.0 4.0
-2.1409283 16.833368 1.23606553 0.0 4.0
-2.1409283 16.833368 1.23606554 0.0 5.0
-5.682481 18.452929 3.28078174 0.0 5.0
0.0 8.796916 0.05 1.0 3.0
-3.717555 7.838021 2.14633135 1.0 3.0
-3.717555 7.838021 2.14633136 0.0 4.0
-7.2591076 9.4575815 4.19104776 0.0 4.0
-7.2591076 9.4575815 4.19104777 0.0 5.0
-9.400036 13.095575 5.4271137 0.0 5.0
0.0 8.796916 0.08 25.0 3.0
-4.0894322 10.416476 0.08 25.0 3.0
-4.0894322 10.416476 0.09 24.0 4.0
-8.1788645 12.0360365 0.09 24.0 4.0
-8.1788645 12.0360365 0.010 1.0 5.0
-11.720417 13.655597 2.044716110 1.0 5.0
-11.720417 13.655597 2.044716111 0.0 6.0
-15.437972 12.696701 4.191047711 0.0 6.0
-15.437972 12.696701 4.191047712 0.0 7.0
-18.04605 9.490923 5.696821712 0.0 7.0
-8.1788645 12.0360365 0.013 1.0 5.0
-8.775625 7.6918907 0.344540113 1.0 5.0
-8.775625 7.6918907 0.344540114 0.0 6.0
-11.383702 4.4861126 1.850314114 0.0 6.0
-11.383702 4.4861126 1.850314115 0.0 7.0
-15.101257 3.5272174 3.996645515 0.0 7.0
-8.1788645 12.0360365 0.016 7.0 5.0
-11.720417 13.655597 2.044716116 7.0 5.0
-11.720417 13.655597 2.044716117 6.0 6.0
-15.26197 15.275157 4.089432217 6.0 6.0
-15.26197 15.275157 4.089432218 1.0 7.0
-18.803522 16.894718 6.134148618 1.0 7.0
-18.803522 16.894718 6.134148619 0.0 8.0
-22.521076 15.935823 8.28047919 0.0 8.0
-22.521076 15.935823 8.28047920 0.0 9.0
-25.129152 12.730045 9.78625320 0.0 9.0
-15.26197 15.275157 4.089432221 1.0 7.0
-15.85873 10.931011 4.433972421 1.0 7.0
-15.85873 10.931011 4.433972422 0.0 8.0
-18.466806 7.725233 5.939746422 0.0 8.0
-18.466806 7.725233 5.939746423 0.0 9.0
-22.18436 6.766338 8.08607823 0.0 9.0
-15.26197 15.275157 4.089432224 5.0 7.0
-15.95105 10.931011 4.089432224 5.0 7.0
-15.95105 10.931011 4.089432225 4.0 8.0
-16.64013 6.5868654 4.089432225 4.0 8.0
-16.64013 6.5868654 4.089432226 1.0 9.0
-17.23689 2.2427197 4.433972426 1.0 9.0
-17.23689 2.2427197 4.433972427 0.0 10.0
-15.615984 -1.7376463 3.498141327 0.0 10.0
-15.615984 -1.7376463 3.498141328 0.0 11.0
-12.337896 -3.9778757 1.605536828 0.0 11.0
-16.64013 6.5868654 4.089432229 1.0 9.0
-12.838381 6.8614144 1.894491729 1.0 9.0
-12.838381 6.8614144 1.894491730 0.0 10.0
-9.560293 4.6211853 0.001887202330 0.0 10.0
-9.560293 4.6211853 0.001887202331 0.0 11.0
-7.9393864 0.6408193 -0.9339438731 0.0 11.0
-16.64013 6.5868654 4.089432232 3.0 9.0
-12.250248 6.8614144 4.089432232 3.0 9.0
-12.250248 6.8614144 4.089432233 2.0 10.0
-7.860367 7.1359634 4.089432233 2.0 10.0
-7.860367 7.1359634 4.089432234 1.0 11.0
-4.0586185 7.4105124 1.894491734 1.0 11.0
-4.0586185 7.4105124 1.894491735 0.0 12.0
-1.0478022 10.104904 0.1561961235 0.0 12.0
-1.0478022 10.104904 0.1561961236 0.0 13.0
0.13098204 14.287455 -0.5243752636 0.0 13.0
-7.860367 7.1359634 4.089432237 1.0 11.0
-8.921223 11.360401 4.701917637 1.0 11.0
-8.921223 11.360401 4.701917638 0.0 12.0
-7.7424383 15.542952 4.02134638 0.0 12.0
-7.7424383 15.542952 4.02134639 0.0 13.0
-4.7316217 18.237343 2.283050539 0.0 13.0
-8.1788645 12.0360365 0.040 7.0 5.0
-8.775625 7.6918907 0.344540140 7.0 5.0
-8.775625 7.6918907 0.344540141 6.0 6.0
-9.372386 3.347745 0.689080241 6.0 6.0
-9.372386 3.347745 0.689080242 1.0 7.0
-9.969147 -0.99640083 1.033620242 1.0 7.0
-9.969147 -0.99640083 1.033620243 0.0 8.0
-8.34824 -4.9767666 0.0977891743 0.0 8.0
-8.34824 -4.9767666 0.0977891744 0.0 9.0
-5.0701528 -7.216996 -1.794815344 0.0 9.0
-9.372386 3.347745 0.689080245 1.0 7.0
-5.5706377 3.622294 -1.505860345 1.0 7.0
-5.5706377 3.622294 -1.505860346 0.0 8.0
-2.2925506 1.3820646 -3.398464746 0.0 8.0
-2.2925506 1.3820646 -3.398464747 0.0 9.0
-0.6716436 -2.5983014 -4.334295747 0.0 9.0
-9.372386 3.347745 0.689080248 5.0 7.0
-7.500724 -0.63262105 0.689080248 5.0 7.0
-7.500724 -0.63262105 0.689080249 4.0 8.0
-5.6290617 -4.612987 0.689080249 4.0 8.0
-5.6290617 -4.612987 0.689080250 1.0 9.0
-4.008155 -8.593353 -0.2467508950 1.0 9.0
-4.008155 -8.593353 -0.2467508951 0.0 10.0
-0.73006773 -10.833583 -2.139355451 0.0 10.0
-0.73006773 -10.833583 -2.139355452 0.0 11.0
3.0716808 -10.559034 -4.33429652 0.0 11.0
-5.6290617 -4.612987 0.689080253 1.0 9.0
-2.6182454 -1.9185953 -1.049215353 1.0 9.0
-2.6182454 -1.9185953 -1.049215354 0.0 10.0
1.1835032 -1.6440464 -3.24415654 0.0 10.0
1.1835032 -1.6440464 -3.24415655 0.0 11.0
4.4615903 -3.884276 -5.1367655 0.0 11.0
-5.6290617 -4.612987 0.689080256 3.0 9.0
-1.8438528 -6.853216 0.689080256 3.0 9.0
-1.8438528 -6.853216 0.689080257 2.0 10.0
1.9413562 -9.093446 0.689080257 2.0 10.0
1.9413562 -9.093446 0.689080258 1.0 11.0
5.2194433 -11.333675 -1.203524458 1.0 11.0
5.2194433 -11.333675 -1.203524459 0.0 12.0
9.021192 -11.059127 -3.39846559 0.0 12.0
9.021192 -11.059127 -3.39846560 0.0 13.0
12.032008 -8.364735 -5.136760760 0.0 13.0
1.9413562 -9.093446 0.689080261 1.0 11.0
3.1201406 -4.910896 0.00850880161 1.0 11.0
3.1201406 -4.910896 0.00850880162 0.0 12.0
6.1309566 -2.216504 -1.729786862 0.0 12.0
6.1309566 -2.216504 -1.729786863 0.0 13.0
9.932705 -1.9419552 -3.924727463 0.0 13.0
-8.1788645 12.0360365 0.064 23.0 5.0
-11.1904125 8.830258 0.064 23.0 5.0
-11.1904125 8.830258 0.065 22.0 6.0
-14.201961 5.6244802 0.065 22.0 6.0
-14.201961 5.6244802 0.066 1.0 7.0
-16.810038 2.4187024 1.50577466 1.0 7.0
-16.810038 2.4187024 1.50577467 0.0 8.0
-17.4068 -1.9254434 1.850314167 0.0 8.0
-17.4068 -1.9254434 1.850314168 0.0 9.0
-15.7858925 -5.9058094 0.914483168 0.0 9.0
-14.201961 5.6244802 0.069 1.0 7.0
-10.923874 3.3842509 -1.892604569 1.0 7.0
-10.923874 3.3842509 -1.892604570 0.0 8.0
-9.302967 -0.5961151 -2.828435470 0.0 8.0
-9.302967 -0.5961151 -2.828435471 0.0 9.0
-9.899728 -4.940261 -2.483895371 0.0 9.0
-14.201961 5.6244802 0.072 21.0 7.0
-12.330298 1.6441143 0.072 21.0 7.0
-12.330298 1.6441143 0.073 20.0 8.0
-10.458636 -2.3362517 0.073 20.0 8.0
-10.458636 -2.3362517 0.074 1.0 9.0
-8.837729 -6.316618 -0.9358310774 1.0 9.0
-8.837729 -6.316618 -0.9358310775 0.0 10.0
-5.5596423 -8.556848 -2.828435475 0.0 10.0
-5.5596423 -8.556848 -2.828435476 0.0 11.0
-1.7578938 -8.282299 -5.02337676 0.0 11.0
-10.458636 -2.3362517 0.077 1.0 9.0
-7.4478197 0.35814 -1.738295677 1.0 9.0
-7.4478197 0.35814 -1.738295678 0.0 10.0
-3.6460712 0.6326889 -3.933236178 0.0 10.0
-3.6460712 0.6326889 -3.933236179 0.0 11.0
-0.36798406 -1.6075405 -5.825840579 0.0 11.0
-10.458636 -2.3362517 0.080 7.0 9.0
-8.837729 -6.316618 -0.9358310780 7.0 9.0
-8.837729 -6.316618 -0.9358310781 6.0 10.0
-7.2168226 -10.296984 -1.871662181 6.0 10.0
-7.2168226 -10.296984 -1.871662182 1.0 11.0
-5.595916 -14.277349 -2.807493282 1.0 11.0
-5.595916 -14.277349 -2.807493283 0.0 12.0
-2.3178287 -16.517578 -4.700097683 0.0 12.0
-2.3178287 -16.517578 -4.700097684 0.0 13.0
1.4839199 -16.243029 -6.89503884 0.0 13.0
-7.2168226 -10.296984 -1.871662185 1.0 11.0
-4.206006 -7.602592 -3.609957785 1.0 11.0
-4.206006 -7.602592 -3.609957786 0.0 12.0
-0.40425754 -7.328043 -5.804898386 0.0 12.0
-0.40425754 -7.328043 -5.804898387 0.0 13.0
2.8738296 -9.568273 -7.697502687 0.0 13.0
-7.2168226 -10.296984 -1.871662188 5.0 11.0
-3.7402315 -7.602592 -1.871662188 5.0 11.0
-3.7402315 -7.602592 -1.871662189 4.0 12.0
-0.2636404 -4.9082003 -1.871662189 4.0 12.0
-0.2636404 -4.9082003 -1.871662190 1.0 13.0
2.747176 -2.2138085 -3.609957790 1.0 13.0
2.747176 -2.2138085 -3.609957791 0.0 14.0
3.92596 1.9687414 -4.290529391 0.0 14.0
3.92596 1.9687414 -4.290529392 0.0 15.0
2.8651042 6.1931796 -3.678043892 0.0 15.0
-0.2636404 -4.9082003 -1.871662193 1.0 13.0
-3.1973062 -2.1026273 -0.1779093793 1.0 13.0
-3.1973062 -2.1026273 -0.1779093794 0.0 14.0
-4.258162 2.121811 0.4345759794 0.0 14.0
-4.258162 2.121811 0.4345759795 0.0 15.0
-3.0793777 6.304361 -0.245995495 0.0 15.0
-0.2636404 -4.9082003 -1.871662196 3.0 13.0
-3.651146 -2.1026273 -1.871662196 3.0 13.0
-3.651146 -2.1026273 -1.871662197 2.0 14.0
-7.0386515 0.7029457 -1.871662197 2.0 14.0
-7.0386515 0.7029457 -1.871662198 1.0 15.0
-9.972317 3.5085187 -0.1779093798 1.0 15.0
-9.972317 3.5085187 -0.1779093799 0.0 16.0
-13.76437 3.9250965 2.011433899 0.0 16.0
-13.76437 3.9250965 2.0114338100 0.0 17.0
-17.10357 1.8086321 3.939322100 0.0 17.0
-7.0386515 0.7029457 -1.8716621101 1.0 15.0
-8.770348 -3.2147157 -0.87186694101 1.0 15.0
-8.770348 -3.2147157 -0.87186694102 0.0 16.0
-12.109549 -5.33118 1.0560213102 0.0 16.0
-12.109549 -5.33118 1.0560213103 0.0 17.0
-15.901602 -4.9146023 3.2453647103 0.0 17.0
-10.458636 -2.3362517 0.0104 7.0 9.0
-7.4478197 0.35814 -1.7382956104 7.0 9.0
-7.4478197 0.35814 -1.7382956105 6.0 10.0
-4.437003 3.0525317 -3.476591105 6.0 10.0
-4.437003 3.0525317 -3.476591106 1.0 11.0
-1.4261868 5.7469234 -5.2148867106 1.0 11.0
-1.4261868 5.7469234 -5.2148867107 0.0 12.0
-0.24740255 9.929474 -5.895458107 0.0 12.0
-0.24740255 9.929474 -5.895458108 0.0 13.0
-1.3082583 14.153912 -5.282973108 0.0 13.0
-4.437003 3.0525317 -3.476591109 1.0 11.0
-7.370669 5.8581047 -1.7828383109 1.0 11.0
-7.370669 5.8581047 -1.7828383110 0.0 12.0
-8.431524 10.082542 -1.1703529110 0.0 12.0
-8.431524 10.082542 -1.1703529111 0.0 13.0
-7.25274 14.265093 -1.8509243111 0.0 13.0
-4.437003 3.0525317 -3.476591112 5.0 11.0
-3.0758605 7.2350817 -3.476591112 5.0 11.0
-3.0758605 7.2350817 -3.476591113 4.0 12.0
-1.7147177 11.417631 -3.476591113 4.0 12.0
-1.7147177 11.417631 -3.476591114 1.0 13.0
-0.5359335 15.600182 -4.1571627114 1.0 13.0
-0.5359335 15.600182 -4.1571627115 0.0 14.0
-1.5967892 19.82462 -3.5446773115 0.0 14.0
-1.5967892 19.82462 -3.5446773116 0.0 15.0
-4.530455 22.630192 -1.8509245116 0.0 15.0
-1.7147177 11.417631 -3.476591117 1.0 13.0
-5.5067716 11.8342085 -1.2872479117 1.0 13.0
-5.5067716 11.8342085 -1.2872479118 0.0 14.0
-8.440437 14.639782 0.40650487118 0.0 14.0
-8.440437 14.639782 0.40650487119 0.0 15.0
-9.501293 18.86422 1.0189903119 0.0 15.0
-1.7147177 11.417631 -3.476591120 3.0 13.0
-2.9396884 15.642069 -3.476591120 3.0 13.0
-2.9396884 15.642069 -3.476591121 2.0 14.0
-4.164659 19.866507 -3.476591121 2.0 14.0
-4.164659 19.866507 -3.476591122 1.0 15.0
-5.225515 24.090944 -2.8641057122 1.0 15.0
-5.225515 24.090944 -2.8641057123 0.0 16.0
-8.159181 26.896517 -1.1703529123 0.0 16.0
-8.159181 26.896517 -1.1703529124 0.0 17.0
-11.951235 27.313095 1.0189903124 0.0 17.0
-4.164659 19.866507 -3.476591125 1.0 15.0
-7.5038595 17.750042 -1.5487028125 1.0 15.0
-7.5038595 17.750042 -1.5487028126 0.0 16.0
-11.295914 18.16662 0.6406404126 0.0 16.0
-11.295914 18.16662 0.6406404127 0.0 17.0
-14.22958 20.972193 2.334393127 0.0 17.0
-10.458636 -2.3362517 0.0128 19.0 9.0
-8.837729 -6.316618 -0.93583107128 19.0 9.0
-8.837729 -6.316618 -0.93583107129 18.0 10.0
-7.2168226 -10.296984 -1.8716621129 18.0 10.0
-7.2168226 -10.296984 -1.8716621130 1.0 11.0
-5.595916 -14.277349 -2.8074932130 1.0 11.0
-5.595916 -14.277349 -2.8074932131 0.0 12.0
-2.3178287 -16.517578 -4.7000976131 0.0 12.0
-2.3178287 -16.517578 -4.7000976132 0.0 13.0
1.4839199 -16.243029 -6.895038132 0.0 13.0
-7.2168226 -10.296984 -1.8716621133 1.0 11.0
-4.206006 -7.602592 -3.6099577133 1.0 11.0
-4.206006 -7.602592 -3.6099577134 0.0 12.0
-0.40425754 -7.328043 -5.8048983134 0.0 12.0
-0.40425754 -7.328043 -5.8048983135 0.0 13.0
2.8738296 -9.568273 -7.6975026135 0.0 13.0
-7.2168226 -10.296984 -1.8716621136 17.0 11.0
-2.8269415 -10.022435 -1.8716621136 17.0 11.0
-2.8269415 -10.022435 -1.8716621137 16.0 12.0
1.5629396 -9.747887 -1.8716621137 16.0 12.0
1.5629396 -9.747887 -1.8716621138 1.0 13.0
5.364688 -9.473338 -4.0666027138 1.0 13.0
5.364688 -9.473338 -4.0666027139 0.0 14.0
8.3755045 -6.7789464 -5.8048983139 0.0 14.0
8.3755045 -6.7789464 -5.8048983140 0.0 15.0
9.554289 -2.5963964 -6.48547140 0.0 15.0
1.5629396 -9.747887 -1.8716621141 1.0 13.0
0.5020839 -5.5234485 -1.2591767141 1.0 13.0
0.5020839 -5.5234485 -1.2591767142 0.0 14.0
1.6808681 -1.3408985 -1.939748142 0.0 14.0
1.6808681 -1.3408985 -1.939748143 0.0 15.0
4.6916847 1.3534932 -3.6780436143 0.0 15.0
1.5629396 -9.747887 -1.8716621144 7.0 13.0
5.364688 -9.473338 -4.0666027144 7.0 13.0
5.364688 -9.473338 -4.0666027145 6.0 14.0
9.166436 -9.19879 -6.2615433145 6.0 14.0
9.166436 -9.19879 -6.2615433146 1.0 15.0
12.968184 -8.924241 -8.456484146 1.0 15.0
12.968184 -8.924241 -8.456484147 0.0 16.0
15.979001 -6.2298493 -10.194779147 0.0 16.0
15.979001 -6.2298493 -10.194779148 0.0 17.0
17.157785 -2.0472994 -10.875351148 0.0 17.0
9.166436 -9.19879 -6.2615433149 1.0 15.0
8.10558 -4.9743514 -5.649058149 1.0 15.0
8.10558 -4.9743514 -5.649058150 0.0 16.0
9.284365 -0.79180145 -6.3296294150 0.0 16.0
9.284365 -0.79180145 -6.3296294151 0.0 17.0
12.295181 1.9025903 -8.0679245151 0.0 17.0
9.166436 -9.19879 -6.2615433152 5.0 15.0
7.9414654 -4.9743514 -6.2615433152 5.0 15.0
7.9414654 -4.9743514 -6.2615433153 4.0 16.0
6.7164946 -0.7499132 -6.2615433153 4.0 16.0
6.7164946 -0.7499132 -6.2615433154 1.0 17.0
5.6556387 3.474525 -5.649058154 1.0 17.0
5.6556387 3.474525 -5.649058155 0.0 18.0
2.721973 6.280098 -3.955305155 0.0 18.0
2.721973 6.280098 -3.955305156 0.0 19.0
-1.0700808 6.696676 -1.7659619156 0.0 19.0
6.7164946 -0.7499132 -6.2615433157 1.0 17.0
3.377294 -2.8663776 -4.333655157 1.0 17.0
3.377294 -2.8663776 -4.333655158 0.0 18.0
-0.41475964 -2.4497998 -2.1443117158 0.0 18.0
-0.41475964 -2.4497998 -2.1443117159 0.0 19.0
-3.3484254 0.3557732 -0.4505589159 0.0 19.0
6.7164946 -0.7499132 -6.2615433160 3.0 17.0
2.860718 -2.8663776 -6.2615433160 3.0 17.0
2.860718 -2.8663776 -6.2615433161 2.0 18.0
-0.99505854 -4.982842 -6.2615433161 2.0 18.0
-0.99505854 -4.982842 -6.2615433162 1.0 19.0
-4.334259 -7.099306 -4.333655162 1.0 19.0
-4.334259 -7.099306 -4.333655163 0.0 20.0
-6.065955 -11.016968 -3.3338597163 0.0 20.0
-6.065955 -11.016968 -3.3338597164 0.0 21.0
-5.5913496 -15.381151 -3.6078732164 0.0 21.0
-0.99505854 -4.982842 -6.2615433165 1.0 19.0
1.5217359 -8.2844715 -7.7146153165 1.0 19.0
1.5217359 -8.2844715 -7.7146153166 0.0 20.0
1.9963412 -12.648655 -7.988629166 0.0 20.0
1.9963412 -12.648655 -7.988629167 0.0 21.0
0.2646451 -16.566317 -6.9888334167 0.0 21.0
1.5629396 -9.747887 -1.8716621168 7.0 13.0
0.5020839 -5.5234485 -1.2591767168 7.0 13.0
0.5020839 -5.5234485 -1.2591767169 6.0 14.0
-0.55877185 -1.2990103 -0.6466914169 6.0 14.0
-0.55877185 -1.2990103 -0.6466914170 1.0 15.0
-1.6196276 2.925428 -0.034206033170 1.0 15.0
-1.6196276 2.925428 -0.034206033171 0.0 16.0
-4.553293 5.731001 1.6595467171 0.0 16.0
-4.553293 5.731001 1.6595467172 0.0 17.0
-8.345346 6.1475787 3.8488898172 0.0 17.0
-0.55877185 -1.2990103 -0.6466914173 1.0 15.0
-3.8979723 -3.4154747 1.2811968173 1.0 15.0
-3.8979723 -3.4154747 1.2811968174 0.0 16.0
-7.6900263 -2.9988968 3.47054174 0.0 16.0
-7.6900263 -2.9988968 3.47054175 0.0 17.0
-10.623692 -0.19332385 5.164293175 0.0 17.0
-0.55877185 -1.2990103 -0.6466914176 5.0 15.0
-3.9462774 1.5065627 -0.6466914176 5.0 15.0
-3.9462774 1.5065627 -0.6466914177 4.0 16.0
-7.333783 4.3121357 -0.6466914177 4.0 16.0
-7.333783 4.3121357 -0.6466914178 1.0 17.0
-10.267448 7.1177087 1.0470614178 1.0 17.0
-10.267448 7.1177087 1.0470614179 0.0 18.0
-14.059502 7.5342865 3.2364047179 0.0 18.0
-14.059502 7.5342865 3.2364047180 0.0 19.0
-17.398703 5.417822 5.164293180 0.0 19.0
-7.333783 4.3121357 -0.6466914181 1.0 17.0
-9.065479 0.39447427 0.35310382181 1.0 17.0
-9.065479 0.39447427 0.35310382182 0.0 18.0
-12.40468 -1.7219901 2.280992182 0.0 18.0
-12.40468 -1.7219901 2.280992183 0.0 19.0
-16.196733 -1.3054124 4.470335183 0.0 19.0
-7.333783 4.3121357 -0.6466914184 3.0 17.0
-11.712469 4.7287135 -0.6466914184 3.0 17.0
-11.712469 4.7287135 -0.6466914185 2.0 18.0
-16.091156 5.1452913 -0.6466914185 2.0 18.0
-16.091156 5.1452913 -0.6466914186 1.0 19.0
-19.88321 5.561869 1.5426519186 1.0 19.0
-19.88321 5.561869 1.5426519187 0.0 20.0
-23.22241 3.4454048 3.47054187 0.0 20.0
-23.22241 3.4454048 3.47054188 0.0 21.0
-24.954105 -0.47225666 4.470335188 0.0 21.0
-16.091156 5.1452913 -0.6466914189 1.0 19.0
-15.61655 0.7811079 -0.9207049189 1.0 19.0
-15.61655 0.7811079 -0.9207049190 0.0 20.0
-17.348248 -3.1365535 0.0790903190 0.0 20.0
-17.348248 -3.1365535 0.0790903191 0.0 21.0
-20.687449 -5.253018 2.0069785191 0.0 21.0
1.5629396 -9.747887 -1.8716621192 15.0 13.0
0.33796895 -5.5234485 -1.8716621192 15.0 13.0
0.33796895 -5.5234485 -1.8716621193 14.0 14.0
-0.88700175 -1.2990103 -1.8716621193 14.0 14.0
-0.88700175 -1.2990103 -1.8716621194 1.0 15.0
-1.9478575 2.925428 -1.2591767194 1.0 15.0
-1.9478575 2.925428 -1.2591767195 0.0 16.0
-4.881523 5.731001 0.43457603195 0.0 16.0
-4.881523 5.731001 0.43457603196 0.0 17.0
-8.673576 6.1475787 2.6239192196 0.0 17.0
-0.88700175 -1.2990103 -1.8716621197 1.0 15.0
-4.226202 -3.4154747 0.056226134197 1.0 15.0
-4.226202 -3.4154747 0.056226134198 0.0 16.0
-8.018255 -2.9988968 2.2455692198 0.0 16.0
-8.018255 -2.9988968 2.2455692199 0.0 17.0
-10.951921 -0.19332385 3.939322199 0.0 17.0
-0.88700175 -1.2990103 -1.8716621200 13.0 15.0
-5.265688 -0.8824326 -1.8716621200 13.0 15.0
-5.265688 -0.8824326 -1.8716621201 12.0 16.0
-9.644375 -0.46585485 -1.8716621201 12.0 16.0
-9.644375 -0.46585485 -1.8716621202 1.0 17.0
-13.436428 -0.049277127 0.31768107202 1.0 17.0
-13.436428 -0.049277127 0.31768107203 0.0 18.0
-16.775629 -2.1657414 2.2455692203 0.0 18.0
-16.775629 -2.1657414 2.2455692204 0.0 19.0
-18.507324 -6.0834026 3.2453644204 0.0 19.0
-9.644375 -0.46585485 -1.8716621205 1.0 17.0
-9.169769 -4.830038 -2.1456757205 1.0 17.0
-9.169769 -4.830038 -2.1456757206 0.0 18.0
-10.901465 -8.7477 -1.1458805206 0.0 18.0
-10.901465 -8.7477 -1.1458805207 0.0 19.0
-14.240665 -10.864164 0.7820078207 0.0 19.0
-9.644375 -0.46585485 -1.8716621208 7.0 17.0
-13.436428 -0.049277127 0.31768107208 7.0 17.0
-13.436428 -0.049277127 0.31768107209 6.0 18.0
-17.228481 0.3673006 2.5070243209 6.0 18.0
-17.228481 0.3673006 2.5070243210 1.0 19.0
-21.020535 0.7838783 4.6963673210 1.0 19.0
-21.020535 0.7838783 4.6963673211 0.0 20.0
-24.359735 -1.332586 6.6242557211 0.0 20.0
-24.359735 -1.332586 6.6242557212 0.0 21.0
-26.09143 -5.2502475 7.624051212 0.0 21.0
-17.228481 0.3673006 2.5070243213 1.0 19.0
-16.753876 -3.996883 2.2330108213 1.0 19.0
-16.753876 -3.996883 2.2330108214 0.0 20.0
-18.485573 -7.914544 3.232806214 0.0 20.0
-18.485573 -7.914544 3.232806215 0.0 21.0
-21.824774 -10.031009 5.160694215 0.0 21.0
-17.228481 0.3673006 2.5070243216 5.0 19.0
-16.680454 -3.996883 2.5070243216 5.0 19.0
-16.680454 -3.996883 2.5070243217 4.0 20.0
-16.132427 -8.361067 2.5070243217 4.0 20.0
-16.132427 -8.361067 2.5070243218 1.0 21.0
-15.657822 -12.72525 2.2330108218 1.0 21.0
-15.657822 -12.72525 2.2330108219 0.0 22.0
-13.141027 -16.02688 0.7799387219 0.0 22.0
-13.141027 -16.02688 0.7799387220 0.0 23.0
-9.452317 -17.124296 -1.3497391220 0.0 23.0
-16.132427 -8.361067 2.5070243221 1.0 21.0
-12.547308 -6.8747983 0.43715477221 1.0 21.0
-12.547308 -6.8747983 0.43715477222 0.0 22.0
-8.858598 -7.9722147 -1.692523222 0.0 22.0
-8.858598 -7.9722147 -1.692523223 0.0 23.0
-6.3418036 -11.273845 -3.145595223 0.0 23.0
-16.132427 -8.361067 2.5070243224 3.0 21.0
-11.992688 -6.8747983 2.5070243224 3.0 21.0
-11.992688 -6.8747983 2.5070243225 2.0 22.0
-7.852949 -5.38853 2.5070243225 2.0 22.0
-7.852949 -5.38853 2.5070243226 1.0 23.0
-4.26783 -3.9022613 0.43715477226 1.0 23.0
-4.26783 -3.9022613 0.43715477227 0.0 24.0
-2.025988 -0.34623933 -0.8571732227 0.0 24.0
-2.025988 -0.34623933 -0.8571732228 0.0 25.0
-1.9026222 4.0499115 -0.9283985228 0.0 25.0
-7.852949 -5.38853 2.5070243229 1.0 23.0
-9.8907175 -1.6723807 3.6835303229 1.0 23.0
-9.8907175 -1.6723807 3.6835303230 0.0 24.0
-9.767352 2.72377 3.612305230 0.0 24.0
-9.767352 2.72377 3.612305231 0.0 25.0
-7.5255103 6.279792 2.317977231 0.0 25.0
-9.644375 -0.46585485 -1.8716621232 7.0 17.0
-9.169769 -4.830038 -2.1456757232 7.0 17.0
-9.169769 -4.830038 -2.1456757233 6.0 18.0
-8.695164 -9.1942215 -2.4196892233 6.0 18.0
-8.695164 -9.1942215 -2.4196892234 1.0 19.0
-8.220558 -13.558405 -2.6937027234 1.0 19.0
-8.220558 -13.558405 -2.6937027235 0.0 20.0
-5.703764 -16.860035 -4.146775235 0.0 20.0
-5.703764 -16.860035 -4.146775236 0.0 21.0
-2.0150537 -17.95745 -6.2764525236 0.0 21.0
-8.695164 -9.1942215 -2.4196892237 1.0 19.0
-5.1100445 -7.707953 -4.4895587237 1.0 19.0
-5.1100445 -7.707953 -4.4895587238 0.0 20.0
-1.4213343 -8.805369 -6.6192365238 0.0 20.0
-1.4213343 -8.805369 -6.6192365239 0.0 21.0
1.0954602 -12.106999 -8.072309239 0.0 21.0
-8.695164 -9.1942215 -2.4196892240 5.0 19.0
-5.7890196 -12.4958515 -2.4196892240 5.0 19.0
-5.7890196 -12.4958515 -2.4196892241 4.0 20.0
-2.8828754 -15.797482 -2.4196892241 4.0 20.0
-2.8828754 -15.797482 -2.4196892242 1.0 21.0
-0.366081 -19.099112 -3.8727612242 1.0 21.0
-0.366081 -19.099112 -3.8727612243 0.0 22.0
3.3226292 -20.196527 -6.002439243 0.0 22.0
3.3226292 -20.196527 -6.002439244 0.0 23.0
6.907748 -18.710258 -8.072309244 0.0 23.0
-2.8828754 -15.797482 -2.4196892245 1.0 21.0
-0.64103365 -12.24146 -3.7140172245 1.0 21.0
-0.64103365 -12.24146 -3.7140172246 0.0 22.0
2.9440854 -10.755191 -5.783887246 0.0 22.0
2.9440854 -10.755191 -5.783887247 0.0 23.0
6.6327953 -11.852608 -7.9135647247 0.0 23.0
-2.8828754 -15.797482 -2.4196892248 3.0 21.0
1.3764801 -16.894897 -2.4196892248 3.0 21.0
1.3764801 -16.894897 -2.4196892249 2.0 22.0
5.6358356 -17.992313 -2.4196892249 2.0 22.0
5.6358356 -17.992313 -2.4196892250 1.0 23.0
9.324546 -19.08973 -4.549367250 1.0 23.0
9.324546 -19.08973 -4.549367251 0.0 24.0
12.909665 -17.60346 -6.6192365251 0.0 24.0
12.909665 -17.60346 -6.6192365252 0.0 25.0
15.151506 -14.047439 -7.9135647252 0.0 25.0
5.6358356 -17.992313 -2.4196892253 1.0 23.0
5.7592015 -13.596163 -2.4909146253 1.0 23.0
5.7592015 -13.596163 -2.4909146254 0.0 24.0
8.001043 -10.040141 -3.7852426254 0.0 24.0
8.001043 -10.040141 -3.7852426255 0.0 25.0
11.586163 -8.553872 -5.855112255 0.0 25.0
-9.644375 -0.46585485 -1.8716621256 11.0 17.0
-9.096348 -4.830038 -1.8716621256 11.0 17.0
-9.096348 -4.830038 -1.8716621257 10.0 18.0
-8.548321 -9.1942215 -1.8716621257 10.0 18.0
-8.548321 -9.1942215 -1.8716621258 1.0 19.0
-8.073715 -13.558405 -2.1456757258 1.0 19.0
-8.073715 -13.558405 -2.1456757259 0.0 20.0
-5.556921 -16.860035 -3.5987477259 0.0 20.0
-5.556921 -16.860035 -3.5987477260 0.0 21.0
-1.8682108 -17.95745 -5.7284255260 0.0 21.0
-8.548321 -9.1942215 -1.8716621261 1.0 19.0
-4.9632015 -7.707953 -3.9415317261 1.0 19.0
-4.9632015 -7.707953 -3.9415317262 0.0 20.0
-1.2744913 -8.805369 -6.0712094262 0.0 20.0
-1.2744913 -8.805369 -6.0712094263 0.0 21.0
1.2423031 -12.106999 -7.5242815263 0.0 21.0
-8.548321 -9.1942215 -1.8716621264 9.0 19.0
-4.288965 -10.291638 -1.8716621264 9.0 19.0
-4.288965 -10.291638 -1.8716621265 8.0 20.0
-0.02960968 -11.389055 -1.8716621265 8.0 20.0
-0.02960968 -11.389055 -1.8716621266 1.0 21.0
3.6591005 -12.486472 -4.00134266 1.0 21.0
3.6591005 -12.486472 -4.00134267 0.0 22.0
7.24422 -11.000203 -6.0712094267 0.0 22.0
7.24422 -11.000203 -6.0712094268 0.0 23.0
9.486061 -7.4441814 -7.3655376268 0.0 23.0
-0.02960968 -11.389055 -1.8716621269 1.0 21.0
0.09375617 -6.9929047 -1.9428874269 1.0 21.0
0.09375617 -6.9929047 -1.9428874270 0.0 22.0
2.335598 -3.4368827 -3.2372155270 0.0 22.0
2.335598 -3.4368827 -3.2372155271 0.0 23.0
5.9207172 -1.9506141 -5.307085271 0.0 23.0
-0.02960968 -11.389055 -1.8716621272 7.0 21.0
3.6591005 -12.486472 -4.00134272 7.0 21.0
3.6591005 -12.486472 -4.00134273 6.0 22.0
7.3478107 -13.583889 -6.1310177273 6.0 22.0
7.3478107 -13.583889 -6.1310177274 1.0 23.0
11.036521 -14.681306 -8.260695274 1.0 23.0
11.036521 -14.681306 -8.260695275 0.0 24.0
14.62164 -13.195037 -10.3305645275 0.0 24.0
14.62164 -13.195037 -10.3305645276 0.0 25.0
16.863482 -9.639015 -11.624892276 0.0 25.0
7.3478107 -13.583889 -6.1310177277 1.0 23.0
7.4711766 -9.187738 -6.202243277 1.0 23.0
7.4711766 -9.187738 -6.202243278 0.0 24.0
9.713018 -5.6317167 -7.4965706278 0.0 24.0
9.713018 -5.6317167 -7.4965706279 0.0 25.0
13.298138 -4.145448 -9.566441279 0.0 25.0
7.3478107 -13.583889 -6.1310177280 5.0 23.0
7.4902616 -9.187738 -6.1310177280 5.0 23.0
7.4902616 -9.187738 -6.1310177281 4.0 24.0
7.6327124 -4.791588 -6.1310177281 4.0 24.0
7.6327124 -4.791588 -6.1310177282 1.0 25.0
7.7560782 -0.39543724 -6.202243282 1.0 25.0
7.7560782 -0.39543724 -6.202243283 0.0 26.0
5.71831 3.3207119 -5.025737283 0.0 26.0
5.71831 3.3207119 -5.025737284 0.0 27.0
2.2240403 5.071865 -3.0083191284 0.0 27.0
7.6327124 -4.791588 -6.1310177285 1.0 25.0
3.8902128 -5.6109557 -3.9702847285 1.0 25.0
3.8902128 -5.6109557 -3.9702847286 0.0 26.0
0.39594316 -3.8598022 -1.952867286 0.0 26.0
0.39594316 -3.8598022 -1.952867287 0.0 27.0
-1.6418252 -0.14365315 -0.77636087287 0.0 27.0
7.6327124 -4.791588 -6.1310177288 3.0 25.0
3.3112464 -5.6109557 -6.1310177288 3.0 25.0
3.3112464 -5.6109557 -6.1310177289 2.0 26.0
-1.0102196 -6.4303236 -6.1310177289 2.0 26.0
-1.0102196 -6.4303236 -6.1310177290 1.0 27.0
-4.752719 -7.2496915 -3.9702847290 1.0 27.0
-4.752719 -7.2496915 -3.9702847291 0.0 28.0
-7.449342 -10.356255 -2.4133887291 0.0 28.0
-7.449342 -10.356255 -2.4133887292 0.0 29.0
-8.167632 -14.675804 -1.9986836292 0.0 29.0
-1.0102196 -6.4303236 -6.1310177293 1.0 27.0
0.49820113 -10.469216 -7.001905293 1.0 27.0
0.49820113 -10.469216 -7.001905294 0.0 28.0
-0.22008568 -14.788767 -6.587202294 0.0 28.0
-0.22008568 -14.788767 -6.587202295 0.0 29.0
-2.916706 -17.895332 -5.030308295 0.0 29.0
-0.02960968 -11.389055 -1.8716621296 7.0 21.0
0.09375617 -6.9929047 -1.9428874296 7.0 21.0
0.09375617 -6.9929047 -1.9428874297 6.0 22.0
0.21712202 -2.596754 -2.0141127297 6.0 22.0
0.21712202 -2.596754 -2.0141127298 1.0 23.0
0.34048787 1.7993965 -2.085338298 1.0 23.0
0.34048787 1.7993965 -2.085338299 0.0 24.0
-1.6972805 5.515546 -0.90883195299 0.0 24.0
-1.6972805 5.515546 -0.90883195300 0.0 25.0
-5.1915503 7.2666993 1.1085857300 0.0 25.0
0.21712202 -2.596754 -2.0141127301 1.0 23.0
-3.5253775 -3.416122 0.14662027301 1.0 23.0
-3.5253775 -3.416122 0.14662027302 0.0 24.0
-7.019647 -1.6649686 2.164038302 0.0 24.0
-7.019647 -1.6649686 2.164038303 0.0 25.0
-9.057415 2.0511804 3.3405442303 0.0 25.0
0.21712202 -2.596754 -2.0141127304 5.0 23.0
-2.1358902 1.119395 -2.0141127304 5.0 23.0
-2.1358902 1.119395 -2.0141127305 4.0 24.0
-4.4889026 4.835544 -2.0141127305 4.0 24.0
-4.4889026 4.835544 -2.0141127306 1.0 25.0
-6.526671 8.551693 -0.83760655306 1.0 25.0
-6.526671 8.551693 -0.83760655307 0.0 26.0
-10.020941 10.302846 1.1798111307 0.0 26.0
-10.020941 10.302846 1.1798111308 0.0 27.0
-13.76344 9.483478 3.3405442308 0.0 27.0
-4.4889026 4.835544 -2.0141127309 1.0 25.0
-7.1855254 1.7289813 -0.45721674309 1.0 25.0
-7.1855254 1.7289813 -0.45721674310 0.0 26.0
-10.928025 0.9096133 1.7035162310 0.0 26.0
-10.928025 0.9096133 1.7035162311 0.0 27.0
-14.422295 2.6607666 3.720934311 0.0 27.0
-4.4889026 4.835544 -2.0141127312 3.0 25.0
-8.523738 6.5866976 -2.0141127312 3.0 25.0
-8.523738 6.5866976 -2.0141127313 2.0 26.0
-12.558573 8.337851 -2.0141127313 2.0 26.0
-12.558573 8.337851 -2.0141127314 1.0 27.0
-16.052843 10.089004 0.0033049583314 1.0 27.0
-16.052843 10.089004 0.0033049583315 0.0 28.0
-19.795343 9.269635 2.164038315 0.0 28.0
-19.795343 9.269635 2.164038316 0.0 29.0
-22.491966 6.1630726 3.720934316 0.0 29.0
-12.558573 8.337851 -2.0141127317 1.0 27.0
-13.276863 4.0183005 -1.5994076317 1.0 27.0
-13.276863 4.0183005 -1.5994076318 0.0 28.0
-15.973486 0.9117377 -0.042511582318 0.0 28.0
-15.973486 0.9117377 -0.042511582319 0.0 29.0
-19.715986 0.092369735 2.1182213319 0.0 29.0
-10.458636 -2.3362517 0.0320 19.0 9.0
-7.4478197 0.35814 -1.7382956320 19.0 9.0
-7.4478197 0.35814 -1.7382956321 18.0 10.0
-4.437003 3.0525317 -3.476591321 18.0 10.0
-4.437003 3.0525317 -3.476591322 1.0 11.0
-1.4261868 5.7469234 -5.2148867322 1.0 11.0
-1.4261868 5.7469234 -5.2148867323 0.0 12.0
-0.24740255 9.929474 -5.895458323 0.0 12.0
-0.24740255 9.929474 -5.895458324 0.0 13.0
-1.3082583 14.153912 -5.282973324 0.0 13.0
-4.437003 3.0525317 -3.476591325 1.0 11.0
-7.370669 5.8581047 -1.7828383325 1.0 11.0
-7.370669 5.8581047 -1.7828383326 0.0 12.0
-8.431524 10.082542 -1.1703529326 0.0 12.0
-8.431524 10.082542 -1.1703529327 0.0 13.0
-7.25274 14.265093 -1.8509243327 0.0 13.0
-4.437003 3.0525317 -3.476591328 17.0 11.0
-5.661974 7.27697 -3.476591328 17.0 11.0
-5.661974 7.27697 -3.476591329 16.0 12.0
-6.886945 11.501408 -3.476591329 16.0 12.0
-6.886945 11.501408 -3.476591330 1.0 13.0
-7.9478006 15.725845 -2.8641057330 1.0 13.0
-7.9478006 15.725845 -2.8641057331 0.0 14.0
-10.881466 18.531418 -1.1703529331 0.0 14.0
-10.881466 18.531418 -1.1703529332 0.0 15.0
-14.673519 18.947996 1.0189903332 0.0 15.0
-6.886945 11.501408 -3.476591333 1.0 13.0
-10.226145 9.384943 -1.5487028333 1.0 13.0
-10.226145 9.384943 -1.5487028334 0.0 14.0
-14.018198 9.80152 0.6406404334 0.0 14.0
-14.018198 9.80152 0.6406404335 0.0 15.0
-16.951864 12.607094 2.334393335 0.0 15.0
-6.886945 11.501408 -3.476591336 7.0 13.0
-7.9478006 15.725845 -2.8641057336 7.0 13.0
-7.9478006 15.725845 -2.8641057337 6.0 14.0
-9.0086565 19.950283 -2.2516203337 6.0 14.0
-9.0086565 19.950283 -2.2516203338 1.0 15.0
-10.069512 24.17472 -1.6391349338 1.0 15.0
-10.069512 24.17472 -1.6391349339 0.0 16.0
-13.003178 26.980293 0.05461788339 0.0 16.0
-13.003178 26.980293 0.05461788340 0.0 17.0
-16.79523 27.396872 2.243961340 0.0 17.0
-9.0086565 19.950283 -2.2516203341 1.0 15.0
-12.3478565 17.833818 -0.32373202341 1.0 15.0
-12.3478565 17.833818 -0.32373202342 0.0 16.0
-16.13991 18.250397 1.8656112342 0.0 16.0
-16.13991 18.250397 1.8656112343 0.0 17.0
-19.073576 21.05597 3.5593638343 0.0 17.0
-9.0086565 19.950283 -2.2516203344 5.0 15.0
-12.864433 17.833818 -2.2516203344 5.0 15.0
-12.864433 17.833818 -2.2516203345 4.0 16.0
-16.72021 15.717354 -2.2516203345 4.0 16.0
-16.72021 15.717354 -2.2516203346 1.0 17.0
-20.05941 13.600889 -0.32373202346 1.0 17.0
-20.05941 13.600889 -0.32373202347 0.0 18.0
-21.791107 9.683228 0.6760632347 0.0 18.0
-21.791107 9.683228 0.6760632348 0.0 19.0
-21.316502 5.319044 0.40204966348 0.0 19.0
-16.72021 15.717354 -2.2516203349 1.0 17.0
-14.203415 12.415724 -3.7046924349 1.0 17.0
-14.203415 12.415724 -3.7046924350 0.0 18.0
-13.728809 8.05154 -3.978706350 0.0 18.0
-13.728809 8.05154 -3.978706351 0.0 19.0
-15.4605055 4.1338787 -2.9789107351 0.0 19.0
-16.72021 15.717354 -2.2516203352 3.0 17.0
-13.814065 12.415724 -2.2516203352 3.0 17.0
-13.814065 12.415724 -2.2516203353 2.0 18.0
-10.907921 9.114094 -2.2516203353 2.0 18.0
-10.907921 9.114094 -2.2516203354 1.0 19.0
-8.391127 5.8124638 -3.7046924354 1.0 19.0
-8.391127 5.8124638 -3.7046924355 0.0 20.0
-4.7024164 4.7150474 -5.83437355 0.0 20.0
-4.7024164 4.7150474 -5.83437356 0.0 21.0
-1.1172974 6.201316 -7.9042397356 0.0 21.0
-10.907921 9.114094 -2.2516203357 1.0 19.0
-8.666079 12.670115 -3.5459483357 1.0 19.0
-8.666079 12.670115 -3.5459483358 0.0 20.0
-5.0809593 14.156384 -5.615818358 0.0 20.0
-5.0809593 14.156384 -5.615818359 0.0 21.0
-1.3922491 13.058968 -7.745496359 0.0 21.0
-6.886945 11.501408 -3.476591360 7.0 13.0
-10.226145 9.384943 -1.5487028360 7.0 13.0
-10.226145 9.384943 -1.5487028361 6.0 14.0
-13.565346 7.2684784 0.37918544361 6.0 14.0
-13.565346 7.2684784 0.37918544362 1.0 15.0
-16.904547 5.152014 2.3070736362 1.0 15.0
-16.904547 5.152014 2.3070736363 0.0 16.0
-18.636242 1.2343524 3.3068688363 0.0 16.0
-18.636242 1.2343524 3.3068688364 0.0 17.0
-18.161636 -3.129831 3.0328553364 0.0 17.0
-13.565346 7.2684784 0.37918544365 1.0 15.0
-11.048552 3.9668486 -1.0738866365 1.0 15.0
-11.048552 3.9668486 -1.0738866366 0.0 16.0
-10.573946 -0.3973348 -1.3479002366 0.0 16.0
-10.573946 -0.3973348 -1.3479002367 0.0 17.0
-12.305642 -4.3149962 -0.34810495367 0.0 17.0
-13.565346 7.2684784 0.37918544368 5.0 15.0
-15.564936 3.350817 0.37918544368 5.0 15.0
-15.564936 3.350817 0.37918544369 4.0 16.0
-17.564526 -0.56684446 0.37918544369 4.0 16.0
-17.564526 -0.56684446 0.37918544370 1.0 17.0
-19.296223 -4.4845057 1.3789806370 1.0 17.0
-19.296223 -4.4845057 1.3789806371 0.0 18.0
-18.821617 -8.848689 1.1049671371 0.0 18.0
-18.821617 -8.848689 1.1049671372 0.0 19.0
-16.304823 -12.150319 -0.34810495372 0.0 19.0
-17.564526 -0.56684446 0.37918544373 1.0 17.0
-13.875815 -1.664261 -1.7504923373 1.0 17.0
-13.875815 -1.664261 -1.7504923374 0.0 18.0
-11.359021 -4.965891 -3.2035644374 0.0 18.0
-11.359021 -4.965891 -3.2035644375 0.0 19.0
-10.884416 -9.330074 -3.477578375 0.0 19.0
-17.564526 -0.56684446 0.37918544376 3.0 17.0
-17.016499 -4.931028 0.37918544376 3.0 17.0
-17.016499 -4.931028 0.37918544377 2.0 18.0
-16.468472 -9.295212 0.37918544377 2.0 18.0
-16.468472 -9.295212 0.37918544378 1.0 19.0
-15.993866 -13.659395 0.10517192378 1.0 19.0
-15.993866 -13.659395 0.10517192379 0.0 20.0
-13.477072 -16.961025 -1.3479002379 0.0 20.0
-13.477072 -16.961025 -1.3479002380 0.0 21.0
-9.788362 -18.058441 -3.477578380 0.0 21.0
-16.468472 -9.295212 0.37918544381 1.0 19.0
-12.883352 -7.8089433 -1.6906841381 1.0 19.0
-12.883352 -7.8089433 -1.6906841382 0.0 20.0
-9.194642 -8.90636 -3.8203619382 0.0 20.0
-9.194642 -8.90636 -3.8203619383 0.0 21.0
-6.677848 -12.20799 -5.2734337383 0.0 21.0
-6.886945 11.501408 -3.476591384 15.0 13.0
-10.27445 14.30698 -3.476591384 15.0 13.0
-10.27445 14.30698 -3.476591385 14.0 14.0
-13.661956 17.112553 -3.476591385 14.0 14.0
-13.661956 17.112553 -3.476591386 1.0 15.0
-16.595621 19.918125 -1.7828383386 1.0 15.0
-16.595621 19.918125 -1.7828383387 0.0 16.0
-20.387674 20.334703 0.40650487387 0.0 16.0
-20.387674 20.334703 0.40650487388 0.0 17.0
-23.726875 18.218239 2.334393388 0.0 17.0
-13.661956 17.112553 -3.476591389 1.0 15.0
-15.393652 13.194891 -2.476796389 1.0 15.0
-15.393652 13.194891 -2.476796390 0.0 16.0
-18.732853 11.078426 -0.54890764390 0.0 16.0
-18.732853 11.078426 -0.54890764391 0.0 17.0
-22.524906 11.495004 1.6404356391 0.0 17.0
-13.661956 17.112553 -3.476591392 13.0 15.0
-17.517733 14.996088 -3.476591392 13.0 15.0
-17.517733 14.996088 -3.476591393 12.0 16.0
-21.373508 12.879623 -3.476591393 12.0 16.0
-21.373508 12.879623 -3.476591394 1.0 17.0
-24.71271 10.763159 -1.5487028394 1.0 17.0
-24.71271 10.763159 -1.5487028395 0.0 18.0
-26.444405 6.845497 -0.54890764395 0.0 18.0
-26.444405 6.845497 -0.54890764396 0.0 19.0
-25.969799 2.4813137 -0.82292116396 0.0 19.0
-21.373508 12.879623 -3.476591397 1.0 17.0
-18.856714 9.577993 -4.929663397 1.0 17.0
-18.856714 9.577993 -4.929663398 0.0 18.0
-18.382109 5.21381 -5.2036767398 0.0 18.0
-18.382109 5.21381 -5.2036767399 0.0 19.0
-20.113804 1.2961485 -4.2038813399 0.0 19.0
-21.373508 12.879623 -3.476591400 7.0 17.0
-24.71271 10.763159 -1.5487028400 7.0 17.0
-24.71271 10.763159 -1.5487028401 6.0 18.0
-28.05191 8.646694 0.37918544401 6.0 18.0
-28.05191 8.646694 0.37918544402 1.0 19.0
-31.391111 6.5302296 2.3070736402 1.0 19.0
-31.391111 6.5302296 2.3070736403 0.0 20.0
-33.122807 2.6125681 3.3068688403 0.0 20.0
-33.122807 2.6125681 3.3068688404 0.0 21.0
-32.6482 -1.7516153 3.0328553404 0.0 21.0
-28.05191 8.646694 0.37918544405 1.0 19.0
-25.535116 5.345064 -1.0738866405 1.0 19.0
-25.535116 5.345064 -1.0738866406 0.0 20.0
-25.06051 0.98088074 -1.3479002406 0.0 20.0
-25.06051 0.98088074 -1.3479002407 0.0 21.0
-26.792206 -2.9367807 -0.34810495407 0.0 21.0
-28.05191 8.646694 0.37918544408 5.0 19.0
-25.145767 5.345064 0.37918544408 5.0 19.0
-25.145767 5.345064 0.37918544409 4.0 20.0
-22.239624 2.0434344 0.37918544409 4.0 20.0
-22.239624 2.0434344 0.37918544410 1.0 21.0
-19.72283 -1.2581954 -1.0738866410 1.0 21.0
-19.72283 -1.2581954 -1.0738866411 0.0 22.0
-16.034119 -2.3556118 -3.2035644411 0.0 22.0
-16.034119 -2.3556118 -3.2035644412 0.0 23.0
-12.448999 -0.86934316 -5.2734337412 0.0 23.0
-22.239624 2.0434344 0.37918544413 1.0 21.0
-19.997782 5.5994563 -0.91514254413 1.0 21.0
-19.997782 5.5994563 -0.91514254414 0.0 22.0
-16.412663 7.085725 -2.985012414 0.0 22.0
-16.412663 7.085725 -2.985012415 0.0 23.0
-12.723952 5.9883084 -5.11469415 0.0 23.0
-22.239624 2.0434344 0.37918544416 3.0 21.0
-19.650969 5.5994563 0.37918544416 3.0 21.0
-19.650969 5.5994563 0.37918544417 2.0 22.0
-17.062313 9.1554785 0.37918544417 2.0 22.0
-17.062313 9.1554785 0.37918544418 1.0 23.0
-14.820471 12.7115 -0.91514254418 1.0 23.0
-14.820471 12.7115 -0.91514254419 0.0 24.0
-14.697105 17.10765 -0.9863678419 0.0 24.0
-14.697105 17.10765 -0.9863678420 0.0 25.0
-16.734875 20.8238 0.19013834420 0.0 25.0
-17.062313 9.1554785 0.37918544421 1.0 23.0
-20.556583 10.906631 2.396603421 1.0 23.0
-20.556583 10.906631 2.396603422 0.0 24.0
-22.594353 14.622781 3.5731091422 0.0 24.0
-22.594353 14.622781 3.5731091423 0.0 25.0
-22.470987 19.018932 3.5018837423 0.0 25.0
-21.373508 12.879623 -3.476591424 7.0 17.0
-18.856714 9.577993 -4.929663424 7.0 17.0
-18.856714 9.577993 -4.929663425 6.0 18.0
-16.33992 6.2763634 -6.3827353425 6.0 18.0
-16.33992 6.2763634 -6.3827353426 1.0 19.0
-13.823126 2.9747336 -7.8358073426 1.0 19.0
-13.823126 2.9747336 -7.8358073427 0.0 20.0
-10.134416 1.8773171 -9.965485427 0.0 20.0
-10.134416 1.8773171 -9.965485428 0.0 21.0
-6.5492964 3.3635857 -12.035355428 0.0 21.0
-16.33992 6.2763634 -6.3827353429 1.0 19.0
-14.098078 9.832385 -7.677063429 1.0 19.0
-14.098078 9.832385 -7.677063430 0.0 20.0
-10.512959 11.318654 -9.746933430 0.0 20.0
-10.512959 11.318654 -9.746933431 0.0 21.0
-6.8242483 10.221237 -11.876611431 0.0 21.0
-16.33992 6.2763634 -6.3827353432 5.0 19.0
-12.0805645 5.178947 -6.3827353432 5.0 19.0
-12.0805645 5.178947 -6.3827353433 4.0 20.0
-7.821209 4.0815306 -6.3827353433 4.0 20.0
-7.821209 4.0815306 -6.3827353434 1.0 21.0
-4.1324987 2.9841142 -8.512413434 1.0 21.0
-4.1324987 2.9841142 -8.512413435 0.0 22.0
-0.54737973 4.4703827 -10.582283435 0.0 22.0
-0.54737973 4.4703827 -10.582283436 0.0 23.0
1.6944621 8.026404 -11.876611436 0.0 23.0
-7.821209 4.0815306 -6.3827353437 1.0 21.0
-7.697843 8.477681 -6.4539604437 1.0 21.0
-7.697843 8.477681 -6.4539604438 0.0 22.0
-5.4560013 12.033703 -7.748288438 0.0 22.0
-5.4560013 12.033703 -7.748288439 0.0 23.0
-1.8708823 13.519972 -9.818157439 0.0 23.0
-7.821209 4.0815306 -6.3827353440 3.0 21.0
-3.68147 5.567799 -6.3827353440 3.0 21.0
-3.68147 5.567799 -6.3827353441 2.0 22.0
0.45826912 7.0540676 -6.3827353441 2.0 22.0
0.45826912 7.0540676 -6.3827353442 1.0 23.0
4.0433884 8.540337 -8.452604442 1.0 23.0
4.0433884 8.540337 -8.452604443 0.0 24.0
6.28523 12.096358 -9.746932443 0.0 24.0
6.28523 12.096358 -9.746932444 0.0 25.0
6.408596 16.492508 -9.818157444 0.0 25.0
0.45826912 7.0540676 -6.3827353445 1.0 23.0
-1.5794992 10.770217 -5.206229445 1.0 23.0
-1.5794992 10.770217 -5.206229446 0.0 24.0
-1.4561334 15.166368 -5.2774544446 0.0 24.0
-1.4561334 15.166368 -5.2774544447 0.0 25.0
0.7857084 18.72239 -6.571782447 0.0 25.0
-21.373508 12.879623 -3.476591448 11.0 17.0
-23.373098 8.961962 -3.476591448 11.0 17.0
-23.373098 8.961962 -3.476591449 10.0 18.0
-25.372688 5.0443 -3.476591449 10.0 18.0
-25.372688 5.0443 -3.476591450 1.0 19.0
-27.104385 1.1266387 -2.476796450 1.0 19.0
-27.104385 1.1266387 -2.476796451 0.0 20.0
-26.62978 -3.2375448 -2.7508094451 0.0 20.0
-26.62978 -3.2375448 -2.7508094452 0.0 21.0
-24.112986 -6.5391746 -4.2038813452 0.0 21.0
-25.372688 5.0443 -3.476591453 1.0 19.0
-21.683979 3.9468837 -5.606269453 1.0 19.0
-21.683979 3.9468837 -5.606269454 0.0 20.0
-19.167185 0.6452539 -7.059341454 0.0 20.0
-19.167185 0.6452539 -7.059341455 0.0 21.0
-18.69258 -3.7189295 -7.3333545455 0.0 21.0
-25.372688 5.0443 -3.476591456 9.0 19.0
-22.466545 1.7426703 -3.476591456 9.0 19.0
-22.466545 1.7426703 -3.476591457 8.0 20.0
-19.560402 -1.5589595 -3.476591457 8.0 20.0
-19.560402 -1.5589595 -3.476591458 1.0 21.0
-17.043608 -4.860589 -4.929663458 1.0 21.0
-17.043608 -4.860589 -4.929663459 0.0 22.0
-13.3548975 -5.9580054 -7.059341459 0.0 22.0
-13.3548975 -5.9580054 -7.059341460 0.0 23.0
-9.769778 -4.471737 -9.12921460 0.0 23.0
-19.560402 -1.5589595 -3.476591461 1.0 21.0
-17.31856 1.9970624 -4.770919461 1.0 21.0
-17.31856 1.9970624 -4.770919462 0.0 22.0
-13.73344 3.4833312 -6.8407884462 0.0 22.0
-13.73344 3.4833312 -6.8407884463 0.0 23.0
-10.04473 2.3859148 -8.970467463 0.0 23.0
-19.560402 -1.5589595 -3.476591464 7.0 21.0
-17.043608 -4.860589 -4.929663464 7.0 21.0
-17.043608 -4.860589 -4.929663465 6.0 22.0
-14.5268135 -8.162219 -6.3827353465 6.0 22.0
-14.5268135 -8.162219 -6.3827353466 1.0 23.0
-12.010019 -11.463849 -7.8358073466 1.0 23.0
-12.010019 -11.463849 -7.8358073467 0.0 24.0
-8.321309 -12.561266 -9.965485467 0.0 24.0
-8.321309 -12.561266 -9.965485468 0.0 25.0
-4.73619 -11.074997 -12.035355468 0.0 25.0
-14.5268135 -8.162219 -6.3827353469 1.0 23.0
-12.284971 -4.6061974 -7.677063469 1.0 23.0
-12.284971 -4.6061974 -7.677063470 0.0 24.0
-8.699852 -3.1199288 -9.746933470 0.0 24.0
-8.699852 -3.1199288 -9.746933471 0.0 25.0
-5.011142 -4.217345 -11.876611471 0.0 25.0
-14.5268135 -8.162219 -6.3827353472 5.0 23.0
-11.938158 -4.6061974 -6.3827353472 5.0 23.0
-11.938158 -4.6061974 -6.3827353473 4.0 24.0
-9.349503 -1.0501754 -6.3827353473 4.0 24.0
-9.349503 -1.0501754 -6.3827353474 1.0 25.0
-7.107661 2.5058465 -7.677063474 1.0 25.0
-7.107661 2.5058465 -7.677063475 0.0 26.0
-6.984295 6.901997 -7.748288475 0.0 26.0
-6.984295 6.901997 -7.748288476 0.0 27.0
-9.022063 10.618146 -6.571782476 0.0 27.0
-9.349503 -1.0501754 -6.3827353477 1.0 25.0
-12.843772 0.7009779 -4.3653173477 1.0 25.0
-12.843772 0.7009779 -4.3653173478 0.0 26.0
-14.88154 4.417127 -3.1888113478 0.0 26.0
-14.88154 4.417127 -3.1888113479 0.0 27.0
-14.758175 8.813278 -3.2600367479 0.0 27.0
-9.349503 -1.0501754 -6.3827353480 3.0 25.0
-13.384338 0.7009779 -6.3827353480 3.0 25.0
-13.384338 0.7009779 -6.3827353481 2.0 26.0
-17.419174 2.4521313 -6.3827353481 2.0 26.0
-17.419174 2.4521313 -6.3827353482 1.0 27.0
-20.913445 4.2032847 -4.3653173482 1.0 27.0
-20.913445 4.2032847 -4.3653173483 0.0 28.0
-24.655945 3.3839169 -2.2045844483 0.0 28.0
-24.655945 3.3839169 -2.2045844484 0.0 29.0
-27.352568 0.277354 -0.6476884484 0.0 29.0
-17.419174 2.4521313 -6.3827353485 1.0 27.0
-18.137465 -1.8674188 -5.96803485 1.0 27.0
-18.137465 -1.8674188 -5.96803486 0.0 28.0
-20.834087 -4.973982 -4.411134486 0.0 28.0
-20.834087 -4.973982 -4.411134487 0.0 29.0
-24.576588 -5.7933497 -2.2504008487 0.0 29.0
-19.560402 -1.5589595 -3.476591488 7.0 21.0
-17.31856 1.9970624 -4.770919488 7.0 21.0
-17.31856 1.9970624 -4.770919489 6.0 22.0
-15.076717 5.5530844 -6.0652466489 6.0 22.0
-15.076717 5.5530844 -6.0652466490 1.0 23.0
-12.834875 9.109106 -7.3595743490 1.0 23.0
-12.834875 9.109106 -7.3595743491 0.0 24.0
-12.71151 13.505257 -7.4307995491 0.0 24.0
-12.71151 13.505257 -7.4307995492 0.0 25.0
-14.749278 17.221405 -6.2542934492 0.0 25.0
-15.076717 5.5530844 -6.0652466493 1.0 23.0
-18.570988 7.304238 -4.0478287493 1.0 23.0
-18.570988 7.304238 -4.0478287494 0.0 24.0
-20.608757 11.020387 -2.8713226494 0.0 24.0
-20.608757 11.020387 -2.8713226495 0.0 25.0
-20.485392 15.416537 -2.942548495 0.0 25.0
-15.076717 5.5530844 -6.0652466496 5.0 23.0
-14.934267 9.949235 -6.0652466496 5.0 23.0
-14.934267 9.949235 -6.0652466497 4.0 24.0
-14.791817 14.345386 -6.0652466497 4.0 24.0
-14.791817 14.345386 -6.0652466498 1.0 25.0
-14.668451 18.741535 -6.1364717498 1.0 25.0
-14.668451 18.741535 -6.1364717499 0.0 26.0
-16.706219 22.457684 -4.9599657499 0.0 26.0
-16.706219 22.457684 -4.9599657500 0.0 27.0
-20.200489 24.208838 -2.942548500 0.0 27.0
-14.791817 14.345386 -6.0652466501 1.0 25.0
-18.534317 13.526017 -3.9045136501 1.0 25.0
-18.534317 13.526017 -3.9045136502 0.0 26.0
-22.028587 15.27717 -1.8870959502 0.0 26.0
-22.028587 15.27717 -1.8870959503 0.0 27.0
-24.066357 18.993319 -0.71058977503 0.0 27.0
-14.791817 14.345386 -6.0652466504 3.0 25.0
-17.144829 18.061535 -6.0652466504 3.0 25.0
-17.144829 18.061535 -6.0652466505 2.0 26.0
-19.49784 21.777683 -6.0652466505 2.0 26.0
-19.49784 21.777683 -6.0652466506 1.0 27.0
-21.53561 25.493832 -4.8887405506 1.0 27.0
-21.53561 25.493832 -4.8887405507 0.0 28.0
-25.02988 27.244986 -2.8713229507 0.0 28.0
-25.02988 27.244986 -2.8713229508 0.0 29.0
-28.77238 26.425617 -0.7105899508 0.0 29.0
-19.49784 21.777683 -6.0652466509 1.0 27.0
-22.194464 18.67112 -4.5083504509 1.0 27.0
-22.194464 18.67112 -4.5083504510 0.0 28.0
-25.936964 17.851751 -2.3476174510 0.0 28.0
-25.936964 17.851751 -2.3476174511 0.0 29.0
-29.431234 19.602905 -0.33019972511 0.0 29.0
