0.0 0.0 0.00 60.0 1.0
0.0 2.0802298 0.00 60.0 1.0
0.0 2.0802298 0.01 59.0 2.0
0.0 4.1604595 0.01 59.0 2.0
0.0 4.1604595 0.02 58.0 3.0
0.0 6.2406893 0.02 58.0 3.0
0.0 6.2406893 0.03 57.0 4.0
0.0 8.320919 0.03 57.0 4.0
0.0 8.320919 0.04 56.0 5.0
0.0 10.401149 0.04 56.0 5.0
0.0 10.401149 0.05 55.0 6.0
0.0 12.481379 0.05 55.0 6.0
0.0 12.481379 0.06 54.0 7.0
0.0 14.561608 0.06 54.0 7.0
0.0 14.561608 0.07 53.0 8.0
0.0 16.641838 0.07 53.0 8.0
0.0 16.641838 0.08 52.0 9.0
0.0 18.722069 0.08 52.0 9.0
0.0 18.722069 0.09 51.0 10.0
0.0 20.8023 0.09 51.0 10.0
0.0 20.8023 0.010 50.0 11.0
0.0 22.88253 0.010 50.0 11.0
0.0 22.88253 0.011 49.0 12.0
0.0 24.96276 0.011 49.0 12.0
0.0 24.96276 0.012 48.0 13.0
0.0 27.042992 0.012 48.0 13.0
0.0 27.042992 0.013 47.0 14.0
0.0 29.123222 0.013 47.0 14.0
0.0 29.123222 0.014 46.0 15.0
0.0 31.203453 0.014 46.0 15.0
0.0 31.203453 0.015 45.0 16.0
0.0 33.283684 0.015 45.0 16.0
0.0 33.283684 0.016 28.0 17.0
-0.91428965 35.07611 0.5278653516 28.0 17.0
-0.91428965 35.07611 0.5278653517 27.0 18.0
-1.8285793 36.868538 1.055730717 27.0 18.0
-1.8285793 36.868538 1.055730718 26.0 19.0
-2.742869 38.660965 1.58359618 26.0 19.0
-2.742869 38.660965 1.58359619 25.0 20.0
-3.6571586 40.453392 2.111461419 25.0 20.0
-3.6571586 40.453392 2.111461420 24.0 21.0
-4.5714483 42.24582 2.639326820 24.0 21.0
-4.5714483 42.24582 2.639326821 23.0 22.0
-5.485738 44.038246 3.167192221 23.0 22.0
-5.485738 44.038246 3.167192222 22.0 23.0
-6.4000273 45.830673 3.695057622 22.0 23.0
-6.4000273 45.830673 3.695057623 21.0 24.0
-7.3143167 47.6231 4.22292323 21.0 24.0
-7.3143167 47.6231 4.22292324 12.0 25.0
-8.889908 48.63175 5.13259124 12.0 25.0
-8.889908 48.63175 5.13259125 11.0 26.0
-10.465499 49.640396 6.042258725 11.0 26.0
-10.465499 49.640396 6.042258726 10.0 27.0
-12.04109 50.649044 6.951926726 10.0 27.0
-12.04109 50.649044 6.951926727 9.0 28.0
-13.616681 51.657692 7.861594727 9.0 28.0
-13.616681 51.657692 7.861594728 4.0 29.0
-15.417601 51.603466 8.90135628 4.0 29.0
-15.417601 51.603466 8.90135629 3.0 30.0
-17.218521 51.54924 9.94111729 3.0 30.0
-17.218521 51.54924 9.94111730 0.0 31.0
-18.746447 50.447144 10.82326530 0.0 31.0
-18.746447 50.447144 10.82326531 0.0 32.0
-20.510742 49.345047 10.82326531 0.0 32.0
-17.218521 51.54924 9.94111732 0.0 31.0
-18.794113 52.557888 10.85078532 0.0 31.0
-18.794113 52.557888 10.85078533 0.0 32.0
-20.61345 53.566536 10.85078533 0.0 32.0
-17.218521 51.54924 9.94111734 2.0 31.0
-19.298044 51.495014 9.94111734 2.0 31.0
-19.298044 51.495014 9.94111735 1.0 32.0
-21.377567 51.44079 9.94111735 1.0 32.0
-21.377567 51.44079 9.94111736 0.0 33.0
-23.45709 51.386562 9.94111736 0.0 33.0
-23.45709 51.386562 9.94111737 0.0 34.0
-25.536613 51.332336 9.94111737 0.0 34.0
-13.616681 51.657692 7.861594738 4.0 29.0
-14.530971 53.45012 8.3894638 4.0 29.0
-14.530971 53.45012 8.3894639 3.0 30.0
-15.44526 55.242546 8.91732539 3.0 30.0
-15.44526 55.242546 8.91732540 0.0 31.0
-17.020851 56.251194 9.82699340 0.0 31.0
-17.020851 56.251194 9.82699341 0.0 32.0
-18.840187 57.259842 9.82699341 0.0 32.0
-15.44526 55.242546 8.91732542 0.0 31.0
-15.44526 57.322777 8.91732542 0.0 31.0
-15.44526 57.322777 8.91732543 0.0 32.0
-15.44526 59.403008 8.91732543 0.0 32.0
-15.44526 55.242546 8.91732544 2.0 31.0
-16.50099 57.034973 8.91732544 2.0 31.0
-16.50099 57.034973 8.91732545 1.0 32.0
-17.55672 58.8274 8.91732545 1.0 32.0
-17.55672 58.8274 8.91732546 0.0 33.0
-18.612452 60.619827 8.91732546 0.0 33.0
-18.612452 60.619827 8.91732547 0.0 34.0
-19.668182 62.412254 8.91732547 0.0 34.0
-13.616681 51.657692 7.861594748 8.0 29.0
-15.436017 52.66634 7.861594748 8.0 29.0
-15.436017 52.66634 7.861594749 7.0 30.0
-17.255354 53.674988 7.861594749 7.0 30.0
-17.255354 53.674988 7.861594750 6.0 31.0
-19.07469 54.683636 7.861594750 6.0 31.0
-19.07469 54.683636 7.861594751 5.0 32.0
-20.894026 55.692284 7.861594751 5.0 32.0
-20.894026 55.692284 7.861594752 4.0 33.0
-22.713362 56.70093 7.861594752 4.0 33.0
-22.713362 56.70093 7.861594753 3.0 34.0
-24.532698 57.70958 7.861594753 3.0 34.0
-24.532698 57.70958 7.861594754 0.0 35.0
-26.333618 57.655354 8.90135654 0.0 35.0
-26.333618 57.655354 8.90135655 0.0 36.0
-28.413141 57.601128 8.90135655 0.0 36.0
-24.532698 57.70958 7.861594756 0.0 35.0
-25.446987 59.502007 8.3894656 0.0 35.0
-25.446987 59.502007 8.3894657 0.0 36.0
-26.502718 61.294434 8.3894657 0.0 36.0
-24.532698 57.70958 7.861594758 2.0 35.0
-26.352034 58.718227 7.861594758 2.0 35.0
-26.352034 58.718227 7.861594759 1.0 36.0
-28.17137 59.726875 7.861594759 1.0 36.0
-28.17137 59.726875 7.861594760 0.0 37.0
-29.990705 60.735523 7.861594760 0.0 37.0
-29.990705 60.735523 7.861594761 0.0 38.0
-31.810041 61.74417 7.861594761 0.0 38.0
-7.3143167 47.6231 4.22292362 12.0 25.0
-7.3143167 49.70333 4.22292362 12.0 25.0
-7.3143167 49.70333 4.22292363 11.0 26.0
-7.3143167 51.78356 4.22292363 11.0 26.0
-7.3143167 51.78356 4.22292364 10.0 27.0
-7.3143167 53.863792 4.22292364 10.0 27.0
-7.3143167 53.863792 4.22292365 9.0 28.0
-7.3143167 55.944023 4.22292365 9.0 28.0
-7.3143167 55.944023 4.22292366 4.0 29.0
-8.228606 57.73645 4.75078866 4.0 29.0
-8.228606 57.73645 4.75078867 3.0 30.0
-9.142896 59.528877 5.278653667 3.0 30.0
-9.142896 59.528877 5.278653668 0.0 31.0
-10.718487 60.537525 6.188321668 0.0 31.0
-10.718487 60.537525 6.188321669 0.0 32.0
-12.537823 61.546173 6.188321669 0.0 32.0
-9.142896 59.528877 5.278653670 0.0 31.0
-9.142896 61.609108 5.278653670 0.0 31.0
-9.142896 61.609108 5.278653671 0.0 32.0
-9.142896 63.68934 5.278653671 0.0 32.0
-9.142896 59.528877 5.278653672 2.0 31.0
-10.1986265 61.321304 5.278653672 2.0 31.0
-10.1986265 61.321304 5.278653673 1.0 32.0
-11.254357 63.11373 5.278653673 1.0 32.0
-11.254357 63.11373 5.278653674 0.0 33.0
-12.310088 64.90616 5.278653674 0.0 33.0
-12.310088 64.90616 5.278653675 0.0 34.0
-13.365819 66.698586 5.278653675 0.0 34.0
-7.3143167 55.944023 4.22292376 4.0 29.0
-6.4000273 57.73645 3.695057476 4.0 29.0
-6.4000273 57.73645 3.695057477 3.0 30.0
-5.485738 59.528877 3.16719277 3.0 30.0
-5.485738 59.528877 3.16719278 0.0 31.0
-5.485738 61.609108 3.16719278 0.0 31.0
-5.485738 61.609108 3.16719279 0.0 32.0
-5.485738 63.68934 3.16719279 0.0 32.0
-5.485738 59.528877 3.16719280 0.0 31.0
-3.9101467 60.537525 2.25752480 0.0 31.0
-3.9101467 60.537525 2.25752481 0.0 32.0
-2.0908108 61.546173 2.25752481 0.0 32.0
-5.485738 59.528877 3.16719282 2.0 31.0
-4.430007 61.321304 3.16719282 2.0 31.0
-4.430007 61.321304 3.16719283 1.0 32.0
-3.3742762 63.11373 3.16719283 1.0 32.0
-3.3742762 63.11373 3.16719284 0.0 33.0
-2.3185453 64.90616 3.16719284 0.0 33.0
-2.3185453 64.90616 3.16719285 0.0 34.0
-1.2628146 66.698586 3.16719285 0.0 34.0
-7.3143167 55.944023 4.22292386 8.0 29.0
-7.3143167 58.024254 4.22292386 8.0 29.0
-7.3143167 58.024254 4.22292387 7.0 30.0
-7.3143167 60.104485 4.22292387 7.0 30.0
-7.3143167 60.104485 4.22292388 6.0 31.0
-7.3143167 62.184715 4.22292388 6.0 31.0
-7.3143167 62.184715 4.22292389 5.0 32.0
-7.3143167 64.264946 4.22292389 5.0 32.0
-7.3143167 64.264946 4.22292390 4.0 33.0
-7.3143167 66.34518 4.22292390 4.0 33.0
-7.3143167 66.34518 4.22292391 3.0 34.0
-7.3143167 68.42541 4.22292391 3.0 34.0
-7.3143167 68.42541 4.22292392 0.0 35.0
-8.228606 70.217834 4.75078892 0.0 35.0
-8.228606 70.217834 4.75078893 0.0 36.0
-9.284337 72.01026 4.75078893 0.0 36.0
-7.3143167 68.42541 4.22292394 0.0 35.0
-6.4000273 70.217834 3.695057494 0.0 35.0
-6.4000273 70.217834 3.695057495 0.0 36.0
-5.3442965 72.01026 3.695057495 0.0 36.0
-7.3143167 68.42541 4.22292396 2.0 35.0
-7.3143167 70.50564 4.22292396 2.0 35.0
-7.3143167 70.50564 4.22292397 1.0 36.0
-7.3143167 72.58587 4.22292397 1.0 36.0
-7.3143167 72.58587 4.22292398 0.0 37.0
-7.3143167 74.6661 4.22292398 0.0 37.0
-7.3143167 74.6661 4.22292399 0.0 38.0
-7.3143167 76.74633 4.22292399 0.0 38.0
-7.3143167 47.6231 4.222923100 20.0 25.0
-8.370048 49.415527 4.222923100 20.0 25.0
-8.370048 49.415527 4.222923101 19.0 26.0
-9.425778 51.207954 4.222923101 19.0 26.0
-9.425778 51.207954 4.222923102 18.0 27.0
-10.481509 53.00038 4.222923102 18.0 27.0
-10.481509 53.00038 4.222923103 17.0 28.0
-11.53724 54.79281 4.222923103 17.0 28.0
-11.53724 54.79281 4.222923104 16.0 29.0
-12.592971 56.585236 4.222923104 16.0 29.0
-12.592971 56.585236 4.222923105 15.0 30.0
-13.648702 58.377663 4.222923105 15.0 30.0
-13.648702 58.377663 4.222923106 14.0 31.0
-14.7044325 60.17009 4.222923106 14.0 31.0
-14.7044325 60.17009 4.222923107 13.0 32.0
-15.760163 61.962517 4.222923107 13.0 32.0
-15.760163 61.962517 4.222923108 12.0 33.0
-16.815893 63.754944 4.222923108 12.0 33.0
-16.815893 63.754944 4.222923109 11.0 34.0
-17.871624 65.54737 4.222923109 11.0 34.0
-17.871624 65.54737 4.222923110 10.0 35.0
-18.927355 67.3398 4.222923110 10.0 35.0
-18.927355 67.3398 4.222923111 9.0 36.0
-19.983086 69.132225 4.222923111 9.0 36.0
-19.983086 69.132225 4.222923112 4.0 37.0
-21.558678 70.14088 5.132591112 4.0 37.0
-21.558678 70.14088 5.132591113 3.0 38.0
-23.13427 71.14953 6.0422587113 3.0 38.0
-23.13427 71.14953 6.0422587114 0.0 39.0
-24.93519 71.09531 7.0820203114 0.0 39.0
-24.93519 71.09531 7.0820203115 0.0 40.0
-27.014713 71.041084 7.0820203115 0.0 40.0
-23.13427 71.14953 6.0422587116 0.0 39.0
-24.04856 72.941956 6.570124116 0.0 39.0
-24.04856 72.941956 6.570124117 0.0 40.0
-25.10429 74.73438 6.570124117 0.0 40.0
-23.13427 71.14953 6.0422587118 2.0 39.0
-24.953606 72.15818 6.0422587118 2.0 39.0
-24.953606 72.15818 6.0422587119 1.0 40.0
-26.772942 73.16683 6.0422587119 1.0 40.0
-26.772942 73.16683 6.0422587120 0.0 41.0
-28.592278 74.17548 6.0422587120 0.0 41.0
-28.592278 74.17548 6.0422587121 0.0 42.0
-30.411613 75.184135 6.0422587121 0.0 42.0
-19.983086 69.132225 4.222923122 4.0 37.0
-19.983086 71.212456 4.222923122 4.0 37.0
-19.983086 71.212456 4.222923123 3.0 38.0
-19.983086 73.29269 4.222923123 3.0 38.0
-19.983086 73.29269 4.222923124 0.0 39.0
-20.897375 75.08511 4.750788124 0.0 39.0
-20.897375 75.08511 4.750788125 0.0 40.0
-21.953106 76.87754 4.750788125 0.0 40.0
-19.983086 73.29269 4.222923126 0.0 39.0
-19.068796 75.08511 3.6950574126 0.0 39.0
-19.068796 75.08511 3.6950574127 0.0 40.0
-18.013065 76.87754 3.6950574127 0.0 40.0
-19.983086 73.29269 4.222923128 2.0 39.0
-19.983086 75.37292 4.222923128 2.0 39.0
-19.983086 75.37292 4.222923129 1.0 40.0
-19.983086 77.45315 4.222923129 1.0 40.0
-19.983086 77.45315 4.222923130 0.0 41.0
-19.983086 79.53338 4.222923130 0.0 41.0
-19.983086 79.53338 4.222923131 0.0 42.0
-19.983086 81.61361 4.222923131 0.0 42.0
-19.983086 69.132225 4.222923132 8.0 37.0
-21.038816 70.92465 4.222923132 8.0 37.0
-21.038816 70.92465 4.222923133 7.0 38.0
-22.094547 72.71708 4.222923133 7.0 38.0
-22.094547 72.71708 4.222923134 6.0 39.0
-23.150278 74.50951 4.222923134 6.0 39.0
-23.150278 74.50951 4.222923135 5.0 40.0
-24.206009 76.30193 4.222923135 5.0 40.0
-24.206009 76.30193 4.222923136 4.0 41.0
-25.26174 78.09436 4.222923136 4.0 41.0
-25.26174 78.09436 4.222923137 3.0 42.0
-26.31747 79.88679 4.222923137 3.0 42.0
-26.31747 79.88679 4.222923138 0.0 43.0
-27.893063 80.89544 5.132591138 0.0 43.0
-27.893063 80.89544 5.132591139 0.0 44.0
-29.712399 81.90409 5.132591139 0.0 44.0
-26.31747 79.88679 4.222923140 0.0 43.0
-26.31747 81.96702 4.222923140 0.0 43.0
-26.31747 81.96702 4.222923141 0.0 44.0
-26.31747 84.04725 4.222923141 0.0 44.0
-26.31747 79.88679 4.222923142 2.0 43.0
-27.373201 81.679214 4.222923142 2.0 43.0
-27.373201 81.679214 4.222923143 1.0 44.0
-28.428932 83.47164 4.222923143 1.0 44.0
-28.428932 83.47164 4.222923144 0.0 45.0
-29.484663 85.26407 4.222923144 0.0 45.0
-29.484663 85.26407 4.222923145 0.0 46.0
-30.540394 87.056496 4.222923145 0.0 46.0
0.0 33.283684 0.0146 28.0 17.0
0.91428965 35.07611 -0.52786535146 28.0 17.0
0.91428965 35.07611 -0.52786535147 27.0 18.0
1.8285793 36.868538 -1.0557307147 27.0 18.0
1.8285793 36.868538 -1.0557307148 26.0 19.0
2.742869 38.660965 -1.583596148 26.0 19.0
2.742869 38.660965 -1.583596149 25.0 20.0
3.6571586 40.453392 -2.1114614149 25.0 20.0
3.6571586 40.453392 -2.1114614150 24.0 21.0
4.5714483 42.24582 -2.6393268150 24.0 21.0
4.5714483 42.24582 -2.6393268151 23.0 22.0
5.485738 44.038246 -3.1671922151 23.0 22.0
5.485738 44.038246 -3.1671922152 22.0 23.0
6.4000273 45.830673 -3.6950576152 22.0 23.0
6.4000273 45.830673 -3.6950576153 21.0 24.0
7.3143167 47.6231 -4.222923153 21.0 24.0
7.3143167 47.6231 -4.222923154 12.0 25.0
7.3143167 49.70333 -4.222923154 12.0 25.0
7.3143167 49.70333 -4.222923155 11.0 26.0
7.3143167 51.78356 -4.222923155 11.0 26.0
7.3143167 51.78356 -4.222923156 10.0 27.0
7.3143167 53.863792 -4.222923156 10.0 27.0
7.3143167 53.863792 -4.222923157 9.0 28.0
7.3143167 55.944023 -4.222923157 9.0 28.0
7.3143167 55.944023 -4.222923158 4.0 29.0
6.4000273 57.73645 -3.6950574158 4.0 29.0
6.4000273 57.73645 -3.6950574159 3.0 30.0
5.485738 59.528877 -3.167192159 3.0 30.0
5.485738 59.528877 -3.167192160 0.0 31.0
3.9101467 60.537525 -2.257524160 0.0 31.0
3.9101467 60.537525 -2.257524161 0.0 32.0
2.0908108 61.546173 -2.257524161 0.0 32.0
5.485738 59.528877 -3.167192162 0.0 31.0
5.485738 61.609108 -3.167192162 0.0 31.0
5.485738 61.609108 -3.167192163 0.0 32.0
5.485738 63.68934 -3.167192163 0.0 32.0
5.485738 59.528877 -3.167192164 2.0 31.0
4.430007 61.321304 -3.167192164 2.0 31.0
4.430007 61.321304 -3.167192165 1.0 32.0
3.3742762 63.11373 -3.167192165 1.0 32.0
3.3742762 63.11373 -3.167192166 0.0 33.0
2.3185453 64.90616 -3.167192166 0.0 33.0
2.3185453 64.90616 -3.167192167 0.0 34.0
1.2628146 66.698586 -3.167192167 0.0 34.0
7.3143167 55.944023 -4.222923168 4.0 29.0
8.228606 57.73645 -4.750788168 4.0 29.0
8.228606 57.73645 -4.750788169 3.0 30.0
9.142896 59.528877 -5.2786536169 3.0 30.0
9.142896 59.528877 -5.2786536170 0.0 31.0
9.142896 61.609108 -5.2786536170 0.0 31.0
9.142896 61.609108 -5.2786536171 0.0 32.0
9.142896 63.68934 -5.2786536171 0.0 32.0
9.142896 59.528877 -5.2786536172 0.0 31.0
10.718487 60.537525 -6.1883216172 0.0 31.0
10.718487 60.537525 -6.1883216173 0.0 32.0
12.537823 61.546173 -6.1883216173 0.0 32.0
9.142896 59.528877 -5.2786536174 2.0 31.0
10.1986265 61.321304 -5.2786536174 2.0 31.0
10.1986265 61.321304 -5.2786536175 1.0 32.0
11.254357 63.11373 -5.2786536175 1.0 32.0
11.254357 63.11373 -5.2786536176 0.0 33.0
12.310088 64.90616 -5.2786536176 0.0 33.0
12.310088 64.90616 -5.2786536177 0.0 34.0
13.365819 66.698586 -5.2786536177 0.0 34.0
7.3143167 55.944023 -4.222923178 8.0 29.0
7.3143167 58.024254 -4.222923178 8.0 29.0
7.3143167 58.024254 -4.222923179 7.0 30.0
7.3143167 60.104485 -4.222923179 7.0 30.0
7.3143167 60.104485 -4.222923180 6.0 31.0
7.3143167 62.184715 -4.222923180 6.0 31.0
7.3143167 62.184715 -4.222923181 5.0 32.0
7.3143167 64.264946 -4.222923181 5.0 32.0
7.3143167 64.264946 -4.222923182 4.0 33.0
7.3143167 66.34518 -4.222923182 4.0 33.0
7.3143167 66.34518 -4.222923183 3.0 34.0
7.3143167 68.42541 -4.222923183 3.0 34.0
7.3143167 68.42541 -4.222923184 0.0 35.0
6.4000273 70.217834 -3.6950574184 0.0 35.0
6.4000273 70.217834 -3.6950574185 0.0 36.0
5.3442965 72.01026 -3.6950574185 0.0 36.0
7.3143167 68.42541 -4.222923186 0.0 35.0
8.228606 70.217834 -4.750788186 0.0 35.0
8.228606 70.217834 -4.750788187 0.0 36.0
9.284337 72.01026 -4.750788187 0.0 36.0
7.3143167 68.42541 -4.222923188 2.0 35.0
7.3143167 70.50564 -4.222923188 2.0 35.0
7.3143167 70.50564 -4.222923189 1.0 36.0
7.3143167 72.58587 -4.222923189 1.0 36.0
7.3143167 72.58587 -4.222923190 0.0 37.0
7.3143167 74.6661 -4.222923190 0.0 37.0
7.3143167 74.6661 -4.222923191 0.0 38.0
7.3143167 76.74633 -4.222923191 0.0 38.0
7.3143167 47.6231 -4.222923192 12.0 25.0
8.889908 48.63175 -5.132591192 12.0 25.0
8.889908 48.63175 -5.132591193 11.0 26.0
10.465499 49.640396 -6.0422587193 11.0 26.0
10.465499 49.640396 -6.0422587194 10.0 27.0
12.04109 50.649044 -6.9519267194 10.0 27.0
12.04109 50.649044 -6.9519267195 9.0 28.0
13.616681 51.657692 -7.8615947195 9.0 28.0
13.616681 51.657692 -7.8615947196 4.0 29.0
14.530971 53.45012 -8.38946196 4.0 29.0
14.530971 53.45012 -8.38946197 3.0 30.0
15.44526 55.242546 -8.917325197 3.0 30.0
15.44526 55.242546 -8.917325198 0.0 31.0
15.44526 57.322777 -8.917325198 0.0 31.0
15.44526 57.322777 -8.917325199 0.0 32.0
15.44526 59.403008 -8.917325199 0.0 32.0
15.44526 55.242546 -8.917325200 0.0 31.0
17.020851 56.251194 -9.826993200 0.0 31.0
17.020851 56.251194 -9.826993201 0.0 32.0
18.840187 57.259842 -9.826993201 0.0 32.0
15.44526 55.242546 -8.917325202 2.0 31.0
16.50099 57.034973 -8.917325202 2.0 31.0
16.50099 57.034973 -8.917325203 1.0 32.0
17.55672 58.8274 -8.917325203 1.0 32.0
17.55672 58.8274 -8.917325204 0.0 33.0
18.612452 60.619827 -8.917325204 0.0 33.0
18.612452 60.619827 -8.917325205 0.0 34.0
19.668182 62.412254 -8.917325205 0.0 34.0
13.616681 51.657692 -7.8615947206 4.0 29.0
15.417601 51.603466 -8.901356206 4.0 29.0
15.417601 51.603466 -8.901356207 3.0 30.0
17.218521 51.54924 -9.941117207 3.0 30.0
17.218521 51.54924 -9.941117208 0.0 31.0
18.794113 52.557888 -10.850785208 0.0 31.0
18.794113 52.557888 -10.850785209 0.0 32.0
20.61345 53.566536 -10.850785209 0.0 32.0
17.218521 51.54924 -9.941117210 0.0 31.0
18.746447 50.447144 -10.823265210 0.0 31.0
18.746447 50.447144 -10.823265211 0.0 32.0
20.510742 49.345047 -10.823265211 0.0 32.0
17.218521 51.54924 -9.941117212 2.0 31.0
19.298044 51.495014 -9.941117212 2.0 31.0
19.298044 51.495014 -9.941117213 1.0 32.0
21.377567 51.44079 -9.941117213 1.0 32.0
21.377567 51.44079 -9.941117214 0.0 33.0
23.45709 51.386562 -9.941117214 0.0 33.0
23.45709 51.386562 -9.941117215 0.0 34.0
25.536613 51.332336 -9.941117215 0.0 34.0
13.616681 51.657692 -7.8615947216 8.0 29.0
15.436017 52.66634 -7.8615947216 8.0 29.0
15.436017 52.66634 -7.8615947217 7.0 30.0
17.255354 53.674988 -7.8615947217 7.0 30.0
17.255354 53.674988 -7.8615947218 6.0 31.0
19.07469 54.683636 -7.8615947218 6.0 31.0
19.07469 54.683636 -7.8615947219 5.0 32.0
20.894026 55.692284 -7.8615947219 5.0 32.0
20.894026 55.692284 -7.8615947220 4.0 33.0
22.713362 56.70093 -7.8615947220 4.0 33.0
22.713362 56.70093 -7.8615947221 3.0 34.0
24.532698 57.70958 -7.8615947221 3.0 34.0
24.532698 57.70958 -7.8615947222 0.0 35.0
25.446987 59.502007 -8.38946222 0.0 35.0
25.446987 59.502007 -8.38946223 0.0 36.0
26.502718 61.294434 -8.38946223 0.0 36.0
24.532698 57.70958 -7.8615947224 0.0 35.0
26.333618 57.655354 -8.901356224 0.0 35.0
26.333618 57.655354 -8.901356225 0.0 36.0
28.413141 57.601128 -8.901356225 0.0 36.0
24.532698 57.70958 -7.8615947226 2.0 35.0
26.352034 58.718227 -7.8615947226 2.0 35.0
26.352034 58.718227 -7.8615947227 1.0 36.0
28.17137 59.726875 -7.8615947227 1.0 36.0
28.17137 59.726875 -7.8615947228 0.0 37.0
29.990705 60.735523 -7.8615947228 0.0 37.0
29.990705 60.735523 -7.8615947229 0.0 38.0
31.810041 61.74417 -7.8615947229 0.0 38.0
7.3143167 47.6231 -4.222923230 20.0 25.0
8.370048 49.415527 -4.222923230 20.0 25.0
8.370048 49.415527 -4.222923231 19.0 26.0
9.425778 51.207954 -4.222923231 19.0 26.0
9.425778 51.207954 -4.222923232 18.0 27.0
10.481509 53.00038 -4.222923232 18.0 27.0
10.481509 53.00038 -4.222923233 17.0 28.0
11.53724 54.79281 -4.222923233 17.0 28.0
11.53724 54.79281 -4.222923234 16.0 29.0
12.592971 56.585236 -4.222923234 16.0 29.0
12.592971 56.585236 -4.222923235 15.0 30.0
13.648702 58.377663 -4.222923235 15.0 30.0
13.648702 58.377663 -4.222923236 14.0 31.0
14.7044325 60.17009 -4.222923236 14.0 31.0
14.7044325 60.17009 -4.222923237 13.0 32.0
15.760163 61.962517 -4.222923237 13.0 32.0
15.760163 61.962517 -4.222923238 12.0 33.0
16.815893 63.754944 -4.222923238 12.0 33.0
16.815893 63.754944 -4.222923239 11.0 34.0
17.871624 65.54737 -4.222923239 11.0 34.0
17.871624 65.54737 -4.222923240 10.0 35.0
18.927355 67.3398 -4.222923240 10.0 35.0
18.927355 67.3398 -4.222923241 9.0 36.0
19.983086 69.132225 -4.222923241 9.0 36.0
19.983086 69.132225 -4.222923242 4.0 37.0
19.983086 71.212456 -4.222923242 4.0 37.0
19.983086 71.212456 -4.222923243 3.0 38.0
19.983086 73.29269 -4.222923243 3.0 38.0
19.983086 73.29269 -4.222923244 0.0 39.0
19.068796 75.08511 -3.6950574244 0.0 39.0
19.068796 75.08511 -3.6950574245 0.0 40.0
18.013065 76.87754 -3.6950574245 0.0 40.0
19.983086 73.29269 -4.222923246 0.0 39.0
20.897375 75.08511 -4.750788246 0.0 39.0
20.897375 75.08511 -4.750788247 0.0 40.0
21.953106 76.87754 -4.750788247 0.0 40.0
19.983086 73.29269 -4.222923248 2.0 39.0
19.983086 75.37292 -4.222923248 2.0 39.0
19.983086 75.37292 -4.222923249 1.0 40.0
19.983086 77.45315 -4.222923249 1.0 40.0
19.983086 77.45315 -4.222923250 0.0 41.0
19.983086 79.53338 -4.222923250 0.0 41.0
19.983086 79.53338 -4.222923251 0.0 42.0
19.983086 81.61361 -4.222923251 0.0 42.0
19.983086 69.132225 -4.222923252 4.0 37.0
21.558678 70.14088 -5.132591252 4.0 37.0
21.558678 70.14088 -5.132591253 3.0 38.0
23.13427 71.14953 -6.0422587253 3.0 38.0
23.13427 71.14953 -6.0422587254 0.0 39.0
24.04856 72.941956 -6.570124254 0.0 39.0
24.04856 72.941956 -6.570124255 0.0 40.0
25.10429 74.73438 -6.570124255 0.0 40.0
23.13427 71.14953 -6.0422587256 0.0 39.0
24.93519 71.09531 -7.0820203256 0.0 39.0
24.93519 71.09531 -7.0820203257 0.0 40.0
27.014713 71.041084 -7.0820203257 0.0 40.0
23.13427 71.14953 -6.0422587258 2.0 39.0
24.953606 72.15818 -6.0422587258 2.0 39.0
24.953606 72.15818 -6.0422587259 1.0 40.0
26.772942 73.16683 -6.0422587259 1.0 40.0
26.772942 73.16683 -6.0422587260 0.0 41.0
28.592278 74.17548 -6.0422587260 0.0 41.0
28.592278 74.17548 -6.0422587261 0.0 42.0
30.411613 75.184135 -6.0422587261 0.0 42.0
19.983086 69.132225 -4.222923262 8.0 37.0
21.038816 70.92465 -4.222923262 8.0 37.0
21.038816 70.92465 -4.222923263 7.0 38.0
22.094547 72.71708 -4.222923263 7.0 38.0
22.094547 72.71708 -4.222923264 6.0 39.0
23.150278 74.50951 -4.222923264 6.0 39.0
23.150278 74.50951 -4.222923265 5.0 40.0
24.206009 76.30193 -4.222923265 5.0 40.0
24.206009 76.30193 -4.222923266 4.0 41.0
25.26174 78.09436 -4.222923266 4.0 41.0
25.26174 78.09436 -4.222923267 3.0 42.0
26.31747 79.88679 -4.222923267 3.0 42.0
26.31747 79.88679 -4.222923268 0.0 43.0
26.31747 81.96702 -4.222923268 0.0 43.0
26.31747 81.96702 -4.222923269 0.0 44.0
26.31747 84.04725 -4.222923269 0.0 44.0
26.31747 79.88679 -4.222923270 0.0 43.0
27.893063 80.89544 -5.132591270 0.0 43.0
27.893063 80.89544 -5.132591271 0.0 44.0
29.712399 81.90409 -5.132591271 0.0 44.0
26.31747 79.88679 -4.222923272 2.0 43.0
27.373201 81.679214 -4.222923272 2.0 43.0
27.373201 81.679214 -4.222923273 1.0 44.0
28.428932 83.47164 -4.222923273 1.0 44.0
28.428932 83.47164 -4.222923274 0.0 45.0
29.484663 85.26407 -4.222923274 0.0 45.0
29.484663 85.26407 -4.222923275 0.0 46.0
30.540394 87.056496 -4.222923275 0.0 46.0
0.0 33.283684 0.0276 44.0 17.0
0.0 35.363914 0.0276 44.0 17.0
0.0 35.363914 0.0277 43.0 18.0
0.0 37.444145 0.0277 43.0 18.0
0.0 37.444145 0.0278 42.0 19.0
0.0 39.524376 0.0278 42.0 19.0
0.0 39.524376 0.0279 41.0 20.0
0.0 41.604607 0.0279 41.0 20.0
0.0 41.604607 0.0280 40.0 21.0
0.0 43.684837 0.0280 40.0 21.0
0.0 43.684837 0.0281 39.0 22.0
0.0 45.765068 0.0281 39.0 22.0
0.0 45.765068 0.0282 38.0 23.0
0.0 47.8453 0.0282 38.0 23.0
0.0 47.8453 0.0283 37.0 24.0
0.0 49.92553 0.0283 37.0 24.0
0.0 49.92553 0.0284 36.0 25.0
0.0 52.00576 0.0284 36.0 25.0
0.0 52.00576 0.0285 35.0 26.0
0.0 54.08599 0.0285 35.0 26.0
0.0 54.08599 0.0286 34.0 27.0
0.0 56.16622 0.0286 34.0 27.0
0.0 56.16622 0.0287 33.0 28.0
0.0 58.246452 0.0287 33.0 28.0
0.0 58.246452 0.0288 32.0 29.0
0.0 60.326683 0.0288 32.0 29.0
0.0 60.326683 0.0289 31.0 30.0
0.0 62.406914 0.0289 31.0 30.0
0.0 62.406914 0.0290 30.0 31.0
0.0 64.487144 0.0290 30.0 31.0
0.0 64.487144 0.0291 29.0 32.0
0.0 66.567375 0.0291 29.0 32.0
0.0 66.567375 0.0292 28.0 33.0
0.0 68.647606 0.0292 28.0 33.0
0.0 68.647606 0.0293 27.0 34.0
0.0 70.72784 0.0293 27.0 34.0
0.0 70.72784 0.0294 26.0 35.0
0.0 72.80807 0.0294 26.0 35.0
0.0 72.80807 0.0295 25.0 36.0
0.0 74.8883 0.0295 25.0 36.0
0.0 74.8883 0.0296 24.0 37.0
0.0 76.96853 0.0296 24.0 37.0
0.0 76.96853 0.0297 23.0 38.0
0.0 79.04876 0.0297 23.0 38.0
0.0 79.04876 0.0298 22.0 39.0
0.0 81.12899 0.0298 22.0 39.0
0.0 81.12899 0.0299 21.0 40.0
0.0 83.20922 0.0299 21.0 40.0
0.0 83.20922 0.0300 12.0 41.0
-0.91428965 85.00165 0.52786535300 12.0 41.0
-0.91428965 85.00165 0.52786535301 11.0 42.0
-1.8285793 86.794075 1.0557307301 11.0 42.0
-1.8285793 86.794075 1.0557307302 10.0 43.0
-2.742869 88.5865 1.583596302 10.0 43.0
-2.742869 88.5865 1.583596303 9.0 44.0
-3.6571586 90.37893 2.1114614303 9.0 44.0
-3.6571586 90.37893 2.1114614304 4.0 45.0
-5.23275 91.38758 3.0211294304 4.0 45.0
-5.23275 91.38758 3.0211294305 3.0 46.0
-6.808341 92.39623 3.9307973305 3.0 46.0
-6.808341 92.39623 3.9307973306 0.0 47.0
-8.609261 92.34201 4.9705586306 0.0 47.0
-8.609261 92.34201 4.9705586307 0.0 48.0
-10.688784 92.28779 4.9705586307 0.0 48.0
-6.808341 92.39623 3.9307973308 0.0 47.0
-7.7226305 94.18866 4.4586625308 0.0 47.0
-7.7226305 94.18866 4.4586625309 0.0 48.0
-8.778361 95.98109 4.4586625309 0.0 48.0
-6.808341 92.39623 3.9307973310 2.0 47.0
-8.627677 93.404884 3.9307973310 2.0 47.0
-8.627677 93.404884 3.9307973311 1.0 48.0
-10.447013 94.413536 3.9307973311 1.0 48.0
-10.447013 94.413536 3.9307973312 0.0 49.0
-12.266349 95.42219 3.9307973312 0.0 49.0
-12.266349 95.42219 3.9307973313 0.0 50.0
-14.085685 96.43084 3.9307973313 0.0 50.0
-3.6571586 90.37893 2.1114614314 4.0 45.0
-3.6571586 92.45916 2.1114614314 4.0 45.0
-3.6571586 92.45916 2.1114614315 3.0 46.0
-3.6571586 94.53939 2.1114614315 3.0 46.0
-3.6571586 94.53939 2.1114614316 0.0 47.0
-4.5714483 96.33182 2.6393268316 0.0 47.0
-4.5714483 96.33182 2.6393268317 0.0 48.0
-5.627179 98.124245 2.6393268317 0.0 48.0
-3.6571586 94.53939 2.1114614318 0.0 47.0
-2.742869 96.33182 1.583596318 0.0 47.0
-2.742869 96.33182 1.583596319 0.0 48.0
-1.6871382 98.124245 1.583596319 0.0 48.0
-3.6571586 94.53939 2.1114614320 2.0 47.0
-3.6571586 96.61962 2.1114614320 2.0 47.0
-3.6571586 96.61962 2.1114614321 1.0 48.0
-3.6571586 98.69985 2.1114614321 1.0 48.0
-3.6571586 98.69985 2.1114614322 0.0 49.0
-3.6571586 100.78008 2.1114614322 0.0 49.0
-3.6571586 100.78008 2.1114614323 0.0 50.0
-3.6571586 102.86031 2.1114614323 0.0 50.0
-3.6571586 90.37893 2.1114614324 8.0 45.0
-4.712889 92.17136 2.1114614324 8.0 45.0
-4.712889 92.17136 2.1114614325 7.0 46.0
-5.76862 93.96378 2.1114614325 7.0 46.0
-5.76862 93.96378 2.1114614326 6.0 47.0
-6.824351 95.75621 2.1114614326 6.0 47.0
-6.824351 95.75621 2.1114614327 5.0 48.0
-7.8800817 97.54864 2.1114614327 5.0 48.0
-7.8800817 97.54864 2.1114614328 4.0 49.0
-8.935812 99.341064 2.1114614328 4.0 49.0
-8.935812 99.341064 2.1114614329 3.0 50.0
-9.991543 101.13349 2.1114614329 3.0 50.0
-9.991543 101.13349 2.1114614330 0.0 51.0
-11.567134 102.14214 3.0211294330 0.0 51.0
-11.567134 102.14214 3.0211294331 0.0 52.0
-13.38647 103.150795 3.0211294331 0.0 52.0
-9.991543 101.13349 2.1114614332 0.0 51.0
-9.991543 103.21372 2.1114614332 0.0 51.0
-9.991543 103.21372 2.1114614333 0.0 52.0
-9.991543 105.29395 2.1114614333 0.0 52.0
-9.991543 101.13349 2.1114614334 2.0 51.0
-11.047274 102.92592 2.1114614334 2.0 51.0
-11.047274 102.92592 2.1114614335 1.0 52.0
-12.103004 104.718346 2.1114614335 1.0 52.0
-12.103004 104.718346 2.1114614336 0.0 53.0
-13.158735 106.51077 2.1114614336 0.0 53.0
-13.158735 106.51077 2.1114614337 0.0 54.0
-14.214466 108.3032 2.1114614337 0.0 54.0
0.0 83.20922 0.0338 12.0 41.0
0.91428965 85.00165 -0.52786535338 12.0 41.0
0.91428965 85.00165 -0.52786535339 11.0 42.0
1.8285793 86.794075 -1.0557307339 11.0 42.0
1.8285793 86.794075 -1.0557307340 10.0 43.0
2.742869 88.5865 -1.583596340 10.0 43.0
2.742869 88.5865 -1.583596341 9.0 44.0
3.6571586 90.37893 -2.1114614341 9.0 44.0
3.6571586 90.37893 -2.1114614342 4.0 45.0
3.6571586 92.45916 -2.1114614342 4.0 45.0
3.6571586 92.45916 -2.1114614343 3.0 46.0
3.6571586 94.53939 -2.1114614343 3.0 46.0
3.6571586 94.53939 -2.1114614344 0.0 47.0
2.742869 96.33182 -1.583596344 0.0 47.0
2.742869 96.33182 -1.583596345 0.0 48.0
1.6871382 98.124245 -1.583596345 0.0 48.0
3.6571586 94.53939 -2.1114614346 0.0 47.0
4.5714483 96.33182 -2.6393268346 0.0 47.0
4.5714483 96.33182 -2.6393268347 0.0 48.0
5.627179 98.124245 -2.6393268347 0.0 48.0
3.6571586 94.53939 -2.1114614348 2.0 47.0
3.6571586 96.61962 -2.1114614348 2.0 47.0
3.6571586 96.61962 -2.1114614349 1.0 48.0
3.6571586 98.69985 -2.1114614349 1.0 48.0
3.6571586 98.69985 -2.1114614350 0.0 49.0
3.6571586 100.78008 -2.1114614350 0.0 49.0
3.6571586 100.78008 -2.1114614351 0.0 50.0
3.6571586 102.86031 -2.1114614351 0.0 50.0
3.6571586 90.37893 -2.1114614352 4.0 45.0
5.23275 91.38758 -3.0211294352 4.0 45.0
5.23275 91.38758 -3.0211294353 3.0 46.0
6.808341 92.39623 -3.9307973353 3.0 46.0
6.808341 92.39623 -3.9307973354 0.0 47.0
7.7226305 94.18866 -4.4586625354 0.0 47.0
7.7226305 94.18866 -4.4586625355 0.0 48.0
8.778361 95.98109 -4.4586625355 0.0 48.0
6.808341 92.39623 -3.9307973356 0.0 47.0
8.609261 92.34201 -4.9705586356 0.0 47.0
8.609261 92.34201 -4.9705586357 0.0 48.0
10.688784 92.28779 -4.9705586357 0.0 48.0
6.808341 92.39623 -3.9307973358 2.0 47.0
8.627677 93.404884 -3.9307973358 2.0 47.0
8.627677 93.404884 -3.9307973359 1.0 48.0
10.447013 94.413536 -3.9307973359 1.0 48.0
10.447013 94.413536 -3.9307973360 0.0 49.0
12.266349 95.42219 -3.9307973360 0.0 49.0
12.266349 95.42219 -3.9307973361 0.0 50.0
14.085685 96.43084 -3.9307973361 0.0 50.0
3.6571586 90.37893 -2.1114614362 8.0 45.0
4.712889 92.17136 -2.1114614362 8.0 45.0
4.712889 92.17136 -2.1114614363 7.0 46.0
5.76862 93.96378 -2.1114614363 7.0 46.0
5.76862 93.96378 -2.1114614364 6.0 47.0
6.824351 95.75621 -2.1114614364 6.0 47.0
6.824351 95.75621 -2.1114614365 5.0 48.0
7.8800817 97.54864 -2.1114614365 5.0 48.0
7.8800817 97.54864 -2.1114614366 4.0 49.0
8.935812 99.341064 -2.1114614366 4.0 49.0
8.935812 99.341064 -2.1114614367 3.0 50.0
9.991543 101.13349 -2.1114614367 3.0 50.0
9.991543 101.13349 -2.1114614368 0.0 51.0
9.991543 103.21372 -2.1114614368 0.0 51.0
9.991543 103.21372 -2.1114614369 0.0 52.0
9.991543 105.29395 -2.1114614369 0.0 52.0
9.991543 101.13349 -2.1114614370 0.0 51.0
11.567134 102.14214 -3.0211294370 0.0 51.0
11.567134 102.14214 -3.0211294371 0.0 52.0
13.38647 103.150795 -3.0211294371 0.0 52.0
9.991543 101.13349 -2.1114614372 2.0 51.0
11.047274 102.92592 -2.1114614372 2.0 51.0
11.047274 102.92592 -2.1114614373 1.0 52.0
12.103004 104.718346 -2.1114614373 1.0 52.0
12.103004 104.718346 -2.1114614374 0.0 53.0
13.158735 106.51077 -2.1114614374 0.0 53.0
13.158735 106.51077 -2.1114614375 0.0 54.0
14.214466 108.3032 -2.1114614375 0.0 54.0
0.0 83.20922 0.0376 20.0 41.0
0.0 85.28945 0.0376 20.0 41.0
0.0 85.28945 0.0377 19.0 42.0
0.0 87.36968 0.0377 19.0 42.0
0.0 87.36968 0.0378 18.0 43.0
0.0 89.44991 0.0378 18.0 43.0
0.0 89.44991 0.0379 17.0 44.0
0.0 91.53014 0.0379 17.0 44.0
0.0 91.53014 0.0380 16.0 45.0
0.0 93.610374 0.0380 16.0 45.0
0.0 93.610374 0.0381 15.0 46.0
0.0 95.690605 0.0381 15.0 46.0
0.0 95.690605 0.0382 14.0 47.0
0.0 97.770836 0.0382 14.0 47.0
0.0 97.770836 0.0383 13.0 48.0
0.0 99.85107 0.0383 13.0 48.0
0.0 99.85107 0.0384 12.0 49.0
0.0 101.9313 0.0384 12.0 49.0
0.0 101.9313 0.0385 11.0 50.0
0.0 104.01153 0.0385 11.0 50.0
0.0 104.01153 0.0386 10.0 51.0
0.0 106.09176 0.0386 10.0 51.0
0.0 106.09176 0.0387 9.0 52.0
0.0 108.17199 0.0387 9.0 52.0
0.0 108.17199 0.0388 4.0 53.0
-0.91428965 109.96442 0.52786535388 4.0 53.0
-0.91428965 109.96442 0.52786535389 3.0 54.0
-1.8285793 111.75684 1.0557307389 3.0 54.0
-1.8285793 111.75684 1.0557307390 0.0 55.0
-3.4041705 112.765495 1.9653988390 0.0 55.0
-3.4041705 112.765495 1.9653988391 0.0 56.0
-5.2235065 113.77415 1.9653988391 0.0 56.0
-1.8285793 111.75684 1.0557307392 0.0 55.0
-1.8285793 113.837074 1.0557307392 0.0 55.0
-1.8285793 113.837074 1.0557307393 0.0 56.0
-1.8285793 115.917305 1.0557307393 0.0 56.0
-1.8285793 111.75684 1.0557307394 2.0 55.0
-2.88431 113.54927 1.0557307394 2.0 55.0
-2.88431 113.54927 1.0557307395 1.0 56.0
-3.9400406 115.3417 1.0557307395 1.0 56.0
-3.9400406 115.3417 1.0557307396 0.0 57.0
-4.9957714 117.134125 1.0557307396 0.0 57.0
-4.9957714 117.134125 1.0557307397 0.0 58.0
-6.051502 118.92655 1.0557307397 0.0 58.0
0.0 108.17199 0.0398 4.0 53.0
0.91428965 109.96442 -0.52786535398 4.0 53.0
0.91428965 109.96442 -0.52786535399 3.0 54.0
1.8285793 111.75684 -1.0557307399 3.0 54.0
1.8285793 111.75684 -1.0557307400 0.0 55.0
1.8285793 113.837074 -1.0557307400 0.0 55.0
1.8285793 113.837074 -1.0557307401 0.0 56.0
1.8285793 115.917305 -1.0557307401 0.0 56.0
1.8285793 111.75684 -1.0557307402 0.0 55.0
3.4041705 112.765495 -1.9653988402 0.0 55.0
3.4041705 112.765495 -1.9653988403 0.0 56.0
5.2235065 113.77415 -1.9653988403 0.0 56.0
1.8285793 111.75684 -1.0557307404 2.0 55.0
2.88431 113.54927 -1.0557307404 2.0 55.0
2.88431 113.54927 -1.0557307405 1.0 56.0
3.9400406 115.3417 -1.0557307405 1.0 56.0
3.9400406 115.3417 -1.0557307406 0.0 57.0
4.9957714 117.134125 -1.0557307406 0.0 57.0
4.9957714 117.134125 -1.0557307407 0.0 58.0
6.051502 118.92655 -1.0557307407 0.0 58.0
0.0 108.17199 0.0408 8.0 53.0
0.0 110.25222 0.0408 8.0 53.0
0.0 110.25222 0.0409 7.0 54.0
0.0 112.33245 0.0409 7.0 54.0
0.0 112.33245 0.0410 6.0 55.0
0.0 114.41268 0.0410 6.0 55.0
0.0 114.41268 0.0411 5.0 56.0
0.0 116.49291 0.0411 5.0 56.0
0.0 116.49291 0.0412 4.0 57.0
0.0 118.57314 0.0412 4.0 57.0
0.0 118.57314 0.0413 3.0 58.0
0.0 120.65337 0.0413 3.0 58.0
0.0 120.65337 0.0414 0.0 59.0
-0.91428965 122.4458 0.52786535414 0.0 59.0
-0.91428965 122.4458 0.52786535415 0.0 60.0
-1.9700203 124.23823 0.52786535415 0.0 60.0
0.0 120.65337 0.0416 0.0 59.0
0.91428965 122.4458 -0.52786535416 0.0 59.0
0.91428965 122.4458 -0.52786535417 0.0 60.0
1.9700203 124.23823 -0.52786535417 0.0 60.0
0.0 120.65337 0.0418 2.0 59.0
0.0 122.733604 0.0418 2.0 59.0
0.0 122.733604 0.0419 1.0 60.0
0.0 124.813835 0.0419 1.0 60.0
0.0 124.813835 0.0420 0.0 61.0
0.0 126.894066 0.0420 0.0 61.0
0.0 126.894066 0.0421 0.0 62.0
0.0 128.97429 0.0421 0.0 62.0
