0.0 0.0 0.00 27.0 1.0
0.0 3.6571734 0.00 27.0 1.0
0.0 3.6571734 0.01 26.0 2.0
0.0 7.314347 0.01 26.0 2.0
0.0 7.314347 0.02 1.0 3.0
0.0 10.97152 0.02 1.0 3.0
0.0 10.97152 0.03 0.0 4.0
-2.1157825 13.692955 1.22154763 0.0 4.0
-2.1157825 13.692955 1.22154764 0.0 5.0
-5.264642 14.086015 3.03954244 0.0 5.0
0.0 7.314347 0.05 1.0 3.0
-2.5705762 5.1778927 1.48412295 1.0 3.0
-2.5705762 5.1778927 1.48412296 0.0 4.0
-5.7194357 5.570953 3.30211786 0.0 4.0
-5.7194357 5.570953 3.30211787 0.0 5.0
-7.8352184 8.292387 4.52366547 0.0 5.0
0.0 7.314347 0.08 25.0 3.0
-3.6359897 7.707407 0.08 25.0 3.0
-3.6359897 7.707407 0.09 24.0 4.0
-7.2719793 8.100467 0.09 24.0 4.0
-7.2719793 8.100467 0.010 1.0 5.0
-10.420839 8.493526 1.817994810 1.0 5.0
-10.420839 8.493526 1.817994811 0.0 6.0
-12.991415 6.357073 3.302117811 0.0 6.0
-12.991415 6.357073 3.302117812 0.0 7.0
-13.668272 2.784389 3.692901112 0.0 7.0
-7.2719793 8.100467 0.013 1.0 5.0
-5.70875 4.919796 -0.9025311513 1.0 5.0
-5.70875 4.919796 -0.9025311514 0.0 6.0
-6.3856063 1.3471122 -0.5117478414 0.0 6.0
-6.3856063 1.3471122 -0.5117478415 0.0 7.0
-8.9561825 -0.7893417 0.9723750415 0.0 7.0
-7.2719793 8.100467 0.016 7.0 5.0
-7.948836 4.527783 0.3907832816 7.0 5.0
-7.948836 4.527783 0.3907832817 6.0 6.0
-8.625692 0.9550991 0.7815665617 6.0 6.0
-8.625692 0.9550991 0.7815665618 1.0 7.0
-9.302549 -2.6175847 1.172349818 1.0 7.0
-9.302549 -2.6175847 1.172349819 0.0 8.0
-7.73932 -5.798256 0.2698186619 0.0 8.0
-7.73932 -5.798256 0.2698186620 0.0 9.0
-4.735953 -6.959275 -1.464176220 0.0 9.0
-8.625692 0.9550991 0.7815665621 1.0 7.0
-5.719095 2.4078584 -0.89655821 1.0 7.0
-5.719095 2.4078584 -0.89655822 0.0 8.0
-2.7157283 1.2468395 -2.630552822 0.0 8.0
-2.7157283 1.2468395 -2.630552823 0.0 9.0
-1.1524985 -1.9338315 -3.53308423 0.0 9.0
-8.625692 0.9550991 0.7815665624 5.0 7.0
-5.2694435 2.4078584 0.7815665624 5.0 7.0
-5.2694435 2.4078584 0.7815665625 4.0 8.0
-1.9131944 3.8606176 0.7815665625 4.0 8.0
-1.9131944 3.8606176 0.7815665626 1.0 9.0
0.9934025 5.313377 -0.89655826 1.0 9.0
0.9934025 5.313377 -0.89655827 0.0 10.0
2.3158414 8.636497 -1.660068527 0.0 10.0
2.3158414 8.636497 -1.660068528 0.0 11.0
1.3773931 12.129442 -1.118255128 0.0 11.0
-1.9131944 3.8606176 0.7815665629 1.0 9.0
-4.6322994 5.7359505 2.351442629 1.0 9.0
-4.6322994 5.7359505 2.351442630 0.0 10.0
-5.570748 9.228896 2.89325630 0.0 10.0
-5.570748 9.228896 2.89325631 0.0 11.0
-4.248309 12.552015 2.129745531 0.0 11.0
-1.9131944 3.8606176 0.7815665632 3.0 9.0
-5.0529466 5.7359505 0.7815665632 3.0 9.0
-5.0529466 5.7359505 0.7815665633 2.0 10.0
-8.1926985 7.6112833 0.7815665633 2.0 10.0
-8.1926985 7.6112833 0.7815665634 1.0 11.0
-10.911803 9.486616 2.351442634 1.0 11.0
-10.911803 9.486616 2.351442635 0.0 12.0
-14.020123 8.784676 4.146031435 0.0 12.0
-14.020123 8.784676 4.146031436 0.0 13.0
-15.927041 5.864664 5.24699136 0.0 13.0
-8.1926985 7.6112833 0.7815665637 1.0 11.0
-7.9223924 3.9674535 0.6255052737 1.0 11.0
-7.9223924 3.9674535 0.6255052738 0.0 12.0
-9.829311 1.047442 1.726465238 0.0 12.0
-9.829311 1.047442 1.726465239 0.0 13.0
-12.937631 0.34550142 3.52105439 0.0 13.0
-7.2719793 8.100467 0.040 7.0 5.0
-4.365382 9.553226 -1.678124540 7.0 5.0
-4.365382 9.553226 -1.678124541 6.0 6.0
-1.4587853 11.005986 -3.35624941 6.0 6.0
-1.4587853 11.005986 -3.35624942 1.0 7.0
1.4478116 12.458746 -5.034373842 1.0 7.0
1.4478116 12.458746 -5.034373843 0.0 8.0
2.7702506 15.781866 -5.797884543 0.0 8.0
2.7702506 15.781866 -5.797884544 0.0 9.0
1.8318022 19.274813 -5.25607144 0.0 9.0
-1.4587853 11.005986 -3.35624945 1.0 7.0
-4.1778903 12.881319 -1.78637345 1.0 7.0
-4.1778903 12.881319 -1.78637346 0.0 8.0
-5.1163387 16.374266 -1.244559646 0.0 8.0
-5.1163387 16.374266 -1.244559647 0.0 9.0
-3.7938998 19.697386 -2.008070247 0.0 9.0
-1.4587853 11.005986 -3.35624948 5.0 7.0
0.068235755 14.329105 -3.35624948 5.0 7.0
0.068235755 14.329105 -3.35624949 4.0 8.0
1.5952568 17.652225 -3.35624949 4.0 8.0
1.5952568 17.652225 -3.35624950 1.0 9.0
2.9176958 20.975346 -4.119759650 1.0 9.0
2.9176958 20.975346 -4.119759651 0.0 10.0
1.9792475 24.468292 -3.577946251 0.0 10.0
1.9792475 24.468292 -3.577946252 0.0 11.0
-0.73985755 26.343626 -2.0080752 0.0 11.0
1.5952568 17.652225 -3.35624953 1.0 9.0
-1.5130622 16.950285 -1.561660353 1.0 9.0
-1.5130622 16.950285 -1.561660354 0.0 10.0
-4.2321672 18.825619 0.00821578554 0.0 10.0
-4.2321672 18.825619 0.00821578555 0.0 11.0
-5.1706157 22.318565 0.5500291655 0.0 11.0
1.5952568 17.652225 -3.35624956 3.0 9.0
0.51163006 21.145172 -3.35624956 3.0 9.0
0.51163006 21.145172 -3.35624957 2.0 10.0
-0.5719967 24.638119 -3.35624957 2.0 10.0
-0.5719967 24.638119 -3.35624958 1.0 11.0
-1.510445 28.131065 -2.814435758 1.0 11.0
-1.510445 28.131065 -2.814435759 0.0 12.0
-4.22955 30.0064 -1.244559659 0.0 12.0
-4.22955 30.0064 -1.244559660 0.0 13.0
-7.3378687 29.304459 0.5500291660 0.0 13.0
-0.5719967 24.638119 -3.35624961 1.0 11.0
-2.4789152 21.718107 -2.25528961 1.0 11.0
-2.4789152 21.718107 -2.25528962 0.0 12.0
-5.5872345 21.016167 -0.4607002762 0.0 12.0
-5.5872345 21.016167 -0.4607002763 0.0 13.0
-8.306339 22.8915 1.109175863 0.0 13.0
-7.2719793 8.100467 0.064 23.0 5.0
-3.8039896 6.939448 0.064 23.0 5.0
-3.8039896 6.939448 0.065 22.0 6.0
-0.33599997 5.778429 0.065 22.0 6.0
-0.33599997 5.778429 0.066 1.0 7.0
2.667367 4.61741 -1.733994866 1.0 7.0
2.667367 4.61741 -1.733994867 0.0 8.0
5.573964 6.0701694 -3.412119467 0.0 8.0
5.573964 6.0701694 -3.412119468 0.0 9.0
6.8964033 9.39329 -4.1756368 0.0 9.0
-0.33599997 5.778429 0.069 1.0 7.0
-1.2744483 9.271375 0.541813469 1.0 7.0
-1.2744483 9.271375 0.541813470 0.0 8.0
0.04799068 12.594494 -0.2216971570 0.0 8.0
0.04799068 12.594494 -0.2216971571 0.0 9.0
2.9545875 14.047254 -1.899821871 0.0 9.0
-0.33599997 5.778429 0.072 21.0 7.0
1.1910211 9.101549 0.072 21.0 7.0
1.1910211 9.101549 0.073 20.0 8.0
2.7180421 12.424669 0.073 20.0 8.0
2.7180421 12.424669 0.074 1.0 9.0
4.040481 15.747789 -0.763510574 1.0 9.0
4.040481 15.747789 -0.763510575 0.0 10.0
3.1020327 19.240736 -0.2216971575 0.0 10.0
3.1020327 19.240736 -0.2216971576 0.0 11.0
0.38292766 21.11607 1.348178976 0.0 11.0
2.7180421 12.424669 0.077 1.0 9.0
-0.3902769 11.722729 1.794588877 1.0 9.0
-0.3902769 11.722729 1.794588878 0.0 10.0
-3.109382 13.598062 3.364464878 0.0 10.0
-3.109382 13.598062 3.364464879 0.0 11.0
-4.04783 17.091007 3.906278179 0.0 11.0
2.7180421 12.424669 0.080 7.0 9.0
-0.00106287 14.300002 1.569876180 7.0 9.0
-0.00106287 14.300002 1.569876181 6.0 10.0
-2.7201679 16.175335 3.139752181 6.0 10.0
-2.7201679 16.175335 3.139752182 1.0 11.0
-5.439273 18.050669 4.70962882 1.0 11.0
-5.439273 18.050669 4.70962883 0.0 12.0
-8.547592 17.348728 6.50421783 0.0 12.0
-8.547592 17.348728 6.50421784 0.0 13.0
-10.454511 14.428717 7.60517784 0.0 13.0
-2.7201679 16.175335 3.139752185 1.0 11.0
-2.4498618 12.531506 2.98369185 1.0 11.0
-2.4498618 12.531506 2.98369186 0.0 12.0
-4.35678 9.611494 4.08465186 0.0 12.0
-4.35678 9.611494 4.08465187 0.0 13.0
-7.4650993 8.909554 5.8792487 0.0 13.0
-2.7201679 16.175335 3.139752188 5.0 11.0
-2.4080453 12.531506 3.139752188 5.0 11.0
-2.4080453 12.531506 3.139752189 4.0 12.0
-2.0959227 8.887676 3.139752189 4.0 12.0
-2.0959227 8.887676 3.139752190 1.0 13.0
-1.8256166 5.2438464 2.98369190 1.0 13.0
-1.8256166 5.2438464 2.98369191 0.0 14.0
0.48359084 2.7408485 1.650469491 0.0 14.0
0.48359084 2.7408485 1.650469492 0.0 15.0
3.650013 2.6595373 -0.1776652392 0.0 15.0
-2.0959227 8.887676 3.139752193 1.0 13.0
0.3073666 11.269661 1.752212393 1.0 13.0
0.3073666 11.269661 1.752212394 0.0 14.0
3.4737887 11.18835 -0.0759223794 0.0 14.0
3.4737887 11.18835 -0.0759223795 0.0 15.0
5.782996 8.685352 -1.409143995 0.0 15.0
-2.0959227 8.887676 3.139752196 3.0 13.0
0.679157 11.269661 3.139752196 3.0 13.0
0.679157 11.269661 3.139752197 2.0 14.0
3.4542367 13.651646 3.139752197 2.0 14.0
3.4542367 13.651646 3.139752198 1.0 15.0
5.857526 16.03363 1.752212398 1.0 15.0
5.857526 16.03363 1.752212399 0.0 16.0
6.2678514 19.659983 1.515310699 0.0 16.0
6.2678514 19.659983 1.5153106100 0.0 17.0
4.475238 22.674995 2.5502763100 0.0 17.0
3.4542367 13.651646 3.1397521101 1.0 15.0
0.37601542 14.512452 4.916964101 1.0 15.0
0.37601542 14.512452 4.916964102 0.0 16.0
-1.4165978 17.527464 5.95193102 0.0 16.0
-1.4165978 17.527464 5.95193103 0.0 17.0
-1.0062723 21.153816 5.7150283103 0.0 17.0
2.7180421 12.424669 0.0104 7.0 9.0
2.9883482 8.78084 -0.15606128104 7.0 9.0
2.9883482 8.78084 -0.15606128105 6.0 10.0
3.2586544 5.13701 -0.31212255105 6.0 10.0
3.2586544 5.13701 -0.31212255106 1.0 11.0
3.5289605 1.4931803 -0.46818382106 1.0 11.0
3.5289605 1.4931803 -0.46818382107 0.0 12.0
5.838168 -1.0098176 -1.8014054107 0.0 12.0
5.838168 -1.0098176 -1.8014054108 0.0 13.0
9.00459 -1.091129 -3.62954108 0.0 13.0
3.2586544 5.13701 -0.31212255109 1.0 11.0
5.6619434 7.518995 -1.6996624109 1.0 11.0
5.6619434 7.518995 -1.6996624110 0.0 12.0
8.828365 7.4376836 -3.5277972110 0.0 12.0
8.828365 7.4376836 -3.5277972111 0.0 13.0
11.137573 4.9346857 -4.8610187111 0.0 13.0
3.2586544 5.13701 -0.31212255112 5.0 11.0
5.9250975 2.6340122 -0.31212255112 5.0 11.0
5.9250975 2.6340122 -0.31212255113 4.0 12.0
8.59154 0.13101435 -0.31212255113 4.0 12.0
8.59154 0.13101435 -0.31212255114 1.0 13.0
10.900747 -2.3719835 -1.6453441114 1.0 13.0
10.900747 -2.3719835 -1.6453441115 0.0 14.0
14.067169 -2.4532948 -3.4734788115 0.0 14.0
14.067169 -2.4532948 -3.4734788116 0.0 15.0
16.470459 -0.07131004 -4.8610187116 0.0 15.0
8.59154 0.13101435 -0.31212255117 1.0 13.0
9.001866 3.7573662 -0.54902416117 1.0 13.0
9.001866 3.7573662 -0.54902416118 0.0 14.0
11.405155 6.139351 -1.936564118 0.0 14.0
11.405155 6.139351 -1.936564119 0.0 15.0
14.571577 6.0580397 -3.7646985119 0.0 15.0
8.59154 0.13101435 -0.31212255120 3.0 13.0
12.247809 0.04970304 -0.31212255120 3.0 13.0
12.247809 0.04970304 -0.31212255121 2.0 14.0
15.9040785 -0.03160827 -0.31212255121 2.0 14.0
15.9040785 -0.03160827 -0.31212255122 1.0 15.0
19.070501 -0.11291958 -2.1402571122 1.0 15.0
19.070501 -0.11291958 -2.1402571123 0.0 16.0
21.473791 2.2690651 -3.527797123 0.0 16.0
21.473791 2.2690651 -3.527797124 0.0 17.0
21.884117 5.895417 -3.7646985124 0.0 17.0
15.9040785 -0.03160827 -0.31212255125 1.0 15.0
14.111465 2.9834042 0.72284317125 1.0 15.0
14.111465 2.9834042 0.72284317126 0.0 16.0
14.521791 6.609756 0.4859416126 0.0 16.0
14.521791 6.609756 0.4859416127 0.0 17.0
16.925081 8.991741 -0.9015983127 0.0 17.0
2.7180421 12.424669 0.0128 19.0 9.0
-0.00106287 14.300002 1.5698761128 19.0 9.0
-0.00106287 14.300002 1.5698761129 18.0 10.0
-2.7201679 16.175335 3.1397521129 18.0 10.0
-2.7201679 16.175335 3.1397521130 1.0 11.0
-5.439273 18.050669 4.709628130 1.0 11.0
-5.439273 18.050669 4.709628131 0.0 12.0
-8.547592 17.348728 6.504217131 0.0 12.0
-8.547592 17.348728 6.504217132 0.0 13.0
-10.454511 14.428717 7.605177132 0.0 13.0
-2.7201679 16.175335 3.1397521133 1.0 11.0
-2.4498618 12.531506 2.983691133 1.0 11.0
-2.4498618 12.531506 2.983691134 0.0 12.0
-4.35678 9.611494 4.084651134 0.0 12.0
-4.35678 9.611494 4.084651135 0.0 13.0
-7.4650993 8.909554 5.87924135 0.0 13.0
-2.7201679 16.175335 3.1397521136 17.0 11.0
-4.9220877 13.255323 3.1397521136 17.0 11.0
-4.9220877 13.255323 3.1397521137 16.0 12.0
-7.124007 10.335312 3.1397521137 16.0 12.0
-7.124007 10.335312 3.1397521138 1.0 13.0
-9.030926 7.4153004 4.240712138 1.0 13.0
-9.030926 7.4153004 4.240712139 0.0 14.0
-8.76062 3.7714705 4.084651139 0.0 14.0
-8.76062 3.7714705 4.084651140 0.0 15.0
-6.4514127 1.2684727 2.7514296140 0.0 15.0
-7.124007 10.335312 3.1397521141 1.0 13.0
-3.957585 10.254001 1.3116175141 1.0 13.0
-3.957585 10.254001 1.3116175142 0.0 14.0
-1.6483777 7.751003 -0.021604061142 0.0 14.0
-1.6483777 7.751003 -0.021604061143 0.0 15.0
-1.3780715 4.107173 -0.17766534143 0.0 15.0
-7.124007 10.335312 3.1397521144 7.0 13.0
-4.8148 7.832314 1.8065306144 7.0 13.0
-4.8148 7.832314 1.8065306145 6.0 14.0
-2.5055923 5.329316 0.47330904145 6.0 14.0
-2.5055923 5.329316 0.47330904146 1.0 15.0
-0.1963849 2.8263183 -0.8599125146 1.0 15.0
-0.1963849 2.8263183 -0.8599125147 0.0 16.0
2.9700372 2.745007 -2.6880472147 0.0 16.0
2.9700372 2.745007 -2.6880472148 0.0 17.0
5.3733263 5.1269917 -4.0755873148 0.0 17.0
-2.5055923 5.329316 0.47330904149 1.0 15.0
-2.0952668 8.9556675 0.23640744149 1.0 15.0
-2.0952668 8.9556675 0.23640744150 0.0 16.0
0.3080225 11.337652 -1.1511325150 0.0 16.0
0.3080225 11.337652 -1.1511325151 0.0 17.0
3.4744446 11.256341 -2.9792671151 0.0 17.0
-2.5055923 5.329316 0.47330904152 5.0 15.0
-2.031789 8.9556675 0.47330904152 5.0 15.0
-2.031789 8.9556675 0.47330904153 4.0 16.0
-1.5579859 12.58202 0.47330904153 4.0 16.0
-1.5579859 12.58202 0.47330904154 1.0 17.0
-1.1476603 16.208372 0.23640744154 1.0 17.0
-1.1476603 16.208372 0.23640744155 0.0 18.0
-2.9402735 19.223385 1.2713732155 0.0 18.0
-2.9402735 19.223385 1.2713732156 0.0 19.0
-6.0184946 20.08419 3.0485852156 0.0 19.0
-1.5579859 12.58202 0.47330904157 1.0 17.0
-4.346603 10.848121 2.0833178157 1.0 17.0
-4.346603 10.848121 2.0833178158 0.0 18.0
-7.424824 11.708927 3.86053158 0.0 18.0
-7.424824 11.708927 3.86053159 0.0 19.0
-9.217438 14.72394 4.8954954159 0.0 19.0
-1.5579859 12.58202 0.47330904160 3.0 17.0
-4.778003 10.848121 0.47330904160 3.0 17.0
-4.778003 10.848121 0.47330904161 2.0 18.0
-7.9980206 9.114222 0.47330904161 2.0 18.0
-7.9980206 9.114222 0.47330904162 1.0 19.0
-10.786637 7.3803225 2.0833178162 1.0 19.0
-10.786637 7.3803225 2.0833178163 0.0 20.0
-11.858636 3.9390035 2.7022362163 0.0 20.0
-11.858636 3.9390035 2.7022362164 0.0 21.0
-10.665443 0.55128455 2.0133464164 0.0 21.0
-7.9980206 9.114222 0.47330904165 1.0 19.0
-5.1502285 7.513694 -1.1708646165 1.0 19.0
-5.1502285 7.513694 -1.1708646166 0.0 20.0
-3.9570365 4.1259747 -1.8597543166 0.0 20.0
-3.9570365 4.1259747 -1.8597543167 0.0 21.0
-5.0290346 0.68465567 -1.2408359167 0.0 21.0
-7.124007 10.335312 3.1397521168 7.0 13.0
-6.7136817 13.961664 2.9028506168 7.0 13.0
-6.7136817 13.961664 2.9028506169 6.0 14.0
-6.303356 17.588017 2.665949169 6.0 14.0
-6.303356 17.588017 2.665949170 1.0 15.0
-5.8930306 21.214369 2.4290476170 1.0 15.0
-5.8930306 21.214369 2.4290476171 0.0 16.0
-7.685644 24.229382 3.4640133171 0.0 16.0
-7.685644 24.229382 3.4640133172 0.0 17.0
-10.763865 25.090187 5.2412252172 0.0 17.0
-6.303356 17.588017 2.665949173 1.0 15.0
-9.091973 15.854117 4.275958173 1.0 15.0
-9.091973 15.854117 4.275958174 0.0 16.0
-12.170195 16.714924 6.05317174 0.0 16.0
-12.170195 16.714924 6.05317175 0.0 17.0
-13.962808 19.729937 7.0881357175 0.0 17.0
-6.303356 17.588017 2.665949176 5.0 15.0
-8.373287 20.60303 2.665949176 5.0 15.0
-8.373287 20.60303 2.665949177 4.0 16.0
-10.443218 23.618042 2.665949177 4.0 16.0
-10.443218 23.618042 2.665949178 1.0 17.0
-12.235831 26.633055 3.7009149178 1.0 17.0
-12.235831 26.633055 3.7009149179 0.0 18.0
-15.314053 27.49386 5.478127179 0.0 18.0
-15.314053 27.49386 5.478127180 0.0 19.0
-18.102669 25.759962 7.0881357180 0.0 19.0
-10.443218 23.618042 2.665949181 1.0 17.0
-11.515217 20.176723 3.2848675181 1.0 17.0
-11.515217 20.176723 3.2848675182 0.0 18.0
-14.303834 18.442825 4.8948765182 0.0 18.0
-14.303834 18.442825 4.8948765183 0.0 19.0
-17.382055 19.30363 6.6720886183 0.0 19.0
-10.443218 23.618042 2.665949184 3.0 17.0
-13.9976425 24.478848 2.665949184 3.0 17.0
-13.9976425 24.478848 2.665949185 2.0 18.0
-17.552067 25.339653 2.665949185 2.0 18.0
-17.552067 25.339653 2.665949186 1.0 19.0
-20.630287 26.200459 4.443161186 1.0 19.0
-20.630287 26.200459 4.443161187 0.0 20.0
-23.418903 24.46656 6.0531697187 0.0 20.0
-23.418903 24.46656 6.0531697188 0.0 21.0
-24.490902 21.025242 6.672088188 0.0 21.0
-17.552067 25.339653 2.665949189 1.0 19.0
-16.358875 21.951935 1.9770594189 1.0 19.0
-16.358875 21.951935 1.9770594190 0.0 20.0
-17.430874 18.510616 2.5959778190 0.0 20.0
-17.430874 18.510616 2.5959778191 0.0 21.0
-20.21949 16.776718 4.2059865191 0.0 21.0
-7.124007 10.335312 3.1397521192 15.0 13.0
-6.650204 13.961664 3.1397521192 15.0 13.0
-6.650204 13.961664 3.1397521193 14.0 14.0
-6.176401 17.588017 3.1397521193 14.0 14.0
-6.176401 17.588017 3.1397521194 1.0 15.0
-5.7660756 21.214369 2.9028506194 1.0 15.0
-5.7660756 21.214369 2.9028506195 0.0 16.0
-7.558689 24.229382 3.9378164195 0.0 16.0
-7.558689 24.229382 3.9378164196 0.0 17.0
-10.63691 25.090187 5.7150283196 0.0 17.0
-6.176401 17.588017 3.1397521197 1.0 15.0
-8.965018 15.854117 4.7497606197 1.0 15.0
-8.965018 15.854117 4.7497606198 0.0 16.0
-12.04324 16.714924 6.526973198 0.0 16.0
-12.04324 16.714924 6.526973199 0.0 17.0
-13.835853 19.729937 7.5619383199 0.0 17.0
-6.176401 17.588017 3.1397521200 13.0 15.0
-9.730825 18.448822 3.1397521200 13.0 15.0
-9.730825 18.448822 3.1397521201 12.0 16.0
-13.28525 19.309628 3.1397521201 12.0 16.0
-13.28525 19.309628 3.1397521202 1.0 17.0
-16.363472 20.170433 4.916964202 1.0 17.0
-16.363472 20.170433 4.916964203 0.0 18.0
-19.152088 18.436535 6.526973203 0.0 18.0
-19.152088 18.436535 6.526973204 0.0 19.0
-20.224087 14.995216 7.145891204 0.0 19.0
-13.28525 19.309628 3.1397521205 1.0 17.0
-12.092057 15.921908 2.4508624205 1.0 17.0
-12.092057 15.921908 2.4508624206 0.0 18.0
-13.164056 12.480589 3.0697808206 0.0 18.0
-13.164056 12.480589 3.0697808207 0.0 19.0
-15.952673 10.74669 4.6797895207 0.0 19.0
-13.28525 19.309628 3.1397521208 7.0 17.0
-14.357248 15.868309 3.7586706208 7.0 17.0
-14.357248 15.868309 3.7586706209 6.0 18.0
-15.429247 12.4269905 4.377589209 6.0 18.0
-15.429247 12.4269905 4.377589210 1.0 19.0
-16.501245 8.985672 4.9965076210 1.0 19.0
-16.501245 8.985672 4.9965076211 0.0 20.0
-15.308053 5.597953 4.3076177211 0.0 20.0
-15.308053 5.597953 4.3076177212 0.0 21.0
-12.46026 3.997425 2.663444212 0.0 21.0
-15.429247 12.4269905 4.377589213 1.0 19.0
-12.38415 13.43269 2.6195016213 1.0 19.0
-12.38415 13.43269 2.6195016214 0.0 20.0
-9.536357 11.832162 0.97532797214 0.0 20.0
-9.536357 11.832162 0.97532797215 0.0 21.0
-8.343164 8.444443 0.28643817215 0.0 21.0
-15.429247 12.4269905 4.377589216 5.0 19.0
-11.913072 13.43269 4.377589216 5.0 19.0
-11.913072 13.43269 4.377589217 4.0 20.0
-8.396896 14.438389 4.377589217 4.0 20.0
-8.396896 14.438389 4.377589218 1.0 21.0
-5.3517995 15.444088 2.6195016218 1.0 21.0
-5.3517995 15.444088 2.6195016219 0.0 22.0
-3.66766 18.541368 1.6471632219 0.0 22.0
-3.66766 18.541368 1.6471632220 0.0 23.0
-4.2063 22.145266 1.9581469220 0.0 23.0
-8.396896 14.438389 4.377589221 1.0 21.0
-10.882678 16.704685 5.812756221 1.0 21.0
-10.882678 16.704685 5.812756222 0.0 22.0
-11.421318 20.308582 6.1237397222 0.0 22.0
-11.421318 20.308582 6.1237397223 0.0 23.0
-9.737179 23.405863 5.1514015223 0.0 23.0
-8.396896 14.438389 4.377589224 3.0 21.0
-11.26723 16.704685 4.377589224 3.0 21.0
-11.26723 16.704685 4.377589225 2.0 22.0
-14.137564 18.970982 4.377589225 2.0 22.0
-14.137564 18.970982 4.377589226 1.0 23.0
-16.623344 21.237278 5.812756226 1.0 23.0
-16.623344 21.237278 5.812756227 0.0 24.0
-19.784224 21.006247 7.6376905227 0.0 24.0
-19.784224 21.006247 7.6376905228 0.0 25.0
-22.00269 18.396112 8.918522228 0.0 25.0
-14.137564 18.970982 4.377589229 1.0 23.0
-14.278364 15.317424 4.4588804229 1.0 23.0
-14.278364 15.317424 4.4588804230 0.0 24.0
-16.49683 12.70729 5.7397118230 0.0 24.0
-16.49683 12.70729 5.7397118231 0.0 25.0
-19.65771 12.476259 7.5646462231 0.0 25.0
-13.28525 19.309628 3.1397521232 7.0 17.0
-10.240152 20.315327 1.3816646232 7.0 17.0
-10.240152 20.315327 1.3816646233 6.0 18.0
-7.1950555 21.321026 -0.37642288233 6.0 18.0
-7.1950555 21.321026 -0.37642288234 1.0 19.0
-4.1499586 22.326725 -2.1345105234 1.0 19.0
-4.1499586 22.326725 -2.1345105235 0.0 20.0
-2.4658191 25.424006 -3.106849235 0.0 20.0
-2.4658191 25.424006 -3.106849236 0.0 21.0
-3.004459 29.027903 -2.7958653236 0.0 21.0
-7.1950555 21.321026 -0.37642288237 1.0 19.0
-9.680838 23.587322 1.0587438237 1.0 19.0
-9.680838 23.587322 1.0587438238 0.0 20.0
-10.219478 27.19122 1.3697276238 0.0 20.0
-10.219478 27.19122 1.3697276239 0.0 21.0
-8.535338 30.2885 0.39738923239 0.0 21.0
-7.1950555 21.321026 -0.37642288240 5.0 19.0
-5.2503786 24.418306 -0.37642288240 5.0 19.0
-5.2503786 24.418306 -0.37642288241 4.0 20.0
-3.3057017 27.515587 -0.37642288241 4.0 20.0
-3.3057017 27.515587 -0.37642288242 1.0 21.0
-1.6215622 30.612867 -1.3487613242 1.0 21.0
-1.6215622 30.612867 -1.3487613243 0.0 22.0
-2.160202 34.216766 -1.0377775243 0.0 22.0
-2.160202 34.216766 -1.0377775244 0.0 23.0
-4.6459837 36.483063 0.39738917244 0.0 23.0
-3.3057017 27.515587 -0.37642288245 1.0 21.0
-6.4665804 27.284555 1.4485115245 1.0 21.0
-6.4665804 27.284555 1.4485115246 0.0 22.0
-8.952362 29.550852 2.8836782246 0.0 22.0
-8.952362 29.550852 2.8836782247 0.0 23.0
-9.491002 33.154747 3.1946619247 0.0 23.0
-3.3057017 27.515587 -0.37642288248 3.0 21.0
-3.9276693 31.119484 -0.37642288248 3.0 21.0
-3.9276693 31.119484 -0.37642288249 2.0 22.0
-4.549637 34.72338 -0.37642288249 2.0 22.0
-4.549637 34.72338 -0.37642288250 1.0 23.0
-5.0882764 38.32728 -0.065439135250 1.0 23.0
-5.0882764 38.32728 -0.065439135251 0.0 24.0
-7.574058 40.593575 1.3697276251 0.0 24.0
-7.574058 40.593575 1.3697276252 0.0 25.0
-10.734937 40.362545 3.194662252 0.0 25.0
-4.549637 34.72338 -0.37642288253 1.0 23.0
-6.768102 32.113247 0.9044087253 1.0 23.0
-6.768102 32.113247 0.9044087254 0.0 24.0
-9.928981 31.882215 2.729343254 0.0 24.0
-9.928981 31.882215 2.729343255 0.0 25.0
-12.4147625 34.148514 4.16451255 0.0 25.0
-13.28525 19.309628 3.1397521256 11.0 17.0
-9.769074 20.315327 3.1397521256 11.0 17.0
-9.769074 20.315327 3.1397521257 10.0 18.0
-6.252899 21.321026 3.1397521257 10.0 18.0
-6.252899 21.321026 3.1397521258 1.0 19.0
-3.2078023 22.326725 1.3816646258 1.0 19.0
-3.2078023 22.326725 1.3816646259 0.0 20.0
-1.5236628 25.424006 0.40932626259 0.0 20.0
-1.5236628 25.424006 0.40932626260 0.0 21.0
-2.0623026 29.027903 0.72031260 0.0 21.0
-6.252899 21.321026 3.1397521261 1.0 19.0
-8.738681 23.587322 4.5749187261 1.0 19.0
-8.738681 23.587322 4.5749187262 0.0 20.0
-9.277321 27.19122 4.8859024262 0.0 20.0
-9.277321 27.19122 4.8859024263 0.0 21.0
-7.5931816 30.2885 3.913564263 0.0 21.0
-6.252899 21.321026 3.1397521264 9.0 19.0
-6.8748665 24.924923 3.1397521264 9.0 19.0
-6.8748665 24.924923 3.1397521265 8.0 20.0
-7.496834 28.52882 3.1397521265 8.0 20.0
-7.496834 28.52882 3.1397521266 1.0 21.0
-8.035474 32.132717 3.4507358266 1.0 21.0
-8.035474 32.132717 3.4507358267 0.0 22.0
-10.5212555 34.399014 4.8859024267 0.0 22.0
-10.5212555 34.399014 4.8859024268 0.0 23.0
-13.682135 34.167984 6.710837268 0.0 23.0
-7.496834 28.52882 3.1397521269 1.0 21.0
-9.7153 25.918686 4.4205837269 1.0 21.0
-9.7153 25.918686 4.4205837270 0.0 22.0
-12.876179 25.687654 6.245518270 0.0 22.0
-12.876179 25.687654 6.245518271 0.0 23.0
-15.36196 27.95395 7.680685271 0.0 23.0
-7.496834 28.52882 3.1397521272 7.0 21.0
-10.657713 28.297789 4.9646864272 7.0 21.0
-10.657713 28.297789 4.9646864273 6.0 22.0
-13.818592 28.066757 6.789621273 6.0 22.0
-13.818592 28.066757 6.789621274 1.0 23.0
-16.979471 27.835726 8.614555274 1.0 23.0
-16.979471 27.835726 8.614555275 0.0 24.0
-19.197937 25.225592 9.895387275 0.0 24.0
-19.197937 25.225592 9.895387276 0.0 25.0
-19.338737 21.572033 9.976678276 0.0 25.0
-13.818592 28.066757 6.789621277 1.0 23.0
-11.809676 25.239405 5.6297727277 1.0 23.0
-11.809676 25.239405 5.6297727278 0.0 24.0
-11.950477 21.585846 5.711064278 0.0 24.0
-11.950477 21.585846 5.711064279 0.0 25.0
-14.1689415 18.975712 6.9918957279 0.0 25.0
-13.818592 28.066757 6.789621280 5.0 23.0
-11.498896 25.239405 6.789621280 5.0 23.0
-11.498896 25.239405 6.789621281 4.0 24.0
-9.179199 22.412052 6.789621281 4.0 24.0
-9.179199 22.412052 6.789621282 1.0 25.0
-7.1702833 19.5847 5.6297727282 1.0 25.0
-7.1702833 19.5847 5.6297727283 0.0 26.0
-4.03967 19.030388 3.8223119283 0.0 26.0
-4.03967 19.030388 3.8223119284 0.0 27.0
-1.3893821 21.032774 2.2921674284 0.0 27.0
-9.179199 22.412052 6.789621285 1.0 25.0
-8.365464 25.946459 6.319811285 1.0 25.0
-8.365464 25.946459 6.319811286 0.0 26.0
-5.7151766 27.948845 4.789666286 0.0 26.0
-5.7151766 27.948845 4.789666287 0.0 27.0
-2.584563 27.394533 2.9822054287 0.0 27.0
-9.179199 22.412052 6.789621288 3.0 25.0
-8.239579 25.946459 6.789621288 3.0 25.0
-8.239579 25.946459 6.789621289 2.0 26.0
-7.299959 29.480865 6.789621289 2.0 26.0
-7.299959 29.480865 6.789621290 1.0 27.0
-6.486224 33.015274 6.319811290 1.0 27.0
-6.486224 33.015274 6.319811291 0.0 28.0
-7.925453 36.273045 7.15075291 0.0 28.0
-7.925453 36.273045 7.15075292 0.0 29.0
-10.881152 37.58709 8.8572235292 0.0 29.0
-7.299959 29.480865 6.789621293 1.0 27.0
-10.259613 28.178747 8.498378293 1.0 27.0
-10.259613 28.178747 8.498378294 0.0 28.0
-13.215312 29.49279 10.204851294 0.0 28.0
-13.215312 29.49279 10.204851295 0.0 29.0
-14.654541 32.75056 11.03579295 0.0 29.0
-7.496834 28.52882 3.1397521296 7.0 21.0
-5.487918 25.701468 1.9799039296 7.0 21.0
-5.487918 25.701468 1.9799039297 6.0 22.0
-3.479002 22.874115 0.8200557297 6.0 22.0
-3.479002 22.874115 0.8200557298 1.0 23.0
-1.4700861 20.046762 -0.3397925298 1.0 23.0
-1.4700861 20.046762 -0.3397925299 0.0 24.0
1.6605275 19.49245 -2.147253299 0.0 24.0
1.6605275 19.49245 -2.147253300 0.0 25.0
4.3108153 21.494837 -3.6773975300 0.0 25.0
-3.479002 22.874115 0.8200557301 1.0 23.0
-2.665267 26.408522 0.35024562301 1.0 23.0
-2.665267 26.408522 0.35024562302 0.0 24.0
-0.014979124 28.410908 -1.1798989302 0.0 24.0
-0.014979124 28.410908 -1.1798989303 0.0 25.0
3.1156344 27.856596 -2.9873595303 0.0 25.0
-3.479002 22.874115 0.8200557304 5.0 23.0
0.13591933 22.319803 0.8200557304 5.0 23.0
0.13591933 22.319803 0.8200557305 4.0 24.0
3.7508407 21.765491 0.8200557305 4.0 24.0
3.7508407 21.765491 0.8200557306 1.0 25.0
6.8814545 21.21118 -0.98740494306 1.0 25.0
6.8814545 21.21118 -0.98740494307 0.0 26.0
9.531742 23.213566 -2.5175495307 0.0 26.0
9.531742 23.213566 -2.5175495308 0.0 27.0
10.345477 26.747972 -2.9873595308 0.0 27.0
3.7508407 21.765491 0.8200557309 1.0 25.0
2.3116117 25.023264 1.650995309 1.0 25.0
2.3116117 25.023264 1.650995310 0.0 26.0
3.1253467 28.55767 1.1811849310 0.0 26.0
3.1253467 28.55767 1.1811849311 0.0 27.0
5.775635 30.560057 -0.34895957311 0.0 27.0
3.7508407 21.765491 0.8200557312 3.0 25.0
6.8111296 23.767878 0.8200557312 3.0 25.0
6.8111296 23.767878 0.8200557313 2.0 26.0
9.871418 25.770264 0.8200557313 2.0 26.0
9.871418 25.770264 0.8200557314 1.0 27.0
12.521706 27.77265 -0.71008873314 1.0 27.0
12.521706 27.77265 -0.71008873315 0.0 28.0
13.335441 31.307056 -1.1798989315 0.0 28.0
13.335441 31.307056 -1.1798989316 0.0 29.0
11.896212 34.564827 -0.34895962316 0.0 29.0
9.871418 25.770264 0.8200557317 1.0 27.0
6.915719 27.084307 2.5265293317 1.0 27.0
6.915719 27.084307 2.5265293318 0.0 28.0
5.47649 30.34208 3.3574686318 0.0 28.0
5.47649 30.34208 3.3574686319 0.0 29.0
6.290225 33.876488 2.8876586319 0.0 29.0
2.7180421 12.424669 0.0320 19.0 9.0
2.9883482 8.78084 -0.15606128320 19.0 9.0
2.9883482 8.78084 -0.15606128321 18.0 10.0
3.2586544 5.13701 -0.31212255321 18.0 10.0
3.2586544 5.13701 -0.31212255322 1.0 11.0
3.5289605 1.4931803 -0.46818382322 1.0 11.0
3.5289605 1.4931803 -0.46818382323 0.0 12.0
5.838168 -1.0098176 -1.8014054323 0.0 12.0
5.838168 -1.0098176 -1.8014054324 0.0 13.0
9.00459 -1.091129 -3.62954324 0.0 13.0
3.2586544 5.13701 -0.31212255325 1.0 11.0
5.6619434 7.518995 -1.6996624325 1.0 11.0
5.6619434 7.518995 -1.6996624326 0.0 12.0
8.828365 7.4376836 -3.5277972326 0.0 12.0
8.828365 7.4376836 -3.5277972327 0.0 13.0
11.137573 4.9346857 -4.8610187327 0.0 13.0
3.2586544 5.13701 -0.31212255328 17.0 11.0
6.9149237 5.055699 -0.31212255328 17.0 11.0
6.9149237 5.055699 -0.31212255329 16.0 12.0
10.571193 4.9743876 -0.31212255329 16.0 12.0
10.571193 4.9743876 -0.31212255330 1.0 13.0
13.737615 4.8930764 -2.1402571330 1.0 13.0
13.737615 4.8930764 -2.1402571331 0.0 14.0
16.140903 7.275061 -3.527797331 0.0 14.0
16.140903 7.275061 -3.527797332 0.0 15.0
16.55123 10.901413 -3.7646985332 0.0 15.0
10.571193 4.9743876 -0.31212255333 1.0 13.0
8.77858 7.9894 0.72284317333 1.0 13.0
8.77858 7.9894 0.72284317334 0.0 14.0
9.188906 11.615751 0.4859416334 0.0 14.0
9.188906 11.615751 0.4859416335 0.0 15.0
11.5921955 13.997736 -0.9015983335 0.0 15.0
10.571193 4.9743876 -0.31212255336 7.0 13.0
10.981519 8.6007395 -0.54902416336 7.0 13.0
10.981519 8.6007395 -0.54902416337 6.0 14.0
11.391845 12.227091 -0.78592575337 6.0 14.0
11.391845 12.227091 -0.78592575338 1.0 15.0
11.802171 15.853443 -1.0228274338 1.0 15.0
11.802171 15.853443 -1.0228274339 0.0 16.0
10.009558 18.868456 0.012138367339 0.0 16.0
10.009558 18.868456 0.012138367340 0.0 17.0
6.9313364 19.729261 1.7893504340 0.0 17.0
11.391845 12.227091 -0.78592575341 1.0 15.0
8.603228 10.493192 0.824083341 1.0 15.0
8.603228 10.493192 0.824083342 0.0 16.0
5.5250063 11.353998 2.601295342 0.0 16.0
5.5250063 11.353998 2.601295343 0.0 17.0
3.732393 14.369011 3.6362607343 0.0 17.0
11.391845 12.227091 -0.78592575344 5.0 15.0
8.171827 10.493192 -0.78592575344 5.0 15.0
8.171827 10.493192 -0.78592575345 4.0 16.0
4.95181 8.759293 -0.78592575345 4.0 16.0
4.95181 8.759293 -0.78592575346 1.0 17.0
2.163193 7.0253935 0.824083346 1.0 17.0
2.163193 7.0253935 0.824083347 0.0 18.0
1.0911947 3.5840745 1.4430015347 0.0 18.0
1.0911947 3.5840745 1.4430015348 0.0 19.0
2.2843869 0.19635558 0.7541117348 0.0 19.0
4.95181 8.759293 -0.78592575349 1.0 17.0
7.7996025 7.158765 -2.4300995349 1.0 17.0
7.7996025 7.158765 -2.4300995350 0.0 18.0
8.992795 3.771046 -3.1189892350 0.0 18.0
8.992795 3.771046 -3.1189892351 0.0 19.0
7.920797 0.32972693 -2.5000708351 0.0 19.0
4.95181 8.759293 -0.78592575352 3.0 17.0
8.240157 7.158765 -0.78592575352 3.0 17.0
8.240157 7.158765 -0.78592575353 2.0 18.0
11.528504 5.558237 -0.78592575353 2.0 18.0
11.528504 5.558237 -0.78592575354 1.0 19.0
14.376297 3.9577093 -2.4300995354 1.0 19.0
14.376297 3.9577093 -2.4300995355 0.0 20.0
17.421394 4.963408 -4.188187355 0.0 20.0
17.421394 4.963408 -4.188187356 0.0 21.0
19.105534 8.060689 -5.1605253356 0.0 21.0
11.528504 5.558237 -0.78592575357 1.0 19.0
10.989864 9.162134 -0.474942357 1.0 19.0
10.989864 9.162134 -0.474942358 0.0 20.0
12.674004 12.259415 -1.4472804358 0.0 20.0
12.674004 12.259415 -1.4472804359 0.0 21.0
15.719101 13.265114 -3.205368359 0.0 21.0
10.571193 4.9743876 -0.31212255360 7.0 13.0
7.7825756 3.2404888 1.2978861360 7.0 13.0
7.7825756 3.2404888 1.2978861361 6.0 14.0
4.9939585 1.5065899 2.9078948361 6.0 14.0
4.9939585 1.5065899 2.9078948362 1.0 15.0
2.2053416 -0.22730899 4.5179033362 1.0 15.0
2.2053416 -0.22730899 4.5179033363 0.0 16.0
1.1333433 -3.668628 5.1368217363 0.0 16.0
1.1333433 -3.668628 5.1368217364 0.0 17.0
2.3265355 -7.056347 4.447932364 0.0 17.0
4.9939585 1.5065899 2.9078948365 1.0 15.0
7.841751 -0.093937755 1.2637212365 1.0 15.0
7.841751 -0.093937755 1.2637212366 0.0 16.0
9.034944 -3.4816566 0.5748314366 0.0 16.0
9.034944 -3.4816566 0.5748314367 0.0 17.0
7.9629455 -6.9229755 1.1937499367 0.0 17.0
4.9939585 1.5065899 2.9078948368 5.0 15.0
3.7561216 -1.9347291 2.9078948368 5.0 15.0
3.7561216 -1.9347291 2.9078948369 4.0 16.0
2.5182848 -5.376048 2.9078948369 4.0 16.0
2.5182848 -5.376048 2.9078948370 1.0 17.0
1.4462866 -8.817368 3.5268133370 1.0 17.0
1.4462866 -8.817368 3.5268133371 0.0 18.0
2.6394787 -12.205087 2.8379235371 0.0 18.0
2.6394787 -12.205087 2.8379235372 0.0 19.0
5.4872713 -13.805614 1.1937499372 0.0 19.0
2.5182848 -5.376048 2.9078948373 1.0 17.0
5.5633817 -4.3703494 1.1498073373 1.0 17.0
5.5633817 -4.3703494 1.1498073374 0.0 18.0
8.411174 -5.970877 -0.4943663374 0.0 18.0
8.411174 -5.970877 -0.4943663375 0.0 19.0
9.604366 -9.358596 -1.1832561375 0.0 19.0
2.5182848 -5.376048 2.9078948376 3.0 17.0
3.8960643 -8.763767 2.9078948376 3.0 17.0
3.8960643 -8.763767 2.9078948377 2.0 18.0
5.273844 -12.151486 2.9078948377 2.0 18.0
5.273844 -12.151486 2.9078948378 1.0 19.0
6.467036 -15.539206 2.219005378 1.0 19.0
6.467036 -15.539206 2.219005379 0.0 20.0
9.314828 -17.139732 0.5748315379 0.0 20.0
9.314828 -17.139732 0.5748315380 0.0 21.0
12.359924 -16.134033 -1.183256380 0.0 21.0
5.273844 -12.151486 2.9078948381 1.0 19.0
6.957983 -9.054205 1.9355564381 1.0 19.0
6.957983 -9.054205 1.9355564382 0.0 20.0
10.00308 -8.048506 0.1774689382 0.0 20.0
10.00308 -8.048506 0.1774689383 0.0 21.0
12.850873 -9.649034 -1.4667047383 0.0 21.0
10.571193 4.9743876 -0.31212255384 15.0 13.0
8.501261 7.9894 -0.31212255384 15.0 13.0
8.501261 7.9894 -0.31212255385 14.0 14.0
6.4313293 11.004413 -0.31212255385 14.0 14.0
6.4313293 11.004413 -0.31212255386 1.0 15.0
4.6387157 14.019425 0.72284317386 1.0 15.0
4.6387157 14.019425 0.72284317387 0.0 16.0
1.5604944 14.880232 2.5000553387 0.0 16.0
1.5604944 14.880232 2.5000553388 0.0 17.0
-1.2281225 13.146333 4.110064388 0.0 17.0
6.4313293 11.004413 -0.31212255389 1.0 15.0
5.359331 7.5630937 0.30679592389 1.0 15.0
5.359331 7.5630937 0.30679592390 0.0 16.0
2.5707142 5.829195 1.9168047390 0.0 16.0
2.5707142 5.829195 1.9168047391 0.0 17.0
-0.5075071 6.690001 3.6940167391 0.0 17.0
6.4313293 11.004413 -0.31212255392 13.0 15.0
3.2113118 9.270514 -0.31212255392 13.0 15.0
3.2113118 9.270514 -0.31212255393 12.0 16.0
-0.008705616 7.5366144 -0.31212255393 12.0 16.0
-0.008705616 7.5366144 -0.31212255394 1.0 17.0
-2.7973225 5.8027153 1.2978861394 1.0 17.0
-2.7973225 5.8027153 1.2978861395 0.0 18.0
-3.8693209 2.3613963 1.9168046395 0.0 18.0
-3.8693209 2.3613963 1.9168046396 0.0 19.0
-2.6761289 -1.0263226 1.2279148396 0.0 19.0
-0.008705616 7.5366144 -0.31212255397 1.0 17.0
2.8390868 5.9360867 -1.9562962397 1.0 17.0
2.8390868 5.9360867 -1.9562962398 0.0 18.0
4.032279 2.5483677 -2.645186398 0.0 18.0
4.032279 2.5483677 -2.645186399 0.0 19.0
2.960281 -0.89295125 -2.0262675399 0.0 19.0
-0.008705616 7.5366144 -0.31212255400 7.0 17.0
1.1844865 4.1488953 -1.0010123400 7.0 17.0
1.1844865 4.1488953 -1.0010123401 6.0 18.0
2.3776786 0.76117635 -1.6899021401 6.0 18.0
2.3776786 0.76117635 -1.6899021402 1.0 19.0
3.5708709 -2.6265426 -2.3787918402 1.0 19.0
3.5708709 -2.6265426 -2.3787918403 0.0 20.0
6.418663 -4.2270703 -4.0229654403 0.0 20.0
6.418663 -4.2270703 -4.0229654404 0.0 21.0
9.46376 -3.2213717 -5.781053404 0.0 21.0
2.3776786 0.76117635 -1.6899021405 1.0 19.0
4.061818 3.8584573 -2.6622405405 1.0 19.0
4.061818 3.8584573 -2.6622405406 0.0 20.0
7.106915 4.8641562 -4.420328406 0.0 20.0
7.106915 4.8641562 -4.420328407 0.0 21.0
9.954707 3.2636285 -6.064502407 0.0 21.0
2.3776786 0.76117635 -1.6899021408 5.0 19.0
4.3223553 3.8584573 -1.6899021408 5.0 19.0
4.3223553 3.8584573 -1.6899021409 4.0 20.0
6.267032 6.955738 -1.6899021409 4.0 20.0
6.267032 6.955738 -1.6899021410 1.0 21.0
7.951172 10.053019 -2.6622405410 1.0 21.0
7.951172 10.053019 -2.6622405411 0.0 22.0
7.4125323 13.656916 -2.3512568411 0.0 22.0
7.4125323 13.656916 -2.3512568412 0.0 23.0
4.9267507 15.923213 -0.91609013412 0.0 23.0
6.267032 6.955738 -1.6899021413 1.0 21.0
3.1061532 6.724707 0.1350323413 1.0 21.0
3.1061532 6.724707 0.1350323414 0.0 22.0
0.6203716 8.991004 1.570199414 0.0 22.0
0.6203716 8.991004 1.570199415 0.0 23.0
0.081731915 12.594901 1.8811828415 0.0 23.0
6.267032 6.955738 -1.6899021416 3.0 21.0
2.6171634 6.724707 -1.6899021416 3.0 21.0
2.6171634 6.724707 -1.6899021417 2.0 22.0
-1.0327053 6.493676 -1.6899021417 2.0 22.0
-1.0327053 6.493676 -1.6899021418 1.0 23.0
-4.1935844 6.2626452 0.1350323418 1.0 23.0
-4.1935844 6.2626452 0.1350323419 0.0 24.0
-6.41205 3.6525114 1.4158639419 0.0 24.0
-6.41205 3.6525114 1.4158639420 0.0 25.0
-6.5528502 -0.0010464191 1.4971551420 0.0 25.0
-1.0327053 6.493676 -1.6899021421 1.0 23.0
0.9762106 3.666323 -2.8497503421 1.0 23.0
0.9762106 3.666323 -2.8497503422 0.0 24.0
0.8354101 0.012765169 -2.768459422 0.0 24.0
0.8354101 0.012765169 -2.768459423 0.0 25.0
-1.3830552 -2.5973687 -1.4876275423 0.0 25.0
-0.008705616 7.5366144 -0.31212255424 7.0 17.0
1.6754339 10.633896 -1.2844609424 7.0 17.0
1.6754339 10.633896 -1.2844609425 6.0 18.0
3.3595734 13.731176 -2.2567992425 6.0 18.0
3.3595734 13.731176 -2.2567992426 1.0 19.0
5.0437126 16.828457 -3.2291377426 1.0 19.0
5.0437126 16.828457 -3.2291377427 0.0 20.0
4.505073 20.432354 -2.918154427 0.0 20.0
4.505073 20.432354 -2.918154428 0.0 21.0
2.0192914 22.69865 -1.4829873428 0.0 21.0
3.3595734 13.731176 -2.2567992429 1.0 19.0
0.19869447 13.500146 -0.43186486429 1.0 19.0
0.19869447 13.500146 -0.43186486430 0.0 20.0
-2.2870872 15.766443 1.0033019430 0.0 20.0
-2.2870872 15.766443 1.0033019431 0.0 21.0
-2.825727 19.37034 1.3142856431 0.0 21.0
3.3595734 13.731176 -2.2567992432 5.0 19.0
2.7376058 17.335073 -2.2567992432 5.0 19.0
2.7376058 17.335073 -2.2567992433 4.0 20.0
2.1156383 20.93897 -2.2567992433 4.0 20.0
2.1156383 20.93897 -2.2567992434 1.0 21.0
1.5769986 24.542868 -1.9458154434 1.0 21.0
1.5769986 24.542868 -1.9458154435 0.0 22.0
-0.9087831 26.809164 -0.5106487435 0.0 22.0
-0.9087831 26.809164 -0.5106487436 0.0 23.0
-4.069662 26.578133 1.3142856436 0.0 23.0
2.1156383 20.93897 -2.2567992437 1.0 21.0
-0.10282707 18.328836 -0.97596765437 1.0 21.0
-0.10282707 18.328836 -0.97596765438 0.0 22.0
-3.263706 18.097805 0.8489667438 0.0 22.0
-3.263706 18.097805 0.8489667439 0.0 23.0
-5.749488 20.364101 2.2841334439 0.0 23.0
2.1156383 20.93897 -2.2567992440 3.0 21.0
-0.7546952 23.205267 -2.2567992440 3.0 21.0
-0.7546952 23.205267 -2.2567992441 2.0 22.0
-3.6250286 25.471563 -2.2567992441 2.0 22.0
-3.6250286 25.471563 -2.2567992442 1.0 23.0
-6.1108103 27.73786 -0.8216325442 1.0 23.0
-6.1108103 27.73786 -0.8216325443 0.0 24.0
-9.271689 27.506828 1.0033019443 0.0 24.0
-9.271689 27.506828 1.0033019444 0.0 25.0
-11.490154 24.896694 2.2841334444 0.0 25.0
-3.6250286 25.471563 -2.2567992445 1.0 23.0
-3.765829 21.818005 -2.175508445 1.0 23.0
-3.765829 21.818005 -2.175508446 0.0 24.0
-5.9842944 19.20787 -0.89467645446 0.0 24.0
-5.9842944 19.20787 -0.89467645447 0.0 25.0
-9.145173 18.97684 0.9302579447 0.0 25.0
-0.008705616 7.5366144 -0.31212255448 11.0 17.0
3.2796416 5.9360867 -0.31212255448 11.0 17.0
3.2796416 5.9360867 -0.31212255449 10.0 18.0
6.567989 4.335559 -0.31212255449 10.0 18.0
6.567989 4.335559 -0.31212255450 1.0 19.0
9.415781 2.7350311 -1.9562962450 1.0 19.0
9.415781 2.7350311 -1.9562962451 0.0 20.0
12.460878 3.7407298 -3.7143836451 0.0 20.0
12.460878 3.7407298 -3.7143836452 0.0 21.0
14.145018 6.838011 -4.686722452 0.0 21.0
6.567989 4.335559 -0.31212255453 1.0 19.0
6.0293493 7.939456 -0.0011388063453 1.0 19.0
6.0293493 7.939456 -0.0011388063454 0.0 20.0
7.7134886 11.036737 -0.9734772454 0.0 20.0
7.7134886 11.036737 -0.9734772455 0.0 21.0
10.758585 12.042437 -2.7315648455 0.0 21.0
6.567989 4.335559 -0.31212255456 9.0 19.0
8.512666 7.43284 -0.31212255456 9.0 19.0
8.512666 7.43284 -0.31212255457 8.0 20.0
10.457342 10.530121 -0.31212255457 8.0 20.0
10.457342 10.530121 -0.31212255458 1.0 21.0
12.141481 13.627401 -1.2844609458 1.0 21.0
12.141481 13.627401 -1.2844609459 0.0 22.0
11.602841 17.231298 -0.9734771459 0.0 22.0
11.602841 17.231298 -0.9734771460 0.0 23.0
9.11706 19.497595 0.4616896460 0.0 23.0
10.457342 10.530121 -0.31212255461 1.0 21.0
7.296463 10.29909 1.5128118461 1.0 21.0
7.296463 10.29909 1.5128118462 0.0 22.0
4.8106813 12.565388 2.9479785462 0.0 22.0
4.8106813 12.565388 2.9479785463 0.0 23.0
4.272042 16.169285 3.2589622463 0.0 23.0
10.457342 10.530121 -0.31212255464 7.0 21.0
7.9715605 12.796418 1.1230441464 7.0 21.0
7.9715605 12.796418 1.1230441465 6.0 22.0
5.485779 15.062716 2.5582108465 6.0 22.0
5.485779 15.062716 2.5582108466 1.0 23.0
2.9999971 17.329012 3.9933777466 1.0 23.0
2.9999971 17.329012 3.9933777467 0.0 24.0
-0.16088176 17.09798 5.818312467 0.0 24.0
-0.16088176 17.09798 5.818312468 0.0 25.0
-2.379347 14.487846 7.099144468 0.0 25.0
5.485779 15.062716 2.5582108469 1.0 23.0
5.3449783 11.409158 2.639502469 1.0 23.0
5.3449783 11.409158 2.639502470 0.0 24.0
3.126513 8.799024 3.9203336470 0.0 24.0
3.126513 8.799024 3.9203336471 0.0 25.0
-0.034365892 8.567993 5.745268471 0.0 25.0
5.485779 15.062716 2.5582108472 5.0 23.0
5.3231964 11.409158 2.5582108472 5.0 23.0
5.3231964 11.409158 2.5582108473 4.0 24.0
5.160614 7.7556 2.5582108473 4.0 24.0
5.160614 7.7556 2.5582108474 1.0 25.0
5.0198135 4.102042 2.639502474 1.0 25.0
5.0198135 4.102042 2.639502475 0.0 26.0
7.0287294 1.274689 1.4796538475 0.0 26.0
7.0287294 1.274689 1.4796538476 0.0 27.0
10.159343 0.7203769 -0.32780683476 0.0 27.0
5.160614 7.7556 2.5582108477 1.0 25.0
7.8109016 9.757986 1.0280664477 1.0 25.0
7.8109016 9.757986 1.0280664478 0.0 26.0
10.941515 9.203674 -0.77939427478 0.0 26.0
10.941515 9.203674 -0.77939427479 0.0 27.0
12.950431 6.376321 -1.9392425479 0.0 27.0
5.160614 7.7556 2.5582108480 3.0 25.0
8.220903 9.757986 2.5582108480 3.0 25.0
8.220903 9.757986 2.5582108481 2.0 26.0
11.281193 11.760372 2.5582108481 2.0 26.0
11.281193 11.760372 2.5582108482 1.0 27.0
13.93148 13.762758 1.0280664482 1.0 27.0
13.93148 13.762758 1.0280664483 0.0 28.0
14.745215 17.297165 0.55825627483 0.0 28.0
14.745215 17.297165 0.55825627484 0.0 29.0
13.305986 20.554937 1.3891954484 0.0 29.0
11.281193 11.760372 2.5582108485 1.0 27.0
8.325494 13.074415 4.264684485 1.0 27.0
8.325494 13.074415 4.264684486 0.0 28.0
6.886265 16.332188 5.0956235486 0.0 28.0
6.886265 16.332188 5.0956235487 0.0 29.0
7.7 19.866594 4.6258135487 0.0 29.0
10.457342 10.530121 -0.31212255488 7.0 21.0
10.316542 6.876563 -0.23083134488 7.0 21.0
10.316542 6.876563 -0.23083134489 6.0 22.0
10.175741 3.2230053 -0.14954013489 6.0 22.0
10.175741 3.2230053 -0.14954013490 1.0 23.0
10.034941 -0.43055248 -0.06824891490 1.0 23.0
10.034941 -0.43055248 -0.06824891491 0.0 24.0
12.043857 -3.2579057 -1.2280971491 0.0 24.0
12.043857 -3.2579057 -1.2280971492 0.0 25.0
15.17447 -3.8122177 -3.0355577492 0.0 25.0
10.175741 3.2230053 -0.14954013493 1.0 23.0
12.826029 5.2253914 -1.6796846493 1.0 23.0
12.826029 5.2253914 -1.6796846494 0.0 24.0
15.956642 4.671079 -3.4871454494 0.0 24.0
15.956642 4.671079 -3.4871454495 0.0 25.0
17.965557 1.8437259 -4.6469936495 0.0 25.0
10.175741 3.2230053 -0.14954013496 5.0 23.0
12.495438 0.39565206 -0.14954013496 5.0 23.0
12.495438 0.39565206 -0.14954013497 4.0 24.0
14.815134 -2.4317012 -0.14954013497 4.0 24.0
14.815134 -2.4317012 -0.14954013498 1.0 25.0
16.82405 -5.259054 -1.3093884498 1.0 25.0
16.82405 -5.259054 -1.3093884499 0.0 26.0
19.954664 -5.8133664 -3.116849499 0.0 26.0
19.954664 -5.8133664 -3.116849500 0.0 27.0
22.604952 -3.8109803 -4.6469936500 0.0 27.0
14.815134 -2.4317012 -0.14954013501 1.0 25.0
15.628869 1.1027055 -0.6193502501 1.0 25.0
15.628869 1.1027055 -0.6193502502 0.0 26.0
18.279158 3.1050916 -2.1494946502 0.0 26.0
18.279158 3.1050916 -2.1494946503 0.0 27.0
21.409771 2.5507796 -3.9569554503 0.0 27.0
14.815134 -2.4317012 -0.14954013504 3.0 25.0
18.430056 -2.9860132 -0.14954013504 3.0 25.0
18.430056 -2.9860132 -0.14954013505 2.0 26.0
22.044977 -3.5403252 -0.14954013505 2.0 26.0
22.044977 -3.5403252 -0.14954013506 1.0 27.0
25.17559 -4.0946374 -1.9570007506 1.0 27.0
25.17559 -4.0946374 -1.9570007507 0.0 28.0
27.825878 -2.0922513 -3.4871452507 0.0 28.0
27.825878 -2.0922513 -3.4871452508 0.0 29.0
28.639612 1.4421554 -3.9569552508 0.0 29.0
22.044977 -3.5403252 -0.14954013509 1.0 27.0
20.605747 -0.28255343 0.6813991509 1.0 27.0
20.605747 -0.28255343 0.6813991510 0.0 28.0
21.419481 3.2518532 0.21158901510 0.0 28.0
21.419481 3.2518532 0.21158901511 0.0 29.0
24.069769 5.254239 -1.3185555511 0.0 29.0
