0.0 0.0 0.00 60.0 1.0
0.0 0.9154572 0.00 60.0 1.0
0.0 0.9154572 0.01 59.0 2.0
0.0 1.8309144 0.01 59.0 2.0
0.0 1.8309144 0.02 58.0 3.0
0.0 2.7463715 0.02 58.0 3.0
0.0 2.7463715 0.03 57.0 4.0
0.0 3.6618288 0.03 57.0 4.0
0.0 3.6618288 0.04 56.0 5.0
0.0 4.577286 0.04 56.0 5.0
0.0 4.577286 0.05 55.0 6.0
0.0 5.492743 0.05 55.0 6.0
0.0 5.492743 0.06 54.0 7.0
0.0 6.4082003 0.06 54.0 7.0
0.0 6.4082003 0.07 53.0 8.0
0.0 7.3236575 0.07 53.0 8.0
0.0 7.3236575 0.08 52.0 9.0
0.0 8.239115 0.08 52.0 9.0
0.0 8.239115 0.09 51.0 10.0
0.0 9.154572 0.09 51.0 10.0
0.0 9.154572 0.010 50.0 11.0
0.0 10.070028 0.010 50.0 11.0
0.0 10.070028 0.011 49.0 12.0
0.0 10.985485 0.011 49.0 12.0
0.0 10.985485 0.012 48.0 13.0
0.0 11.900942 0.012 48.0 13.0
0.0 11.900942 0.013 47.0 14.0
0.0 12.816399 0.013 47.0 14.0
0.0 12.816399 0.014 46.0 15.0
0.0 13.731855 0.014 46.0 15.0
0.0 13.731855 0.015 45.0 16.0
0.0 14.647312 0.015 45.0 16.0
0.0 14.647312 0.016 28.0 17.0
-0.31817418 15.485812 0.1836979516 28.0 17.0
-0.31817418 15.485812 0.1836979517 27.0 18.0
-0.63634837 16.324312 0.367395917 27.0 18.0
-0.63634837 16.324312 0.367395918 26.0 19.0
-0.95452255 17.162811 0.551093918 26.0 19.0
-0.95452255 17.162811 0.551093919 25.0 20.0
-1.2726967 18.00131 0.734791819 25.0 20.0
-1.2726967 18.00131 0.734791820 24.0 21.0
-1.5908709 18.83981 0.9184897520 24.0 21.0
-1.5908709 18.83981 0.9184897521 23.0 22.0
-1.909045 19.678308 1.102187821 23.0 22.0
-1.909045 19.678308 1.102187822 22.0 23.0
-2.227219 20.516808 1.285885722 22.0 23.0
-2.227219 20.516808 1.285885723 21.0 24.0
-2.5453932 21.355307 1.469583623 21.0 24.0
-2.5453932 21.355307 1.469583624 12.0 25.0
-3.1282473 21.975874 1.806094624 12.0 25.0
-3.1282473 21.975874 1.806094625 11.0 26.0
-3.7111015 22.596441 2.142605825 11.0 26.0
-3.7111015 22.596441 2.142605826 10.0 27.0
-4.293956 23.217009 2.47911726 10.0 27.0
-4.293956 23.217009 2.47911727 9.0 28.0
-4.87681 23.837576 2.81562827 9.0 28.0
-4.87681 23.837576 2.81562828 4.0 29.0
-5.62635 24.135874 3.24837528 4.0 29.0
-5.62635 24.135874 3.24837529 3.0 30.0
-6.37589 24.434172 3.681121829 3.0 30.0
-6.37589 24.434172 3.681121830 0.0 31.0
-7.166096 24.36005 4.137347730 0.0 31.0
-7.166096 24.36005 4.137347731 0.0 32.0
-8.0785475 24.285929 4.137347731 0.0 32.0
-6.37589 24.434172 3.681121832 0.0 31.0
-6.958744 25.054739 4.01763332 0.0 31.0
-6.958744 25.054739 4.01763333 0.0 32.0
-7.6317663 25.675306 4.01763333 0.0 32.0
-6.37589 24.434172 3.681121834 2.0 31.0
-7.2413836 24.73247 3.681121834 2.0 31.0
-7.2413836 24.73247 3.681121835 1.0 32.0
-8.106877 25.030767 3.681121835 1.0 32.0
-8.106877 25.030767 3.681121836 0.0 33.0
-8.972371 25.329065 3.681121836 0.0 33.0
-8.972371 25.329065 3.681121837 0.0 34.0
-9.837865 25.627363 3.681121837 0.0 34.0
-4.87681 23.837576 2.81562838 4.0 29.0
-5.1949844 24.676075 2.99932638 4.0 29.0
-5.1949844 24.676075 2.99932639 3.0 30.0
-5.513159 25.514574 3.18302439 3.0 30.0
-5.513159 25.514574 3.18302440 0.0 31.0
-6.096013 26.135141 3.51953540 0.0 31.0
-6.096013 26.135141 3.51953541 0.0 32.0
-6.7690353 26.755709 3.51953541 0.0 32.0
-5.513159 25.514574 3.18302442 0.0 31.0
-5.513159 26.43003 3.18302442 0.0 31.0
-5.513159 26.43003 3.18302443 0.0 32.0
-5.513159 27.345488 3.18302443 0.0 32.0
-5.513159 25.514574 3.18302444 2.0 31.0
-5.8805547 26.353073 3.18302444 2.0 31.0
-5.8805547 26.353073 3.18302445 1.0 32.0
-6.2479506 27.191572 3.18302445 1.0 32.0
-6.2479506 27.191572 3.18302446 0.0 33.0
-6.6153464 28.030071 3.18302446 0.0 33.0
-6.6153464 28.030071 3.18302447 0.0 34.0
-6.9827423 28.86857 3.18302447 0.0 34.0
-4.87681 23.837576 2.81562848 8.0 29.0
-5.5498323 24.458143 2.81562848 8.0 29.0
-5.5498323 24.458143 2.81562849 7.0 30.0
-6.2228546 25.07871 2.81562849 7.0 30.0
-6.2228546 25.07871 2.81562850 6.0 31.0
-6.895877 25.699278 2.81562850 6.0 31.0
-6.895877 25.699278 2.81562851 5.0 32.0
-7.568899 26.319845 2.81562851 5.0 32.0
-7.568899 26.319845 2.81562852 4.0 33.0
-8.241921 26.940413 2.81562852 4.0 33.0
-8.241921 26.940413 2.81562853 3.0 34.0
-8.914944 27.56098 2.81562853 3.0 34.0
-8.914944 27.56098 2.81562854 0.0 35.0
-9.664483 27.859278 3.24837554 0.0 35.0
-9.664483 27.859278 3.24837555 0.0 36.0
-10.529977 28.157576 3.24837555 0.0 36.0
-8.914944 27.56098 2.81562856 0.0 35.0
-9.233118 28.399479 2.99932656 0.0 35.0
-9.233118 28.399479 2.99932657 0.0 36.0
-9.600514 29.237978 2.99932657 0.0 36.0
-8.914944 27.56098 2.81562858 2.0 35.0
-9.587966 28.181547 2.81562858 2.0 35.0
-9.587966 28.181547 2.81562859 1.0 36.0
-10.260988 28.802114 2.81562859 1.0 36.0
-10.260988 28.802114 2.81562860 0.0 37.0
-10.9340105 29.422682 2.81562860 0.0 37.0
-10.9340105 29.422682 2.81562861 0.0 38.0
-11.607033 30.04325 2.81562861 0.0 38.0
-2.5453932 21.355307 1.469583662 12.0 25.0
-2.5453932 22.270763 1.469583662 12.0 25.0
-2.5453932 22.270763 1.469583663 11.0 26.0
-2.5453932 23.18622 1.469583663 11.0 26.0
-2.5453932 23.18622 1.469583664 10.0 27.0
-2.5453932 24.101677 1.469583664 10.0 27.0
-2.5453932 24.101677 1.469583665 9.0 28.0
-2.5453932 25.017134 1.469583665 9.0 28.0
-2.5453932 25.017134 1.469583666 4.0 29.0
-2.8635674 25.855633 1.653281666 4.0 29.0
-2.8635674 25.855633 1.653281667 3.0 30.0
-3.1817415 26.694132 1.836979567 3.0 30.0
-3.1817415 26.694132 1.836979568 0.0 31.0
-3.7645955 27.3147 2.173490568 0.0 31.0
-3.7645955 27.3147 2.173490569 0.0 32.0
-4.4376173 27.935266 2.173490569 0.0 32.0
-3.1817415 26.694132 1.836979570 0.0 31.0
-3.1817415 27.609589 1.836979570 0.0 31.0
-3.1817415 27.609589 1.836979571 0.0 32.0
-3.1817415 28.525045 1.836979571 0.0 32.0
-3.1817415 26.694132 1.836979572 2.0 31.0
-3.5491374 27.53263 1.836979572 2.0 31.0
-3.5491374 27.53263 1.836979573 1.0 32.0
-3.9165332 28.37113 1.836979573 1.0 32.0
-3.9165332 28.37113 1.836979574 0.0 33.0
-4.2839293 29.20963 1.836979574 0.0 33.0
-4.2839293 29.20963 1.836979575 0.0 34.0
-4.651325 30.048128 1.836979575 0.0 34.0
-2.5453932 25.017134 1.469583676 4.0 29.0
-2.227219 25.855633 1.285885776 4.0 29.0
-2.227219 25.855633 1.285885777 3.0 30.0
-1.909045 26.694132 1.102187877 3.0 30.0
-1.909045 26.694132 1.102187878 0.0 31.0
-1.909045 27.609589 1.102187878 0.0 31.0
-1.909045 27.609589 1.102187879 0.0 32.0
-1.909045 28.525045 1.102187879 0.0 32.0
-1.909045 26.694132 1.102187880 0.0 31.0
-1.3261908 27.3147 0.7656767480 0.0 31.0
-1.3261908 27.3147 0.7656767481 0.0 32.0
-0.6531688 27.935266 0.7656767481 0.0 32.0
-1.909045 26.694132 1.102187882 2.0 31.0
-1.5416491 27.53263 1.102187882 2.0 31.0
-1.5416491 27.53263 1.102187883 1.0 32.0
-1.1742532 28.37113 1.102187883 1.0 32.0
-1.1742532 28.37113 1.102187884 0.0 33.0
-0.80685735 29.20963 1.102187884 0.0 33.0
-0.80685735 29.20963 1.102187885 0.0 34.0
-0.43946144 30.048128 1.102187885 0.0 34.0
-2.5453932 25.017134 1.469583686 8.0 29.0
-2.5453932 25.93259 1.469583686 8.0 29.0
-2.5453932 25.93259 1.469583687 7.0 30.0
-2.5453932 26.848047 1.469583687 7.0 30.0
-2.5453932 26.848047 1.469583688 6.0 31.0
-2.5453932 27.763504 1.469583688 6.0 31.0
-2.5453932 27.763504 1.469583689 5.0 32.0
-2.5453932 28.67896 1.469583689 5.0 32.0
-2.5453932 28.67896 1.469583690 4.0 33.0
-2.5453932 29.594418 1.469583690 4.0 33.0
-2.5453932 29.594418 1.469583691 3.0 34.0
-2.5453932 30.509874 1.469583691 3.0 34.0
-2.5453932 30.509874 1.469583692 0.0 35.0
-2.8635674 31.348373 1.653281692 0.0 35.0
-2.8635674 31.348373 1.653281693 0.0 36.0
-3.2309632 32.186874 1.653281693 0.0 36.0
-2.5453932 30.509874 1.469583694 0.0 35.0
-2.227219 31.348373 1.285885794 0.0 35.0
-2.227219 31.348373 1.285885795 0.0 36.0
-1.8598232 32.186874 1.285885795 0.0 36.0
-2.5453932 30.509874 1.469583696 2.0 35.0
-2.5453932 31.425331 1.469583696 2.0 35.0
-2.5453932 31.425331 1.469583697 1.0 36.0
-2.5453932 32.34079 1.469583697 1.0 36.0
-2.5453932 32.34079 1.469583698 0.0 37.0
-2.5453932 33.25625 1.469583698 0.0 37.0
-2.5453932 33.25625 1.469583699 0.0 38.0
-2.5453932 34.171707 1.469583699 0.0 38.0
-2.5453932 21.355307 1.4695836100 20.0 25.0
-2.912789 22.193806 1.4695836100 20.0 25.0
-2.912789 22.193806 1.4695836101 19.0 26.0
-3.280185 23.032305 1.4695836101 19.0 26.0
-3.280185 23.032305 1.4695836102 18.0 27.0
-3.6475809 23.870804 1.4695836102 18.0 27.0
-3.6475809 23.870804 1.4695836103 17.0 28.0
-4.014977 24.709303 1.4695836103 17.0 28.0
-4.014977 24.709303 1.4695836104 16.0 29.0
-4.382373 25.547802 1.4695836104 16.0 29.0
-4.382373 25.547802 1.4695836105 15.0 30.0
-4.7497687 26.386301 1.4695836105 15.0 30.0
-4.7497687 26.386301 1.4695836106 14.0 31.0
-5.1171646 27.2248 1.4695836106 14.0 31.0
-5.1171646 27.2248 1.4695836107 13.0 32.0
-5.4845605 28.0633 1.4695836107 13.0 32.0
-5.4845605 28.0633 1.4695836108 12.0 33.0
-5.8519564 28.901798 1.4695836108 12.0 33.0
-5.8519564 28.901798 1.4695836109 11.0 34.0
-6.2193522 29.740297 1.4695836109 11.0 34.0
-6.2193522 29.740297 1.4695836110 10.0 35.0
-6.586748 30.578796 1.4695836110 10.0 35.0
-6.586748 30.578796 1.4695836111 9.0 36.0
-6.954144 31.417295 1.4695836111 9.0 36.0
-6.954144 31.417295 1.4695836112 4.0 37.0
-7.5369983 32.03786 1.8060946112 4.0 37.0
-7.5369983 32.03786 1.8060946113 3.0 38.0
-8.119852 32.65843 2.1426058113 3.0 38.0
-8.119852 32.65843 2.1426058114 0.0 39.0
-8.869391 32.956726 2.5753527114 0.0 39.0
-8.869391 32.956726 2.5753527115 0.0 40.0
-9.734885 33.255024 2.5753527115 0.0 40.0
-8.119852 32.65843 2.1426058116 0.0 39.0
-8.438026 33.49693 2.3263037116 0.0 39.0
-8.438026 33.49693 2.3263037117 0.0 40.0
-8.805423 34.33543 2.3263037117 0.0 40.0
-8.119852 32.65843 2.1426058118 2.0 39.0
-8.792874 33.278996 2.1426058118 2.0 39.0
-8.792874 33.278996 2.1426058119 1.0 40.0
-9.465897 33.899563 2.1426058119 1.0 40.0
-9.465897 33.899563 2.1426058120 0.0 41.0
-10.138919 34.52013 2.1426058120 0.0 41.0
-10.138919 34.52013 2.1426058121 0.0 42.0
-10.811941 35.140697 2.1426058121 0.0 42.0
-6.954144 31.417295 1.4695836122 4.0 37.0
-6.954144 32.332752 1.4695836122 4.0 37.0
-6.954144 32.332752 1.4695836123 3.0 38.0
-6.954144 33.24821 1.4695836123 3.0 38.0
-6.954144 33.24821 1.4695836124 0.0 39.0
-7.2723184 34.08671 1.6532816124 0.0 39.0
-7.2723184 34.08671 1.6532816125 0.0 40.0
-7.6397142 34.925213 1.6532816125 0.0 40.0
-6.954144 33.24821 1.4695836126 0.0 39.0
-6.6359696 34.08671 1.2858857126 0.0 39.0
-6.6359696 34.08671 1.2858857127 0.0 40.0
-6.2685738 34.925213 1.2858857127 0.0 40.0
-6.954144 33.24821 1.4695836128 2.0 39.0
-6.954144 34.16367 1.4695836128 2.0 39.0
-6.954144 34.16367 1.4695836129 1.0 40.0
-6.954144 35.07913 1.4695836129 1.0 40.0
-6.954144 35.07913 1.4695836130 0.0 41.0
-6.954144 35.994587 1.4695836130 0.0 41.0
-6.954144 35.994587 1.4695836131 0.0 42.0
-6.954144 36.910046 1.4695836131 0.0 42.0
-6.954144 31.417295 1.4695836132 8.0 37.0
-7.32154 32.255795 1.4695836132 8.0 37.0
-7.32154 32.255795 1.4695836133 7.0 38.0
-7.6889358 33.094296 1.4695836133 7.0 38.0
-7.6889358 33.094296 1.4695836134 6.0 39.0
-8.056332 33.932796 1.4695836134 6.0 39.0
-8.056332 33.932796 1.4695836135 5.0 40.0
-8.423728 34.771297 1.4695836135 5.0 40.0
-8.423728 34.771297 1.4695836136 4.0 41.0
-8.791124 35.6098 1.4695836136 4.0 41.0
-8.791124 35.6098 1.4695836137 3.0 42.0
-9.158521 36.4483 1.4695836137 3.0 42.0
-9.158521 36.4483 1.4695836138 0.0 43.0
-9.741375 37.068867 1.8060946138 0.0 43.0
-9.741375 37.068867 1.8060946139 0.0 44.0
-10.414397 37.689434 1.8060946139 0.0 44.0
-9.158521 36.4483 1.4695836140 0.0 43.0
-9.158521 37.363758 1.4695836140 0.0 43.0
-9.158521 37.363758 1.4695836141 0.0 44.0
-9.158521 38.279217 1.4695836141 0.0 44.0
-9.158521 36.4483 1.4695836142 2.0 43.0
-9.525917 37.2868 1.4695836142 2.0 43.0
-9.525917 37.2868 1.4695836143 1.0 44.0
-9.893313 38.1253 1.4695836143 1.0 44.0
-9.893313 38.1253 1.4695836144 0.0 45.0
-10.26071 38.963802 1.4695836144 0.0 45.0
-10.26071 38.963802 1.4695836145 0.0 46.0
-10.628106 39.802303 1.4695836145 0.0 46.0
0.0 14.647312 0.0146 28.0 17.0
0.31817418 15.485812 -0.18369795146 28.0 17.0
0.31817418 15.485812 -0.18369795147 27.0 18.0
0.63634837 16.324312 -0.3673959147 27.0 18.0
0.63634837 16.324312 -0.3673959148 26.0 19.0
0.95452255 17.162811 -0.5510939148 26.0 19.0
0.95452255 17.162811 -0.5510939149 25.0 20.0
1.2726967 18.00131 -0.7347918149 25.0 20.0
1.2726967 18.00131 -0.7347918150 24.0 21.0
1.5908709 18.83981 -0.91848975150 24.0 21.0
1.5908709 18.83981 -0.91848975151 23.0 22.0
1.909045 19.678308 -1.1021878151 23.0 22.0
1.909045 19.678308 -1.1021878152 22.0 23.0
2.227219 20.516808 -1.2858857152 22.0 23.0
2.227219 20.516808 -1.2858857153 21.0 24.0
2.5453932 21.355307 -1.4695836153 21.0 24.0
2.5453932 21.355307 -1.4695836154 12.0 25.0
2.5453932 22.270763 -1.4695836154 12.0 25.0
2.5453932 22.270763 -1.4695836155 11.0 26.0
2.5453932 23.18622 -1.4695836155 11.0 26.0
2.5453932 23.18622 -1.4695836156 10.0 27.0
2.5453932 24.101677 -1.4695836156 10.0 27.0
2.5453932 24.101677 -1.4695836157 9.0 28.0
2.5453932 25.017134 -1.4695836157 9.0 28.0
2.5453932 25.017134 -1.4695836158 4.0 29.0
2.227219 25.855633 -1.2858857158 4.0 29.0
2.227219 25.855633 -1.2858857159 3.0 30.0
1.909045 26.694132 -1.1021878159 3.0 30.0
1.909045 26.694132 -1.1021878160 0.0 31.0
1.3261908 27.3147 -0.76567674160 0.0 31.0
1.3261908 27.3147 -0.76567674161 0.0 32.0
0.6531688 27.935266 -0.76567674161 0.0 32.0
1.909045 26.694132 -1.1021878162 0.0 31.0
1.909045 27.609589 -1.1021878162 0.0 31.0
1.909045 27.609589 -1.1021878163 0.0 32.0
1.909045 28.525045 -1.1021878163 0.0 32.0
1.909045 26.694132 -1.1021878164 2.0 31.0
1.5416491 27.53263 -1.1021878164 2.0 31.0
1.5416491 27.53263 -1.1021878165 1.0 32.0
1.1742532 28.37113 -1.1021878165 1.0 32.0
1.1742532 28.37113 -1.1021878166 0.0 33.0
0.80685735 29.20963 -1.1021878166 0.0 33.0
0.80685735 29.20963 -1.1021878167 0.0 34.0
0.43946144 30.048128 -1.1021878167 0.0 34.0
2.5453932 25.017134 -1.4695836168 4.0 29.0
2.8635674 25.855633 -1.6532816168 4.0 29.0
2.8635674 25.855633 -1.6532816169 3.0 30.0
3.1817415 26.694132 -1.8369795169 3.0 30.0
3.1817415 26.694132 -1.8369795170 0.0 31.0
3.1817415 27.609589 -1.8369795170 0.0 31.0
3.1817415 27.609589 -1.8369795171 0.0 32.0
3.1817415 28.525045 -1.8369795171 0.0 32.0
3.1817415 26.694132 -1.8369795172 0.0 31.0
3.7645955 27.3147 -2.1734905172 0.0 31.0
3.7645955 27.3147 -2.1734905173 0.0 32.0
4.4376173 27.935266 -2.1734905173 0.0 32.0
3.1817415 26.694132 -1.8369795174 2.0 31.0
3.5491374 27.53263 -1.8369795174 2.0 31.0
3.5491374 27.53263 -1.8369795175 1.0 32.0
3.9165332 28.37113 -1.8369795175 1.0 32.0
3.9165332 28.37113 -1.8369795176 0.0 33.0
4.2839293 29.20963 -1.8369795176 0.0 33.0
4.2839293 29.20963 -1.8369795177 0.0 34.0
4.651325 30.048128 -1.8369795177 0.0 34.0
2.5453932 25.017134 -1.4695836178 8.0 29.0
2.5453932 25.93259 -1.4695836178 8.0 29.0
2.5453932 25.93259 -1.4695836179 7.0 30.0
2.5453932 26.848047 -1.4695836179 7.0 30.0
2.5453932 26.848047 -1.4695836180 6.0 31.0
2.5453932 27.763504 -1.4695836180 6.0 31.0
2.5453932 27.763504 -1.4695836181 5.0 32.0
2.5453932 28.67896 -1.4695836181 5.0 32.0
2.5453932 28.67896 -1.4695836182 4.0 33.0
2.5453932 29.594418 -1.4695836182 4.0 33.0
2.5453932 29.594418 -1.4695836183 3.0 34.0
2.5453932 30.509874 -1.4695836183 3.0 34.0
2.5453932 30.509874 -1.4695836184 0.0 35.0
2.227219 31.348373 -1.2858857184 0.0 35.0
2.227219 31.348373 -1.2858857185 0.0 36.0
1.8598232 32.186874 -1.2858857185 0.0 36.0
2.5453932 30.509874 -1.4695836186 0.0 35.0
2.8635674 31.348373 -1.6532816186 0.0 35.0
2.8635674 31.348373 -1.6532816187 0.0 36.0
3.2309632 32.186874 -1.6532816187 0.0 36.0
2.5453932 30.509874 -1.4695836188 2.0 35.0
2.5453932 31.425331 -1.4695836188 2.0 35.0
2.5453932 31.425331 -1.4695836189 1.0 36.0
2.5453932 32.34079 -1.4695836189 1.0 36.0
2.5453932 32.34079 -1.4695836190 0.0 37.0
2.5453932 33.25625 -1.4695836190 0.0 37.0
2.5453932 33.25625 -1.4695836191 0.0 38.0
2.5453932 34.171707 -1.4695836191 0.0 38.0
2.5453932 21.355307 -1.4695836192 12.0 25.0
3.1282473 21.975874 -1.8060946192 12.0 25.0
3.1282473 21.975874 -1.8060946193 11.0 26.0
3.7111015 22.596441 -2.1426058193 11.0 26.0
3.7111015 22.596441 -2.1426058194 10.0 27.0
4.293956 23.217009 -2.479117194 10.0 27.0
4.293956 23.217009 -2.479117195 9.0 28.0
4.87681 23.837576 -2.815628195 9.0 28.0
4.87681 23.837576 -2.815628196 4.0 29.0
5.1949844 24.676075 -2.999326196 4.0 29.0
5.1949844 24.676075 -2.999326197 3.0 30.0
5.513159 25.514574 -3.183024197 3.0 30.0
5.513159 25.514574 -3.183024198 0.0 31.0
5.513159 26.43003 -3.183024198 0.0 31.0
5.513159 26.43003 -3.183024199 0.0 32.0
5.513159 27.345488 -3.183024199 0.0 32.0
5.513159 25.514574 -3.183024200 0.0 31.0
6.096013 26.135141 -3.519535200 0.0 31.0
6.096013 26.135141 -3.519535201 0.0 32.0
6.7690353 26.755709 -3.519535201 0.0 32.0
5.513159 25.514574 -3.183024202 2.0 31.0
5.8805547 26.353073 -3.183024202 2.0 31.0
5.8805547 26.353073 -3.183024203 1.0 32.0
6.2479506 27.191572 -3.183024203 1.0 32.0
6.2479506 27.191572 -3.183024204 0.0 33.0
6.6153464 28.030071 -3.183024204 0.0 33.0
6.6153464 28.030071 -3.183024205 0.0 34.0
6.9827423 28.86857 -3.183024205 0.0 34.0
4.87681 23.837576 -2.815628206 4.0 29.0
5.62635 24.135874 -3.248375206 4.0 29.0
5.62635 24.135874 -3.248375207 3.0 30.0
6.37589 24.434172 -3.6811218207 3.0 30.0
6.37589 24.434172 -3.6811218208 0.0 31.0
6.958744 25.054739 -4.017633208 0.0 31.0
6.958744 25.054739 -4.017633209 0.0 32.0
7.6317663 25.675306 -4.017633209 0.0 32.0
6.37589 24.434172 -3.6811218210 0.0 31.0
7.166096 24.36005 -4.1373477210 0.0 31.0
7.166096 24.36005 -4.1373477211 0.0 32.0
8.0785475 24.285929 -4.1373477211 0.0 32.0
6.37589 24.434172 -3.6811218212 2.0 31.0
7.2413836 24.73247 -3.6811218212 2.0 31.0
7.2413836 24.73247 -3.6811218213 1.0 32.0
8.106877 25.030767 -3.6811218213 1.0 32.0
8.106877 25.030767 -3.6811218214 0.0 33.0
8.972371 25.329065 -3.6811218214 0.0 33.0
8.972371 25.329065 -3.6811218215 0.0 34.0
9.837865 25.627363 -3.6811218215 0.0 34.0
4.87681 23.837576 -2.815628216 8.0 29.0
5.5498323 24.458143 -2.815628216 8.0 29.0
5.5498323 24.458143 -2.815628217 7.0 30.0
6.2228546 25.07871 -2.815628217 7.0 30.0
6.2228546 25.07871 -2.815628218 6.0 31.0
6.895877 25.699278 -2.815628218 6.0 31.0
6.895877 25.699278 -2.815628219 5.0 32.0
7.568899 26.319845 -2.815628219 5.0 32.0
7.568899 26.319845 -2.815628220 4.0 33.0
8.241921 26.940413 -2.815628220 4.0 33.0
8.241921 26.940413 -2.815628221 3.0 34.0
8.914944 27.56098 -2.815628221 3.0 34.0
8.914944 27.56098 -2.815628222 0.0 35.0
9.233118 28.399479 -2.999326222 0.0 35.0
9.233118 28.399479 -2.999326223 0.0 36.0
9.600514 29.237978 -2.999326223 0.0 36.0
8.914944 27.56098 -2.815628224 0.0 35.0
9.664483 27.859278 -3.248375224 0.0 35.0
9.664483 27.859278 -3.248375225 0.0 36.0
10.529977 28.157576 -3.248375225 0.0 36.0
8.914944 27.56098 -2.815628226 2.0 35.0
9.587966 28.181547 -2.815628226 2.0 35.0
9.587966 28.181547 -2.815628227 1.0 36.0
10.260988 28.802114 -2.815628227 1.0 36.0
10.260988 28.802114 -2.815628228 0.0 37.0
10.9340105 29.422682 -2.815628228 0.0 37.0
10.9340105 29.422682 -2.815628229 0.0 38.0
11.607033 30.04325 -2.815628229 0.0 38.0
2.5453932 21.355307 -1.4695836230 20.0 25.0
2.912789 22.193806 -1.4695836230 20.0 25.0
2.912789 22.193806 -1.4695836231 19.0 26.0
3.280185 23.032305 -1.4695836231 19.0 26.0
3.280185 23.032305 -1.4695836232 18.0 27.0
3.6475809 23.870804 -1.4695836232 18.0 27.0
3.6475809 23.870804 -1.4695836233 17.0 28.0
4.014977 24.709303 -1.4695836233 17.0 28.0
4.014977 24.709303 -1.4695836234 16.0 29.0
4.382373 25.547802 -1.4695836234 16.0 29.0
4.382373 25.547802 -1.4695836235 15.0 30.0
4.7497687 26.386301 -1.4695836235 15.0 30.0
4.7497687 26.386301 -1.4695836236 14.0 31.0
5.1171646 27.2248 -1.4695836236 14.0 31.0
5.1171646 27.2248 -1.4695836237 13.0 32.0
5.4845605 28.0633 -1.4695836237 13.0 32.0
5.4845605 28.0633 -1.4695836238 12.0 33.0
5.8519564 28.901798 -1.4695836238 12.0 33.0
5.8519564 28.901798 -1.4695836239 11.0 34.0
6.2193522 29.740297 -1.4695836239 11.0 34.0
6.2193522 29.740297 -1.4695836240 10.0 35.0
6.586748 30.578796 -1.4695836240 10.0 35.0
6.586748 30.578796 -1.4695836241 9.0 36.0
6.954144 31.417295 -1.4695836241 9.0 36.0
6.954144 31.417295 -1.4695836242 4.0 37.0
6.954144 32.332752 -1.4695836242 4.0 37.0
6.954144 32.332752 -1.4695836243 3.0 38.0
6.954144 33.24821 -1.4695836243 3.0 38.0
6.954144 33.24821 -1.4695836244 0.0 39.0
6.6359696 34.08671 -1.2858857244 0.0 39.0
6.6359696 34.08671 -1.2858857245 0.0 40.0
6.2685738 34.925213 -1.2858857245 0.0 40.0
6.954144 33.24821 -1.4695836246 0.0 39.0
7.2723184 34.08671 -1.6532816246 0.0 39.0
7.2723184 34.08671 -1.6532816247 0.0 40.0
7.6397142 34.925213 -1.6532816247 0.0 40.0
6.954144 33.24821 -1.4695836248 2.0 39.0
6.954144 34.16367 -1.4695836248 2.0 39.0
6.954144 34.16367 -1.4695836249 1.0 40.0
6.954144 35.07913 -1.4695836249 1.0 40.0
6.954144 35.07913 -1.4695836250 0.0 41.0
6.954144 35.994587 -1.4695836250 0.0 41.0
6.954144 35.994587 -1.4695836251 0.0 42.0
6.954144 36.910046 -1.4695836251 0.0 42.0
6.954144 31.417295 -1.4695836252 4.0 37.0
7.5369983 32.03786 -1.8060946252 4.0 37.0
7.5369983 32.03786 -1.8060946253 3.0 38.0
8.119852 32.65843 -2.1426058253 3.0 38.0
8.119852 32.65843 -2.1426058254 0.0 39.0
8.438026 33.49693 -2.3263037254 0.0 39.0
8.438026 33.49693 -2.3263037255 0.0 40.0
8.805423 34.33543 -2.3263037255 0.0 40.0
8.119852 32.65843 -2.1426058256 0.0 39.0
8.869391 32.956726 -2.5753527256 0.0 39.0
8.869391 32.956726 -2.5753527257 0.0 40.0
9.734885 33.255024 -2.5753527257 0.0 40.0
8.119852 32.65843 -2.1426058258 2.0 39.0
8.792874 33.278996 -2.1426058258 2.0 39.0
8.792874 33.278996 -2.1426058259 1.0 40.0
9.465897 33.899563 -2.1426058259 1.0 40.0
9.465897 33.899563 -2.1426058260 0.0 41.0
10.138919 34.52013 -2.1426058260 0.0 41.0
10.138919 34.52013 -2.1426058261 0.0 42.0
10.811941 35.140697 -2.1426058261 0.0 42.0
6.954144 31.417295 -1.4695836262 8.0 37.0
7.32154 32.255795 -1.4695836262 8.0 37.0
7.32154 32.255795 -1.4695836263 7.0 38.0
7.6889358 33.094296 -1.4695836263 7.0 38.0
7.6889358 33.094296 -1.4695836264 6.0 39.0
8.056332 33.932796 -1.4695836264 6.0 39.0
8.056332 33.932796 -1.4695836265 5.0 40.0
8.423728 34.771297 -1.4695836265 5.0 40.0
8.423728 34.771297 -1.4695836266 4.0 41.0
8.791124 35.6098 -1.4695836266 4.0 41.0
8.791124 35.6098 -1.4695836267 3.0 42.0
9.158521 36.4483 -1.4695836267 3.0 42.0
9.158521 36.4483 -1.4695836268 0.0 43.0
9.158521 37.363758 -1.4695836268 0.0 43.0
9.158521 37.363758 -1.4695836269 0.0 44.0
9.158521 38.279217 -1.4695836269 0.0 44.0
9.158521 36.4483 -1.4695836270 0.0 43.0
9.741375 37.068867 -1.8060946270 0.0 43.0
9.741375 37.068867 -1.8060946271 0.0 44.0
10.414397 37.689434 -1.8060946271 0.0 44.0
9.158521 36.4483 -1.4695836272 2.0 43.0
9.525917 37.2868 -1.4695836272 2.0 43.0
9.525917 37.2868 -1.4695836273 1.0 44.0
9.893313 38.1253 -1.4695836273 1.0 44.0
9.893313 38.1253 -1.4695836274 0.0 45.0
10.26071 38.963802 -1.4695836274 0.0 45.0
10.26071 38.963802 -1.4695836275 0.0 46.0
10.628106 39.802303 -1.4695836275 0.0 46.0
0.0 14.647312 0.0276 44.0 17.0
0.0 15.562769 0.0276 44.0 17.0
0.0 15.562769 0.0277 43.0 18.0
0.0 16.478226 0.0277 43.0 18.0
0.0 16.478226 0.0278 42.0 19.0
0.0 17.393682 0.0278 42.0 19.0
0.0 17.393682 0.0279 41.0 20.0
0.0 18.30914 0.0279 41.0 20.0
0.0 18.30914 0.0280 40.0 21.0
0.0 19.224596 0.0280 40.0 21.0
0.0 19.224596 0.0281 39.0 22.0
0.0 20.140053 0.0281 39.0 22.0
0.0 20.140053 0.0282 38.0 23.0
0.0 21.05551 0.0282 38.0 23.0
0.0 21.05551 0.0283 37.0 24.0
0.0 21.970966 0.0283 37.0 24.0
0.0 21.970966 0.0284 36.0 25.0
0.0 22.886423 0.0284 36.0 25.0
0.0 22.886423 0.0285 35.0 26.0
0.0 23.80188 0.0285 35.0 26.0
0.0 23.80188 0.0286 34.0 27.0
0.0 24.717337 0.0286 34.0 27.0
0.0 24.717337 0.0287 33.0 28.0
0.0 25.632793 0.0287 33.0 28.0
0.0 25.632793 0.0288 32.0 29.0
0.0 26.54825 0.0288 32.0 29.0
0.0 26.54825 0.0289 31.0 30.0
0.0 27.463707 0.0289 31.0 30.0
0.0 27.463707 0.0290 30.0 31.0
0.0 28.379164 0.0290 30.0 31.0
0.0 28.379164 0.0291 29.0 32.0
0.0 29.29462 0.0291 29.0 32.0
0.0 29.29462 0.0292 28.0 33.0
0.0 30.210077 0.0292 28.0 33.0
0.0 30.210077 0.0293 27.0 34.0
0.0 31.125534 0.0293 27.0 34.0
0.0 31.125534 0.0294 26.0 35.0
0.0 32.040993 0.0294 26.0 35.0
0.0 32.040993 0.0295 25.0 36.0
0.0 32.95645 0.0295 25.0 36.0
0.0 32.95645 0.0296 24.0 37.0
0.0 33.87191 0.0296 24.0 37.0
0.0 33.87191 0.0297 23.0 38.0
0.0 34.78737 0.0297 23.0 38.0
0.0 34.78737 0.0298 22.0 39.0
0.0 35.702827 0.0298 22.0 39.0
0.0 35.702827 0.0299 21.0 40.0
0.0 36.618286 0.0299 21.0 40.0
0.0 36.618286 0.0300 12.0 41.0
-0.31817418 37.456787 0.18369795300 12.0 41.0
-0.31817418 37.456787 0.18369795301 11.0 42.0
-0.63634837 38.295288 0.3673959301 11.0 42.0
-0.63634837 38.295288 0.3673959302 10.0 43.0
-0.95452255 39.13379 0.5510939302 10.0 43.0
-0.95452255 39.13379 0.5510939303 9.0 44.0
-1.2726967 39.97229 0.7347918303 9.0 44.0
-1.2726967 39.97229 0.7347918304 4.0 45.0
-1.8555509 40.592857 1.0713029304 4.0 45.0
-1.8555509 40.592857 1.0713029305 3.0 46.0
-2.438405 41.213425 1.4078139305 3.0 46.0
-2.438405 41.213425 1.4078139306 0.0 47.0
-3.187945 41.511723 1.8405609306 0.0 47.0
-3.187945 41.511723 1.8405609307 0.0 48.0
-4.0534387 41.81002 1.8405609307 0.0 48.0
-2.438405 41.213425 1.4078139308 0.0 47.0
-2.7565792 42.051926 1.5915118308 0.0 47.0
-2.7565792 42.051926 1.5915118309 0.0 48.0
-3.123975 42.890427 1.5915118309 0.0 48.0
-2.438405 41.213425 1.4078139310 2.0 47.0
-3.111427 41.833992 1.4078139310 2.0 47.0
-3.111427 41.833992 1.4078139311 1.0 48.0
-3.784449 42.45456 1.4078139311 1.0 48.0
-3.784449 42.45456 1.4078139312 0.0 49.0
-4.457471 43.075127 1.4078139312 0.0 49.0
-4.457471 43.075127 1.4078139313 0.0 50.0
-5.130493 43.695694 1.4078139313 0.0 50.0
-1.2726967 39.97229 0.7347918314 4.0 45.0
-1.2726967 40.88775 0.7347918314 4.0 45.0
-1.2726967 40.88775 0.7347918315 3.0 46.0
-1.2726967 41.803207 0.7347918315 3.0 46.0
-1.2726967 41.803207 0.7347918316 0.0 47.0
-1.5908709 42.64171 0.91848975316 0.0 47.0
-1.5908709 42.64171 0.91848975317 0.0 48.0
-1.9582667 43.48021 0.91848975317 0.0 48.0
-1.2726967 41.803207 0.7347918318 0.0 47.0
-0.95452255 42.64171 0.5510939318 0.0 47.0
-0.95452255 42.64171 0.5510939319 0.0 48.0
-0.5871266 43.48021 0.5510939319 0.0 48.0
-1.2726967 41.803207 0.7347918320 2.0 47.0
-1.2726967 42.718666 0.7347918320 2.0 47.0
-1.2726967 42.718666 0.7347918321 1.0 48.0
-1.2726967 43.634125 0.7347918321 1.0 48.0
-1.2726967 43.634125 0.7347918322 0.0 49.0
-1.2726967 44.549583 0.7347918322 0.0 49.0
-1.2726967 44.549583 0.7347918323 0.0 50.0
-1.2726967 45.465042 0.7347918323 0.0 50.0
-1.2726967 39.97229 0.7347918324 8.0 45.0
-1.6400926 40.81079 0.7347918324 8.0 45.0
-1.6400926 40.81079 0.7347918325 7.0 46.0
-2.0074885 41.649292 0.7347918325 7.0 46.0
-2.0074885 41.649292 0.7347918326 6.0 47.0
-2.3748844 42.487793 0.7347918326 6.0 47.0
-2.3748844 42.487793 0.7347918327 5.0 48.0
-2.7422802 43.326294 0.7347918327 5.0 48.0
-2.7422802 43.326294 0.7347918328 4.0 49.0
-3.1096761 44.164795 0.7347918328 4.0 49.0
-3.1096761 44.164795 0.7347918329 3.0 50.0
-3.477072 45.003296 0.7347918329 3.0 50.0
-3.477072 45.003296 0.7347918330 0.0 51.0
-4.059926 45.623863 1.0713029330 0.0 51.0
-4.059926 45.623863 1.0713029331 0.0 52.0
-4.7329483 46.24443 1.0713029331 0.0 52.0
-3.477072 45.003296 0.7347918332 0.0 51.0
-3.477072 45.918755 0.7347918332 0.0 51.0
-3.477072 45.918755 0.7347918333 0.0 52.0
-3.477072 46.834213 0.7347918333 0.0 52.0
-3.477072 45.003296 0.7347918334 2.0 51.0
-3.8444679 45.841797 0.7347918334 2.0 51.0
-3.8444679 45.841797 0.7347918335 1.0 52.0
-4.211864 46.680298 0.7347918335 1.0 52.0
-4.211864 46.680298 0.7347918336 0.0 53.0
-4.57926 47.5188 0.7347918336 0.0 53.0
-4.57926 47.5188 0.7347918337 0.0 54.0
-4.9466558 48.3573 0.7347918337 0.0 54.0
0.0 36.618286 0.0338 12.0 41.0
0.31817418 37.456787 -0.18369795338 12.0 41.0
0.31817418 37.456787 -0.18369795339 11.0 42.0
0.63634837 38.295288 -0.3673959339 11.0 42.0
0.63634837 38.295288 -0.3673959340 10.0 43.0
0.95452255 39.13379 -0.5510939340 10.0 43.0
0.95452255 39.13379 -0.5510939341 9.0 44.0
1.2726967 39.97229 -0.7347918341 9.0 44.0
1.2726967 39.97229 -0.7347918342 4.0 45.0
1.2726967 40.88775 -0.7347918342 4.0 45.0
1.2726967 40.88775 -0.7347918343 3.0 46.0
1.2726967 41.803207 -0.7347918343 3.0 46.0
1.2726967 41.803207 -0.7347918344 0.0 47.0
0.95452255 42.64171 -0.5510939344 0.0 47.0
0.95452255 42.64171 -0.5510939345 0.0 48.0
0.5871266 43.48021 -0.5510939345 0.0 48.0
1.2726967 41.803207 -0.7347918346 0.0 47.0
1.5908709 42.64171 -0.91848975346 0.0 47.0
1.5908709 42.64171 -0.91848975347 0.0 48.0
1.9582667 43.48021 -0.91848975347 0.0 48.0
1.2726967 41.803207 -0.7347918348 2.0 47.0
1.2726967 42.718666 -0.7347918348 2.0 47.0
1.2726967 42.718666 -0.7347918349 1.0 48.0
1.2726967 43.634125 -0.7347918349 1.0 48.0
1.2726967 43.634125 -0.7347918350 0.0 49.0
1.2726967 44.549583 -0.7347918350 0.0 49.0
1.2726967 44.549583 -0.7347918351 0.0 50.0
1.2726967 45.465042 -0.7347918351 0.0 50.0
1.2726967 39.97229 -0.7347918352 4.0 45.0
1.8555509 40.592857 -1.0713029352 4.0 45.0
1.8555509 40.592857 -1.0713029353 3.0 46.0
2.438405 41.213425 -1.4078139353 3.0 46.0
2.438405 41.213425 -1.4078139354 0.0 47.0
2.7565792 42.051926 -1.5915118354 0.0 47.0
2.7565792 42.051926 -1.5915118355 0.0 48.0
3.123975 42.890427 -1.5915118355 0.0 48.0
2.438405 41.213425 -1.4078139356 0.0 47.0
3.187945 41.511723 -1.8405609356 0.0 47.0
3.187945 41.511723 -1.8405609357 0.0 48.0
4.0534387 41.81002 -1.8405609357 0.0 48.0
2.438405 41.213425 -1.4078139358 2.0 47.0
3.111427 41.833992 -1.4078139358 2.0 47.0
3.111427 41.833992 -1.4078139359 1.0 48.0
3.784449 42.45456 -1.4078139359 1.0 48.0
3.784449 42.45456 -1.4078139360 0.0 49.0
4.457471 43.075127 -1.4078139360 0.0 49.0
4.457471 43.075127 -1.4078139361 0.0 50.0
5.130493 43.695694 -1.4078139361 0.0 50.0
1.2726967 39.97229 -0.7347918362 8.0 45.0
1.6400926 40.81079 -0.7347918362 8.0 45.0
1.6400926 40.81079 -0.7347918363 7.0 46.0
2.0074885 41.649292 -0.7347918363 7.0 46.0
2.0074885 41.649292 -0.7347918364 6.0 47.0
2.3748844 42.487793 -0.7347918364 6.0 47.0
2.3748844 42.487793 -0.7347918365 5.0 48.0
2.7422802 43.326294 -0.7347918365 5.0 48.0
2.7422802 43.326294 -0.7347918366 4.0 49.0
3.1096761 44.164795 -0.7347918366 4.0 49.0
3.1096761 44.164795 -0.7347918367 3.0 50.0
3.477072 45.003296 -0.7347918367 3.0 50.0
3.477072 45.003296 -0.7347918368 0.0 51.0
3.477072 45.918755 -0.7347918368 0.0 51.0
3.477072 45.918755 -0.7347918369 0.0 52.0
3.477072 46.834213 -0.7347918369 0.0 52.0
3.477072 45.003296 -0.7347918370 0.0 51.0
4.059926 45.623863 -1.0713029370 0.0 51.0
4.059926 45.623863 -1.0713029371 0.0 52.0
4.7329483 46.24443 -1.0713029371 0.0 52.0
3.477072 45.003296 -0.7347918372 2.0 51.0
3.8444679 45.841797 -0.7347918372 2.0 51.0
3.8444679 45.841797 -0.7347918373 1.0 52.0
4.211864 46.680298 -0.7347918373 1.0 52.0
4.211864 46.680298 -0.7347918374 0.0 53.0
4.57926 47.5188 -0.7347918374 0.0 53.0
4.57926 47.5188 -0.7347918375 0.0 54.0
4.9466558 48.3573 -0.7347918375 0.0 54.0
0.0 36.618286 0.0376 20.0 41.0
0.0 37.533745 0.0376 20.0 41.0
0.0 37.533745 0.0377 19.0 42.0
0.0 38.449203 0.0377 19.0 42.0
0.0 38.449203 0.0378 18.0 43.0
0.0 39.364662 0.0378 18.0 43.0
0.0 39.364662 0.0379 17.0 44.0
0.0 40.28012 0.0379 17.0 44.0
0.0 40.28012 0.0380 16.0 45.0
0.0 41.19558 0.0380 16.0 45.0
0.0 41.19558 0.0381 15.0 46.0
0.0 42.11104 0.0381 15.0 46.0
0.0 42.11104 0.0382 14.0 47.0
0.0 43.026497 0.0382 14.0 47.0
0.0 43.026497 0.0383 13.0 48.0
0.0 43.941956 0.0383 13.0 48.0
0.0 43.941956 0.0384 12.0 49.0
0.0 44.857414 0.0384 12.0 49.0
0.0 44.857414 0.0385 11.0 50.0
0.0 45.772873 0.0385 11.0 50.0
0.0 45.772873 0.0386 10.0 51.0
0.0 46.68833 0.0386 10.0 51.0
0.0 46.68833 0.0387 9.0 52.0
0.0 47.60379 0.0387 9.0 52.0
0.0 47.60379 0.0388 4.0 53.0
-0.31817418 48.44229 0.18369795388 4.0 53.0
-0.31817418 48.44229 0.18369795389 3.0 54.0
-0.63634837 49.280792 0.3673959389 3.0 54.0
-0.63634837 49.280792 0.3673959390 0.0 55.0
-1.2192025 49.90136 0.7039069390 0.0 55.0
-1.2192025 49.90136 0.7039069391 0.0 56.0
-1.8922246 50.521927 0.7039069391 0.0 56.0
-0.63634837 49.280792 0.3673959392 0.0 55.0
-0.63634837 50.19625 0.3673959392 0.0 55.0
-0.63634837 50.19625 0.3673959393 0.0 56.0
-0.63634837 51.11171 0.3673959393 0.0 56.0
-0.63634837 49.280792 0.3673959394 2.0 55.0
-1.0037442 50.119293 0.3673959394 2.0 55.0
-1.0037442 50.119293 0.3673959395 1.0 56.0
-1.3711401 50.957794 0.3673959395 1.0 56.0
-1.3711401 50.957794 0.3673959396 0.0 57.0
-1.738536 51.796295 0.3673959396 0.0 57.0
-1.738536 51.796295 0.3673959397 0.0 58.0
-2.105932 52.634796 0.3673959397 0.0 58.0
0.0 47.60379 0.0398 4.0 53.0
0.31817418 48.44229 -0.18369795398 4.0 53.0
0.31817418 48.44229 -0.18369795399 3.0 54.0
0.63634837 49.280792 -0.3673959399 3.0 54.0
0.63634837 49.280792 -0.3673959400 0.0 55.0
0.63634837 50.19625 -0.3673959400 0.0 55.0
0.63634837 50.19625 -0.3673959401 0.0 56.0
0.63634837 51.11171 -0.3673959401 0.0 56.0
0.63634837 49.280792 -0.3673959402 0.0 55.0
1.2192025 49.90136 -0.7039069402 0.0 55.0
1.2192025 49.90136 -0.7039069403 0.0 56.0
1.8922246 50.521927 -0.7039069403 0.0 56.0
0.63634837 49.280792 -0.3673959404 2.0 55.0
1.0037442 50.119293 -0.3673959404 2.0 55.0
1.0037442 50.119293 -0.3673959405 1.0 56.0
1.3711401 50.957794 -0.3673959405 1.0 56.0
1.3711401 50.957794 -0.3673959406 0.0 57.0
1.738536 51.796295 -0.3673959406 0.0 57.0
1.738536 51.796295 -0.3673959407 0.0 58.0
2.105932 52.634796 -0.3673959407 0.0 58.0
0.0 47.60379 0.0408 8.0 53.0
0.0 48.51925 0.0408 8.0 53.0
0.0 48.51925 0.0409 7.0 54.0
0.0 49.434708 0.0409 7.0 54.0
0.0 49.434708 0.0410 6.0 55.0
0.0 50.350166 0.0410 6.0 55.0
0.0 50.350166 0.0411 5.0 56.0
0.0 51.265625 0.0411 5.0 56.0
0.0 51.265625 0.0412 4.0 57.0
0.0 52.181084 0.0412 4.0 57.0
0.0 52.181084 0.0413 3.0 58.0
0.0 53.096542 0.0413 3.0 58.0
0.0 53.096542 0.0414 0.0 59.0
-0.31817418 53.935043 0.18369795414 0.0 59.0
-0.31817418 53.935043 0.18369795415 0.0 60.0
-0.6855701 54.773544 0.18369795415 0.0 60.0
0.0 53.096542 0.0416 0.0 59.0
0.31817418 53.935043 -0.18369795416 0.0 59.0
0.31817418 53.935043 -0.18369795417 0.0 60.0
0.6855701 54.773544 -0.18369795417 0.0 60.0
0.0 53.096542 0.0418 2.0 59.0
0.0 54.012 0.0418 2.0 59.0
0.0 54.012 0.0419 1.0 60.0
0.0 54.92746 0.0419 1.0 60.0
0.0 54.92746 0.0420 0.0 61.0
0.0 55.84292 0.0420 0.0 61.0
0.0 55.84292 0.0421 0.0 62.0
0.0 56.758377 0.0421 0.0 62.0
