0.0 0.0 0.00 30.0 1.0
0.0 4.68153 0.00 30.0 1.0
0.0 4.68153 0.01 0.0 2.0
2.8778071 7.9791594 -1.66150271 0.0 2.0
0.0 4.68153 0.02 29.0 2.0
0.0 9.36306 0.02 29.0 2.0
0.0 9.36306 0.03 0.0 3.0
2.8778071 12.660689 -1.66150273 0.0 3.0
2.8778071 12.660689 -1.66150274 0.0 4.0
6.9320116 12.624802 -4.0021994 0.0 4.0
2.8778071 12.660689 -1.66150275 0.0 4.0
6.2008123 15.958319 -1.66150275 0.0 4.0
0.0 9.36306 0.06 28.0 3.0
0.0 14.04459 0.06 28.0 3.0
0.0 14.04459 0.07 0.0 4.0
2.8778071 17.342218 -1.66150277 0.0 4.0
0.0 14.04459 0.08 27.0 4.0
0.0 18.72612 0.08 27.0 4.0
0.0 18.72612 0.09 2.0 5.0
2.8778071 22.023748 -1.66150279 2.0 5.0
2.8778071 22.023748 -1.661502710 0.0 6.0
6.9320116 21.98786 -4.00219910 0.0 6.0
2.8778071 22.023748 -1.661502711 1.0 6.0
6.2008123 25.321377 -1.661502711 1.0 6.0
6.2008123 25.321377 -1.661502712 0.0 7.0
10.255016 25.285488 -4.00219912 0.0 7.0
10.255016 25.285488 -4.00219913 0.0 8.0
13.088701 21.937302 -5.638228413 0.0 8.0
10.255016 25.285488 -4.00219914 0.0 8.0
14.936409 25.2496 -4.00219914 0.0 8.0
6.2008123 25.321377 -1.661502715 0.0 7.0
9.523818 28.619005 -1.661502715 0.0 7.0
9.523818 28.619005 -1.661502716 0.0 8.0
13.578022 28.583117 -4.00219916 0.0 8.0
9.523818 28.619005 -1.661502717 0.0 8.0
12.846824 31.916634 -1.661502717 0.0 8.0
0.0 18.72612 0.018 26.0 5.0
0.0 23.40765 0.018 26.0 5.0
0.0 23.40765 0.019 0.0 6.0
2.8778071 26.705278 -1.661502719 0.0 6.0
0.0 23.40765 0.020 25.0 6.0
0.0 28.08918 0.020 25.0 6.0
0.0 28.08918 0.021 0.0 7.0
2.8778071 31.386808 -1.661502721 0.0 7.0
2.8778071 31.386808 -1.661502722 0.0 8.0
6.9320116 31.35092 -4.00219922 0.0 8.0
2.8778071 31.386808 -1.661502723 0.0 8.0
6.2008123 34.684437 -1.661502723 0.0 8.0
0.0 28.08918 0.024 24.0 7.0
0.0 32.77071 0.024 24.0 7.0
0.0 32.77071 0.025 0.0 8.0
2.8778071 36.06834 -1.661502725 0.0 8.0
0.0 32.77071 0.026 23.0 8.0
0.0 37.45224 0.026 23.0 8.0
0.0 37.45224 0.027 6.0 9.0
2.8778071 40.74987 -1.661502727 6.0 9.0
2.8778071 40.74987 -1.661502728 0.0 10.0
6.9320116 40.71398 -4.00219928 0.0 10.0
2.8778071 40.74987 -1.661502729 5.0 10.0
6.2008123 44.0475 -1.661502729 5.0 10.0
6.2008123 44.0475 -1.661502730 0.0 11.0
10.255016 44.011612 -4.00219930 0.0 11.0
10.255016 44.011612 -4.00219931 0.0 12.0
13.088701 40.663425 -5.638228431 0.0 12.0
10.255016 44.011612 -4.00219932 0.0 12.0
14.936409 43.975723 -4.00219932 0.0 12.0
6.2008123 44.0475 -1.661502733 4.0 11.0
9.523818 47.34513 -1.661502733 4.0 11.0
9.523818 47.34513 -1.661502734 0.0 12.0
13.578022 47.309242 -4.00219934 0.0 12.0
9.523818 47.34513 -1.661502735 3.0 12.0
12.846824 50.64276 -1.661502735 3.0 12.0
12.846824 50.64276 -1.661502736 2.0 13.0
16.901028 50.606873 -4.00219936 2.0 13.0
16.901028 50.606873 -4.00219937 0.0 14.0
19.734713 47.258686 -5.638228437 0.0 14.0
16.901028 50.606873 -4.00219938 1.0 14.0
21.58242 50.570984 -4.00219938 1.0 14.0
21.58242 50.570984 -4.00219939 0.0 15.0
24.416105 47.222797 -5.638228439 0.0 15.0
24.416105 47.222797 -5.638228440 0.0 16.0
24.353947 42.541817 -5.602341740 0.0 16.0
24.416105 47.222797 -5.638228441 0.0 16.0
27.688164 43.87461 -5.638228441 0.0 16.0
21.58242 50.570984 -4.00219942 0.0 15.0
26.263813 50.535095 -4.00219942 0.0 15.0
26.263813 50.535095 -4.00219943 0.0 16.0
29.097498 47.18691 -5.638228443 0.0 16.0
26.263813 50.535095 -4.00219944 0.0 16.0
30.945206 50.499207 -4.00219944 0.0 16.0
12.846824 50.64276 -1.661502745 2.0 13.0
16.169828 53.94039 -1.661502745 2.0 13.0
16.169828 53.94039 -1.661502746 0.0 14.0
20.224033 53.904503 -4.00219946 0.0 14.0
16.169828 53.94039 -1.661502747 1.0 14.0
19.492834 57.23802 -1.661502747 1.0 14.0
19.492834 57.23802 -1.661502748 0.0 15.0
23.547039 57.202133 -4.00219948 0.0 15.0
23.547039 57.202133 -4.00219949 0.0 16.0
26.380724 53.853947 -5.638228449 0.0 16.0
23.547039 57.202133 -4.00219950 0.0 16.0
28.228432 57.166245 -4.00219950 0.0 16.0
19.492834 57.23802 -1.661502751 0.0 15.0
22.81584 60.535652 -1.661502751 0.0 15.0
22.81584 60.535652 -1.661502752 0.0 16.0
26.870045 60.499763 -4.00219952 0.0 16.0
22.81584 60.535652 -1.661502753 0.0 16.0
26.138845 63.833282 -1.661502753 0.0 16.0
0.0 37.45224 0.054 22.0 9.0
0.0 42.13377 0.054 22.0 9.0
0.0 42.13377 0.055 0.0 10.0
2.8778071 45.4314 -1.661502755 0.0 10.0
0.0 42.13377 0.056 21.0 10.0
0.0 46.8153 0.056 21.0 10.0
0.0 46.8153 0.057 0.0 11.0
2.8778071 50.11293 -1.661502757 0.0 11.0
2.8778071 50.11293 -1.661502758 0.0 12.0
6.9320116 50.07704 -4.00219958 0.0 12.0
2.8778071 50.11293 -1.661502759 0.0 12.0
6.2008123 53.41056 -1.661502759 0.0 12.0
0.0 46.8153 0.060 20.0 11.0
0.0 51.49683 0.060 20.0 11.0
0.0 51.49683 0.061 0.0 12.0
2.8778071 54.79446 -1.661502761 0.0 12.0
0.0 51.49683 0.062 19.0 12.0
0.0 56.17836 0.062 19.0 12.0
0.0 56.17836 0.063 2.0 13.0
2.8778071 59.47599 -1.661502763 2.0 13.0
2.8778071 59.47599 -1.661502764 0.0 14.0
6.9320116 59.4401 -4.00219964 0.0 14.0
2.8778071 59.47599 -1.661502765 1.0 14.0
6.2008123 62.77362 -1.661502765 1.0 14.0
6.2008123 62.77362 -1.661502766 0.0 15.0
10.255016 62.737732 -4.00219966 0.0 15.0
10.255016 62.737732 -4.00219967 0.0 16.0
13.088701 59.389545 -5.638228467 0.0 16.0
10.255016 62.737732 -4.00219968 0.0 16.0
14.936409 62.701843 -4.00219968 0.0 16.0
6.2008123 62.77362 -1.661502769 0.0 15.0
9.523818 66.07125 -1.661502769 0.0 15.0
9.523818 66.07125 -1.661502770 0.0 16.0
13.578022 66.03536 -4.00219970 0.0 16.0
9.523818 66.07125 -1.661502771 0.0 16.0
12.846824 69.36888 -1.661502771 0.0 16.0
0.0 56.17836 0.072 18.0 13.0
0.0 60.85989 0.072 18.0 13.0
0.0 60.85989 0.073 0.0 14.0
2.8778071 64.15752 -1.661502773 0.0 14.0
0.0 60.85989 0.074 17.0 14.0
0.0 65.54142 0.074 17.0 14.0
0.0 65.54142 0.075 0.0 15.0
2.8778071 68.83905 -1.661502775 0.0 15.0
2.8778071 68.83905 -1.661502776 0.0 16.0
6.9320116 68.80316 -4.00219976 0.0 16.0
2.8778071 68.83905 -1.661502777 0.0 16.0
6.2008123 72.13668 -1.661502777 0.0 16.0
0.0 65.54142 0.078 16.0 15.0
0.0 70.222946 0.078 16.0 15.0
0.0 70.222946 0.079 0.0 16.0
2.8778071 73.52058 -1.661502779 0.0 16.0
0.0 70.222946 0.080 15.0 16.0
0.0 74.90448 0.080 15.0 16.0
0.0 74.90448 0.081 14.0 17.0
2.8778071 78.20211 -1.661502781 14.0 17.0
2.8778071 78.20211 -1.661502782 0.0 18.0
6.9320116 78.16622 -4.00219982 0.0 18.0
2.8778071 78.20211 -1.661502783 13.0 18.0
6.2008123 81.49974 -1.661502783 13.0 18.0
6.2008123 81.49974 -1.661502784 0.0 19.0
10.255016 81.46385 -4.00219984 0.0 19.0
10.255016 81.46385 -4.00219985 0.0 20.0
13.088701 78.11566 -5.638228485 0.0 20.0
10.255016 81.46385 -4.00219986 0.0 20.0
14.936409 81.42796 -4.00219986 0.0 20.0
6.2008123 81.49974 -1.661502787 12.0 19.0
9.523818 84.79737 -1.661502787 12.0 19.0
9.523818 84.79737 -1.661502788 0.0 20.0
13.578022 84.76148 -4.00219988 0.0 20.0
9.523818 84.79737 -1.661502789 11.0 20.0
12.846824 88.095 -1.661502789 11.0 20.0
12.846824 88.095 -1.661502790 2.0 21.0
16.901028 88.05911 -4.00219990 2.0 21.0
16.901028 88.05911 -4.00219991 0.0 22.0
19.734713 84.71092 -5.638228491 0.0 22.0
16.901028 88.05911 -4.00219992 1.0 22.0
21.58242 88.023224 -4.00219992 1.0 22.0
21.58242 88.023224 -4.00219993 0.0 23.0
24.416105 84.67503 -5.638228493 0.0 23.0
24.416105 84.67503 -5.638228494 0.0 24.0
24.353947 79.99406 -5.602341794 0.0 24.0
24.416105 84.67503 -5.638228495 0.0 24.0
27.688164 81.32684 -5.638228495 0.0 24.0
21.58242 88.023224 -4.00219996 0.0 23.0
26.263813 87.987335 -4.00219996 0.0 23.0
26.263813 87.987335 -4.00219997 0.0 24.0
29.097498 84.639145 -5.638228497 0.0 24.0
26.263813 87.987335 -4.00219998 0.0 24.0
30.945206 87.95145 -4.00219998 0.0 24.0
12.846824 88.095 -1.661502799 10.0 21.0
16.169828 91.39263 -1.661502799 10.0 21.0
16.169828 91.39263 -1.6615027100 0.0 22.0
20.224033 91.35674 -4.002199100 0.0 22.0
16.169828 91.39263 -1.6615027101 9.0 22.0
19.492834 94.69026 -1.6615027101 9.0 22.0
19.492834 94.69026 -1.6615027102 0.0 23.0
23.547039 94.65437 -4.002199102 0.0 23.0
23.547039 94.65437 -4.002199103 0.0 24.0
26.380724 91.30618 -5.6382284103 0.0 24.0
23.547039 94.65437 -4.002199104 0.0 24.0
28.228432 94.618484 -4.002199104 0.0 24.0
19.492834 94.69026 -1.6615027105 8.0 23.0
22.81584 97.98789 -1.6615027105 8.0 23.0
22.81584 97.98789 -1.6615027106 0.0 24.0
26.870045 97.952 -4.002199106 0.0 24.0
22.81584 97.98789 -1.6615027107 7.0 24.0
26.138845 101.28552 -1.6615027107 7.0 24.0
26.138845 101.28552 -1.6615027108 6.0 25.0
30.19305 101.24963 -4.002199108 6.0 25.0
30.19305 101.24963 -4.002199109 0.0 26.0
33.026737 97.90144 -5.6382284109 0.0 26.0
30.19305 101.24963 -4.002199110 5.0 26.0
34.874443 101.213745 -4.002199110 5.0 26.0
34.874443 101.213745 -4.002199111 0.0 27.0
37.70813 97.865555 -5.6382284111 0.0 27.0
37.70813 97.865555 -5.6382284112 0.0 28.0
37.645973 93.18458 -5.6023417112 0.0 28.0
37.70813 97.865555 -5.6382284113 0.0 28.0
40.980186 94.517365 -5.6382284113 0.0 28.0
34.874443 101.213745 -4.002199114 4.0 27.0
39.555836 101.17786 -4.002199114 4.0 27.0
39.555836 101.17786 -4.002199115 0.0 28.0
42.389523 97.829666 -5.6382284115 0.0 28.0
39.555836 101.17786 -4.002199116 3.0 28.0
44.23723 101.14197 -4.002199116 3.0 28.0
44.23723 101.14197 -4.002199117 2.0 29.0
47.070915 97.79378 -5.6382284117 2.0 29.0
47.070915 97.79378 -5.6382284118 0.0 30.0
47.00876 93.1128 -5.6023417118 0.0 30.0
47.070915 97.79378 -5.6382284119 1.0 30.0
50.34297 94.44559 -5.6382284119 1.0 30.0
50.34297 94.44559 -5.6382284120 0.0 31.0
50.280815 89.76461 -5.6023417120 0.0 31.0
50.280815 89.76461 -5.6023417121 0.0 32.0
47.359562 86.51832 -3.9157557121 0.0 32.0
50.280815 89.76461 -5.6023417122 0.0 32.0
50.20904 85.08363 -5.6023417122 0.0 32.0
50.34297 94.44559 -5.6382284123 0.0 31.0
53.61503 91.0974 -5.6382284123 0.0 31.0
53.61503 91.0974 -5.6382284124 0.0 32.0
53.55287 86.41642 -5.6023417124 0.0 32.0
53.61503 91.0974 -5.6382284125 0.0 32.0
56.887085 87.74921 -5.6382284125 0.0 32.0
44.23723 101.14197 -4.002199126 2.0 29.0
48.91862 101.10608 -4.002199126 2.0 29.0
48.91862 101.10608 -4.002199127 0.0 30.0
51.752308 97.75789 -5.6382284127 0.0 30.0
48.91862 101.10608 -4.002199128 1.0 30.0
53.600014 101.07019 -4.002199128 1.0 30.0
53.600014 101.07019 -4.002199129 0.0 31.0
56.4337 97.722 -5.6382284129 0.0 31.0
56.4337 97.722 -5.6382284130 0.0 32.0
56.371544 93.04102 -5.6023417130 0.0 32.0
56.4337 97.722 -5.6382284131 0.0 32.0
59.705757 94.37381 -5.6382284131 0.0 32.0
53.600014 101.07019 -4.002199132 0.0 31.0
58.281406 101.0343 -4.002199132 0.0 31.0
58.281406 101.0343 -4.002199133 0.0 32.0
61.115093 97.68611 -5.6382284133 0.0 32.0
58.281406 101.0343 -4.002199134 0.0 32.0
62.9628 100.99841 -4.002199134 0.0 32.0
26.138845 101.28552 -1.6615027135 6.0 25.0
29.461851 104.58315 -1.6615027135 6.0 25.0
29.461851 104.58315 -1.6615027136 0.0 26.0
33.516056 104.547264 -4.002199136 0.0 26.0
29.461851 104.58315 -1.6615027137 5.0 26.0
32.784855 107.88078 -1.6615027137 5.0 26.0
32.784855 107.88078 -1.6615027138 0.0 27.0
36.839058 107.844894 -4.002199138 0.0 27.0
36.839058 107.844894 -4.002199139 0.0 28.0
39.672745 104.496704 -5.6382284139 0.0 28.0
36.839058 107.844894 -4.002199140 0.0 28.0
41.52045 107.809006 -4.002199140 0.0 28.0
32.784855 107.88078 -1.6615027141 4.0 27.0
36.10786 111.17841 -1.6615027141 4.0 27.0
36.10786 111.17841 -1.6615027142 0.0 28.0
40.162064 111.142525 -4.002199142 0.0 28.0
36.10786 111.17841 -1.6615027143 3.0 28.0
39.430866 114.47604 -1.6615027143 3.0 28.0
39.430866 114.47604 -1.6615027144 2.0 29.0
43.48507 114.440155 -4.002199144 2.0 29.0
43.48507 114.440155 -4.002199145 0.0 30.0
46.318756 111.091965 -5.6382284145 0.0 30.0
43.48507 114.440155 -4.002199146 1.0 30.0
48.166462 114.40427 -4.002199146 1.0 30.0
48.166462 114.40427 -4.002199147 0.0 31.0
51.00015 111.056076 -5.6382284147 0.0 31.0
51.00015 111.056076 -5.6382284148 0.0 32.0
50.937992 106.3751 -5.6023417148 0.0 32.0
51.00015 111.056076 -5.6382284149 0.0 32.0
54.272205 107.707886 -5.6382284149 0.0 32.0
48.166462 114.40427 -4.002199150 0.0 31.0
52.847855 114.36838 -4.002199150 0.0 31.0
52.847855 114.36838 -4.002199151 0.0 32.0
55.68154 111.02019 -5.6382284151 0.0 32.0
52.847855 114.36838 -4.002199152 0.0 32.0
57.529247 114.33249 -4.002199152 0.0 32.0
39.430866 114.47604 -1.6615027153 2.0 29.0
42.753872 117.773674 -1.6615027153 2.0 29.0
42.753872 117.773674 -1.6615027154 0.0 30.0
46.808075 117.737785 -4.002199154 0.0 30.0
42.753872 117.773674 -1.6615027155 1.0 30.0
46.076878 121.071304 -1.6615027155 1.0 30.0
46.076878 121.071304 -1.6615027156 0.0 31.0
50.13108 121.035416 -4.002199156 0.0 31.0
50.13108 121.035416 -4.002199157 0.0 32.0
52.964767 117.687225 -5.6382284157 0.0 32.0
50.13108 121.035416 -4.002199158 0.0 32.0
54.812473 120.99953 -4.002199158 0.0 32.0
46.076878 121.071304 -1.6615027159 0.0 31.0
49.399883 124.368935 -1.6615027159 0.0 31.0
49.399883 124.368935 -1.6615027160 0.0 32.0
53.454086 124.333046 -4.002199160 0.0 32.0
49.399883 124.368935 -1.6615027161 0.0 32.0
52.72289 127.666565 -1.6615027161 0.0 32.0
0.0 74.90448 0.0162 14.0 17.0
0.0 79.58601 0.0162 14.0 17.0
0.0 79.58601 0.0163 0.0 18.0
2.8778071 82.883644 -1.6615027163 0.0 18.0
0.0 79.58601 0.0164 13.0 18.0
0.0 84.26755 0.0164 13.0 18.0
0.0 84.26755 0.0165 0.0 19.0
2.8778071 87.56518 -1.6615027165 0.0 19.0
2.8778071 87.56518 -1.6615027166 0.0 20.0
6.9320116 87.52929 -4.002199166 0.0 20.0
2.8778071 87.56518 -1.6615027167 0.0 20.0
6.2008123 90.86281 -1.6615027167 0.0 20.0
0.0 84.26755 0.0168 12.0 19.0
0.0 88.94908 0.0168 12.0 19.0
0.0 88.94908 0.0169 0.0 20.0
2.8778071 92.24671 -1.6615027169 0.0 20.0
0.0 88.94908 0.0170 11.0 20.0
0.0 93.630615 0.0170 11.0 20.0
0.0 93.630615 0.0171 2.0 21.0
2.8778071 96.928246 -1.6615027171 2.0 21.0
2.8778071 96.928246 -1.6615027172 0.0 22.0
6.9320116 96.89236 -4.002199172 0.0 22.0
2.8778071 96.928246 -1.6615027173 1.0 22.0
6.2008123 100.225876 -1.6615027173 1.0 22.0
6.2008123 100.225876 -1.6615027174 0.0 23.0
10.255016 100.18999 -4.002199174 0.0 23.0
10.255016 100.18999 -4.002199175 0.0 24.0
13.088701 96.8418 -5.6382284175 0.0 24.0
10.255016 100.18999 -4.002199176 0.0 24.0
14.936409 100.1541 -4.002199176 0.0 24.0
6.2008123 100.225876 -1.6615027177 0.0 23.0
9.523818 103.523506 -1.6615027177 0.0 23.0
9.523818 103.523506 -1.6615027178 0.0 24.0
13.578022 103.48762 -4.002199178 0.0 24.0
9.523818 103.523506 -1.6615027179 0.0 24.0
12.846824 106.82114 -1.6615027179 0.0 24.0
0.0 93.630615 0.0180 10.0 21.0
0.0 98.31215 0.0180 10.0 21.0
0.0 98.31215 0.0181 0.0 22.0
2.8778071 101.60978 -1.6615027181 0.0 22.0
0.0 98.31215 0.0182 9.0 22.0
0.0 102.99368 0.0182 9.0 22.0
0.0 102.99368 0.0183 0.0 23.0
2.8778071 106.29131 -1.6615027183 0.0 23.0
2.8778071 106.29131 -1.6615027184 0.0 24.0
6.9320116 106.255424 -4.002199184 0.0 24.0
2.8778071 106.29131 -1.6615027185 0.0 24.0
6.2008123 109.58894 -1.6615027185 0.0 24.0
0.0 102.99368 0.0186 8.0 23.0
0.0 107.67522 0.0186 8.0 23.0
0.0 107.67522 0.0187 0.0 24.0
2.8778071 110.97285 -1.6615027187 0.0 24.0
0.0 107.67522 0.0188 7.0 24.0
0.0 112.35675 0.0188 7.0 24.0
0.0 112.35675 0.0189 6.0 25.0
2.8778071 115.65438 -1.6615027189 6.0 25.0
2.8778071 115.65438 -1.6615027190 0.0 26.0
6.9320116 115.61849 -4.002199190 0.0 26.0
2.8778071 115.65438 -1.6615027191 5.0 26.0
6.2008123 118.95201 -1.6615027191 5.0 26.0
6.2008123 118.95201 -1.6615027192 0.0 27.0
10.255016 118.91612 -4.002199192 0.0 27.0
10.255016 118.91612 -4.002199193 0.0 28.0
13.088701 115.56793 -5.6382284193 0.0 28.0
10.255016 118.91612 -4.002199194 0.0 28.0
14.936409 118.88023 -4.002199194 0.0 28.0
6.2008123 118.95201 -1.6615027195 4.0 27.0
9.523818 122.24964 -1.6615027195 4.0 27.0
9.523818 122.24964 -1.6615027196 0.0 28.0
13.578022 122.21375 -4.002199196 0.0 28.0
9.523818 122.24964 -1.6615027197 3.0 28.0
12.846824 125.54727 -1.6615027197 3.0 28.0
12.846824 125.54727 -1.6615027198 2.0 29.0
16.901028 125.51138 -4.002199198 2.0 29.0
16.901028 125.51138 -4.002199199 0.0 30.0
19.734713 122.16319 -5.6382284199 0.0 30.0
16.901028 125.51138 -4.002199200 1.0 30.0
21.58242 125.475494 -4.002199200 1.0 30.0
21.58242 125.475494 -4.002199201 0.0 31.0
24.416105 122.127304 -5.6382284201 0.0 31.0
24.416105 122.127304 -5.6382284202 0.0 32.0
24.353947 117.44633 -5.6023417202 0.0 32.0
24.416105 122.127304 -5.6382284203 0.0 32.0
27.688164 118.77911 -5.6382284203 0.0 32.0
21.58242 125.475494 -4.002199204 0.0 31.0
26.263813 125.439606 -4.002199204 0.0 31.0
26.263813 125.439606 -4.002199205 0.0 32.0
29.097498 122.091415 -5.6382284205 0.0 32.0
26.263813 125.439606 -4.002199206 0.0 32.0
30.945206 125.40372 -4.002199206 0.0 32.0
12.846824 125.54727 -1.6615027207 2.0 29.0
16.169828 128.8449 -1.6615027207 2.0 29.0
16.169828 128.8449 -1.6615027208 0.0 30.0
20.224033 128.809 -4.002199208 0.0 30.0
16.169828 128.8449 -1.6615027209 1.0 30.0
19.492834 132.14252 -1.6615027209 1.0 30.0
19.492834 132.14252 -1.6615027210 0.0 31.0
23.547039 132.10663 -4.002199210 0.0 31.0
23.547039 132.10663 -4.002199211 0.0 32.0
26.380724 128.75844 -5.6382284211 0.0 32.0
23.547039 132.10663 -4.002199212 0.0 32.0
28.228432 132.07074 -4.002199212 0.0 32.0
19.492834 132.14252 -1.6615027213 0.0 31.0
22.81584 135.44014 -1.6615027213 0.0 31.0
22.81584 135.44014 -1.6615027214 0.0 32.0
26.870045 135.40425 -4.002199214 0.0 32.0
22.81584 135.44014 -1.6615027215 0.0 32.0
26.138845 138.73776 -1.6615027215 0.0 32.0
0.0 112.35675 0.0216 6.0 25.0
0.0 117.038284 0.0216 6.0 25.0
0.0 117.038284 0.0217 0.0 26.0
2.8778071 120.335915 -1.6615027217 0.0 26.0
0.0 117.038284 0.0218 5.0 26.0
0.0 121.71982 0.0218 5.0 26.0
0.0 121.71982 0.0219 0.0 27.0
2.8778071 125.01745 -1.6615027219 0.0 27.0
2.8778071 125.01745 -1.6615027220 0.0 28.0
6.9320116 124.98156 -4.002199220 0.0 28.0
2.8778071 125.01745 -1.6615027221 0.0 28.0
6.2008123 128.31508 -1.6615027221 0.0 28.0
0.0 121.71982 0.0222 4.0 27.0
0.0 126.40135 0.0222 4.0 27.0
0.0 126.40135 0.0223 0.0 28.0
2.8778071 129.69897 -1.6615027223 0.0 28.0
0.0 126.40135 0.0224 3.0 28.0
0.0 131.08289 0.0224 3.0 28.0
0.0 131.08289 0.0225 2.0 29.0
2.8778071 134.38051 -1.6615027225 2.0 29.0
2.8778071 134.38051 -1.6615027226 0.0 30.0
6.9320116 134.34462 -4.002199226 0.0 30.0
2.8778071 134.38051 -1.6615027227 1.0 30.0
6.2008123 137.67813 -1.6615027227 1.0 30.0
6.2008123 137.67813 -1.6615027228 0.0 31.0
10.255016 137.64224 -4.002199228 0.0 31.0
10.255016 137.64224 -4.002199229 0.0 32.0
13.088701 134.29405 -5.6382284229 0.0 32.0
10.255016 137.64224 -4.002199230 0.0 32.0
14.936409 137.60635 -4.002199230 0.0 32.0
6.2008123 137.67813 -1.6615027231 0.0 31.0
9.523818 140.97575 -1.6615027231 0.0 31.0
9.523818 140.97575 -1.6615027232 0.0 32.0
13.578022 140.93987 -4.002199232 0.0 32.0
9.523818 140.97575 -1.6615027233 0.0 32.0
12.846824 144.27338 -1.6615027233 0.0 32.0
0.0 131.08289 0.0234 2.0 29.0
0.0 135.76442 0.0234 2.0 29.0
0.0 135.76442 0.0235 0.0 30.0
2.8778071 139.06204 -1.6615027235 0.0 30.0
0.0 135.76442 0.0236 1.0 30.0
0.0 140.44595 0.0236 1.0 30.0
0.0 140.44595 0.0237 0.0 31.0
2.8778071 143.74358 -1.6615027237 0.0 31.0
2.8778071 143.74358 -1.6615027238 0.0 32.0
6.9320116 143.70769 -4.002199238 0.0 32.0
2.8778071 143.74358 -1.6615027239 0.0 32.0
6.2008123 147.0412 -1.6615027239 0.0 32.0
0.0 140.44595 0.0240 0.0 31.0
0.0 145.12749 0.0240 0.0 31.0
0.0 145.12749 0.0241 0.0 32.0
2.8778071 148.42511 -1.6615027241 0.0 32.0
0.0 145.12749 0.0242 0.0 32.0
0.0 149.80902 0.0242 0.0 32.0
