0.0 0.0 0.00 60.0 1.0
0.0 0.31198558 0.00 60.0 1.0
0.0 0.31198558 0.01 59.0 2.0
0.0 0.62397116 0.01 59.0 2.0
0.0 0.62397116 0.02 58.0 3.0
0.0 0.9359567 0.02 58.0 3.0
0.0 0.9359567 0.03 57.0 4.0
0.0 1.2479423 0.03 57.0 4.0
0.0 1.2479423 0.04 56.0 5.0
0.0 1.5599279 0.04 56.0 5.0
0.0 1.5599279 0.05 55.0 6.0
0.0 1.8719136 0.05 55.0 6.0
0.0 1.8719136 0.06 54.0 7.0
0.0 2.1838992 0.06 54.0 7.0
0.0 2.1838992 0.07 53.0 8.0
0.0 2.4958847 0.07 53.0 8.0
0.0 2.4958847 0.08 52.0 9.0
0.0 2.8078701 0.08 52.0 9.0
0.0 2.8078701 0.09 51.0 10.0
0.0 3.1198556 0.09 51.0 10.0
0.0 3.1198556 0.010 50.0 11.0
0.0 3.4318411 0.010 50.0 11.0
0.0 3.4318411 0.011 49.0 12.0
0.0 3.7438266 0.011 49.0 12.0
0.0 3.7438266 0.012 48.0 13.0
0.0 4.0558124 0.012 48.0 13.0
0.0 4.0558124 0.013 47.0 14.0
0.0 4.367798 0.013 47.0 14.0
0.0 4.367798 0.014 46.0 15.0
0.0 4.6797833 0.014 46.0 15.0
0.0 4.6797833 0.015 45.0 16.0
0.0 4.991769 0.015 45.0 16.0
0.0 4.991769 0.016 28.0 17.0
-0.120294094 5.2711267 0.06945182416 28.0 17.0
-0.120294094 5.2711267 0.06945182417 27.0 18.0
-0.24058819 5.5504847 0.1389036517 27.0 18.0
-0.24058819 5.5504847 0.1389036518 26.0 19.0
-0.36088228 5.8298426 0.2083554718 26.0 19.0
-0.36088228 5.8298426 0.2083554719 25.0 20.0
-0.48117638 6.1092005 0.277807319 25.0 20.0
-0.48117638 6.1092005 0.277807320 24.0 21.0
-0.6014705 6.3885584 0.347259120 24.0 21.0
-0.6014705 6.3885584 0.347259121 23.0 22.0
-0.72176456 6.6679163 0.416710921 23.0 22.0
-0.72176456 6.6679163 0.416710922 22.0 23.0
-0.84205866 6.947274 0.4861627222 22.0 23.0
-0.84205866 6.947274 0.4861627223 21.0 24.0
-0.96235275 7.226632 0.5556145323 21.0 24.0
-0.96235275 7.226632 0.5556145324 12.0 25.0
-1.1777799 7.4149313 0.679991524 12.0 25.0
-1.1777799 7.4149313 0.679991525 11.0 26.0
-1.3932071 7.6032305 0.8043684425 11.0 26.0
-1.3932071 7.6032305 0.8043684426 10.0 27.0
-1.6086342 7.7915297 0.928745426 10.0 27.0
-1.6086342 7.7915297 0.928745427 9.0 28.0
-1.8240614 7.979829 1.053122427 9.0 28.0
-1.8240614 7.979829 1.053122428 4.0 29.0
-2.0895624 8.0376835 1.206409628 4.0 29.0
-2.0895624 8.0376835 1.206409629 3.0 30.0
-2.3550634 8.095538 1.359696729 3.0 30.0
-2.3550634 8.095538 1.359696730 0.0 31.0
-2.6151056 8.010848 1.509832130 0.0 31.0
-2.6151056 8.010848 1.509832131 0.0 32.0
-2.9153767 7.926158 1.509832131 0.0 32.0
-2.3550634 8.095538 1.359696732 0.0 31.0
-2.5704906 8.283837 1.484073832 0.0 31.0
-2.5704906 8.283837 1.484073833 0.0 32.0
-2.8192446 8.4721365 1.484073833 0.0 32.0
-2.3550634 8.095538 1.359696734 2.0 31.0
-2.6616378 8.153393 1.359696734 2.0 31.0
-2.6616378 8.153393 1.359696735 1.0 32.0
-2.9682121 8.211247 1.359696735 1.0 32.0
-2.9682121 8.211247 1.359696736 0.0 33.0
-3.2747865 8.269102 1.359696736 0.0 33.0
-3.2747865 8.269102 1.359696737 0.0 34.0
-3.5813608 8.326957 1.359696737 0.0 34.0
-1.8240614 7.979829 1.053122438 4.0 29.0
-1.9443555 8.259187 1.122574238 4.0 29.0
-1.9443555 8.259187 1.122574239 3.0 30.0
-2.0646496 8.538545 1.19202639 3.0 30.0
-2.0646496 8.538545 1.19202640 0.0 31.0
-2.2800767 8.726844 1.31640340 0.0 31.0
-2.2800767 8.726844 1.31640341 0.0 32.0
-2.5288308 8.915143 1.31640341 0.0 32.0
-2.0646496 8.538545 1.19202642 0.0 31.0
-2.0646496 8.850531 1.19202642 0.0 31.0
-2.0646496 8.850531 1.19202643 0.0 32.0
-2.0646496 9.162517 1.19202643 0.0 32.0
-2.0646496 8.538545 1.19202644 2.0 31.0
-2.2035532 8.817903 1.19202644 2.0 31.0
-2.2035532 8.817903 1.19202645 1.0 32.0
-2.3424568 9.09726 1.19202645 1.0 32.0
-2.3424568 9.09726 1.19202646 0.0 33.0
-2.4813604 9.376618 1.19202646 0.0 33.0
-2.4813604 9.376618 1.19202647 0.0 34.0
-2.620264 9.655976 1.19202647 0.0 34.0
-1.8240614 7.979829 1.053122448 8.0 29.0
-2.0728154 8.168128 1.053122448 8.0 29.0
-2.0728154 8.168128 1.053122449 7.0 30.0
-2.3215694 8.356427 1.053122449 7.0 30.0
-2.3215694 8.356427 1.053122450 6.0 31.0
-2.5703235 8.544726 1.053122450 6.0 31.0
-2.5703235 8.544726 1.053122451 5.0 32.0
-2.8190775 8.733026 1.053122451 5.0 32.0
-2.8190775 8.733026 1.053122452 4.0 33.0
-3.0678315 8.921325 1.053122452 4.0 33.0
-3.0678315 8.921325 1.053122453 3.0 34.0
-3.3165855 9.109624 1.053122453 3.0 34.0
-3.3165855 9.109624 1.053122454 0.0 35.0
-3.5820866 9.167479 1.206409654 0.0 35.0
-3.5820866 9.167479 1.206409655 0.0 36.0
-3.888661 9.225333 1.206409655 0.0 36.0
-3.3165855 9.109624 1.053122456 0.0 35.0
-3.4368796 9.388982 1.122574256 0.0 35.0
-3.4368796 9.388982 1.122574257 0.0 36.0
-3.5757833 9.66834 1.122574257 0.0 36.0
-3.3165855 9.109624 1.053122458 2.0 35.0
-3.5653396 9.297923 1.053122458 2.0 35.0
-3.5653396 9.297923 1.053122459 1.0 36.0
-3.8140936 9.486222 1.053122459 1.0 36.0
-3.8140936 9.486222 1.053122460 0.0 37.0
-4.0628476 9.674521 1.053122460 0.0 37.0
-4.0628476 9.674521 1.053122461 0.0 38.0
-4.3116016 9.862821 1.053122461 0.0 38.0
-0.96235275 7.226632 0.5556145362 12.0 25.0
-0.96235275 7.5386176 0.5556145362 12.0 25.0
-0.96235275 7.5386176 0.5556145363 11.0 26.0
-0.96235275 7.850603 0.5556145363 11.0 26.0
-0.96235275 7.850603 0.5556145364 10.0 27.0
-0.96235275 8.162589 0.5556145364 10.0 27.0
-0.96235275 8.162589 0.5556145365 9.0 28.0
-0.96235275 8.474575 0.5556145365 9.0 28.0
-0.96235275 8.474575 0.5556145366 4.0 29.0
-1.0826468 8.753933 0.6250663466 4.0 29.0
-1.0826468 8.753933 0.6250663467 3.0 30.0
-1.202941 9.033291 0.6945181567 3.0 30.0
-1.202941 9.033291 0.6945181568 0.0 31.0
-1.4183681 9.22159 0.818895168 0.0 31.0
-1.4183681 9.22159 0.818895169 0.0 32.0
-1.667122 9.409889 0.818895169 0.0 32.0
-1.202941 9.033291 0.6945181570 0.0 31.0
-1.202941 9.345277 0.6945181570 0.0 31.0
-1.202941 9.345277 0.6945181571 0.0 32.0
-1.202941 9.657263 0.6945181571 0.0 32.0
-1.202941 9.033291 0.6945181572 2.0 31.0
-1.3418446 9.312649 0.6945181572 2.0 31.0
-1.3418446 9.312649 0.6945181573 1.0 32.0
-1.4807482 9.592007 0.6945181573 1.0 32.0
-1.4807482 9.592007 0.6945181574 0.0 33.0
-1.6196518 9.871365 0.6945181574 0.0 33.0
-1.6196518 9.871365 0.6945181575 0.0 34.0
-1.7585554 10.1507225 0.6945181575 0.0 34.0
-0.96235275 8.474575 0.5556145376 4.0 29.0
-0.84205866 8.753933 0.4861627276 4.0 29.0
-0.84205866 8.753933 0.4861627277 3.0 30.0
-0.72176456 9.033291 0.416710977 3.0 30.0
-0.72176456 9.033291 0.416710978 0.0 31.0
-0.72176456 9.345277 0.416710978 0.0 31.0
-0.72176456 9.345277 0.416710979 0.0 32.0
-0.72176456 9.657263 0.416710979 0.0 32.0
-0.72176456 9.033291 0.416710980 0.0 31.0
-0.50633734 9.22159 0.2923339680 0.0 31.0
-0.50633734 9.22159 0.2923339681 0.0 32.0
-0.25758344 9.409889 0.2923339681 0.0 32.0
-0.72176456 9.033291 0.416710982 2.0 31.0
-0.58286095 9.312649 0.416710982 2.0 31.0
-0.58286095 9.312649 0.416710983 1.0 32.0
-0.4439573 9.592007 0.416710983 1.0 32.0
-0.4439573 9.592007 0.416710984 0.0 33.0
-0.30505365 9.871365 0.416710984 0.0 33.0
-0.30505365 9.871365 0.416710985 0.0 34.0
-0.16615 10.1507225 0.416710985 0.0 34.0
-0.96235275 8.474575 0.5556145386 8.0 29.0
-0.96235275 8.786561 0.5556145386 8.0 29.0
-0.96235275 8.786561 0.5556145387 7.0 30.0
-0.96235275 9.098547 0.5556145387 7.0 30.0
-0.96235275 9.098547 0.5556145388 6.0 31.0
-0.96235275 9.410533 0.5556145388 6.0 31.0
-0.96235275 9.410533 0.5556145389 5.0 32.0
-0.96235275 9.722519 0.5556145389 5.0 32.0
-0.96235275 9.722519 0.5556145390 4.0 33.0
-0.96235275 10.034505 0.5556145390 4.0 33.0
-0.96235275 10.034505 0.5556145391 3.0 34.0
-0.96235275 10.346491 0.5556145391 3.0 34.0
-0.96235275 10.346491 0.5556145392 0.0 35.0
-1.0826468 10.625849 0.6250663492 0.0 35.0
-1.0826468 10.625849 0.6250663493 0.0 36.0
-1.2215505 10.905207 0.6250663493 0.0 36.0
-0.96235275 10.346491 0.5556145394 0.0 35.0
-0.84205866 10.625849 0.4861627294 0.0 35.0
-0.84205866 10.625849 0.4861627295 0.0 36.0
-0.70315504 10.905207 0.4861627295 0.0 36.0
-0.96235275 10.346491 0.5556145396 2.0 35.0
-0.96235275 10.658477 0.5556145396 2.0 35.0
-0.96235275 10.658477 0.5556145397 1.0 36.0
-0.96235275 10.970463 0.5556145397 1.0 36.0
-0.96235275 10.970463 0.5556145398 0.0 37.0
-0.96235275 11.282449 0.5556145398 0.0 37.0
-0.96235275 11.282449 0.5556145399 0.0 38.0
-0.96235275 11.594435 0.5556145399 0.0 38.0
-0.96235275 7.226632 0.55561453100 20.0 25.0
-1.1012564 7.50599 0.55561453100 20.0 25.0
-1.1012564 7.50599 0.55561453101 19.0 26.0
-1.24016 7.785348 0.55561453101 19.0 26.0
-1.24016 7.785348 0.55561453102 18.0 27.0
-1.3790636 8.064706 0.55561453102 18.0 27.0
-1.3790636 8.064706 0.55561453103 17.0 28.0
-1.5179672 8.344064 0.55561453103 17.0 28.0
-1.5179672 8.344064 0.55561453104 16.0 29.0
-1.6568708 8.623422 0.55561453104 16.0 29.0
-1.6568708 8.623422 0.55561453105 15.0 30.0
-1.7957745 8.90278 0.55561453105 15.0 30.0
-1.7957745 8.90278 0.55561453106 14.0 31.0
-1.9346781 9.1821375 0.55561453106 14.0 31.0
-1.9346781 9.1821375 0.55561453107 13.0 32.0
-2.0735817 9.461495 0.55561453107 13.0 32.0
-2.0735817 9.461495 0.55561453108 12.0 33.0
-2.2124853 9.740853 0.55561453108 12.0 33.0
-2.2124853 9.740853 0.55561453109 11.0 34.0
-2.351389 10.020211 0.55561453109 11.0 34.0
-2.351389 10.020211 0.55561453110 10.0 35.0
-2.4902925 10.299569 0.55561453110 10.0 35.0
-2.4902925 10.299569 0.55561453111 9.0 36.0
-2.6291962 10.578927 0.55561453111 9.0 36.0
-2.6291962 10.578927 0.55561453112 4.0 37.0
-2.8446233 10.767226 0.6799915112 4.0 37.0
-2.8446233 10.767226 0.6799915113 3.0 38.0
-3.0600505 10.955525 0.80436844113 3.0 38.0
-3.0600505 10.955525 0.80436844114 0.0 39.0
-3.3255515 11.01338 0.95765555114 0.0 39.0
-3.3255515 11.01338 0.95765555115 0.0 40.0
-3.6321259 11.071235 0.95765555115 0.0 40.0
-3.0600505 10.955525 0.80436844116 0.0 39.0
-3.1803446 11.234883 0.87382025116 0.0 39.0
-3.1803446 11.234883 0.87382025117 0.0 40.0
-3.3192482 11.514241 0.87382025117 0.0 40.0
-3.0600505 10.955525 0.80436844118 2.0 39.0
-3.3088045 11.143825 0.80436844118 2.0 39.0
-3.3088045 11.143825 0.80436844119 1.0 40.0
-3.5575585 11.332124 0.80436844119 1.0 40.0
-3.5575585 11.332124 0.80436844120 0.0 41.0
-3.8063126 11.520423 0.80436844120 0.0 41.0
-3.8063126 11.520423 0.80436844121 0.0 42.0
-4.0550666 11.708722 0.80436844121 0.0 42.0
-2.6291962 10.578927 0.55561453122 4.0 37.0
-2.6291962 10.890913 0.55561453122 4.0 37.0
-2.6291962 10.890913 0.55561453123 3.0 38.0
-2.6291962 11.202899 0.55561453123 3.0 38.0
-2.6291962 11.202899 0.55561453124 0.0 39.0
-2.7494903 11.482257 0.62506634124 0.0 39.0
-2.7494903 11.482257 0.62506634125 0.0 40.0
-2.8883939 11.761615 0.62506634125 0.0 40.0
-2.6291962 11.202899 0.55561453126 0.0 39.0
-2.508902 11.482257 0.48616272126 0.0 39.0
-2.508902 11.482257 0.48616272127 0.0 40.0
-2.3699985 11.761615 0.48616272127 0.0 40.0
-2.6291962 11.202899 0.55561453128 2.0 39.0
-2.6291962 11.514885 0.55561453128 2.0 39.0
-2.6291962 11.514885 0.55561453129 1.0 40.0
-2.6291962 11.826871 0.55561453129 1.0 40.0
-2.6291962 11.826871 0.55561453130 0.0 41.0
-2.6291962 12.138857 0.55561453130 0.0 41.0
-2.6291962 12.138857 0.55561453131 0.0 42.0
-2.6291962 12.450843 0.55561453131 0.0 42.0
-2.6291962 10.578927 0.55561453132 8.0 37.0
-2.7680998 10.858285 0.55561453132 8.0 37.0
-2.7680998 10.858285 0.55561453133 7.0 38.0
-2.9070034 11.137643 0.55561453133 7.0 38.0
-2.9070034 11.137643 0.55561453134 6.0 39.0
-3.045907 11.417001 0.55561453134 6.0 39.0
-3.045907 11.417001 0.55561453135 5.0 40.0
-3.1848106 11.696359 0.55561453135 5.0 40.0
-3.1848106 11.696359 0.55561453136 4.0 41.0
-3.3237143 11.975717 0.55561453136 4.0 41.0
-3.3237143 11.975717 0.55561453137 3.0 42.0
-3.4626179 12.2550745 0.55561453137 3.0 42.0
-3.4626179 12.2550745 0.55561453138 0.0 43.0
-3.678045 12.443374 0.6799915138 0.0 43.0
-3.678045 12.443374 0.6799915139 0.0 44.0
-3.926799 12.631673 0.6799915139 0.0 44.0
-3.4626179 12.2550745 0.55561453140 0.0 43.0
-3.4626179 12.56706 0.55561453140 0.0 43.0
-3.4626179 12.56706 0.55561453141 0.0 44.0
-3.4626179 12.879046 0.55561453141 0.0 44.0
-3.4626179 12.2550745 0.55561453142 2.0 43.0
-3.6015215 12.534432 0.55561453142 2.0 43.0
-3.6015215 12.534432 0.55561453143 1.0 44.0
-3.740425 12.81379 0.55561453143 1.0 44.0
-3.740425 12.81379 0.55561453144 0.0 45.0
-3.8793287 13.093148 0.55561453144 0.0 45.0
-3.8793287 13.093148 0.55561453145 0.0 46.0
-4.0182323 13.372506 0.55561453145 0.0 46.0
0.0 4.991769 0.0146 28.0 17.0
0.120294094 5.2711267 -0.069451824146 28.0 17.0
0.120294094 5.2711267 -0.069451824147 27.0 18.0
0.24058819 5.5504847 -0.13890365147 27.0 18.0
0.24058819 5.5504847 -0.13890365148 26.0 19.0
0.36088228 5.8298426 -0.20835547148 26.0 19.0
0.36088228 5.8298426 -0.20835547149 25.0 20.0
0.48117638 6.1092005 -0.2778073149 25.0 20.0
0.48117638 6.1092005 -0.2778073150 24.0 21.0
0.6014705 6.3885584 -0.3472591150 24.0 21.0
0.6014705 6.3885584 -0.3472591151 23.0 22.0
0.72176456 6.6679163 -0.4167109151 23.0 22.0
0.72176456 6.6679163 -0.4167109152 22.0 23.0
0.84205866 6.947274 -0.48616272152 22.0 23.0
0.84205866 6.947274 -0.48616272153 21.0 24.0
0.96235275 7.226632 -0.55561453153 21.0 24.0
0.96235275 7.226632 -0.55561453154 12.0 25.0
0.96235275 7.5386176 -0.55561453154 12.0 25.0
0.96235275 7.5386176 -0.55561453155 11.0 26.0
0.96235275 7.850603 -0.55561453155 11.0 26.0
0.96235275 7.850603 -0.55561453156 10.0 27.0
0.96235275 8.162589 -0.55561453156 10.0 27.0
0.96235275 8.162589 -0.55561453157 9.0 28.0
0.96235275 8.474575 -0.55561453157 9.0 28.0
0.96235275 8.474575 -0.55561453158 4.0 29.0
0.84205866 8.753933 -0.48616272158 4.0 29.0
0.84205866 8.753933 -0.48616272159 3.0 30.0
0.72176456 9.033291 -0.4167109159 3.0 30.0
0.72176456 9.033291 -0.4167109160 0.0 31.0
0.50633734 9.22159 -0.29233396160 0.0 31.0
0.50633734 9.22159 -0.29233396161 0.0 32.0
0.25758344 9.409889 -0.29233396161 0.0 32.0
0.72176456 9.033291 -0.4167109162 0.0 31.0
0.72176456 9.345277 -0.4167109162 0.0 31.0
0.72176456 9.345277 -0.4167109163 0.0 32.0
0.72176456 9.657263 -0.4167109163 0.0 32.0
0.72176456 9.033291 -0.4167109164 2.0 31.0
0.58286095 9.312649 -0.4167109164 2.0 31.0
0.58286095 9.312649 -0.4167109165 1.0 32.0
0.4439573 9.592007 -0.4167109165 1.0 32.0
0.4439573 9.592007 -0.4167109166 0.0 33.0
0.30505365 9.871365 -0.4167109166 0.0 33.0
0.30505365 9.871365 -0.4167109167 0.0 34.0
0.16615 10.1507225 -0.4167109167 0.0 34.0
0.96235275 8.474575 -0.55561453168 4.0 29.0
1.0826468 8.753933 -0.62506634168 4.0 29.0
1.0826468 8.753933 -0.62506634169 3.0 30.0
1.202941 9.033291 -0.69451815169 3.0 30.0
1.202941 9.033291 -0.69451815170 0.0 31.0
1.202941 9.345277 -0.69451815170 0.0 31.0
1.202941 9.345277 -0.69451815171 0.0 32.0
1.202941 9.657263 -0.69451815171 0.0 32.0
1.202941 9.033291 -0.69451815172 0.0 31.0
1.4183681 9.22159 -0.8188951172 0.0 31.0
1.4183681 9.22159 -0.8188951173 0.0 32.0
1.667122 9.409889 -0.8188951173 0.0 32.0
1.202941 9.033291 -0.69451815174 2.0 31.0
1.3418446 9.312649 -0.69451815174 2.0 31.0
1.3418446 9.312649 -0.69451815175 1.0 32.0
1.4807482 9.592007 -0.69451815175 1.0 32.0
1.4807482 9.592007 -0.69451815176 0.0 33.0
1.6196518 9.871365 -0.69451815176 0.0 33.0
1.6196518 9.871365 -0.69451815177 0.0 34.0
1.7585554 10.1507225 -0.69451815177 0.0 34.0
0.96235275 8.474575 -0.55561453178 8.0 29.0
0.96235275 8.786561 -0.55561453178 8.0 29.0
0.96235275 8.786561 -0.55561453179 7.0 30.0
0.96235275 9.098547 -0.55561453179 7.0 30.0
0.96235275 9.098547 -0.55561453180 6.0 31.0
0.96235275 9.410533 -0.55561453180 6.0 31.0
0.96235275 9.410533 -0.55561453181 5.0 32.0
0.96235275 9.722519 -0.55561453181 5.0 32.0
0.96235275 9.722519 -0.55561453182 4.0 33.0
0.96235275 10.034505 -0.55561453182 4.0 33.0
0.96235275 10.034505 -0.55561453183 3.0 34.0
0.96235275 10.346491 -0.55561453183 3.0 34.0
0.96235275 10.346491 -0.55561453184 0.0 35.0
0.84205866 10.625849 -0.48616272184 0.0 35.0
0.84205866 10.625849 -0.48616272185 0.0 36.0
0.70315504 10.905207 -0.48616272185 0.0 36.0
0.96235275 10.346491 -0.55561453186 0.0 35.0
1.0826468 10.625849 -0.62506634186 0.0 35.0
1.0826468 10.625849 -0.62506634187 0.0 36.0
1.2215505 10.905207 -0.62506634187 0.0 36.0
0.96235275 10.346491 -0.55561453188 2.0 35.0
0.96235275 10.658477 -0.55561453188 2.0 35.0
0.96235275 10.658477 -0.55561453189 1.0 36.0
0.96235275 10.970463 -0.55561453189 1.0 36.0
0.96235275 10.970463 -0.55561453190 0.0 37.0
0.96235275 11.282449 -0.55561453190 0.0 37.0
0.96235275 11.282449 -0.55561453191 0.0 38.0
0.96235275 11.594435 -0.55561453191 0.0 38.0
0.96235275 7.226632 -0.55561453192 12.0 25.0
1.1777799 7.4149313 -0.6799915192 12.0 25.0
1.1777799 7.4149313 -0.6799915193 11.0 26.0
1.3932071 7.6032305 -0.80436844193 11.0 26.0
1.3932071 7.6032305 -0.80436844194 10.0 27.0
1.6086342 7.7915297 -0.9287454194 10.0 27.0
1.6086342 7.7915297 -0.9287454195 9.0 28.0
1.8240614 7.979829 -1.0531224195 9.0 28.0
1.8240614 7.979829 -1.0531224196 4.0 29.0
1.9443555 8.259187 -1.1225742196 4.0 29.0
1.9443555 8.259187 -1.1225742197 3.0 30.0
2.0646496 8.538545 -1.192026197 3.0 30.0
2.0646496 8.538545 -1.192026198 0.0 31.0
2.0646496 8.850531 -1.192026198 0.0 31.0
2.0646496 8.850531 -1.192026199 0.0 32.0
2.0646496 9.162517 -1.192026199 0.0 32.0
2.0646496 8.538545 -1.192026200 0.0 31.0
2.2800767 8.726844 -1.316403200 0.0 31.0
2.2800767 8.726844 -1.316403201 0.0 32.0
2.5288308 8.915143 -1.316403201 0.0 32.0
2.0646496 8.538545 -1.192026202 2.0 31.0
2.2035532 8.817903 -1.192026202 2.0 31.0
2.2035532 8.817903 -1.192026203 1.0 32.0
2.3424568 9.09726 -1.192026203 1.0 32.0
2.3424568 9.09726 -1.192026204 0.0 33.0
2.4813604 9.376618 -1.192026204 0.0 33.0
2.4813604 9.376618 -1.192026205 0.0 34.0
2.620264 9.655976 -1.192026205 0.0 34.0
1.8240614 7.979829 -1.0531224206 4.0 29.0
2.0895624 8.0376835 -1.2064096206 4.0 29.0
2.0895624 8.0376835 -1.2064096207 3.0 30.0
2.3550634 8.095538 -1.3596967207 3.0 30.0
2.3550634 8.095538 -1.3596967208 0.0 31.0
2.5704906 8.283837 -1.4840738208 0.0 31.0
2.5704906 8.283837 -1.4840738209 0.0 32.0
2.8192446 8.4721365 -1.4840738209 0.0 32.0
2.3550634 8.095538 -1.3596967210 0.0 31.0
2.6151056 8.010848 -1.5098321210 0.0 31.0
2.6151056 8.010848 -1.5098321211 0.0 32.0
2.9153767 7.926158 -1.5098321211 0.0 32.0
2.3550634 8.095538 -1.3596967212 2.0 31.0
2.6616378 8.153393 -1.3596967212 2.0 31.0
2.6616378 8.153393 -1.3596967213 1.0 32.0
2.9682121 8.211247 -1.3596967213 1.0 32.0
2.9682121 8.211247 -1.3596967214 0.0 33.0
3.2747865 8.269102 -1.3596967214 0.0 33.0
3.2747865 8.269102 -1.3596967215 0.0 34.0
3.5813608 8.326957 -1.3596967215 0.0 34.0
1.8240614 7.979829 -1.0531224216 8.0 29.0
2.0728154 8.168128 -1.0531224216 8.0 29.0
2.0728154 8.168128 -1.0531224217 7.0 30.0
2.3215694 8.356427 -1.0531224217 7.0 30.0
2.3215694 8.356427 -1.0531224218 6.0 31.0
2.5703235 8.544726 -1.0531224218 6.0 31.0
2.5703235 8.544726 -1.0531224219 5.0 32.0
2.8190775 8.733026 -1.0531224219 5.0 32.0
2.8190775 8.733026 -1.0531224220 4.0 33.0
3.0678315 8.921325 -1.0531224220 4.0 33.0
3.0678315 8.921325 -1.0531224221 3.0 34.0
3.3165855 9.109624 -1.0531224221 3.0 34.0
3.3165855 9.109624 -1.0531224222 0.0 35.0
3.4368796 9.388982 -1.1225742222 0.0 35.0
3.4368796 9.388982 -1.1225742223 0.0 36.0
3.5757833 9.66834 -1.1225742223 0.0 36.0
3.3165855 9.109624 -1.0531224224 0.0 35.0
3.5820866 9.167479 -1.2064096224 0.0 35.0
3.5820866 9.167479 -1.2064096225 0.0 36.0
3.888661 9.225333 -1.2064096225 0.0 36.0
3.3165855 9.109624 -1.0531224226 2.0 35.0
3.5653396 9.297923 -1.0531224226 2.0 35.0
3.5653396 9.297923 -1.0531224227 1.0 36.0
3.8140936 9.486222 -1.0531224227 1.0 36.0
3.8140936 9.486222 -1.0531224228 0.0 37.0
4.0628476 9.674521 -1.0531224228 0.0 37.0
4.0628476 9.674521 -1.0531224229 0.0 38.0
4.3116016 9.862821 -1.0531224229 0.0 38.0
0.96235275 7.226632 -0.55561453230 20.0 25.0
1.1012564 7.50599 -0.55561453230 20.0 25.0
1.1012564 7.50599 -0.55561453231 19.0 26.0
1.24016 7.785348 -0.55561453231 19.0 26.0
1.24016 7.785348 -0.55561453232 18.0 27.0
1.3790636 8.064706 -0.55561453232 18.0 27.0
1.3790636 8.064706 -0.55561453233 17.0 28.0
1.5179672 8.344064 -0.55561453233 17.0 28.0
1.5179672 8.344064 -0.55561453234 16.0 29.0
1.6568708 8.623422 -0.55561453234 16.0 29.0
1.6568708 8.623422 -0.55561453235 15.0 30.0
1.7957745 8.90278 -0.55561453235 15.0 30.0
1.7957745 8.90278 -0.55561453236 14.0 31.0
1.9346781 9.1821375 -0.55561453236 14.0 31.0
1.9346781 9.1821375 -0.55561453237 13.0 32.0
2.0735817 9.461495 -0.55561453237 13.0 32.0
2.0735817 9.461495 -0.55561453238 12.0 33.0
2.2124853 9.740853 -0.55561453238 12.0 33.0
2.2124853 9.740853 -0.55561453239 11.0 34.0
2.351389 10.020211 -0.55561453239 11.0 34.0
2.351389 10.020211 -0.55561453240 10.0 35.0
2.4902925 10.299569 -0.55561453240 10.0 35.0
2.4902925 10.299569 -0.55561453241 9.0 36.0
2.6291962 10.578927 -0.55561453241 9.0 36.0
2.6291962 10.578927 -0.55561453242 4.0 37.0
2.6291962 10.890913 -0.55561453242 4.0 37.0
2.6291962 10.890913 -0.55561453243 3.0 38.0
2.6291962 11.202899 -0.55561453243 3.0 38.0
2.6291962 11.202899 -0.55561453244 0.0 39.0
2.508902 11.482257 -0.48616272244 0.0 39.0
2.508902 11.482257 -0.48616272245 0.0 40.0
2.3699985 11.761615 -0.48616272245 0.0 40.0
2.6291962 11.202899 -0.55561453246 0.0 39.0
2.7494903 11.482257 -0.62506634246 0.0 39.0
2.7494903 11.482257 -0.62506634247 0.0 40.0
2.8883939 11.761615 -0.62506634247 0.0 40.0
2.6291962 11.202899 -0.55561453248 2.0 39.0
2.6291962 11.514885 -0.55561453248 2.0 39.0
2.6291962 11.514885 -0.55561453249 1.0 40.0
2.6291962 11.826871 -0.55561453249 1.0 40.0
2.6291962 11.826871 -0.55561453250 0.0 41.0
2.6291962 12.138857 -0.55561453250 0.0 41.0
2.6291962 12.138857 -0.55561453251 0.0 42.0
2.6291962 12.450843 -0.55561453251 0.0 42.0
2.6291962 10.578927 -0.55561453252 4.0 37.0
2.8446233 10.767226 -0.6799915252 4.0 37.0
2.8446233 10.767226 -0.6799915253 3.0 38.0
3.0600505 10.955525 -0.80436844253 3.0 38.0
3.0600505 10.955525 -0.80436844254 0.0 39.0
3.1803446 11.234883 -0.87382025254 0.0 39.0
3.1803446 11.234883 -0.87382025255 0.0 40.0
3.3192482 11.514241 -0.87382025255 0.0 40.0
3.0600505 10.955525 -0.80436844256 0.0 39.0
3.3255515 11.01338 -0.95765555256 0.0 39.0
3.3255515 11.01338 -0.95765555257 0.0 40.0
3.6321259 11.071235 -0.95765555257 0.0 40.0
3.0600505 10.955525 -0.80436844258 2.0 39.0
3.3088045 11.143825 -0.80436844258 2.0 39.0
3.3088045 11.143825 -0.80436844259 1.0 40.0
3.5575585 11.332124 -0.80436844259 1.0 40.0
3.5575585 11.332124 -0.80436844260 0.0 41.0
3.8063126 11.520423 -0.80436844260 0.0 41.0
3.8063126 11.520423 -0.80436844261 0.0 42.0
4.0550666 11.708722 -0.80436844261 0.0 42.0
2.6291962 10.578927 -0.55561453262 8.0 37.0
2.7680998 10.858285 -0.55561453262 8.0 37.0
2.7680998 10.858285 -0.55561453263 7.0 38.0
2.9070034 11.137643 -0.55561453263 7.0 38.0
2.9070034 11.137643 -0.55561453264 6.0 39.0
3.045907 11.417001 -0.55561453264 6.0 39.0
3.045907 11.417001 -0.55561453265 5.0 40.0
3.1848106 11.696359 -0.55561453265 5.0 40.0
3.1848106 11.696359 -0.55561453266 4.0 41.0
3.3237143 11.975717 -0.55561453266 4.0 41.0
3.3237143 11.975717 -0.55561453267 3.0 42.0
3.4626179 12.2550745 -0.55561453267 3.0 42.0
3.4626179 12.2550745 -0.55561453268 0.0 43.0
3.4626179 12.56706 -0.55561453268 0.0 43.0
3.4626179 12.56706 -0.55561453269 0.0 44.0
3.4626179 12.879046 -0.55561453269 0.0 44.0
3.4626179 12.2550745 -0.55561453270 0.0 43.0
3.678045 12.443374 -0.6799915270 0.0 43.0
3.678045 12.443374 -0.6799915271 0.0 44.0
3.926799 12.631673 -0.6799915271 0.0 44.0
3.4626179 12.2550745 -0.55561453272 2.0 43.0
3.6015215 12.534432 -0.55561453272 2.0 43.0
3.6015215 12.534432 -0.55561453273 1.0 44.0
3.740425 12.81379 -0.55561453273 1.0 44.0
3.740425 12.81379 -0.55561453274 0.0 45.0
3.8793287 13.093148 -0.55561453274 0.0 45.0
3.8793287 13.093148 -0.55561453275 0.0 46.0
4.0182323 13.372506 -0.55561453275 0.0 46.0
0.0 4.991769 0.0276 44.0 17.0
0.0 5.3037543 0.0276 44.0 17.0
0.0 5.3037543 0.0277 43.0 18.0
0.0 5.61574 0.0277 43.0 18.0
0.0 5.61574 0.0278 42.0 19.0
0.0 5.9277253 0.0278 42.0 19.0
0.0 5.9277253 0.0279 41.0 20.0
0.0 6.239711 0.0279 41.0 20.0
0.0 6.239711 0.0280 40.0 21.0
0.0 6.5516963 0.0280 40.0 21.0
0.0 6.5516963 0.0281 39.0 22.0
0.0 6.863682 0.0281 39.0 22.0
0.0 6.863682 0.0282 38.0 23.0
0.0 7.1756673 0.0282 38.0 23.0
0.0 7.1756673 0.0283 37.0 24.0
0.0 7.487653 0.0283 37.0 24.0
0.0 7.487653 0.0284 36.0 25.0
0.0 7.7996383 0.0284 36.0 25.0
0.0 7.7996383 0.0285 35.0 26.0
0.0 8.111624 0.0285 35.0 26.0
0.0 8.111624 0.0286 34.0 27.0
0.0 8.42361 0.0286 34.0 27.0
0.0 8.42361 0.0287 33.0 28.0
0.0 8.735596 0.0287 33.0 28.0
0.0 8.735596 0.0288 32.0 29.0
0.0 9.047582 0.0288 32.0 29.0
0.0 9.047582 0.0289 31.0 30.0
0.0 9.359568 0.0289 31.0 30.0
0.0 9.359568 0.0290 30.0 31.0
0.0 9.671554 0.0290 30.0 31.0
0.0 9.671554 0.0291 29.0 32.0
0.0 9.98354 0.0291 29.0 32.0
0.0 9.98354 0.0292 28.0 33.0
0.0 10.295526 0.0292 28.0 33.0
0.0 10.295526 0.0293 27.0 34.0
0.0 10.6075115 0.0293 27.0 34.0
0.0 10.6075115 0.0294 26.0 35.0
0.0 10.9194975 0.0294 26.0 35.0
0.0 10.9194975 0.0295 25.0 36.0
0.0 11.231483 0.0295 25.0 36.0
0.0 11.231483 0.0296 24.0 37.0
0.0 11.543469 0.0296 24.0 37.0
0.0 11.543469 0.0297 23.0 38.0
0.0 11.855455 0.0297 23.0 38.0
0.0 11.855455 0.0298 22.0 39.0
0.0 12.167441 0.0298 22.0 39.0
0.0 12.167441 0.0299 21.0 40.0
0.0 12.479427 0.0299 21.0 40.0
0.0 12.479427 0.0300 12.0 41.0
-0.120294094 12.758785 0.069451824300 12.0 41.0
-0.120294094 12.758785 0.069451824301 11.0 42.0
-0.24058819 13.038143 0.13890365301 11.0 42.0
-0.24058819 13.038143 0.13890365302 10.0 43.0
-0.36088228 13.317501 0.20835547302 10.0 43.0
-0.36088228 13.317501 0.20835547303 9.0 44.0
-0.48117638 13.596859 0.2778073303 9.0 44.0
-0.48117638 13.596859 0.2778073304 4.0 45.0
-0.6966036 13.785158 0.40218425304 4.0 45.0
-0.6966036 13.785158 0.40218425305 3.0 46.0
-0.9120308 13.973457 0.5265612305 3.0 46.0
-0.9120308 13.973457 0.5265612306 0.0 47.0
-1.177532 14.031312 0.6798483306 0.0 47.0
-1.177532 14.031312 0.6798483307 0.0 48.0
-1.4841063 14.089167 0.6798483307 0.0 48.0
-0.9120308 13.973457 0.5265612308 0.0 47.0
-1.0323249 14.252815 0.596013308 0.0 47.0
-1.0323249 14.252815 0.596013309 0.0 48.0
-1.1712285 14.532173 0.596013309 0.0 48.0
-0.9120308 13.973457 0.5265612310 2.0 47.0
-1.1607847 14.1617565 0.5265612310 2.0 47.0
-1.1607847 14.1617565 0.5265612311 1.0 48.0
-1.4095386 14.350056 0.5265612311 1.0 48.0
-1.4095386 14.350056 0.5265612312 0.0 49.0
-1.6582925 14.538355 0.5265612312 0.0 49.0
-1.6582925 14.538355 0.5265612313 0.0 50.0
-1.9070464 14.726654 0.5265612313 0.0 50.0
-0.48117638 13.596859 0.2778073314 4.0 45.0
-0.48117638 13.908845 0.2778073314 4.0 45.0
-0.48117638 13.908845 0.2778073315 3.0 46.0
-0.48117638 14.220831 0.2778073315 3.0 46.0
-0.48117638 14.220831 0.2778073316 0.0 47.0
-0.6014705 14.500189 0.3472591316 0.0 47.0
-0.6014705 14.500189 0.3472591317 0.0 48.0
-0.7403741 14.779547 0.3472591317 0.0 48.0
-0.48117638 14.220831 0.2778073318 0.0 47.0
-0.36088228 14.500189 0.20835547318 0.0 47.0
-0.36088228 14.500189 0.20835547319 0.0 48.0
-0.22197863 14.779547 0.20835547319 0.0 48.0
-0.48117638 14.220831 0.2778073320 2.0 47.0
-0.48117638 14.532817 0.2778073320 2.0 47.0
-0.48117638 14.532817 0.2778073321 1.0 48.0
-0.48117638 14.844803 0.2778073321 1.0 48.0
-0.48117638 14.844803 0.2778073322 0.0 49.0
-0.48117638 15.156789 0.2778073322 0.0 49.0
-0.48117638 15.156789 0.2778073323 0.0 50.0
-0.48117638 15.468775 0.2778073323 0.0 50.0
-0.48117638 13.596859 0.2778073324 8.0 45.0
-0.62008 13.876217 0.2778073324 8.0 45.0
-0.62008 13.876217 0.2778073325 7.0 46.0
-0.7589836 14.155575 0.2778073325 7.0 46.0
-0.7589836 14.155575 0.2778073326 6.0 47.0
-0.89788723 14.434933 0.2778073326 6.0 47.0
-0.89788723 14.434933 0.2778073327 5.0 48.0
-1.0367908 14.714291 0.2778073327 5.0 48.0
-1.0367908 14.714291 0.2778073328 4.0 49.0
-1.1756945 14.993649 0.2778073328 4.0 49.0
-1.1756945 14.993649 0.2778073329 3.0 50.0
-1.3145981 15.273006 0.2778073329 3.0 50.0
-1.3145981 15.273006 0.2778073330 0.0 51.0
-1.5300252 15.461306 0.40218425330 0.0 51.0
-1.5300252 15.461306 0.40218425331 0.0 52.0
-1.7787791 15.649605 0.40218425331 0.0 52.0
-1.3145981 15.273006 0.2778073332 0.0 51.0
-1.3145981 15.584992 0.2778073332 0.0 51.0
-1.3145981 15.584992 0.2778073333 0.0 52.0
-1.3145981 15.896978 0.2778073333 0.0 52.0
-1.3145981 15.273006 0.2778073334 2.0 51.0
-1.4535017 15.552364 0.2778073334 2.0 51.0
-1.4535017 15.552364 0.2778073335 1.0 52.0
-1.5924053 15.831722 0.2778073335 1.0 52.0
-1.5924053 15.831722 0.2778073336 0.0 53.0
-1.7313089 16.11108 0.2778073336 0.0 53.0
-1.7313089 16.11108 0.2778073337 0.0 54.0
-1.8702126 16.390438 0.2778073337 0.0 54.0
0.0 12.479427 0.0338 12.0 41.0
0.120294094 12.758785 -0.069451824338 12.0 41.0
0.120294094 12.758785 -0.069451824339 11.0 42.0
0.24058819 13.038143 -0.13890365339 11.0 42.0
0.24058819 13.038143 -0.13890365340 10.0 43.0
0.36088228 13.317501 -0.20835547340 10.0 43.0
0.36088228 13.317501 -0.20835547341 9.0 44.0
0.48117638 13.596859 -0.2778073341 9.0 44.0
0.48117638 13.596859 -0.2778073342 4.0 45.0
0.48117638 13.908845 -0.2778073342 4.0 45.0
0.48117638 13.908845 -0.2778073343 3.0 46.0
0.48117638 14.220831 -0.2778073343 3.0 46.0
0.48117638 14.220831 -0.2778073344 0.0 47.0
0.36088228 14.500189 -0.20835547344 0.0 47.0
0.36088228 14.500189 -0.20835547345 0.0 48.0
0.22197863 14.779547 -0.20835547345 0.0 48.0
0.48117638 14.220831 -0.2778073346 0.0 47.0
0.6014705 14.500189 -0.3472591346 0.0 47.0
0.6014705 14.500189 -0.3472591347 0.0 48.0
0.7403741 14.779547 -0.3472591347 0.0 48.0
0.48117638 14.220831 -0.2778073348 2.0 47.0
0.48117638 14.532817 -0.2778073348 2.0 47.0
0.48117638 14.532817 -0.2778073349 1.0 48.0
0.48117638 14.844803 -0.2778073349 1.0 48.0
0.48117638 14.844803 -0.2778073350 0.0 49.0
0.48117638 15.156789 -0.2778073350 0.0 49.0
0.48117638 15.156789 -0.2778073351 0.0 50.0
0.48117638 15.468775 -0.2778073351 0.0 50.0
0.48117638 13.596859 -0.2778073352 4.0 45.0
0.6966036 13.785158 -0.40218425352 4.0 45.0
0.6966036 13.785158 -0.40218425353 3.0 46.0
0.9120308 13.973457 -0.5265612353 3.0 46.0
0.9120308 13.973457 -0.5265612354 0.0 47.0
1.0323249 14.252815 -0.596013354 0.0 47.0
1.0323249 14.252815 -0.596013355 0.0 48.0
1.1712285 14.532173 -0.596013355 0.0 48.0
0.9120308 13.973457 -0.5265612356 0.0 47.0
1.177532 14.031312 -0.6798483356 0.0 47.0
1.177532 14.031312 -0.6798483357 0.0 48.0
1.4841063 14.089167 -0.6798483357 0.0 48.0
0.9120308 13.973457 -0.5265612358 2.0 47.0
1.1607847 14.1617565 -0.5265612358 2.0 47.0
1.1607847 14.1617565 -0.5265612359 1.0 48.0
1.4095386 14.350056 -0.5265612359 1.0 48.0
1.4095386 14.350056 -0.5265612360 0.0 49.0
1.6582925 14.538355 -0.5265612360 0.0 49.0
1.6582925 14.538355 -0.5265612361 0.0 50.0
1.9070464 14.726654 -0.5265612361 0.0 50.0
0.48117638 13.596859 -0.2778073362 8.0 45.0
0.62008 13.876217 -0.2778073362 8.0 45.0
0.62008 13.876217 -0.2778073363 7.0 46.0
0.7589836 14.155575 -0.2778073363 7.0 46.0
0.7589836 14.155575 -0.2778073364 6.0 47.0
0.89788723 14.434933 -0.2778073364 6.0 47.0
0.89788723 14.434933 -0.2778073365 5.0 48.0
1.0367908 14.714291 -0.2778073365 5.0 48.0
1.0367908 14.714291 -0.2778073366 4.0 49.0
1.1756945 14.993649 -0.2778073366 4.0 49.0
1.1756945 14.993649 -0.2778073367 3.0 50.0
1.3145981 15.273006 -0.2778073367 3.0 50.0
1.3145981 15.273006 -0.2778073368 0.0 51.0
1.3145981 15.584992 -0.2778073368 0.0 51.0
1.3145981 15.584992 -0.2778073369 0.0 52.0
1.3145981 15.896978 -0.2778073369 0.0 52.0
1.3145981 15.273006 -0.2778073370 0.0 51.0
1.5300252 15.461306 -0.40218425370 0.0 51.0
1.5300252 15.461306 -0.40218425371 0.0 52.0
1.7787791 15.649605 -0.40218425371 0.0 52.0
1.3145981 15.273006 -0.2778073372 2.0 51.0
1.4535017 15.552364 -0.2778073372 2.0 51.0
1.4535017 15.552364 -0.2778073373 1.0 52.0
1.5924053 15.831722 -0.2778073373 1.0 52.0
1.5924053 15.831722 -0.2778073374 0.0 53.0
1.7313089 16.11108 -0.2778073374 0.0 53.0
1.7313089 16.11108 -0.2778073375 0.0 54.0
1.8702126 16.390438 -0.2778073375 0.0 54.0
0.0 12.479427 0.0376 20.0 41.0
0.0 12.791413 0.0376 20.0 41.0
0.0 12.791413 0.0377 19.0 42.0
0.0 13.103399 0.0377 19.0 42.0
0.0 13.103399 0.0378 18.0 43.0
0.0 13.415385 0.0378 18.0 43.0
0.0 13.415385 0.0379 17.0 44.0
0.0 13.727371 0.0379 17.0 44.0
0.0 13.727371 0.0380 16.0 45.0
0.0 14.039357 0.0380 16.0 45.0
0.0 14.039357 0.0381 15.0 46.0
0.0 14.351343 0.0381 15.0 46.0
0.0 14.351343 0.0382 14.0 47.0
0.0 14.663329 0.0382 14.0 47.0
0.0 14.663329 0.0383 13.0 48.0
0.0 14.975315 0.0383 13.0 48.0
0.0 14.975315 0.0384 12.0 49.0
0.0 15.287301 0.0384 12.0 49.0
0.0 15.287301 0.0385 11.0 50.0
0.0 15.599287 0.0385 11.0 50.0
0.0 15.599287 0.0386 10.0 51.0
0.0 15.911273 0.0386 10.0 51.0
0.0 15.911273 0.0387 9.0 52.0
0.0 16.223259 0.0387 9.0 52.0
0.0 16.223259 0.0388 4.0 53.0
-0.120294094 16.502617 0.069451824388 4.0 53.0
-0.120294094 16.502617 0.069451824389 3.0 54.0
-0.24058819 16.781975 0.13890365389 3.0 54.0
-0.24058819 16.781975 0.13890365390 0.0 55.0
-0.4560154 16.970274 0.2632806390 0.0 55.0
-0.4560154 16.970274 0.2632806391 0.0 56.0
-0.7047693 17.158573 0.2632806391 0.0 56.0
-0.24058819 16.781975 0.13890365392 0.0 55.0
-0.24058819 17.09396 0.13890365392 0.0 55.0
-0.24058819 17.09396 0.13890365393 0.0 56.0
-0.24058819 17.405945 0.13890365393 0.0 56.0
-0.24058819 16.781975 0.13890365394 2.0 55.0
-0.37949184 17.061333 0.13890365394 2.0 55.0
-0.37949184 17.061333 0.13890365395 1.0 56.0
-0.5183955 17.34069 0.13890365395 1.0 56.0
-0.5183955 17.34069 0.13890365396 0.0 57.0
-0.65729916 17.620049 0.13890365396 0.0 57.0
-0.65729916 17.620049 0.13890365397 0.0 58.0
-0.7962028 17.899406 0.13890365397 0.0 58.0
0.0 16.223259 0.0398 4.0 53.0
0.120294094 16.502617 -0.069451824398 4.0 53.0
0.120294094 16.502617 -0.069451824399 3.0 54.0
0.24058819 16.781975 -0.13890365399 3.0 54.0
0.24058819 16.781975 -0.13890365400 0.0 55.0
0.24058819 17.09396 -0.13890365400 0.0 55.0
0.24058819 17.09396 -0.13890365401 0.0 56.0
0.24058819 17.405945 -0.13890365401 0.0 56.0
0.24058819 16.781975 -0.13890365402 0.0 55.0
0.4560154 16.970274 -0.2632806402 0.0 55.0
0.4560154 16.970274 -0.2632806403 0.0 56.0
0.7047693 17.158573 -0.2632806403 0.0 56.0
0.24058819 16.781975 -0.13890365404 2.0 55.0
0.37949184 17.061333 -0.13890365404 2.0 55.0
0.37949184 17.061333 -0.13890365405 1.0 56.0
0.5183955 17.34069 -0.13890365405 1.0 56.0
0.5183955 17.34069 -0.13890365406 0.0 57.0
0.65729916 17.620049 -0.13890365406 0.0 57.0
0.65729916 17.620049 -0.13890365407 0.0 58.0
0.7962028 17.899406 -0.13890365407 0.0 58.0
0.0 16.223259 0.0408 8.0 53.0
0.0 16.535244 0.0408 8.0 53.0
0.0 16.535244 0.0409 7.0 54.0
0.0 16.847229 0.0409 7.0 54.0
0.0 16.847229 0.0410 6.0 55.0
0.0 17.159214 0.0410 6.0 55.0
0.0 17.159214 0.0411 5.0 56.0
0.0 17.471199 0.0411 5.0 56.0
0.0 17.471199 0.0412 4.0 57.0
0.0 17.783184 0.0412 4.0 57.0
0.0 17.783184 0.0413 3.0 58.0
0.0 18.09517 0.0413 3.0 58.0
0.0 18.09517 0.0414 0.0 59.0
-0.120294094 18.374527 0.069451824414 0.0 59.0
-0.120294094 18.374527 0.069451824415 0.0 60.0
-0.25919774 18.653885 0.069451824415 0.0 60.0
0.0 18.09517 0.0416 0.0 59.0
0.120294094 18.374527 -0.069451824416 0.0 59.0
0.120294094 18.374527 -0.069451824417 0.0 60.0
0.25919774 18.653885 -0.069451824417 0.0 60.0
0.0 18.09517 0.0418 2.0 59.0
0.0 18.407154 0.0418 2.0 59.0
0.0 18.407154 0.0419 1.0 60.0
0.0 18.71914 0.0419 1.0 60.0
0.0 18.71914 0.0420 0.0 61.0
0.0 19.031124 0.0420 0.0 61.0
0.0 19.031124 0.0421 0.0 62.0
0.0 19.34311 0.0421 0.0 62.0
