0.0 0.0 0.00 60.0 1.0
0.0 1.5702875 0.00 60.0 1.0
0.0 1.5702875 0.01 59.0 2.0
0.0 3.140575 0.01 59.0 2.0
0.0 3.140575 0.02 58.0 3.0
0.0 4.710862 0.02 58.0 3.0
0.0 4.710862 0.03 57.0 4.0
0.0 6.28115 0.03 57.0 4.0
0.0 6.28115 0.04 56.0 5.0
0.0 7.8514376 0.04 56.0 5.0
0.0 7.8514376 0.05 55.0 6.0
0.0 9.421725 0.05 55.0 6.0
0.0 9.421725 0.06 54.0 7.0
0.0 10.992013 0.06 54.0 7.0
0.0 10.992013 0.07 53.0 8.0
0.0 12.562301 0.07 53.0 8.0
0.0 12.562301 0.08 52.0 9.0
0.0 14.132588 0.08 52.0 9.0
0.0 14.132588 0.09 51.0 10.0
0.0 15.702876 0.09 51.0 10.0
0.0 15.702876 0.010 50.0 11.0
0.0 17.273163 0.010 50.0 11.0
0.0 17.273163 0.011 49.0 12.0
0.0 18.84345 0.011 49.0 12.0
0.0 18.84345 0.012 48.0 13.0
0.0 20.413738 0.012 48.0 13.0
0.0 20.413738 0.013 47.0 14.0
0.0 21.984026 0.013 47.0 14.0
0.0 21.984026 0.014 46.0 15.0
0.0 23.554314 0.014 46.0 15.0
0.0 23.554314 0.015 45.0 16.0
0.0 25.124601 0.015 45.0 16.0
0.0 25.124601 0.016 28.0 17.0
0.91943026 26.281609 -0.5308333616 28.0 17.0
0.91943026 26.281609 -0.5308333617 27.0 18.0
1.8388605 27.438616 -1.061666717 27.0 18.0
1.8388605 27.438616 -1.061666718 26.0 19.0
2.7582908 28.595623 -1.592500118 26.0 19.0
2.7582908 28.595623 -1.592500119 25.0 20.0
3.677721 29.75263 -2.123333519 25.0 20.0
3.677721 29.75263 -2.123333520 24.0 21.0
4.5971513 30.909637 -2.654166720 24.0 21.0
4.5971513 30.909637 -2.654166721 23.0 22.0
5.5165815 32.066647 -3.18521 23.0 22.0
5.5165815 32.066647 -3.18522 22.0 23.0
6.436012 33.223656 -3.715833222 22.0 23.0
6.436012 33.223656 -3.715833223 21.0 24.0
7.355442 34.380665 -4.246666423 21.0 24.0
7.355442 34.380665 -4.246666424 12.0 25.0
7.355442 35.95095 -4.246666424 12.0 25.0
7.355442 35.95095 -4.246666425 11.0 26.0
7.355442 37.521236 -4.246666425 11.0 26.0
7.355442 37.521236 -4.246666426 10.0 27.0
7.355442 39.091522 -4.246666426 10.0 27.0
7.355442 39.091522 -4.246666427 9.0 28.0
7.355442 40.661808 -4.246666427 9.0 28.0
7.355442 40.661808 -4.246666428 4.0 29.0
8.274872 41.818817 -4.777499728 4.0 29.0
8.274872 41.818817 -4.777499729 3.0 30.0
9.194302 42.975826 -5.30833329 3.0 30.0
9.194302 42.975826 -5.30833330 0.0 31.0
9.194302 44.546112 -5.30833330 0.0 31.0
9.194302 44.546112 -5.30833331 0.0 32.0
9.194302 46.116398 -5.30833331 0.0 32.0
9.194302 42.975826 -5.30833332 2.0 31.0
10.255968 44.132835 -5.30833332 2.0 31.0
10.255968 44.132835 -5.30833333 1.0 32.0
11.317635 45.289845 -5.30833333 1.0 32.0
11.317635 45.289845 -5.30833334 0.0 33.0
12.67253 45.424553 -6.090582434 0.0 33.0
12.67253 45.424553 -6.090582435 0.0 34.0
14.237029 45.55926 -6.090582435 0.0 34.0
11.317635 45.289845 -5.30833336 0.0 33.0
11.317635 46.86013 -5.30833336 0.0 33.0
11.317635 46.86013 -5.30833337 0.0 34.0
11.317635 48.430416 -5.30833337 0.0 34.0
7.355442 40.661808 -4.246666438 8.0 29.0
7.355442 42.232094 -4.246666438 8.0 29.0
7.355442 42.232094 -4.246666439 7.0 30.0
7.355442 43.80238 -4.246666439 7.0 30.0
7.355442 43.80238 -4.246666440 6.0 31.0
7.355442 45.372665 -4.246666440 6.0 31.0
7.355442 45.372665 -4.246666441 5.0 32.0
7.355442 46.94295 -4.246666441 5.0 32.0
7.355442 46.94295 -4.246666442 4.0 33.0
8.274872 48.09996 -4.777499742 4.0 33.0
8.274872 48.09996 -4.777499743 3.0 34.0
9.194302 49.25697 -5.30833343 3.0 34.0
9.194302 49.25697 -5.30833344 0.0 35.0
9.194302 50.827255 -5.30833344 0.0 35.0
9.194302 50.827255 -5.30833345 0.0 36.0
9.194302 52.39754 -5.30833345 0.0 36.0
9.194302 49.25697 -5.30833346 2.0 35.0
10.255968 50.41398 -5.30833346 2.0 35.0
10.255968 50.41398 -5.30833347 1.0 36.0
11.317635 51.570988 -5.30833347 1.0 36.0
11.317635 51.570988 -5.30833348 0.0 37.0
12.67253 51.705696 -6.090582448 0.0 37.0
12.67253 51.705696 -6.090582449 0.0 38.0
14.237029 51.840405 -6.090582449 0.0 38.0
11.317635 51.570988 -5.30833350 0.0 37.0
11.317635 53.141273 -5.30833350 0.0 37.0
11.317635 53.141273 -5.30833351 0.0 38.0
11.317635 54.71156 -5.30833351 0.0 38.0
7.355442 46.94295 -4.246666452 4.0 33.0
6.2937756 48.09996 -4.246666452 4.0 33.0
6.2937756 48.09996 -4.246666453 3.0 34.0
5.232109 49.25697 -4.246666453 3.0 34.0
5.232109 49.25697 -4.246666454 0.0 35.0
3.8772135 49.391678 -3.46441754 0.0 35.0
3.8772135 49.391678 -3.46441755 0.0 36.0
2.3127146 49.526386 -3.46441755 0.0 36.0
5.232109 49.25697 -4.246666456 2.0 35.0
4.1704426 50.41398 -4.246666456 2.0 35.0
4.1704426 50.41398 -4.246666457 1.0 36.0
3.1087759 51.570988 -4.246666457 1.0 36.0
3.1087759 51.570988 -4.246666458 0.0 37.0
3.1087759 53.141273 -4.246666458 0.0 37.0
3.1087759 53.141273 -4.246666459 0.0 38.0
3.1087759 54.71156 -4.246666459 0.0 38.0
3.1087759 51.570988 -4.246666460 0.0 37.0
1.5442771 51.705696 -4.246666460 0.0 37.0
1.5442771 51.705696 -4.246666461 0.0 38.0
-0.02022171 51.840405 -4.246666461 0.0 38.0
7.355442 34.380665 -4.246666462 20.0 25.0
8.417109 35.537674 -4.246666462 20.0 25.0
8.417109 35.537674 -4.246666463 19.0 26.0
9.478775 36.694683 -4.246666463 19.0 26.0
9.478775 36.694683 -4.246666464 18.0 27.0
10.5404415 37.851692 -4.246666464 18.0 27.0
10.5404415 37.851692 -4.246666465 17.0 28.0
11.602108 39.0087 -4.246666465 17.0 28.0
11.602108 39.0087 -4.246666466 16.0 29.0
12.6637745 40.16571 -4.246666466 16.0 29.0
12.6637745 40.16571 -4.246666467 15.0 30.0
13.725441 41.32272 -4.246666467 15.0 30.0
13.725441 41.32272 -4.246666468 14.0 31.0
14.787107 42.47973 -4.246666468 14.0 31.0
14.787107 42.47973 -4.246666469 13.0 32.0
15.848774 43.636738 -4.246666469 13.0 32.0
15.848774 43.636738 -4.246666470 12.0 33.0
17.20367 43.771446 -5.02891670 12.0 33.0
17.20367 43.771446 -5.02891671 11.0 34.0
18.558567 43.906155 -5.811165371 11.0 34.0
18.558567 43.906155 -5.811165372 10.0 35.0
19.913464 44.040863 -6.59341572 10.0 35.0
19.913464 44.040863 -6.59341573 9.0 36.0
21.26836 44.17557 -7.37566473 9.0 36.0
21.26836 44.17557 -7.37566474 4.0 37.0
22.34554 43.21707 -7.997573474 4.0 37.0
22.34554 43.21707 -7.997573475 3.0 38.0
23.422718 42.25857 -8.61948275 3.0 38.0
23.422718 42.25857 -8.61948276 0.0 39.0
24.777615 42.39328 -9.401731576 0.0 39.0
24.777615 42.39328 -9.401731577 0.0 40.0
26.342113 42.52799 -9.401731577 0.0 40.0
23.422718 42.25857 -8.61948278 2.0 39.0
24.666536 41.30007 -8.61948278 2.0 39.0
24.666536 41.30007 -8.61948279 1.0 40.0
25.910355 40.34157 -8.61948279 1.0 40.0
25.910355 40.34157 -8.61948280 0.0 41.0
26.142817 38.794395 -8.75369480 0.0 41.0
26.142817 38.794395 -8.75369481 0.0 42.0
26.41124 37.24722 -8.75369481 0.0 42.0
25.910355 40.34157 -8.61948282 0.0 41.0
27.474854 40.47628 -8.61948282 0.0 41.0
27.474854 40.47628 -8.61948283 0.0 42.0
29.039352 40.61099 -8.61948283 0.0 42.0
21.26836 44.17557 -7.37566484 8.0 37.0
22.832859 44.31028 -7.37566484 8.0 37.0
22.832859 44.31028 -7.37566485 7.0 38.0
24.397358 44.44499 -7.37566485 7.0 38.0
24.397358 44.44499 -7.37566486 6.0 39.0
25.961857 44.579697 -7.37566486 6.0 39.0
25.961857 44.579697 -7.37566487 5.0 40.0
27.526356 44.714405 -7.37566487 5.0 40.0
27.526356 44.714405 -7.37566488 4.0 41.0
28.603535 43.755905 -7.997573488 4.0 41.0
28.603535 43.755905 -7.997573489 3.0 42.0
29.680714 42.797405 -8.61948289 3.0 42.0
29.680714 42.797405 -8.61948290 0.0 43.0
31.03561 42.932114 -9.401731590 0.0 43.0
31.03561 42.932114 -9.401731591 0.0 44.0
32.60011 43.066822 -9.401731591 0.0 44.0
29.680714 42.797405 -8.61948292 2.0 43.0
30.924532 41.838905 -8.61948292 2.0 43.0
30.924532 41.838905 -8.61948293 1.0 44.0
32.16835 40.880405 -8.61948293 1.0 44.0
32.16835 40.880405 -8.61948294 0.0 45.0
32.40081 39.33323 -8.75369494 0.0 45.0
32.40081 39.33323 -8.75369495 0.0 46.0
32.66923 37.786053 -8.75369495 0.0 46.0
32.16835 40.880405 -8.61948296 0.0 45.0
33.73285 41.015114 -8.61948296 0.0 45.0
33.73285 41.015114 -8.61948297 0.0 46.0
35.297348 41.149822 -8.61948297 0.0 46.0
27.526356 44.714405 -7.37566498 4.0 41.0
28.588022 45.871414 -7.37566498 4.0 41.0
28.588022 45.871414 -7.37566499 3.0 42.0
29.649689 47.028423 -7.37566499 3.0 42.0
29.649689 47.028423 -7.375664100 0.0 43.0
29.649689 48.59871 -7.375664100 0.0 43.0
29.649689 48.59871 -7.375664101 0.0 44.0
29.649689 50.168995 -7.375664101 0.0 44.0
29.649689 47.028423 -7.375664102 2.0 43.0
30.711355 48.185432 -7.375664102 2.0 43.0
30.711355 48.185432 -7.375664103 1.0 44.0
31.773022 49.34244 -7.375664103 1.0 44.0
31.773022 49.34244 -7.375664104 0.0 45.0
33.12792 49.47715 -8.157913104 0.0 45.0
33.12792 49.47715 -8.157913105 0.0 46.0
34.692417 49.61186 -8.157913105 0.0 46.0
31.773022 49.34244 -7.375664106 0.0 45.0
31.773022 50.912727 -7.375664106 0.0 45.0
31.773022 50.912727 -7.375664107 0.0 46.0
31.773022 52.483013 -7.375664107 0.0 46.0
15.848774 43.636738 -4.2466664108 12.0 33.0
15.848774 45.207024 -4.2466664108 12.0 33.0
15.848774 45.207024 -4.2466664109 11.0 34.0
15.848774 46.77731 -4.2466664109 11.0 34.0
15.848774 46.77731 -4.2466664110 10.0 35.0
15.848774 48.347595 -4.2466664110 10.0 35.0
15.848774 48.347595 -4.2466664111 9.0 36.0
15.848774 49.91788 -4.2466664111 9.0 36.0
15.848774 49.91788 -4.2466664112 4.0 37.0
16.768204 51.07489 -4.7774997112 4.0 37.0
16.768204 51.07489 -4.7774997113 3.0 38.0
17.687634 52.2319 -5.308333113 3.0 38.0
17.687634 52.2319 -5.308333114 0.0 39.0
17.687634 53.802185 -5.308333114 0.0 39.0
17.687634 53.802185 -5.308333115 0.0 40.0
17.687634 55.37247 -5.308333115 0.0 40.0
17.687634 52.2319 -5.308333116 2.0 39.0
18.7493 53.38891 -5.308333116 2.0 39.0
18.7493 53.38891 -5.308333117 1.0 40.0
19.810966 54.545918 -5.308333117 1.0 40.0
19.810966 54.545918 -5.308333118 0.0 41.0
21.165863 54.680626 -6.0905824118 0.0 41.0
21.165863 54.680626 -6.0905824119 0.0 42.0
22.730362 54.815334 -6.0905824119 0.0 42.0
19.810966 54.545918 -5.308333120 0.0 41.0
19.810966 56.116203 -5.308333120 0.0 41.0
19.810966 56.116203 -5.308333121 0.0 42.0
19.810966 57.68649 -5.308333121 0.0 42.0
15.848774 49.91788 -4.2466664122 8.0 37.0
15.848774 51.488167 -4.2466664122 8.0 37.0
15.848774 51.488167 -4.2466664123 7.0 38.0
15.848774 53.058453 -4.2466664123 7.0 38.0
15.848774 53.058453 -4.2466664124 6.0 39.0
15.848774 54.62874 -4.2466664124 6.0 39.0
15.848774 54.62874 -4.2466664125 5.0 40.0
15.848774 56.199024 -4.2466664125 5.0 40.0
15.848774 56.199024 -4.2466664126 4.0 41.0
16.768204 57.356033 -4.7774997126 4.0 41.0
16.768204 57.356033 -4.7774997127 3.0 42.0
17.687634 58.513042 -5.308333127 3.0 42.0
17.687634 58.513042 -5.308333128 0.0 43.0
17.687634 60.08333 -5.308333128 0.0 43.0
17.687634 60.08333 -5.308333129 0.0 44.0
17.687634 61.653614 -5.308333129 0.0 44.0
17.687634 58.513042 -5.308333130 2.0 43.0
18.7493 59.67005 -5.308333130 2.0 43.0
18.7493 59.67005 -5.308333131 1.0 44.0
19.810966 60.82706 -5.308333131 1.0 44.0
19.810966 60.82706 -5.308333132 0.0 45.0
21.165863 60.96177 -6.0905824132 0.0 45.0
21.165863 60.96177 -6.0905824133 0.0 46.0
22.730362 61.096478 -6.0905824133 0.0 46.0
19.810966 60.82706 -5.308333134 0.0 45.0
19.810966 62.397346 -5.308333134 0.0 45.0
19.810966 62.397346 -5.308333135 0.0 46.0
19.810966 63.967632 -5.308333135 0.0 46.0
15.848774 56.199024 -4.2466664136 4.0 41.0
14.787107 57.356033 -4.2466664136 4.0 41.0
14.787107 57.356033 -4.2466664137 3.0 42.0
13.725441 58.513042 -4.2466664137 3.0 42.0
13.725441 58.513042 -4.2466664138 0.0 43.0
12.370545 58.64775 -3.464417138 0.0 43.0
12.370545 58.64775 -3.464417139 0.0 44.0
10.8060465 58.78246 -3.464417139 0.0 44.0
13.725441 58.513042 -4.2466664140 2.0 43.0
12.6637745 59.67005 -4.2466664140 2.0 43.0
12.6637745 59.67005 -4.2466664141 1.0 44.0
11.602108 60.82706 -4.2466664141 1.0 44.0
11.602108 60.82706 -4.2466664142 0.0 45.0
11.602108 62.397346 -4.2466664142 0.0 45.0
11.602108 62.397346 -4.2466664143 0.0 46.0
11.602108 63.967632 -4.2466664143 0.0 46.0
11.602108 60.82706 -4.2466664144 0.0 45.0
10.037609 60.96177 -4.2466664144 0.0 45.0
10.037609 60.96177 -4.2466664145 0.0 46.0
8.47311 61.096478 -4.2466664145 0.0 46.0
0.0 25.124601 0.0146 44.0 17.0
0.0 26.69489 0.0146 44.0 17.0
0.0 26.69489 0.0147 43.0 18.0
0.0 28.265177 0.0147 43.0 18.0
0.0 28.265177 0.0148 42.0 19.0
0.0 29.835464 0.0148 42.0 19.0
0.0 29.835464 0.0149 41.0 20.0
0.0 31.405752 0.0149 41.0 20.0
0.0 31.405752 0.0150 40.0 21.0
0.0 32.97604 0.0150 40.0 21.0
0.0 32.97604 0.0151 39.0 22.0
0.0 34.546326 0.0151 39.0 22.0
0.0 34.546326 0.0152 38.0 23.0
0.0 36.11661 0.0152 38.0 23.0
0.0 36.11661 0.0153 37.0 24.0
0.0 37.686897 0.0153 37.0 24.0
0.0 37.686897 0.0154 36.0 25.0
0.0 39.257183 0.0154 36.0 25.0
0.0 39.257183 0.0155 35.0 26.0
0.0 40.82747 0.0155 35.0 26.0
0.0 40.82747 0.0156 34.0 27.0
0.0 42.397755 0.0156 34.0 27.0
0.0 42.397755 0.0157 33.0 28.0
0.0 43.96804 0.0157 33.0 28.0
0.0 43.96804 0.0158 32.0 29.0
0.0 45.538326 0.0158 32.0 29.0
0.0 45.538326 0.0159 31.0 30.0
0.0 47.108612 0.0159 31.0 30.0
0.0 47.108612 0.0160 30.0 31.0
0.0 48.678898 0.0160 30.0 31.0
0.0 48.678898 0.0161 29.0 32.0
0.0 50.249184 0.0161 29.0 32.0
0.0 50.249184 0.0162 28.0 33.0
0.91943026 51.406193 -0.53083336162 28.0 33.0
0.91943026 51.406193 -0.53083336163 27.0 34.0
1.8388605 52.5632 -1.0616667163 27.0 34.0
1.8388605 52.5632 -1.0616667164 26.0 35.0
2.7582908 53.72021 -1.5925001164 26.0 35.0
2.7582908 53.72021 -1.5925001165 25.0 36.0
3.677721 54.87722 -2.1233335165 25.0 36.0
3.677721 54.87722 -2.1233335166 24.0 37.0
4.5971513 56.03423 -2.6541667166 24.0 37.0
4.5971513 56.03423 -2.6541667167 23.0 38.0
5.5165815 57.19124 -3.185167 23.0 38.0
5.5165815 57.19124 -3.185168 22.0 39.0
6.436012 58.348248 -3.7158332168 22.0 39.0
6.436012 58.348248 -3.7158332169 21.0 40.0
7.355442 59.505257 -4.2466664169 21.0 40.0
7.355442 59.505257 -4.2466664170 12.0 41.0
7.355442 61.075542 -4.2466664170 12.0 41.0
7.355442 61.075542 -4.2466664171 11.0 42.0
7.355442 62.64583 -4.2466664171 11.0 42.0
7.355442 62.64583 -4.2466664172 10.0 43.0
7.355442 64.21612 -4.2466664172 10.0 43.0
7.355442 64.21612 -4.2466664173 9.0 44.0
7.355442 65.78641 -4.2466664173 9.0 44.0
7.355442 65.78641 -4.2466664174 4.0 45.0
8.274872 66.94341 -4.7774997174 4.0 45.0
8.274872 66.94341 -4.7774997175 3.0 46.0
9.194302 68.10042 -5.308333175 3.0 46.0
9.194302 68.10042 -5.308333176 0.0 47.0
9.194302 69.67071 -5.308333176 0.0 47.0
9.194302 69.67071 -5.308333177 0.0 48.0
9.194302 71.241 -5.308333177 0.0 48.0
9.194302 68.10042 -5.308333178 2.0 47.0
10.255968 69.25742 -5.308333178 2.0 47.0
10.255968 69.25742 -5.308333179 1.0 48.0
11.317635 70.41443 -5.308333179 1.0 48.0
11.317635 70.41443 -5.308333180 0.0 49.0
12.67253 70.54913 -6.0905824180 0.0 49.0
12.67253 70.54913 -6.0905824181 0.0 50.0
14.237029 70.68384 -6.0905824181 0.0 50.0
11.317635 70.41443 -5.308333182 0.0 49.0
11.317635 71.98472 -5.308333182 0.0 49.0
11.317635 71.98472 -5.308333183 0.0 50.0
11.317635 73.55501 -5.308333183 0.0 50.0
7.355442 65.78641 -4.2466664184 8.0 45.0
7.355442 67.3567 -4.2466664184 8.0 45.0
7.355442 67.3567 -4.2466664185 7.0 46.0
7.355442 68.92699 -4.2466664185 7.0 46.0
7.355442 68.92699 -4.2466664186 6.0 47.0
7.355442 70.49728 -4.2466664186 6.0 47.0
7.355442 70.49728 -4.2466664187 5.0 48.0
7.355442 72.067566 -4.2466664187 5.0 48.0
7.355442 72.067566 -4.2466664188 4.0 49.0
8.274872 73.22457 -4.7774997188 4.0 49.0
8.274872 73.22457 -4.7774997189 3.0 50.0
9.194302 74.38158 -5.308333189 3.0 50.0
9.194302 74.38158 -5.308333190 0.0 51.0
9.194302 75.951866 -5.308333190 0.0 51.0
9.194302 75.951866 -5.308333191 0.0 52.0
9.194302 77.522156 -5.308333191 0.0 52.0
9.194302 74.38158 -5.308333192 2.0 51.0
10.255968 75.53858 -5.308333192 2.0 51.0
10.255968 75.53858 -5.308333193 1.0 52.0
11.317635 76.69559 -5.308333193 1.0 52.0
11.317635 76.69559 -5.308333194 0.0 53.0
12.67253 76.83029 -6.0905824194 0.0 53.0
12.67253 76.83029 -6.0905824195 0.0 54.0
14.237029 76.965 -6.0905824195 0.0 54.0
11.317635 76.69559 -5.308333196 0.0 53.0
11.317635 78.26588 -5.308333196 0.0 53.0
11.317635 78.26588 -5.308333197 0.0 54.0
11.317635 79.83617 -5.308333197 0.0 54.0
7.355442 72.067566 -4.2466664198 4.0 49.0
6.2937756 73.22457 -4.2466664198 4.0 49.0
6.2937756 73.22457 -4.2466664199 3.0 50.0
5.232109 74.38158 -4.2466664199 3.0 50.0
5.232109 74.38158 -4.2466664200 0.0 51.0
3.8772135 74.51628 -3.464417200 0.0 51.0
3.8772135 74.51628 -3.464417201 0.0 52.0
2.3127146 74.650986 -3.464417201 0.0 52.0
5.232109 74.38158 -4.2466664202 2.0 51.0
4.1704426 75.53858 -4.2466664202 2.0 51.0
4.1704426 75.53858 -4.2466664203 1.0 52.0
3.1087759 76.69559 -4.2466664203 1.0 52.0
3.1087759 76.69559 -4.2466664204 0.0 53.0
3.1087759 78.26588 -4.2466664204 0.0 53.0
3.1087759 78.26588 -4.2466664205 0.0 54.0
3.1087759 79.83617 -4.2466664205 0.0 54.0
3.1087759 76.69559 -4.2466664206 0.0 53.0
1.5442771 76.83029 -4.2466664206 0.0 53.0
1.5442771 76.83029 -4.2466664207 0.0 54.0
-0.02022171 76.965 -4.2466664207 0.0 54.0
7.355442 59.505257 -4.2466664208 20.0 41.0
8.417109 60.662266 -4.2466664208 20.0 41.0
8.417109 60.662266 -4.2466664209 19.0 42.0
9.478775 61.819275 -4.2466664209 19.0 42.0
9.478775 61.819275 -4.2466664210 18.0 43.0
10.5404415 62.976284 -4.2466664210 18.0 43.0
10.5404415 62.976284 -4.2466664211 17.0 44.0
11.602108 64.13329 -4.2466664211 17.0 44.0
11.602108 64.13329 -4.2466664212 16.0 45.0
12.6637745 65.2903 -4.2466664212 16.0 45.0
12.6637745 65.2903 -4.2466664213 15.0 46.0
13.725441 66.4473 -4.2466664213 15.0 46.0
13.725441 66.4473 -4.2466664214 14.0 47.0
14.787107 67.60431 -4.2466664214 14.0 47.0
14.787107 67.60431 -4.2466664215 13.0 48.0
15.848774 68.761314 -4.2466664215 13.0 48.0
15.848774 68.761314 -4.2466664216 12.0 49.0
17.20367 68.89602 -5.028916216 12.0 49.0
17.20367 68.89602 -5.028916217 11.0 50.0
18.558567 69.03072 -5.8111653217 11.0 50.0
18.558567 69.03072 -5.8111653218 10.0 51.0
19.913464 69.16543 -6.593415218 10.0 51.0
19.913464 69.16543 -6.593415219 9.0 52.0
21.26836 69.30013 -7.375664219 9.0 52.0
21.26836 69.30013 -7.375664220 4.0 53.0
22.34554 68.34164 -7.9975734220 4.0 53.0
22.34554 68.34164 -7.9975734221 3.0 54.0
23.422718 67.38314 -8.619482221 3.0 54.0
23.422718 67.38314 -8.619482222 0.0 55.0
24.777615 67.517845 -9.4017315222 0.0 55.0
24.777615 67.517845 -9.4017315223 0.0 56.0
26.342113 67.65255 -9.4017315223 0.0 56.0
23.422718 67.38314 -8.619482224 2.0 55.0
24.666536 66.424644 -8.619482224 2.0 55.0
24.666536 66.424644 -8.619482225 1.0 56.0
25.910355 65.46615 -8.619482225 1.0 56.0
25.910355 65.46615 -8.619482226 0.0 57.0
26.142817 63.918972 -8.753694226 0.0 57.0
26.142817 63.918972 -8.753694227 0.0 58.0
26.41124 62.371796 -8.753694227 0.0 58.0
25.910355 65.46615 -8.619482228 0.0 57.0
27.474854 65.60085 -8.619482228 0.0 57.0
27.474854 65.60085 -8.619482229 0.0 58.0
29.039352 65.73556 -8.619482229 0.0 58.0
21.26836 69.30013 -7.375664230 8.0 53.0
22.832859 69.43484 -7.375664230 8.0 53.0
22.832859 69.43484 -7.375664231 7.0 54.0
24.397358 69.56954 -7.375664231 7.0 54.0
24.397358 69.56954 -7.375664232 6.0 55.0
25.961857 69.70425 -7.375664232 6.0 55.0
25.961857 69.70425 -7.375664233 5.0 56.0
27.526356 69.83895 -7.375664233 5.0 56.0
27.526356 69.83895 -7.375664234 4.0 57.0
28.603535 68.880455 -7.9975734234 4.0 57.0
28.603535 68.880455 -7.9975734235 3.0 58.0
29.680714 67.92196 -8.619482235 3.0 58.0
29.680714 67.92196 -8.619482236 0.0 59.0
31.03561 68.05666 -9.4017315236 0.0 59.0
31.03561 68.05666 -9.4017315237 0.0 60.0
32.60011 68.19137 -9.4017315237 0.0 60.0
29.680714 67.92196 -8.619482238 2.0 59.0
30.924532 66.96346 -8.619482238 2.0 59.0
30.924532 66.96346 -8.619482239 1.0 60.0
32.16835 66.00497 -8.619482239 1.0 60.0
32.16835 66.00497 -8.619482240 0.0 61.0
32.40081 64.457794 -8.753694240 0.0 61.0
32.40081 64.457794 -8.753694241 0.0 62.0
32.66923 62.910618 -8.753694241 0.0 62.0
32.16835 66.00497 -8.619482242 0.0 61.0
33.73285 66.13967 -8.619482242 0.0 61.0
33.73285 66.13967 -8.619482243 0.0 62.0
35.297348 66.274376 -8.619482243 0.0 62.0
27.526356 69.83895 -7.375664244 4.0 57.0
28.588022 70.99596 -7.375664244 4.0 57.0
28.588022 70.99596 -7.375664245 3.0 58.0
29.649689 72.15296 -7.375664245 3.0 58.0
29.649689 72.15296 -7.375664246 0.0 59.0
29.649689 73.72325 -7.375664246 0.0 59.0
29.649689 73.72325 -7.375664247 0.0 60.0
29.649689 75.29354 -7.375664247 0.0 60.0
29.649689 72.15296 -7.375664248 2.0 59.0
30.711355 73.30997 -7.375664248 2.0 59.0
30.711355 73.30997 -7.375664249 1.0 60.0
31.773022 74.46697 -7.375664249 1.0 60.0
31.773022 74.46697 -7.375664250 0.0 61.0
33.12792 74.60168 -8.157913250 0.0 61.0
33.12792 74.60168 -8.157913251 0.0 62.0
34.692417 74.73638 -8.157913251 0.0 62.0
31.773022 74.46697 -7.375664252 0.0 61.0
31.773022 76.03726 -7.375664252 0.0 61.0
31.773022 76.03726 -7.375664253 0.0 62.0
31.773022 77.60755 -7.375664253 0.0 62.0
15.848774 68.761314 -4.2466664254 12.0 49.0
15.848774 70.331604 -4.2466664254 12.0 49.0
15.848774 70.331604 -4.2466664255 11.0 50.0
15.848774 71.90189 -4.2466664255 11.0 50.0
15.848774 71.90189 -4.2466664256 10.0 51.0
15.848774 73.47218 -4.2466664256 10.0 51.0
15.848774 73.47218 -4.2466664257 9.0 52.0
15.848774 75.04247 -4.2466664257 9.0 52.0
15.848774 75.04247 -4.2466664258 4.0 53.0
16.768204 76.19948 -4.7774997258 4.0 53.0
16.768204 76.19948 -4.7774997259 3.0 54.0
17.687634 77.35648 -5.308333259 3.0 54.0
17.687634 77.35648 -5.308333260 0.0 55.0
17.687634 78.92677 -5.308333260 0.0 55.0
17.687634 78.92677 -5.308333261 0.0 56.0
17.687634 80.49706 -5.308333261 0.0 56.0
17.687634 77.35648 -5.308333262 2.0 55.0
18.7493 78.51349 -5.308333262 2.0 55.0
18.7493 78.51349 -5.308333263 1.0 56.0
19.810966 79.670494 -5.308333263 1.0 56.0
19.810966 79.670494 -5.308333264 0.0 57.0
21.165863 79.8052 -6.0905824264 0.0 57.0
21.165863 79.8052 -6.0905824265 0.0 58.0
22.730362 79.9399 -6.0905824265 0.0 58.0
19.810966 79.670494 -5.308333266 0.0 57.0
19.810966 81.24078 -5.308333266 0.0 57.0
19.810966 81.24078 -5.308333267 0.0 58.0
19.810966 82.81107 -5.308333267 0.0 58.0
15.848774 75.04247 -4.2466664268 8.0 53.0
15.848774 76.61276 -4.2466664268 8.0 53.0
15.848774 76.61276 -4.2466664269 7.0 54.0
15.848774 78.18305 -4.2466664269 7.0 54.0
15.848774 78.18305 -4.2466664270 6.0 55.0
15.848774 79.75334 -4.2466664270 6.0 55.0
15.848774 79.75334 -4.2466664271 5.0 56.0
15.848774 81.32363 -4.2466664271 5.0 56.0
15.848774 81.32363 -4.2466664272 4.0 57.0
16.768204 82.48064 -4.7774997272 4.0 57.0
16.768204 82.48064 -4.7774997273 3.0 58.0
17.687634 83.63764 -5.308333273 3.0 58.0
17.687634 83.63764 -5.308333274 0.0 59.0
17.687634 85.20793 -5.308333274 0.0 59.0
17.687634 85.20793 -5.308333275 0.0 60.0
17.687634 86.77822 -5.308333275 0.0 60.0
17.687634 83.63764 -5.308333276 2.0 59.0
18.7493 84.79465 -5.308333276 2.0 59.0
18.7493 84.79465 -5.308333277 1.0 60.0
19.810966 85.95165 -5.308333277 1.0 60.0
19.810966 85.95165 -5.308333278 0.0 61.0
21.165863 86.08636 -6.0905824278 0.0 61.0
21.165863 86.08636 -6.0905824279 0.0 62.0
22.730362 86.22106 -6.0905824279 0.0 62.0
19.810966 85.95165 -5.308333280 0.0 61.0
19.810966 87.52194 -5.308333280 0.0 61.0
19.810966 87.52194 -5.308333281 0.0 62.0
19.810966 89.09223 -5.308333281 0.0 62.0
15.848774 81.32363 -4.2466664282 4.0 57.0
14.787107 82.48064 -4.2466664282 4.0 57.0
14.787107 82.48064 -4.2466664283 3.0 58.0
13.725441 83.63764 -4.2466664283 3.0 58.0
13.725441 83.63764 -4.2466664284 0.0 59.0
12.370545 83.77235 -3.464417284 0.0 59.0
12.370545 83.77235 -3.464417285 0.0 60.0
10.8060465 83.90705 -3.464417285 0.0 60.0
13.725441 83.63764 -4.2466664286 2.0 59.0
12.6637745 84.79465 -4.2466664286 2.0 59.0
12.6637745 84.79465 -4.2466664287 1.0 60.0
11.602108 85.95165 -4.2466664287 1.0 60.0
11.602108 85.95165 -4.2466664288 0.0 61.0
11.602108 87.52194 -4.2466664288 0.0 61.0
11.602108 87.52194 -4.2466664289 0.0 62.0
11.602108 89.09223 -4.2466664289 0.0 62.0
11.602108 85.95165 -4.2466664290 0.0 61.0
10.037609 86.08636 -4.2466664290 0.0 61.0
10.037609 86.08636 -4.2466664291 0.0 62.0
8.47311 86.22106 -4.2466664291 0.0 62.0
0.0 50.249184 0.0292 28.0 33.0
-1.0616667 51.406193 0.0292 28.0 33.0
-1.0616667 51.406193 0.0293 27.0 34.0
-2.1233335 52.5632 0.0293 27.0 34.0
-2.1233335 52.5632 0.0294 26.0 35.0
-3.1850002 53.72021 0.0294 26.0 35.0
-3.1850002 53.72021 0.0295 25.0 36.0
-4.246667 54.87722 0.0295 25.0 36.0
-4.246667 54.87722 0.0296 24.0 37.0
-5.3083334 56.03423 0.0296 24.0 37.0
-5.3083334 56.03423 0.0297 23.0 38.0
-6.37 57.19124 0.0297 23.0 38.0
-6.37 57.19124 0.0298 22.0 39.0
-7.4316664 58.348248 0.0298 22.0 39.0
-7.4316664 58.348248 0.0299 21.0 40.0
-8.493333 59.505257 0.0299 21.0 40.0
-8.493333 59.505257 0.0300 12.0 41.0
-9.848228 59.639965 0.7822494300 12.0 41.0
-9.848228 59.639965 0.7822494301 11.0 42.0
-11.203124 59.774673 1.5644988301 11.0 42.0
-11.203124 59.774673 1.5644988302 10.0 43.0
-12.55802 59.90938 2.346748302 10.0 43.0
-12.55802 59.90938 2.346748303 9.0 44.0
-13.912915 60.04409 3.1289976303 9.0 44.0
-13.912915 60.04409 3.1289976304 4.0 45.0
-14.832346 61.2011 3.659831304 4.0 45.0
-14.832346 61.2011 3.659831305 3.0 46.0
-15.751776 62.35811 4.1906643305 3.0 46.0
-15.751776 62.35811 4.1906643306 0.0 47.0
-17.106672 62.492817 4.9729137306 0.0 47.0
-17.106672 62.492817 4.9729137307 0.0 48.0
-18.671171 62.627525 4.9729137307 0.0 48.0
-15.751776 62.35811 4.1906643308 2.0 47.0
-16.813442 63.515118 4.1906643308 2.0 47.0
-16.813442 63.515118 4.1906643309 1.0 48.0
-17.875109 64.67213 4.1906643309 1.0 48.0
-17.875109 64.67213 4.1906643310 0.0 49.0
-17.875109 66.24242 4.1906643310 0.0 49.0
-17.875109 66.24242 4.1906643311 0.0 50.0
-17.875109 67.812706 4.1906643311 0.0 50.0
-17.875109 64.67213 4.1906643312 0.0 49.0
-19.439608 64.80683 4.1906643312 0.0 49.0
-19.439608 64.80683 4.1906643313 0.0 50.0
-21.004107 64.941536 4.1906643313 0.0 50.0
-13.912915 60.04409 3.1289976314 8.0 45.0
-15.477414 60.1788 3.1289976314 8.0 45.0
-15.477414 60.1788 3.1289976315 7.0 46.0
-17.041912 60.313507 3.1289976315 7.0 46.0
-17.041912 60.313507 3.1289976316 6.0 47.0
-18.606411 60.448215 3.1289976316 6.0 47.0
-18.606411 60.448215 3.1289976317 5.0 48.0
-20.17091 60.582924 3.1289976317 5.0 48.0
-20.17091 60.582924 3.1289976318 4.0 49.0
-21.09034 61.739933 3.659831318 4.0 49.0
-21.09034 61.739933 3.659831319 3.0 50.0
-22.00977 62.896942 4.1906643319 3.0 50.0
-22.00977 62.896942 4.1906643320 0.0 51.0
-23.364666 63.03165 4.9729137320 0.0 51.0
-23.364666 63.03165 4.9729137321 0.0 52.0
-24.929165 63.16636 4.9729137321 0.0 52.0
-22.00977 62.896942 4.1906643322 2.0 51.0
-23.071436 64.05395 4.1906643322 2.0 51.0
-23.071436 64.05395 4.1906643323 1.0 52.0
-24.133102 65.21095 4.1906643323 1.0 52.0
-24.133102 65.21095 4.1906643324 0.0 53.0
-24.133102 66.78124 4.1906643324 0.0 53.0
-24.133102 66.78124 4.1906643325 0.0 54.0
-24.133102 68.35153 4.1906643325 0.0 54.0
-24.133102 65.21095 4.1906643326 0.0 53.0
-25.697601 65.34566 4.1906643326 0.0 53.0
-25.697601 65.34566 4.1906643327 0.0 54.0
-27.2621 65.48036 4.1906643327 0.0 54.0
-20.17091 60.582924 3.1289976328 4.0 49.0
-21.414728 59.624424 3.1289976328 4.0 49.0
-21.414728 59.624424 3.1289976329 3.0 50.0
-22.658546 58.665924 3.1289976329 3.0 50.0
-22.658546 58.665924 3.1289976330 0.0 51.0
-22.891008 57.118748 3.263209330 0.0 51.0
-22.891008 57.118748 3.263209331 0.0 52.0
-23.159431 55.57157 3.263209331 0.0 52.0
-22.658546 58.665924 3.1289976332 2.0 51.0
-23.902365 57.707424 3.1289976332 2.0 51.0
-23.902365 57.707424 3.1289976333 1.0 52.0
-25.146183 56.748924 3.1289976333 1.0 52.0
-25.146183 56.748924 3.1289976334 0.0 53.0
-26.50108 56.883633 3.911247334 0.0 53.0
-26.50108 56.883633 3.911247335 0.0 54.0
-28.065578 57.01834 3.911247335 0.0 54.0
-25.146183 56.748924 3.1289976336 0.0 53.0
-25.414606 55.201748 3.1289976336 0.0 53.0
-25.414606 55.201748 3.1289976337 0.0 54.0
-25.68303 53.65457 3.1289976337 0.0 54.0
-8.493333 59.505257 0.0338 20.0 41.0
-9.554999 60.662266 0.0338 20.0 41.0
-9.554999 60.662266 0.0339 19.0 42.0
-10.616666 61.819275 0.0339 19.0 42.0
-10.616666 61.819275 0.0340 18.0 43.0
-11.678332 62.976284 0.0340 18.0 43.0
-11.678332 62.976284 0.0341 17.0 44.0
-12.739999 64.13329 0.0341 17.0 44.0
-12.739999 64.13329 0.0342 16.0 45.0
-13.801665 65.2903 0.0342 16.0 45.0
-13.801665 65.2903 0.0343 15.0 46.0
-14.863332 66.4473 0.0343 15.0 46.0
-14.863332 66.4473 0.0344 14.0 47.0
-15.924998 67.60431 0.0344 14.0 47.0
-15.924998 67.60431 0.0345 13.0 48.0
-16.986666 68.761314 0.0345 13.0 48.0
-16.986666 68.761314 0.0346 12.0 49.0
-16.986666 70.331604 0.0346 12.0 49.0
-16.986666 70.331604 0.0347 11.0 50.0
-16.986666 71.90189 0.0347 11.0 50.0
-16.986666 71.90189 0.0348 10.0 51.0
-16.986666 73.47218 0.0348 10.0 51.0
-16.986666 73.47218 0.0349 9.0 52.0
-16.986666 75.04247 0.0349 9.0 52.0
-16.986666 75.04247 0.0350 4.0 53.0
-16.067236 76.19948 -0.53083336350 4.0 53.0
-16.067236 76.19948 -0.53083336351 3.0 54.0
-15.147806 77.35648 -1.0616667351 3.0 54.0
-15.147806 77.35648 -1.0616667352 0.0 55.0
-15.147806 78.92677 -1.0616667352 0.0 55.0
-15.147806 78.92677 -1.0616667353 0.0 56.0
-15.147806 80.49706 -1.0616667353 0.0 56.0
-15.147806 77.35648 -1.0616667354 2.0 55.0
-14.08614 78.51349 -1.0616667354 2.0 55.0
-14.08614 78.51349 -1.0616667355 1.0 56.0
-13.024473 79.670494 -1.0616667355 1.0 56.0
-13.024473 79.670494 -1.0616667356 0.0 57.0
-11.669578 79.8052 -1.8439162356 0.0 57.0
-11.669578 79.8052 -1.8439162357 0.0 58.0
-10.105079 79.9399 -1.8439162357 0.0 58.0
-13.024473 79.670494 -1.0616667358 0.0 57.0
-13.024473 81.24078 -1.0616667358 0.0 57.0
-13.024473 81.24078 -1.0616667359 0.0 58.0
-13.024473 82.81107 -1.0616667359 0.0 58.0
-16.986666 75.04247 0.0360 8.0 53.0
-16.986666 76.61276 0.0360 8.0 53.0
-16.986666 76.61276 0.0361 7.0 54.0
-16.986666 78.18305 0.0361 7.0 54.0
-16.986666 78.18305 0.0362 6.0 55.0
-16.986666 79.75334 0.0362 6.0 55.0
-16.986666 79.75334 0.0363 5.0 56.0
-16.986666 81.32363 0.0363 5.0 56.0
-16.986666 81.32363 0.0364 4.0 57.0
-16.067236 82.48064 -0.53083336364 4.0 57.0
-16.067236 82.48064 -0.53083336365 3.0 58.0
-15.147806 83.63764 -1.0616667365 3.0 58.0
-15.147806 83.63764 -1.0616667366 0.0 59.0
-15.147806 85.20793 -1.0616667366 0.0 59.0
-15.147806 85.20793 -1.0616667367 0.0 60.0
-15.147806 86.77822 -1.0616667367 0.0 60.0
-15.147806 83.63764 -1.0616667368 2.0 59.0
-14.08614 84.79465 -1.0616667368 2.0 59.0
-14.08614 84.79465 -1.0616667369 1.0 60.0
-13.024473 85.95165 -1.0616667369 1.0 60.0
-13.024473 85.95165 -1.0616667370 0.0 61.0
-11.669578 86.08636 -1.8439162370 0.0 61.0
-11.669578 86.08636 -1.8439162371 0.0 62.0
-10.105079 86.22106 -1.8439162371 0.0 62.0
-13.024473 85.95165 -1.0616667372 0.0 61.0
-13.024473 87.52194 -1.0616667372 0.0 61.0
-13.024473 87.52194 -1.0616667373 0.0 62.0
-13.024473 89.09223 -1.0616667373 0.0 62.0
-16.986666 81.32363 0.0374 4.0 57.0
-18.048332 82.48064 0.0374 4.0 57.0
-18.048332 82.48064 0.0375 3.0 58.0
-19.109999 83.63764 0.0375 3.0 58.0
-19.109999 83.63764 0.0376 0.0 59.0
-20.464895 83.77235 0.7822494376 0.0 59.0
-20.464895 83.77235 0.7822494377 0.0 60.0
-22.029394 83.90705 0.7822494377 0.0 60.0
-19.109999 83.63764 0.0378 2.0 59.0
-20.171665 84.79465 0.0378 2.0 59.0
-20.171665 84.79465 0.0379 1.0 60.0
-21.233332 85.95165 0.0379 1.0 60.0
-21.233332 85.95165 0.0380 0.0 61.0
-21.233332 87.52194 0.0380 0.0 61.0
-21.233332 87.52194 0.0381 0.0 62.0
-21.233332 89.09223 0.0381 0.0 62.0
-21.233332 85.95165 0.0382 0.0 61.0
-22.79783 86.08636 0.0382 0.0 61.0
-22.79783 86.08636 0.0383 0.0 62.0
-24.36233 86.22106 0.0383 0.0 62.0
-16.986666 68.761314 0.0384 12.0 49.0
-18.551165 68.89602 0.0384 12.0 49.0
-18.551165 68.89602 0.0385 11.0 50.0
-20.115664 69.03072 0.0385 11.0 50.0
-20.115664 69.03072 0.0386 10.0 51.0
-21.680162 69.16543 0.0386 10.0 51.0
-21.680162 69.16543 0.0387 9.0 52.0
-23.244661 69.30013 0.0387 9.0 52.0
-23.244661 69.30013 0.0388 4.0 53.0
-24.164091 70.45714 0.53083336388 4.0 53.0
-24.164091 70.45714 0.53083336389 3.0 54.0
-25.08352 71.61414 1.0616667389 3.0 54.0
-25.08352 71.61414 1.0616667390 0.0 55.0
-26.438417 71.74885 1.8439162390 0.0 55.0
-26.438417 71.74885 1.8439162391 0.0 56.0
-28.002916 71.88355 1.8439162391 0.0 56.0
-25.08352 71.61414 1.0616667392 2.0 55.0
-26.145187 72.77115 1.0616667392 2.0 55.0
-26.145187 72.77115 1.0616667393 1.0 56.0
-27.206854 73.928154 1.0616667393 1.0 56.0
-27.206854 73.928154 1.0616667394 0.0 57.0
-27.206854 75.49844 1.0616667394 0.0 57.0
-27.206854 75.49844 1.0616667395 0.0 58.0
-27.206854 77.06873 1.0616667395 0.0 58.0
-27.206854 73.928154 1.0616667396 0.0 57.0
-28.771353 74.06286 1.0616667396 0.0 57.0
-28.771353 74.06286 1.0616667397 0.0 58.0
-30.335852 74.19756 1.0616667397 0.0 58.0
-23.244661 69.30013 0.0398 8.0 53.0
-24.80916 69.43484 0.0398 8.0 53.0
-24.80916 69.43484 0.0399 7.0 54.0
-26.37366 69.56954 0.0399 7.0 54.0
-26.37366 69.56954 0.0400 6.0 55.0
-27.938158 69.70425 0.0400 6.0 55.0
-27.938158 69.70425 0.0401 5.0 56.0
-29.502657 69.83895 0.0401 5.0 56.0
-29.502657 69.83895 0.0402 4.0 57.0
-30.422087 70.99596 0.53083336402 4.0 57.0
-30.422087 70.99596 0.53083336403 3.0 58.0
-31.341516 72.15296 1.0616667403 3.0 58.0
-31.341516 72.15296 1.0616667404 0.0 59.0
-32.69641 72.28767 1.8439162404 0.0 59.0
-32.69641 72.28767 1.8439162405 0.0 60.0
-34.26091 72.42237 1.8439162405 0.0 60.0
-31.341516 72.15296 1.0616667406 2.0 59.0
-32.403183 73.30997 1.0616667406 2.0 59.0
-32.403183 73.30997 1.0616667407 1.0 60.0
-33.46485 74.46697 1.0616667407 1.0 60.0
-33.46485 74.46697 1.0616667408 0.0 61.0
-33.46485 76.03726 1.0616667408 0.0 61.0
-33.46485 76.03726 1.0616667409 0.0 62.0
-33.46485 77.60755 1.0616667409 0.0 62.0
-33.46485 74.46697 1.0616667410 0.0 61.0
-35.02935 74.60168 1.0616667410 0.0 61.0
-35.02935 74.60168 1.0616667411 0.0 62.0
-36.59385 74.73638 1.0616667411 0.0 62.0
-29.502657 69.83895 0.0412 4.0 57.0
-30.746475 68.880455 0.0412 4.0 57.0
-30.746475 68.880455 0.0413 3.0 58.0
-31.990294 67.92196 0.0413 3.0 58.0
-31.990294 67.92196 0.0414 0.0 59.0
-32.222755 66.37479 0.13421153414 0.0 59.0
-32.222755 66.37479 0.13421153415 0.0 60.0
-32.491177 64.827614 0.13421153415 0.0 60.0
-31.990294 67.92196 0.0416 2.0 59.0
-33.23411 66.96346 0.0416 2.0 59.0
-33.23411 66.96346 0.0417 1.0 60.0
-34.47793 66.00497 0.0417 1.0 60.0
-34.47793 66.00497 0.0418 0.0 61.0
-35.832825 66.13967 0.7822494418 0.0 61.0
-35.832825 66.13967 0.7822494419 0.0 62.0
-37.397324 66.274376 0.7822494419 0.0 62.0
-34.47793 66.00497 0.0420 0.0 61.0
-34.74635 64.457794 0.0420 0.0 61.0
-34.74635 64.457794 0.0421 0.0 62.0
-35.01477 62.910618 0.0421 0.0 62.0
