0.0 0.0 0.00 30.0 1.0
0.0 4.8695703 0.00 30.0 1.0
0.0 4.8695703 0.01 0.0 2.0
0.67096734 9.677112 -0.387383161 0.0 2.0
0.0 4.8695703 0.02 29.0 2.0
0.0 9.7391405 0.02 29.0 2.0
0.0 9.7391405 0.03 0.0 3.0
0.67096734 14.546682 -0.387383163 0.0 3.0
0.67096734 14.546682 -0.387383164 0.0 4.0
1.995808 19.169716 -1.15228034 0.0 4.0
0.67096734 14.546682 -0.387383165 0.0 4.0
1.4457337 19.354223 -0.387383165 0.0 4.0
0.0 9.7391405 0.06 28.0 3.0
0.0 14.608711 0.06 28.0 3.0
0.0 14.608711 0.07 0.0 4.0
0.67096734 19.416252 -0.387383167 0.0 4.0
0.0 14.608711 0.08 27.0 4.0
0.0 19.478281 0.08 27.0 4.0
0.0 19.478281 0.09 2.0 5.0
-0.67096734 24.285822 0.387383169 2.0 5.0
-0.67096734 24.285822 0.3873831610 0.0 6.0
-0.67096734 29.155392 0.3873831610 0.0 6.0
-0.67096734 24.285822 0.3873831611 1.0 6.0
-1.4457337 29.093363 0.3873831611 1.0 6.0
-1.4457337 29.093363 0.3873831612 0.0 7.0
-1.4457337 33.962933 0.3873831612 0.0 7.0
-1.4457337 33.962933 0.3873831613 0.0 8.0
-0.7747663 38.770473 0.013 0.0 8.0
-1.4457337 33.962933 0.3873831614 0.0 8.0
-1.4457337 38.832504 0.3873831614 0.0 8.0
-1.4457337 29.093363 0.3873831615 0.0 7.0
-2.2205 33.900906 0.3873831615 0.0 7.0
-2.2205 33.900906 0.3873831616 0.0 8.0
-2.2205 38.770477 0.3873831616 0.0 8.0
-2.2205 33.900906 0.3873831617 0.0 8.0
-2.9952664 38.708447 0.3873831617 0.0 8.0
0.0 19.478281 0.018 26.0 5.0
0.0 24.34785 0.018 26.0 5.0
0.0 24.34785 0.019 0.0 6.0
0.67096734 29.155392 -0.3873831619 0.0 6.0
0.0 24.34785 0.020 25.0 6.0
0.0 29.21742 0.020 25.0 6.0
0.0 29.21742 0.021 0.0 7.0
0.67096734 34.024963 -0.3873831621 0.0 7.0
0.67096734 34.024963 -0.3873831622 0.0 8.0
1.995808 38.648 -1.152280322 0.0 8.0
0.67096734 34.024963 -0.3873831623 0.0 8.0
1.4457337 38.832504 -0.3873831623 0.0 8.0
0.0 29.21742 0.024 24.0 7.0
0.0 34.08699 0.024 24.0 7.0
0.0 34.08699 0.025 0.0 8.0
0.67096734 38.89453 -0.3873831625 0.0 8.0
0.0 34.08699 0.026 23.0 8.0
0.0 38.956562 0.026 23.0 8.0
0.0 38.956562 0.027 6.0 9.0
-0.67096734 43.764103 0.3873831627 6.0 9.0
-0.67096734 43.764103 0.3873831628 0.0 10.0
-0.67096734 48.633675 0.3873831628 0.0 10.0
-0.67096734 43.764103 0.3873831629 5.0 10.0
-1.4457337 48.571644 0.3873831629 5.0 10.0
-1.4457337 48.571644 0.3873831630 0.0 11.0
-1.4457337 53.441216 0.3873831630 0.0 11.0
-1.4457337 53.441216 0.3873831631 0.0 12.0
-0.7747663 58.248756 0.031 0.0 12.0
-1.4457337 53.441216 0.3873831632 0.0 12.0
-1.4457337 58.310787 0.3873831632 0.0 12.0
-1.4457337 48.571644 0.3873831633 4.0 11.0
-2.2205 53.379185 0.3873831633 4.0 11.0
-2.2205 53.379185 0.3873831634 0.0 12.0
-2.2205 58.248756 0.3873831634 0.0 12.0
-2.2205 53.379185 0.3873831635 3.0 12.0
-2.9952664 58.186726 0.3873831635 3.0 12.0
-2.9952664 58.186726 0.3873831636 2.0 13.0
-4.320107 62.80976 1.152280336 2.0 13.0
-4.320107 62.80976 1.152280337 0.0 14.0
-4.9910746 67.6173 1.539663637 0.0 14.0
-4.320107 62.80976 1.152280338 1.0 14.0
-5.849901 67.43279 1.152280338 1.0 14.0
-5.849901 67.43279 1.152280339 0.0 15.0
-6.5208683 72.24033 1.539663639 0.0 15.0
-6.5208683 72.24033 1.539663640 0.0 16.0
-6.5208683 77.1099 1.539663640 0.0 16.0
-6.5208683 72.24033 1.539663641 0.0 16.0
-7.2956347 77.047874 1.539663641 0.0 16.0
-5.849901 67.43279 1.152280342 0.0 15.0
-7.3796954 72.055824 1.152280342 0.0 15.0
-7.3796954 72.055824 1.152280343 0.0 16.0
-8.050663 76.863365 1.539663643 0.0 16.0
-7.3796954 72.055824 1.152280344 0.0 16.0
-8.90949 76.678856 1.152280344 0.0 16.0
-2.9952664 58.186726 0.3873831645 2.0 13.0
-3.770033 62.994267 0.3873831645 2.0 13.0
-3.770033 62.994267 0.3873831646 0.0 14.0
-3.770033 67.86384 0.3873831646 0.0 14.0
-3.770033 62.994267 0.3873831647 1.0 14.0
-4.5447993 67.80181 0.3873831647 1.0 14.0
-4.5447993 67.80181 0.3873831648 0.0 15.0
-4.5447993 72.67138 0.3873831648 0.0 15.0
-4.5447993 72.67138 0.3873831649 0.0 16.0
-3.873832 77.47892 0.049 0.0 16.0
-4.5447993 72.67138 0.3873831650 0.0 16.0
-4.5447993 77.54095 0.3873831650 0.0 16.0
-4.5447993 67.80181 0.3873831651 0.0 15.0
-5.319566 72.60935 0.3873831651 0.0 15.0
-5.319566 72.60935 0.3873831652 0.0 16.0
-5.319566 77.47892 0.3873831652 0.0 16.0
-5.319566 72.60935 0.3873831653 0.0 16.0
-6.094332 77.41689 0.3873831653 0.0 16.0
0.0 38.956562 0.054 22.0 9.0
0.0 43.826134 0.054 22.0 9.0
0.0 43.826134 0.055 0.0 10.0
0.67096734 48.633675 -0.3873831655 0.0 10.0
0.0 43.826134 0.056 21.0 10.0
0.0 48.695705 0.056 21.0 10.0
0.0 48.695705 0.057 0.0 11.0
0.67096734 53.503246 -0.3873831657 0.0 11.0
0.67096734 53.503246 -0.3873831658 0.0 12.0
1.995808 58.12628 -1.152280358 0.0 12.0
0.67096734 53.503246 -0.3873831659 0.0 12.0
1.4457337 58.310787 -0.3873831659 0.0 12.0
0.0 48.695705 0.060 20.0 11.0
0.0 53.565277 0.060 20.0 11.0
0.0 53.565277 0.061 0.0 12.0
0.67096734 58.372818 -0.3873831661 0.0 12.0
0.0 53.565277 0.062 19.0 12.0
0.0 58.43485 0.062 19.0 12.0
0.0 58.43485 0.063 2.0 13.0
-0.67096734 63.24239 0.3873831663 2.0 13.0
-0.67096734 63.24239 0.3873831664 0.0 14.0
-0.67096734 68.11196 0.3873831664 0.0 14.0
-0.67096734 63.24239 0.3873831665 1.0 14.0
-1.4457337 68.049934 0.3873831665 1.0 14.0
-1.4457337 68.049934 0.3873831666 0.0 15.0
-1.4457337 72.9195 0.3873831666 0.0 15.0
-1.4457337 72.9195 0.3873831667 0.0 16.0
-0.7747663 77.72704 0.067 0.0 16.0
-1.4457337 72.9195 0.3873831668 0.0 16.0
-1.4457337 77.78907 0.3873831668 0.0 16.0
-1.4457337 68.049934 0.3873831669 0.0 15.0
-2.2205 72.857475 0.3873831669 0.0 15.0
-2.2205 72.857475 0.3873831670 0.0 16.0
-2.2205 77.72704 0.3873831670 0.0 16.0
-2.2205 72.857475 0.3873831671 0.0 16.0
-2.9952664 77.665016 0.3873831671 0.0 16.0
0.0 58.43485 0.072 18.0 13.0
0.0 63.30442 0.072 18.0 13.0
0.0 63.30442 0.073 0.0 14.0
0.67096734 68.11196 -0.3873831673 0.0 14.0
0.0 63.30442 0.074 17.0 14.0
0.0 68.17399 0.074 17.0 14.0
0.0 68.17399 0.075 0.0 15.0
0.67096734 72.98153 -0.3873831675 0.0 15.0
0.67096734 72.98153 -0.3873831676 0.0 16.0
1.995808 77.60456 -1.152280376 0.0 16.0
0.67096734 72.98153 -0.3873831677 0.0 16.0
1.4457337 77.78907 -0.3873831677 0.0 16.0
0.0 68.17399 0.078 16.0 15.0
0.0 73.04356 0.078 16.0 15.0
0.0 73.04356 0.079 0.0 16.0
0.67096734 77.8511 -0.3873831679 0.0 16.0
0.0 73.04356 0.080 15.0 16.0
0.0 77.913124 0.080 15.0 16.0
0.0 77.913124 0.081 14.0 17.0
-0.67096734 82.720665 0.3873831681 14.0 17.0
-0.67096734 82.720665 0.3873831682 0.0 18.0
-0.67096734 87.59023 0.3873831682 0.0 18.0
-0.67096734 82.720665 0.3873831683 13.0 18.0
-1.4457337 87.528206 0.3873831683 13.0 18.0
-1.4457337 87.528206 0.3873831684 0.0 19.0
-1.4457337 92.39777 0.3873831684 0.0 19.0
-1.4457337 92.39777 0.3873831685 0.0 20.0
-0.7747663 97.205315 0.085 0.0 20.0
-1.4457337 92.39777 0.3873831686 0.0 20.0
-1.4457337 97.26734 0.3873831686 0.0 20.0
-1.4457337 87.528206 0.3873831687 12.0 19.0
-2.2205 92.33575 0.3873831687 12.0 19.0
-2.2205 92.33575 0.3873831688 0.0 20.0
-2.2205 97.205315 0.3873831688 0.0 20.0
-2.2205 92.33575 0.3873831689 11.0 20.0
-2.9952664 97.14329 0.3873831689 11.0 20.0
-2.9952664 97.14329 0.3873831690 2.0 21.0
-4.320107 101.76632 1.152280390 2.0 21.0
-4.320107 101.76632 1.152280391 0.0 22.0
-4.9910746 106.57386 1.539663691 0.0 22.0
-4.320107 101.76632 1.152280392 1.0 22.0
-5.849901 106.38935 1.152280392 1.0 22.0
-5.849901 106.38935 1.152280393 0.0 23.0
-6.5208683 111.19689 1.539663693 0.0 23.0
-6.5208683 111.19689 1.539663694 0.0 24.0
-6.5208683 116.06646 1.539663694 0.0 24.0
-6.5208683 111.19689 1.539663695 0.0 24.0
-7.2956347 116.00443 1.539663695 0.0 24.0
-5.849901 106.38935 1.152280396 0.0 23.0
-7.3796954 111.01238 1.152280396 0.0 23.0
-7.3796954 111.01238 1.152280397 0.0 24.0
-8.050663 115.81992 1.539663697 0.0 24.0
-7.3796954 111.01238 1.152280398 0.0 24.0
-8.90949 115.635414 1.152280398 0.0 24.0
-2.9952664 97.14329 0.3873831699 10.0 21.0
-3.770033 101.95083 0.3873831699 10.0 21.0
-3.770033 101.95083 0.38738316100 0.0 22.0
-3.770033 106.8204 0.38738316100 0.0 22.0
-3.770033 101.95083 0.38738316101 9.0 22.0
-4.5447993 106.75837 0.38738316101 9.0 22.0
-4.5447993 106.75837 0.38738316102 0.0 23.0
-4.5447993 111.62794 0.38738316102 0.0 23.0
-4.5447993 111.62794 0.38738316103 0.0 24.0
-3.873832 116.43548 0.0103 0.0 24.0
-4.5447993 111.62794 0.38738316104 0.0 24.0
-4.5447993 116.497505 0.38738316104 0.0 24.0
-4.5447993 106.75837 0.38738316105 8.0 23.0
-5.319566 111.56591 0.38738316105 8.0 23.0
-5.319566 111.56591 0.38738316106 0.0 24.0
-5.319566 116.43548 0.38738316106 0.0 24.0
-5.319566 111.56591 0.38738316107 7.0 24.0
-6.094332 116.37345 0.38738316107 7.0 24.0
-6.094332 116.37345 0.38738316108 6.0 25.0
-7.419173 120.99648 1.1522803108 6.0 25.0
-7.419173 120.99648 1.1522803109 0.0 26.0
-8.09014 125.80402 1.5396636109 0.0 26.0
-7.419173 120.99648 1.1522803110 5.0 26.0
-8.948967 125.619514 1.1522803110 5.0 26.0
-8.948967 125.619514 1.1522803111 0.0 27.0
-9.619934 130.42706 1.5396636111 0.0 27.0
-9.619934 130.42706 1.5396636112 0.0 28.0
-9.619934 135.29663 1.5396636112 0.0 28.0
-9.619934 130.42706 1.5396636113 0.0 28.0
-10.3947 135.2346 1.5396636113 0.0 28.0
-8.948967 125.619514 1.1522803114 4.0 27.0
-10.478762 130.24255 1.1522803114 4.0 27.0
-10.478762 130.24255 1.1522803115 0.0 28.0
-11.149729 135.0501 1.5396636115 0.0 28.0
-10.478762 130.24255 1.1522803116 3.0 28.0
-12.008556 134.86559 1.1522803116 3.0 28.0
-12.008556 134.86559 1.1522803117 2.0 29.0
-13.953519 139.18634 2.2752051117 2.0 29.0
-13.953519 139.18634 2.2752051118 0.0 30.0
-15.278359 143.80937 3.0401022118 0.0 30.0
-13.953519 139.18634 2.2752051119 1.0 30.0
-16.199368 143.5071 2.2752051119 1.0 30.0
-16.199368 143.5071 2.2752051120 0.0 31.0
-17.524208 148.13013 3.0401022120 0.0 31.0
-17.524208 148.13013 3.0401022121 0.0 32.0
-18.195175 152.93767 3.4274855121 0.0 32.0
-17.524208 148.13013 3.0401022122 0.0 32.0
-19.054003 152.75316 3.0401022122 0.0 32.0
-16.199368 143.5071 2.2752051123 0.0 31.0
-18.445217 147.82785 2.2752051123 0.0 31.0
-18.445217 147.82785 2.2752051124 0.0 32.0
-19.770058 152.45088 3.0401022124 0.0 32.0
-18.445217 147.82785 2.2752051125 0.0 32.0
-20.691067 152.1486 2.2752051125 0.0 32.0
-12.008556 134.86559 1.1522803126 2.0 29.0
-13.538351 139.48862 1.1522803126 2.0 29.0
-13.538351 139.48862 1.1522803127 0.0 30.0
-14.209318 144.29616 1.5396636127 0.0 30.0
-13.538351 139.48862 1.1522803128 1.0 30.0
-15.068146 144.11165 1.1522803128 1.0 30.0
-15.068146 144.11165 1.1522803129 0.0 31.0
-15.739113 148.91919 1.5396636129 0.0 31.0
-15.739113 148.91919 1.5396636130 0.0 32.0
-15.739113 153.78876 1.5396636130 0.0 32.0
-15.739113 148.91919 1.5396636131 0.0 32.0
-16.51388 153.72673 1.5396636131 0.0 32.0
-15.068146 144.11165 1.1522803132 0.0 31.0
-16.59794 148.73468 1.1522803132 0.0 31.0
-16.59794 148.73468 1.1522803133 0.0 32.0
-17.268908 153.54222 1.5396636133 0.0 32.0
-16.59794 148.73468 1.1522803134 0.0 32.0
-18.127735 153.35771 1.1522803134 0.0 32.0
-6.094332 116.37345 0.38738316135 6.0 25.0
-6.8690987 121.18099 0.38738316135 6.0 25.0
-6.8690987 121.18099 0.38738316136 0.0 26.0
-6.8690987 126.05056 0.38738316136 0.0 26.0
-6.8690987 121.18099 0.38738316137 5.0 26.0
-7.643865 125.98853 0.38738316137 5.0 26.0
-7.643865 125.98853 0.38738316138 0.0 27.0
-7.643865 130.85811 0.38738316138 0.0 27.0
-7.643865 130.85811 0.38738316139 0.0 28.0
-6.9728975 135.66565 0.0139 0.0 28.0
-7.643865 130.85811 0.38738316140 0.0 28.0
-7.643865 135.72768 0.38738316140 0.0 28.0
-7.643865 125.98853 0.38738316141 4.0 27.0
-8.418632 130.79608 0.38738316141 4.0 27.0
-8.418632 130.79608 0.38738316142 0.0 28.0
-8.418632 135.66565 0.38738316142 0.0 28.0
-8.418632 130.79608 0.38738316143 3.0 28.0
-9.1933975 135.60362 0.38738316143 3.0 28.0
-9.1933975 135.60362 0.38738316144 2.0 29.0
-10.518238 140.22665 1.1522803144 2.0 29.0
-10.518238 140.22665 1.1522803145 0.0 30.0
-11.189205 145.0342 1.5396636145 0.0 30.0
-10.518238 140.22665 1.1522803146 1.0 30.0
-12.048033 144.84969 1.1522803146 1.0 30.0
-12.048033 144.84969 1.1522803147 0.0 31.0
-12.719 149.65723 1.5396636147 0.0 31.0
-12.719 149.65723 1.5396636148 0.0 32.0
-12.719 154.5268 1.5396636148 0.0 32.0
-12.719 149.65723 1.5396636149 0.0 32.0
-13.493766 154.46477 1.5396636149 0.0 32.0
-12.048033 144.84969 1.1522803150 0.0 31.0
-13.577827 149.47272 1.1522803150 0.0 31.0
-13.577827 149.47272 1.1522803151 0.0 32.0
-14.248795 154.28026 1.5396636151 0.0 32.0
-13.577827 149.47272 1.1522803152 0.0 32.0
-15.107622 154.09575 1.1522803152 0.0 32.0
-9.1933975 135.60362 0.38738316153 2.0 29.0
-9.9681635 140.41116 0.38738316153 2.0 29.0
-9.9681635 140.41116 0.38738316154 0.0 30.0
-9.9681635 145.28073 0.38738316154 0.0 30.0
-9.9681635 140.41116 0.38738316155 1.0 30.0
-10.742929 145.2187 0.38738316155 1.0 30.0
-10.742929 145.2187 0.38738316156 0.0 31.0
-10.742929 150.08827 0.38738316156 0.0 31.0
-10.742929 150.08827 0.38738316157 0.0 32.0
-10.071962 154.89581 0.0157 0.0 32.0
-10.742929 150.08827 0.38738316158 0.0 32.0
-10.742929 154.95784 0.38738316158 0.0 32.0
-10.742929 145.2187 0.38738316159 0.0 31.0
-11.517695 150.02625 0.38738316159 0.0 31.0
-11.517695 150.02625 0.38738316160 0.0 32.0
-11.517695 154.89581 0.38738316160 0.0 32.0
-11.517695 150.02625 0.38738316161 0.0 32.0
-12.292461 154.83379 0.38738316161 0.0 32.0
0.0 77.913124 0.0162 14.0 17.0
0.0 82.78269 0.0162 14.0 17.0
0.0 82.78269 0.0163 0.0 18.0
0.67096734 87.59023 -0.38738316163 0.0 18.0
0.0 82.78269 0.0164 13.0 18.0
0.0 87.65226 0.0164 13.0 18.0
0.0 87.65226 0.0165 0.0 19.0
0.67096734 92.4598 -0.38738316165 0.0 19.0
0.67096734 92.4598 -0.38738316166 0.0 20.0
1.995808 97.08283 -1.1522803166 0.0 20.0
0.67096734 92.4598 -0.38738316167 0.0 20.0
1.4457337 97.26734 -0.38738316167 0.0 20.0
0.0 87.65226 0.0168 12.0 19.0
0.0 92.52183 0.0168 12.0 19.0
0.0 92.52183 0.0169 0.0 20.0
0.67096734 97.32937 -0.38738316169 0.0 20.0
0.0 92.52183 0.0170 11.0 20.0
0.0 97.391396 0.0170 11.0 20.0
0.0 97.391396 0.0171 2.0 21.0
-0.67096734 102.19894 0.38738316171 2.0 21.0
-0.67096734 102.19894 0.38738316172 0.0 22.0
-0.67096734 107.068504 0.38738316172 0.0 22.0
-0.67096734 102.19894 0.38738316173 1.0 22.0
-1.4457337 107.00648 0.38738316173 1.0 22.0
-1.4457337 107.00648 0.38738316174 0.0 23.0
-1.4457337 111.876045 0.38738316174 0.0 23.0
-1.4457337 111.876045 0.38738316175 0.0 24.0
-0.7747663 116.683586 0.0175 0.0 24.0
-1.4457337 111.876045 0.38738316176 0.0 24.0
-1.4457337 116.74561 0.38738316176 0.0 24.0
-1.4457337 107.00648 0.38738316177 0.0 23.0
-2.2205 111.81402 0.38738316177 0.0 23.0
-2.2205 111.81402 0.38738316178 0.0 24.0
-2.2205 116.683586 0.38738316178 0.0 24.0
-2.2205 111.81402 0.38738316179 0.0 24.0
-2.9952664 116.62156 0.38738316179 0.0 24.0
0.0 97.391396 0.0180 10.0 21.0
0.0 102.26096 0.0180 10.0 21.0
0.0 102.26096 0.0181 0.0 22.0
0.67096734 107.068504 -0.38738316181 0.0 22.0
0.0 102.26096 0.0182 9.0 22.0
0.0 107.13053 0.0182 9.0 22.0
0.0 107.13053 0.0183 0.0 23.0
0.67096734 111.93807 -0.38738316183 0.0 23.0
0.67096734 111.93807 -0.38738316184 0.0 24.0
1.995808 116.561104 -1.1522803184 0.0 24.0
0.67096734 111.93807 -0.38738316185 0.0 24.0
1.4457337 116.74561 -0.38738316185 0.0 24.0
0.0 107.13053 0.0186 8.0 23.0
0.0 112.0001 0.0186 8.0 23.0
0.0 112.0001 0.0187 0.0 24.0
0.67096734 116.80764 -0.38738316187 0.0 24.0
0.0 112.0001 0.0188 7.0 24.0
0.0 116.86967 0.0188 7.0 24.0
0.0 116.86967 0.0189 6.0 25.0
-0.67096734 121.67721 0.38738316189 6.0 25.0
-0.67096734 121.67721 0.38738316190 0.0 26.0
-0.67096734 126.546776 0.38738316190 0.0 26.0
-0.67096734 121.67721 0.38738316191 5.0 26.0
-1.4457337 126.48475 0.38738316191 5.0 26.0
-1.4457337 126.48475 0.38738316192 0.0 27.0
-1.4457337 131.35432 0.38738316192 0.0 27.0
-1.4457337 131.35432 0.38738316193 0.0 28.0
-0.7747663 136.16187 0.0193 0.0 28.0
-1.4457337 131.35432 0.38738316194 0.0 28.0
-1.4457337 136.22389 0.38738316194 0.0 28.0
-1.4457337 126.48475 0.38738316195 4.0 27.0
-2.2205 131.2923 0.38738316195 4.0 27.0
-2.2205 131.2923 0.38738316196 0.0 28.0
-2.2205 136.16187 0.38738316196 0.0 28.0
-2.2205 131.2923 0.38738316197 3.0 28.0
-2.9952664 136.09984 0.38738316197 3.0 28.0
-2.9952664 136.09984 0.38738316198 2.0 29.0
-4.320107 140.72287 1.1522803198 2.0 29.0
-4.320107 140.72287 1.1522803199 0.0 30.0
-4.9910746 145.53041 1.5396636199 0.0 30.0
-4.320107 140.72287 1.1522803200 1.0 30.0
-5.849901 145.3459 1.1522803200 1.0 30.0
-5.849901 145.3459 1.1522803201 0.0 31.0
-6.5208683 150.15344 1.5396636201 0.0 31.0
-6.5208683 150.15344 1.5396636202 0.0 32.0
-6.5208683 155.02301 1.5396636202 0.0 32.0
-6.5208683 150.15344 1.5396636203 0.0 32.0
-7.2956347 154.96098 1.5396636203 0.0 32.0
-5.849901 145.3459 1.1522803204 0.0 31.0
-7.3796954 149.96893 1.1522803204 0.0 31.0
-7.3796954 149.96893 1.1522803205 0.0 32.0
-8.050663 154.77647 1.5396636205 0.0 32.0
-7.3796954 149.96893 1.1522803206 0.0 32.0
-8.90949 154.59196 1.1522803206 0.0 32.0
-2.9952664 136.09984 0.38738316207 2.0 29.0
-3.770033 140.90738 0.38738316207 2.0 29.0
-3.770033 140.90738 0.38738316208 0.0 30.0
-3.770033 145.77695 0.38738316208 0.0 30.0
-3.770033 140.90738 0.38738316209 1.0 30.0
-4.5447993 145.71492 0.38738316209 1.0 30.0
-4.5447993 145.71492 0.38738316210 0.0 31.0
-4.5447993 150.58449 0.38738316210 0.0 31.0
-4.5447993 150.58449 0.38738316211 0.0 32.0
-3.873832 155.39203 0.0211 0.0 32.0
-4.5447993 150.58449 0.38738316212 0.0 32.0
-4.5447993 155.45406 0.38738316212 0.0 32.0
-4.5447993 145.71492 0.38738316213 0.0 31.0
-5.319566 150.52246 0.38738316213 0.0 31.0
-5.319566 150.52246 0.38738316214 0.0 32.0
-5.319566 155.39203 0.38738316214 0.0 32.0
-5.319566 150.52246 0.38738316215 0.0 32.0
-6.094332 155.33 0.38738316215 0.0 32.0
0.0 116.86967 0.0216 6.0 25.0
0.0 121.739235 0.0216 6.0 25.0
0.0 121.739235 0.0217 0.0 26.0
0.67096734 126.546776 -0.38738316217 0.0 26.0
0.0 121.739235 0.0218 5.0 26.0
0.0 126.6088 0.0218 5.0 26.0
0.0 126.6088 0.0219 0.0 27.0
0.67096734 131.41635 -0.38738316219 0.0 27.0
0.67096734 131.41635 -0.38738316220 0.0 28.0
1.995808 136.03938 -1.1522803220 0.0 28.0
0.67096734 131.41635 -0.38738316221 0.0 28.0
1.4457337 136.22389 -0.38738316221 0.0 28.0
0.0 126.6088 0.0222 4.0 27.0
0.0 131.47838 0.0222 4.0 27.0
0.0 131.47838 0.0223 0.0 28.0
0.67096734 136.28592 -0.38738316223 0.0 28.0
0.0 131.47838 0.0224 3.0 28.0
0.0 136.34795 0.0224 3.0 28.0
0.0 136.34795 0.0225 2.0 29.0
-0.67096734 141.15549 0.38738316225 2.0 29.0
-0.67096734 141.15549 0.38738316226 0.0 30.0
-0.67096734 146.02505 0.38738316226 0.0 30.0
-0.67096734 141.15549 0.38738316227 1.0 30.0
-1.4457337 145.96303 0.38738316227 1.0 30.0
-1.4457337 145.96303 0.38738316228 0.0 31.0
-1.4457337 150.8326 0.38738316228 0.0 31.0
-1.4457337 150.8326 0.38738316229 0.0 32.0
-0.7747663 155.64014 0.0229 0.0 32.0
-1.4457337 150.8326 0.38738316230 0.0 32.0
-1.4457337 155.70216 0.38738316230 0.0 32.0
-1.4457337 145.96303 0.38738316231 0.0 31.0
-2.2205 150.77057 0.38738316231 0.0 31.0
-2.2205 150.77057 0.38738316232 0.0 32.0
-2.2205 155.64014 0.38738316232 0.0 32.0
-2.2205 150.77057 0.38738316233 0.0 32.0
-2.9952664 155.57811 0.38738316233 0.0 32.0
0.0 136.34795 0.0234 2.0 29.0
0.0 141.21751 0.0234 2.0 29.0
0.0 141.21751 0.0235 0.0 30.0
0.67096734 146.02505 -0.38738316235 0.0 30.0
0.0 141.21751 0.0236 1.0 30.0
0.0 146.08708 0.0236 1.0 30.0
0.0 146.08708 0.0237 0.0 31.0
0.67096734 150.89462 -0.38738316237 0.0 31.0
0.67096734 150.89462 -0.38738316238 0.0 32.0
1.995808 155.51765 -1.1522803238 0.0 32.0
0.67096734 150.89462 -0.38738316239 0.0 32.0
1.4457337 155.70216 -0.38738316239 0.0 32.0
0.0 146.08708 0.0240 0.0 31.0
0.0 150.95665 0.0240 0.0 31.0
0.0 150.95665 0.0241 0.0 32.0
0.67096734 155.76419 -0.38738316241 0.0 32.0
0.0 150.95665 0.0242 0.0 32.0
0.0 155.82622 0.0242 0.0 32.0
