0.0 0.0 0.00 27.0 1.0
0.0 3.6427562 0.00 27.0 1.0
0.0 3.6427562 0.01 26.0 2.0
0.0 7.2855124 0.01 26.0 2.0
0.0 7.2855124 0.02 1.0 3.0
0.0 10.928268 0.02 1.0 3.0
0.0 10.928268 0.03 0.0 4.0
-1.735835 13.970007 1.00218473 0.0 4.0
-1.735835 13.970007 1.00218474 0.0 5.0
-4.634715 15.407018 2.67585374 0.0 5.0
0.0 7.2855124 0.05 1.0 3.0
-3.1053543 6.6436105 1.79287725 1.0 3.0
-3.1053543 6.6436105 1.79287726 0.0 4.0
-6.0042343 8.080621 3.46654636 0.0 4.0
-6.0042343 8.080621 3.46654637 0.0 5.0
-7.7400694 11.12236 4.4687317 0.0 5.0
0.0 7.2855124 0.08 25.0 3.0
-3.3473382 8.722523 0.08 25.0 3.0
-3.3473382 8.722523 0.09 24.0 4.0
-6.6946764 10.1595335 0.09 24.0 4.0
-6.6946764 10.1595335 0.010 1.0 5.0
-9.593556 11.596544 1.673669110 1.0 5.0
-9.593556 11.596544 1.673669111 0.0 6.0
-12.698911 10.954642 3.466546311 0.0 6.0
-12.698911 10.954642 3.466546312 0.0 7.0
-14.986036 8.445642 4.787019312 0.0 7.0
-6.6946764 10.1595335 0.013 1.0 5.0
-7.408869 6.611354 0.4123392713 1.0 5.0
-7.408869 6.611354 0.4123392714 0.0 6.0
-9.695995 4.102354 1.732812214 0.0 6.0
-9.695995 4.102354 1.732812215 0.0 7.0
-12.80135 3.4604523 3.525689415 0.0 7.0
-6.6946764 10.1595335 0.016 7.0 5.0
-9.593556 11.596544 1.673669116 7.0 5.0
-9.593556 11.596544 1.673669117 6.0 6.0
-12.492436 13.033555 3.347338217 6.0 6.0
-12.492436 13.033555 3.347338218 1.0 7.0
-15.391316 14.470566 5.021007518 1.0 7.0
-15.391316 14.470566 5.021007519 0.0 8.0
-18.49667 13.828664 6.813884719 0.0 8.0
-18.49667 13.828664 6.813884720 0.0 9.0
-20.783796 11.319664 8.13435720 0.0 9.0
-12.492436 13.033555 3.347338221 1.0 7.0
-13.206629 9.485375 3.759677421 1.0 7.0
-13.206629 9.485375 3.759677422 0.0 8.0
-15.493755 6.9763756 5.0801522 0.0 8.0
-15.493755 6.9763756 5.0801523 0.0 9.0
-18.59911 6.3344736 6.873027323 0.0 9.0
-12.492436 13.033555 3.347338224 5.0 7.0
-13.317115 9.485375 3.347338224 5.0 7.0
-13.317115 9.485375 3.347338225 4.0 8.0
-14.141793 5.937196 3.347338225 4.0 8.0
-14.141793 5.937196 3.347338226 1.0 9.0
-14.855986 2.3890162 3.759677426 1.0 9.0
-14.855986 2.3890162 3.759677427 0.0 10.0
-13.761576 -1.0275166 3.127819527 0.0 10.0
-13.761576 -1.0275166 3.127819528 0.0 11.0
-11.219697 -3.1850166 1.66026528 0.0 11.0
-14.141793 5.937196 3.347338229 1.0 9.0
-10.991213 5.750659 1.528349629 1.0 9.0
-10.991213 5.750659 1.528349630 0.0 10.0
-8.449334 3.593159 0.0607950730 0.0 10.0
-8.449334 3.593159 0.0607950731 0.0 11.0
-7.354924 0.1766262 -0.571062731 0.0 11.0
-14.141793 5.937196 3.347338232 3.0 9.0
-10.503817 5.750659 3.347338232 3.0 9.0
-10.503817 5.750659 3.347338233 2.0 10.0
-6.8658395 5.564122 3.347338233 2.0 10.0
-6.8658395 5.564122 3.347338234 1.0 11.0
-3.7152588 5.3775854 1.528349634 1.0 11.0
-3.7152588 5.3775854 1.528349635 0.0 12.0
-0.99560404 7.2235656 -0.04184377235 0.0 12.0
-0.99560404 7.2235656 -0.04184377236 0.0 13.0
0.3956946 10.492927 -0.845110536 0.0 13.0
-6.8658395 5.564122 3.347338237 1.0 11.0
-7.2619967 9.178042 3.576059837 1.0 11.0
-7.2619967 9.178042 3.576059838 0.0 12.0
-5.870698 12.447404 2.77279338 0.0 12.0
-5.870698 12.447404 2.77279339 0.0 13.0
-3.1510432 14.293385 1.202599639 0.0 13.0
-6.6946764 10.1595335 0.040 7.0 5.0
-7.408869 6.611354 0.4123392740 7.0 5.0
-7.408869 6.611354 0.4123392741 6.0 6.0
-8.123061 3.0631742 0.8246785441 6.0 6.0
-8.123061 3.0631742 0.8246785442 1.0 7.0
-8.837254 -0.48500538 1.237017942 1.0 7.0
-8.837254 -0.48500538 1.237017943 0.0 8.0
-7.7428436 -3.9015381 0.605160143 0.0 8.0
-7.7428436 -3.9015381 0.605160144 0.0 9.0
-5.200965 -6.059038 -0.8623944544 0.0 9.0
-8.123061 3.0631742 0.8246785445 1.0 7.0
-4.972481 2.8766377 -0.9943145 1.0 7.0
-4.972481 2.8766377 -0.9943146 0.0 8.0
-2.4306018 0.71913767 -2.461864546 0.0 8.0
-2.4306018 0.71913767 -2.461864547 0.0 9.0
-1.3361921 -2.697395 -3.093722347 0.0 9.0
-8.123061 3.0631742 0.8246785448 5.0 7.0
-6.8593454 -0.3533585 0.8246785448 5.0 7.0
-6.8593454 -0.3533585 0.8246785449 4.0 8.0
-5.5956297 -3.7698913 0.8246785449 4.0 8.0
-5.5956297 -3.7698913 0.8246785450 1.0 9.0
-4.5012197 -7.1864243 0.1928207950 1.0 9.0
-4.5012197 -7.1864243 0.1928207951 0.0 10.0
-1.9593408 -9.3439245 -1.274733851 0.0 10.0
-1.9593408 -9.3439245 -1.274733852 0.0 11.0
1.1912398 -9.530461 -3.093722352 0.0 11.0
-5.5956297 -3.7698913 0.8246785453 1.0 9.0
-2.875975 -1.9239111 -0.7455148753 1.0 9.0
-2.875975 -1.9239111 -0.7455148754 0.0 10.0
0.27460575 -2.1104476 -2.564503454 0.0 10.0
0.27460575 -2.1104476 -2.564503455 0.0 11.0
2.8164847 -4.2679477 -4.03205855 0.0 11.0
-5.5956297 -3.7698913 0.8246785456 3.0 9.0
-2.6605206 -5.927391 0.8246785456 3.0 9.0
-2.6605206 -5.927391 0.8246785457 2.0 10.0
0.27458858 -8.084891 0.8246785457 2.0 10.0
0.27458858 -8.084891 0.8246785458 1.0 11.0
2.8164675 -10.242392 -0.64287658 1.0 11.0
2.8164675 -10.242392 -0.64287659 0.0 12.0
5.967048 -10.428928 -2.461864559 0.0 12.0
5.967048 -10.428928 -2.461864560 0.0 13.0
8.686703 -8.582949 -4.03205860 0.0 13.0
0.27458858 -8.084891 0.8246785461 1.0 11.0
1.6658872 -4.81553 0.02141183661 1.0 11.0
1.6658872 -4.81553 0.02141183662 0.0 12.0
4.385542 -2.9695497 -1.548781662 0.0 12.0
4.385542 -2.9695497 -1.548781663 0.0 13.0
7.5361223 -3.1560862 -3.367770263 0.0 13.0
-6.6946764 10.1595335 0.064 23.0 5.0
-9.335622 7.6505337 0.064 23.0 5.0
-9.335622 7.6505337 0.065 22.0 6.0
-11.976567 5.141534 0.065 22.0 6.0
-11.976567 5.141534 0.066 1.0 7.0
-14.263693 2.6325343 1.320472866 1.0 7.0
-14.263693 2.6325343 1.320472867 0.0 8.0
-14.977885 -0.91564536 1.732812267 0.0 8.0
-14.977885 -0.91564536 1.732812268 0.0 9.0
-13.883475 -4.332178 1.100954468 0.0 9.0
-11.976567 5.141534 0.069 1.0 7.0
-9.434689 2.9840338 -1.467554669 1.0 7.0
-9.434689 2.9840338 -1.467554670 0.0 8.0
-8.340279 -0.43249893 -2.099412470 0.0 8.0
-8.340279 -0.43249893 -2.099412471 0.0 9.0
-9.054471 -3.9806786 -1.687073271 0.0 9.0
-11.976567 5.141534 0.072 21.0 7.0
-10.712852 1.7250011 0.072 21.0 7.0
-10.712852 1.7250011 0.073 20.0 8.0
-9.449136 -1.6915317 0.073 20.0 8.0
-9.449136 -1.6915317 0.074 1.0 9.0
-8.354726 -5.1080647 -0.6318577574 1.0 9.0
-8.354726 -5.1080647 -0.6318577575 0.0 10.0
-5.812847 -7.265565 -2.099412475 0.0 10.0
-5.812847 -7.265565 -2.099412476 0.0 11.0
-2.6622665 -7.4521017 -3.91840176 0.0 11.0
-9.449136 -1.6915317 0.077 1.0 9.0
-6.7294807 0.15444851 -1.570193477 1.0 9.0
-6.7294807 0.15444851 -1.570193478 0.0 10.0
-3.5789 -0.032088056 -3.38918278 0.0 10.0
-3.5789 -0.032088056 -3.38918279 0.0 11.0
-1.0370212 -2.189588 -4.856736779 0.0 11.0
-9.449136 -1.6915317 0.080 7.0 9.0
-8.354726 -5.1080647 -0.6318577580 7.0 9.0
-8.354726 -5.1080647 -0.6318577581 6.0 10.0
-7.260316 -8.524597 -1.263715581 6.0 10.0
-7.260316 -8.524597 -1.263715582 1.0 11.0
-6.165906 -11.94113 -1.895573382 1.0 11.0
-6.165906 -11.94113 -1.895573383 0.0 12.0
-3.624027 -14.09863 -3.363127783 0.0 12.0
-3.624027 -14.09863 -3.363127784 0.0 13.0
-0.47344637 -14.285167 -5.182116584 0.0 13.0
-7.260316 -8.524597 -1.263715585 1.0 11.0
-4.540661 -6.678617 -2.83390985 1.0 11.0
-4.540661 -6.678617 -2.83390986 0.0 12.0
-1.3900802 -6.865154 -4.65289886 0.0 12.0
-1.3900802 -6.865154 -4.65289887 0.0 13.0
1.1517987 -9.022654 -6.120452487 0.0 13.0
-7.260316 -8.524597 -1.263715588 5.0 11.0
-4.1199293 -6.678617 -1.263715588 5.0 11.0
-4.1199293 -6.678617 -1.263715589 4.0 12.0
-0.9795425 -4.832637 -1.263715589 4.0 12.0
-0.9795425 -4.832637 -1.263715590 1.0 13.0
1.7401123 -2.9866567 -2.83390990 1.0 13.0
1.7401123 -2.9866567 -2.83390991 0.0 14.0
3.131411 0.2827046 -3.637175891 0.0 14.0
3.131411 0.2827046 -3.637175892 0.0 15.0
2.7352536 3.8966246 -3.408454292 0.0 15.0
-0.9795425 -4.832637 -1.263715593 1.0 13.0
-3.0324323 -2.0666776 -0.0784790593 1.0 13.0
-3.0324323 -2.0666776 -0.0784790594 0.0 14.0
-3.4285898 1.5472424 0.1502425894 0.0 14.0
-3.4285898 1.5472424 0.1502425895 0.0 15.0
-2.037291 4.8166037 -0.6530241495 0.0 15.0
-0.9795425 -4.832637 -1.263715596 3.0 13.0
-3.3500154 -2.0666776 -1.263715596 3.0 13.0
-3.3500154 -2.0666776 -1.263715597 2.0 14.0
-5.7204885 0.6992817 -1.263715597 2.0 14.0
-5.7204885 0.6992817 -1.263715598 1.0 15.0
-7.7733784 3.465241 -0.0784790598 1.0 15.0
-7.7733784 3.465241 -0.0784790599 0.0 16.0
-10.805589 4.4705296 1.672168699 0.0 16.0
-10.805589 4.4705296 1.6721686100 0.0 17.0
-13.816553 3.3834243 3.4105496100 0.0 17.0
-5.7204885 0.6992817 -1.2637155101 1.0 15.0
-7.7166514 -2.1214955 -0.111230135101 1.0 15.0
-7.7166514 -2.1214955 -0.111230135102 0.0 16.0
-10.727615 -3.2086008 1.6271509102 0.0 16.0
-10.727615 -3.2086008 1.6271509103 0.0 17.0
-13.759826 -2.2033105 3.3777983103 0.0 17.0
-9.449136 -1.6915317 0.0104 7.0 9.0
-6.7294807 0.15444851 -1.5701934104 7.0 9.0
-6.7294807 0.15444851 -1.5701934105 6.0 10.0
-4.0098257 2.0004287 -3.1403868105 6.0 10.0
-4.0098257 2.0004287 -3.1403868106 1.0 11.0
-1.2901709 3.8464088 -4.7105803106 1.0 11.0
-1.2901709 3.8464088 -4.7105803107 0.0 12.0
0.10112774 7.1157703 -5.513847107 0.0 12.0
0.10112774 7.1157703 -5.513847108 0.0 13.0
-0.29502973 10.729691 -5.2851253108 0.0 13.0
-4.0098257 2.0004287 -3.1403868109 1.0 11.0
-6.0627155 4.766388 -1.9551504109 1.0 11.0
-6.0627155 4.766388 -1.9551504110 0.0 12.0
-6.458873 8.380308 -1.7264287110 0.0 12.0
-6.458873 8.380308 -1.7264287111 0.0 13.0
-5.067574 11.64967 -2.5296955111 0.0 13.0
-4.0098257 2.0004287 -3.1403868112 5.0 11.0
-2.4032922 5.2697897 -3.1403868112 5.0 11.0
-2.4032922 5.2697897 -3.1403868113 4.0 12.0
-0.7967588 8.539151 -3.1403868113 4.0 12.0
-0.7967588 8.539151 -3.1403868114 1.0 13.0
0.5945399 11.808513 -3.9436536114 1.0 13.0
0.5945399 11.808513 -3.9436536115 0.0 14.0
0.1983824 15.422433 -3.714932115 0.0 14.0
0.1983824 15.422433 -3.714932116 0.0 15.0
-1.8545074 18.188393 -2.5296955116 0.0 15.0
-0.7967588 8.539151 -3.1403868117 1.0 13.0
-3.8289695 9.544439 -1.3897392117 1.0 13.0
-3.8289695 9.544439 -1.3897392118 0.0 14.0
-5.8818593 12.310398 -0.2045027118 0.0 14.0
-5.8818593 12.310398 -0.2045027119 0.0 15.0
-6.2780166 15.924318 0.024218932119 0.0 15.0
-0.7967588 8.539151 -3.1403868120 3.0 13.0
-1.254202 12.153071 -3.1403868120 3.0 13.0
-1.254202 12.153071 -3.1403868121 2.0 14.0
-1.7116452 15.766992 -3.1403868121 2.0 14.0
-1.7116452 15.766992 -3.1403868122 1.0 15.0
-2.1078026 19.38091 -2.9116652122 1.0 15.0
-2.1078026 19.38091 -2.9116652123 0.0 16.0
-4.160692 22.14687 -1.7264287123 0.0 16.0
-4.160692 22.14687 -1.7264287124 0.0 17.0
-7.1929026 23.152159 0.024218917124 0.0 17.0
-1.7116452 15.766992 -3.1403868125 1.0 15.0
-4.7226095 14.679886 -1.4020058125 1.0 15.0
-4.7226095 14.679886 -1.4020058126 0.0 16.0
-7.75482 15.685176 0.34864163126 0.0 16.0
-7.75482 15.685176 0.34864163127 0.0 17.0
-9.807709 18.451136 1.5338775127 0.0 17.0
-9.449136 -1.6915317 0.0128 19.0 9.0
-8.354726 -5.1080647 -0.63185775128 19.0 9.0
-8.354726 -5.1080647 -0.63185775129 18.0 10.0
-7.260316 -8.524597 -1.2637155129 18.0 10.0
-7.260316 -8.524597 -1.2637155130 1.0 11.0
-6.165906 -11.94113 -1.8955733130 1.0 11.0
-6.165906 -11.94113 -1.8955733131 0.0 12.0
-3.624027 -14.09863 -3.3631277131 0.0 12.0
-3.624027 -14.09863 -3.3631277132 0.0 13.0
-0.47344637 -14.285167 -5.1821165132 0.0 13.0
-7.260316 -8.524597 -1.2637155133 1.0 11.0
-4.540661 -6.678617 -2.833909133 1.0 11.0
-4.540661 -6.678617 -2.833909134 0.0 12.0
-1.3900802 -6.865154 -4.652898134 0.0 12.0
-1.3900802 -6.865154 -4.652898135 0.0 13.0
1.1517987 -9.022654 -6.1204524135 0.0 13.0
-7.260316 -8.524597 -1.2637155136 17.0 11.0
-3.6223388 -8.711134 -1.2637155136 17.0 11.0
-3.6223388 -8.711134 -1.2637155137 16.0 12.0
0.015638351 -8.897671 -1.2637155137 16.0 12.0
0.015638351 -8.897671 -1.2637155138 1.0 13.0
3.166219 -9.084208 -3.082704138 1.0 13.0
3.166219 -9.084208 -3.082704139 0.0 14.0
5.885874 -7.2382274 -4.6528974139 0.0 14.0
5.885874 -7.2382274 -4.6528974140 0.0 15.0
7.2771726 -3.968866 -5.456164140 0.0 15.0
0.015638351 -8.897671 -1.2637155141 1.0 13.0
-0.38051912 -5.2837505 -1.0349939141 1.0 13.0
-0.38051912 -5.2837505 -1.0349939142 0.0 14.0
1.0107795 -2.0143893 -1.8382607142 0.0 14.0
1.0107795 -2.0143893 -1.8382607143 0.0 15.0
3.7304344 -0.16840911 -3.408454143 0.0 15.0
0.015638351 -8.897671 -1.2637155144 7.0 13.0
3.166219 -9.084208 -3.082704144 7.0 13.0
3.166219 -9.084208 -3.082704145 6.0 14.0
6.3167996 -9.270744 -4.9016924145 6.0 14.0
6.3167996 -9.270744 -4.9016924146 1.0 15.0
9.467381 -9.457281 -6.720681146 1.0 15.0
9.467381 -9.457281 -6.720681147 0.0 16.0
12.187036 -7.611301 -8.2908745147 0.0 16.0
12.187036 -7.611301 -8.2908745148 0.0 17.0
13.578334 -4.34194 -9.094141148 0.0 17.0
6.3167996 -9.270744 -4.9016924149 1.0 15.0
5.9206424 -5.656824 -4.672971149 1.0 15.0
5.9206424 -5.656824 -4.672971150 0.0 16.0
7.311941 -2.3874629 -5.4762373150 0.0 16.0
7.311941 -2.3874629 -5.4762373151 0.0 17.0
10.031596 -0.5414827 -7.0464306151 0.0 17.0
6.3167996 -9.270744 -4.9016924152 5.0 15.0
5.8593564 -5.656824 -4.9016924152 5.0 15.0
5.8593564 -5.656824 -4.9016924153 4.0 16.0
5.401913 -2.0429041 -4.9016924153 4.0 16.0
5.401913 -2.0429041 -4.9016924154 1.0 17.0
5.005756 1.5710158 -4.672971154 1.0 17.0
5.005756 1.5710158 -4.672971155 0.0 18.0
2.952866 4.336975 -3.4877343155 0.0 18.0
2.952866 4.336975 -3.4877343156 0.0 19.0
-0.07934451 5.3422637 -1.7370867156 0.0 19.0
5.401913 -2.0429041 -4.9016924157 1.0 17.0
2.390949 -3.1300094 -3.1633115157 1.0 17.0
2.390949 -3.1300094 -3.1633115158 0.0 18.0
-0.6412611 -2.1247191 -1.412664158 0.0 18.0
-0.6412611 -2.1247191 -1.412664159 0.0 19.0
-2.6941497 0.6412413 -0.2274282159 0.0 19.0
5.401913 -2.0429041 -4.9016924160 3.0 17.0
1.9251511 -3.1300094 -4.9016924160 3.0 17.0
1.9251511 -3.1300094 -4.9016924161 2.0 18.0
-1.551611 -4.2171144 -4.9016924161 2.0 18.0
-1.551611 -4.2171144 -4.9016924162 1.0 19.0
-4.5625753 -5.3042197 -3.1633115162 1.0 19.0
-4.5625753 -5.3042197 -3.1633115163 0.0 20.0
-6.558738 -8.124997 -2.010826163 0.0 20.0
-6.558738 -8.124997 -2.010826164 0.0 21.0
-6.881408 -11.748649 -1.8245325164 0.0 21.0
-1.551611 -4.2171144 -4.9016924165 1.0 19.0
-0.0943135 -7.447912 -5.7430634165 1.0 19.0
-0.0943135 -7.447912 -5.7430634166 0.0 20.0
-0.41698343 -11.071564 -5.55677166 0.0 20.0
-0.41698343 -11.071564 -5.55677167 0.0 21.0
-2.4131465 -13.892341 -4.4042845167 0.0 21.0
0.015638351 -8.897671 -1.2637155168 7.0 13.0
-0.38051912 -5.2837505 -1.0349939168 7.0 13.0
-0.38051912 -5.2837505 -1.0349939169 6.0 14.0
-0.7766766 -1.6698306 -0.80627227169 6.0 14.0
-0.7766766 -1.6698306 -0.80627227170 1.0 15.0
-1.172834 1.9440894 -0.57755065170 1.0 15.0
-1.172834 1.9440894 -0.57755065171 0.0 16.0
-3.2257237 4.7100487 0.6076858171 0.0 16.0
-3.2257237 4.7100487 0.6076858172 0.0 17.0
-6.2579346 5.7153373 2.3583336172 0.0 17.0
-0.7766766 -1.6698306 -0.80627227173 1.0 15.0
-3.7876408 -2.7569358 0.93210876173 1.0 15.0
-3.7876408 -2.7569358 0.93210876174 0.0 16.0
-6.819851 -1.7516457 2.6827562174 0.0 16.0
-6.819851 -1.7516457 2.6827562175 0.0 17.0
-8.87274 1.0143148 3.867992175 0.0 17.0
-0.7766766 -1.6698306 -0.80627227176 5.0 15.0
-3.1471496 1.0961287 -0.80627227176 5.0 15.0
-3.1471496 1.0961287 -0.80627227177 4.0 16.0
-5.5176225 3.862088 -0.80627227177 4.0 16.0
-5.5176225 3.862088 -0.80627227178 1.0 17.0
-7.5705123 6.628047 0.3789642178 1.0 17.0
-7.5705123 6.628047 0.3789642179 0.0 18.0
-10.602723 7.6333356 2.129612179 0.0 18.0
-10.602723 7.6333356 2.129612180 0.0 19.0
-13.6136875 6.5462303 3.8679929180 0.0 19.0
-5.5176225 3.862088 -0.80627227181 1.0 17.0
-7.5137854 1.0413108 0.3462131181 1.0 17.0
-7.5137854 1.0413108 0.3462131182 0.0 18.0
-10.52475 -0.045794487 2.0845942182 0.0 18.0
-10.52475 -0.045794487 2.0845942183 0.0 19.0
-13.55696 0.95949566 3.8352418183 0.0 19.0
-5.5176225 3.862088 -0.80627227184 3.0 17.0
-9.018917 4.867378 -0.80627227184 3.0 17.0
-9.018917 4.867378 -0.80627227185 2.0 18.0
-12.520212 5.8726683 -0.80627227185 2.0 18.0
-12.520212 5.8726683 -0.80627227186 1.0 19.0
-15.552423 6.8779583 0.94437516186 1.0 19.0
-15.552423 6.8779583 0.94437516187 0.0 20.0
-18.563387 5.790853 2.6827562187 0.0 20.0
-18.563387 5.790853 2.6827562188 0.0 21.0
-20.55955 2.9700758 3.8352416188 0.0 21.0
-12.520212 5.8726683 -0.80627227189 1.0 19.0
-12.842882 2.2490165 -0.6199787189 1.0 19.0
-12.842882 2.2490165 -0.6199787190 0.0 20.0
-14.839046 -0.57176065 0.53250664190 0.0 20.0
-14.839046 -0.57176065 0.53250664191 0.0 21.0
-17.85001 -1.6588659 2.2708876191 0.0 21.0
0.015638351 -8.897671 -1.2637155192 15.0 13.0
-0.44180492 -5.2837505 -1.2637155192 15.0 13.0
-0.44180492 -5.2837505 -1.2637155193 14.0 14.0
-0.8992482 -1.6698306 -1.2637155193 14.0 14.0
-0.8992482 -1.6698306 -1.2637155194 1.0 15.0
-1.2954056 1.9440894 -1.0349939194 1.0 15.0
-1.2954056 1.9440894 -1.0349939195 0.0 16.0
-3.3482955 4.7100487 0.15024257195 0.0 16.0
-3.3482955 4.7100487 0.15024257196 0.0 17.0
-6.380506 5.7153373 1.9008902196 0.0 17.0
-0.8992482 -1.6698306 -1.2637155197 1.0 15.0
-3.9102123 -2.7569358 0.47466552197 1.0 15.0
-3.9102123 -2.7569358 0.47466552198 0.0 16.0
-6.9424224 -1.7516457 2.225313198 0.0 16.0
-6.9424224 -1.7516457 2.225313199 0.0 17.0
-8.995311 1.0143148 3.4105487199 0.0 17.0
-0.8992482 -1.6698306 -1.2637155200 13.0 15.0
-4.4005437 -0.6645421 -1.2637155200 13.0 15.0
-4.4005437 -0.6645421 -1.2637155201 12.0 16.0
-7.9018393 0.3407464 -1.2637155201 12.0 16.0
-7.9018393 0.3407464 -1.2637155202 1.0 17.0
-10.93405 1.3460366 0.48693192202 1.0 17.0
-10.93405 1.3460366 0.48693192203 0.0 18.0
-13.945014 0.25893128 2.225313203 0.0 18.0
-13.945014 0.25893128 2.225313204 0.0 19.0
-15.941177 -2.5618458 3.3777983204 0.0 19.0
-7.9018393 0.3407464 -1.2637155205 1.0 17.0
-8.224509 -3.2829053 -1.0774219205 1.0 17.0
-8.224509 -3.2829053 -1.0774219206 0.0 18.0
-10.220673 -6.1036825 0.07506347206 0.0 18.0
-10.220673 -6.1036825 0.07506347207 0.0 19.0
-13.231637 -7.190788 1.8134445207 0.0 19.0
-7.9018393 0.3407464 -1.2637155208 7.0 17.0
-10.93405 1.3460366 0.48693192208 7.0 17.0
-10.93405 1.3460366 0.48693192209 6.0 18.0
-13.96626 2.3513267 2.2375793209 6.0 18.0
-13.96626 2.3513267 2.2375793210 1.0 19.0
-16.99847 3.356617 3.988227210 1.0 19.0
-16.99847 3.356617 3.988227211 0.0 20.0
-20.009434 2.2695117 5.726608211 0.0 20.0
-20.009434 2.2695117 5.726608212 0.0 21.0
-22.005596 -0.5512655 6.879093212 0.0 21.0
-13.96626 2.3513267 2.2375793213 1.0 19.0
-14.28893 -1.272325 2.423873213 1.0 19.0
-14.28893 -1.272325 2.423873214 0.0 20.0
-16.285093 -4.0931025 3.5763583214 0.0 20.0
-16.285093 -4.0931025 3.5763583215 0.0 21.0
-19.296057 -5.1802077 5.314739215 0.0 21.0
-13.96626 2.3513267 2.2375793216 5.0 19.0
-14.338847 -1.272325 2.2375793216 5.0 19.0
-14.338847 -1.272325 2.2375793217 4.0 20.0
-14.711434 -4.895977 2.2375793217 4.0 20.0
-14.711434 -4.895977 2.2375793218 1.0 21.0
-15.034104 -8.519629 2.423873218 1.0 21.0
-15.034104 -8.519629 2.423873219 0.0 22.0
-13.576807 -11.750426 1.5825019219 0.0 22.0
-13.576807 -11.750426 1.5825019220 0.0 23.0
-10.820419 -13.522274 -0.008899212220 0.0 23.0
-14.711434 -4.895977 2.2375793221 1.0 21.0
-11.565507 -4.6242027 0.4212774221 1.0 21.0
-11.565507 -4.6242027 0.4212774222 0.0 22.0
-8.809119 -6.3960505 -1.1701237222 0.0 22.0
-8.809119 -6.3960505 -1.1701237223 0.0 23.0
-7.351822 -9.626848 -2.0114949223 0.0 23.0
-14.711434 -4.895977 2.2375793224 3.0 21.0
-11.078831 -4.6242027 2.2375793224 3.0 21.0
-11.078831 -4.6242027 2.2375793225 2.0 22.0
-7.446227 -4.3524284 2.2375793225 2.0 22.0
-7.446227 -4.3524284 2.2375793226 1.0 23.0
-4.3002996 -4.080654 0.4212774226 1.0 23.0
-4.3002996 -4.080654 0.4212774227 0.0 24.0
-1.8029225 -1.8549373 -1.020584227 0.0 24.0
-1.8029225 -1.8549373 -1.020584228 0.0 25.0
-0.7781774 1.5902822 -1.6122209228 0.0 25.0
-7.446227 -4.3524284 2.2375793229 1.0 23.0
-8.232259 -0.8245566 2.6913948229 1.0 23.0
-8.232259 -0.8245566 2.6913948230 0.0 24.0
-7.207514 2.620663 2.099758230 0.0 24.0
-7.207514 2.620663 2.099758231 0.0 25.0
-4.7101364 4.8463798 0.6578965231 0.0 25.0
-7.9018393 0.3407464 -1.2637155232 7.0 17.0
-8.224509 -3.2829053 -1.0774219232 7.0 17.0
-8.224509 -3.2829053 -1.0774219233 6.0 18.0
-8.547179 -6.906557 -0.89112836233 6.0 18.0
-8.547179 -6.906557 -0.89112836234 1.0 19.0
-8.869849 -10.530209 -0.7048348234 1.0 19.0
-8.869849 -10.530209 -0.7048348235 0.0 20.0
-7.412552 -13.761006 -1.546206235 0.0 20.0
-7.412552 -13.761006 -1.546206236 0.0 21.0
-4.656164 -15.532854 -3.137607236 0.0 21.0
-8.547179 -6.906557 -0.89112836237 1.0 19.0
-5.401252 -6.634783 -2.7074304237 1.0 19.0
-5.401252 -6.634783 -2.7074304238 0.0 20.0
-2.6448643 -8.4066305 -4.2988315238 0.0 20.0
-2.6448643 -8.4066305 -4.2988315239 0.0 21.0
-1.1875669 -11.637428 -5.1402025239 0.0 21.0
-8.547179 -6.906557 -0.89112836240 5.0 19.0
-6.864437 -10.137355 -0.89112836240 5.0 19.0
-6.864437 -10.137355 -0.89112836241 4.0 20.0
-5.181695 -13.368153 -0.89112836241 4.0 20.0
-5.181695 -13.368153 -0.89112836242 1.0 21.0
-3.7243977 -16.59895 -1.7324995242 1.0 21.0
-3.7243977 -16.59895 -1.7324995243 0.0 22.0
-0.9680102 -18.370796 -3.3239007243 0.0 22.0
-0.9680102 -18.370796 -3.3239007244 0.0 23.0
2.177917 -18.099022 -5.1402025244 0.0 23.0
-5.181695 -13.368153 -0.89112836245 1.0 21.0
-2.6843178 -11.142436 -2.3329897245 1.0 21.0
-2.6843178 -11.142436 -2.3329897246 0.0 22.0
0.46160936 -10.870662 -4.1492915246 0.0 22.0
0.46160936 -10.870662 -4.1492915247 0.0 23.0
3.2179968 -12.642509 -5.7406926247 0.0 23.0
-5.181695 -13.368153 -0.89112836248 3.0 21.0
-1.9988928 -15.14 -0.89112836248 3.0 21.0
-1.9988928 -15.14 -0.89112836249 2.0 22.0
1.1839094 -16.911848 -0.89112836249 2.0 22.0
1.1839094 -16.911848 -0.89112836250 1.0 23.0
3.940297 -18.683695 -2.4825294250 1.0 23.0
3.940297 -18.683695 -2.4825294251 0.0 24.0
7.086224 -18.41192 -4.2988315251 0.0 24.0
7.086224 -18.41192 -4.2988315252 0.0 25.0
9.583601 -16.186203 -5.740693252 0.0 25.0
1.1839094 -16.911848 -0.89112836253 1.0 23.0
2.2086544 -13.466629 -1.4827652253 1.0 23.0
2.2086544 -13.466629 -1.4827652254 0.0 24.0
4.706032 -11.240912 -2.9246266254 0.0 24.0
4.706032 -11.240912 -2.9246266255 0.0 25.0
7.851959 -10.969138 -4.7409286255 0.0 25.0
-7.9018393 0.3407464 -1.2637155256 11.0 17.0
-8.274426 -3.2829053 -1.2637155256 11.0 17.0
-8.274426 -3.2829053 -1.2637155257 10.0 18.0
-8.647014 -6.906557 -1.2637155257 10.0 18.0
-8.647014 -6.906557 -1.2637155258 1.0 19.0
-8.969684 -10.530209 -1.0774219258 1.0 19.0
-8.969684 -10.530209 -1.0774219259 0.0 20.0
-7.5123863 -13.761006 -1.918793259 0.0 20.0
-7.5123863 -13.761006 -1.918793260 0.0 21.0
-4.7559986 -15.532854 -3.510194260 0.0 21.0
-8.647014 -6.906557 -1.2637155261 1.0 19.0
-5.501086 -6.634783 -3.0800176261 1.0 19.0
-5.501086 -6.634783 -3.0800176262 0.0 20.0
-2.7446988 -8.4066305 -4.6714187262 0.0 20.0
-2.7446988 -8.4066305 -4.6714187263 0.0 21.0
-1.2874013 -11.637428 -5.5127897263 0.0 21.0
-8.647014 -6.906557 -1.2637155264 9.0 19.0
-5.4642115 -8.678405 -1.2637155264 9.0 19.0
-5.4642115 -8.678405 -1.2637155265 8.0 20.0
-2.2814093 -10.450253 -1.2637155265 8.0 20.0
-2.2814093 -10.450253 -1.2637155266 1.0 21.0
0.4749782 -12.2221 -2.8551166266 1.0 21.0
0.4749782 -12.2221 -2.8551166267 0.0 22.0
3.6209054 -11.950326 -4.6714187267 0.0 22.0
3.6209054 -11.950326 -4.6714187268 0.0 23.0
6.1182823 -9.724609 -6.1132803268 0.0 23.0
-2.2814093 -10.450253 -1.2637155269 1.0 21.0
-1.2566642 -7.005033 -1.8553524269 1.0 21.0
-1.2566642 -7.005033 -1.8553524270 0.0 22.0
1.240713 -4.779316 -3.2972138270 0.0 22.0
1.240713 -4.779316 -3.2972138271 0.0 23.0
4.38664 -4.5075417 -5.113516271 0.0 23.0
-2.2814093 -10.450253 -1.2637155272 7.0 21.0
0.4749782 -12.2221 -2.8551166272 7.0 21.0
0.4749782 -12.2221 -2.8551166273 6.0 22.0
3.2313657 -13.993948 -4.446518273 6.0 22.0
3.2313657 -13.993948 -4.446518274 1.0 23.0
5.987753 -15.765796 -6.037919274 1.0 23.0
5.987753 -15.765796 -6.037919275 0.0 24.0
9.13368 -15.494021 -7.854221275 0.0 24.0
9.13368 -15.494021 -7.854221276 0.0 25.0
11.631058 -13.268305 -9.2960825276 0.0 25.0
3.2313657 -13.993948 -4.446518277 1.0 23.0
4.2561107 -10.548729 -5.0381546277 1.0 23.0
4.2561107 -10.548729 -5.0381546278 0.0 24.0
6.7534876 -8.323012 -6.4800158278 0.0 24.0
6.7534876 -8.323012 -6.4800158279 0.0 25.0
9.899415 -8.051238 -8.296318279 0.0 25.0
3.2313657 -13.993948 -4.446518280 5.0 23.0
4.4146395 -10.548729 -4.446518280 5.0 23.0
4.4146395 -10.548729 -4.446518281 4.0 24.0
5.5979133 -7.1035094 -4.446518281 4.0 24.0
5.5979133 -7.1035094 -4.446518282 1.0 25.0
6.6226583 -3.65829 -5.0381546282 1.0 25.0
6.6226583 -3.65829 -5.0381546283 0.0 26.0
5.836627 -0.13041806 -4.584339283 0.0 26.0
5.836627 -0.13041806 -4.584339284 0.0 27.0
3.499193 2.3159826 -3.2348208284 0.0 27.0
5.5979133 -7.1035094 -4.446518285 1.0 25.0
2.480381 -6.5458407 -2.6466098285 1.0 25.0
2.480381 -6.5458407 -2.6466098286 0.0 26.0
0.14294696 -4.09944 -1.2970916286 0.0 26.0
0.14294696 -4.09944 -1.2970916287 0.0 27.0
-0.6430844 -0.57156825 -0.84327614287 0.0 27.0
5.5979133 -7.1035094 -4.446518288 3.0 25.0
1.9980967 -6.5458407 -4.446518288 3.0 25.0
1.9980967 -6.5458407 -4.446518289 2.0 26.0
-1.6017199 -5.988172 -4.446518289 2.0 26.0
-1.6017199 -5.988172 -4.446518290 1.0 27.0
-4.719252 -5.4305034 -2.6466098290 1.0 27.0
-4.719252 -5.4305034 -2.6466098291 0.0 28.0
-7.588163 -6.9455857 -0.9902433291 0.0 28.0
-7.588163 -6.9455857 -0.9902433292 0.0 29.0
-9.261771 -10.033474 -0.02398485292 0.0 29.0
-1.6017199 -5.988172 -4.446518293 1.0 27.0
-1.5277708 -9.629928 -4.4892125293 1.0 27.0
-1.5277708 -9.629928 -4.4892125294 0.0 28.0
-3.2013793 -12.717815 -3.522954294 0.0 28.0
-3.2013793 -12.717815 -3.522954295 0.0 29.0
-6.07029 -14.232898 -1.8665875295 0.0 29.0
-2.2814093 -10.450253 -1.2637155296 7.0 21.0
-1.2566642 -7.005033 -1.8553524296 7.0 21.0
-1.2566642 -7.005033 -1.8553524297 6.0 22.0
-0.23191905 -3.5598135 -2.4469893297 6.0 22.0
-0.23191905 -3.5598135 -2.4469893298 1.0 23.0
0.79282606 -0.11459398 -3.0386262298 1.0 23.0
0.79282606 -0.11459398 -3.0386262299 0.0 24.0
0.006794691 3.4132779 -2.5848107299 0.0 24.0
0.006794691 3.4132779 -2.5848107300 0.0 25.0
-2.3306394 5.8596783 -1.2352926300 0.0 25.0
-0.23191905 -3.5598135 -2.4469893301 1.0 23.0
-3.3494513 -3.0021448 -0.647081301 1.0 23.0
-3.3494513 -3.0021448 -0.647081302 0.0 24.0
-5.6868854 -0.5557442 0.70243716302 0.0 24.0
-5.6868854 -0.5557442 0.70243716303 0.0 25.0
-6.4729166 2.9721277 1.1562526303 0.0 25.0
-0.23191905 -3.5598135 -2.4469893304 5.0 23.0
-1.13955 -0.031941652 -2.4469893304 5.0 23.0
-1.13955 -0.031941652 -2.4469893305 4.0 24.0
-2.047181 3.4959302 -2.4469893305 4.0 24.0
-2.047181 3.4959302 -2.4469893306 1.0 25.0
-2.8332124 7.023802 -1.9931738306 1.0 25.0
-2.8332124 7.023802 -1.9931738307 0.0 26.0
-5.1706467 9.470202 -0.64365566307 0.0 26.0
-5.1706467 9.470202 -0.64365566308 0.0 27.0
-8.288179 10.027871 1.1562526308 0.0 27.0
-2.047181 3.4959302 -2.4469893309 1.0 25.0
-4.916092 1.9808478 -0.79062283309 1.0 25.0
-4.916092 1.9808478 -0.79062283310 0.0 26.0
-8.033625 2.5385165 1.0092854310 0.0 26.0
-8.033625 2.5385165 1.0092854311 0.0 27.0
-10.371058 4.984917 2.3588037311 0.0 27.0
-2.047181 3.4959302 -2.4469893312 3.0 25.0
-4.7462173 5.942331 -2.4469893312 3.0 25.0
-4.7462173 5.942331 -2.4469893313 2.0 26.0
-7.4452534 8.388731 -2.4469893313 2.0 26.0
-7.4452534 8.388731 -2.4469893314 1.0 27.0
-9.782687 10.835132 -1.0974711314 1.0 27.0
-9.782687 10.835132 -1.0974711315 0.0 28.0
-12.900219 11.3928 0.70243716315 0.0 28.0
-12.900219 11.3928 0.70243716316 0.0 29.0
-15.76913 9.877718 2.3588037316 0.0 29.0
-7.4452534 8.388731 -2.4469893317 1.0 27.0
-9.118862 5.3008432 -1.4807308317 1.0 27.0
-9.118862 5.3008432 -1.4807308318 0.0 28.0
-11.987773 3.7857609 0.1756357318 0.0 28.0
-11.987773 3.7857609 0.1756357319 0.0 29.0
-15.105305 4.3434296 1.975544319 0.0 29.0
-9.449136 -1.6915317 0.0320 19.0 9.0
-6.7294807 0.15444851 -1.5701934320 19.0 9.0
-6.7294807 0.15444851 -1.5701934321 18.0 10.0
-4.0098257 2.0004287 -3.1403868321 18.0 10.0
-4.0098257 2.0004287 -3.1403868322 1.0 11.0
-1.2901709 3.8464088 -4.7105803322 1.0 11.0
-1.2901709 3.8464088 -4.7105803323 0.0 12.0
0.10112774 7.1157703 -5.513847323 0.0 12.0
0.10112774 7.1157703 -5.513847324 0.0 13.0
-0.29502973 10.729691 -5.2851253324 0.0 13.0
-4.0098257 2.0004287 -3.1403868325 1.0 11.0
-6.0627155 4.766388 -1.9551504325 1.0 11.0
-6.0627155 4.766388 -1.9551504326 0.0 12.0
-6.458873 8.380308 -1.7264287326 0.0 12.0
-6.458873 8.380308 -1.7264287327 0.0 13.0
-5.067574 11.64967 -2.5296955327 0.0 13.0
-4.0098257 2.0004287 -3.1403868328 17.0 11.0
-4.467269 5.6143484 -3.1403868328 17.0 11.0
-4.467269 5.6143484 -3.1403868329 16.0 12.0
-4.924712 9.228269 -3.1403868329 16.0 12.0
-4.924712 9.228269 -3.1403868330 1.0 13.0
-5.3208694 12.842189 -2.9116652330 1.0 13.0
-5.3208694 12.842189 -2.9116652331 0.0 14.0
-7.3737593 15.608149 -1.7264287331 0.0 14.0
-7.3737593 15.608149 -1.7264287332 0.0 15.0
-10.40597 16.613438 0.024218917332 0.0 15.0
-4.924712 9.228269 -3.1403868333 1.0 13.0
-7.9356766 8.141163 -1.4020058333 1.0 13.0
-7.9356766 8.141163 -1.4020058334 0.0 14.0
-10.967887 9.146453 0.34864163334 0.0 14.0
-10.967887 9.146453 0.34864163335 0.0 15.0
-13.020776 11.912414 1.5338775335 0.0 15.0
-4.924712 9.228269 -3.1403868336 7.0 13.0
-5.3208694 12.842189 -2.9116652336 7.0 13.0
-5.3208694 12.842189 -2.9116652337 6.0 14.0
-5.7170267 16.456108 -2.6829436337 6.0 14.0
-5.7170267 16.456108 -2.6829436338 1.0 15.0
-6.113184 20.070028 -2.454222338 1.0 15.0
-6.113184 20.070028 -2.454222339 0.0 16.0
-8.166074 22.835987 -1.2689855339 0.0 16.0
-8.166074 22.835987 -1.2689855340 0.0 17.0
-11.198284 23.841276 0.48166215340 0.0 17.0
-5.7170267 16.456108 -2.6829436341 1.0 15.0
-8.727991 15.369003 -0.94456255341 1.0 15.0
-8.727991 15.369003 -0.94456255342 0.0 16.0
-11.760201 16.374294 0.8060849342 0.0 16.0
-11.760201 16.374294 0.8060849343 0.0 17.0
-13.81309 19.140255 1.9913207343 0.0 17.0
-5.7170267 16.456108 -2.6829436344 5.0 15.0
-9.193789 15.369003 -2.6829436344 5.0 15.0
-9.193789 15.369003 -2.6829436345 4.0 16.0
-12.67055 14.2818985 -2.6829436345 4.0 16.0
-12.67055 14.2818985 -2.6829436346 1.0 17.0
-15.681515 13.194794 -0.94456255346 1.0 17.0
-15.681515 13.194794 -0.94456255347 0.0 18.0
-17.677677 10.374017 0.20792282347 0.0 18.0
-17.677677 10.374017 0.20792282348 0.0 19.0
-18.000347 6.7503653 0.39421636348 0.0 19.0
-12.67055 14.2818985 -2.6829436349 1.0 17.0
-11.213253 11.051101 -3.5243146349 1.0 17.0
-11.213253 11.051101 -3.5243146350 0.0 18.0
-11.535923 7.427449 -3.338021350 0.0 18.0
-11.535923 7.427449 -3.338021351 0.0 19.0
-13.532086 4.6066723 -2.1855357351 0.0 19.0
-12.67055 14.2818985 -2.6829436352 3.0 17.0
-10.987808 11.051101 -2.6829436352 3.0 17.0
-10.987808 11.051101 -2.6829436353 2.0 18.0
-9.305066 7.820303 -2.6829436353 2.0 18.0
-9.305066 7.820303 -2.6829436354 1.0 19.0
-7.847769 4.589505 -3.5243146354 1.0 19.0
-7.847769 4.589505 -3.5243146355 0.0 20.0
-5.091381 2.8176575 -5.115716355 0.0 20.0
-5.091381 2.8176575 -5.115716356 0.0 21.0
-1.9454539 3.089432 -6.932018356 0.0 21.0
-9.305066 7.820303 -2.6829436357 1.0 19.0
-6.8076887 10.04602 -4.124805357 1.0 19.0
-6.8076887 10.04602 -4.124805358 0.0 20.0
-3.6617615 10.317794 -5.941107358 0.0 20.0
-3.6617615 10.317794 -5.941107359 0.0 21.0
-0.90537405 8.545946 -7.532508359 0.0 21.0
-4.924712 9.228269 -3.1403868360 7.0 13.0
-7.9356766 8.141163 -1.4020058360 7.0 13.0
-7.9356766 8.141163 -1.4020058361 6.0 14.0
-10.946641 7.0540576 0.33637524361 6.0 14.0
-10.946641 7.0540576 0.33637524362 1.0 15.0
-13.957605 5.9669523 2.0747561362 1.0 15.0
-13.957605 5.9669523 2.0747561363 0.0 16.0
-15.953769 3.1461751 3.2272415363 0.0 16.0
-15.953769 3.1461751 3.2272415364 0.0 17.0
-16.276438 -0.4774766 3.413535364 0.0 17.0
-10.946641 7.0540576 0.33637524365 1.0 15.0
-9.489344 3.82326 -0.5049959365 1.0 15.0
-9.489344 3.82326 -0.5049959366 0.0 16.0
-9.812014 0.19960833 -0.31870234366 0.0 16.0
-9.812014 0.19960833 -0.31870234367 0.0 17.0
-11.808177 -2.6211689 0.83378303367 0.0 17.0
-10.946641 7.0540576 0.33637524368 5.0 15.0
-13.251612 4.23328 0.33637524368 5.0 15.0
-13.251612 4.23328 0.33637524369 4.0 16.0
-15.556582 1.412503 0.33637524369 4.0 16.0
-15.556582 1.412503 0.33637524370 1.0 17.0
-17.552746 -1.4082742 1.4888606370 1.0 17.0
-17.552746 -1.4082742 1.4888606371 0.0 18.0
-17.875416 -5.031926 1.6751542371 0.0 18.0
-17.875416 -5.031926 1.6751542372 0.0 19.0
-16.418118 -8.262724 0.8337831372 0.0 19.0
-15.556582 1.412503 0.33637524373 1.0 17.0
-12.800195 -0.3593446 -1.2550259373 1.0 17.0
-12.800195 -0.3593446 -1.2550259374 0.0 18.0
-11.342897 -3.5901423 -2.096397374 0.0 18.0
-11.342897 -3.5901423 -2.096397375 0.0 19.0
-11.665567 -7.2137938 -1.9101033375 0.0 19.0
-15.556582 1.412503 0.33637524376 3.0 17.0
-15.92917 -2.2111487 0.33637524376 3.0 17.0
-15.92917 -2.2111487 0.33637524377 2.0 18.0
-16.301756 -5.8348007 0.33637524377 2.0 18.0
-16.301756 -5.8348007 0.33637524378 1.0 19.0
-16.624426 -9.458452 0.5226688378 1.0 19.0
-16.624426 -9.458452 0.5226688379 0.0 20.0
-15.167129 -12.68925 -0.31870234379 0.0 20.0
-15.167129 -12.68925 -0.31870234380 0.0 21.0
-12.410741 -14.461098 -1.9101034380 0.0 21.0
-16.301756 -5.8348007 0.33637524381 1.0 19.0
-13.155828 -5.5630264 -1.4799267381 1.0 19.0
-13.155828 -5.5630264 -1.4799267382 0.0 20.0
-10.399441 -7.334874 -3.0713277382 0.0 20.0
-10.399441 -7.334874 -3.0713277383 0.0 21.0
-8.942143 -10.565672 -3.9126987383 0.0 21.0
-4.924712 9.228269 -3.1403868384 15.0 13.0
-7.295185 11.994228 -3.1403868384 15.0 13.0
-7.295185 11.994228 -3.1403868385 14.0 14.0
-9.665658 14.760187 -3.1403868385 14.0 14.0
-9.665658 14.760187 -3.1403868386 1.0 15.0
-11.718548 17.526146 -1.9551504386 1.0 15.0
-11.718548 17.526146 -1.9551504387 0.0 16.0
-14.750758 18.531435 -0.2045027387 0.0 16.0
-14.750758 18.531435 -0.2045027388 0.0 17.0
-17.761723 17.44433 1.5338783388 0.0 17.0
-9.665658 14.760187 -3.1403868389 1.0 15.0
-11.661821 11.93941 -1.9879014389 1.0 15.0
-11.661821 11.93941 -1.9879014390 0.0 16.0
-14.672786 10.852304 -0.24952042390 0.0 16.0
-14.672786 10.852304 -0.24952042391 0.0 17.0
-17.704996 11.8575945 1.501127391 0.0 17.0
-9.665658 14.760187 -3.1403868392 13.0 15.0
-13.14242 13.673082 -3.1403868392 13.0 15.0
-13.14242 13.673082 -3.1403868393 12.0 16.0
-16.619183 12.585978 -3.1403868393 12.0 16.0
-16.619183 12.585978 -3.1403868394 1.0 17.0
-19.630146 11.498873 -1.4020058394 1.0 17.0
-19.630146 11.498873 -1.4020058395 0.0 18.0
-21.626308 8.678096 -0.24952042395 0.0 18.0
-21.626308 8.678096 -0.24952042396 0.0 19.0
-21.948978 5.0544443 -0.063226864396 0.0 19.0
-16.619183 12.585978 -3.1403868397 1.0 17.0
-15.161885 9.35518 -3.9817579397 1.0 17.0
-15.161885 9.35518 -3.9817579398 0.0 18.0
-15.484555 5.7315283 -3.7954643398 0.0 18.0
-15.484555 5.7315283 -3.7954643399 0.0 19.0
-17.480719 2.910751 -2.642979399 0.0 19.0
-16.619183 12.585978 -3.1403868400 7.0 17.0
-19.630146 11.498873 -1.4020058400 7.0 17.0
-19.630146 11.498873 -1.4020058401 6.0 18.0
-22.64111 10.411768 0.33637524401 6.0 18.0
-22.64111 10.411768 0.33637524402 1.0 19.0
-25.652073 9.324663 2.0747561402 1.0 19.0
-25.652073 9.324663 2.0747561403 0.0 20.0
-27.648235 6.503886 3.2272415403 0.0 20.0
-27.648235 6.503886 3.2272415404 0.0 21.0
-27.970905 2.8802345 3.413535404 0.0 21.0
-22.64111 10.411768 0.33637524405 1.0 19.0
-21.183811 7.18097 -0.5049959405 1.0 19.0
-21.183811 7.18097 -0.5049959406 0.0 20.0
-21.506481 3.5573184 -0.31870234406 0.0 20.0
-21.506481 3.5573184 -0.31870234407 0.0 21.0
-23.502644 0.7365413 0.83378303407 0.0 21.0
-22.64111 10.411768 0.33637524408 5.0 19.0
-20.958366 7.18097 0.33637524408 5.0 19.0
-20.958366 7.18097 0.33637524409 4.0 20.0
-19.275623 3.9501727 0.33637524409 4.0 20.0
-19.275623 3.9501727 0.33637524410 1.0 21.0
-17.818325 0.71937513 -0.5049959410 1.0 21.0
-17.818325 0.71937513 -0.5049959411 0.0 22.0
-15.061937 -1.0524725 -2.096397411 0.0 22.0
-15.061937 -1.0524725 -2.096397412 0.0 23.0
-11.91601 -0.78069794 -3.9126987412 0.0 23.0
-19.275623 3.9501727 0.33637524413 1.0 21.0
-16.778246 6.1758895 -1.1054862413 1.0 21.0
-16.778246 6.1758895 -1.1054862414 0.0 22.0
-13.6323185 6.4476643 -2.9217882414 0.0 22.0
-13.6323185 6.4476643 -2.9217882415 0.0 23.0
-10.875931 4.6758165 -4.5131893415 0.0 23.0
-19.275623 3.9501727 0.33637524416 3.0 21.0
-16.391901 6.1758895 0.33637524416 3.0 21.0
-16.391901 6.1758895 0.33637524417 2.0 22.0
-13.508179 8.401607 0.33637524417 2.0 22.0
-13.508179 8.401607 0.33637524418 1.0 23.0
-11.010801 10.627323 -1.1054862418 1.0 23.0
-11.010801 10.627323 -1.1054862419 0.0 24.0
-9.986056 14.072542 -1.697123419 0.0 24.0
-9.986056 14.072542 -1.697123420 0.0 25.0
-10.772088 17.600414 -1.2433076420 0.0 25.0
-13.508179 8.401607 0.33637524421 1.0 23.0
-15.845613 10.848007 1.6858934421 1.0 23.0
-15.845613 10.848007 1.6858934422 0.0 24.0
-16.631643 14.375879 2.1397088422 0.0 24.0
-16.631643 14.375879 2.1397088423 0.0 25.0
-15.606898 17.821098 1.5480719423 0.0 25.0
-16.619183 12.585978 -3.1403868424 7.0 17.0
-15.161885 9.35518 -3.9817579424 7.0 17.0
-15.161885 9.35518 -3.9817579425 6.0 18.0
-13.704588 6.124382 -4.823129425 6.0 18.0
-13.704588 6.124382 -4.823129426 1.0 19.0
-12.247291 2.8935845 -5.6645426 1.0 19.0
-12.247291 2.8935845 -5.6645427 0.0 20.0
-9.490903 1.1217369 -7.2559013427 0.0 20.0
-9.490903 1.1217369 -7.2559013428 0.0 21.0
-6.3449755 1.3935114 -9.072204428 0.0 21.0
-13.704588 6.124382 -4.823129429 1.0 19.0
-11.207211 8.350099 -6.264991429 1.0 19.0
-11.207211 8.350099 -6.264991430 0.0 20.0
-8.061283 8.621873 -8.081293430 0.0 20.0
-8.061283 8.621873 -8.081293431 0.0 21.0
-5.3048954 6.850025 -9.672694431 0.0 21.0
-13.704588 6.124382 -4.823129432 5.0 19.0
-10.521786 4.3525343 -4.823129432 5.0 19.0
-10.521786 4.3525343 -4.823129433 4.0 20.0
-7.3389835 2.5806866 -4.823129433 4.0 20.0
-7.3389835 2.5806866 -4.823129434 1.0 21.0
-4.582596 0.80883896 -6.4145303434 1.0 21.0
-4.582596 0.80883896 -6.4145303435 0.0 22.0
-1.4366686 1.0806135 -8.230832435 0.0 22.0
-1.4366686 1.0806135 -8.230832436 0.0 23.0
1.0607085 3.3063302 -9.672693436 0.0 23.0
-7.3389835 2.5806866 -4.823129437 1.0 21.0
-6.3142385 6.025906 -5.4147663437 1.0 21.0
-6.3142385 6.025906 -5.4147663438 0.0 22.0
-3.8168614 8.251623 -6.8566275438 0.0 22.0
-3.8168614 8.251623 -6.8566275439 0.0 23.0
-0.6709342 8.523397 -8.67293439 0.0 23.0
-7.3389835 2.5806866 -4.823129440 3.0 21.0
-3.7063797 2.852461 -4.823129440 3.0 21.0
-3.7063797 2.852461 -4.823129441 2.0 22.0
-0.07377577 3.1242356 -4.823129441 2.0 22.0
-0.07377577 3.1242356 -4.823129442 1.0 23.0
3.0721514 3.3960102 -6.639431442 1.0 23.0
3.0721514 3.3960102 -6.639431443 0.0 24.0
5.5695286 5.621727 -8.081292443 0.0 24.0
5.5695286 5.621727 -8.081292444 0.0 25.0
6.5942736 9.066946 -8.672929444 0.0 25.0
-0.07377577 3.1242356 -4.823129445 1.0 23.0
-0.85980713 6.6521072 -4.3693137445 1.0 23.0
-0.85980713 6.6521072 -4.3693137446 0.0 24.0
0.16493797 10.097326 -4.960951446 0.0 24.0
0.16493797 10.097326 -4.960951447 0.0 25.0
2.6623151 12.323043 -6.402812447 0.0 25.0
-16.619183 12.585978 -3.1403868448 11.0 17.0
-18.924152 9.765201 -3.1403868448 11.0 17.0
-18.924152 9.765201 -3.1403868449 10.0 18.0
-21.229122 6.9444237 -3.1403868449 10.0 18.0
-21.229122 6.9444237 -3.1403868450 1.0 19.0
-23.225285 4.1236467 -1.9879014450 1.0 19.0
-23.225285 4.1236467 -1.9879014451 0.0 20.0
-23.547955 0.499995 -1.8016078451 0.0 20.0
-23.547955 0.499995 -1.8016078452 0.0 21.0
-22.090656 -2.7308025 -2.642979452 0.0 21.0
-21.229122 6.9444237 -3.1403868453 1.0 19.0
-18.472734 5.172576 -4.7317877453 1.0 19.0
-18.472734 5.172576 -4.7317877454 0.0 20.0
-17.015436 1.9417784 -5.5731587454 0.0 20.0
-17.015436 1.9417784 -5.5731587455 0.0 21.0
-17.338106 -1.6818733 -5.386865455 0.0 21.0
-21.229122 6.9444237 -3.1403868456 9.0 19.0
-19.54638 3.7136261 -3.1403868456 9.0 19.0
-19.54638 3.7136261 -3.1403868457 8.0 20.0
-17.863636 0.48282862 -3.1403868457 8.0 20.0
-17.863636 0.48282862 -3.1403868458 1.0 21.0
-16.406338 -2.747969 -3.9817579458 1.0 21.0
-16.406338 -2.747969 -3.9817579459 0.0 22.0
-13.64995 -4.5198164 -5.573159459 0.0 22.0
-13.64995 -4.5198164 -5.573159460 0.0 23.0
-10.504023 -4.248042 -7.389461460 0.0 23.0
-17.863636 0.48282862 -3.1403868461 1.0 21.0
-15.366259 2.7085454 -4.582248461 1.0 21.0
-15.366259 2.7085454 -4.582248462 0.0 22.0
-12.220331 2.98032 -6.39855462 0.0 22.0
-12.220331 2.98032 -6.39855463 0.0 23.0
-9.4639435 1.2084724 -7.989951463 0.0 23.0
-17.863636 0.48282862 -3.1403868464 7.0 21.0
-16.406338 -2.747969 -3.9817579464 7.0 21.0
-16.406338 -2.747969 -3.9817579465 6.0 22.0
-14.94904 -5.9787664 -4.823129465 6.0 22.0
-14.94904 -5.9787664 -4.823129466 1.0 23.0
-13.491743 -9.209564 -5.6645466 1.0 23.0
-13.491743 -9.209564 -5.6645467 0.0 24.0
-10.735355 -10.981412 -7.2559013467 0.0 24.0
-10.735355 -10.981412 -7.2559013468 0.0 25.0
-7.589428 -10.709638 -9.072204468 0.0 25.0
-14.94904 -5.9787664 -4.823129469 1.0 23.0
-12.451663 -3.7530496 -6.264991469 1.0 23.0
-12.451663 -3.7530496 -6.264991470 0.0 24.0
-9.305736 -3.481275 -8.081293470 0.0 24.0
-9.305736 -3.481275 -8.081293471 0.0 25.0
-6.549348 -5.253123 -9.672694471 0.0 25.0
-14.94904 -5.9787664 -4.823129472 5.0 23.0
-12.065317 -3.7530496 -4.823129472 5.0 23.0
-12.065317 -3.7530496 -4.823129473 4.0 24.0
-9.181595 -1.5273328 -4.823129473 4.0 24.0
-9.181595 -1.5273328 -4.823129474 1.0 25.0
-6.6842175 0.69838405 -6.264991474 1.0 25.0
-6.6842175 0.69838405 -6.264991475 0.0 26.0
-5.6594725 4.1436033 -6.8566275475 0.0 26.0
-5.6594725 4.1436033 -6.8566275476 0.0 27.0
-6.4455037 7.6714754 -6.402812476 0.0 27.0
-9.181595 -1.5273328 -4.823129477 1.0 25.0
-11.519029 0.91906786 -3.4736109477 1.0 25.0
-11.519029 0.91906786 -3.4736109478 0.0 26.0
-12.30506 4.4469395 -3.0197954478 0.0 26.0
-12.30506 4.4469395 -3.0197954479 0.0 27.0
-11.280315 7.892159 -3.6114323479 0.0 27.0
-9.181595 -1.5273328 -4.823129480 3.0 25.0
-11.880631 0.91906786 -4.823129480 3.0 25.0
-11.880631 0.91906786 -4.823129481 2.0 26.0
-14.579668 3.3654685 -4.823129481 2.0 26.0
-14.579668 3.3654685 -4.823129482 1.0 27.0
-16.917103 5.811869 -3.4736109482 1.0 27.0
-16.917103 5.811869 -3.4736109483 0.0 28.0
-20.034636 6.369538 -1.6737026483 0.0 28.0
-20.034636 6.369538 -1.6737026484 0.0 29.0
-22.903545 4.8544555 -0.01733613484 0.0 29.0
-14.579668 3.3654685 -4.823129485 1.0 27.0
-16.253277 0.27758074 -3.8568707485 1.0 27.0
-16.253277 0.27758074 -3.8568707486 0.0 28.0
-19.122189 -1.2375016 -2.2005043486 0.0 28.0
-19.122189 -1.2375016 -2.2005043487 0.0 29.0
-22.239721 -0.679833 -0.40059602487 0.0 29.0
-17.863636 0.48282862 -3.1403868488 7.0 21.0
-15.366259 2.7085454 -4.582248488 7.0 21.0
-15.366259 2.7085454 -4.582248489 6.0 22.0
-12.868881 4.9342623 -6.02411489 6.0 22.0
-12.868881 4.9342623 -6.02411490 1.0 23.0
-10.371504 7.159979 -7.465971490 1.0 23.0
-10.371504 7.159979 -7.465971491 0.0 24.0
-9.346759 10.605198 -8.057608491 0.0 24.0
-9.346759 10.605198 -8.057608492 0.0 25.0
-10.132791 14.13307 -7.603792492 0.0 25.0
-12.868881 4.9342623 -6.02411493 1.0 23.0
-15.206315 7.380663 -4.6745915493 1.0 23.0
-15.206315 7.380663 -4.6745915494 0.0 24.0
-15.992347 10.908535 -4.220776494 0.0 24.0
-15.992347 10.908535 -4.220776495 0.0 25.0
-14.967602 14.353754 -4.812413495 0.0 25.0
-12.868881 4.9342623 -6.02411496 5.0 23.0
-11.685608 8.379482 -6.02411496 5.0 23.0
-11.685608 8.379482 -6.02411497 4.0 24.0
-10.502335 11.824701 -6.02411497 4.0 24.0
-10.502335 11.824701 -6.02411498 1.0 25.0
-9.47759 15.26992 -6.6157465498 1.0 25.0
-9.47759 15.26992 -6.6157465499 0.0 26.0
-10.263621 18.797792 -6.161931499 0.0 26.0
-10.263621 18.797792 -6.161931500 0.0 27.0
-12.601055 21.244194 -4.8124127500 0.0 27.0
-10.502335 11.824701 -6.02411501 1.0 25.0
-13.619867 12.38237 -4.2242017501 1.0 25.0
-13.619867 12.38237 -4.2242017502 0.0 26.0
-15.957301 14.828771 -2.8746834502 0.0 26.0
-15.957301 14.828771 -2.8746834503 0.0 27.0
-16.743332 18.356642 -2.420868503 0.0 27.0
-10.502335 11.824701 -6.02411504 3.0 25.0
-11.4099655 15.352573 -6.02411504 3.0 25.0
-11.4099655 15.352573 -6.02411505 2.0 26.0
-12.317596 18.880445 -6.02411505 2.0 26.0
-12.317596 18.880445 -6.02411506 1.0 27.0
-13.103628 22.408318 -5.5702944506 1.0 27.0
-13.103628 22.408318 -5.5702944507 0.0 28.0
-15.441062 24.854717 -4.220776507 0.0 28.0
-15.441062 24.854717 -4.220776508 0.0 29.0
-18.558594 25.412386 -2.420868508 0.0 29.0
-12.317596 18.880445 -6.02411509 1.0 27.0
-15.186507 17.365364 -4.3677435509 1.0 27.0
-15.186507 17.365364 -4.3677435510 0.0 28.0
-18.304039 17.923033 -2.5678353510 0.0 28.0
-18.304039 17.923033 -2.5678353511 0.0 29.0
-20.641474 20.369434 -1.2183172511 0.0 29.0
