0.0 0.0 0.00 60.0 1.0
0.0 1.6653173 0.00 60.0 1.0
0.0 1.6653173 0.01 59.0 2.0
0.0 3.3306346 0.01 59.0 2.0
0.0 3.3306346 0.02 58.0 3.0
0.0 4.9959517 0.02 58.0 3.0
0.0 4.9959517 0.03 57.0 4.0
0.0 6.661269 0.03 57.0 4.0
0.0 6.661269 0.04 56.0 5.0
0.0 8.326587 0.04 56.0 5.0
0.0 8.326587 0.05 55.0 6.0
0.0 9.991904 0.05 55.0 6.0
0.0 9.991904 0.06 54.0 7.0
0.0 11.657222 0.06 54.0 7.0
0.0 11.657222 0.07 53.0 8.0
0.0 13.322539 0.07 53.0 8.0
0.0 13.322539 0.08 52.0 9.0
0.0 14.987857 0.08 52.0 9.0
0.0 14.987857 0.09 51.0 10.0
0.0 16.653173 0.09 51.0 10.0
0.0 16.653173 0.010 50.0 11.0
0.0 18.318491 0.010 50.0 11.0
0.0 18.318491 0.011 49.0 12.0
0.0 19.983809 0.011 49.0 12.0
0.0 19.983809 0.012 48.0 13.0
0.0 21.649126 0.012 48.0 13.0
0.0 21.649126 0.013 47.0 14.0
0.0 23.314444 0.013 47.0 14.0
0.0 23.314444 0.014 46.0 15.0
0.0 24.979761 0.014 46.0 15.0
0.0 24.979761 0.015 45.0 16.0
0.0 26.645079 0.015 45.0 16.0
0.0 26.645079 0.016 28.0 17.0
0.59868765 28.16013 -0.345652516 28.0 17.0
0.59868765 28.16013 -0.345652517 27.0 18.0
1.1973753 29.67518 -0.69130517 27.0 18.0
1.1973753 29.67518 -0.69130518 26.0 19.0
1.796063 31.190231 -1.036957518 26.0 19.0
1.796063 31.190231 -1.036957519 25.0 20.0
2.3947506 32.705284 -1.3826119 25.0 20.0
2.3947506 32.705284 -1.3826120 24.0 21.0
2.9934382 34.220337 -1.728262420 24.0 21.0
2.9934382 34.220337 -1.728262421 23.0 22.0
3.592126 35.73539 -2.07391521 23.0 22.0
3.592126 35.73539 -2.07391522 22.0 23.0
4.1908135 37.250443 -2.419567622 22.0 23.0
4.1908135 37.250443 -2.419567623 21.0 24.0
4.789501 38.765495 -2.765220223 21.0 24.0
4.789501 38.765495 -2.765220224 12.0 25.0
4.789501 40.430813 -2.765220224 12.0 25.0
4.789501 40.430813 -2.765220225 11.0 26.0
4.789501 42.09613 -2.765220225 11.0 26.0
4.789501 42.09613 -2.765220226 10.0 27.0
4.789501 43.761448 -2.765220226 10.0 27.0
4.789501 43.761448 -2.765220227 9.0 28.0
4.789501 45.426765 -2.765220227 9.0 28.0
4.789501 45.426765 -2.765220228 4.0 29.0
4.1908135 46.94182 -2.419567628 4.0 29.0
4.1908135 46.94182 -2.419567629 3.0 30.0
3.592126 48.45687 -2.07391529 3.0 30.0
3.592126 48.45687 -2.07391530 0.0 31.0
3.592126 50.12219 -2.07391530 0.0 31.0
3.592126 50.12219 -2.07391531 0.0 32.0
3.592126 51.787506 -2.07391531 0.0 32.0
3.592126 48.45687 -2.07391532 2.0 31.0
2.900821 49.971924 -2.07391532 2.0 31.0
2.900821 49.971924 -2.07391533 1.0 32.0
2.209516 51.486977 -2.07391533 1.0 32.0
2.209516 51.486977 -2.07391534 0.0 33.0
2.209516 53.152294 -2.07391534 0.0 33.0
2.209516 53.152294 -2.07391535 0.0 34.0
2.209516 54.81761 -2.07391535 0.0 34.0
2.209516 51.486977 -2.07391536 0.0 33.0
0.951663 52.578346 -2.07391536 0.0 33.0
0.951663 52.578346 -2.07391537 0.0 34.0
-0.30619 53.669716 -2.07391537 0.0 34.0
4.789501 45.426765 -2.765220238 8.0 29.0
4.789501 47.092083 -2.765220238 8.0 29.0
4.789501 47.092083 -2.765220239 7.0 30.0
4.789501 48.7574 -2.765220239 7.0 30.0
4.789501 48.7574 -2.765220240 6.0 31.0
4.789501 50.422718 -2.765220240 6.0 31.0
4.789501 50.422718 -2.765220241 5.0 32.0
4.789501 52.088036 -2.765220241 5.0 32.0
4.789501 52.088036 -2.765220242 4.0 33.0
5.388189 53.60309 -3.110872742 4.0 33.0
5.388189 53.60309 -3.110872743 3.0 34.0
5.9868765 55.11814 -3.456525343 3.0 34.0
5.9868765 55.11814 -3.456525344 0.0 35.0
7.076209 56.20951 -4.08545244 0.0 35.0
7.076209 56.20951 -4.08545245 0.0 36.0
8.334063 57.30088 -4.08545245 0.0 36.0
5.9868765 55.11814 -3.456525346 2.0 35.0
6.6781816 56.633194 -3.456525346 2.0 35.0
6.6781816 56.633194 -3.456525347 1.0 36.0
7.369487 58.148247 -3.456525347 1.0 36.0
7.369487 58.148247 -3.456525348 0.0 37.0
8.458819 59.239616 -4.08545248 0.0 37.0
8.458819 59.239616 -4.08545249 0.0 38.0
9.716673 60.330986 -4.08545249 0.0 38.0
7.369487 58.148247 -3.456525350 0.0 37.0
7.369487 59.813564 -3.456525350 0.0 37.0
7.369487 59.813564 -3.456525351 0.0 38.0
7.369487 61.47888 -3.456525351 0.0 38.0
4.789501 52.088036 -2.765220252 4.0 33.0
4.098196 53.60309 -2.765220252 4.0 33.0
4.098196 53.60309 -2.765220253 3.0 34.0
3.406891 55.11814 -2.765220253 3.0 34.0
3.406891 55.11814 -2.765220254 0.0 35.0
3.406891 56.78346 -2.765220254 0.0 35.0
3.406891 56.78346 -2.765220255 0.0 36.0
3.406891 58.448776 -2.765220255 0.0 36.0
3.406891 55.11814 -2.765220256 2.0 35.0
2.7155862 56.633194 -2.765220256 2.0 35.0
2.7155862 56.633194 -2.765220257 1.0 36.0
2.0242813 58.148247 -2.765220257 1.0 36.0
2.0242813 58.148247 -2.765220258 0.0 37.0
2.0242813 59.813564 -2.765220258 0.0 37.0
2.0242813 59.813564 -2.765220259 0.0 38.0
2.0242813 61.47888 -2.765220259 0.0 38.0
2.0242813 58.148247 -2.765220260 0.0 37.0
0.76642823 59.239616 -2.765220260 0.0 37.0
0.76642823 59.239616 -2.765220261 0.0 38.0
-0.4914248 60.330986 -2.765220261 0.0 38.0
4.789501 38.765495 -2.765220262 20.0 25.0
5.4808064 40.28055 -2.765220262 20.0 25.0
5.4808064 40.28055 -2.765220263 19.0 26.0
6.1721115 41.7956 -2.765220263 19.0 26.0
6.1721115 41.7956 -2.765220264 18.0 27.0
6.8634167 43.310654 -2.765220264 18.0 27.0
6.8634167 43.310654 -2.765220265 17.0 28.0
7.554722 44.825706 -2.765220265 17.0 28.0
7.554722 44.825706 -2.765220266 16.0 29.0
8.246027 46.34076 -2.765220266 16.0 29.0
8.246027 46.34076 -2.765220267 15.0 30.0
8.937332 47.855812 -2.765220267 15.0 30.0
8.937332 47.855812 -2.765220268 14.0 31.0
9.628637 49.370865 -2.765220268 14.0 31.0
9.628637 49.370865 -2.765220269 13.0 32.0
10.319942 50.885918 -2.765220269 13.0 32.0
10.319942 50.885918 -2.765220270 12.0 33.0
11.409275 51.977287 -3.394146770 12.0 33.0
11.409275 51.977287 -3.394146771 11.0 34.0
12.498608 53.068657 -4.02307371 11.0 34.0
12.498608 53.068657 -4.02307372 10.0 35.0
13.58794 54.160027 -4.651999572 10.0 35.0
13.58794 54.160027 -4.651999573 9.0 36.0
14.677273 55.251396 -5.280925873 9.0 36.0
14.677273 55.251396 -5.280925874 4.0 37.0
15.275961 56.76645 -5.626578374 4.0 37.0
15.275961 56.76645 -5.626578375 3.0 38.0
15.874649 58.2815 -5.97223175 3.0 38.0
15.874649 58.2815 -5.97223176 0.0 39.0
16.963982 59.37287 -6.60115776 0.0 39.0
16.963982 59.37287 -6.60115777 0.0 40.0
18.221834 60.46424 -6.60115777 0.0 40.0
15.874649 58.2815 -5.97223178 2.0 39.0
16.565954 59.796555 -5.97223178 2.0 39.0
16.565954 59.796555 -5.97223179 1.0 40.0
17.25726 61.311607 -5.97223179 1.0 40.0
17.25726 61.311607 -5.97223180 0.0 41.0
18.346592 62.402977 -6.60115780 0.0 41.0
18.346592 62.402977 -6.60115781 0.0 42.0
19.604445 63.494347 -6.60115781 0.0 42.0
17.25726 61.311607 -5.97223182 0.0 41.0
17.25726 62.976925 -5.97223182 0.0 41.0
17.25726 62.976925 -5.97223183 0.0 42.0
17.25726 64.64224 -5.97223183 0.0 42.0
14.677273 55.251396 -5.280925884 8.0 37.0
15.935125 56.342766 -5.280925884 8.0 37.0
15.935125 56.342766 -5.280925885 7.0 38.0
17.192978 57.434135 -5.280925885 7.0 38.0
17.192978 57.434135 -5.280925886 6.0 39.0
18.45083 58.525505 -5.280925886 6.0 39.0
18.45083 58.525505 -5.280925887 5.0 40.0
19.708683 59.616875 -5.280925887 5.0 40.0
19.708683 59.616875 -5.280925888 4.0 41.0
21.092073 60.08761 -6.079626688 4.0 41.0
21.092073 60.08761 -6.079626689 3.0 42.0
22.475464 60.558342 -6.878327489 3.0 42.0
22.475464 60.558342 -6.878327490 0.0 43.0
23.903257 60.323486 -7.702664490 0.0 43.0
23.903257 60.323486 -7.702664491 0.0 44.0
25.551931 60.08863 -7.702664491 0.0 44.0
22.475464 60.558342 -6.878327492 2.0 43.0
24.072865 61.029076 -6.878327492 2.0 43.0
24.072865 61.029076 -6.878327493 1.0 44.0
25.670265 61.49981 -6.878327493 1.0 44.0
25.670265 61.49981 -6.878327494 0.0 45.0
27.098059 61.264954 -7.702664494 0.0 45.0
27.098059 61.264954 -7.702664495 0.0 46.0
28.746733 61.030098 -7.702664495 0.0 46.0
25.670265 61.49981 -6.878327496 0.0 45.0
26.928118 62.59118 -6.878327496 0.0 45.0
26.928118 62.59118 -6.878327497 0.0 46.0
28.18597 63.68255 -6.878327497 0.0 46.0
19.708683 59.616875 -5.280925898 4.0 41.0
20.399988 61.131927 -5.280925898 4.0 41.0
20.399988 61.131927 -5.280925899 3.0 42.0
21.091293 62.64698 -5.280925899 3.0 42.0
21.091293 62.64698 -5.2809258100 0.0 43.0
22.180626 63.73835 -5.909852100 0.0 43.0
22.180626 63.73835 -5.909852101 0.0 44.0
23.438478 64.82972 -5.909852101 0.0 44.0
21.091293 62.64698 -5.2809258102 2.0 43.0
21.782598 64.16203 -5.2809258102 2.0 43.0
21.782598 64.16203 -5.2809258103 1.0 44.0
22.473904 65.677086 -5.2809258103 1.0 44.0
22.473904 65.677086 -5.2809258104 0.0 45.0
23.563236 66.768456 -5.909852104 0.0 45.0
23.563236 66.768456 -5.909852105 0.0 46.0
24.821089 67.859825 -5.909852105 0.0 46.0
22.473904 65.677086 -5.2809258106 0.0 45.0
22.473904 67.3424 -5.2809258106 0.0 45.0
22.473904 67.3424 -5.2809258107 0.0 46.0
22.473904 69.00771 -5.2809258107 0.0 46.0
10.319942 50.885918 -2.7652202108 12.0 33.0
10.319942 52.551235 -2.7652202108 12.0 33.0
10.319942 52.551235 -2.7652202109 11.0 34.0
10.319942 54.216553 -2.7652202109 11.0 34.0
10.319942 54.216553 -2.7652202110 10.0 35.0
10.319942 55.88187 -2.7652202110 10.0 35.0
10.319942 55.88187 -2.7652202111 9.0 36.0
10.319942 57.547188 -2.7652202111 9.0 36.0
10.319942 57.547188 -2.7652202112 4.0 37.0
9.721254 59.06224 -2.4195676112 4.0 37.0
9.721254 59.06224 -2.4195676113 3.0 38.0
9.122566 60.577293 -2.073915113 3.0 38.0
9.122566 60.577293 -2.073915114 0.0 39.0
9.122566 62.24261 -2.073915114 0.0 39.0
9.122566 62.24261 -2.073915115 0.0 40.0
9.122566 63.90793 -2.073915115 0.0 40.0
9.122566 60.577293 -2.073915116 2.0 39.0
8.431261 62.092346 -2.073915116 2.0 39.0
8.431261 62.092346 -2.073915117 1.0 40.0
7.739956 63.6074 -2.073915117 1.0 40.0
7.739956 63.6074 -2.073915118 0.0 41.0
7.739956 65.27271 -2.073915118 0.0 41.0
7.739956 65.27271 -2.073915119 0.0 42.0
7.739956 66.93803 -2.073915119 0.0 42.0
7.739956 63.6074 -2.073915120 0.0 41.0
6.482103 64.69877 -2.073915120 0.0 41.0
6.482103 64.69877 -2.073915121 0.0 42.0
5.22425 65.79014 -2.073915121 0.0 42.0
10.319942 57.547188 -2.7652202122 8.0 37.0
10.319942 59.212505 -2.7652202122 8.0 37.0
10.319942 59.212505 -2.7652202123 7.0 38.0
10.319942 60.877823 -2.7652202123 7.0 38.0
10.319942 60.877823 -2.7652202124 6.0 39.0
10.319942 62.54314 -2.7652202124 6.0 39.0
10.319942 62.54314 -2.7652202125 5.0 40.0
10.319942 64.20846 -2.7652202125 5.0 40.0
10.319942 64.20846 -2.7652202126 4.0 41.0
10.918631 65.72351 -3.1108727126 4.0 41.0
10.918631 65.72351 -3.1108727127 3.0 42.0
11.517319 67.23856 -3.4565253127 3.0 42.0
11.517319 67.23856 -3.4565253128 0.0 43.0
12.606651 68.32993 -4.085452128 0.0 43.0
12.606651 68.32993 -4.085452129 0.0 44.0
13.864504 69.4213 -4.085452129 0.0 44.0
11.517319 67.23856 -3.4565253130 2.0 43.0
12.208624 68.75362 -3.4565253130 2.0 43.0
12.208624 68.75362 -3.4565253131 1.0 44.0
12.899929 70.26867 -3.4565253131 1.0 44.0
12.899929 70.26867 -3.4565253132 0.0 45.0
13.989262 71.36004 -4.085452132 0.0 45.0
13.989262 71.36004 -4.085452133 0.0 46.0
15.247114 72.45141 -4.085452133 0.0 46.0
12.899929 70.26867 -3.4565253134 0.0 45.0
12.899929 71.93398 -3.4565253134 0.0 45.0
12.899929 71.93398 -3.4565253135 0.0 46.0
12.899929 73.5993 -3.4565253135 0.0 46.0
10.319942 64.20846 -2.7652202136 4.0 41.0
9.628637 65.72351 -2.7652202136 4.0 41.0
9.628637 65.72351 -2.7652202137 3.0 42.0
8.937332 67.23856 -2.7652202137 3.0 42.0
8.937332 67.23856 -2.7652202138 0.0 43.0
8.937332 68.90388 -2.7652202138 0.0 43.0
8.937332 68.90388 -2.7652202139 0.0 44.0
8.937332 70.56919 -2.7652202139 0.0 44.0
8.937332 67.23856 -2.7652202140 2.0 43.0
8.246027 68.75362 -2.7652202140 2.0 43.0
8.246027 68.75362 -2.7652202141 1.0 44.0
7.554722 70.26867 -2.7652202141 1.0 44.0
7.554722 70.26867 -2.7652202142 0.0 45.0
7.554722 71.93398 -2.7652202142 0.0 45.0
7.554722 71.93398 -2.7652202143 0.0 46.0
7.554722 73.5993 -2.7652202143 0.0 46.0
7.554722 70.26867 -2.7652202144 0.0 45.0
6.296869 71.36004 -2.7652202144 0.0 45.0
6.296869 71.36004 -2.7652202145 0.0 46.0
5.039016 72.45141 -2.7652202145 0.0 46.0
0.0 26.645079 0.0146 44.0 17.0
0.0 28.310396 0.0146 44.0 17.0
0.0 28.310396 0.0147 43.0 18.0
0.0 29.975714 0.0147 43.0 18.0
0.0 29.975714 0.0148 42.0 19.0
0.0 31.641031 0.0148 42.0 19.0
0.0 31.641031 0.0149 41.0 20.0
0.0 33.306347 0.0149 41.0 20.0
0.0 33.306347 0.0150 40.0 21.0
0.0 34.971664 0.0150 40.0 21.0
0.0 34.971664 0.0151 39.0 22.0
0.0 36.636982 0.0151 39.0 22.0
0.0 36.636982 0.0152 38.0 23.0
0.0 38.3023 0.0152 38.0 23.0
0.0 38.3023 0.0153 37.0 24.0
0.0 39.967617 0.0153 37.0 24.0
0.0 39.967617 0.0154 36.0 25.0
0.0 41.632935 0.0154 36.0 25.0
0.0 41.632935 0.0155 35.0 26.0
0.0 43.298252 0.0155 35.0 26.0
0.0 43.298252 0.0156 34.0 27.0
0.0 44.96357 0.0156 34.0 27.0
0.0 44.96357 0.0157 33.0 28.0
0.0 46.628887 0.0157 33.0 28.0
0.0 46.628887 0.0158 32.0 29.0
0.0 48.294205 0.0158 32.0 29.0
0.0 48.294205 0.0159 31.0 30.0
0.0 49.959522 0.0159 31.0 30.0
0.0 49.959522 0.0160 30.0 31.0
0.0 51.62484 0.0160 30.0 31.0
0.0 51.62484 0.0161 29.0 32.0
0.0 53.290157 0.0161 29.0 32.0
0.0 53.290157 0.0162 28.0 33.0
0.59868765 54.805206 -0.3456525162 28.0 33.0
0.59868765 54.805206 -0.3456525163 27.0 34.0
1.1973753 56.32026 -0.691305163 27.0 34.0
1.1973753 56.32026 -0.691305164 26.0 35.0
1.796063 57.83531 -1.0369575164 26.0 35.0
1.796063 57.83531 -1.0369575165 25.0 36.0
2.3947506 59.350365 -1.38261165 25.0 36.0
2.3947506 59.350365 -1.38261166 24.0 37.0
2.9934382 60.865417 -1.7282624166 24.0 37.0
2.9934382 60.865417 -1.7282624167 23.0 38.0
3.592126 62.38047 -2.073915167 23.0 38.0
3.592126 62.38047 -2.073915168 22.0 39.0
4.1908135 63.895523 -2.4195676168 22.0 39.0
4.1908135 63.895523 -2.4195676169 21.0 40.0
4.789501 65.410576 -2.7652202169 21.0 40.0
4.789501 65.410576 -2.7652202170 12.0 41.0
4.789501 67.07589 -2.7652202170 12.0 41.0
4.789501 67.07589 -2.7652202171 11.0 42.0
4.789501 68.7412 -2.7652202171 11.0 42.0
4.789501 68.7412 -2.7652202172 10.0 43.0
4.789501 70.40652 -2.7652202172 10.0 43.0
4.789501 70.40652 -2.7652202173 9.0 44.0
4.789501 72.07183 -2.7652202173 9.0 44.0
4.789501 72.07183 -2.7652202174 4.0 45.0
4.1908135 73.58688 -2.4195676174 4.0 45.0
4.1908135 73.58688 -2.4195676175 3.0 46.0
3.592126 75.10194 -2.073915175 3.0 46.0
3.592126 75.10194 -2.073915176 0.0 47.0
3.592126 76.76725 -2.073915176 0.0 47.0
3.592126 76.76725 -2.073915177 0.0 48.0
3.592126 78.43256 -2.073915177 0.0 48.0
3.592126 75.10194 -2.073915178 2.0 47.0
2.900821 76.61699 -2.073915178 2.0 47.0
2.900821 76.61699 -2.073915179 1.0 48.0
2.209516 78.13204 -2.073915179 1.0 48.0
2.209516 78.13204 -2.073915180 0.0 49.0
2.209516 79.797356 -2.073915180 0.0 49.0
2.209516 79.797356 -2.073915181 0.0 50.0
2.209516 81.46267 -2.073915181 0.0 50.0
2.209516 78.13204 -2.073915182 0.0 49.0
0.951663 79.22341 -2.073915182 0.0 49.0
0.951663 79.22341 -2.073915183 0.0 50.0
-0.30619 80.31478 -2.073915183 0.0 50.0
4.789501 72.07183 -2.7652202184 8.0 45.0
4.789501 73.737144 -2.7652202184 8.0 45.0
4.789501 73.737144 -2.7652202185 7.0 46.0
4.789501 75.40246 -2.7652202185 7.0 46.0
4.789501 75.40246 -2.7652202186 6.0 47.0
4.789501 77.06777 -2.7652202186 6.0 47.0
4.789501 77.06777 -2.7652202187 5.0 48.0
4.789501 78.733086 -2.7652202187 5.0 48.0
4.789501 78.733086 -2.7652202188 4.0 49.0
5.388189 80.24814 -3.1108727188 4.0 49.0
5.388189 80.24814 -3.1108727189 3.0 50.0
5.9868765 81.76319 -3.4565253189 3.0 50.0
5.9868765 81.76319 -3.4565253190 0.0 51.0
7.076209 82.85456 -4.085452190 0.0 51.0
7.076209 82.85456 -4.085452191 0.0 52.0
8.334063 83.94593 -4.085452191 0.0 52.0
5.9868765 81.76319 -3.4565253192 2.0 51.0
6.6781816 83.278244 -3.4565253192 2.0 51.0
6.6781816 83.278244 -3.4565253193 1.0 52.0
7.369487 84.7933 -3.4565253193 1.0 52.0
7.369487 84.7933 -3.4565253194 0.0 53.0
8.458819 85.88467 -4.085452194 0.0 53.0
8.458819 85.88467 -4.085452195 0.0 54.0
9.716673 86.976036 -4.085452195 0.0 54.0
7.369487 84.7933 -3.4565253196 0.0 53.0
7.369487 86.45861 -3.4565253196 0.0 53.0
7.369487 86.45861 -3.4565253197 0.0 54.0
7.369487 88.123924 -3.4565253197 0.0 54.0
4.789501 78.733086 -2.7652202198 4.0 49.0
4.098196 80.24814 -2.7652202198 4.0 49.0
4.098196 80.24814 -2.7652202199 3.0 50.0
3.406891 81.76319 -2.7652202199 3.0 50.0
3.406891 81.76319 -2.7652202200 0.0 51.0
3.406891 83.428505 -2.7652202200 0.0 51.0
3.406891 83.428505 -2.7652202201 0.0 52.0
3.406891 85.09382 -2.7652202201 0.0 52.0
3.406891 81.76319 -2.7652202202 2.0 51.0
2.7155862 83.278244 -2.7652202202 2.0 51.0
2.7155862 83.278244 -2.7652202203 1.0 52.0
2.0242813 84.7933 -2.7652202203 1.0 52.0
2.0242813 84.7933 -2.7652202204 0.0 53.0
2.0242813 86.45861 -2.7652202204 0.0 53.0
2.0242813 86.45861 -2.7652202205 0.0 54.0
2.0242813 88.123924 -2.7652202205 0.0 54.0
2.0242813 84.7933 -2.7652202206 0.0 53.0
0.76642823 85.88467 -2.7652202206 0.0 53.0
0.76642823 85.88467 -2.7652202207 0.0 54.0
-0.4914248 86.976036 -2.7652202207 0.0 54.0
4.789501 65.410576 -2.7652202208 20.0 41.0
5.4808064 66.92563 -2.7652202208 20.0 41.0
5.4808064 66.92563 -2.7652202209 19.0 42.0
6.1721115 68.44068 -2.7652202209 19.0 42.0
6.1721115 68.44068 -2.7652202210 18.0 43.0
6.8634167 69.955734 -2.7652202210 18.0 43.0
6.8634167 69.955734 -2.7652202211 17.0 44.0
7.554722 71.47079 -2.7652202211 17.0 44.0
7.554722 71.47079 -2.7652202212 16.0 45.0
8.246027 72.98584 -2.7652202212 16.0 45.0
8.246027 72.98584 -2.7652202213 15.0 46.0
8.937332 74.50089 -2.7652202213 15.0 46.0
8.937332 74.50089 -2.7652202214 14.0 47.0
9.628637 76.015945 -2.7652202214 14.0 47.0
9.628637 76.015945 -2.7652202215 13.0 48.0
10.319942 77.531 -2.7652202215 13.0 48.0
10.319942 77.531 -2.7652202216 12.0 49.0
11.409275 78.62237 -3.3941467216 12.0 49.0
11.409275 78.62237 -3.3941467217 11.0 50.0
12.498608 79.71374 -4.023073217 11.0 50.0
12.498608 79.71374 -4.023073218 10.0 51.0
13.58794 80.80511 -4.6519995218 10.0 51.0
13.58794 80.80511 -4.6519995219 9.0 52.0
14.677273 81.89648 -5.2809258219 9.0 52.0
14.677273 81.89648 -5.2809258220 4.0 53.0
15.275961 83.41153 -5.6265783220 4.0 53.0
15.275961 83.41153 -5.6265783221 3.0 54.0
15.874649 84.92658 -5.972231221 3.0 54.0
15.874649 84.92658 -5.972231222 0.0 55.0
16.963982 86.01795 -6.601157222 0.0 55.0
16.963982 86.01795 -6.601157223 0.0 56.0
18.221834 87.10932 -6.601157223 0.0 56.0
15.874649 84.92658 -5.972231224 2.0 55.0
16.565954 86.441635 -5.972231224 2.0 55.0
16.565954 86.441635 -5.972231225 1.0 56.0
17.25726 87.95669 -5.972231225 1.0 56.0
17.25726 87.95669 -5.972231226 0.0 57.0
18.346592 89.04806 -6.601157226 0.0 57.0
18.346592 89.04806 -6.601157227 0.0 58.0
19.604445 90.13943 -6.601157227 0.0 58.0
17.25726 87.95669 -5.972231228 0.0 57.0
17.25726 89.622 -5.972231228 0.0 57.0
17.25726 89.622 -5.972231229 0.0 58.0
17.25726 91.287315 -5.972231229 0.0 58.0
14.677273 81.89648 -5.2809258230 8.0 53.0
15.935125 82.98785 -5.2809258230 8.0 53.0
15.935125 82.98785 -5.2809258231 7.0 54.0
17.192978 84.079216 -5.2809258231 7.0 54.0
17.192978 84.079216 -5.2809258232 6.0 55.0
18.45083 85.170586 -5.2809258232 6.0 55.0
18.45083 85.170586 -5.2809258233 5.0 56.0
19.708683 86.261955 -5.2809258233 5.0 56.0
19.708683 86.261955 -5.2809258234 4.0 57.0
21.092073 86.73269 -6.0796266234 4.0 57.0
21.092073 86.73269 -6.0796266235 3.0 58.0
22.475464 87.20342 -6.8783274235 3.0 58.0
22.475464 87.20342 -6.8783274236 0.0 59.0
23.903257 86.96857 -7.7026644236 0.0 59.0
23.903257 86.96857 -7.7026644237 0.0 60.0
25.551931 86.73371 -7.7026644237 0.0 60.0
22.475464 87.20342 -6.8783274238 2.0 59.0
24.072865 87.67416 -6.8783274238 2.0 59.0
24.072865 87.67416 -6.8783274239 1.0 60.0
25.670265 88.14489 -6.8783274239 1.0 60.0
25.670265 88.14489 -6.8783274240 0.0 61.0
27.098059 87.910034 -7.7026644240 0.0 61.0
27.098059 87.910034 -7.7026644241 0.0 62.0
28.746733 87.67518 -7.7026644241 0.0 62.0
25.670265 88.14489 -6.8783274242 0.0 61.0
26.928118 89.23626 -6.8783274242 0.0 61.0
26.928118 89.23626 -6.8783274243 0.0 62.0
28.18597 90.32763 -6.8783274243 0.0 62.0
19.708683 86.261955 -5.2809258244 4.0 57.0
20.399988 87.77701 -5.2809258244 4.0 57.0
20.399988 87.77701 -5.2809258245 3.0 58.0
21.091293 89.29206 -5.2809258245 3.0 58.0
21.091293 89.29206 -5.2809258246 0.0 59.0
22.180626 90.38343 -5.909852246 0.0 59.0
22.180626 90.38343 -5.909852247 0.0 60.0
23.438478 91.4748 -5.909852247 0.0 60.0
21.091293 89.29206 -5.2809258248 2.0 59.0
21.782598 90.80711 -5.2809258248 2.0 59.0
21.782598 90.80711 -5.2809258249 1.0 60.0
22.473904 92.32217 -5.2809258249 1.0 60.0
22.473904 92.32217 -5.2809258250 0.0 61.0
23.563236 93.413536 -5.909852250 0.0 61.0
23.563236 93.413536 -5.909852251 0.0 62.0
24.821089 94.504906 -5.909852251 0.0 62.0
22.473904 92.32217 -5.2809258252 0.0 61.0
22.473904 93.98748 -5.2809258252 0.0 61.0
22.473904 93.98748 -5.2809258253 0.0 62.0
22.473904 95.652794 -5.2809258253 0.0 62.0
10.319942 77.531 -2.7652202254 12.0 49.0
10.319942 79.19631 -2.7652202254 12.0 49.0
10.319942 79.19631 -2.7652202255 11.0 50.0
10.319942 80.861626 -2.7652202255 11.0 50.0
10.319942 80.861626 -2.7652202256 10.0 51.0
10.319942 82.52694 -2.7652202256 10.0 51.0
10.319942 82.52694 -2.7652202257 9.0 52.0
10.319942 84.19225 -2.7652202257 9.0 52.0
10.319942 84.19225 -2.7652202258 4.0 53.0
9.721254 85.707306 -2.4195676258 4.0 53.0
9.721254 85.707306 -2.4195676259 3.0 54.0
9.122566 87.22236 -2.073915259 3.0 54.0
9.122566 87.22236 -2.073915260 0.0 55.0
9.122566 88.88767 -2.073915260 0.0 55.0
9.122566 88.88767 -2.073915261 0.0 56.0
9.122566 90.552986 -2.073915261 0.0 56.0
9.122566 87.22236 -2.073915262 2.0 55.0
8.431261 88.73741 -2.073915262 2.0 55.0
8.431261 88.73741 -2.073915263 1.0 56.0
7.739956 90.252464 -2.073915263 1.0 56.0
7.739956 90.252464 -2.073915264 0.0 57.0
7.739956 91.91778 -2.073915264 0.0 57.0
7.739956 91.91778 -2.073915265 0.0 58.0
7.739956 93.58309 -2.073915265 0.0 58.0
7.739956 90.252464 -2.073915266 0.0 57.0
6.482103 91.343834 -2.073915266 0.0 57.0
6.482103 91.343834 -2.073915267 0.0 58.0
5.22425 92.4352 -2.073915267 0.0 58.0
10.319942 84.19225 -2.7652202268 8.0 53.0
10.319942 85.85757 -2.7652202268 8.0 53.0
10.319942 85.85757 -2.7652202269 7.0 54.0
10.319942 87.52288 -2.7652202269 7.0 54.0
10.319942 87.52288 -2.7652202270 6.0 55.0
10.319942 89.188194 -2.7652202270 6.0 55.0
10.319942 89.188194 -2.7652202271 5.0 56.0
10.319942 90.85351 -2.7652202271 5.0 56.0
10.319942 90.85351 -2.7652202272 4.0 57.0
10.918631 92.36856 -3.1108727272 4.0 57.0
10.918631 92.36856 -3.1108727273 3.0 58.0
11.517319 93.88361 -3.4565253273 3.0 58.0
11.517319 93.88361 -3.4565253274 0.0 59.0
12.606651 94.97498 -4.085452274 0.0 59.0
12.606651 94.97498 -4.085452275 0.0 60.0
13.864504 96.06635 -4.085452275 0.0 60.0
11.517319 93.88361 -3.4565253276 2.0 59.0
12.208624 95.39867 -3.4565253276 2.0 59.0
12.208624 95.39867 -3.4565253277 1.0 60.0
12.899929 96.91372 -3.4565253277 1.0 60.0
12.899929 96.91372 -3.4565253278 0.0 61.0
13.989262 98.00509 -4.085452278 0.0 61.0
13.989262 98.00509 -4.085452279 0.0 62.0
15.247114 99.09646 -4.085452279 0.0 62.0
12.899929 96.91372 -3.4565253280 0.0 61.0
12.899929 98.57903 -3.4565253280 0.0 61.0
12.899929 98.57903 -3.4565253281 0.0 62.0
12.899929 100.24435 -3.4565253281 0.0 62.0
10.319942 90.85351 -2.7652202282 4.0 57.0
9.628637 92.36856 -2.7652202282 4.0 57.0
9.628637 92.36856 -2.7652202283 3.0 58.0
8.937332 93.88361 -2.7652202283 3.0 58.0
8.937332 93.88361 -2.7652202284 0.0 59.0
8.937332 95.54893 -2.7652202284 0.0 59.0
8.937332 95.54893 -2.7652202285 0.0 60.0
8.937332 97.21424 -2.7652202285 0.0 60.0
8.937332 93.88361 -2.7652202286 2.0 59.0
8.246027 95.39867 -2.7652202286 2.0 59.0
8.246027 95.39867 -2.7652202287 1.0 60.0
7.554722 96.91372 -2.7652202287 1.0 60.0
7.554722 96.91372 -2.7652202288 0.0 61.0
7.554722 98.57903 -2.7652202288 0.0 61.0
7.554722 98.57903 -2.7652202289 0.0 62.0
7.554722 100.24435 -2.7652202289 0.0 62.0
7.554722 96.91372 -2.7652202290 0.0 61.0
6.296869 98.00509 -2.7652202290 0.0 61.0
6.296869 98.00509 -2.7652202291 0.0 62.0
5.039016 99.09646 -2.7652202291 0.0 62.0
0.0 53.290157 0.0292 28.0 33.0
-0.691305 54.805206 0.0292 28.0 33.0
-0.691305 54.805206 0.0293 27.0 34.0
-1.38261 56.32026 0.0293 27.0 34.0
-1.38261 56.32026 0.0294 26.0 35.0
-2.073915 57.83531 0.0294 26.0 35.0
-2.073915 57.83531 0.0295 25.0 36.0
-2.76522 59.350365 0.0295 25.0 36.0
-2.76522 59.350365 0.0296 24.0 37.0
-3.4565248 60.865417 0.0296 24.0 37.0
-3.4565248 60.865417 0.0297 23.0 38.0
-4.14783 62.38047 0.0297 23.0 38.0
-4.14783 62.38047 0.0298 22.0 39.0
-4.839135 63.895523 0.0298 22.0 39.0
-4.839135 63.895523 0.0299 21.0 40.0
-5.5304403 65.410576 0.0299 21.0 40.0
-5.5304403 65.410576 0.0300 12.0 41.0
-6.619773 66.501945 0.6289265300 12.0 41.0
-6.619773 66.501945 0.6289265301 11.0 42.0
-7.7091055 67.593315 1.257853301 11.0 42.0
-7.7091055 67.593315 1.257853302 10.0 43.0
-8.798438 68.684685 1.8867795302 10.0 43.0
-8.798438 68.684685 1.8867795303 9.0 44.0
-9.887771 69.776054 2.515706303 9.0 44.0
-9.887771 69.776054 2.515706304 4.0 45.0
-11.271161 70.24679 3.3144069304 4.0 45.0
-11.271161 70.24679 3.3144069305 3.0 46.0
-12.6545515 70.71752 4.1131077305 3.0 46.0
-12.6545515 70.71752 4.1131077306 0.0 47.0
-13.743884 71.80889 4.7420344306 0.0 47.0
-13.743884 71.80889 4.7420344307 0.0 48.0
-15.001738 72.90026 4.7420344307 0.0 48.0
-12.6545515 70.71752 4.1131077308 2.0 47.0
-14.251953 71.188255 4.1131077308 2.0 47.0
-14.251953 71.188255 4.1131077309 1.0 48.0
-15.849355 71.65899 4.1131077309 1.0 48.0
-15.849355 71.65899 4.1131077310 0.0 49.0
-16.938688 72.75036 4.7420344310 0.0 49.0
-16.938688 72.75036 4.7420344311 0.0 50.0
-18.19654 73.84173 4.7420344311 0.0 50.0
-15.849355 71.65899 4.1131077312 0.0 49.0
-17.498028 71.42413 4.1131077312 0.0 49.0
-17.498028 71.42413 4.1131077313 0.0 50.0
-19.146702 71.18928 4.1131077313 0.0 50.0
-9.887771 69.776054 2.515706314 8.0 45.0
-11.145624 70.867424 2.515706314 8.0 45.0
-11.145624 70.867424 2.515706315 7.0 46.0
-12.403477 71.95879 2.515706315 7.0 46.0
-12.403477 71.95879 2.515706316 6.0 47.0
-13.661329 73.05016 2.515706316 6.0 47.0
-13.661329 73.05016 2.515706317 5.0 48.0
-14.919182 74.14153 2.515706317 5.0 48.0
-14.919182 74.14153 2.515706318 4.0 49.0
-15.51787 75.656586 2.8613586318 4.0 49.0
-15.51787 75.656586 2.8613586319 3.0 50.0
-16.116558 77.17164 3.2070112319 3.0 50.0
-16.116558 77.17164 3.2070112320 0.0 51.0
-16.116558 78.83695 3.2070112320 0.0 51.0
-16.116558 78.83695 3.2070112321 0.0 52.0
-16.116558 80.502266 3.2070112321 0.0 52.0
-16.116558 77.17164 3.2070112322 2.0 51.0
-16.807863 78.68669 3.2070112322 2.0 51.0
-16.807863 78.68669 3.2070112323 1.0 52.0
-17.499168 80.201744 3.2070112323 1.0 52.0
-17.499168 80.201744 3.2070112324 0.0 53.0
-17.499168 81.86706 3.2070112324 0.0 53.0
-17.499168 81.86706 3.2070112325 0.0 54.0
-17.499168 83.53237 3.2070112325 0.0 54.0
-17.499168 80.201744 3.2070112326 0.0 53.0
-18.75702 81.29311 3.2070112326 0.0 53.0
-18.75702 81.29311 3.2070112327 0.0 54.0
-20.014874 82.38448 3.2070112327 0.0 54.0
-14.919182 74.14153 2.515706328 4.0 49.0
-16.516582 74.61227 2.515706328 4.0 49.0
-16.516582 74.61227 2.515706329 3.0 50.0
-18.113983 75.083 2.515706329 3.0 50.0
-18.113983 75.083 2.515706330 0.0 51.0
-19.203316 76.17437 3.1446326330 0.0 51.0
-19.203316 76.17437 3.1446326331 0.0 52.0
-20.461168 77.26574 3.1446326331 0.0 52.0
-18.113983 75.083 2.515706332 2.0 51.0
-19.711384 75.553734 2.515706332 2.0 51.0
-19.711384 75.553734 2.515706333 1.0 52.0
-21.308784 76.02447 2.515706333 1.0 52.0
-21.308784 76.02447 2.515706334 0.0 53.0
-22.398117 77.11584 3.1446326334 0.0 53.0
-22.398117 77.11584 3.1446326335 0.0 54.0
-23.65597 78.20721 3.1446326335 0.0 54.0
-21.308784 76.02447 2.515706336 0.0 53.0
-22.957458 75.78961 2.515706336 0.0 53.0
-22.957458 75.78961 2.515706337 0.0 54.0
-24.606133 75.554756 2.515706337 0.0 54.0
-5.5304403 65.410576 0.0338 20.0 41.0
-6.2217455 66.92563 0.0338 20.0 41.0
-6.2217455 66.92563 0.0339 19.0 42.0
-6.9130507 68.44068 0.0339 19.0 42.0
-6.9130507 68.44068 0.0340 18.0 43.0
-7.604356 69.955734 0.0340 18.0 43.0
-7.604356 69.955734 0.0341 17.0 44.0
-8.295661 71.47079 0.0341 17.0 44.0
-8.295661 71.47079 0.0342 16.0 45.0
-8.986966 72.98584 0.0342 16.0 45.0
-8.986966 72.98584 0.0343 15.0 46.0
-9.678271 74.50089 0.0343 15.0 46.0
-9.678271 74.50089 0.0344 14.0 47.0
-10.369576 76.015945 0.0344 14.0 47.0
-10.369576 76.015945 0.0345 13.0 48.0
-11.060882 77.531 0.0345 13.0 48.0
-11.060882 77.531 0.0346 12.0 49.0
-11.060882 79.19631 0.0346 12.0 49.0
-11.060882 79.19631 0.0347 11.0 50.0
-11.060882 80.861626 0.0347 11.0 50.0
-11.060882 80.861626 0.0348 10.0 51.0
-11.060882 82.52694 0.0348 10.0 51.0
-11.060882 82.52694 0.0349 9.0 52.0
-11.060882 84.19225 0.0349 9.0 52.0
-11.060882 84.19225 0.0350 4.0 53.0
-11.659569 85.707306 0.3456525350 4.0 53.0
-11.659569 85.707306 0.3456525351 3.0 54.0
-12.258257 87.22236 0.691305351 3.0 54.0
-12.258257 87.22236 0.691305352 0.0 55.0
-12.258257 88.88767 0.691305352 0.0 55.0
-12.258257 88.88767 0.691305353 0.0 56.0
-12.258257 90.552986 0.691305353 0.0 56.0
-12.258257 87.22236 0.691305354 2.0 55.0
-12.949562 88.73741 0.691305354 2.0 55.0
-12.949562 88.73741 0.691305355 1.0 56.0
-13.640867 90.252464 0.691305355 1.0 56.0
-13.640867 90.252464 0.691305356 0.0 57.0
-13.640867 91.91778 0.691305356 0.0 57.0
-13.640867 91.91778 0.691305357 0.0 58.0
-13.640867 93.58309 0.691305357 0.0 58.0
-13.640867 90.252464 0.691305358 0.0 57.0
-14.89872 91.343834 0.691305358 0.0 57.0
-14.89872 91.343834 0.691305359 0.0 58.0
-16.156572 92.4352 0.691305359 0.0 58.0
-11.060882 84.19225 0.0360 8.0 53.0
-11.060882 85.85757 0.0360 8.0 53.0
-11.060882 85.85757 0.0361 7.0 54.0
-11.060882 87.52288 0.0361 7.0 54.0
-11.060882 87.52288 0.0362 6.0 55.0
-11.060882 89.188194 0.0362 6.0 55.0
-11.060882 89.188194 0.0363 5.0 56.0
-11.060882 90.85351 0.0363 5.0 56.0
-11.060882 90.85351 0.0364 4.0 57.0
-10.462194 92.36856 -0.3456525364 4.0 57.0
-10.462194 92.36856 -0.3456525365 3.0 58.0
-9.863506 93.88361 -0.691305365 3.0 58.0
-9.863506 93.88361 -0.691305366 0.0 59.0
-8.774174 94.97498 -1.3202314366 0.0 59.0
-8.774174 94.97498 -1.3202314367 0.0 60.0
-7.5163207 96.06635 -1.3202314367 0.0 60.0
-9.863506 93.88361 -0.691305368 2.0 59.0
-9.172201 95.39867 -0.691305368 2.0 59.0
-9.172201 95.39867 -0.691305369 1.0 60.0
-8.480896 96.91372 -0.691305369 1.0 60.0
-8.480896 96.91372 -0.691305370 0.0 61.0
-7.3915634 98.00509 -1.3202314370 0.0 61.0
-7.3915634 98.00509 -1.3202314371 0.0 62.0
-6.1337104 99.09646 -1.3202314371 0.0 62.0
-8.480896 96.91372 -0.691305372 0.0 61.0
-8.480896 98.57903 -0.691305372 0.0 61.0
-8.480896 98.57903 -0.691305373 0.0 62.0
-8.480896 100.24435 -0.691305373 0.0 62.0
-11.060882 90.85351 0.0374 4.0 57.0
-11.752187 92.36856 0.0374 4.0 57.0
-11.752187 92.36856 0.0375 3.0 58.0
-12.443492 93.88361 0.0375 3.0 58.0
-12.443492 93.88361 0.0376 0.0 59.0
-12.443492 95.54893 0.0376 0.0 59.0
-12.443492 95.54893 0.0377 0.0 60.0
-12.443492 97.21424 0.0377 0.0 60.0
-12.443492 93.88361 0.0378 2.0 59.0
-13.134797 95.39867 0.0378 2.0 59.0
-13.134797 95.39867 0.0379 1.0 60.0
-13.826102 96.91372 0.0379 1.0 60.0
-13.826102 96.91372 0.0380 0.0 61.0
-13.826102 98.57903 0.0380 0.0 61.0
-13.826102 98.57903 0.0381 0.0 62.0
-13.826102 100.24435 0.0381 0.0 62.0
-13.826102 96.91372 0.0382 0.0 61.0
-15.083956 98.00509 0.0382 0.0 61.0
-15.083956 98.00509 0.0383 0.0 62.0
-16.341808 99.09646 0.0383 0.0 62.0
-11.060882 77.531 0.0384 12.0 49.0
-12.318735 78.62237 0.0384 12.0 49.0
-12.318735 78.62237 0.0385 11.0 50.0
-13.576588 79.71374 0.0385 11.0 50.0
-13.576588 79.71374 0.0386 10.0 51.0
-14.83444 80.80511 0.0386 10.0 51.0
-14.83444 80.80511 0.0387 9.0 52.0
-16.092293 81.89648 0.0387 9.0 52.0
-16.092293 81.89648 0.0388 4.0 53.0
-17.475683 82.36721 0.7987008388 4.0 53.0
-17.475683 82.36721 0.7987008389 3.0 54.0
-18.859074 82.837944 1.5974016389 3.0 54.0
-18.859074 82.837944 1.5974016390 0.0 55.0
-19.948406 83.92931 2.2263281390 0.0 55.0
-19.948406 83.92931 2.2263281391 0.0 56.0
-21.206259 85.02068 2.2263281391 0.0 56.0
-18.859074 82.837944 1.5974016392 2.0 55.0
-20.456474 83.30868 1.5974016392 2.0 55.0
-20.456474 83.30868 1.5974016393 1.0 56.0
-22.053875 83.77941 1.5974016393 1.0 56.0
-22.053875 83.77941 1.5974016394 0.0 57.0
-23.143208 84.87078 2.2263281394 0.0 57.0
-23.143208 84.87078 2.2263281395 0.0 58.0
-24.40106 85.96215 2.2263281395 0.0 58.0
-22.053875 83.77941 1.5974016396 0.0 57.0
-23.702549 83.544556 1.5974016396 0.0 57.0
-23.702549 83.544556 1.5974016397 0.0 58.0
-25.351223 83.3097 1.5974016397 0.0 58.0
-16.092293 81.89648 0.0398 8.0 53.0
-17.350145 82.98785 0.0398 8.0 53.0
-17.350145 82.98785 0.0399 7.0 54.0
-18.607998 84.079216 0.0399 7.0 54.0
-18.607998 84.079216 0.0400 6.0 55.0
-19.86585 85.170586 0.0400 6.0 55.0
-19.86585 85.170586 0.0401 5.0 56.0
-21.123703 86.261955 0.0401 5.0 56.0
-21.123703 86.261955 0.0402 4.0 57.0
-21.722391 87.77701 0.3456525402 4.0 57.0
-21.722391 87.77701 0.3456525403 3.0 58.0
-22.32108 89.29206 0.691305403 3.0 58.0
-22.32108 89.29206 0.691305404 0.0 59.0
-22.32108 90.957375 0.691305404 0.0 59.0
-22.32108 90.957375 0.691305405 0.0 60.0
-22.32108 92.62269 0.691305405 0.0 60.0
-22.32108 89.29206 0.691305406 2.0 59.0
-23.012384 90.80711 0.691305406 2.0 59.0
-23.012384 90.80711 0.691305407 1.0 60.0
-23.70369 92.32217 0.691305407 1.0 60.0
-23.70369 92.32217 0.691305408 0.0 61.0
-23.70369 93.98748 0.691305408 0.0 61.0
-23.70369 93.98748 0.691305409 0.0 62.0
-23.70369 95.652794 0.691305409 0.0 62.0
-23.70369 92.32217 0.691305410 0.0 61.0
-24.961542 93.413536 0.691305410 0.0 61.0
-24.961542 93.413536 0.691305411 0.0 62.0
-26.219395 94.504906 0.691305411 0.0 62.0
-21.123703 86.261955 0.0412 4.0 57.0
-22.721104 86.73269 0.0412 4.0 57.0
-22.721104 86.73269 0.0413 3.0 58.0
-24.318504 87.20342 0.0413 3.0 58.0
-24.318504 87.20342 0.0414 0.0 59.0
-25.407837 88.29479 0.6289266414 0.0 59.0
-25.407837 88.29479 0.6289266415 0.0 60.0
-26.66569 89.38616 0.6289266415 0.0 60.0
-24.318504 87.20342 0.0416 2.0 59.0
-25.915905 87.67416 0.0416 2.0 59.0
-25.915905 87.67416 0.0417 1.0 60.0
-27.513306 88.14489 0.0417 1.0 60.0
-27.513306 88.14489 0.0418 0.0 61.0
-28.602638 89.23626 0.6289266418 0.0 61.0
-28.602638 89.23626 0.6289266419 0.0 62.0
-29.86049 90.32763 0.6289266419 0.0 62.0
-27.513306 88.14489 0.0420 0.0 61.0
-29.16198 87.910034 0.0420 0.0 61.0
-29.16198 87.910034 0.0421 0.0 62.0
-30.810654 87.67518 0.0421 0.0 62.0
