0.0 0.0 0.00 60.0 1.0
0.0 1.206126 0.00 60.0 1.0
0.0 1.206126 0.01 59.0 2.0
0.0 2.412252 0.01 59.0 2.0
0.0 2.412252 0.02 58.0 3.0
0.0 3.618378 0.02 58.0 3.0
0.0 3.618378 0.03 57.0 4.0
0.0 4.824504 0.03 57.0 4.0
0.0 4.824504 0.04 56.0 5.0
0.0 6.03063 0.04 56.0 5.0
0.0 6.03063 0.05 55.0 6.0
0.0 7.2367563 0.05 55.0 6.0
0.0 7.2367563 0.06 54.0 7.0
0.0 8.442883 0.06 54.0 7.0
0.0 8.442883 0.07 53.0 8.0
0.0 9.649009 0.07 53.0 8.0
0.0 9.649009 0.08 52.0 9.0
0.0 10.855135 0.08 52.0 9.0
0.0 10.855135 0.09 51.0 10.0
0.0 12.061261 0.09 51.0 10.0
0.0 12.061261 0.010 50.0 11.0
0.0 13.267387 0.010 50.0 11.0
0.0 13.267387 0.011 49.0 12.0
0.0 14.473514 0.011 49.0 12.0
0.0 14.473514 0.012 48.0 13.0
0.0 15.67964 0.012 48.0 13.0
0.0 15.67964 0.013 47.0 14.0
0.0 16.885765 0.013 47.0 14.0
0.0 16.885765 0.014 46.0 15.0
0.0 18.09189 0.014 46.0 15.0
0.0 18.09189 0.015 45.0 16.0
0.0 19.298016 0.015 45.0 16.0
0.0 19.298016 0.016 28.0 17.0
-0.25315765 20.468182 0.1461606316 28.0 17.0
-0.25315765 20.468182 0.1461606317 27.0 18.0
-0.5063153 21.638348 0.2923212617 27.0 18.0
-0.5063153 21.638348 0.2923212618 26.0 19.0
-0.75947297 22.808514 0.438481918 26.0 19.0
-0.75947297 22.808514 0.438481919 25.0 20.0
-1.0126306 23.97868 0.584642519 25.0 20.0
-1.0126306 23.97868 0.584642520 24.0 21.0
-1.2657882 25.148846 0.7308031320 24.0 21.0
-1.2657882 25.148846 0.7308031321 23.0 22.0
-1.5189458 26.319012 0.8769637321 23.0 22.0
-1.5189458 26.319012 0.8769637322 22.0 23.0
-1.7721034 27.489178 1.023124322 22.0 23.0
-1.7721034 27.489178 1.023124323 21.0 24.0
-2.0252612 28.659344 1.169284923 21.0 24.0
-2.0252612 28.659344 1.169284924 12.0 25.0
-2.516481 29.723774 1.452890824 12.0 25.0
-2.516481 29.723774 1.452890825 11.0 26.0
-3.0077007 30.788204 1.736496625 11.0 26.0
-3.0077007 30.788204 1.736496626 10.0 27.0
-3.4989204 31.852634 2.020102526 10.0 27.0
-3.4989204 31.852634 2.020102527 9.0 28.0
-3.9901402 32.917065 2.303708327 9.0 28.0
-3.9901402 32.917065 2.303708328 4.0 29.0
-4.690131 33.812286 2.70784828 4.0 29.0
-4.690131 33.812286 2.70784829 3.0 30.0
-5.390122 34.707508 3.11198829 3.0 30.0
-5.390122 34.707508 3.11198830 0.0 31.0
-6.257144 35.380142 3.612563630 0.0 31.0
-6.257144 35.380142 3.612563631 0.0 32.0
-7.258295 36.052776 3.612563631 0.0 32.0
-5.390122 34.707508 3.11198832 0.0 31.0
-5.8813415 35.77194 3.39559432 0.0 31.0
-5.8813415 35.77194 3.39559433 0.0 32.0
-6.448553 36.83637 3.39559433 0.0 32.0
-5.390122 34.707508 3.11198834 2.0 31.0
-6.1984015 35.60273 3.11198834 2.0 31.0
-6.1984015 35.60273 3.11198835 1.0 32.0
-7.0066814 36.49795 3.11198835 1.0 32.0
-7.0066814 36.49795 3.11198836 0.0 33.0
-7.8149614 37.393173 3.11198836 0.0 33.0
-7.8149614 37.393173 3.11198837 0.0 34.0
-8.623241 38.288395 3.11198837 0.0 34.0
-3.9901402 32.917065 2.303708338 4.0 29.0
-4.243298 34.08723 2.44986938 4.0 29.0
-4.243298 34.08723 2.44986939 3.0 30.0
-4.4964557 35.257397 2.596029539 3.0 30.0
-4.4964557 35.257397 2.596029540 0.0 31.0
-4.987675 36.321827 2.879635340 0.0 31.0
-4.987675 36.321827 2.879635341 0.0 32.0
-5.554887 37.386257 2.879635341 0.0 32.0
-4.4964557 35.257397 2.596029542 0.0 31.0
-4.4964557 36.463524 2.596029542 0.0 31.0
-4.4964557 36.463524 2.596029543 0.0 32.0
-4.4964557 37.66965 2.596029543 0.0 32.0
-4.4964557 35.257397 2.596029544 2.0 31.0
-4.788777 36.427563 2.596029544 2.0 31.0
-4.788777 36.427563 2.596029545 1.0 32.0
-5.081098 37.59773 2.596029545 1.0 32.0
-5.081098 37.59773 2.596029546 0.0 33.0
-5.3734193 38.767895 2.596029546 0.0 33.0
-5.3734193 38.767895 2.596029547 0.0 34.0
-5.6657405 39.93806 2.596029547 0.0 34.0
-3.9901402 32.917065 2.303708348 8.0 29.0
-4.557352 33.981495 2.303708348 8.0 29.0
-4.557352 33.981495 2.303708349 7.0 30.0
-5.1245637 35.045925 2.303708349 7.0 30.0
-5.1245637 35.045925 2.303708350 6.0 31.0
-5.6917753 36.110355 2.303708350 6.0 31.0
-5.6917753 36.110355 2.303708351 5.0 32.0
-6.258987 37.174786 2.303708351 5.0 32.0
-6.258987 37.174786 2.303708352 4.0 33.0
-6.8261986 38.239216 2.303708352 4.0 33.0
-6.8261986 38.239216 2.303708353 3.0 34.0
-7.39341 39.303646 2.303708353 3.0 34.0
-7.39341 39.303646 2.303708354 0.0 35.0
-8.093401 40.198868 2.70784854 0.0 35.0
-8.093401 40.198868 2.70784855 0.0 36.0
-8.901681 41.09409 2.70784855 0.0 36.0
-7.39341 39.303646 2.303708356 0.0 35.0
-7.646568 40.473812 2.44986956 0.0 35.0
-7.646568 40.473812 2.44986957 0.0 36.0
-7.938889 41.64398 2.44986957 0.0 36.0
-7.39341 39.303646 2.303708358 2.0 35.0
-7.960622 40.368076 2.303708358 2.0 35.0
-7.960622 40.368076 2.303708359 1.0 36.0
-8.527834 41.432507 2.303708359 1.0 36.0
-8.527834 41.432507 2.303708360 0.0 37.0
-9.095046 42.496937 2.303708360 0.0 37.0
-9.095046 42.496937 2.303708361 0.0 38.0
-9.662258 43.561367 2.303708361 0.0 38.0
-2.0252612 28.659344 1.169284962 12.0 25.0
-2.0252612 29.865469 1.169284962 12.0 25.0
-2.0252612 29.865469 1.169284963 11.0 26.0
-2.0252612 31.071594 1.169284963 11.0 26.0
-2.0252612 31.071594 1.169284964 10.0 27.0
-2.0252612 32.27772 1.169284964 10.0 27.0
-2.0252612 32.27772 1.169284965 9.0 28.0
-2.0252612 33.48385 1.169284965 9.0 28.0
-2.0252612 33.48385 1.169284966 4.0 29.0
-2.2784188 34.654015 1.315445566 4.0 29.0
-2.2784188 34.654015 1.315445567 3.0 30.0
-2.5315764 35.82418 1.461606167 3.0 30.0
-2.5315764 35.82418 1.461606168 0.0 31.0
-3.0227962 36.88861 1.74521268 0.0 31.0
-3.0227962 36.88861 1.74521269 0.0 32.0
-3.5900078 37.95304 1.74521269 0.0 32.0
-2.5315764 35.82418 1.461606170 0.0 31.0
-2.5315764 37.030308 1.461606170 0.0 31.0
-2.5315764 37.030308 1.461606171 0.0 32.0
-2.5315764 38.236435 1.461606171 0.0 32.0
-2.5315764 35.82418 1.461606172 2.0 31.0
-2.8238976 36.994347 1.461606172 2.0 31.0
-2.8238976 36.994347 1.461606173 1.0 32.0
-3.1162188 38.164513 1.461606173 1.0 32.0
-3.1162188 38.164513 1.461606174 0.0 33.0
-3.40854 39.33468 1.461606174 0.0 33.0
-3.40854 39.33468 1.461606175 0.0 34.0
-3.7008612 40.504845 1.461606175 0.0 34.0
-2.0252612 33.48385 1.169284976 4.0 29.0
-1.7721035 34.654015 1.023124376 4.0 29.0
-1.7721035 34.654015 1.023124377 3.0 30.0
-1.5189459 35.82418 0.8769637377 3.0 30.0
-1.5189459 35.82418 0.8769637378 0.0 31.0
-1.5189459 37.030308 0.8769637378 0.0 31.0
-1.5189459 37.030308 0.8769637379 0.0 32.0
-1.5189459 38.236435 0.8769637379 0.0 32.0
-1.5189459 35.82418 0.8769637380 0.0 31.0
-1.0277262 36.88861 0.593357980 0.0 31.0
-1.0277262 36.88861 0.593357981 0.0 32.0
-0.4605145 37.95304 0.593357981 0.0 32.0
-1.5189459 35.82418 0.8769637382 2.0 31.0
-1.2266247 36.994347 0.8769637382 2.0 31.0
-1.2266247 36.994347 0.8769637383 1.0 32.0
-0.93430346 38.164513 0.8769637383 1.0 32.0
-0.93430346 38.164513 0.8769637384 0.0 33.0
-0.6419822 39.33468 0.8769637384 0.0 33.0
-0.6419822 39.33468 0.8769637385 0.0 34.0
-0.34966093 40.504845 0.8769637385 0.0 34.0
-2.0252612 33.48385 1.169284986 8.0 29.0
-2.0252612 34.689976 1.169284986 8.0 29.0
-2.0252612 34.689976 1.169284987 7.0 30.0
-2.0252612 35.896103 1.169284987 7.0 30.0
-2.0252612 35.896103 1.169284988 6.0 31.0
-2.0252612 37.10223 1.169284988 6.0 31.0
-2.0252612 37.10223 1.169284989 5.0 32.0
-2.0252612 38.308357 1.169284989 5.0 32.0
-2.0252612 38.308357 1.169284990 4.0 33.0
-2.0252612 39.514484 1.169284990 4.0 33.0
-2.0252612 39.514484 1.169284991 3.0 34.0
-2.0252612 40.72061 1.169284991 3.0 34.0
-2.0252612 40.72061 1.169284992 0.0 35.0
-2.2784188 41.890778 1.315445592 0.0 35.0
-2.2784188 41.890778 1.315445593 0.0 36.0
-2.57074 43.060944 1.315445593 0.0 36.0
-2.0252612 40.72061 1.169284994 0.0 35.0
-1.7721035 41.890778 1.023124394 0.0 35.0
-1.7721035 41.890778 1.023124395 0.0 36.0
-1.4797823 43.060944 1.023124395 0.0 36.0
-2.0252612 40.72061 1.169284996 2.0 35.0
-2.0252612 41.92674 1.169284996 2.0 35.0
-2.0252612 41.92674 1.169284997 1.0 36.0
-2.0252612 43.132866 1.169284997 1.0 36.0
-2.0252612 43.132866 1.169284998 0.0 37.0
-2.0252612 44.338993 1.169284998 0.0 37.0
-2.0252612 44.338993 1.169284999 0.0 38.0
-2.0252612 45.54512 1.169284999 0.0 38.0
-2.0252612 28.659344 1.1692849100 20.0 25.0
-2.3175824 29.82951 1.1692849100 20.0 25.0
-2.3175824 29.82951 1.1692849101 19.0 26.0
-2.6099036 30.999676 1.1692849101 19.0 26.0
-2.6099036 30.999676 1.1692849102 18.0 27.0
-2.9022248 32.16984 1.1692849102 18.0 27.0
-2.9022248 32.16984 1.1692849103 17.0 28.0
-3.194546 33.340008 1.1692849103 17.0 28.0
-3.194546 33.340008 1.1692849104 16.0 29.0
-3.4868672 34.510174 1.1692849104 16.0 29.0
-3.4868672 34.510174 1.1692849105 15.0 30.0
-3.7791884 35.68034 1.1692849105 15.0 30.0
-3.7791884 35.68034 1.1692849106 14.0 31.0
-4.07151 36.850506 1.1692849106 14.0 31.0
-4.07151 36.850506 1.1692849107 13.0 32.0
-4.363831 38.02067 1.1692849107 13.0 32.0
-4.363831 38.02067 1.1692849108 12.0 33.0
-4.6561522 39.190838 1.1692849108 12.0 33.0
-4.6561522 39.190838 1.1692849109 11.0 34.0
-4.9484735 40.361004 1.1692849109 11.0 34.0
-4.9484735 40.361004 1.1692849110 10.0 35.0
-5.2407947 41.53117 1.1692849110 10.0 35.0
-5.2407947 41.53117 1.1692849111 9.0 36.0
-5.533116 42.701336 1.1692849111 9.0 36.0
-5.533116 42.701336 1.1692849112 4.0 37.0
-6.0243354 43.765766 1.4528908112 4.0 37.0
-6.0243354 43.765766 1.4528908113 3.0 38.0
-6.515555 44.830196 1.7364966113 3.0 38.0
-6.515555 44.830196 1.7364966114 0.0 39.0
-7.2155457 45.725418 2.1406364114 0.0 39.0
-7.2155457 45.725418 2.1406364115 0.0 40.0
-8.023826 46.62064 2.1406364115 0.0 40.0
-6.515555 44.830196 1.7364966116 0.0 39.0
-6.7687125 46.000362 1.8826572116 0.0 39.0
-6.7687125 46.000362 1.8826572117 0.0 40.0
-7.0610337 47.17053 1.8826572117 0.0 40.0
-6.515555 44.830196 1.7364966118 2.0 39.0
-7.0827665 45.894627 1.7364966118 2.0 39.0
-7.0827665 45.894627 1.7364966119 1.0 40.0
-7.649978 46.959057 1.7364966119 1.0 40.0
-7.649978 46.959057 1.7364966120 0.0 41.0
-8.21719 48.023487 1.7364966120 0.0 41.0
-8.21719 48.023487 1.7364966121 0.0 42.0
-8.784402 49.087917 1.7364966121 0.0 42.0
-5.533116 42.701336 1.1692849122 4.0 37.0
-5.533116 43.907463 1.1692849122 4.0 37.0
-5.533116 43.907463 1.1692849123 3.0 38.0
-5.533116 45.11359 1.1692849123 3.0 38.0
-5.533116 45.11359 1.1692849124 0.0 39.0
-5.7862735 46.283756 1.3154455124 0.0 39.0
-5.7862735 46.283756 1.3154455125 0.0 40.0
-6.0785947 47.453922 1.3154455125 0.0 40.0
-5.533116 45.11359 1.1692849126 0.0 39.0
-5.2799582 46.283756 1.0231243126 0.0 39.0
-5.2799582 46.283756 1.0231243127 0.0 40.0
-4.987637 47.453922 1.0231243127 0.0 40.0
-5.533116 45.11359 1.1692849128 2.0 39.0
-5.533116 46.319717 1.1692849128 2.0 39.0
-5.533116 46.319717 1.1692849129 1.0 40.0
-5.533116 47.525845 1.1692849129 1.0 40.0
-5.533116 47.525845 1.1692849130 0.0 41.0
-5.533116 48.73197 1.1692849130 0.0 41.0
-5.533116 48.73197 1.1692849131 0.0 42.0
-5.533116 49.9381 1.1692849131 0.0 42.0
-5.533116 42.701336 1.1692849132 8.0 37.0
-5.825437 43.871502 1.1692849132 8.0 37.0
-5.825437 43.871502 1.1692849133 7.0 38.0
-6.1177583 45.041668 1.1692849133 7.0 38.0
-6.1177583 45.041668 1.1692849134 6.0 39.0
-6.4100795 46.211834 1.1692849134 6.0 39.0
-6.4100795 46.211834 1.1692849135 5.0 40.0
-6.7024007 47.382 1.1692849135 5.0 40.0
-6.7024007 47.382 1.1692849136 4.0 41.0
-6.994722 48.552166 1.1692849136 4.0 41.0
-6.994722 48.552166 1.1692849137 3.0 42.0
-7.287043 49.722332 1.1692849137 3.0 42.0
-7.287043 49.722332 1.1692849138 0.0 43.0
-7.7782626 50.786762 1.4528908138 0.0 43.0
-7.7782626 50.786762 1.4528908139 0.0 44.0
-8.345474 51.851192 1.4528908139 0.0 44.0
-7.287043 49.722332 1.1692849140 0.0 43.0
-7.287043 50.92846 1.1692849140 0.0 43.0
-7.287043 50.92846 1.1692849141 0.0 44.0
-7.287043 52.134586 1.1692849141 0.0 44.0
-7.287043 49.722332 1.1692849142 2.0 43.0
-7.5793643 50.892498 1.1692849142 2.0 43.0
-7.5793643 50.892498 1.1692849143 1.0 44.0
-7.8716855 52.062664 1.1692849143 1.0 44.0
-7.8716855 52.062664 1.1692849144 0.0 45.0
-8.164007 53.23283 1.1692849144 0.0 45.0
-8.164007 53.23283 1.1692849145 0.0 46.0
-8.456328 54.402996 1.1692849145 0.0 46.0
0.0 19.298016 0.0146 28.0 17.0
0.25315765 20.468182 -0.14616063146 28.0 17.0
0.25315765 20.468182 -0.14616063147 27.0 18.0
0.5063153 21.638348 -0.29232126147 27.0 18.0
0.5063153 21.638348 -0.29232126148 26.0 19.0
0.75947297 22.808514 -0.4384819148 26.0 19.0
0.75947297 22.808514 -0.4384819149 25.0 20.0
1.0126306 23.97868 -0.5846425149 25.0 20.0
1.0126306 23.97868 -0.5846425150 24.0 21.0
1.2657882 25.148846 -0.73080313150 24.0 21.0
1.2657882 25.148846 -0.73080313151 23.0 22.0
1.5189458 26.319012 -0.87696373151 23.0 22.0
1.5189458 26.319012 -0.87696373152 22.0 23.0
1.7721034 27.489178 -1.0231243152 22.0 23.0
1.7721034 27.489178 -1.0231243153 21.0 24.0
2.0252612 28.659344 -1.1692849153 21.0 24.0
2.0252612 28.659344 -1.1692849154 12.0 25.0
2.0252612 29.865469 -1.1692849154 12.0 25.0
2.0252612 29.865469 -1.1692849155 11.0 26.0
2.0252612 31.071594 -1.1692849155 11.0 26.0
2.0252612 31.071594 -1.1692849156 10.0 27.0
2.0252612 32.27772 -1.1692849156 10.0 27.0
2.0252612 32.27772 -1.1692849157 9.0 28.0
2.0252612 33.48385 -1.1692849157 9.0 28.0
2.0252612 33.48385 -1.1692849158 4.0 29.0
1.7721035 34.654015 -1.0231243158 4.0 29.0
1.7721035 34.654015 -1.0231243159 3.0 30.0
1.5189459 35.82418 -0.87696373159 3.0 30.0
1.5189459 35.82418 -0.87696373160 0.0 31.0
1.0277262 36.88861 -0.5933579160 0.0 31.0
1.0277262 36.88861 -0.5933579161 0.0 32.0
0.4605145 37.95304 -0.5933579161 0.0 32.0
1.5189459 35.82418 -0.87696373162 0.0 31.0
1.5189459 37.030308 -0.87696373162 0.0 31.0
1.5189459 37.030308 -0.87696373163 0.0 32.0
1.5189459 38.236435 -0.87696373163 0.0 32.0
1.5189459 35.82418 -0.87696373164 2.0 31.0
1.2266247 36.994347 -0.87696373164 2.0 31.0
1.2266247 36.994347 -0.87696373165 1.0 32.0
0.93430346 38.164513 -0.87696373165 1.0 32.0
0.93430346 38.164513 -0.87696373166 0.0 33.0
0.6419822 39.33468 -0.87696373166 0.0 33.0
0.6419822 39.33468 -0.87696373167 0.0 34.0
0.34966093 40.504845 -0.87696373167 0.0 34.0
2.0252612 33.48385 -1.1692849168 4.0 29.0
2.2784188 34.654015 -1.3154455168 4.0 29.0
2.2784188 34.654015 -1.3154455169 3.0 30.0
2.5315764 35.82418 -1.4616061169 3.0 30.0
2.5315764 35.82418 -1.4616061170 0.0 31.0
2.5315764 37.030308 -1.4616061170 0.0 31.0
2.5315764 37.030308 -1.4616061171 0.0 32.0
2.5315764 38.236435 -1.4616061171 0.0 32.0
2.5315764 35.82418 -1.4616061172 0.0 31.0
3.0227962 36.88861 -1.745212172 0.0 31.0
3.0227962 36.88861 -1.745212173 0.0 32.0
3.5900078 37.95304 -1.745212173 0.0 32.0
2.5315764 35.82418 -1.4616061174 2.0 31.0
2.8238976 36.994347 -1.4616061174 2.0 31.0
2.8238976 36.994347 -1.4616061175 1.0 32.0
3.1162188 38.164513 -1.4616061175 1.0 32.0
3.1162188 38.164513 -1.4616061176 0.0 33.0
3.40854 39.33468 -1.4616061176 0.0 33.0
3.40854 39.33468 -1.4616061177 0.0 34.0
3.7008612 40.504845 -1.4616061177 0.0 34.0
2.0252612 33.48385 -1.1692849178 8.0 29.0
2.0252612 34.689976 -1.1692849178 8.0 29.0
2.0252612 34.689976 -1.1692849179 7.0 30.0
2.0252612 35.896103 -1.1692849179 7.0 30.0
2.0252612 35.896103 -1.1692849180 6.0 31.0
2.0252612 37.10223 -1.1692849180 6.0 31.0
2.0252612 37.10223 -1.1692849181 5.0 32.0
2.0252612 38.308357 -1.1692849181 5.0 32.0
2.0252612 38.308357 -1.1692849182 4.0 33.0
2.0252612 39.514484 -1.1692849182 4.0 33.0
2.0252612 39.514484 -1.1692849183 3.0 34.0
2.0252612 40.72061 -1.1692849183 3.0 34.0
2.0252612 40.72061 -1.1692849184 0.0 35.0
1.7721035 41.890778 -1.0231243184 0.0 35.0
1.7721035 41.890778 -1.0231243185 0.0 36.0
1.4797823 43.060944 -1.0231243185 0.0 36.0
2.0252612 40.72061 -1.1692849186 0.0 35.0
2.2784188 41.890778 -1.3154455186 0.0 35.0
2.2784188 41.890778 -1.3154455187 0.0 36.0
2.57074 43.060944 -1.3154455187 0.0 36.0
2.0252612 40.72061 -1.1692849188 2.0 35.0
2.0252612 41.92674 -1.1692849188 2.0 35.0
2.0252612 41.92674 -1.1692849189 1.0 36.0
2.0252612 43.132866 -1.1692849189 1.0 36.0
2.0252612 43.132866 -1.1692849190 0.0 37.0
2.0252612 44.338993 -1.1692849190 0.0 37.0
2.0252612 44.338993 -1.1692849191 0.0 38.0
2.0252612 45.54512 -1.1692849191 0.0 38.0
2.0252612 28.659344 -1.1692849192 12.0 25.0
2.516481 29.723774 -1.4528908192 12.0 25.0
2.516481 29.723774 -1.4528908193 11.0 26.0
3.0077007 30.788204 -1.7364966193 11.0 26.0
3.0077007 30.788204 -1.7364966194 10.0 27.0
3.4989204 31.852634 -2.0201025194 10.0 27.0
3.4989204 31.852634 -2.0201025195 9.0 28.0
3.9901402 32.917065 -2.3037083195 9.0 28.0
3.9901402 32.917065 -2.3037083196 4.0 29.0
4.243298 34.08723 -2.449869196 4.0 29.0
4.243298 34.08723 -2.449869197 3.0 30.0
4.4964557 35.257397 -2.5960295197 3.0 30.0
4.4964557 35.257397 -2.5960295198 0.0 31.0
4.4964557 36.463524 -2.5960295198 0.0 31.0
4.4964557 36.463524 -2.5960295199 0.0 32.0
4.4964557 37.66965 -2.5960295199 0.0 32.0
4.4964557 35.257397 -2.5960295200 0.0 31.0
4.987675 36.321827 -2.8796353200 0.0 31.0
4.987675 36.321827 -2.8796353201 0.0 32.0
5.554887 37.386257 -2.8796353201 0.0 32.0
4.4964557 35.257397 -2.5960295202 2.0 31.0
4.788777 36.427563 -2.5960295202 2.0 31.0
4.788777 36.427563 -2.5960295203 1.0 32.0
5.081098 37.59773 -2.5960295203 1.0 32.0
5.081098 37.59773 -2.5960295204 0.0 33.0
5.3734193 38.767895 -2.5960295204 0.0 33.0
5.3734193 38.767895 -2.5960295205 0.0 34.0
5.6657405 39.93806 -2.5960295205 0.0 34.0
3.9901402 32.917065 -2.3037083206 4.0 29.0
4.690131 33.812286 -2.707848206 4.0 29.0
4.690131 33.812286 -2.707848207 3.0 30.0
5.390122 34.707508 -3.111988207 3.0 30.0
5.390122 34.707508 -3.111988208 0.0 31.0
5.8813415 35.77194 -3.395594208 0.0 31.0
5.8813415 35.77194 -3.395594209 0.0 32.0
6.448553 36.83637 -3.395594209 0.0 32.0
5.390122 34.707508 -3.111988210 0.0 31.0
6.257144 35.380142 -3.6125636210 0.0 31.0
6.257144 35.380142 -3.6125636211 0.0 32.0
7.258295 36.052776 -3.6125636211 0.0 32.0
5.390122 34.707508 -3.111988212 2.0 31.0
6.1984015 35.60273 -3.111988212 2.0 31.0
6.1984015 35.60273 -3.111988213 1.0 32.0
7.0066814 36.49795 -3.111988213 1.0 32.0
7.0066814 36.49795 -3.111988214 0.0 33.0
7.8149614 37.393173 -3.111988214 0.0 33.0
7.8149614 37.393173 -3.111988215 0.0 34.0
8.623241 38.288395 -3.111988215 0.0 34.0
3.9901402 32.917065 -2.3037083216 8.0 29.0
4.557352 33.981495 -2.3037083216 8.0 29.0
4.557352 33.981495 -2.3037083217 7.0 30.0
5.1245637 35.045925 -2.3037083217 7.0 30.0
5.1245637 35.045925 -2.3037083218 6.0 31.0
5.6917753 36.110355 -2.3037083218 6.0 31.0
5.6917753 36.110355 -2.3037083219 5.0 32.0
6.258987 37.174786 -2.3037083219 5.0 32.0
6.258987 37.174786 -2.3037083220 4.0 33.0
6.8261986 38.239216 -2.3037083220 4.0 33.0
6.8261986 38.239216 -2.3037083221 3.0 34.0
7.39341 39.303646 -2.3037083221 3.0 34.0
7.39341 39.303646 -2.3037083222 0.0 35.0
7.646568 40.473812 -2.449869222 0.0 35.0
7.646568 40.473812 -2.449869223 0.0 36.0
7.938889 41.64398 -2.449869223 0.0 36.0
7.39341 39.303646 -2.3037083224 0.0 35.0
8.093401 40.198868 -2.707848224 0.0 35.0
8.093401 40.198868 -2.707848225 0.0 36.0
8.901681 41.09409 -2.707848225 0.0 36.0
7.39341 39.303646 -2.3037083226 2.0 35.0
7.960622 40.368076 -2.3037083226 2.0 35.0
7.960622 40.368076 -2.3037083227 1.0 36.0
8.527834 41.432507 -2.3037083227 1.0 36.0
8.527834 41.432507 -2.3037083228 0.0 37.0
9.095046 42.496937 -2.3037083228 0.0 37.0
9.095046 42.496937 -2.3037083229 0.0 38.0
9.662258 43.561367 -2.3037083229 0.0 38.0
2.0252612 28.659344 -1.1692849230 20.0 25.0
2.3175824 29.82951 -1.1692849230 20.0 25.0
2.3175824 29.82951 -1.1692849231 19.0 26.0
2.6099036 30.999676 -1.1692849231 19.0 26.0
2.6099036 30.999676 -1.1692849232 18.0 27.0
2.9022248 32.16984 -1.1692849232 18.0 27.0
2.9022248 32.16984 -1.1692849233 17.0 28.0
3.194546 33.340008 -1.1692849233 17.0 28.0
3.194546 33.340008 -1.1692849234 16.0 29.0
3.4868672 34.510174 -1.1692849234 16.0 29.0
3.4868672 34.510174 -1.1692849235 15.0 30.0
3.7791884 35.68034 -1.1692849235 15.0 30.0
3.7791884 35.68034 -1.1692849236 14.0 31.0
4.07151 36.850506 -1.1692849236 14.0 31.0
4.07151 36.850506 -1.1692849237 13.0 32.0
4.363831 38.02067 -1.1692849237 13.0 32.0
4.363831 38.02067 -1.1692849238 12.0 33.0
4.6561522 39.190838 -1.1692849238 12.0 33.0
4.6561522 39.190838 -1.1692849239 11.0 34.0
4.9484735 40.361004 -1.1692849239 11.0 34.0
4.9484735 40.361004 -1.1692849240 10.0 35.0
5.2407947 41.53117 -1.1692849240 10.0 35.0
5.2407947 41.53117 -1.1692849241 9.0 36.0
5.533116 42.701336 -1.1692849241 9.0 36.0
5.533116 42.701336 -1.1692849242 4.0 37.0
5.533116 43.907463 -1.1692849242 4.0 37.0
5.533116 43.907463 -1.1692849243 3.0 38.0
5.533116 45.11359 -1.1692849243 3.0 38.0
5.533116 45.11359 -1.1692849244 0.0 39.0
5.2799582 46.283756 -1.0231243244 0.0 39.0
5.2799582 46.283756 -1.0231243245 0.0 40.0
4.987637 47.453922 -1.0231243245 0.0 40.0
5.533116 45.11359 -1.1692849246 0.0 39.0
5.7862735 46.283756 -1.3154455246 0.0 39.0
5.7862735 46.283756 -1.3154455247 0.0 40.0
6.0785947 47.453922 -1.3154455247 0.0 40.0
5.533116 45.11359 -1.1692849248 2.0 39.0
5.533116 46.319717 -1.1692849248 2.0 39.0
5.533116 46.319717 -1.1692849249 1.0 40.0
5.533116 47.525845 -1.1692849249 1.0 40.0
5.533116 47.525845 -1.1692849250 0.0 41.0
5.533116 48.73197 -1.1692849250 0.0 41.0
5.533116 48.73197 -1.1692849251 0.0 42.0
5.533116 49.9381 -1.1692849251 0.0 42.0
5.533116 42.701336 -1.1692849252 4.0 37.0
6.0243354 43.765766 -1.4528908252 4.0 37.0
6.0243354 43.765766 -1.4528908253 3.0 38.0
6.515555 44.830196 -1.7364966253 3.0 38.0
6.515555 44.830196 -1.7364966254 0.0 39.0
6.7687125 46.000362 -1.8826572254 0.0 39.0
6.7687125 46.000362 -1.8826572255 0.0 40.0
7.0610337 47.17053 -1.8826572255 0.0 40.0
6.515555 44.830196 -1.7364966256 0.0 39.0
7.2155457 45.725418 -2.1406364256 0.0 39.0
7.2155457 45.725418 -2.1406364257 0.0 40.0
8.023826 46.62064 -2.1406364257 0.0 40.0
6.515555 44.830196 -1.7364966258 2.0 39.0
7.0827665 45.894627 -1.7364966258 2.0 39.0
7.0827665 45.894627 -1.7364966259 1.0 40.0
7.649978 46.959057 -1.7364966259 1.0 40.0
7.649978 46.959057 -1.7364966260 0.0 41.0
8.21719 48.023487 -1.7364966260 0.0 41.0
8.21719 48.023487 -1.7364966261 0.0 42.0
8.784402 49.087917 -1.7364966261 0.0 42.0
5.533116 42.701336 -1.1692849262 8.0 37.0
5.825437 43.871502 -1.1692849262 8.0 37.0
5.825437 43.871502 -1.1692849263 7.0 38.0
6.1177583 45.041668 -1.1692849263 7.0 38.0
6.1177583 45.041668 -1.1692849264 6.0 39.0
6.4100795 46.211834 -1.1692849264 6.0 39.0
6.4100795 46.211834 -1.1692849265 5.0 40.0
6.7024007 47.382 -1.1692849265 5.0 40.0
6.7024007 47.382 -1.1692849266 4.0 41.0
6.994722 48.552166 -1.1692849266 4.0 41.0
6.994722 48.552166 -1.1692849267 3.0 42.0
7.287043 49.722332 -1.1692849267 3.0 42.0
7.287043 49.722332 -1.1692849268 0.0 43.0
7.287043 50.92846 -1.1692849268 0.0 43.0
7.287043 50.92846 -1.1692849269 0.0 44.0
7.287043 52.134586 -1.1692849269 0.0 44.0
7.287043 49.722332 -1.1692849270 0.0 43.0
7.7782626 50.786762 -1.4528908270 0.0 43.0
7.7782626 50.786762 -1.4528908271 0.0 44.0
8.345474 51.851192 -1.4528908271 0.0 44.0
7.287043 49.722332 -1.1692849272 2.0 43.0
7.5793643 50.892498 -1.1692849272 2.0 43.0
7.5793643 50.892498 -1.1692849273 1.0 44.0
7.8716855 52.062664 -1.1692849273 1.0 44.0
7.8716855 52.062664 -1.1692849274 0.0 45.0
8.164007 53.23283 -1.1692849274 0.0 45.0
8.164007 53.23283 -1.1692849275 0.0 46.0
8.456328 54.402996 -1.1692849275 0.0 46.0
0.0 19.298016 0.0276 44.0 17.0
0.0 20.50414 0.0276 44.0 17.0
0.0 20.50414 0.0277 43.0 18.0
0.0 21.710266 0.0277 43.0 18.0
0.0 21.710266 0.0278 42.0 19.0
0.0 22.916391 0.0278 42.0 19.0
0.0 22.916391 0.0279 41.0 20.0
0.0 24.122517 0.0279 41.0 20.0
0.0 24.122517 0.0280 40.0 21.0
0.0 25.328642 0.0280 40.0 21.0
0.0 25.328642 0.0281 39.0 22.0
0.0 26.534767 0.0281 39.0 22.0
0.0 26.534767 0.0282 38.0 23.0
0.0 27.740892 0.0282 38.0 23.0
0.0 27.740892 0.0283 37.0 24.0
0.0 28.947018 0.0283 37.0 24.0
0.0 28.947018 0.0284 36.0 25.0
0.0 30.153143 0.0284 36.0 25.0
0.0 30.153143 0.0285 35.0 26.0
0.0 31.359268 0.0285 35.0 26.0
0.0 31.359268 0.0286 34.0 27.0
0.0 32.565395 0.0286 34.0 27.0
0.0 32.565395 0.0287 33.0 28.0
0.0 33.771523 0.0287 33.0 28.0
0.0 33.771523 0.0288 32.0 29.0
0.0 34.97765 0.0288 32.0 29.0
0.0 34.97765 0.0289 31.0 30.0
0.0 36.183777 0.0289 31.0 30.0
0.0 36.183777 0.0290 30.0 31.0
0.0 37.389904 0.0290 30.0 31.0
0.0 37.389904 0.0291 29.0 32.0
0.0 38.59603 0.0291 29.0 32.0
0.0 38.59603 0.0292 28.0 33.0
0.0 39.80216 0.0292 28.0 33.0
0.0 39.80216 0.0293 27.0 34.0
0.0 41.008286 0.0293 27.0 34.0
0.0 41.008286 0.0294 26.0 35.0
0.0 42.214413 0.0294 26.0 35.0
0.0 42.214413 0.0295 25.0 36.0
0.0 43.42054 0.0295 25.0 36.0
0.0 43.42054 0.0296 24.0 37.0
0.0 44.626667 0.0296 24.0 37.0
0.0 44.626667 0.0297 23.0 38.0
0.0 45.832794 0.0297 23.0 38.0
0.0 45.832794 0.0298 22.0 39.0
0.0 47.03892 0.0298 22.0 39.0
0.0 47.03892 0.0299 21.0 40.0
0.0 48.24505 0.0299 21.0 40.0
0.0 48.24505 0.0300 12.0 41.0
-0.25315765 49.415215 0.14616063300 12.0 41.0
-0.25315765 49.415215 0.14616063301 11.0 42.0
-0.5063153 50.58538 0.29232126301 11.0 42.0
-0.5063153 50.58538 0.29232126302 10.0 43.0
-0.75947297 51.755547 0.4384819302 10.0 43.0
-0.75947297 51.755547 0.4384819303 9.0 44.0
-1.0126306 52.925713 0.5846425303 9.0 44.0
-1.0126306 52.925713 0.5846425304 4.0 45.0
-1.5038502 53.990143 0.86824834304 4.0 45.0
-1.5038502 53.990143 0.86824834305 3.0 46.0
-1.99507 55.054573 1.1518542305 3.0 46.0
-1.99507 55.054573 1.1518542306 0.0 47.0
-2.6950607 55.949795 1.555994306 0.0 47.0
-2.6950607 55.949795 1.555994307 0.0 48.0
-3.5033405 56.845016 1.555994307 0.0 48.0
-1.99507 55.054573 1.1518542308 0.0 47.0
-2.2482276 56.22474 1.2980148308 0.0 47.0
-2.2482276 56.22474 1.2980148309 0.0 48.0
-2.5405488 57.394905 1.2980148309 0.0 48.0
-1.99507 55.054573 1.1518542310 2.0 47.0
-2.5622816 56.119003 1.1518542310 2.0 47.0
-2.5622816 56.119003 1.1518542311 1.0 48.0
-3.1294932 57.183434 1.1518542311 1.0 48.0
-3.1294932 57.183434 1.1518542312 0.0 49.0
-3.6967049 58.247864 1.1518542312 0.0 49.0
-3.6967049 58.247864 1.1518542313 0.0 50.0
-4.2639165 59.312294 1.1518542313 0.0 50.0
-1.0126306 52.925713 0.5846425314 4.0 45.0
-1.0126306 54.13184 0.5846425314 4.0 45.0
-1.0126306 54.13184 0.5846425315 3.0 46.0
-1.0126306 55.337967 0.5846425315 3.0 46.0
-1.0126306 55.337967 0.5846425316 0.0 47.0
-1.2657882 56.508133 0.73080313316 0.0 47.0
-1.2657882 56.508133 0.73080313317 0.0 48.0
-1.5581095 57.6783 0.73080313317 0.0 48.0
-1.0126306 55.337967 0.5846425318 0.0 47.0
-0.75947297 56.508133 0.4384819318 0.0 47.0
-0.75947297 56.508133 0.4384819319 0.0 48.0
-0.4671517 57.6783 0.4384819319 0.0 48.0
-1.0126306 55.337967 0.5846425320 2.0 47.0
-1.0126306 56.544094 0.5846425320 2.0 47.0
-1.0126306 56.544094 0.5846425321 1.0 48.0
-1.0126306 57.75022 0.5846425321 1.0 48.0
-1.0126306 57.75022 0.5846425322 0.0 49.0
-1.0126306 58.95635 0.5846425322 0.0 49.0
-1.0126306 58.95635 0.5846425323 0.0 50.0
-1.0126306 60.162476 0.5846425323 0.0 50.0
-1.0126306 52.925713 0.5846425324 8.0 45.0
-1.3049519 54.09588 0.5846425324 8.0 45.0
-1.3049519 54.09588 0.5846425325 7.0 46.0
-1.5972731 55.266045 0.5846425325 7.0 46.0
-1.5972731 55.266045 0.5846425326 6.0 47.0
-1.8895943 56.43621 0.5846425326 6.0 47.0
-1.8895943 56.43621 0.5846425327 5.0 48.0
-2.1819155 57.606377 0.5846425327 5.0 48.0
-2.1819155 57.606377 0.5846425328 4.0 49.0
-2.4742367 58.776543 0.5846425328 4.0 49.0
-2.4742367 58.776543 0.5846425329 3.0 50.0
-2.766558 59.94671 0.5846425329 3.0 50.0
-2.766558 59.94671 0.5846425330 0.0 51.0
-3.2577777 61.01114 0.86824834330 0.0 51.0
-3.2577777 61.01114 0.86824834331 0.0 52.0
-3.8249893 62.07557 0.86824834331 0.0 52.0
-2.766558 59.94671 0.5846425332 0.0 51.0
-2.766558 61.152836 0.5846425332 0.0 51.0
-2.766558 61.152836 0.5846425333 0.0 52.0
-2.766558 62.358963 0.5846425333 0.0 52.0
-2.766558 59.94671 0.5846425334 2.0 51.0
-3.0588791 61.116875 0.5846425334 2.0 51.0
-3.0588791 61.116875 0.5846425335 1.0 52.0
-3.3512003 62.28704 0.5846425335 1.0 52.0
-3.3512003 62.28704 0.5846425336 0.0 53.0
-3.6435215 63.457207 0.5846425336 0.0 53.0
-3.6435215 63.457207 0.5846425337 0.0 54.0
-3.9358428 64.62737 0.5846425337 0.0 54.0
0.0 48.24505 0.0338 12.0 41.0
0.25315765 49.415215 -0.14616063338 12.0 41.0
0.25315765 49.415215 -0.14616063339 11.0 42.0
0.5063153 50.58538 -0.29232126339 11.0 42.0
0.5063153 50.58538 -0.29232126340 10.0 43.0
0.75947297 51.755547 -0.4384819340 10.0 43.0
0.75947297 51.755547 -0.4384819341 9.0 44.0
1.0126306 52.925713 -0.5846425341 9.0 44.0
1.0126306 52.925713 -0.5846425342 4.0 45.0
1.0126306 54.13184 -0.5846425342 4.0 45.0
1.0126306 54.13184 -0.5846425343 3.0 46.0
1.0126306 55.337967 -0.5846425343 3.0 46.0
1.0126306 55.337967 -0.5846425344 0.0 47.0
0.75947297 56.508133 -0.4384819344 0.0 47.0
0.75947297 56.508133 -0.4384819345 0.0 48.0
0.4671517 57.6783 -0.4384819345 0.0 48.0
1.0126306 55.337967 -0.5846425346 0.0 47.0
1.2657882 56.508133 -0.73080313346 0.0 47.0
1.2657882 56.508133 -0.73080313347 0.0 48.0
1.5581095 57.6783 -0.73080313347 0.0 48.0
1.0126306 55.337967 -0.5846425348 2.0 47.0
1.0126306 56.544094 -0.5846425348 2.0 47.0
1.0126306 56.544094 -0.5846425349 1.0 48.0
1.0126306 57.75022 -0.5846425349 1.0 48.0
1.0126306 57.75022 -0.5846425350 0.0 49.0
1.0126306 58.95635 -0.5846425350 0.0 49.0
1.0126306 58.95635 -0.5846425351 0.0 50.0
1.0126306 60.162476 -0.5846425351 0.0 50.0
1.0126306 52.925713 -0.5846425352 4.0 45.0
1.5038502 53.990143 -0.86824834352 4.0 45.0
1.5038502 53.990143 -0.86824834353 3.0 46.0
1.99507 55.054573 -1.1518542353 3.0 46.0
1.99507 55.054573 -1.1518542354 0.0 47.0
2.2482276 56.22474 -1.2980148354 0.0 47.0
2.2482276 56.22474 -1.2980148355 0.0 48.0
2.5405488 57.394905 -1.2980148355 0.0 48.0
1.99507 55.054573 -1.1518542356 0.0 47.0
2.6950607 55.949795 -1.555994356 0.0 47.0
2.6950607 55.949795 -1.555994357 0.0 48.0
3.5033405 56.845016 -1.555994357 0.0 48.0
1.99507 55.054573 -1.1518542358 2.0 47.0
2.5622816 56.119003 -1.1518542358 2.0 47.0
2.5622816 56.119003 -1.1518542359 1.0 48.0
3.1294932 57.183434 -1.1518542359 1.0 48.0
3.1294932 57.183434 -1.1518542360 0.0 49.0
3.6967049 58.247864 -1.1518542360 0.0 49.0
3.6967049 58.247864 -1.1518542361 0.0 50.0
4.2639165 59.312294 -1.1518542361 0.0 50.0
1.0126306 52.925713 -0.5846425362 8.0 45.0
1.3049519 54.09588 -0.5846425362 8.0 45.0
1.3049519 54.09588 -0.5846425363 7.0 46.0
1.5972731 55.266045 -0.5846425363 7.0 46.0
1.5972731 55.266045 -0.5846425364 6.0 47.0
1.8895943 56.43621 -0.5846425364 6.0 47.0
1.8895943 56.43621 -0.5846425365 5.0 48.0
2.1819155 57.606377 -0.5846425365 5.0 48.0
2.1819155 57.606377 -0.5846425366 4.0 49.0
2.4742367 58.776543 -0.5846425366 4.0 49.0
2.4742367 58.776543 -0.5846425367 3.0 50.0
2.766558 59.94671 -0.5846425367 3.0 50.0
2.766558 59.94671 -0.5846425368 0.0 51.0
2.766558 61.152836 -0.5846425368 0.0 51.0
2.766558 61.152836 -0.5846425369 0.0 52.0
2.766558 62.358963 -0.5846425369 0.0 52.0
2.766558 59.94671 -0.5846425370 0.0 51.0
3.2577777 61.01114 -0.86824834370 0.0 51.0
3.2577777 61.01114 -0.86824834371 0.0 52.0
3.8249893 62.07557 -0.86824834371 0.0 52.0
2.766558 59.94671 -0.5846425372 2.0 51.0
3.0588791 61.116875 -0.5846425372 2.0 51.0
3.0588791 61.116875 -0.5846425373 1.0 52.0
3.3512003 62.28704 -0.5846425373 1.0 52.0
3.3512003 62.28704 -0.5846425374 0.0 53.0
3.6435215 63.457207 -0.5846425374 0.0 53.0
3.6435215 63.457207 -0.5846425375 0.0 54.0
3.9358428 64.62737 -0.5846425375 0.0 54.0
0.0 48.24505 0.0376 20.0 41.0
0.0 49.451176 0.0376 20.0 41.0
0.0 49.451176 0.0377 19.0 42.0
0.0 50.657303 0.0377 19.0 42.0
0.0 50.657303 0.0378 18.0 43.0
0.0 51.86343 0.0378 18.0 43.0
0.0 51.86343 0.0379 17.0 44.0
0.0 53.069557 0.0379 17.0 44.0
0.0 53.069557 0.0380 16.0 45.0
0.0 54.275684 0.0380 16.0 45.0
0.0 54.275684 0.0381 15.0 46.0
0.0 55.48181 0.0381 15.0 46.0
0.0 55.48181 0.0382 14.0 47.0
0.0 56.68794 0.0382 14.0 47.0
0.0 56.68794 0.0383 13.0 48.0
0.0 57.894066 0.0383 13.0 48.0
0.0 57.894066 0.0384 12.0 49.0
0.0 59.100193 0.0384 12.0 49.0
0.0 59.100193 0.0385 11.0 50.0
0.0 60.30632 0.0385 11.0 50.0
0.0 60.30632 0.0386 10.0 51.0
0.0 61.512447 0.0386 10.0 51.0
0.0 61.512447 0.0387 9.0 52.0
0.0 62.718575 0.0387 9.0 52.0
0.0 62.718575 0.0388 4.0 53.0
-0.25315765 63.88874 0.14616063388 4.0 53.0
-0.25315765 63.88874 0.14616063389 3.0 54.0
-0.5063153 65.05891 0.29232126389 3.0 54.0
-0.5063153 65.05891 0.29232126390 0.0 55.0
-0.997535 66.12334 0.57592714390 0.0 55.0
-0.997535 66.12334 0.57592714391 0.0 56.0
-1.5647466 67.18777 0.57592714391 0.0 56.0
-0.5063153 65.05891 0.29232126392 0.0 55.0
-0.5063153 66.26503 0.29232126392 0.0 55.0
-0.5063153 66.26503 0.29232126393 0.0 56.0
-0.5063153 67.47115 0.29232126393 0.0 56.0
-0.5063153 65.05891 0.29232126394 2.0 55.0
-0.79863656 66.22907 0.29232126394 2.0 55.0
-0.79863656 66.22907 0.29232126395 1.0 56.0
-1.0909579 67.39924 0.29232126395 1.0 56.0
-1.0909579 67.39924 0.29232126396 0.0 57.0
-1.3832791 68.569405 0.29232126396 0.0 57.0
-1.3832791 68.569405 0.29232126397 0.0 58.0
-1.6756003 69.73957 0.29232126397 0.0 58.0
0.0 62.718575 0.0398 4.0 53.0
0.25315765 63.88874 -0.14616063398 4.0 53.0
0.25315765 63.88874 -0.14616063399 3.0 54.0
0.5063153 65.05891 -0.29232126399 3.0 54.0
0.5063153 65.05891 -0.29232126400 0.0 55.0
0.5063153 66.26503 -0.29232126400 0.0 55.0
0.5063153 66.26503 -0.29232126401 0.0 56.0
0.5063153 67.47115 -0.29232126401 0.0 56.0
0.5063153 65.05891 -0.29232126402 0.0 55.0
0.997535 66.12334 -0.57592714402 0.0 55.0
0.997535 66.12334 -0.57592714403 0.0 56.0
1.5647466 67.18777 -0.57592714403 0.0 56.0
0.5063153 65.05891 -0.29232126404 2.0 55.0
0.79863656 66.22907 -0.29232126404 2.0 55.0
0.79863656 66.22907 -0.29232126405 1.0 56.0
1.0909579 67.39924 -0.29232126405 1.0 56.0
1.0909579 67.39924 -0.29232126406 0.0 57.0
1.3832791 68.569405 -0.29232126406 0.0 57.0
1.3832791 68.569405 -0.29232126407 0.0 58.0
1.6756003 69.73957 -0.29232126407 0.0 58.0
0.0 62.718575 0.0408 8.0 53.0
0.0 63.9247 0.0408 8.0 53.0
0.0 63.9247 0.0409 7.0 54.0
0.0 65.13083 0.0409 7.0 54.0
0.0 65.13083 0.0410 6.0 55.0
0.0 66.33695 0.0410 6.0 55.0
0.0 66.33695 0.0411 5.0 56.0
0.0 67.543076 0.0411 5.0 56.0
0.0 67.543076 0.0412 4.0 57.0
0.0 68.7492 0.0412 4.0 57.0
0.0 68.7492 0.0413 3.0 58.0
0.0 69.95532 0.0413 3.0 58.0
0.0 69.95532 0.0414 0.0 59.0
-0.25315765 71.12549 0.14616063414 0.0 59.0
-0.25315765 71.12549 0.14616063415 0.0 60.0
-0.54547894 72.295654 0.14616063415 0.0 60.0
0.0 69.95532 0.0416 0.0 59.0
0.25315765 71.12549 -0.14616063416 0.0 59.0
0.25315765 71.12549 -0.14616063417 0.0 60.0
0.54547894 72.295654 -0.14616063417 0.0 60.0
0.0 69.95532 0.0418 2.0 59.0
0.0 71.161446 0.0418 2.0 59.0
0.0 71.161446 0.0419 1.0 60.0
0.0 72.36757 0.0419 1.0 60.0
0.0 72.36757 0.0420 0.0 61.0
0.0 73.57369 0.0420 0.0 61.0
0.0 73.57369 0.0421 0.0 62.0
0.0 74.779816 0.0421 0.0 62.0
