0.0 0.0 0.00 60.0 1.0
0.0 0.9219784 0.00 60.0 1.0
0.0 0.9219784 0.01 59.0 2.0
0.0 1.8439568 0.01 59.0 2.0
0.0 1.8439568 0.02 58.0 3.0
0.0 2.7659352 0.02 58.0 3.0
0.0 2.7659352 0.03 57.0 4.0
0.0 3.6879137 0.03 57.0 4.0
0.0 3.6879137 0.04 56.0 5.0
0.0 4.609892 0.04 56.0 5.0
0.0 4.609892 0.05 55.0 6.0
0.0 5.5318704 0.05 55.0 6.0
0.0 5.5318704 0.06 54.0 7.0
0.0 6.453849 0.06 54.0 7.0
0.0 6.453849 0.07 53.0 8.0
0.0 7.3758273 0.07 53.0 8.0
0.0 7.3758273 0.08 52.0 9.0
0.0 8.297806 0.08 52.0 9.0
0.0 8.297806 0.09 51.0 10.0
0.0 9.219784 0.09 51.0 10.0
0.0 9.219784 0.010 50.0 11.0
0.0 10.141762 0.010 50.0 11.0
0.0 10.141762 0.011 49.0 12.0
0.0 11.06374 0.011 49.0 12.0
0.0 11.06374 0.012 48.0 13.0
0.0 11.985718 0.012 48.0 13.0
0.0 11.985718 0.013 47.0 14.0
0.0 12.907696 0.013 47.0 14.0
0.0 12.907696 0.014 46.0 15.0
0.0 13.829674 0.014 46.0 15.0
0.0 13.829674 0.015 45.0 16.0
0.0 14.751652 0.015 45.0 16.0
0.0 14.751652 0.016 28.0 17.0
0.4111288 15.542016 -0.2373653416 28.0 17.0
0.4111288 15.542016 -0.2373653417 27.0 18.0
0.8222576 16.33238 -0.4747306717 27.0 18.0
0.8222576 16.33238 -0.4747306718 26.0 19.0
1.2333864 17.122744 -0.71209618 26.0 19.0
1.2333864 17.122744 -0.71209619 25.0 20.0
1.6445152 17.913107 -0.9494613419 25.0 20.0
1.6445152 17.913107 -0.9494613420 24.0 21.0
2.055644 18.70347 -1.186826720 24.0 21.0
2.055644 18.70347 -1.186826721 23.0 22.0
2.4667728 19.493834 -1.424192121 23.0 22.0
2.4667728 19.493834 -1.424192122 22.0 23.0
2.8779016 20.284197 -1.661557422 22.0 23.0
2.8779016 20.284197 -1.661557423 21.0 24.0
3.2890303 21.07456 -1.898922823 21.0 24.0
3.2890303 21.07456 -1.898922824 12.0 25.0
3.2890303 21.996538 -1.898922824 12.0 25.0
3.2890303 21.996538 -1.898922825 11.0 26.0
3.2890303 22.918516 -1.898922825 11.0 26.0
3.2890303 22.918516 -1.898922826 10.0 27.0
3.2890303 23.840494 -1.898922826 10.0 27.0
3.2890303 23.840494 -1.898922827 9.0 28.0
3.2890303 24.762472 -1.898922827 9.0 28.0
3.2890303 24.762472 -1.898922828 4.0 29.0
2.8779016 25.552835 -1.661557428 4.0 29.0
2.8779016 25.552835 -1.661557429 3.0 30.0
2.4667728 26.343199 -1.424192129 3.0 30.0
2.4667728 26.343199 -1.424192130 0.0 31.0
2.4667728 27.265177 -1.424192130 0.0 31.0
2.4667728 27.265177 -1.424192131 0.0 32.0
2.4667728 28.187155 -1.424192131 0.0 32.0
2.4667728 26.343199 -1.424192132 2.0 31.0
1.9920421 27.133562 -1.424192132 2.0 31.0
1.9920421 27.133562 -1.424192133 1.0 32.0
1.5173113 27.923925 -1.424192133 1.0 32.0
1.5173113 27.923925 -1.424192134 0.0 33.0
1.5173113 28.845903 -1.424192134 0.0 33.0
1.5173113 28.845903 -1.424192135 0.0 34.0
1.5173113 29.767881 -1.424192135 0.0 34.0
1.5173113 27.923925 -1.424192136 0.0 33.0
0.70338786 28.357021 -1.424192136 0.0 33.0
0.70338786 28.357021 -1.424192137 0.0 34.0
-0.11053562 28.790117 -1.424192137 0.0 34.0
3.2890303 24.762472 -1.898922838 8.0 29.0
3.2890303 25.68445 -1.898922838 8.0 29.0
3.2890303 25.68445 -1.898922839 7.0 30.0
3.2890303 26.606428 -1.898922839 7.0 30.0
3.2890303 26.606428 -1.898922840 6.0 31.0
3.2890303 27.528406 -1.898922840 6.0 31.0
3.2890303 27.528406 -1.898922841 5.0 32.0
3.2890303 28.450384 -1.898922841 5.0 32.0
3.2890303 28.450384 -1.898922842 4.0 33.0
3.700159 29.240747 -2.136288242 4.0 33.0
3.700159 29.240747 -2.136288243 3.0 34.0
4.111288 30.03111 -2.373653443 3.0 34.0
4.111288 30.03111 -2.373653444 0.0 35.0
4.8161664 30.464207 -2.78061544 0.0 35.0
4.8161664 30.464207 -2.78061545 0.0 36.0
5.6300898 30.897303 -2.78061545 0.0 36.0
4.111288 30.03111 -2.373653446 2.0 35.0
4.5860186 30.821474 -2.373653446 2.0 35.0
4.5860186 30.821474 -2.373653447 1.0 36.0
5.060749 31.611837 -2.373653447 1.0 36.0
5.060749 31.611837 -2.373653448 0.0 37.0
5.7656274 32.044933 -2.78061548 0.0 37.0
5.7656274 32.044933 -2.78061549 0.0 38.0
6.5795507 32.47803 -2.78061549 0.0 38.0
5.060749 31.611837 -2.373653450 0.0 37.0
5.060749 32.533817 -2.373653450 0.0 37.0
5.060749 32.533817 -2.373653451 0.0 38.0
5.060749 33.455795 -2.373653451 0.0 38.0
3.2890303 28.450384 -1.898922852 4.0 33.0
2.8142996 29.240747 -1.898922852 4.0 33.0
2.8142996 29.240747 -1.898922853 3.0 34.0
2.3395689 30.03111 -1.898922853 3.0 34.0
2.3395689 30.03111 -1.898922854 0.0 35.0
2.3395689 30.953089 -1.898922854 0.0 35.0
2.3395689 30.953089 -1.898922855 0.0 36.0
2.3395689 31.875067 -1.898922855 0.0 36.0
2.3395689 30.03111 -1.898922856 2.0 35.0
1.8648381 30.821474 -1.898922856 2.0 35.0
1.8648381 30.821474 -1.898922857 1.0 36.0
1.3901074 31.611837 -1.898922857 1.0 36.0
1.3901074 31.611837 -1.898922858 0.0 37.0
1.3901074 32.533817 -1.898922858 0.0 37.0
1.3901074 32.533817 -1.898922859 0.0 38.0
1.3901074 33.455795 -1.898922859 0.0 38.0
1.3901074 31.611837 -1.898922860 0.0 37.0
0.5761839 32.044933 -1.898922860 0.0 37.0
0.5761839 32.044933 -1.898922861 0.0 38.0
-0.23773956 32.47803 -1.898922861 0.0 38.0
3.2890303 21.07456 -1.898922862 20.0 25.0
3.763761 21.864923 -1.898922862 20.0 25.0
3.763761 21.864923 -1.898922863 19.0 26.0
4.2384915 22.655287 -1.898922863 19.0 26.0
4.2384915 22.655287 -1.898922864 18.0 27.0
4.713222 23.44565 -1.898922864 18.0 27.0
4.713222 23.44565 -1.898922865 17.0 28.0
5.1879525 24.236013 -1.898922865 17.0 28.0
5.1879525 24.236013 -1.898922866 16.0 29.0
5.662683 25.026377 -1.898922866 16.0 29.0
5.662683 25.026377 -1.898922867 15.0 30.0
6.1374135 25.81674 -1.898922867 15.0 30.0
6.1374135 25.81674 -1.898922868 14.0 31.0
6.612144 26.607103 -1.898922868 14.0 31.0
6.612144 26.607103 -1.898922869 13.0 32.0
7.0868745 27.397467 -1.898922869 13.0 32.0
7.0868745 27.397467 -1.898922870 12.0 33.0
7.791753 27.830563 -2.305884670 12.0 33.0
7.791753 27.830563 -2.305884671 11.0 34.0
8.496632 28.263659 -2.712846371 11.0 34.0
8.496632 28.263659 -2.712846372 10.0 35.0
9.20151 28.696754 -3.11980872 10.0 35.0
9.20151 28.696754 -3.11980873 9.0 36.0
9.906389 29.12985 -3.526769673 9.0 36.0
9.906389 29.12985 -3.526769674 4.0 37.0
10.317518 29.920214 -3.76413574 4.0 37.0
10.317518 29.920214 -3.76413575 3.0 38.0
10.728647 30.710577 -4.001575 3.0 38.0
10.728647 30.710577 -4.001576 0.0 39.0
11.433526 31.143673 -4.40846276 0.0 39.0
11.433526 31.143673 -4.40846277 0.0 40.0
12.24745 31.576769 -4.40846277 0.0 40.0
10.728647 30.710577 -4.001578 2.0 39.0
11.203378 31.50094 -4.001578 2.0 39.0
11.203378 31.50094 -4.001579 1.0 40.0
11.678108 32.291306 -4.001579 1.0 40.0
11.678108 32.291306 -4.001580 0.0 41.0
12.382987 32.724403 -4.40846280 0.0 41.0
12.382987 32.724403 -4.40846281 0.0 42.0
13.196911 33.1575 -4.40846281 0.0 42.0
11.678108 32.291306 -4.001582 0.0 41.0
11.678108 33.213284 -4.001582 0.0 41.0
11.678108 33.213284 -4.001583 0.0 42.0
11.678108 34.13526 -4.001583 0.0 42.0
9.906389 29.12985 -3.526769684 8.0 37.0
10.720313 29.562946 -3.526769684 8.0 37.0
10.720313 29.562946 -3.526769685 7.0 38.0
11.534237 29.996042 -3.526769685 7.0 38.0
11.534237 29.996042 -3.526769686 6.0 39.0
12.348161 30.429138 -3.526769686 6.0 39.0
12.348161 30.429138 -3.526769687 5.0 40.0
13.162085 30.862234 -3.526769687 5.0 40.0
13.162085 30.862234 -3.526769688 4.0 41.0
13.959467 30.814413 -3.987138388 4.0 41.0
13.959467 30.814413 -3.987138389 3.0 42.0
14.756849 30.766592 -4.44750789 3.0 42.0
14.756849 30.766592 -4.44750790 0.0 43.0
15.419079 30.251505 -4.82984590 0.0 43.0
15.419079 30.251505 -4.82984591 0.0 44.0
16.183756 29.736418 -4.82984591 0.0 44.0
14.756849 30.766592 -4.44750792 2.0 43.0
15.677587 30.718771 -4.44750792 2.0 43.0
15.677587 30.718771 -4.44750793 1.0 44.0
16.598324 30.67095 -4.44750793 1.0 44.0
16.598324 30.67095 -4.44750794 0.0 45.0
17.260553 30.155863 -4.82984594 0.0 45.0
17.260553 30.155863 -4.82984595 0.0 46.0
18.02523 29.640776 -4.82984595 0.0 46.0
16.598324 30.67095 -4.44750796 0.0 45.0
17.412247 31.104046 -4.44750796 0.0 45.0
17.412247 31.104046 -4.44750797 0.0 46.0
18.22617 31.537142 -4.44750797 0.0 46.0
13.162085 30.862234 -3.526769698 4.0 41.0
13.636815 31.652597 -3.526769698 4.0 41.0
13.636815 31.652597 -3.526769699 3.0 42.0
14.111546 32.442963 -3.526769699 3.0 42.0
14.111546 32.442963 -3.5267696100 0.0 43.0
14.816424 32.87606 -3.9337313100 0.0 43.0
14.816424 32.87606 -3.9337313101 0.0 44.0
15.630348 33.30916 -3.9337313101 0.0 44.0
14.111546 32.442963 -3.5267696102 2.0 43.0
14.586276 33.233326 -3.5267696102 2.0 43.0
14.586276 33.233326 -3.5267696103 1.0 44.0
15.061007 34.02369 -3.5267696103 1.0 44.0
15.061007 34.02369 -3.5267696104 0.0 45.0
15.765885 34.456787 -3.9337313104 0.0 45.0
15.765885 34.456787 -3.9337313105 0.0 46.0
16.57981 34.889885 -3.9337313105 0.0 46.0
15.061007 34.02369 -3.5267696106 0.0 45.0
15.061007 34.945667 -3.5267696106 0.0 45.0
15.061007 34.945667 -3.5267696107 0.0 46.0
15.061007 35.867645 -3.5267696107 0.0 46.0
7.0868745 27.397467 -1.8989228108 12.0 33.0
7.0868745 28.319445 -1.8989228108 12.0 33.0
7.0868745 28.319445 -1.8989228109 11.0 34.0
7.0868745 29.241423 -1.8989228109 11.0 34.0
7.0868745 29.241423 -1.8989228110 10.0 35.0
7.0868745 30.1634 -1.8989228110 10.0 35.0
7.0868745 30.1634 -1.8989228111 9.0 36.0
7.0868745 31.085379 -1.8989228111 9.0 36.0
7.0868745 31.085379 -1.8989228112 4.0 37.0
6.6757455 31.875742 -1.6615574112 4.0 37.0
6.6757455 31.875742 -1.6615574113 3.0 38.0
6.2646165 32.666107 -1.4241921113 3.0 38.0
6.2646165 32.666107 -1.4241921114 0.0 39.0
6.2646165 33.588085 -1.4241921114 0.0 39.0
6.2646165 33.588085 -1.4241921115 0.0 40.0
6.2646165 34.510063 -1.4241921115 0.0 40.0
6.2646165 32.666107 -1.4241921116 2.0 39.0
5.789886 33.45647 -1.4241921116 2.0 39.0
5.789886 33.45647 -1.4241921117 1.0 40.0
5.3151555 34.246834 -1.4241921117 1.0 40.0
5.3151555 34.246834 -1.4241921118 0.0 41.0
5.3151555 35.16881 -1.4241921118 0.0 41.0
5.3151555 35.16881 -1.4241921119 0.0 42.0
5.3151555 36.09079 -1.4241921119 0.0 42.0
5.3151555 34.246834 -1.4241921120 0.0 41.0
4.501232 34.67993 -1.4241921120 0.0 41.0
4.501232 34.67993 -1.4241921121 0.0 42.0
3.6873088 35.11303 -1.4241921121 0.0 42.0
7.0868745 31.085379 -1.8989228122 8.0 37.0
7.0868745 32.00736 -1.8989228122 8.0 37.0
7.0868745 32.00736 -1.8989228123 7.0 38.0
7.0868745 32.929337 -1.8989228123 7.0 38.0
7.0868745 32.929337 -1.8989228124 6.0 39.0
7.0868745 33.851315 -1.8989228124 6.0 39.0
7.0868745 33.851315 -1.8989228125 5.0 40.0
7.0868745 34.773293 -1.8989228125 5.0 40.0
7.0868745 34.773293 -1.8989228126 4.0 41.0
7.4980035 35.563656 -2.1362882126 4.0 41.0
7.4980035 35.563656 -2.1362882127 3.0 42.0
7.9091325 36.35402 -2.3736534127 3.0 42.0
7.9091325 36.35402 -2.3736534128 0.0 43.0
8.614011 36.787117 -2.780615128 0.0 43.0
8.614011 36.787117 -2.780615129 0.0 44.0
9.427935 37.220215 -2.780615129 0.0 44.0
7.9091325 36.35402 -2.3736534130 2.0 43.0
8.383863 37.144382 -2.3736534130 2.0 43.0
8.383863 37.144382 -2.3736534131 1.0 44.0
8.858594 37.934746 -2.3736534131 1.0 44.0
8.858594 37.934746 -2.3736534132 0.0 45.0
9.563473 38.367844 -2.780615132 0.0 45.0
9.563473 38.367844 -2.780615133 0.0 46.0
10.377397 38.80094 -2.780615133 0.0 46.0
8.858594 37.934746 -2.3736534134 0.0 45.0
8.858594 38.856724 -2.3736534134 0.0 45.0
8.858594 38.856724 -2.3736534135 0.0 46.0
8.858594 39.7787 -2.3736534135 0.0 46.0
7.0868745 34.773293 -1.8989228136 4.0 41.0
6.612144 35.563656 -1.8989228136 4.0 41.0
6.612144 35.563656 -1.8989228137 3.0 42.0
6.1374135 36.35402 -1.8989228137 3.0 42.0
6.1374135 36.35402 -1.8989228138 0.0 43.0
6.1374135 37.275997 -1.8989228138 0.0 43.0
6.1374135 37.275997 -1.8989228139 0.0 44.0
6.1374135 38.197975 -1.8989228139 0.0 44.0
6.1374135 36.35402 -1.8989228140 2.0 43.0
5.662683 37.144382 -1.8989228140 2.0 43.0
5.662683 37.144382 -1.8989228141 1.0 44.0
5.1879525 37.934746 -1.8989228141 1.0 44.0
5.1879525 37.934746 -1.8989228142 0.0 45.0
5.1879525 38.856724 -1.8989228142 0.0 45.0
5.1879525 38.856724 -1.8989228143 0.0 46.0
5.1879525 39.7787 -1.8989228143 0.0 46.0
5.1879525 37.934746 -1.8989228144 0.0 45.0
4.374029 38.367844 -1.8989228144 0.0 45.0
4.374029 38.367844 -1.8989228145 0.0 46.0
3.5601058 38.80094 -1.8989228145 0.0 46.0
0.0 14.751652 0.0146 44.0 17.0
0.0 15.67363 0.0146 44.0 17.0
0.0 15.67363 0.0147 43.0 18.0
0.0 16.595608 0.0147 43.0 18.0
0.0 16.595608 0.0148 42.0 19.0
0.0 17.517586 0.0148 42.0 19.0
0.0 17.517586 0.0149 41.0 20.0
0.0 18.439564 0.0149 41.0 20.0
0.0 18.439564 0.0150 40.0 21.0
0.0 19.361542 0.0150 40.0 21.0
0.0 19.361542 0.0151 39.0 22.0
0.0 20.28352 0.0151 39.0 22.0
0.0 20.28352 0.0152 38.0 23.0
0.0 21.205498 0.0152 38.0 23.0
0.0 21.205498 0.0153 37.0 24.0
0.0 22.127476 0.0153 37.0 24.0
0.0 22.127476 0.0154 36.0 25.0
0.0 23.049454 0.0154 36.0 25.0
0.0 23.049454 0.0155 35.0 26.0
0.0 23.971432 0.0155 35.0 26.0
0.0 23.971432 0.0156 34.0 27.0
0.0 24.89341 0.0156 34.0 27.0
0.0 24.89341 0.0157 33.0 28.0
0.0 25.815388 0.0157 33.0 28.0
0.0 25.815388 0.0158 32.0 29.0
0.0 26.737366 0.0158 32.0 29.0
0.0 26.737366 0.0159 31.0 30.0
0.0 27.659344 0.0159 31.0 30.0
0.0 27.659344 0.0160 30.0 31.0
0.0 28.581322 0.0160 30.0 31.0
0.0 28.581322 0.0161 29.0 32.0
0.0 29.5033 0.0161 29.0 32.0
0.0 29.5033 0.0162 28.0 33.0
0.4111288 30.293663 -0.23736534162 28.0 33.0
0.4111288 30.293663 -0.23736534163 27.0 34.0
0.8222576 31.084026 -0.47473067163 27.0 34.0
0.8222576 31.084026 -0.47473067164 26.0 35.0
1.2333864 31.87439 -0.712096164 26.0 35.0
1.2333864 31.87439 -0.712096165 25.0 36.0
1.6445152 32.664753 -0.94946134165 25.0 36.0
1.6445152 32.664753 -0.94946134166 24.0 37.0
2.055644 33.455116 -1.1868267166 24.0 37.0
2.055644 33.455116 -1.1868267167 23.0 38.0
2.4667728 34.24548 -1.4241921167 23.0 38.0
2.4667728 34.24548 -1.4241921168 22.0 39.0
2.8779016 35.035843 -1.6615574168 22.0 39.0
2.8779016 35.035843 -1.6615574169 21.0 40.0
3.2890303 35.826206 -1.8989228169 21.0 40.0
3.2890303 35.826206 -1.8989228170 12.0 41.0
3.2890303 36.748184 -1.8989228170 12.0 41.0
3.2890303 36.748184 -1.8989228171 11.0 42.0
3.2890303 37.670162 -1.8989228171 11.0 42.0
3.2890303 37.670162 -1.8989228172 10.0 43.0
3.2890303 38.59214 -1.8989228172 10.0 43.0
3.2890303 38.59214 -1.8989228173 9.0 44.0
3.2890303 39.51412 -1.8989228173 9.0 44.0
3.2890303 39.51412 -1.8989228174 4.0 45.0
2.8779016 40.30448 -1.6615574174 4.0 45.0
2.8779016 40.30448 -1.6615574175 3.0 46.0
2.4667728 41.094845 -1.4241921175 3.0 46.0
2.4667728 41.094845 -1.4241921176 0.0 47.0
2.4667728 42.016823 -1.4241921176 0.0 47.0
2.4667728 42.016823 -1.4241921177 0.0 48.0
2.4667728 42.9388 -1.4241921177 0.0 48.0
2.4667728 41.094845 -1.4241921178 2.0 47.0
1.9920421 41.88521 -1.4241921178 2.0 47.0
1.9920421 41.88521 -1.4241921179 1.0 48.0
1.5173113 42.67557 -1.4241921179 1.0 48.0
1.5173113 42.67557 -1.4241921180 0.0 49.0
1.5173113 43.59755 -1.4241921180 0.0 49.0
1.5173113 43.59755 -1.4241921181 0.0 50.0
1.5173113 44.519527 -1.4241921181 0.0 50.0
1.5173113 42.67557 -1.4241921182 0.0 49.0
0.70338786 43.10867 -1.4241921182 0.0 49.0
0.70338786 43.10867 -1.4241921183 0.0 50.0
-0.11053562 43.541767 -1.4241921183 0.0 50.0
3.2890303 39.51412 -1.8989228184 8.0 45.0
3.2890303 40.436096 -1.8989228184 8.0 45.0
3.2890303 40.436096 -1.8989228185 7.0 46.0
3.2890303 41.358074 -1.8989228185 7.0 46.0
3.2890303 41.358074 -1.8989228186 6.0 47.0
3.2890303 42.280052 -1.8989228186 6.0 47.0
3.2890303 42.280052 -1.8989228187 5.0 48.0
3.2890303 43.20203 -1.8989228187 5.0 48.0
3.2890303 43.20203 -1.8989228188 4.0 49.0
3.700159 43.992393 -2.1362882188 4.0 49.0
3.700159 43.992393 -2.1362882189 3.0 50.0
4.111288 44.782757 -2.3736534189 3.0 50.0
4.111288 44.782757 -2.3736534190 0.0 51.0
4.8161664 45.215855 -2.780615190 0.0 51.0
4.8161664 45.215855 -2.780615191 0.0 52.0
5.6300898 45.648952 -2.780615191 0.0 52.0
4.111288 44.782757 -2.3736534192 2.0 51.0
4.5860186 45.57312 -2.3736534192 2.0 51.0
4.5860186 45.57312 -2.3736534193 1.0 52.0
5.060749 46.363483 -2.3736534193 1.0 52.0
5.060749 46.363483 -2.3736534194 0.0 53.0
5.7656274 46.79658 -2.780615194 0.0 53.0
5.7656274 46.79658 -2.780615195 0.0 54.0
6.5795507 47.22968 -2.780615195 0.0 54.0
5.060749 46.363483 -2.3736534196 0.0 53.0
5.060749 47.28546 -2.3736534196 0.0 53.0
5.060749 47.28546 -2.3736534197 0.0 54.0
5.060749 48.20744 -2.3736534197 0.0 54.0
3.2890303 43.20203 -1.8989228198 4.0 49.0
2.8142996 43.992393 -1.8989228198 4.0 49.0
2.8142996 43.992393 -1.8989228199 3.0 50.0
2.3395689 44.782757 -1.8989228199 3.0 50.0
2.3395689 44.782757 -1.8989228200 0.0 51.0
2.3395689 45.704735 -1.8989228200 0.0 51.0
2.3395689 45.704735 -1.8989228201 0.0 52.0
2.3395689 46.626713 -1.8989228201 0.0 52.0
2.3395689 44.782757 -1.8989228202 2.0 51.0
1.8648381 45.57312 -1.8989228202 2.0 51.0
1.8648381 45.57312 -1.8989228203 1.0 52.0
1.3901074 46.363483 -1.8989228203 1.0 52.0
1.3901074 46.363483 -1.8989228204 0.0 53.0
1.3901074 47.28546 -1.8989228204 0.0 53.0
1.3901074 47.28546 -1.8989228205 0.0 54.0
1.3901074 48.20744 -1.8989228205 0.0 54.0
1.3901074 46.363483 -1.8989228206 0.0 53.0
0.5761839 46.79658 -1.8989228206 0.0 53.0
0.5761839 46.79658 -1.8989228207 0.0 54.0
-0.23773956 47.22968 -1.8989228207 0.0 54.0
3.2890303 35.826206 -1.8989228208 20.0 41.0
3.763761 36.61657 -1.8989228208 20.0 41.0
3.763761 36.61657 -1.8989228209 19.0 42.0
4.2384915 37.406933 -1.8989228209 19.0 42.0
4.2384915 37.406933 -1.8989228210 18.0 43.0
4.713222 38.197296 -1.8989228210 18.0 43.0
4.713222 38.197296 -1.8989228211 17.0 44.0
5.1879525 38.98766 -1.8989228211 17.0 44.0
5.1879525 38.98766 -1.8989228212 16.0 45.0
5.662683 39.778023 -1.8989228212 16.0 45.0
5.662683 39.778023 -1.8989228213 15.0 46.0
6.1374135 40.568386 -1.8989228213 15.0 46.0
6.1374135 40.568386 -1.8989228214 14.0 47.0
6.612144 41.35875 -1.8989228214 14.0 47.0
6.612144 41.35875 -1.8989228215 13.0 48.0
7.0868745 42.149113 -1.8989228215 13.0 48.0
7.0868745 42.149113 -1.8989228216 12.0 49.0
7.791753 42.58221 -2.3058846216 12.0 49.0
7.791753 42.58221 -2.3058846217 11.0 50.0
8.496632 43.01531 -2.7128463217 11.0 50.0
8.496632 43.01531 -2.7128463218 10.0 51.0
9.20151 43.448406 -3.119808218 10.0 51.0
9.20151 43.448406 -3.119808219 9.0 52.0
9.906389 43.881504 -3.5267696219 9.0 52.0
9.906389 43.881504 -3.5267696220 4.0 53.0
10.317518 44.671867 -3.764135220 4.0 53.0
10.317518 44.671867 -3.764135221 3.0 54.0
10.728647 45.46223 -4.0015221 3.0 54.0
10.728647 45.46223 -4.0015222 0.0 55.0
11.433526 45.89533 -4.408462222 0.0 55.0
11.433526 45.89533 -4.408462223 0.0 56.0
12.24745 46.328426 -4.408462223 0.0 56.0
10.728647 45.46223 -4.0015224 2.0 55.0
11.203378 46.252594 -4.0015224 2.0 55.0
11.203378 46.252594 -4.0015225 1.0 56.0
11.678108 47.042957 -4.0015225 1.0 56.0
11.678108 47.042957 -4.0015226 0.0 57.0
12.382987 47.476055 -4.408462226 0.0 57.0
12.382987 47.476055 -4.408462227 0.0 58.0
13.196911 47.909153 -4.408462227 0.0 58.0
11.678108 47.042957 -4.0015228 0.0 57.0
11.678108 47.964935 -4.0015228 0.0 57.0
11.678108 47.964935 -4.0015229 0.0 58.0
11.678108 48.886913 -4.0015229 0.0 58.0
9.906389 43.881504 -3.5267696230 8.0 53.0
10.720313 44.3146 -3.5267696230 8.0 53.0
10.720313 44.3146 -3.5267696231 7.0 54.0
11.534237 44.7477 -3.5267696231 7.0 54.0
11.534237 44.7477 -3.5267696232 6.0 55.0
12.348161 45.180798 -3.5267696232 6.0 55.0
12.348161 45.180798 -3.5267696233 5.0 56.0
13.162085 45.613895 -3.5267696233 5.0 56.0
13.162085 45.613895 -3.5267696234 4.0 57.0
13.959467 45.566074 -3.9871383234 4.0 57.0
13.959467 45.566074 -3.9871383235 3.0 58.0
14.756849 45.518253 -4.447507235 3.0 58.0
14.756849 45.518253 -4.447507236 0.0 59.0
15.419079 45.003166 -4.829845236 0.0 59.0
15.419079 45.003166 -4.829845237 0.0 60.0
16.183756 44.48808 -4.829845237 0.0 60.0
14.756849 45.518253 -4.447507238 2.0 59.0
15.677587 45.470432 -4.447507238 2.0 59.0
15.677587 45.470432 -4.447507239 1.0 60.0
16.598324 45.42261 -4.447507239 1.0 60.0
16.598324 45.42261 -4.447507240 0.0 61.0
17.260553 44.907524 -4.829845240 0.0 61.0
17.260553 44.907524 -4.829845241 0.0 62.0
18.02523 44.392437 -4.829845241 0.0 62.0
16.598324 45.42261 -4.447507242 0.0 61.0
17.412247 45.85571 -4.447507242 0.0 61.0
17.412247 45.85571 -4.447507243 0.0 62.0
18.22617 46.288807 -4.447507243 0.0 62.0
13.162085 45.613895 -3.5267696244 4.0 57.0
13.636815 46.40426 -3.5267696244 4.0 57.0
13.636815 46.40426 -3.5267696245 3.0 58.0
14.111546 47.194622 -3.5267696245 3.0 58.0
14.111546 47.194622 -3.5267696246 0.0 59.0
14.816424 47.62772 -3.9337313246 0.0 59.0
14.816424 47.62772 -3.9337313247 0.0 60.0
15.630348 48.060818 -3.9337313247 0.0 60.0
14.111546 47.194622 -3.5267696248 2.0 59.0
14.586276 47.984985 -3.5267696248 2.0 59.0
14.586276 47.984985 -3.5267696249 1.0 60.0
15.061007 48.77535 -3.5267696249 1.0 60.0
15.061007 48.77535 -3.5267696250 0.0 61.0
15.765885 49.208447 -3.9337313250 0.0 61.0
15.765885 49.208447 -3.9337313251 0.0 62.0
16.57981 49.641544 -3.9337313251 0.0 62.0
15.061007 48.77535 -3.5267696252 0.0 61.0
15.061007 49.697327 -3.5267696252 0.0 61.0
15.061007 49.697327 -3.5267696253 0.0 62.0
15.061007 50.619305 -3.5267696253 0.0 62.0
7.0868745 42.149113 -1.8989228254 12.0 49.0
7.0868745 43.07109 -1.8989228254 12.0 49.0
7.0868745 43.07109 -1.8989228255 11.0 50.0
7.0868745 43.99307 -1.8989228255 11.0 50.0
7.0868745 43.99307 -1.8989228256 10.0 51.0
7.0868745 44.915047 -1.8989228256 10.0 51.0
7.0868745 44.915047 -1.8989228257 9.0 52.0
7.0868745 45.837025 -1.8989228257 9.0 52.0
7.0868745 45.837025 -1.8989228258 4.0 53.0
6.6757455 46.627388 -1.6615574258 4.0 53.0
6.6757455 46.627388 -1.6615574259 3.0 54.0
6.2646165 47.41775 -1.4241921259 3.0 54.0
6.2646165 47.41775 -1.4241921260 0.0 55.0
6.2646165 48.33973 -1.4241921260 0.0 55.0
6.2646165 48.33973 -1.4241921261 0.0 56.0
6.2646165 49.261707 -1.4241921261 0.0 56.0
6.2646165 47.41775 -1.4241921262 2.0 55.0
5.789886 48.208115 -1.4241921262 2.0 55.0
5.789886 48.208115 -1.4241921263 1.0 56.0
5.3151555 48.998478 -1.4241921263 1.0 56.0
5.3151555 48.998478 -1.4241921264 0.0 57.0
5.3151555 49.920456 -1.4241921264 0.0 57.0
5.3151555 49.920456 -1.4241921265 0.0 58.0
5.3151555 50.842434 -1.4241921265 0.0 58.0
5.3151555 48.998478 -1.4241921266 0.0 57.0
4.501232 49.431576 -1.4241921266 0.0 57.0
4.501232 49.431576 -1.4241921267 0.0 58.0
3.6873088 49.864674 -1.4241921267 0.0 58.0
7.0868745 45.837025 -1.8989228268 8.0 53.0
7.0868745 46.759003 -1.8989228268 8.0 53.0
7.0868745 46.759003 -1.8989228269 7.0 54.0
7.0868745 47.68098 -1.8989228269 7.0 54.0
7.0868745 47.68098 -1.8989228270 6.0 55.0
7.0868745 48.60296 -1.8989228270 6.0 55.0
7.0868745 48.60296 -1.8989228271 5.0 56.0
7.0868745 49.524937 -1.8989228271 5.0 56.0
7.0868745 49.524937 -1.8989228272 4.0 57.0
7.4980035 50.3153 -2.1362882272 4.0 57.0
7.4980035 50.3153 -2.1362882273 3.0 58.0
7.9091325 51.105663 -2.3736534273 3.0 58.0
7.9091325 51.105663 -2.3736534274 0.0 59.0
8.614011 51.53876 -2.780615274 0.0 59.0
8.614011 51.53876 -2.780615275 0.0 60.0
9.427935 51.97186 -2.780615275 0.0 60.0
7.9091325 51.105663 -2.3736534276 2.0 59.0
8.383863 51.896027 -2.3736534276 2.0 59.0
8.383863 51.896027 -2.3736534277 1.0 60.0
8.858594 52.68639 -2.3736534277 1.0 60.0
8.858594 52.68639 -2.3736534278 0.0 61.0
9.563473 53.119488 -2.780615278 0.0 61.0
9.563473 53.119488 -2.780615279 0.0 62.0
10.377397 53.552586 -2.780615279 0.0 62.0
8.858594 52.68639 -2.3736534280 0.0 61.0
8.858594 53.608368 -2.3736534280 0.0 61.0
8.858594 53.608368 -2.3736534281 0.0 62.0
8.858594 54.530346 -2.3736534281 0.0 62.0
7.0868745 49.524937 -1.8989228282 4.0 57.0
6.612144 50.3153 -1.8989228282 4.0 57.0
6.612144 50.3153 -1.8989228283 3.0 58.0
6.1374135 51.105663 -1.8989228283 3.0 58.0
6.1374135 51.105663 -1.8989228284 0.0 59.0
6.1374135 52.02764 -1.8989228284 0.0 59.0
6.1374135 52.02764 -1.8989228285 0.0 60.0
6.1374135 52.94962 -1.8989228285 0.0 60.0
6.1374135 51.105663 -1.8989228286 2.0 59.0
5.662683 51.896027 -1.8989228286 2.0 59.0
5.662683 51.896027 -1.8989228287 1.0 60.0
5.1879525 52.68639 -1.8989228287 1.0 60.0
5.1879525 52.68639 -1.8989228288 0.0 61.0
5.1879525 53.608368 -1.8989228288 0.0 61.0
5.1879525 53.608368 -1.8989228289 0.0 62.0
5.1879525 54.530346 -1.8989228289 0.0 62.0
5.1879525 52.68639 -1.8989228290 0.0 61.0
4.374029 53.119488 -1.8989228290 0.0 61.0
4.374029 53.119488 -1.8989228291 0.0 62.0
3.5601058 53.552586 -1.8989228291 0.0 62.0
0.0 29.5033 0.0292 28.0 33.0
-0.47473067 30.293663 0.0292 28.0 33.0
-0.47473067 30.293663 0.0293 27.0 34.0
-0.94946134 31.084026 0.0293 27.0 34.0
-0.94946134 31.084026 0.0294 26.0 35.0
-1.424192 31.87439 0.0294 26.0 35.0
-1.424192 31.87439 0.0295 25.0 36.0
-1.8989227 32.664753 0.0295 25.0 36.0
-1.8989227 32.664753 0.0296 24.0 37.0
-2.3736534 33.455116 0.0296 24.0 37.0
-2.3736534 33.455116 0.0297 23.0 38.0
-2.8483841 34.24548 0.0297 23.0 38.0
-2.8483841 34.24548 0.0298 22.0 39.0
-3.3231149 35.035843 0.0298 22.0 39.0
-3.3231149 35.035843 0.0299 21.0 40.0
-3.7978456 35.826206 0.0299 21.0 40.0
-3.7978456 35.826206 0.0300 12.0 41.0
-4.502724 36.259304 0.40696174300 12.0 41.0
-4.502724 36.259304 0.40696174301 11.0 42.0
-5.2076025 36.6924 0.8139235301 11.0 42.0
-5.2076025 36.6924 0.8139235302 10.0 43.0
-5.912481 37.1255 1.2208853302 10.0 43.0
-5.912481 37.1255 1.2208853303 9.0 44.0
-6.617359 37.558598 1.627847303 9.0 44.0
-6.617359 37.558598 1.627847304 4.0 45.0
-7.414741 37.510777 2.0882156304 4.0 45.0
-7.414741 37.510777 2.0882156305 3.0 46.0
-8.212123 37.462955 2.5485842305 3.0 46.0
-8.212123 37.462955 2.5485842306 0.0 47.0
-8.917002 37.896053 2.955546306 0.0 47.0
-8.917002 37.896053 2.955546307 0.0 48.0
-9.730926 38.32915 2.955546307 0.0 48.0
-8.212123 37.462955 2.5485842308 2.0 47.0
-9.13286 37.415134 2.5485842308 2.0 47.0
-9.13286 37.415134 2.5485842309 1.0 48.0
-10.053597 37.367313 2.5485842309 1.0 48.0
-10.053597 37.367313 2.5485842310 0.0 49.0
-10.758476 37.80041 2.955546310 0.0 49.0
-10.758476 37.80041 2.955546311 0.0 50.0
-11.5724 38.23351 2.955546311 0.0 50.0
-10.053597 37.367313 2.5485842312 0.0 49.0
-10.818274 36.852226 2.5485842312 0.0 49.0
-10.818274 36.852226 2.5485842313 0.0 50.0
-11.58295 36.33714 2.5485842313 0.0 50.0
-6.617359 37.558598 1.627847314 8.0 45.0
-7.4312825 37.991695 1.627847314 8.0 45.0
-7.4312825 37.991695 1.627847315 7.0 46.0
-8.245206 38.424793 1.627847315 7.0 46.0
-8.245206 38.424793 1.627847316 6.0 47.0
-9.05913 38.85789 1.627847316 6.0 47.0
-9.05913 38.85789 1.627847317 5.0 48.0
-9.873054 39.29099 1.627847317 5.0 48.0
-9.873054 39.29099 1.627847318 4.0 49.0
-10.284183 40.081352 1.8652123318 4.0 49.0
-10.284183 40.081352 1.8652123319 3.0 50.0
-10.695312 40.871716 2.1025777319 3.0 50.0
-10.695312 40.871716 2.1025777320 0.0 51.0
-10.695312 41.793694 2.1025777320 0.0 51.0
-10.695312 41.793694 2.1025777321 0.0 52.0
-10.695312 42.71567 2.1025777321 0.0 52.0
-10.695312 40.871716 2.1025777322 2.0 51.0
-11.170042 41.66208 2.1025777322 2.0 51.0
-11.170042 41.66208 2.1025777323 1.0 52.0
-11.644773 42.452442 2.1025777323 1.0 52.0
-11.644773 42.452442 2.1025777324 0.0 53.0
-11.644773 43.37442 2.1025777324 0.0 53.0
-11.644773 43.37442 2.1025777325 0.0 54.0
-11.644773 44.2964 2.1025777325 0.0 54.0
-11.644773 42.452442 2.1025777326 0.0 53.0
-12.458696 42.88554 2.1025777326 0.0 53.0
-12.458696 42.88554 2.1025777327 0.0 54.0
-13.27262 43.318638 2.1025777327 0.0 54.0
-9.873054 39.29099 1.627847328 4.0 49.0
-10.793791 39.243168 1.627847328 4.0 49.0
-10.793791 39.243168 1.627847329 3.0 50.0
-11.714528 39.195347 1.627847329 3.0 50.0
-11.714528 39.195347 1.627847330 0.0 51.0
-12.419407 39.628445 2.0348086330 0.0 51.0
-12.419407 39.628445 2.0348086331 0.0 52.0
-13.233331 40.061543 2.0348086331 0.0 52.0
-11.714528 39.195347 1.627847332 2.0 51.0
-12.635265 39.147526 1.627847332 2.0 51.0
-12.635265 39.147526 1.627847333 1.0 52.0
-13.556003 39.099705 1.627847333 1.0 52.0
-13.556003 39.099705 1.627847334 0.0 53.0
-14.260881 39.532803 2.0348086334 0.0 53.0
-14.260881 39.532803 2.0348086335 0.0 54.0
-15.074805 39.9659 2.0348086335 0.0 54.0
-13.556003 39.099705 1.627847336 0.0 53.0
-14.320679 38.584618 1.627847336 0.0 53.0
-14.320679 38.584618 1.627847337 0.0 54.0
-15.085355 38.06953 1.627847337 0.0 54.0
-3.7978456 35.826206 0.0338 20.0 41.0
-4.2725763 36.61657 0.0338 20.0 41.0
-4.2725763 36.61657 0.0339 19.0 42.0
-4.747307 37.406933 0.0339 19.0 42.0
-4.747307 37.406933 0.0340 18.0 43.0
-5.2220373 38.197296 0.0340 18.0 43.0
-5.2220373 38.197296 0.0341 17.0 44.0
-5.696768 38.98766 0.0341 17.0 44.0
-5.696768 38.98766 0.0342 16.0 45.0
-6.1714983 39.778023 0.0342 16.0 45.0
-6.1714983 39.778023 0.0343 15.0 46.0
-6.646229 40.568386 0.0343 15.0 46.0
-6.646229 40.568386 0.0344 14.0 47.0
-7.1209593 41.35875 0.0344 14.0 47.0
-7.1209593 41.35875 0.0345 13.0 48.0
-7.59569 42.149113 0.0345 13.0 48.0
-7.59569 42.149113 0.0346 12.0 49.0
-7.59569 43.07109 0.0346 12.0 49.0
-7.59569 43.07109 0.0347 11.0 50.0
-7.59569 43.99307 0.0347 11.0 50.0
-7.59569 43.99307 0.0348 10.0 51.0
-7.59569 44.915047 0.0348 10.0 51.0
-7.59569 44.915047 0.0349 9.0 52.0
-7.59569 45.837025 0.0349 9.0 52.0
-7.59569 45.837025 0.0350 4.0 53.0
-8.006819 46.627388 0.23736534350 4.0 53.0
-8.006819 46.627388 0.23736534351 3.0 54.0
-8.417948 47.41775 0.47473067351 3.0 54.0
-8.417948 47.41775 0.47473067352 0.0 55.0
-8.417948 48.33973 0.47473067352 0.0 55.0
-8.417948 48.33973 0.47473067353 0.0 56.0
-8.417948 49.261707 0.47473067353 0.0 56.0
-8.417948 47.41775 0.47473067354 2.0 55.0
-8.892678 48.208115 0.47473067354 2.0 55.0
-8.892678 48.208115 0.47473067355 1.0 56.0
-9.367409 48.998478 0.47473067355 1.0 56.0
-9.367409 48.998478 0.47473067356 0.0 57.0
-9.367409 49.920456 0.47473067356 0.0 57.0
-9.367409 49.920456 0.47473067357 0.0 58.0
-9.367409 50.842434 0.47473067357 0.0 58.0
-9.367409 48.998478 0.47473067358 0.0 57.0
-10.181333 49.431576 0.47473067358 0.0 57.0
-10.181333 49.431576 0.47473067359 0.0 58.0
-10.995256 49.864674 0.47473067359 0.0 58.0
-7.59569 45.837025 0.0360 8.0 53.0
-7.59569 46.759003 0.0360 8.0 53.0
-7.59569 46.759003 0.0361 7.0 54.0
-7.59569 47.68098 0.0361 7.0 54.0
-7.59569 47.68098 0.0362 6.0 55.0
-7.59569 48.60296 0.0362 6.0 55.0
-7.59569 48.60296 0.0363 5.0 56.0
-7.59569 49.524937 0.0363 5.0 56.0
-7.59569 49.524937 0.0364 4.0 57.0
-7.184561 50.3153 -0.23736534364 4.0 57.0
-7.184561 50.3153 -0.23736534365 3.0 58.0
-6.773432 51.105663 -0.47473067365 3.0 58.0
-6.773432 51.105663 -0.47473067366 0.0 59.0
-6.0685534 51.53876 -0.8816924366 0.0 59.0
-6.0685534 51.53876 -0.8816924367 0.0 60.0
-5.25463 51.97186 -0.8816924367 0.0 60.0
-6.773432 51.105663 -0.47473067368 2.0 59.0
-6.2987013 51.896027 -0.47473067368 2.0 59.0
-6.2987013 51.896027 -0.47473067369 1.0 60.0
-5.823971 52.68639 -0.47473067369 1.0 60.0
-5.823971 52.68639 -0.47473067370 0.0 61.0
-5.1190925 53.119488 -0.8816924370 0.0 61.0
-5.1190925 53.119488 -0.8816924371 0.0 62.0
-4.305169 53.552586 -0.8816924371 0.0 62.0
-5.823971 52.68639 -0.47473067372 0.0 61.0
-5.823971 53.608368 -0.47473067372 0.0 61.0
-5.823971 53.608368 -0.47473067373 0.0 62.0
-5.823971 54.530346 -0.47473067373 0.0 62.0
-7.59569 49.524937 0.0374 4.0 57.0
-8.07042 50.3153 0.0374 4.0 57.0
-8.07042 50.3153 0.0375 3.0 58.0
-8.545151 51.105663 0.0375 3.0 58.0
-8.545151 51.105663 0.0376 0.0 59.0
-8.545151 52.02764 0.0376 0.0 59.0
-8.545151 52.02764 0.0377 0.0 60.0
-8.545151 52.94962 0.0377 0.0 60.0
-8.545151 51.105663 0.0378 2.0 59.0
-9.019881 51.896027 0.0378 2.0 59.0
-9.019881 51.896027 0.0379 1.0 60.0
-9.494612 52.68639 0.0379 1.0 60.0
-9.494612 52.68639 0.0380 0.0 61.0
-9.494612 53.608368 0.0380 0.0 61.0
-9.494612 53.608368 0.0381 0.0 62.0
-9.494612 54.530346 0.0381 0.0 62.0
-9.494612 52.68639 0.0382 0.0 61.0
-10.308536 53.119488 0.0382 0.0 61.0
-10.308536 53.119488 0.0383 0.0 62.0
-11.122459 53.552586 0.0383 0.0 62.0
-7.59569 42.149113 0.0384 12.0 49.0
-8.409614 42.58221 0.0384 12.0 49.0
-8.409614 42.58221 0.0385 11.0 50.0
-9.223537 43.01531 0.0385 11.0 50.0
-9.223537 43.01531 0.0386 10.0 51.0
-10.037461 43.448406 0.0386 10.0 51.0
-10.037461 43.448406 0.0387 9.0 52.0
-10.851385 43.881504 0.0387 9.0 52.0
-10.851385 43.881504 0.0388 4.0 53.0
-11.648767 43.833683 0.4603687388 4.0 53.0
-11.648767 43.833683 0.4603687389 3.0 54.0
-12.44615 43.785862 0.9207374389 3.0 54.0
-12.44615 43.785862 0.9207374390 0.0 55.0
-13.151029 44.21896 1.3276992390 0.0 55.0
-13.151029 44.21896 1.3276992391 0.0 56.0
-13.964952 44.652058 1.3276992391 0.0 56.0
-12.44615 43.785862 0.9207374392 2.0 55.0
-13.366887 43.73804 0.9207374392 2.0 55.0
-13.366887 43.73804 0.9207374393 1.0 56.0
-14.287624 43.69022 0.9207374393 1.0 56.0
-14.287624 43.69022 0.9207374394 0.0 57.0
-14.992503 44.123318 1.3276992394 0.0 57.0
-14.992503 44.123318 1.3276992395 0.0 58.0
-15.806427 44.556416 1.3276992395 0.0 58.0
-14.287624 43.69022 0.9207374396 0.0 57.0
-15.0523 43.175133 0.9207374396 0.0 57.0
-15.0523 43.175133 0.9207374397 0.0 58.0
-15.816977 42.660046 0.9207374397 0.0 58.0
-10.851385 43.881504 0.0398 8.0 53.0
-11.665309 44.3146 0.0398 8.0 53.0
-11.665309 44.3146 0.0399 7.0 54.0
-12.479233 44.7477 0.0399 7.0 54.0
-12.479233 44.7477 0.0400 6.0 55.0
-13.293157 45.180798 0.0400 6.0 55.0
-13.293157 45.180798 0.0401 5.0 56.0
-14.10708 45.613895 0.0401 5.0 56.0
-14.10708 45.613895 0.0402 4.0 57.0
-14.518209 46.40426 0.23736534402 4.0 57.0
-14.518209 46.40426 0.23736534403 3.0 58.0
-14.929338 47.194622 0.47473067403 3.0 58.0
-14.929338 47.194622 0.47473067404 0.0 59.0
-14.929338 48.1166 0.47473067404 0.0 59.0
-14.929338 48.1166 0.47473067405 0.0 60.0
-14.929338 49.038578 0.47473067405 0.0 60.0
-14.929338 47.194622 0.47473067406 2.0 59.0
-15.404069 47.984985 0.47473067406 2.0 59.0
-15.404069 47.984985 0.47473067407 1.0 60.0
-15.878799 48.77535 0.47473067407 1.0 60.0
-15.878799 48.77535 0.47473067408 0.0 61.0
-15.878799 49.697327 0.47473067408 0.0 61.0
-15.878799 49.697327 0.47473067409 0.0 62.0
-15.878799 50.619305 0.47473067409 0.0 62.0
-15.878799 48.77535 0.47473067410 0.0 61.0
-16.692722 49.208447 0.47473067410 0.0 61.0
-16.692722 49.208447 0.47473067411 0.0 62.0
-17.506645 49.641544 0.47473067411 0.0 62.0
-14.10708 45.613895 0.0412 4.0 57.0
-15.027818 45.566074 0.0412 4.0 57.0
-15.027818 45.566074 0.0413 3.0 58.0
-15.948555 45.518253 0.0413 3.0 58.0
-15.948555 45.518253 0.0414 0.0 59.0
-16.653433 45.95135 0.40696177414 0.0 59.0
-16.653433 45.95135 0.40696177415 0.0 60.0
-17.467356 46.38445 0.40696177415 0.0 60.0
-15.948555 45.518253 0.0416 2.0 59.0
-16.869293 45.470432 0.0416 2.0 59.0
-16.869293 45.470432 0.0417 1.0 60.0
-17.790031 45.42261 0.0417 1.0 60.0
-17.790031 45.42261 0.0418 0.0 61.0
-18.49491 45.85571 0.40696177418 0.0 61.0
-18.49491 45.85571 0.40696177419 0.0 62.0
-19.308832 46.288807 0.40696177419 0.0 62.0
-17.790031 45.42261 0.0420 0.0 61.0
-18.554708 44.907524 0.0420 0.0 61.0
-18.554708 44.907524 0.0421 0.0 62.0
-19.319386 44.392437 0.0421 0.0 62.0
