0.0 0.0 0.00 27.0 1.0
0.0 3.3333046 0.00 27.0 1.0
0.0 3.3333046 0.01 26.0 2.0
0.0 6.6666093 0.01 26.0 2.0
0.0 6.6666093 0.02 1.0 3.0
0.0 9.999914 0.02 1.0 3.0
0.0 9.999914 0.03 0.0 4.0
-1.6251292 12.754824 0.93826883 0.0 4.0
-1.6251292 12.754824 0.93826884 0.0 5.0
-4.3114023 13.975274 2.48918964 0.0 5.0
0.0 6.6666093 0.05 1.0 3.0
-2.8151734 5.929056 1.6253415 1.0 3.0
-2.8151734 5.929056 1.6253416 0.0 4.0
-5.5014467 7.149507 3.1762626 0.0 4.0
-5.5014467 7.149507 3.1762627 0.0 5.0
-7.126576 9.904417 4.11453067 0.0 5.0
0.0 6.6666093 0.08 25.0 3.0
-3.1018414 7.88706 0.08 25.0 3.0
-3.1018414 7.88706 0.09 24.0 4.0
-6.203683 9.107511 0.09 24.0 4.0
-6.203683 9.107511 0.010 1.0 5.0
-8.889956 10.327961 1.550920710 1.0 5.0
-8.889956 10.327961 1.550920711 0.0 6.0
-11.70513 9.590407 3.17626211 0.0 6.0
-11.70513 9.590407 3.17626212 0.0 7.0
-13.672225 7.1508102 4.31196512 0.0 7.0
-6.203683 9.107511 0.013 1.0 5.0
-6.64004 5.8125076 0.2519307713 1.0 5.0
-6.64004 5.8125076 0.2519307714 0.0 6.0
-8.607136 3.3729107 1.38763414 0.0 6.0
-8.607136 3.3729107 1.38763415 0.0 7.0
-11.422309 2.6353574 3.012975215 0.0 7.0
-6.203683 9.107511 0.016 7.0 5.0
-8.170778 6.6679134 1.135703216 7.0 5.0
-8.170778 6.6679134 1.135703217 6.0 6.0
-10.137874 4.2283163 2.271406417 6.0 6.0
-10.137874 4.2283163 2.271406418 1.0 7.0
-12.104969 1.7887194 3.407109718 1.0 7.0
-12.104969 1.7887194 3.407109719 0.0 8.0
-12.541326 -1.5062835 3.659040519 0.0 8.0
-12.541326 -1.5062835 3.659040520 0.0 9.0
-11.29551 -4.513194 2.939768820 0.0 9.0
-10.137874 4.2283163 2.271406421 1.0 7.0
-7.642234 2.5530164 0.8305481721 1.0 7.0
-7.642234 2.5530164 0.8305481722 0.0 8.0
-6.396418 -0.4538939 0.1112761522 0.0 8.0
-6.396418 -0.4538939 0.1112761523 0.0 9.0
-6.832774 -3.7488968 0.3632065423 0.0 9.0
-10.137874 4.2283163 2.271406424 5.0 7.0
-7.256157 2.5530164 2.271406424 5.0 7.0
-7.256157 2.5530164 2.271406425 4.0 8.0
-4.37444 0.87771654 2.271406425 4.0 8.0
-4.37444 0.87771654 2.271406426 1.0 9.0
-1.8788004 -0.79758334 0.8305481726 1.0 9.0
-1.8788004 -0.79758334 0.8305481727 0.0 10.0
1.0005767 -0.55987734 -0.831860927 0.0 10.0
1.0005767 -0.55987734 -0.831860928 0.0 11.0
3.2644327 1.5083411 -2.138898828 0.0 11.0
-4.37444 0.87771654 2.271406429 1.0 9.0
-3.511753 4.0586934 1.773333829 1.0 9.0
-3.511753 4.0586934 1.773333830 0.0 10.0
-1.2478971 6.126912 0.4662959630 0.0 10.0
-1.2478971 6.126912 0.4662959631 0.0 11.0
1.63148 6.3646183 -1.196113131 0.0 11.0
-4.37444 0.87771654 2.271406432 3.0 9.0
-3.378295 4.0586934 2.271406432 3.0 9.0
-3.378295 4.0586934 2.271406433 2.0 10.0
-2.3821497 7.2396703 2.271406433 2.0 10.0
-2.3821497 7.2396703 2.271406434 1.0 11.0
-1.5194626 10.420647 1.773333834 1.0 11.0
-1.5194626 10.420647 1.773333835 0.0 12.0
-2.3573313 13.610456 2.257077535 0.0 12.0
-2.3573313 13.610456 2.257077536 0.0 13.0
-4.6049814 15.702108 3.55475936 0.0 13.0
-2.3821497 7.2396703 2.271406437 1.0 11.0
-5.2595577 7.5072784 3.93267937 1.0 11.0
-5.2595577 7.5072784 3.93267938 0.0 12.0
-7.507208 9.59893 5.230360538 0.0 12.0
-7.507208 9.59893 5.230360539 0.0 13.0
-8.345077 12.78874 5.71410439 0.0 13.0
-6.203683 9.107511 0.040 7.0 5.0
-3.708043 7.432211 -1.440858240 7.0 5.0
-3.708043 7.432211 -1.440858241 6.0 6.0
-1.2124033 5.7569113 -2.881716541 6.0 6.0
-1.2124033 5.7569113 -2.881716542 1.0 7.0
1.2832365 4.0816116 -4.322574642 1.0 7.0
1.2832365 4.0816116 -4.322574643 0.0 8.0
4.162614 4.319318 -5.984983443 0.0 8.0
4.162614 4.319318 -5.984983444 0.0 9.0
6.42647 6.387536 -7.292021344 0.0 9.0
-1.2124033 5.7569113 -2.881716545 1.0 7.0
-0.34971625 8.937888 -3.37978945 1.0 7.0
-0.34971625 8.937888 -3.37978946 0.0 8.0
1.9141397 11.006106 -4.686826746 0.0 8.0
1.9141397 11.006106 -4.686826747 0.0 9.0
4.793517 11.243813 -6.349235547 0.0 9.0
-1.2124033 5.7569113 -2.881716548 5.0 7.0
2.1124148 5.9946175 -2.881716548 5.0 7.0
2.1124148 5.9946175 -2.881716549 4.0 8.0
5.437233 6.2323236 -2.881716549 4.0 8.0
5.437233 6.2323236 -2.881716550 1.0 9.0
8.31661 6.47003 -4.544125650 1.0 9.0
8.31661 6.47003 -4.544125651 0.0 10.0
10.580466 8.538248 -5.851163451 0.0 10.0
10.580466 8.538248 -5.851163452 0.0 11.0
11.443153 11.719225 -6.34923652 0.0 11.0
5.437233 6.2323236 -2.881716553 1.0 9.0
4.5993643 9.422133 -2.397972853 1.0 9.0
4.5993643 9.422133 -2.397972854 0.0 10.0
5.4620514 12.60311 -2.896045454 0.0 10.0
5.4620514 12.60311 -2.896045455 0.0 11.0
7.7259073 14.671329 -4.20308355 0.0 11.0
5.437233 6.2323236 -2.881716556 3.0 9.0
8.051309 8.300542 -2.881716556 3.0 9.0
8.051309 8.300542 -2.881716557 2.0 10.0
10.665384 10.36876 -2.881716557 2.0 10.0
10.665384 10.36876 -2.881716558 1.0 11.0
12.92924 12.436978 -4.18875458 1.0 11.0
12.92924 12.436978 -4.18875459 0.0 12.0
13.791927 15.617955 -4.686826759 0.0 12.0
13.791927 15.617955 -4.686826760 0.0 13.0
12.954059 18.807766 -4.20308360 0.0 13.0
10.665384 10.36876 -2.881716561 1.0 11.0
8.417734 12.460412 -1.584034961 1.0 11.0
8.417734 12.460412 -1.584034962 0.0 12.0
7.5798655 15.650222 -1.100291362 0.0 12.0
7.5798655 15.650222 -1.100291363 0.0 13.0
8.442553 18.8312 -1.598363963 0.0 13.0
-6.203683 9.107511 0.064 23.0 5.0
-4.7651396 6.1006 0.064 23.0 5.0
-4.7651396 6.1006 0.065 22.0 6.0
-3.3265963 3.093689 0.065 22.0 6.0
-3.3265963 3.093689 0.066 1.0 7.0
-2.0807805 0.08677864 -0.71927266 1.0 7.0
-2.0807805 0.08677864 -0.71927267 0.0 8.0
0.4148593 -1.5885212 -2.160130367 0.0 8.0
0.4148593 -1.5885212 -2.160130368 0.0 9.0
3.2942364 -1.3508153 -3.822539368 0.0 9.0
-3.3265963 3.093689 0.069 1.0 7.0
-1.0627403 5.161907 -1.307037869 1.0 7.0
-1.0627403 5.161907 -1.307037870 0.0 8.0
1.8166368 5.3996134 -2.96944770 0.0 8.0
1.8166368 5.3996134 -2.96944771 0.0 9.0
4.312277 3.7243135 -4.41030571 0.0 9.0
-3.3265963 3.093689 0.072 21.0 7.0
-0.0017781258 3.331395 0.072 21.0 7.0
-0.0017781258 3.331395 0.073 20.0 8.0
3.32304 3.5691009 0.073 20.0 8.0
3.32304 3.5691009 0.074 1.0 9.0
6.2024174 3.8068068 -1.662409174 1.0 9.0
6.2024174 3.8068068 -1.662409175 0.0 10.0
8.466273 5.8750253 -2.96944775 0.0 10.0
8.466273 5.8750253 -2.96944776 0.0 11.0
9.32896 9.056002 -3.467519576 0.0 11.0
3.32304 3.5691009 0.077 1.0 9.0
2.4851713 6.758911 0.4837436777 1.0 9.0
2.4851713 6.758911 0.4837436778 0.0 10.0
3.3478584 9.939888 -0.01432895778 0.0 10.0
3.3478584 9.939888 -0.01432895779 0.0 11.0
5.6117144 12.008106 -1.321366879 0.0 11.0
3.32304 3.5691009 0.080 7.0 9.0
4.185727 6.7500777 -0.4980726280 7.0 9.0
4.185727 6.7500777 -0.4980726281 6.0 10.0
5.048414 9.931055 -0.9961452581 6.0 10.0
5.048414 9.931055 -0.9961452582 1.0 11.0
5.9111013 13.112032 -1.494217982 1.0 11.0
5.9111013 13.112032 -1.494217983 0.0 12.0
5.0732327 16.301842 -1.010474283 0.0 12.0
5.0732327 16.301842 -1.010474284 0.0 13.0
2.8255823 18.393494 0.2872073784 0.0 13.0
5.048414 9.931055 -0.9961452585 1.0 11.0
2.171006 10.198663 0.665127385 1.0 11.0
2.171006 10.198663 0.665127386 0.0 12.0
-0.07664442 12.290315 1.962808886 0.0 12.0
-0.07664442 12.290315 1.962808887 0.0 13.0
-0.914513 15.480124 2.446552587 0.0 13.0
5.048414 9.931055 -0.9961452588 5.0 11.0
1.7258692 10.198663 -0.9961452588 5.0 11.0
1.7258692 10.198663 -0.9961452589 4.0 12.0
-1.5966759 10.46627 -0.9961452589 4.0 12.0
-1.5966759 10.46627 -0.9961452590 1.0 13.0
-4.474084 10.733878 0.665127390 1.0 13.0
-4.474084 10.733878 0.665127391 0.0 14.0
-6.982675 9.084572 2.113463291 0.0 14.0
-6.982675 9.084572 2.113463292 0.0 15.0
-8.251868 6.090725 2.846232292 0.0 15.0
-1.5966759 10.46627 -0.9961452593 1.0 13.0
-1.1860107 7.1668677 -1.233242993 1.0 13.0
-1.1860107 7.1668677 -1.233242994 0.0 14.0
-2.455204 4.1730213 -0.500473894 0.0 14.0
-2.455204 4.1730213 -0.500473895 0.0 15.0
-4.963795 2.5237145 0.947862195 0.0 15.0
-1.5966759 10.46627 -0.9961452596 3.0 13.0
-1.1224805 7.1668677 -0.9961452596 3.0 13.0
-1.1224805 7.1668677 -0.9961452597 2.0 14.0
-0.64828515 3.867465 -0.9961452597 2.0 14.0
-0.64828515 3.867465 -0.9961452598 1.0 15.0
-0.23761997 0.5680623 -1.233242998 1.0 15.0
-0.23761997 0.5680623 -1.233242999 0.0 16.0
1.7103865 -1.8918726 -2.35792599 0.0 16.0
1.7103865 -1.8918726 -2.357925100 0.0 17.0
4.5196986 -2.6586447 -3.9798822100 0.0 17.0
-0.64828515 3.867465 -0.99614525101 1.0 15.0
2.0473895 5.059956 -2.5524938101 1.0 15.0
2.0473895 5.059956 -2.5524938102 0.0 16.0
4.856702 4.293184 -4.174451102 0.0 16.0
4.856702 4.293184 -4.174451103 0.0 17.0
6.8047085 1.8332489 -5.299133103 0.0 17.0
3.32304 3.5691009 0.0104 7.0 9.0
0.44563174 3.836709 1.6612725104 7.0 9.0
0.44563174 3.836709 1.6612725105 6.0 10.0
-2.4317765 4.104317 3.322545105 6.0 10.0
-2.4317765 4.104317 3.322545106 1.0 11.0
-5.309185 4.3719254 4.9838176106 1.0 11.0
-5.309185 4.3719254 4.9838176107 0.0 12.0
-7.817776 2.7226186 6.4321537107 0.0 12.0
-7.817776 2.7226186 6.4321537108 0.0 13.0
-9.086969 -0.27122808 7.1649227108 0.0 13.0
-2.4317765 4.104317 3.322545109 1.0 11.0
-2.0211112 0.8049145 3.0854473109 1.0 11.0
-2.0211112 0.8049145 3.0854473110 0.0 12.0
-3.2903044 -2.1889322 3.8182163110 0.0 12.0
-3.2903044 -2.1889322 3.8182163111 0.0 13.0
-5.798896 -3.838239 5.266552111 0.0 13.0
-2.4317765 4.104317 3.322545112 5.0 11.0
-5.3284483 2.4550104 3.322545112 5.0 11.0
-5.3284483 2.4550104 3.322545113 4.0 12.0
-8.225121 0.80570364 3.322545113 4.0 12.0
-8.225121 0.80570364 3.322545114 1.0 13.0
-10.733711 -0.84360313 4.7708807114 1.0 13.0
-10.733711 -0.84360313 4.7708807115 0.0 14.0
-12.002905 -3.8374498 5.5036497115 0.0 14.0
-12.002905 -3.8374498 5.5036497116 0.0 15.0
-11.592239 -7.1368523 5.266552116 0.0 15.0
-8.225121 0.80570364 3.322545117 1.0 13.0
-6.277114 -1.6542313 2.197863117 1.0 13.0
-6.277114 -1.6542313 2.197863118 0.0 14.0
-5.866449 -4.9536343 1.9607655118 0.0 14.0
-5.866449 -4.9536343 1.9607655119 0.0 15.0
-7.135642 -7.947481 2.6935346119 0.0 15.0
-8.225121 0.80570364 3.322545120 3.0 13.0
-9.690659 -2.188143 3.322545120 3.0 13.0
-9.690659 -2.188143 3.322545121 2.0 14.0
-11.156197 -5.1819897 3.322545121 2.0 14.0
-11.156197 -5.1819897 3.322545122 1.0 15.0
-12.42539 -8.175837 4.055314122 1.0 15.0
-12.42539 -8.175837 4.055314123 0.0 16.0
-12.014725 -11.475239 3.8182163123 0.0 16.0
-12.014725 -11.475239 3.8182163124 0.0 17.0
-10.066718 -13.935174 2.6935344124 0.0 17.0
-11.156197 -5.1819897 3.322545125 1.0 15.0
-8.346885 -5.948762 1.7005879125 1.0 15.0
-8.346885 -5.948762 1.7005879126 0.0 16.0
-6.398878 -8.408697 0.5759058126 0.0 16.0
-6.398878 -8.408697 0.5759058127 0.0 17.0
-5.988213 -11.708099 0.33880812127 0.0 17.0
3.32304 3.5691009 0.0128 19.0 9.0
1.0753896 5.6607533 1.2976816128 19.0 9.0
1.0753896 5.6607533 1.2976816129 18.0 10.0
-1.1722608 7.752405 2.5953631129 18.0 10.0
-1.1722608 7.752405 2.5953631130 1.0 11.0
-3.4199111 9.844057 3.8930447130 1.0 11.0
-3.4199111 9.844057 3.8930447131 0.0 12.0
-6.2973194 10.111665 5.5543175131 0.0 12.0
-6.2973194 10.111665 5.5543175132 0.0 13.0
-8.80591 8.462358 7.002653132 0.0 13.0
-1.1722608 7.752405 2.5953631133 1.0 11.0
-2.441454 4.7585583 3.3281322133 1.0 11.0
-2.441454 4.7585583 3.3281322134 0.0 12.0
-4.950045 3.1092515 4.7764683134 0.0 12.0
-4.950045 3.1092515 4.7764683135 0.0 13.0
-7.8274536 3.3768597 6.437741135 0.0 13.0
-1.1722608 7.752405 2.5953631136 17.0 11.0
-4.0689325 6.1030984 2.5953631136 17.0 11.0
-4.0689325 6.1030984 2.5953631137 16.0 12.0
-6.9656043 4.4537916 2.5953631137 16.0 12.0
-6.9656043 4.4537916 2.5953631138 1.0 13.0
-9.4741955 2.8044848 4.0436993138 1.0 13.0
-9.4741955 2.8044848 4.0436993139 0.0 14.0
-10.743389 -0.18936181 4.7764683139 0.0 14.0
-10.743389 -0.18936181 4.7764683140 0.0 15.0
-10.332724 -3.4887645 4.5393705140 0.0 15.0
-6.9656043 4.4537916 2.5953631141 1.0 13.0
-5.0175977 1.9938567 1.4706811141 1.0 13.0
-5.0175977 1.9938567 1.4706811142 0.0 14.0
-4.6069326 -1.305546 1.2335835142 0.0 14.0
-4.6069326 -1.305546 1.2335835143 0.0 15.0
-5.876126 -4.2993927 1.9663525143 0.0 15.0
-6.9656043 4.4537916 2.5953631144 7.0 13.0
-6.5549393 1.1543889 2.3582654144 7.0 13.0
-6.5549393 1.1543889 2.3582654145 6.0 14.0
-6.144274 -2.1450138 2.1211677145 6.0 14.0
-6.144274 -2.1450138 2.1211677146 1.0 15.0
-5.733609 -5.4444165 1.88407146 1.0 15.0
-5.733609 -5.4444165 1.88407147 0.0 16.0
-3.7856026 -7.904351 0.75938797147 0.0 16.0
-3.7856026 -7.904351 0.75938797148 0.0 17.0
-0.97629046 -8.6711235 -0.8625692148 0.0 17.0
-6.144274 -2.1450138 2.1211677149 1.0 15.0
-3.4485996 -0.95252264 0.5648191149 1.0 15.0
-3.4485996 -0.95252264 0.5648191150 0.0 16.0
-0.6392875 -1.7192948 -1.0571381150 0.0 16.0
-0.6392875 -1.7192948 -1.0571381151 0.0 17.0
1.308719 -4.1792297 -2.1818202151 0.0 17.0
-6.144274 -2.1450138 2.1211677152 5.0 15.0
-3.031577 -0.95252264 2.1211677152 5.0 15.0
-3.031577 -0.95252264 2.1211677153 4.0 16.0
0.081120014 0.23996854 2.1211677153 4.0 16.0
0.081120014 0.23996854 2.1211677154 1.0 17.0
2.7767947 1.4324597 0.5648191154 1.0 17.0
2.7767947 1.4324597 0.5648191155 0.0 18.0
4.423326 4.1703725 -0.3858062155 0.0 18.0
4.423326 4.1703725 -0.3858062156 0.0 19.0
4.4493017 7.503542 -0.40080342156 0.0 19.0
0.081120014 0.23996854 2.1211677157 1.0 17.0
-1.5224742 3.011653 3.0470033157 1.0 17.0
-1.5224742 3.011653 3.0470033158 0.0 18.0
-1.4964982 6.344823 3.032006158 0.0 18.0
-1.4964982 6.344823 3.032006159 0.0 19.0
0.150033 9.082735 2.0813808159 0.0 19.0
0.081120014 0.23996854 2.1211677160 3.0 17.0
-1.7705511 3.011653 2.1211677160 3.0 17.0
-1.7705511 3.011653 2.1211677161 2.0 18.0
-3.6222222 5.7833376 2.1211677161 2.0 18.0
-3.6222222 5.7833376 2.1211677162 1.0 19.0
-5.2258162 8.555022 3.0470033162 1.0 19.0
-5.2258162 8.555022 3.0470033163 0.0 20.0
-7.9024696 9.803337 4.59237163 0.0 20.0
-7.9024696 9.803337 4.59237164 0.0 21.0
-10.723277 9.095067 6.220964164 0.0 21.0
-3.6222222 5.7833376 2.1211677165 1.0 19.0
-5.6082516 3.3642807 3.2678022165 1.0 19.0
-5.6082516 3.3642807 3.2678022166 0.0 20.0
-8.429059 2.6560104 4.896396166 0.0 20.0
-8.429059 2.6560104 4.896396167 0.0 21.0
-11.105713 3.904325 6.441763167 0.0 21.0
-6.9656043 4.4537916 2.5953631168 7.0 13.0
-4.26993 5.6462827 1.0390146168 7.0 13.0
-4.26993 5.6462827 1.0390146169 6.0 14.0
-1.5742552 6.8387737 -0.517334169 6.0 14.0
-1.5742552 6.8387737 -0.517334170 1.0 15.0
1.1214194 8.031265 -2.0736825170 1.0 15.0
1.1214194 8.031265 -2.0736825171 0.0 16.0
2.7679505 10.769178 -3.0243077171 0.0 16.0
2.7679505 10.769178 -3.0243077172 0.0 17.0
2.7939265 14.102348 -3.039305172 0.0 17.0
-1.5742552 6.8387737 -0.517334173 1.0 15.0
-3.1778493 9.610458 0.40850157173 1.0 15.0
-3.1778493 9.610458 0.40850157174 0.0 16.0
-3.1518734 12.943628 0.39350435174 0.0 16.0
-3.1518734 12.943628 0.39350435175 0.0 17.0
-1.5053421 15.681541 -0.5571209175 0.0 17.0
-1.5742552 6.8387737 -0.517334176 5.0 15.0
0.32699537 9.576687 -0.517334176 5.0 15.0
0.32699537 9.576687 -0.517334177 4.0 16.0
2.228246 12.3146 -0.517334177 4.0 16.0
2.228246 12.3146 -0.517334178 1.0 17.0
3.8747773 15.052513 -1.4679593178 1.0 17.0
3.8747773 15.052513 -1.4679593179 0.0 18.0
3.9007533 18.385683 -1.4829565179 0.0 18.0
3.9007533 18.385683 -1.4829565180 0.0 19.0
2.2971592 21.157368 -0.557121180 0.0 19.0
2.228246 12.3146 -0.517334181 1.0 17.0
-0.4484074 13.562915 1.0280325181 1.0 17.0
-0.4484074 13.562915 1.0280325182 0.0 18.0
-2.0520015 16.334599 1.9538682182 0.0 18.0
-2.0520015 16.334599 1.9538682183 0.0 19.0
-2.0260255 19.667768 1.9388709183 0.0 19.0
2.228246 12.3146 -0.517334184 3.0 17.0
2.2582405 15.64777 -0.517334184 3.0 17.0
2.2582405 15.64777 -0.517334185 2.0 18.0
2.288235 18.98094 -0.517334185 2.0 18.0
2.288235 18.98094 -0.517334186 1.0 19.0
2.314211 22.31411 -0.53233117186 1.0 19.0
2.314211 22.31411 -0.53233117187 0.0 20.0
0.7106167 25.085794 0.39350438187 0.0 20.0
0.7106167 25.085794 0.39350438188 0.0 21.0
-1.9660367 26.334108 1.9388709188 0.0 21.0
2.288235 18.98094 -0.517334189 1.0 19.0
-0.5325725 18.272669 1.11126189 1.0 19.0
-0.5325725 18.272669 1.11126190 0.0 20.0
-3.209226 19.520983 2.6566267190 0.0 20.0
-3.209226 19.520983 2.6566267191 0.0 21.0
-4.81282 22.292667 3.5824623191 0.0 21.0
-6.9656043 4.4537916 2.5953631192 15.0 13.0
-3.8529072 5.6462827 2.5953631192 15.0 13.0
-3.8529072 5.6462827 2.5953631193 14.0 14.0
-0.74021006 6.8387737 2.5953631193 14.0 14.0
-0.74021006 6.8387737 2.5953631194 1.0 15.0
1.9554646 8.031265 1.0390146194 1.0 15.0
1.9554646 8.031265 1.0390146195 0.0 16.0
3.601996 10.769178 0.08838928195 0.0 16.0
3.601996 10.769178 0.08838928196 0.0 17.0
3.627972 14.102348 0.07339207196 0.0 17.0
-0.74021006 6.8387737 2.5953631197 1.0 15.0
-2.3438044 9.610458 3.5211987197 1.0 15.0
-2.3438044 9.610458 3.5211987198 0.0 16.0
-2.3178284 12.943628 3.5062015198 0.0 16.0
-2.3178284 12.943628 3.5062015199 0.0 17.0
-0.6712972 15.681541 2.5555763199 0.0 17.0
-0.74021006 6.8387737 2.5953631200 13.0 15.0
-0.7102156 10.171944 2.5953631200 13.0 15.0
-0.7102156 10.171944 2.5953631201 12.0 16.0
-0.6802212 13.505114 2.5953631201 12.0 16.0
-0.6802212 13.505114 2.5953631202 1.0 17.0
-0.65424526 16.838284 2.580366202 1.0 17.0
-0.65424526 16.838284 2.580366203 0.0 18.0
-2.2578394 19.609968 3.5062015203 0.0 18.0
-2.2578394 19.609968 3.5062015204 0.0 19.0
-4.934493 20.858282 5.051568204 0.0 19.0
-0.6802212 13.505114 2.5953631205 1.0 17.0
-3.5010285 12.796844 4.223957205 1.0 17.0
-3.5010285 12.796844 4.223957206 0.0 18.0
-6.177682 14.045158 5.7693233206 0.0 18.0
-6.177682 14.045158 5.7693233207 0.0 19.0
-7.781276 16.816843 6.695159207 0.0 19.0
-0.6802212 13.505114 2.5953631208 7.0 17.0
-3.3568745 14.753428 4.14073208 7.0 17.0
-3.3568745 14.753428 4.14073209 6.0 18.0
-6.033528 16.001743 5.686096209 6.0 18.0
-6.033528 16.001743 5.686096210 1.0 19.0
-8.710181 17.250057 7.2314625210 1.0 19.0
-8.710181 17.250057 7.2314625211 0.0 20.0
-11.530989 16.541786 8.860057211 0.0 20.0
-11.530989 16.541786 8.860057212 0.0 21.0
-13.517018 14.122729 10.006691212 0.0 21.0
-6.033528 16.001743 5.686096213 1.0 19.0
-6.495548 12.711409 5.9528437213 1.0 19.0
-6.495548 12.711409 5.9528437214 0.0 20.0
-8.481577 10.292352 7.0994782214 0.0 20.0
-8.481577 10.292352 7.0994782215 0.0 21.0
-11.302384 9.584082 8.728072215 0.0 21.0
-6.033528 16.001743 5.686096216 5.0 19.0
-6.567023 12.711409 5.686096216 5.0 19.0
-6.567023 12.711409 5.686096217 4.0 20.0
-7.1005177 9.421074 5.686096217 4.0 20.0
-7.1005177 9.421074 5.686096218 1.0 21.0
-7.5625353 6.1307387 5.952842218 1.0 21.0
-7.5625353 6.1307387 5.952842219 0.0 22.0
-6.3402042 3.1110044 5.247129219 0.0 22.0
-6.3402042 3.1110044 5.247129220 0.0 23.0
-3.8577209 1.4098414 3.8138666220 0.0 23.0
-7.1005177 9.421074 5.686096221 1.0 21.0
-4.219405 9.628856 4.022685221 1.0 21.0
-4.219405 9.628856 4.022685222 0.0 22.0
-1.7369218 7.927693 2.5894227222 0.0 22.0
-1.7369218 7.927693 2.5894227223 0.0 23.0
-0.51459086 4.9079585 1.8837097223 0.0 23.0
-7.1005177 9.421074 5.686096224 3.0 21.0
-3.7736955 9.628856 5.686096224 3.0 21.0
-3.7736955 9.628856 5.686096225 2.0 22.0
-0.4468732 9.8366375 5.686096225 2.0 22.0
-0.4468732 9.8366375 5.686096226 1.0 23.0
2.4342394 10.044419 4.022685226 1.0 23.0
2.4342394 10.044419 4.022685227 0.0 24.0
4.7141175 12.089037 2.7063966227 0.0 24.0
4.7141175 12.089037 2.7063966228 0.0 25.0
5.6015506 15.260924 2.194037228 0.0 25.0
-0.4468732 9.8366375 5.686096229 1.0 23.0
-1.2598608 13.035021 6.1554747229 1.0 23.0
-1.2598608 13.035021 6.1554747230 0.0 24.0
-0.37242764 16.20691 5.643115230 0.0 24.0
-0.37242764 16.20691 5.643115231 0.0 25.0
1.9074504 18.251526 4.3268266231 0.0 25.0
-0.6802212 13.505114 2.5953631232 7.0 17.0
-1.1422412 10.214779 2.8621106232 7.0 17.0
-1.1422412 10.214779 2.8621106233 6.0 18.0
-1.6042614 6.924444 3.128858233 6.0 18.0
-1.6042614 6.924444 3.128858234 1.0 19.0
-2.0662787 3.634109 3.395604234 1.0 19.0
-2.0662787 3.634109 3.395604235 0.0 20.0
-0.84394777 0.61437464 2.6898909235 0.0 20.0
-0.84394777 0.61437464 2.6898909236 0.0 21.0
1.6385356 -1.0867883 1.2566284236 0.0 21.0
-1.6042614 6.924444 3.128858237 1.0 19.0
1.2768512 7.1322255 1.465447237 1.0 19.0
1.2768512 7.1322255 1.465447238 0.0 20.0
3.7593346 5.4310627 0.03218448238 0.0 20.0
3.7593346 5.4310627 0.03218448239 0.0 21.0
4.9816656 2.4113283 -0.6735286239 0.0 21.0
-1.6042614 6.924444 3.128858240 5.0 19.0
-0.19283521 3.9047098 3.128858240 5.0 19.0
-0.19283521 3.9047098 3.128858241 4.0 20.0
1.218591 0.88497543 3.128858241 4.0 20.0
1.218591 0.88497543 3.128858242 1.0 21.0
2.4409218 -2.134759 2.423145242 1.0 21.0
2.4409218 -2.134759 2.423145243 0.0 22.0
4.923405 -3.8359218 0.9898826243 0.0 22.0
4.923405 -3.8359218 0.9898826244 0.0 23.0
7.8045177 -3.6281402 -0.67352855244 0.0 23.0
1.218591 0.88497543 3.128858245 1.0 21.0
3.498469 2.9295926 1.8125697245 1.0 21.0
3.498469 2.9295926 1.8125697246 0.0 22.0
6.3795815 3.1373742 0.1491586246 0.0 22.0
6.3795815 3.1373742 0.1491586247 0.0 23.0
8.862064 1.4362112 -1.2841039247 0.0 23.0
1.218591 0.88497543 3.128858248 3.0 21.0
4.085116 -0.8161875 3.128858248 3.0 21.0
4.085116 -0.8161875 3.128858249 2.0 22.0
6.951641 -2.5173504 3.128858249 2.0 22.0
6.951641 -2.5173504 3.128858250 1.0 23.0
9.434124 -4.2185135 1.6955956250 1.0 23.0
9.434124 -4.2185135 1.6955956251 0.0 24.0
12.315237 -4.010732 0.03218448251 0.0 24.0
12.315237 -4.010732 0.03218448252 0.0 25.0
14.595116 -1.966115 -1.2841039252 0.0 25.0
6.951641 -2.5173504 3.128858253 1.0 23.0
7.839074 0.65453696 2.6164985253 1.0 23.0
7.839074 0.65453696 2.6164985254 0.0 24.0
10.118952 2.6991541 1.3002101254 0.0 24.0
10.118952 2.6991541 1.3002101255 0.0 25.0
13.000065 2.9069357 -0.36320102255 0.0 25.0
-0.6802212 13.505114 2.5953631256 11.0 17.0
-1.213716 10.214779 2.5953631256 11.0 17.0
-1.213716 10.214779 2.5953631257 10.0 18.0
-1.7472109 6.924444 2.5953631257 10.0 18.0
-1.7472109 6.924444 2.5953631258 1.0 19.0
-2.2092283 3.634109 2.862109258 1.0 19.0
-2.2092283 3.634109 2.862109259 0.0 20.0
-0.98689735 0.61437464 2.156396259 0.0 20.0
-0.98689735 0.61437464 2.156396260 0.0 21.0
1.495586 -1.0867883 0.72313344260 0.0 21.0
-1.7472109 6.924444 2.5953631261 1.0 19.0
1.1339017 7.1322255 0.931952261 1.0 19.0
1.1339017 7.1322255 0.931952262 0.0 20.0
3.616385 5.4310627 -0.50131047262 0.0 20.0
3.616385 5.4310627 -0.50131047263 0.0 21.0
4.838716 2.4113283 -1.2070236263 0.0 21.0
-1.7472109 6.924444 2.5953631264 9.0 19.0
1.1193141 5.2232814 2.5953631264 9.0 19.0
1.1193141 5.2232814 2.5953631265 8.0 20.0
3.985839 3.5221186 2.5953631265 8.0 20.0
3.985839 3.5221186 2.5953631266 1.0 21.0
6.4683223 1.8209556 1.1621007266 1.0 21.0
6.4683223 1.8209556 1.1621007267 0.0 22.0
9.349435 2.028737 -0.50131047267 0.0 22.0
9.349435 2.028737 -0.50131047268 0.0 23.0
11.6293125 4.0733542 -1.8175988268 0.0 23.0
3.985839 3.5221186 2.5953631269 1.0 21.0
4.873272 6.694006 2.0830035269 1.0 21.0
4.873272 6.694006 2.0830035270 0.0 22.0
7.15315 8.738623 0.76671517270 0.0 22.0
7.15315 8.738623 0.76671517271 0.0 23.0
10.034263 8.946404 -0.896696271 0.0 23.0
3.985839 3.5221186 2.5953631272 7.0 21.0
6.265717 5.5667357 1.2790748272 7.0 21.0
6.265717 5.5667357 1.2790748273 6.0 22.0
8.545595 7.611353 -0.037213564273 6.0 22.0
8.545595 7.611353 -0.037213564274 1.0 23.0
10.825474 9.65597 -1.3535019274 1.0 23.0
10.825474 9.65597 -1.3535019275 0.0 24.0
11.712907 12.827857 -1.8658617275 0.0 24.0
11.712907 12.827857 -1.8658617276 0.0 25.0
10.8999195 16.02624 -1.3964831276 0.0 25.0
8.545595 7.611353 -0.037213564277 1.0 23.0
6.314327 9.726262 1.2510098277 1.0 23.0
6.314327 9.726262 1.2510098278 0.0 24.0
5.5013394 12.924645 1.7203884278 0.0 24.0
5.5013394 12.924645 1.7203884279 0.0 25.0
6.3887725 16.096533 1.2080287279 0.0 25.0
8.545595 7.611353 -0.037213564280 5.0 23.0
5.9691486 9.726262 -0.037213564280 5.0 23.0
5.9691486 9.726262 -0.037213564281 4.0 24.0
3.3927019 11.841171 -0.037213564281 4.0 24.0
3.3927019 11.841171 -0.037213564282 1.0 25.0
1.1614335 13.95608 1.2510098282 1.0 25.0
1.1614335 13.95608 1.2510098283 0.0 26.0
-1.7137744 14.253556 2.911012283 0.0 26.0
-1.7137744 14.253556 2.911012284 0.0 27.0
-4.2351074 12.6303625 4.366704284 0.0 27.0
3.3927019 11.841171 -0.037213564285 1.0 25.0
2.100249 8.860622 0.70898443285 1.0 25.0
2.100249 8.860622 0.70898443286 0.0 26.0
-0.42108393 7.237428 2.1646767286 0.0 26.0
-0.42108393 7.237428 2.1646767287 0.0 27.0
-3.2962918 7.534904 3.824679287 0.0 27.0
3.3927019 11.841171 -0.037213564288 3.0 25.0
1.9003059 8.860622 -0.037213564288 3.0 25.0
1.9003059 8.860622 -0.037213564289 2.0 26.0
0.40790987 5.880073 -0.037213564289 2.0 26.0
0.40790987 5.880073 -0.037213564290 1.0 27.0
-0.88454294 2.8995237 0.70898443290 1.0 27.0
-0.88454294 2.8995237 0.70898443291 0.0 28.0
-0.49958155 -0.40400863 0.48672688291 0.0 28.0
-0.49958155 -0.40400863 0.48672688292 0.0 29.0
1.4291968 -2.8840635 -0.6268538292 0.0 29.0
0.40790987 5.880073 -0.037213564293 1.0 27.0
3.2111402 5.084176 -1.6556593293 1.0 27.0
3.2111402 5.084176 -1.6556593294 0.0 28.0
5.1399183 2.6041212 -2.76924294 0.0 28.0
5.1399183 2.6041212 -2.76924295 0.0 29.0
5.52488 -0.69941115 -2.9914975295 0.0 29.0
3.985839 3.5221186 2.5953631296 7.0 21.0
1.7545705 5.6370277 3.8835864296 7.0 21.0
1.7545705 5.6370277 3.8835864297 6.0 22.0
-0.47669792 7.751937 5.1718097297 6.0 22.0
-0.47669792 7.751937 5.1718097298 1.0 23.0
-2.7079663 9.866846 6.460033298 1.0 23.0
-2.7079663 9.866846 6.460033299 0.0 24.0
-5.583174 10.164322 8.120035299 0.0 24.0
-5.583174 10.164322 8.120035300 0.0 25.0
-8.104507 8.541128 9.575727300 0.0 25.0
-0.47669792 7.751937 5.1718097301 1.0 23.0
-1.7691507 4.7713876 5.918008301 1.0 23.0
-1.7691507 4.7713876 5.918008302 0.0 24.0
-4.2904835 3.1481934 7.3737302 0.0 24.0
-4.2904835 3.1481934 7.3737303 0.0 25.0
-7.1656914 3.4456692 9.033702303 0.0 25.0
-0.47669792 7.751937 5.1718097304 5.0 23.0
-3.7967021 8.049413 5.1718097304 5.0 23.0
-3.7967021 8.049413 5.1718097305 4.0 24.0
-7.1167064 8.346889 5.1718097305 4.0 24.0
-7.1167064 8.346889 5.1718097306 1.0 25.0
-9.991915 8.644364 6.831812306 1.0 25.0
-9.991915 8.644364 6.831812307 0.0 26.0
-12.5132475 7.02117 8.287504307 0.0 26.0
-12.5132475 7.02117 8.287504308 0.0 27.0
-13.8057 4.040621 9.033702308 0.0 27.0
-7.1167064 8.346889 5.1718097309 1.0 25.0
-6.731745 5.043356 4.949552309 1.0 25.0
-6.731745 5.043356 4.949552310 0.0 26.0
-8.024198 2.0628066 5.69575310 0.0 26.0
-8.024198 2.0628066 5.69575311 0.0 27.0
-10.54553 0.4396125 7.1514425311 0.0 27.0
-7.1167064 8.346889 5.1718097312 3.0 25.0
-10.028091 6.7236943 5.1718097312 3.0 25.0
-10.028091 6.7236943 5.1718097313 2.0 26.0
-12.939476 5.1005 5.1718097313 2.0 26.0
-12.939476 5.1005 5.1718097314 1.0 27.0
-15.460809 3.477306 6.627502314 1.0 27.0
-15.460809 3.477306 6.627502315 0.0 28.0
-16.753262 0.49675655 7.3737315 0.0 28.0
-16.753262 0.49675655 7.3737316 0.0 29.0
-16.3683 -2.8067758 7.1514425316 0.0 29.0
-12.939476 5.1005 5.1718097317 1.0 27.0
-11.010697 2.6204453 4.058229317 1.0 27.0
-11.010697 2.6204453 4.058229318 0.0 28.0
-10.625736 -0.6830871 3.8359714318 0.0 28.0
-10.625736 -0.6830871 3.8359714319 0.0 29.0
-11.918189 -3.6636364 4.5821695319 0.0 29.0
3.32304 3.5691009 0.0320 19.0 9.0
2.0538468 0.5752542 0.7327691320 19.0 9.0
2.0538468 0.5752542 0.7327691321 18.0 10.0
0.78465366 -2.4185925 1.4655381321 18.0 10.0
0.78465366 -2.4185925 1.4655381322 1.0 11.0
-0.4845395 -5.4124393 2.1983073322 1.0 11.0
-0.4845395 -5.4124393 2.1983073323 0.0 12.0
-0.073874325 -8.711842 1.9612097323 0.0 12.0
-0.073874325 -8.711842 1.9612097324 0.0 13.0
1.8741322 -11.171777 0.8365276324 0.0 13.0
0.78465366 -2.4185925 1.4655381325 1.0 11.0
3.5939658 -3.1853645 -0.15641904325 1.0 11.0
3.5939658 -3.1853645 -0.15641904326 0.0 12.0
5.541972 -5.6452994 -1.2811011326 0.0 12.0
5.541972 -5.6452994 -1.2811011327 0.0 13.0
5.952637 -8.944702 -1.5181987327 0.0 13.0
0.78465366 -2.4185925 1.4655381328 17.0 11.0
3.0340178 -4.8785276 1.4655381328 17.0 11.0
3.0340178 -4.8785276 1.4655381329 16.0 12.0
5.283382 -7.338463 1.4655381329 16.0 12.0
5.283382 -7.338463 1.4655381330 1.0 13.0
7.2313886 -9.798398 0.34085608330 1.0 13.0
7.2313886 -9.798398 0.34085608331 0.0 14.0
10.040701 -10.56517 -1.2811011331 0.0 14.0
10.040701 -10.56517 -1.2811011332 0.0 15.0
12.736376 -9.372679 -2.8374496332 0.0 15.0
5.283382 -7.338463 1.4655381333 1.0 13.0
6.929913 -4.60055 0.51491284333 1.0 13.0
6.929913 -4.60055 0.51491284334 0.0 14.0
9.625587 -3.4080591 -1.0414357334 0.0 14.0
9.625587 -3.4080591 -1.0414357335 0.0 15.0
12.434899 -4.1748314 -2.663393335 0.0 15.0
5.283382 -7.338463 1.4655381336 7.0 13.0
7.9790564 -6.145972 -0.09081042336 7.0 13.0
7.9790564 -6.145972 -0.09081042337 6.0 14.0
10.674731 -4.9534807 -1.647159337 6.0 14.0
10.674731 -4.9534807 -1.647159338 1.0 15.0
13.370406 -3.7609897 -3.2035074338 1.0 15.0
13.370406 -3.7609897 -3.2035074339 0.0 16.0
15.016937 -1.023077 -4.154133339 0.0 16.0
15.016937 -1.023077 -4.154133340 0.0 17.0
15.042913 2.3100927 -4.16913340 0.0 17.0
10.674731 -4.9534807 -1.647159341 1.0 15.0
9.071137 -2.1817963 -0.72132343341 1.0 15.0
9.071137 -2.1817963 -0.72132343342 0.0 16.0
9.097114 1.1513734 -0.7363206342 0.0 16.0
9.097114 1.1513734 -0.7363206343 0.0 17.0
10.743645 3.889286 -1.6869459343 0.0 17.0
10.674731 -4.9534807 -1.647159344 5.0 15.0
8.82306 -2.1817963 -1.647159344 5.0 15.0
8.82306 -2.1817963 -1.647159345 4.0 16.0
6.971389 0.5898881 -1.647159345 4.0 16.0
6.971389 0.5898881 -1.647159346 1.0 17.0
5.3677945 3.3615725 -0.72132343346 1.0 17.0
5.3677945 3.3615725 -0.72132343347 0.0 18.0
2.6911411 4.609887 0.8240431347 0.0 18.0
2.6911411 4.609887 0.8240431348 0.0 19.0
-0.12966633 3.9016168 2.4526372348 0.0 19.0
6.971389 0.5898881 -1.647159349 1.0 17.0
4.985359 -1.8291688 -0.5005244349 1.0 17.0
4.985359 -1.8291688 -0.5005244350 0.0 18.0
2.1645517 -2.537439 1.1280696350 0.0 18.0
2.1645517 -2.537439 1.1280696351 0.0 19.0
-0.51210165 -1.2891246 2.6734362351 0.0 19.0
6.971389 0.5898881 -1.647159352 3.0 17.0
4.6781197 -1.8291688 -1.647159352 3.0 17.0
4.6781197 -1.8291688 -1.647159353 2.0 18.0
2.3848505 -4.2482257 -1.647159353 2.0 18.0
2.3848505 -4.2482257 -1.647159354 1.0 19.0
0.39882112 -6.6672826 -0.5005244354 1.0 19.0
0.39882112 -6.6672826 -0.5005244355 0.0 20.0
-0.06319898 -9.957618 -0.23377699355 0.0 20.0
-0.06319898 -9.957618 -0.23377699356 0.0 21.0
1.159132 -12.977352 -0.9394901356 0.0 21.0
2.3848505 -4.2482257 -1.647159357 1.0 19.0
4.867334 -5.9493885 -3.0804214357 1.0 19.0
4.867334 -5.9493885 -3.0804214358 0.0 20.0
6.089665 -8.969123 -3.7861345358 0.0 20.0
6.089665 -8.969123 -3.7861345359 0.0 21.0
5.6276474 -12.259459 -3.5193887359 0.0 21.0
5.283382 -7.338463 1.4655381360 7.0 13.0
3.6797876 -4.566778 2.3913736360 7.0 13.0
3.6797876 -4.566778 2.3913736361 6.0 14.0
2.0761933 -1.7950938 3.3172092361 6.0 14.0
2.0761933 -1.7950938 3.3172092362 1.0 15.0
0.47259915 0.97659063 4.243045362 1.0 15.0
0.47259915 0.97659063 4.243045363 0.0 16.0
-2.2040544 2.224905 5.788411363 0.0 16.0
-2.2040544 2.224905 5.788411364 0.0 17.0
-5.024862 1.5166347 7.417005364 0.0 17.0
2.0761933 -1.7950938 3.3172092365 1.0 15.0
0.090163946 -4.2141504 4.463844365 1.0 15.0
0.090163946 -4.2141504 4.463844366 0.0 16.0
-2.7306435 -4.9224205 6.0924377366 0.0 16.0
-2.7306435 -4.9224205 6.0924377367 0.0 17.0
-5.407297 -3.6741061 7.637804367 0.0 17.0
2.0761933 -1.7950938 3.3172092368 5.0 15.0
-1.0145397 -0.5467793 3.3172092368 5.0 15.0
-1.0145397 -0.5467793 3.3172092369 4.0 16.0
-4.105273 0.7015352 3.3172092369 4.0 16.0
-4.105273 0.7015352 3.3172092370 1.0 17.0
-6.781926 1.9498497 4.8625755370 1.0 17.0
-6.781926 1.9498497 4.8625755371 0.0 18.0
-9.602734 1.2415795 6.4911695371 0.0 18.0
-9.602734 1.2415795 6.4911695372 0.0 19.0
-11.588763 -1.1774774 7.637804372 0.0 19.0
-4.105273 0.7015352 3.3172092373 1.0 17.0
-4.5672927 -2.5887997 3.5839567373 1.0 17.0
-4.5672927 -2.5887997 3.5839567374 0.0 18.0
-6.553322 -5.0078564 4.7305913374 0.0 18.0
-6.553322 -5.0078564 4.7305913375 0.0 19.0
-9.374129 -5.7161264 6.359185375 0.0 19.0
-4.105273 0.7015352 3.3172092376 3.0 17.0
-7.362461 -0.006735027 3.3172092376 3.0 17.0
-7.362461 -0.006735027 3.3172092377 2.0 18.0
-10.619649 -0.7150053 3.3172092377 2.0 18.0
-10.619649 -0.7150053 3.3172092378 1.0 19.0
-13.440456 -1.4232755 4.945803378 1.0 19.0
-13.440456 -1.4232755 4.945803379 0.0 20.0
-15.426486 -3.8423324 6.0924377379 0.0 20.0
-15.426486 -3.8423324 6.0924377380 0.0 21.0
-15.888506 -7.1326675 6.359185380 0.0 21.0
-10.619649 -0.7150053 3.3172092381 1.0 19.0
-9.397318 -3.7347398 2.6114962381 1.0 19.0
-9.397318 -3.7347398 2.6114962382 0.0 20.0
-9.859335 -7.025075 2.878242382 0.0 20.0
-9.859335 -7.025075 2.878242383 0.0 21.0
-11.845363 -9.444134 4.0248756383 0.0 21.0
5.283382 -7.338463 1.4655381384 15.0 13.0
7.1846323 -4.60055 1.4655381384 15.0 13.0
7.1846323 -4.60055 1.4655381385 14.0 14.0
9.085883 -1.8626375 1.4655381385 14.0 14.0
9.085883 -1.8626375 1.4655381386 1.0 15.0
10.732414 0.87527514 0.51491284386 1.0 15.0
10.732414 0.87527514 0.51491284387 0.0 16.0
10.75839 4.2084446 0.49991563387 0.0 16.0
10.75839 4.2084446 0.49991563388 0.0 17.0
9.154797 6.9801292 1.4257512388 0.0 17.0
9.085883 -1.8626375 1.4655381389 1.0 15.0
6.4092298 -0.614323 3.0109048389 1.0 15.0
6.4092298 -0.614323 3.0109048390 0.0 16.0
4.8056355 2.1573615 3.9367404390 0.0 16.0
4.8056355 2.1573615 3.9367404391 0.0 17.0
4.831611 5.490531 3.9217432391 0.0 17.0
9.085883 -1.8626375 1.4655381392 13.0 15.0
7.234212 0.9090469 1.4655381392 13.0 15.0
7.234212 0.9090469 1.4655381393 12.0 16.0
5.3825407 3.6807313 1.4655381393 12.0 16.0
5.3825407 3.6807313 1.4655381394 1.0 17.0
3.7789464 6.4524155 2.3913736394 1.0 17.0
3.7789464 6.4524155 2.3913736395 0.0 18.0
1.102293 7.70073 3.9367402395 0.0 18.0
1.102293 7.70073 3.9367402396 0.0 19.0
-1.7185144 6.99246 5.5653343396 0.0 19.0
5.3825407 3.6807313 1.4655381397 1.0 17.0
3.3965113 1.2616744 2.6121726397 1.0 17.0
3.3965113 1.2616744 2.6121726398 0.0 18.0
0.57570386 0.55340415 4.2407665398 0.0 18.0
0.57570386 0.55340415 4.2407665399 0.0 19.0
-2.1009495 1.8017187 5.786133399 0.0 19.0
5.3825407 3.6807313 1.4655381400 7.0 17.0
2.5617332 2.972461 3.0941322400 7.0 17.0
2.5617332 2.972461 3.0941322401 6.0 18.0
-0.2590742 2.2641907 4.7227263401 6.0 18.0
-0.2590742 2.2641907 4.7227263402 1.0 19.0
-3.0798817 1.5559204 6.3513203402 1.0 19.0
-3.0798817 1.5559204 6.3513203403 0.0 20.0
-5.0659113 -0.86313653 7.497955403 0.0 20.0
-5.0659113 -0.86313653 7.497955404 0.0 21.0
-5.527931 -4.1534715 7.7647023404 0.0 21.0
-0.2590742 2.2641907 4.7227263405 1.0 19.0
0.9632567 -0.7555437 4.017013405 1.0 19.0
0.9632567 -0.7555437 4.017013406 0.0 20.0
0.50123936 -4.045879 4.283759406 0.0 20.0
0.50123936 -4.045879 4.283759407 0.0 21.0
-1.484788 -6.464938 5.4303923407 0.0 21.0
-0.2590742 2.2641907 4.7227263408 5.0 19.0
1.152352 -0.7555437 4.7227263408 5.0 19.0
1.152352 -0.7555437 4.7227263409 4.0 20.0
2.5637782 -3.775278 4.7227263409 4.0 20.0
2.5637782 -3.775278 4.7227263410 1.0 21.0
3.786109 -6.7950125 4.017013410 1.0 21.0
3.786109 -6.7950125 4.017013411 0.0 22.0
6.2685924 -8.496176 2.5837507411 0.0 22.0
6.2685924 -8.496176 2.5837507412 0.0 23.0
9.149705 -8.288394 0.9203396412 0.0 23.0
2.5637782 -3.775278 4.7227263413 1.0 21.0
4.8436565 -1.7306609 3.4064379413 1.0 21.0
4.8436565 -1.7306609 3.4064379414 0.0 22.0
7.724769 -1.5228794 1.7430267414 0.0 22.0
7.724769 -1.5228794 1.7430267415 0.0 23.0
10.2072525 -3.2240424 0.30976427415 0.0 23.0
2.5637782 -3.775278 4.7227263416 3.0 21.0
5.196355 -1.7306609 4.7227263416 3.0 21.0
5.196355 -1.7306609 4.7227263417 2.0 22.0
7.828932 0.31395626 4.7227263417 2.0 22.0
7.828932 0.31395626 4.7227263418 1.0 23.0
10.10881 2.3585734 3.4064379418 1.0 23.0
10.10881 2.3585734 3.4064379419 0.0 24.0
10.9962435 5.530461 2.8940783419 0.0 24.0
10.9962435 5.530461 2.8940783420 0.0 25.0
10.183256 8.728844 3.3634567420 0.0 25.0
7.828932 0.31395626 4.7227263421 1.0 23.0
5.5976634 2.4288657 6.0109496421 1.0 23.0
5.5976634 2.4288657 6.0109496422 0.0 24.0
4.784676 5.627249 6.480328422 0.0 24.0
4.784676 5.627249 6.480328423 0.0 25.0
5.672109 8.799136 5.9679685423 0.0 25.0
5.3825407 3.6807313 1.4655381424 7.0 17.0
6.6048717 0.6609969 0.75982505424 7.0 17.0
6.6048717 0.6609969 0.75982505425 6.0 18.0
7.827203 -2.3587375 0.054111958425 6.0 18.0
7.827203 -2.3587375 0.054111958426 1.0 19.0
9.049534 -5.378472 -0.65160114426 1.0 19.0
9.049534 -5.378472 -0.65160114427 0.0 20.0
11.532017 -7.0796347 -2.0848637427 0.0 20.0
11.532017 -7.0796347 -2.0848637428 0.0 21.0
14.41313 -6.8718534 -3.7482748428 0.0 21.0
7.827203 -2.3587375 0.054111958429 1.0 19.0
10.10708 -0.3141203 -1.2621764429 1.0 19.0
10.10708 -0.3141203 -1.2621764430 0.0 20.0
12.9881935 -0.10633877 -2.9255877430 0.0 20.0
12.9881935 -0.10633877 -2.9255877431 0.0 21.0
15.470676 -1.8075017 -4.35885431 0.0 21.0
7.827203 -2.3587375 0.054111958432 5.0 19.0
10.6937275 -4.0599003 0.054111958432 5.0 19.0
10.6937275 -4.0599003 0.054111958433 4.0 20.0
13.560252 -5.761063 0.054111958433 4.0 20.0
13.560252 -5.761063 0.054111958434 1.0 21.0
16.042736 -7.462226 -1.3791505434 1.0 21.0
16.042736 -7.462226 -1.3791505435 0.0 22.0
18.92385 -7.2544446 -3.0425615435 0.0 22.0
18.92385 -7.2544446 -3.0425615436 0.0 23.0
21.203728 -5.2098274 -4.35885436 0.0 23.0
13.560252 -5.761063 0.054111958437 1.0 21.0
14.447685 -2.5891757 -0.45824778437 1.0 21.0
14.447685 -2.5891757 -0.45824778438 0.0 22.0
16.727564 -0.5445585 -1.7745361438 0.0 22.0
16.727564 -0.5445585 -1.7745361439 0.0 23.0
19.608677 -0.336777 -3.4379473439 0.0 23.0
13.560252 -5.761063 0.054111958440 3.0 21.0
16.887074 -5.553282 0.054111958440 3.0 21.0
16.887074 -5.553282 0.054111958441 2.0 22.0
20.213896 -5.3455005 0.054111958441 2.0 22.0
20.213896 -5.3455005 0.054111958442 1.0 23.0
23.095009 -5.137719 -1.6092992442 1.0 23.0
23.095009 -5.137719 -1.6092992443 0.0 24.0
25.374887 -3.093102 -2.9255877443 0.0 24.0
25.374887 -3.093102 -2.9255877444 0.0 25.0
26.262321 0.07878542 -3.4379473444 0.0 25.0
20.213896 -5.3455005 0.054111958445 1.0 23.0
19.400908 -2.1471174 0.52349055445 1.0 23.0
19.400908 -2.1471174 0.52349055446 0.0 24.0
20.288342 1.02477 0.01113081446 0.0 24.0
20.288342 1.02477 0.01113081447 0.0 25.0
22.56822 3.0693872 -1.3051575447 0.0 25.0
5.3825407 3.6807313 1.4655381448 11.0 17.0
3.0892715 1.2616744 1.4655381448 11.0 17.0
3.0892715 1.2616744 1.4655381449 10.0 18.0
0.7960024 -1.1573825 1.4655381449 10.0 18.0
0.7960024 -1.1573825 1.4655381450 1.0 19.0
-1.190027 -3.5764394 2.6121726450 1.0 19.0
-1.190027 -3.5764394 2.6121726451 0.0 20.0
-1.6520472 -6.8667746 2.87892451 0.0 20.0
-1.6520472 -6.8667746 2.87892452 0.0 21.0
-0.42971623 -9.886509 2.173207452 0.0 21.0
0.7960024 -1.1573825 1.4655381453 1.0 19.0
3.2784858 -2.8585453 0.032275677453 1.0 19.0
3.2784858 -2.8585453 0.032275677454 0.0 20.0
4.500817 -5.8782797 -0.6734374454 0.0 20.0
4.500817 -5.8782797 -0.6734374455 0.0 21.0
4.0387993 -9.168615 -0.40669158455 0.0 21.0
0.7960024 -1.1573825 1.4655381456 9.0 19.0
2.2074285 -4.177117 1.4655381456 9.0 19.0
2.2074285 -4.177117 1.4655381457 8.0 20.0
3.6188545 -7.1968513 1.4655381457 8.0 20.0
3.6188545 -7.1968513 1.4655381458 1.0 21.0
4.8411856 -10.216585 0.75982505458 1.0 21.0
4.8411856 -10.216585 0.75982505459 0.0 22.0
7.323669 -11.917748 -0.6734374459 0.0 22.0
7.323669 -11.917748 -0.6734374460 0.0 23.0
10.204782 -11.709967 -2.3368485460 0.0 23.0
3.6188545 -7.1968513 1.4655381461 1.0 21.0
5.8987327 -5.152234 0.14924979461 1.0 21.0
5.8987327 -5.152234 0.14924979462 0.0 22.0
8.779845 -4.944453 -1.5141613462 0.0 22.0
8.779845 -4.944453 -1.5141613463 0.0 23.0
11.262329 -6.6456156 -2.947424463 0.0 23.0
3.6188545 -7.1968513 1.4655381464 7.0 21.0
6.499967 -6.98907 -0.197873464 7.0 21.0
6.499967 -6.98907 -0.197873465 6.0 22.0
9.38108 -6.7812886 -1.8612841465 6.0 22.0
9.38108 -6.7812886 -1.8612841466 1.0 23.0
12.262192 -6.5735073 -3.5246954466 1.0 23.0
12.262192 -6.5735073 -3.5246954467 0.0 24.0
14.54207 -4.52889 -4.840984467 0.0 24.0
14.54207 -4.52889 -4.840984468 0.0 25.0
15.429503 -1.3570027 -5.3533435468 0.0 25.0
9.38108 -6.7812886 -1.8612841469 1.0 23.0
8.568092 -3.5829055 -1.3919055469 1.0 23.0
8.568092 -3.5829055 -1.3919055470 0.0 24.0
9.455525 -0.41101813 -1.9042653470 0.0 24.0
9.455525 -0.41101813 -1.9042653471 0.0 25.0
11.735403 1.633599 -3.2205536471 0.0 25.0
9.38108 -6.7812886 -1.8612841472 5.0 23.0
8.442323 -3.5829055 -1.8612841472 5.0 23.0
8.442323 -3.5829055 -1.8612841473 4.0 24.0
7.503566 -0.38452244 -1.8612841473 4.0 24.0
7.503566 -0.38452244 -1.8612841474 1.0 25.0
6.6905785 2.8138607 -1.3919055474 1.0 25.0
6.6905785 2.8138607 -1.3919055475 0.0 26.0
4.45931 4.92877 -0.10368216475 0.0 26.0
4.45931 4.92877 -0.10368216476 0.0 27.0
1.5841022 5.226246 1.55632476 0.0 27.0
7.503566 -0.38452244 -1.8612841477 1.0 25.0
4.982233 -2.0077167 -0.40559185477 1.0 25.0
4.982233 -2.0077167 -0.40559185478 0.0 26.0
2.1070251 -1.7102408 1.2544103478 0.0 26.0
2.1070251 -1.7102408 1.2544103479 0.0 27.0
-0.12424326 0.40466857 2.5426335479 0.0 27.0
7.503566 -0.38452244 -1.8612841480 3.0 25.0
4.592181 -2.0077167 -1.8612841480 3.0 25.0
4.592181 -2.0077167 -1.8612841481 2.0 26.0
1.6807966 -3.6309109 -1.8612841481 2.0 26.0
1.6807966 -3.6309109 -1.8612841482 1.0 27.0
-0.84053636 -5.254105 -0.40559185482 1.0 27.0
-0.84053636 -5.254105 -0.40559185483 0.0 28.0
-2.1329892 -8.234654 0.34060615483 0.0 28.0
-2.1329892 -8.234654 0.34060615484 0.0 29.0
-1.7480278 -11.538187 0.11834858484 0.0 29.0
1.6807966 -3.6309109 -1.8612841485 1.0 27.0
3.609575 -6.1109657 -2.974865485 1.0 27.0
3.609575 -6.1109657 -2.974865486 0.0 28.0
3.9945364 -9.414498 -3.1971226486 0.0 28.0
3.9945364 -9.414498 -3.1971226487 0.0 29.0
2.7020836 -12.395048 -2.4509246487 0.0 29.0
3.6188545 -7.1968513 1.4655381488 7.0 21.0
2.805867 -3.9984682 1.9349167488 7.0 21.0
2.805867 -3.9984682 1.9349167489 6.0 22.0
1.9928794 -0.80008507 2.4042952489 6.0 22.0
1.9928794 -0.80008507 2.4042952490 1.0 23.0
1.1798918 2.398298 2.8736737490 1.0 23.0
1.1798918 2.398298 2.8736737491 0.0 24.0
-1.0513766 4.5132074 4.161897491 0.0 24.0
-1.0513766 4.5132074 4.161897492 0.0 25.0
-3.9265845 4.8106833 5.8218994492 0.0 25.0
1.9928794 -0.80008507 2.4042952493 1.0 23.0
-0.5284536 -2.4232793 3.8599875493 1.0 23.0
-0.5284536 -2.4232793 3.8599875494 0.0 24.0
-3.4036615 -2.1258035 5.5199895494 0.0 24.0
-3.4036615 -2.1258035 5.5199895495 0.0 25.0
-5.6349297 -0.01089406 6.8082128495 0.0 25.0
1.9928794 -0.80008507 2.4042952496 5.0 23.0
-0.5835674 1.3148243 2.4042952496 5.0 23.0
-0.5835674 1.3148243 2.4042952497 4.0 24.0
-3.1600142 3.4297338 2.4042952497 4.0 24.0
-3.1600142 3.4297338 2.4042952498 1.0 25.0
-5.3912826 5.5446434 3.6925187498 1.0 25.0
-5.3912826 5.5446434 3.6925187499 0.0 26.0
-8.266491 5.842119 5.352521499 0.0 26.0
-8.266491 5.842119 5.352521500 0.0 27.0
-10.787824 4.218925 6.808213500 0.0 27.0
-3.1600142 3.4297338 2.4042952501 1.0 25.0
-4.452467 0.44918442 3.1504931501 1.0 25.0
-4.452467 0.44918442 3.1504931502 0.0 26.0
-6.9737997 -1.1740097 4.6061854502 0.0 26.0
-6.9737997 -1.1740097 4.6061854503 0.0 27.0
-9.849008 -0.87653387 6.2661877503 0.0 27.0
-3.1600142 3.4297338 2.4042952504 3.0 25.0
-6.4800186 3.7272096 2.4042952504 3.0 25.0
-6.4800186 3.7272096 2.4042952505 2.0 26.0
-9.800023 4.0246854 2.4042952505 2.0 26.0
-9.800023 4.0246854 2.4042952506 1.0 27.0
-12.675231 4.322161 4.064297506 1.0 27.0
-12.675231 4.322161 4.064297507 0.0 28.0
-15.196564 2.698967 5.5199895507 0.0 28.0
-15.196564 2.698967 5.5199895508 0.0 29.0
-16.489017 -0.28158236 6.2661877508 0.0 29.0
-9.800023 4.0246854 2.4042952509 1.0 27.0
-9.415062 0.721153 2.1820376509 1.0 27.0
-9.415062 0.721153 2.1820376510 0.0 28.0
-10.707515 -2.2593963 2.9282355510 0.0 28.0
-10.707515 -2.2593963 2.9282355511 0.0 29.0
-13.2288475 -3.8825903 4.383928511 0.0 29.0
