0.0 0.0 0.00 30.0 1.0
0.0 4.8109565 0.00 30.0 1.0
0.0 4.8109565 0.01 0.0 2.0
1.4139847 9.336385 -0.81636441 0.0 2.0
0.0 4.8109565 0.02 29.0 2.0
0.0 9.621913 0.02 29.0 2.0
0.0 9.621913 0.03 0.0 3.0
-1.4139847 14.147341 0.81636443 0.0 3.0
-1.4139847 14.147341 0.81636444 0.0 4.0
-1.4139847 18.958298 0.81636444 0.0 4.0
-1.4139847 14.147341 0.81636445 0.0 4.0
-3.0467134 18.67277 0.81636445 0.0 4.0
0.0 9.621913 0.06 28.0 3.0
0.0 14.432869 0.06 28.0 3.0
0.0 14.432869 0.07 0.0 4.0
1.4139847 18.958298 -0.81636447 0.0 4.0
0.0 14.432869 0.08 27.0 4.0
0.0 19.243826 0.08 27.0 4.0
0.0 19.243826 0.09 2.0 5.0
1.4139847 23.769255 -0.81636449 2.0 5.0
1.4139847 23.769255 -0.816364410 0.0 6.0
4.074115 27.471989 -2.352191410 0.0 6.0
1.4139847 23.769255 -0.816364411 1.0 6.0
3.0467134 28.294683 -0.816364411 1.0 6.0
3.0467134 28.294683 -0.816364412 0.0 7.0
3.0467134 33.10564 -0.816364412 0.0 7.0
3.0467134 33.10564 -0.816364413 0.0 8.0
4.460698 37.63107 -1.632728813 0.0 8.0
3.0467134 33.10564 -0.816364414 0.0 8.0
3.0467134 37.916595 -0.816364414 0.0 8.0
3.0467134 28.294683 -0.816364415 0.0 7.0
4.6794424 32.82011 -0.816364415 0.0 7.0
4.6794424 32.82011 -0.816364416 0.0 8.0
7.339573 36.522846 -2.352191416 0.0 8.0
4.6794424 32.82011 -0.816364417 0.0 8.0
6.312171 37.34554 -0.816364417 0.0 8.0
0.0 19.243826 0.018 26.0 5.0
0.0 24.054783 0.018 26.0 5.0
0.0 24.054783 0.019 0.0 6.0
1.4139847 28.580212 -0.816364419 0.0 6.0
0.0 24.054783 0.020 25.0 6.0
0.0 28.86574 0.020 25.0 6.0
0.0 28.86574 0.021 0.0 7.0
-1.4139847 33.391167 0.816364421 0.0 7.0
-1.4139847 33.391167 0.816364422 0.0 8.0
-1.4139847 38.20212 0.816364422 0.0 8.0
-1.4139847 33.391167 0.816364423 0.0 8.0
-3.0467134 37.916595 0.816364423 0.0 8.0
0.0 28.86574 0.024 24.0 7.0
0.0 33.676697 0.024 24.0 7.0
0.0 33.676697 0.025 0.0 8.0
1.4139847 38.202126 -0.816364425 0.0 8.0
0.0 33.676697 0.026 23.0 8.0
0.0 38.48765 0.026 23.0 8.0
0.0 38.48765 0.027 6.0 9.0
-1.4139847 43.01308 0.816364427 6.0 9.0
-1.4139847 43.01308 0.816364428 0.0 10.0
-1.4139847 47.824036 0.816364428 0.0 10.0
-1.4139847 43.01308 0.816364429 5.0 10.0
-3.0467134 47.53851 0.816364429 5.0 10.0
-3.0467134 47.53851 0.816364430 0.0 11.0
-5.7068434 51.241245 2.352191430 0.0 11.0
-5.7068434 51.241245 2.352191431 0.0 12.0
-7.120828 55.766674 3.168555731 0.0 12.0
-5.7068434 51.241245 2.352191432 0.0 12.0
-8.778498 54.94398 2.352191432 0.0 12.0
-3.0467134 47.53851 0.816364433 4.0 11.0
-4.6794424 52.06394 0.816364433 4.0 11.0
-4.6794424 52.06394 0.816364434 0.0 12.0
-4.6794424 56.874893 0.816364434 0.0 12.0
-4.6794424 52.06394 0.816364435 3.0 12.0
-6.312171 56.589367 0.816364435 3.0 12.0
-6.312171 56.589367 0.816364436 2.0 13.0
-6.312171 61.400322 0.816364436 2.0 13.0
-6.312171 61.400322 0.816364437 0.0 14.0
-4.898186 65.92575 0.037 0.0 14.0
-6.312171 61.400322 0.816364438 1.0 14.0
-6.312171 66.21128 0.816364438 1.0 14.0
-6.312171 66.21128 0.816364439 0.0 15.0
-7.7261558 70.73671 1.632728839 0.0 15.0
-7.7261558 70.73671 1.632728840 0.0 16.0
-7.7261558 75.54767 1.632728840 0.0 16.0
-7.7261558 70.73671 1.632728841 0.0 16.0
-9.358885 75.26214 1.632728841 0.0 16.0
-6.312171 66.21128 0.816364442 0.0 15.0
-6.312171 71.02224 0.816364442 0.0 15.0
-6.312171 71.02224 0.816364443 0.0 16.0
-4.898186 75.54767 0.043 0.0 16.0
-6.312171 71.02224 0.816364444 0.0 16.0
-6.312171 75.8332 0.816364444 0.0 16.0
-6.312171 56.589367 0.816364445 2.0 13.0
-7.9448996 61.114796 0.816364445 2.0 13.0
-7.9448996 61.114796 0.816364446 0.0 14.0
-7.9448996 65.92575 0.816364446 0.0 14.0
-7.9448996 61.114796 0.816364447 1.0 14.0
-9.577628 65.64022 0.816364447 1.0 14.0
-9.577628 65.64022 0.816364448 0.0 15.0
-12.237759 69.34296 2.352191448 0.0 15.0
-12.237759 69.34296 2.352191449 0.0 16.0
-13.651743 73.868385 3.168555749 0.0 16.0
-12.237759 69.34296 2.352191450 0.0 16.0
-15.309412 73.04569 2.352191450 0.0 16.0
-9.577628 65.64022 0.816364451 0.0 15.0
-11.210357 70.16565 0.816364451 0.0 15.0
-11.210357 70.16565 0.816364452 0.0 16.0
-11.210357 74.97661 0.816364452 0.0 16.0
-11.210357 70.16565 0.816364453 0.0 16.0
-12.843085 74.69108 0.816364453 0.0 16.0
0.0 38.48765 0.054 22.0 9.0
0.0 43.298607 0.054 22.0 9.0
0.0 43.298607 0.055 0.0 10.0
1.4139847 47.824036 -0.816364455 0.0 10.0
0.0 43.298607 0.056 21.0 10.0
0.0 48.109562 0.056 21.0 10.0
0.0 48.109562 0.057 0.0 11.0
-1.4139847 52.63499 0.816364457 0.0 11.0
-1.4139847 52.63499 0.816364458 0.0 12.0
-1.4139847 57.445946 0.816364458 0.0 12.0
-1.4139847 52.63499 0.816364459 0.0 12.0
-3.0467134 57.16042 0.816364459 0.0 12.0
0.0 48.109562 0.060 20.0 11.0
0.0 52.920517 0.060 20.0 11.0
0.0 52.920517 0.061 0.0 12.0
1.4139847 57.445946 -0.816364461 0.0 12.0
0.0 52.920517 0.062 19.0 12.0
0.0 57.731472 0.062 19.0 12.0
0.0 57.731472 0.063 2.0 13.0
1.4139847 62.2569 -0.816364463 2.0 13.0
1.4139847 62.2569 -0.816364464 0.0 14.0
4.074115 65.95963 -2.352191464 0.0 14.0
1.4139847 62.2569 -0.816364465 1.0 14.0
3.0467134 66.782326 -0.816364465 1.0 14.0
3.0467134 66.782326 -0.816364466 0.0 15.0
3.0467134 71.593285 -0.816364466 0.0 15.0
3.0467134 71.593285 -0.816364467 0.0 16.0
4.460698 76.11871 -1.632728867 0.0 16.0
3.0467134 71.593285 -0.816364468 0.0 16.0
3.0467134 76.40424 -0.816364468 0.0 16.0
3.0467134 66.782326 -0.816364469 0.0 15.0
4.6794424 71.307755 -0.816364469 0.0 15.0
4.6794424 71.307755 -0.816364470 0.0 16.0
7.339573 75.01049 -2.352191470 0.0 16.0
4.6794424 71.307755 -0.816364471 0.0 16.0
6.312171 75.83318 -0.816364471 0.0 16.0
0.0 57.731472 0.072 18.0 13.0
0.0 62.542427 0.072 18.0 13.0
0.0 62.542427 0.073 0.0 14.0
1.4139847 67.067856 -0.816364473 0.0 14.0
0.0 62.542427 0.074 17.0 14.0
0.0 67.353386 0.074 17.0 14.0
0.0 67.353386 0.075 0.0 15.0
-1.4139847 71.878815 0.816364475 0.0 15.0
-1.4139847 71.878815 0.816364476 0.0 16.0
-1.4139847 76.68977 0.816364476 0.0 16.0
-1.4139847 71.878815 0.816364477 0.0 16.0
-3.0467134 76.40424 0.816364477 0.0 16.0
0.0 67.353386 0.078 16.0 15.0
0.0 72.164345 0.078 16.0 15.0
0.0 72.164345 0.079 0.0 16.0
1.4139847 76.68977 -0.816364479 0.0 16.0
0.0 72.164345 0.080 15.0 16.0
0.0 76.9753 0.080 15.0 16.0
0.0 76.9753 0.081 14.0 17.0
1.4139847 81.50073 -0.816364481 14.0 17.0
1.4139847 81.50073 -0.816364482 0.0 18.0
4.074115 85.20347 -2.352191482 0.0 18.0
1.4139847 81.50073 -0.816364483 13.0 18.0
3.0467134 86.02616 -0.816364483 13.0 18.0
3.0467134 86.02616 -0.816364484 0.0 19.0
3.0467134 90.83712 -0.816364484 0.0 19.0
3.0467134 90.83712 -0.816364485 0.0 20.0
4.460698 95.36255 -1.632728885 0.0 20.0
3.0467134 90.83712 -0.816364486 0.0 20.0
3.0467134 95.64808 -0.816364486 0.0 20.0
3.0467134 86.02616 -0.816364487 12.0 19.0
4.6794424 90.55159 -0.816364487 12.0 19.0
4.6794424 90.55159 -0.816364488 0.0 20.0
7.339573 94.254326 -2.352191488 0.0 20.0
4.6794424 90.55159 -0.816364489 11.0 20.0
6.312171 95.07702 -0.816364489 11.0 20.0
6.312171 95.07702 -0.816364490 2.0 21.0
8.9723015 98.779755 -2.352191490 2.0 21.0
8.9723015 98.779755 -2.352191491 0.0 22.0
12.562822 101.22028 -4.425179591 0.0 22.0
8.9723015 98.779755 -2.352191492 1.0 22.0
12.043955 102.48249 -2.352191492 1.0 22.0
12.043955 102.48249 -2.352191493 0.0 23.0
13.457939 107.00792 -3.168555793 0.0 23.0
13.457939 107.00792 -3.168555794 0.0 24.0
16.118069 110.710655 -4.70438394 0.0 24.0
13.457939 107.00792 -3.168555795 0.0 24.0
15.090668 111.53335 -3.168555795 0.0 24.0
12.043955 102.48249 -2.352191496 0.0 23.0
15.115608 106.18523 -2.352191496 0.0 23.0
15.115608 106.18523 -2.352191497 0.0 24.0
18.70613 108.625755 -4.425179597 0.0 24.0
15.115608 106.18523 -2.352191498 0.0 24.0
18.187262 109.88796 -2.352191498 0.0 24.0
6.312171 95.07702 -0.816364499 10.0 21.0
7.9448996 99.60245 -0.816364499 10.0 21.0
7.9448996 99.60245 -0.8163644100 0.0 22.0
10.60503 103.30518 -2.3521914100 0.0 22.0
7.9448996 99.60245 -0.8163644101 9.0 22.0
9.577628 104.12788 -0.8163644101 9.0 22.0
9.577628 104.12788 -0.8163644102 0.0 23.0
9.577628 108.938835 -0.8163644102 0.0 23.0
9.577628 108.938835 -0.8163644103 0.0 24.0
10.991612 113.464264 -1.6327288103 0.0 24.0
9.577628 108.938835 -0.8163644104 0.0 24.0
9.577628 113.749794 -0.8163644104 0.0 24.0
9.577628 104.12788 -0.8163644105 8.0 23.0
11.210357 108.653305 -0.8163644105 8.0 23.0
11.210357 108.653305 -0.8163644106 0.0 24.0
13.870487 112.35604 -2.3521914106 0.0 24.0
11.210357 108.653305 -0.8163644107 7.0 24.0
12.843085 113.178734 -0.8163644107 7.0 24.0
12.843085 113.178734 -0.8163644108 6.0 25.0
12.843085 117.98969 -0.8163644108 6.0 25.0
12.843085 117.98969 -0.8163644109 0.0 26.0
14.25707 122.51512 -1.6327288109 0.0 26.0
12.843085 117.98969 -0.8163644110 5.0 26.0
12.843085 122.80065 -0.8163644110 5.0 26.0
12.843085 122.80065 -0.8163644111 0.0 27.0
11.429101 127.32608 0.0111 0.0 27.0
11.429101 127.32608 0.0112 0.0 28.0
11.429101 132.13704 0.0112 0.0 28.0
11.429101 127.32608 0.0113 0.0 28.0
9.796372 131.8515 0.0113 0.0 28.0
12.843085 122.80065 -0.8163644114 4.0 27.0
12.843085 127.61161 -0.8163644114 4.0 27.0
12.843085 127.61161 -0.8163644115 0.0 28.0
14.25707 132.13704 -1.6327288115 0.0 28.0
12.843085 127.61161 -0.8163644116 3.0 28.0
12.843085 132.42256 -0.8163644116 3.0 28.0
12.843085 132.42256 -0.8163644117 2.0 29.0
14.25707 136.94798 -1.6327288117 2.0 29.0
14.25707 136.94798 -1.6327288118 0.0 30.0
16.9172 140.65071 -3.1685557118 0.0 30.0
14.25707 136.94798 -1.6327288119 1.0 30.0
15.889798 141.4734 -1.6327288119 1.0 30.0
15.889798 141.4734 -1.6327288120 0.0 31.0
15.889798 146.28436 -1.6327288120 0.0 31.0
15.889798 146.28436 -1.6327288121 0.0 32.0
17.303783 150.80978 -2.4490933121 0.0 32.0
15.889798 146.28436 -1.6327288122 0.0 32.0
15.889798 151.09532 -1.6327288122 0.0 32.0
15.889798 141.4734 -1.6327288123 0.0 31.0
17.522528 145.99883 -1.6327288123 0.0 31.0
17.522528 145.99883 -1.6327288124 0.0 32.0
20.182657 149.70155 -3.1685557124 0.0 32.0
17.522528 145.99883 -1.6327288125 0.0 32.0
19.155256 150.52425 -1.6327288125 0.0 32.0
12.843085 132.42256 -0.8163644126 2.0 29.0
12.843085 137.23352 -0.8163644126 2.0 29.0
12.843085 137.23352 -0.8163644127 0.0 30.0
14.25707 141.75894 -1.6327288127 0.0 30.0
12.843085 137.23352 -0.8163644128 1.0 30.0
12.843085 142.04448 -0.8163644128 1.0 30.0
12.843085 142.04448 -0.8163644129 0.0 31.0
11.429101 146.5699 0.0129 0.0 31.0
11.429101 146.5699 0.0130 0.0 32.0
11.429101 151.38086 0.0130 0.0 32.0
11.429101 146.5699 0.0131 0.0 32.0
9.796372 151.09532 0.0131 0.0 32.0
12.843085 142.04448 -0.8163644132 0.0 31.0
12.843085 146.85544 -0.8163644132 0.0 31.0
12.843085 146.85544 -0.8163644133 0.0 32.0
14.25707 151.38086 -1.6327288133 0.0 32.0
12.843085 146.85544 -0.8163644134 0.0 32.0
12.843085 151.6664 -0.8163644134 0.0 32.0
12.843085 113.178734 -0.8163644135 6.0 25.0
14.475814 117.70416 -0.8163644135 6.0 25.0
14.475814 117.70416 -0.8163644136 0.0 26.0
17.135944 121.4069 -2.3521914136 0.0 26.0
14.475814 117.70416 -0.8163644137 5.0 26.0
16.108543 122.22959 -0.8163644137 5.0 26.0
16.108543 122.22959 -0.8163644138 0.0 27.0
16.108543 127.04055 -0.8163644138 0.0 27.0
16.108543 127.04055 -0.8163644139 0.0 28.0
17.522528 131.56598 -1.6327288139 0.0 28.0
16.108543 127.04055 -0.8163644140 0.0 28.0
16.108543 131.8515 -0.8163644140 0.0 28.0
16.108543 122.22959 -0.8163644141 4.0 27.0
17.741272 126.75502 -0.8163644141 4.0 27.0
17.741272 126.75502 -0.8163644142 0.0 28.0
20.401402 130.45775 -2.3521914142 0.0 28.0
17.741272 126.75502 -0.8163644143 3.0 28.0
19.374 131.28044 -0.8163644143 3.0 28.0
19.374 131.28044 -0.8163644144 2.0 29.0
22.03413 134.98317 -2.3521914144 2.0 29.0
22.03413 134.98317 -2.3521914145 0.0 30.0
25.624651 137.4237 -4.4251795145 0.0 30.0
22.03413 134.98317 -2.3521914146 1.0 30.0
25.105783 138.6859 -2.3521914146 1.0 30.0
25.105783 138.6859 -2.3521914147 0.0 31.0
26.519768 143.21132 -3.1685557147 0.0 31.0
26.519768 143.21132 -3.1685557148 0.0 32.0
29.179897 146.91405 -4.704383148 0.0 32.0
26.519768 143.21132 -3.1685557149 0.0 32.0
28.152496 147.73674 -3.1685557149 0.0 32.0
25.105783 138.6859 -2.3521914150 0.0 31.0
28.177437 142.38863 -2.3521914150 0.0 31.0
28.177437 142.38863 -2.3521914151 0.0 32.0
31.767958 144.82916 -4.4251795151 0.0 32.0
28.177437 142.38863 -2.3521914152 0.0 32.0
31.24909 146.09135 -2.3521914152 0.0 32.0
19.374 131.28044 -0.8163644153 2.0 29.0
21.00673 135.80586 -0.8163644153 2.0 29.0
21.00673 135.80586 -0.8163644154 0.0 30.0
23.666859 139.50859 -2.3521914154 0.0 30.0
21.00673 135.80586 -0.8163644155 1.0 30.0
22.639458 140.33128 -0.8163644155 1.0 30.0
22.639458 140.33128 -0.8163644156 0.0 31.0
22.639458 145.14224 -0.8163644156 0.0 31.0
22.639458 145.14224 -0.8163644157 0.0 32.0
24.053442 149.66766 -1.6327288157 0.0 32.0
22.639458 145.14224 -0.8163644158 0.0 32.0
22.639458 149.9532 -0.8163644158 0.0 32.0
22.639458 140.33128 -0.8163644159 0.0 31.0
24.272186 144.8567 -0.8163644159 0.0 31.0
24.272186 144.8567 -0.8163644160 0.0 32.0
26.932316 148.55943 -2.3521914160 0.0 32.0
24.272186 144.8567 -0.8163644161 0.0 32.0
25.904915 149.38213 -0.8163644161 0.0 32.0
0.0 76.9753 0.0162 14.0 17.0
0.0 81.78626 0.0162 14.0 17.0
0.0 81.78626 0.0163 0.0 18.0
1.4139847 86.31169 -0.8163644163 0.0 18.0
0.0 81.78626 0.0164 13.0 18.0
0.0 86.59722 0.0164 13.0 18.0
0.0 86.59722 0.0165 0.0 19.0
-1.4139847 91.12265 0.8163644165 0.0 19.0
-1.4139847 91.12265 0.8163644166 0.0 20.0
-1.4139847 95.93361 0.8163644166 0.0 20.0
-1.4139847 91.12265 0.8163644167 0.0 20.0
-3.0467134 95.64808 0.8163644167 0.0 20.0
0.0 86.59722 0.0168 12.0 19.0
0.0 91.40818 0.0168 12.0 19.0
0.0 91.40818 0.0169 0.0 20.0
1.4139847 95.93361 -0.8163644169 0.0 20.0
0.0 91.40818 0.0170 11.0 20.0
0.0 96.21914 0.0170 11.0 20.0
0.0 96.21914 0.0171 2.0 21.0
1.4139847 100.74457 -0.8163644171 2.0 21.0
1.4139847 100.74457 -0.8163644172 0.0 22.0
4.074115 104.4473 -2.3521914172 0.0 22.0
1.4139847 100.74457 -0.8163644173 1.0 22.0
3.0467134 105.27 -0.8163644173 1.0 22.0
3.0467134 105.27 -0.8163644174 0.0 23.0
3.0467134 110.080956 -0.8163644174 0.0 23.0
3.0467134 110.080956 -0.8163644175 0.0 24.0
4.460698 114.606384 -1.6327288175 0.0 24.0
3.0467134 110.080956 -0.8163644176 0.0 24.0
3.0467134 114.891914 -0.8163644176 0.0 24.0
3.0467134 105.27 -0.8163644177 0.0 23.0
4.6794424 109.795425 -0.8163644177 0.0 23.0
4.6794424 109.795425 -0.8163644178 0.0 24.0
7.339573 113.49816 -2.3521914178 0.0 24.0
4.6794424 109.795425 -0.8163644179 0.0 24.0
6.312171 114.320854 -0.8163644179 0.0 24.0
0.0 96.21914 0.0180 10.0 21.0
0.0 101.0301 0.0180 10.0 21.0
0.0 101.0301 0.0181 0.0 22.0
1.4139847 105.55553 -0.8163644181 0.0 22.0
0.0 101.0301 0.0182 9.0 22.0
0.0 105.84106 0.0182 9.0 22.0
0.0 105.84106 0.0183 0.0 23.0
-1.4139847 110.366486 0.8163644183 0.0 23.0
-1.4139847 110.366486 0.8163644184 0.0 24.0
-1.4139847 115.177444 0.8163644184 0.0 24.0
-1.4139847 110.366486 0.8163644185 0.0 24.0
-3.0467134 114.891914 0.8163644185 0.0 24.0
0.0 105.84106 0.0186 8.0 23.0
0.0 110.652016 0.0186 8.0 23.0
0.0 110.652016 0.0187 0.0 24.0
1.4139847 115.177444 -0.8163644187 0.0 24.0
0.0 110.652016 0.0188 7.0 24.0
0.0 115.462975 0.0188 7.0 24.0
0.0 115.462975 0.0189 6.0 25.0
-1.4139847 119.9884 0.8163644189 6.0 25.0
-1.4139847 119.9884 0.8163644190 0.0 26.0
-1.4139847 124.79936 0.8163644190 0.0 26.0
-1.4139847 119.9884 0.8163644191 5.0 26.0
-3.0467134 124.51383 0.8163644191 5.0 26.0
-3.0467134 124.51383 0.8163644192 0.0 27.0
-5.7068434 128.21657 2.3521914192 0.0 27.0
-5.7068434 128.21657 2.3521914193 0.0 28.0
-7.120828 132.74199 3.1685557193 0.0 28.0
-5.7068434 128.21657 2.3521914194 0.0 28.0
-8.778498 131.9193 2.3521914194 0.0 28.0
-3.0467134 124.51383 0.8163644195 4.0 27.0
-4.6794424 129.03926 0.8163644195 4.0 27.0
-4.6794424 129.03926 0.8163644196 0.0 28.0
-4.6794424 133.85022 0.8163644196 0.0 28.0
-4.6794424 129.03926 0.8163644197 3.0 28.0
-6.312171 133.56468 0.8163644197 3.0 28.0
-6.312171 133.56468 0.8163644198 2.0 29.0
-6.312171 138.37564 0.8163644198 2.0 29.0
-6.312171 138.37564 0.8163644199 0.0 30.0
-4.898186 142.90106 0.0199 0.0 30.0
-6.312171 138.37564 0.8163644200 1.0 30.0
-6.312171 143.1866 0.8163644200 1.0 30.0
-6.312171 143.1866 0.8163644201 0.0 31.0
-7.7261558 147.71202 1.6327288201 0.0 31.0
-7.7261558 147.71202 1.6327288202 0.0 32.0
-7.7261558 152.52298 1.6327288202 0.0 32.0
-7.7261558 147.71202 1.6327288203 0.0 32.0
-9.358885 152.23744 1.6327288203 0.0 32.0
-6.312171 143.1866 0.8163644204 0.0 31.0
-6.312171 147.99756 0.8163644204 0.0 31.0
-6.312171 147.99756 0.8163644205 0.0 32.0
-4.898186 152.52298 0.0205 0.0 32.0
-6.312171 147.99756 0.8163644206 0.0 32.0
-6.312171 152.80852 0.8163644206 0.0 32.0
-6.312171 133.56468 0.8163644207 2.0 29.0
-7.9448996 138.0901 0.8163644207 2.0 29.0
-7.9448996 138.0901 0.8163644208 0.0 30.0
-7.9448996 142.90106 0.8163644208 0.0 30.0
-7.9448996 138.0901 0.8163644209 1.0 30.0
-9.577628 142.61552 0.8163644209 1.0 30.0
-9.577628 142.61552 0.8163644210 0.0 31.0
-12.237759 146.31825 2.3521914210 0.0 31.0
-12.237759 146.31825 2.3521914211 0.0 32.0
-13.651743 150.84367 3.1685557211 0.0 32.0
-12.237759 146.31825 2.3521914212 0.0 32.0
-15.309412 150.02098 2.3521914212 0.0 32.0
-9.577628 142.61552 0.8163644213 0.0 31.0
-11.210357 147.14095 0.8163644213 0.0 31.0
-11.210357 147.14095 0.8163644214 0.0 32.0
-11.210357 151.9519 0.8163644214 0.0 32.0
-11.210357 147.14095 0.8163644215 0.0 32.0
-12.843085 151.66637 0.8163644215 0.0 32.0
0.0 115.462975 0.0216 6.0 25.0
0.0 120.27393 0.0216 6.0 25.0
0.0 120.27393 0.0217 0.0 26.0
1.4139847 124.79936 -0.8163644217 0.0 26.0
0.0 120.27393 0.0218 5.0 26.0
0.0 125.08489 0.0218 5.0 26.0
0.0 125.08489 0.0219 0.0 27.0
-1.4139847 129.61032 0.8163644219 0.0 27.0
-1.4139847 129.61032 0.8163644220 0.0 28.0
-1.4139847 134.42128 0.8163644220 0.0 28.0
-1.4139847 129.61032 0.8163644221 0.0 28.0
-3.0467134 134.13574 0.8163644221 0.0 28.0
0.0 125.08489 0.0222 4.0 27.0
0.0 129.89584 0.0222 4.0 27.0
0.0 129.89584 0.0223 0.0 28.0
1.4139847 134.42126 -0.8163644223 0.0 28.0
0.0 129.89584 0.0224 3.0 28.0
0.0 134.7068 0.0224 3.0 28.0
0.0 134.7068 0.0225 2.0 29.0
1.4139847 139.23222 -0.8163644225 2.0 29.0
1.4139847 139.23222 -0.8163644226 0.0 30.0
4.074115 142.93495 -2.3521914226 0.0 30.0
1.4139847 139.23222 -0.8163644227 1.0 30.0
3.0467134 143.75764 -0.8163644227 1.0 30.0
3.0467134 143.75764 -0.8163644228 0.0 31.0
3.0467134 148.5686 -0.8163644228 0.0 31.0
3.0467134 148.5686 -0.8163644229 0.0 32.0
4.460698 153.09402 -1.6327288229 0.0 32.0
3.0467134 148.5686 -0.8163644230 0.0 32.0
3.0467134 153.37956 -0.8163644230 0.0 32.0
3.0467134 143.75764 -0.8163644231 0.0 31.0
4.6794424 148.28307 -0.8163644231 0.0 31.0
4.6794424 148.28307 -0.8163644232 0.0 32.0
7.339573 151.9858 -2.3521914232 0.0 32.0
4.6794424 148.28307 -0.8163644233 0.0 32.0
6.312171 152.80849 -0.8163644233 0.0 32.0
0.0 134.7068 0.0234 2.0 29.0
0.0 139.51776 0.0234 2.0 29.0
0.0 139.51776 0.0235 0.0 30.0
1.4139847 144.04318 -0.8163644235 0.0 30.0
0.0 139.51776 0.0236 1.0 30.0
0.0 144.32872 0.0236 1.0 30.0
0.0 144.32872 0.0237 0.0 31.0
-1.4139847 148.85414 0.8163644237 0.0 31.0
-1.4139847 148.85414 0.8163644238 0.0 32.0
-1.4139847 153.6651 0.8163644238 0.0 32.0
-1.4139847 148.85414 0.8163644239 0.0 32.0
-3.0467134 153.37956 0.8163644239 0.0 32.0
0.0 144.32872 0.0240 0.0 31.0
0.0 149.13968 0.0240 0.0 31.0
0.0 149.13968 0.0241 0.0 32.0
1.4139847 153.6651 -0.8163644241 0.0 32.0
0.0 149.13968 0.0242 0.0 32.0
0.0 153.95064 0.0242 0.0 32.0
