0.0 0.0 0.00 60.0 1.0
0.0 1.4518695 0.00 60.0 1.0
0.0 1.4518695 0.01 59.0 2.0
0.0 2.903739 0.01 59.0 2.0
0.0 2.903739 0.02 58.0 3.0
0.0 4.3556085 0.02 58.0 3.0
0.0 4.3556085 0.03 57.0 4.0
0.0 5.807478 0.03 57.0 4.0
0.0 5.807478 0.04 56.0 5.0
0.0 7.2593474 0.04 56.0 5.0
0.0 7.2593474 0.05 55.0 6.0
0.0 8.711217 0.05 55.0 6.0
0.0 8.711217 0.06 54.0 7.0
0.0 10.163086 0.06 54.0 7.0
0.0 10.163086 0.07 53.0 8.0
0.0 11.614956 0.07 53.0 8.0
0.0 11.614956 0.08 52.0 9.0
0.0 13.066826 0.08 52.0 9.0
0.0 13.066826 0.09 51.0 10.0
0.0 14.518696 0.09 51.0 10.0
0.0 14.518696 0.010 50.0 11.0
0.0 15.970566 0.010 50.0 11.0
0.0 15.970566 0.011 49.0 12.0
0.0 17.422436 0.011 49.0 12.0
0.0 17.422436 0.012 48.0 13.0
0.0 18.874306 0.012 48.0 13.0
0.0 18.874306 0.013 47.0 14.0
0.0 20.326176 0.013 47.0 14.0
0.0 20.326176 0.014 46.0 15.0
0.0 21.778046 0.014 46.0 15.0
0.0 21.778046 0.015 45.0 16.0
0.0 23.229916 0.015 45.0 16.0
0.0 23.229916 0.016 28.0 17.0
-0.75178176 24.393684 0.4340414416 28.0 17.0
-0.75178176 24.393684 0.4340414417 27.0 18.0
-1.5035635 25.557453 0.868082917 27.0 18.0
-1.5035635 25.557453 0.868082918 26.0 19.0
-2.2553453 26.721222 1.302124318 26.0 19.0
-2.2553453 26.721222 1.302124319 25.0 20.0
-3.007127 27.88499 1.736165819 25.0 20.0
-3.007127 27.88499 1.736165820 24.0 21.0
-3.7589087 29.04876 2.170207320 24.0 21.0
-3.7589087 29.04876 2.170207321 23.0 22.0
-4.5106907 30.212528 2.604248821 23.0 22.0
-4.5106907 30.212528 2.604248822 22.0 23.0
-5.2624726 31.376297 3.038290322 22.0 23.0
-5.2624726 31.376297 3.038290323 21.0 24.0
-6.0142546 32.540066 3.472331823 21.0 24.0
-6.0142546 32.540066 3.472331824 12.0 25.0
-6.0142546 33.991936 3.472331824 12.0 25.0
-6.0142546 33.991936 3.472331825 11.0 26.0
-6.0142546 35.443806 3.472331825 11.0 26.0
-6.0142546 35.443806 3.472331826 10.0 27.0
-6.0142546 36.895676 3.472331826 10.0 27.0
-6.0142546 36.895676 3.472331827 9.0 28.0
-6.0142546 38.347546 3.472331827 9.0 28.0
-6.0142546 38.347546 3.472331828 4.0 29.0
-6.7660365 39.511314 3.906373328 4.0 29.0
-6.7660365 39.511314 3.906373329 3.0 30.0
-7.5178185 40.675083 4.340414529 3.0 30.0
-7.5178185 40.675083 4.340414530 0.0 31.0
-8.723023 41.088886 5.036239630 0.0 31.0
-8.723023 41.088886 5.036239631 0.0 32.0
-10.114674 41.50269 5.036239631 0.0 32.0
-7.5178185 40.675083 4.340414532 2.0 31.0
-8.385901 41.838852 4.340414532 2.0 31.0
-8.385901 41.838852 4.340414533 1.0 32.0
-9.253984 43.00262 4.340414533 1.0 32.0
-9.253984 43.00262 4.340414534 0.0 33.0
-9.253984 44.45449 4.340414534 0.0 33.0
-9.253984 44.45449 4.340414535 0.0 34.0
-9.253984 45.90636 4.340414535 0.0 34.0
-9.253984 43.00262 4.340414536 0.0 33.0
-10.645635 43.416424 4.340414536 0.0 33.0
-10.645635 43.416424 4.340414537 0.0 34.0
-12.037285 43.830227 4.340414537 0.0 34.0
-6.0142546 38.347546 3.472331838 8.0 29.0
-6.0142546 39.799416 3.472331838 8.0 29.0
-6.0142546 39.799416 3.472331839 7.0 30.0
-6.0142546 41.251286 3.472331839 7.0 30.0
-6.0142546 41.251286 3.472331840 6.0 31.0
-6.0142546 42.703156 3.472331840 6.0 31.0
-6.0142546 42.703156 3.472331841 5.0 32.0
-6.0142546 44.155025 3.472331841 5.0 32.0
-6.0142546 44.155025 3.472331842 4.0 33.0
-5.2624726 45.318794 3.038290342 4.0 33.0
-5.2624726 45.318794 3.038290343 3.0 34.0
-4.5106907 46.482563 2.604248843 3.0 34.0
-4.5106907 46.482563 2.604248844 0.0 35.0
-4.5106907 47.934433 2.604248844 0.0 35.0
-4.5106907 47.934433 2.604248845 0.0 36.0
-4.5106907 49.386303 2.604248845 0.0 36.0
-4.5106907 46.482563 2.604248846 2.0 35.0
-3.6426077 47.64633 2.604248846 2.0 35.0
-3.6426077 47.64633 2.604248847 1.0 36.0
-2.7745247 48.8101 2.604248847 1.0 36.0
-2.7745247 48.8101 2.604248848 0.0 37.0
-1.5693201 49.223904 1.908423448 0.0 37.0
-1.5693201 49.223904 1.908423449 0.0 38.0
-0.17766953 49.637707 1.908423449 0.0 38.0
-2.7745247 48.8101 2.604248850 0.0 37.0
-2.7745247 50.26197 2.604248850 0.0 37.0
-2.7745247 50.26197 2.604248851 0.0 38.0
-2.7745247 51.71384 2.604248851 0.0 38.0
-6.0142546 44.155025 3.472331852 4.0 33.0
-6.8823376 45.318794 3.472331852 4.0 33.0
-6.8823376 45.318794 3.472331853 3.0 34.0
-7.7504206 46.482563 3.472331853 3.0 34.0
-7.7504206 46.482563 3.472331854 0.0 35.0
-8.955626 46.896366 4.16815754 0.0 35.0
-8.955626 46.896366 4.16815755 0.0 36.0
-10.347276 47.31017 4.16815755 0.0 36.0
-7.7504206 46.482563 3.472331856 2.0 35.0
-8.618504 47.64633 3.472331856 2.0 35.0
-8.618504 47.64633 3.472331857 1.0 36.0
-9.486587 48.8101 3.472331857 1.0 36.0
-9.486587 48.8101 3.472331858 0.0 37.0
-9.486587 50.26197 3.472331858 0.0 37.0
-9.486587 50.26197 3.472331859 0.0 38.0
-9.486587 51.71384 3.472331859 0.0 38.0
-9.486587 48.8101 3.472331860 0.0 37.0
-10.878237 49.223904 3.472331860 0.0 37.0
-10.878237 49.223904 3.472331861 0.0 38.0
-12.269887 49.637707 3.472331861 0.0 38.0
-6.0142546 32.540066 3.472331862 20.0 25.0
-6.8823376 33.703835 3.472331862 20.0 25.0
-6.8823376 33.703835 3.472331863 19.0 26.0
-7.7504206 34.867603 3.472331863 19.0 26.0
-7.7504206 34.867603 3.472331864 18.0 27.0
-8.618504 36.031372 3.472331864 18.0 27.0
-8.618504 36.031372 3.472331865 17.0 28.0
-9.486587 37.19514 3.472331865 17.0 28.0
-9.486587 37.19514 3.472331866 16.0 29.0
-10.35467 38.35891 3.472331866 16.0 29.0
-10.35467 38.35891 3.472331867 15.0 30.0
-11.222753 39.52268 3.472331867 15.0 30.0
-11.222753 39.52268 3.472331868 14.0 31.0
-12.090836 40.686447 3.472331868 14.0 31.0
-12.090836 40.686447 3.472331869 13.0 32.0
-12.958919 41.850216 3.472331869 13.0 32.0
-12.958919 41.850216 3.472331870 12.0 33.0
-12.958919 43.302086 3.472331870 12.0 33.0
-12.958919 43.302086 3.472331871 11.0 34.0
-12.958919 44.753956 3.472331871 11.0 34.0
-12.958919 44.753956 3.472331872 10.0 35.0
-12.958919 46.205826 3.472331872 10.0 35.0
-12.958919 46.205826 3.472331873 9.0 36.0
-12.958919 47.657696 3.472331873 9.0 36.0
-12.958919 47.657696 3.472331874 4.0 37.0
-13.7107 48.821465 3.906373374 4.0 37.0
-13.7107 48.821465 3.906373375 3.0 38.0
-14.4624815 49.985233 4.340414575 3.0 38.0
-14.4624815 49.985233 4.340414576 0.0 39.0
-15.667686 50.399036 5.036239676 0.0 39.0
-15.667686 50.399036 5.036239677 0.0 40.0
-17.059338 50.81284 5.036239677 0.0 40.0
-14.4624815 49.985233 4.340414578 2.0 39.0
-15.3305645 51.149002 4.340414578 2.0 39.0
-15.3305645 51.149002 4.340414579 1.0 40.0
-16.198647 52.31277 4.340414579 1.0 40.0
-16.198647 52.31277 4.340414580 0.0 41.0
-16.198647 53.76464 4.340414580 0.0 41.0
-16.198647 53.76464 4.340414581 0.0 42.0
-16.198647 55.21651 4.340414581 0.0 42.0
-16.198647 52.31277 4.340414582 0.0 41.0
-17.590298 52.726574 4.340414582 0.0 41.0
-17.590298 52.726574 4.340414583 0.0 42.0
-18.981949 53.140377 4.340414583 0.0 42.0
-12.958919 47.657696 3.472331884 8.0 37.0
-12.958919 49.109566 3.472331884 8.0 37.0
-12.958919 49.109566 3.472331885 7.0 38.0
-12.958919 50.561436 3.472331885 7.0 38.0
-12.958919 50.561436 3.472331886 6.0 39.0
-12.958919 52.013306 3.472331886 6.0 39.0
-12.958919 52.013306 3.472331887 5.0 40.0
-12.958919 53.465176 3.472331887 5.0 40.0
-12.958919 53.465176 3.472331888 4.0 41.0
-12.207137 54.628944 3.038290388 4.0 41.0
-12.207137 54.628944 3.038290389 3.0 42.0
-11.455356 55.792713 2.604248889 3.0 42.0
-11.455356 55.792713 2.604248890 0.0 43.0
-11.455356 57.244583 2.604248890 0.0 43.0
-11.455356 57.244583 2.604248891 0.0 44.0
-11.455356 58.696453 2.604248891 0.0 44.0
-11.455356 55.792713 2.604248892 2.0 43.0
-10.587273 56.956482 2.604248892 2.0 43.0
-10.587273 56.956482 2.604248893 1.0 44.0
-9.71919 58.12025 2.604248893 1.0 44.0
-9.71919 58.12025 2.604248894 0.0 45.0
-8.513985 58.534054 1.908423494 0.0 45.0
-8.513985 58.534054 1.908423495 0.0 46.0
-7.122334 58.947857 1.908423495 0.0 46.0
-9.71919 58.12025 2.604248896 0.0 45.0
-9.71919 59.57212 2.604248896 0.0 45.0
-9.71919 59.57212 2.604248897 0.0 46.0
-9.71919 61.02399 2.604248897 0.0 46.0
-12.958919 53.465176 3.472331898 4.0 41.0
-13.827002 54.628944 3.472331898 4.0 41.0
-13.827002 54.628944 3.472331899 3.0 42.0
-14.695085 55.792713 3.472331899 3.0 42.0
-14.695085 55.792713 3.4723318100 0.0 43.0
-15.90029 56.206516 4.168157100 0.0 43.0
-15.90029 56.206516 4.168157101 0.0 44.0
-17.29194 56.62032 4.168157101 0.0 44.0
-14.695085 55.792713 3.4723318102 2.0 43.0
-15.563168 56.956482 3.4723318102 2.0 43.0
-15.563168 56.956482 3.4723318103 1.0 44.0
-16.43125 58.12025 3.4723318103 1.0 44.0
-16.43125 58.12025 3.4723318104 0.0 45.0
-16.43125 59.57212 3.4723318104 0.0 45.0
-16.43125 59.57212 3.4723318105 0.0 46.0
-16.43125 61.02399 3.4723318105 0.0 46.0
-16.43125 58.12025 3.4723318106 0.0 45.0
-17.8229 58.534054 3.4723318106 0.0 45.0
-17.8229 58.534054 3.4723318107 0.0 46.0
-19.214552 58.947857 3.4723318107 0.0 46.0
-12.958919 41.850216 3.4723318108 12.0 33.0
-14.350569 42.26402 3.4723318108 12.0 33.0
-14.350569 42.26402 3.4723318109 11.0 34.0
-15.742219 42.677822 3.4723318109 11.0 34.0
-15.742219 42.677822 3.4723318110 10.0 35.0
-17.13387 43.091625 3.4723318110 10.0 35.0
-17.13387 43.091625 3.4723318111 9.0 36.0
-18.52552 43.50543 3.4723318111 9.0 36.0
-18.52552 43.50543 3.4723318112 4.0 37.0
-19.70584 43.005043 4.1537895112 4.0 37.0
-19.70584 43.005043 4.1537895113 3.0 38.0
-20.886158 42.504658 4.835247113 3.0 38.0
-20.886158 42.504658 4.835247114 0.0 39.0
-21.57316 41.28867 5.231888114 0.0 39.0
-21.57316 41.28867 5.231888115 0.0 40.0
-22.366442 40.07268 5.231888115 0.0 40.0
-20.886158 42.504658 4.835247116 2.0 39.0
-22.249073 42.004272 4.835247116 2.0 39.0
-22.249073 42.004272 4.835247117 1.0 40.0
-23.611988 41.503887 4.835247117 1.0 40.0
-23.611988 41.503887 4.835247118 0.0 41.0
-24.817192 41.91769 5.531072118 0.0 41.0
-24.817192 41.91769 5.531072119 0.0 42.0
-26.208843 42.331493 5.531072119 0.0 42.0
-23.611988 41.503887 4.835247120 0.0 41.0
-24.40527 40.2879 4.835247120 0.0 41.0
-24.40527 40.2879 4.835247121 0.0 42.0
-25.198551 39.07191 4.835247121 0.0 42.0
-18.52552 43.50543 3.4723318122 8.0 37.0
-19.917171 43.91923 3.4723318122 8.0 37.0
-19.917171 43.91923 3.4723318123 7.0 38.0
-21.308823 44.333035 3.4723318123 7.0 38.0
-21.308823 44.333035 3.4723318124 6.0 39.0
-22.700474 44.746838 3.4723318124 6.0 39.0
-22.700474 44.746838 3.4723318125 5.0 40.0
-24.092125 45.16064 3.4723318125 5.0 40.0
-24.092125 45.16064 3.4723318126 4.0 41.0
-24.843906 46.32441 3.9063733126 4.0 41.0
-24.843906 46.32441 3.9063733127 3.0 42.0
-25.595688 47.48818 4.3404145127 3.0 42.0
-25.595688 47.48818 4.3404145128 0.0 43.0
-26.800892 47.90198 5.0362396128 0.0 43.0
-26.800892 47.90198 5.0362396129 0.0 44.0
-28.192543 48.315784 5.0362396129 0.0 44.0
-25.595688 47.48818 4.3404145130 2.0 43.0
-26.46377 48.651947 4.3404145130 2.0 43.0
-26.46377 48.651947 4.3404145131 1.0 44.0
-27.331852 49.815716 4.3404145131 1.0 44.0
-27.331852 49.815716 4.3404145132 0.0 45.0
-27.331852 51.267586 4.3404145132 0.0 45.0
-27.331852 51.267586 4.3404145133 0.0 46.0
-27.331852 52.719456 4.3404145133 0.0 46.0
-27.331852 49.815716 4.3404145134 0.0 45.0
-28.723503 50.22952 4.3404145134 0.0 45.0
-28.723503 50.22952 4.3404145135 0.0 46.0
-30.115154 50.643322 4.3404145135 0.0 46.0
-24.092125 45.16064 3.4723318136 4.0 41.0
-25.45504 44.660255 3.4723318136 4.0 41.0
-25.45504 44.660255 3.4723318137 3.0 42.0
-26.817955 44.15987 3.4723318137 3.0 42.0
-26.817955 44.15987 3.4723318138 0.0 43.0
-27.504957 42.943882 3.8689725138 0.0 43.0
-27.504957 42.943882 3.8689725139 0.0 44.0
-28.298239 41.727894 3.8689725139 0.0 44.0
-26.817955 44.15987 3.4723318140 2.0 43.0
-28.18087 43.659485 3.4723318140 2.0 43.0
-28.18087 43.659485 3.4723318141 1.0 44.0
-29.543785 43.1591 3.4723318141 1.0 44.0
-29.543785 43.1591 3.4723318142 0.0 45.0
-30.74899 43.572903 4.168157142 0.0 45.0
-30.74899 43.572903 4.168157143 0.0 46.0
-32.14064 43.986706 4.168157143 0.0 46.0
-29.543785 43.1591 3.4723318144 0.0 45.0
-30.337067 41.94311 3.4723318144 0.0 45.0
-30.337067 41.94311 3.4723318145 0.0 46.0
-31.130348 40.727123 3.4723318145 0.0 46.0
0.0 23.229916 0.0146 44.0 17.0
0.0 24.681786 0.0146 44.0 17.0
0.0 24.681786 0.0147 43.0 18.0
0.0 26.133656 0.0147 43.0 18.0
0.0 26.133656 0.0148 42.0 19.0
0.0 27.585526 0.0148 42.0 19.0
0.0 27.585526 0.0149 41.0 20.0
0.0 29.037395 0.0149 41.0 20.0
0.0 29.037395 0.0150 40.0 21.0
0.0 30.489265 0.0150 40.0 21.0
0.0 30.489265 0.0151 39.0 22.0
0.0 31.941135 0.0151 39.0 22.0
0.0 31.941135 0.0152 38.0 23.0
0.0 33.393005 0.0152 38.0 23.0
0.0 33.393005 0.0153 37.0 24.0
0.0 34.844875 0.0153 37.0 24.0
0.0 34.844875 0.0154 36.0 25.0
0.0 36.296745 0.0154 36.0 25.0
0.0 36.296745 0.0155 35.0 26.0
0.0 37.748615 0.0155 35.0 26.0
0.0 37.748615 0.0156 34.0 27.0
0.0 39.200485 0.0156 34.0 27.0
0.0 39.200485 0.0157 33.0 28.0
0.0 40.652355 0.0157 33.0 28.0
0.0 40.652355 0.0158 32.0 29.0
0.0 42.104225 0.0158 32.0 29.0
0.0 42.104225 0.0159 31.0 30.0
0.0 43.556095 0.0159 31.0 30.0
0.0 43.556095 0.0160 30.0 31.0
0.0 45.007965 0.0160 30.0 31.0
0.0 45.007965 0.0161 29.0 32.0
0.0 46.459835 0.0161 29.0 32.0
0.0 46.459835 0.0162 28.0 33.0
0.75178176 47.623604 -0.43404144162 28.0 33.0
0.75178176 47.623604 -0.43404144163 27.0 34.0
1.5035635 48.787373 -0.8680829163 27.0 34.0
1.5035635 48.787373 -0.8680829164 26.0 35.0
2.2553453 49.95114 -1.3021243164 26.0 35.0
2.2553453 49.95114 -1.3021243165 25.0 36.0
3.007127 51.11491 -1.7361658165 25.0 36.0
3.007127 51.11491 -1.7361658166 24.0 37.0
3.7589087 52.27868 -2.1702073166 24.0 37.0
3.7589087 52.27868 -2.1702073167 23.0 38.0
4.5106907 53.442448 -2.6042488167 23.0 38.0
4.5106907 53.442448 -2.6042488168 22.0 39.0
5.2624726 54.606216 -3.0382903168 22.0 39.0
5.2624726 54.606216 -3.0382903169 21.0 40.0
6.0142546 55.769985 -3.4723318169 21.0 40.0
6.0142546 55.769985 -3.4723318170 12.0 41.0
7.219459 56.18379 -4.168157170 12.0 41.0
7.219459 56.18379 -4.168157171 11.0 42.0
8.424664 56.59759 -4.863982171 11.0 42.0
8.424664 56.59759 -4.863982172 10.0 43.0
9.6298685 57.011395 -5.5598073172 10.0 43.0
9.6298685 57.011395 -5.5598073173 9.0 44.0
10.835073 57.425198 -6.2556324173 9.0 44.0
10.835073 57.425198 -6.2556324174 4.0 45.0
11.586855 58.588966 -6.689674174 4.0 45.0
11.586855 58.588966 -6.689674175 3.0 46.0
12.338636 59.752735 -7.1237154175 3.0 46.0
12.338636 59.752735 -7.1237154176 0.0 47.0
12.338636 61.204605 -7.1237154176 0.0 47.0
12.338636 61.204605 -7.1237154177 0.0 48.0
12.338636 62.656475 -7.1237154177 0.0 48.0
12.338636 59.752735 -7.1237154178 2.0 47.0
13.206719 60.916504 -7.1237154178 2.0 47.0
13.206719 60.916504 -7.1237154179 1.0 48.0
14.074802 62.080273 -7.1237154179 1.0 48.0
14.074802 62.080273 -7.1237154180 0.0 49.0
15.280007 62.494076 -7.8195405180 0.0 49.0
15.280007 62.494076 -7.8195405181 0.0 50.0
16.671658 62.90788 -7.8195405181 0.0 50.0
14.074802 62.080273 -7.1237154182 0.0 49.0
14.074802 63.532143 -7.1237154182 0.0 49.0
14.074802 63.532143 -7.1237154183 0.0 50.0
14.074802 64.98401 -7.1237154183 0.0 50.0
10.835073 57.425198 -6.2556324184 8.0 45.0
12.226724 57.839 -6.2556324184 8.0 45.0
12.226724 57.839 -6.2556324185 7.0 46.0
13.618374 58.252804 -6.2556324185 7.0 46.0
13.618374 58.252804 -6.2556324186 6.0 47.0
15.010024 58.666607 -6.2556324186 6.0 47.0
15.010024 58.666607 -6.2556324187 5.0 48.0
16.401674 59.08041 -6.2556324187 5.0 48.0
16.401674 59.08041 -6.2556324188 4.0 49.0
17.581993 58.580025 -6.93709188 4.0 49.0
17.581993 58.580025 -6.93709189 3.0 50.0
18.762312 58.07964 -7.6185474189 3.0 50.0
18.762312 58.07964 -7.6185474190 0.0 51.0
19.967516 58.493443 -8.314373190 0.0 51.0
19.967516 58.493443 -8.314373191 0.0 52.0
21.359167 58.907246 -8.314373191 0.0 52.0
18.762312 58.07964 -7.6185474192 2.0 51.0
20.125227 57.579254 -7.6185474192 2.0 51.0
20.125227 57.579254 -7.6185474193 1.0 52.0
21.488142 57.07887 -7.6185474193 1.0 52.0
21.488142 57.07887 -7.6185474194 0.0 53.0
22.175144 55.86288 -8.015188194 0.0 53.0
22.175144 55.86288 -8.015188195 0.0 54.0
22.968426 54.646893 -8.015188195 0.0 54.0
21.488142 57.07887 -7.6185474196 0.0 53.0
22.879793 57.492672 -7.6185474196 0.0 53.0
22.879793 57.492672 -7.6185474197 0.0 54.0
24.271444 57.906475 -7.6185474197 0.0 54.0
16.401674 59.08041 -6.2556324198 4.0 49.0
17.269756 60.24418 -6.2556324198 4.0 49.0
17.269756 60.24418 -6.2556324199 3.0 50.0
18.137838 61.407948 -6.2556324199 3.0 50.0
18.137838 61.407948 -6.2556324200 0.0 51.0
18.137838 62.859818 -6.2556324200 0.0 51.0
18.137838 62.859818 -6.2556324201 0.0 52.0
18.137838 64.31168 -6.2556324201 0.0 52.0
18.137838 61.407948 -6.2556324202 2.0 51.0
19.00592 62.571716 -6.2556324202 2.0 51.0
19.00592 62.571716 -6.2556324203 1.0 52.0
19.874002 63.735485 -6.2556324203 1.0 52.0
19.874002 63.735485 -6.2556324204 0.0 53.0
21.079206 64.14929 -6.9514575204 0.0 53.0
21.079206 64.14929 -6.9514575205 0.0 54.0
22.470858 64.563095 -6.9514575205 0.0 54.0
19.874002 63.735485 -6.2556324206 0.0 53.0
19.874002 65.187355 -6.2556324206 0.0 53.0
19.874002 65.187355 -6.2556324207 0.0 54.0
19.874002 66.63922 -6.2556324207 0.0 54.0
6.0142546 55.769985 -3.4723318208 20.0 41.0
6.8823376 56.933754 -3.4723318208 20.0 41.0
6.8823376 56.933754 -3.4723318209 19.0 42.0
7.7504206 58.097523 -3.4723318209 19.0 42.0
7.7504206 58.097523 -3.4723318210 18.0 43.0
8.618504 59.26129 -3.4723318210 18.0 43.0
8.618504 59.26129 -3.4723318211 17.0 44.0
9.486587 60.42506 -3.4723318211 17.0 44.0
9.486587 60.42506 -3.4723318212 16.0 45.0
10.35467 61.58883 -3.4723318212 16.0 45.0
10.35467 61.58883 -3.4723318213 15.0 46.0
11.222753 62.752598 -3.4723318213 15.0 46.0
11.222753 62.752598 -3.4723318214 14.0 47.0
12.090836 63.916367 -3.4723318214 14.0 47.0
12.090836 63.916367 -3.4723318215 13.0 48.0
12.958919 65.08013 -3.4723318215 13.0 48.0
12.958919 65.08013 -3.4723318216 12.0 49.0
14.164124 65.493935 -4.168157216 12.0 49.0
14.164124 65.493935 -4.168157217 11.0 50.0
15.3693285 65.90774 -4.863982217 11.0 50.0
15.3693285 65.90774 -4.863982218 10.0 51.0
16.574533 66.32154 -5.5598073218 10.0 51.0
16.574533 66.32154 -5.5598073219 9.0 52.0
17.779737 66.735344 -6.2556324219 9.0 52.0
17.779737 66.735344 -6.2556324220 4.0 53.0
18.531519 67.89911 -6.689674220 4.0 53.0
18.531519 67.89911 -6.689674221 3.0 54.0
19.2833 69.062874 -7.1237154221 3.0 54.0
19.2833 69.062874 -7.1237154222 0.0 55.0
19.2833 70.51474 -7.1237154222 0.0 55.0
19.2833 70.51474 -7.1237154223 0.0 56.0
19.2833 71.966606 -7.1237154223 0.0 56.0
19.2833 69.062874 -7.1237154224 2.0 55.0
20.151382 70.22664 -7.1237154224 2.0 55.0
20.151382 70.22664 -7.1237154225 1.0 56.0
21.019464 71.3904 -7.1237154225 1.0 56.0
21.019464 71.3904 -7.1237154226 0.0 57.0
22.224669 71.80421 -7.8195405226 0.0 57.0
22.224669 71.80421 -7.8195405227 0.0 58.0
23.61632 72.21801 -7.8195405227 0.0 58.0
21.019464 71.3904 -7.1237154228 0.0 57.0
21.019464 72.84227 -7.1237154228 0.0 57.0
21.019464 72.84227 -7.1237154229 0.0 58.0
21.019464 74.294136 -7.1237154229 0.0 58.0
17.779737 66.735344 -6.2556324230 8.0 53.0
19.171389 67.14915 -6.2556324230 8.0 53.0
19.171389 67.14915 -6.2556324231 7.0 54.0
20.56304 67.56295 -6.2556324231 7.0 54.0
20.56304 67.56295 -6.2556324232 6.0 55.0
21.95469 67.97675 -6.2556324232 6.0 55.0
21.95469 67.97675 -6.2556324233 5.0 56.0
23.346342 68.39056 -6.2556324233 5.0 56.0
23.346342 68.39056 -6.2556324234 4.0 57.0
24.52666 67.89017 -6.93709234 4.0 57.0
24.52666 67.89017 -6.93709235 3.0 58.0
25.70698 67.38978 -7.6185474235 3.0 58.0
25.70698 67.38978 -7.6185474236 0.0 59.0
26.912184 67.80358 -8.314373236 0.0 59.0
26.912184 67.80358 -8.314373237 0.0 60.0
28.303835 68.217384 -8.314373237 0.0 60.0
25.70698 67.38978 -7.6185474238 2.0 59.0
27.069895 66.88939 -7.6185474238 2.0 59.0
27.069895 66.88939 -7.6185474239 1.0 60.0
28.43281 66.389 -7.6185474239 1.0 60.0
28.43281 66.389 -7.6185474240 0.0 61.0
29.119812 65.17301 -8.015188240 0.0 61.0
29.119812 65.17301 -8.015188241 0.0 62.0
29.913094 63.957024 -8.015188241 0.0 62.0
28.43281 66.389 -7.6185474242 0.0 61.0
29.824461 66.8028 -7.6185474242 0.0 61.0
29.824461 66.8028 -7.6185474243 0.0 62.0
31.216112 67.216606 -7.6185474243 0.0 62.0
23.346342 68.39056 -6.2556324244 4.0 57.0
24.214424 69.55432 -6.2556324244 4.0 57.0
24.214424 69.55432 -6.2556324245 3.0 58.0
25.082506 70.71809 -6.2556324245 3.0 58.0
25.082506 70.71809 -6.2556324246 0.0 59.0
25.082506 72.16995 -6.2556324246 0.0 59.0
25.082506 72.16995 -6.2556324247 0.0 60.0
25.082506 73.62182 -6.2556324247 0.0 60.0
25.082506 70.71809 -6.2556324248 2.0 59.0
25.950588 71.88185 -6.2556324248 2.0 59.0
25.950588 71.88185 -6.2556324249 1.0 60.0
26.81867 73.045616 -6.2556324249 1.0 60.0
26.81867 73.045616 -6.2556324250 0.0 61.0
28.023874 73.45942 -6.9514575250 0.0 61.0
28.023874 73.45942 -6.9514575251 0.0 62.0
29.415525 73.87322 -6.9514575251 0.0 62.0
26.81867 73.045616 -6.2556324252 0.0 61.0
26.81867 74.49748 -6.2556324252 0.0 61.0
26.81867 74.49748 -6.2556324253 0.0 62.0
26.81867 75.94935 -6.2556324253 0.0 62.0
12.958919 65.08013 -3.4723318254 12.0 49.0
12.958919 66.532 -3.4723318254 12.0 49.0
12.958919 66.532 -3.4723318255 11.0 50.0
12.958919 67.983864 -3.4723318255 11.0 50.0
12.958919 67.983864 -3.4723318256 10.0 51.0
12.958919 69.43573 -3.4723318256 10.0 51.0
12.958919 69.43573 -3.4723318257 9.0 52.0
12.958919 70.887596 -3.4723318257 9.0 52.0
12.958919 70.887596 -3.4723318258 4.0 53.0
12.207137 72.05136 -3.0382903258 4.0 53.0
12.207137 72.05136 -3.0382903259 3.0 54.0
11.455356 73.215126 -2.6042488259 3.0 54.0
11.455356 73.215126 -2.6042488260 0.0 55.0
10.250151 73.62893 -1.9084234260 0.0 55.0
10.250151 73.62893 -1.9084234261 0.0 56.0
8.8585005 74.04273 -1.9084234261 0.0 56.0
11.455356 73.215126 -2.6042488262 2.0 55.0
10.587273 74.37889 -2.6042488262 2.0 55.0
10.587273 74.37889 -2.6042488263 1.0 56.0
9.71919 75.542656 -2.6042488263 1.0 56.0
9.71919 75.542656 -2.6042488264 0.0 57.0
9.71919 76.99452 -2.6042488264 0.0 57.0
9.71919 76.99452 -2.6042488265 0.0 58.0
9.71919 78.44639 -2.6042488265 0.0 58.0
9.71919 75.542656 -2.6042488266 0.0 57.0
8.327539 75.95646 -2.6042488266 0.0 57.0
8.327539 75.95646 -2.6042488267 0.0 58.0
6.935889 76.37026 -2.6042488267 0.0 58.0
12.958919 70.887596 -3.4723318268 8.0 53.0
12.958919 72.33946 -3.4723318268 8.0 53.0
12.958919 72.33946 -3.4723318269 7.0 54.0
12.958919 73.79133 -3.4723318269 7.0 54.0
12.958919 73.79133 -3.4723318270 6.0 55.0
12.958919 75.243195 -3.4723318270 6.0 55.0
12.958919 75.243195 -3.4723318271 5.0 56.0
12.958919 76.69506 -3.4723318271 5.0 56.0
12.958919 76.69506 -3.4723318272 4.0 57.0
13.7107 77.858826 -3.9063733272 4.0 57.0
13.7107 77.858826 -3.9063733273 3.0 58.0
14.4624815 79.02259 -4.3404145273 3.0 58.0
14.4624815 79.02259 -4.3404145274 0.0 59.0
14.4624815 80.47446 -4.3404145274 0.0 59.0
14.4624815 80.47446 -4.3404145275 0.0 60.0
14.4624815 81.92632 -4.3404145275 0.0 60.0
14.4624815 79.02259 -4.3404145276 2.0 59.0
15.3305645 80.186356 -4.3404145276 2.0 59.0
15.3305645 80.186356 -4.3404145277 1.0 60.0
16.198647 81.35012 -4.3404145277 1.0 60.0
16.198647 81.35012 -4.3404145278 0.0 61.0
17.40385 81.76392 -5.0362396278 0.0 61.0
17.40385 81.76392 -5.0362396279 0.0 62.0
18.795502 82.17773 -5.0362396279 0.0 62.0
16.198647 81.35012 -4.3404145280 0.0 61.0
16.198647 82.80199 -4.3404145280 0.0 61.0
16.198647 82.80199 -4.3404145281 0.0 62.0
16.198647 84.25385 -4.3404145281 0.0 62.0
12.958919 76.69506 -3.4723318282 4.0 57.0
12.090836 77.858826 -3.4723318282 4.0 57.0
12.090836 77.858826 -3.4723318283 3.0 58.0
11.222753 79.02259 -3.4723318283 3.0 58.0
11.222753 79.02259 -3.4723318284 0.0 59.0
10.017548 79.43639 -2.7765064284 0.0 59.0
10.017548 79.43639 -2.7765064285 0.0 60.0
8.625897 79.8502 -2.7765064285 0.0 60.0
11.222753 79.02259 -3.4723318286 2.0 59.0
10.35467 80.186356 -3.4723318286 2.0 59.0
10.35467 80.186356 -3.4723318287 1.0 60.0
9.486587 81.35012 -3.4723318287 1.0 60.0
9.486587 81.35012 -3.4723318288 0.0 61.0
9.486587 82.80199 -3.4723318288 0.0 61.0
9.486587 82.80199 -3.4723318289 0.0 62.0
9.486587 84.25385 -3.4723318289 0.0 62.0
9.486587 81.35012 -3.4723318290 0.0 61.0
8.094936 81.76392 -3.4723318290 0.0 61.0
8.094936 81.76392 -3.4723318291 0.0 62.0
6.7032857 82.17773 -3.4723318291 0.0 62.0
0.0 46.459835 0.0292 28.0 33.0
-0.8680829 47.623604 0.0292 28.0 33.0
-0.8680829 47.623604 0.0293 27.0 34.0
-1.7361658 48.787373 0.0293 27.0 34.0
-1.7361658 48.787373 0.0294 26.0 35.0
-2.6042485 49.95114 0.0294 26.0 35.0
-2.6042485 49.95114 0.0295 25.0 36.0
-3.4723315 51.11491 0.0295 25.0 36.0
-3.4723315 51.11491 0.0296 24.0 37.0
-4.3404145 52.27868 0.0296 24.0 37.0
-4.3404145 52.27868 0.0297 23.0 38.0
-5.2084975 53.442448 0.0297 23.0 38.0
-5.2084975 53.442448 0.0298 22.0 39.0
-6.0765805 54.606216 0.0298 22.0 39.0
-6.0765805 54.606216 0.0299 21.0 40.0
-6.9446635 55.769985 0.0299 21.0 40.0
-6.9446635 55.769985 0.0300 12.0 41.0
-6.9446635 57.221855 0.0300 12.0 41.0
-6.9446635 57.221855 0.0301 11.0 42.0
-6.9446635 58.673725 0.0301 11.0 42.0
-6.9446635 58.673725 0.0302 10.0 43.0
-6.9446635 60.125595 0.0302 10.0 43.0
-6.9446635 60.125595 0.0303 9.0 44.0
-6.9446635 61.577465 0.0303 9.0 44.0
-6.9446635 61.577465 0.0304 4.0 45.0
-7.6964455 62.741234 0.43404144304 4.0 45.0
-7.6964455 62.741234 0.43404144305 3.0 46.0
-8.448227 63.905003 0.8680829305 3.0 46.0
-8.448227 63.905003 0.8680829306 0.0 47.0
-9.653432 64.31881 1.5639081306 0.0 47.0
-9.653432 64.31881 1.5639081307 0.0 48.0
-11.045082 64.73261 1.5639081307 0.0 48.0
-8.448227 63.905003 0.8680829308 2.0 47.0
-9.31631 65.06877 0.8680829308 2.0 47.0
-9.31631 65.06877 0.8680829309 1.0 48.0
-10.184393 66.23254 0.8680829309 1.0 48.0
-10.184393 66.23254 0.8680829310 0.0 49.0
-10.184393 67.6844 0.8680829310 0.0 49.0
-10.184393 67.6844 0.8680829311 0.0 50.0
-10.184393 69.13627 0.8680829311 0.0 50.0
-10.184393 66.23254 0.8680829312 0.0 49.0
-11.576043 66.64634 0.8680829312 0.0 49.0
-11.576043 66.64634 0.8680829313 0.0 50.0
-12.967693 67.06014 0.8680829313 0.0 50.0
-6.9446635 61.577465 0.0314 8.0 45.0
-6.9446635 63.029335 0.0314 8.0 45.0
-6.9446635 63.029335 0.0315 7.0 46.0
-6.9446635 64.4812 0.0315 7.0 46.0
-6.9446635 64.4812 0.0316 6.0 47.0
-6.9446635 65.93307 0.0316 6.0 47.0
-6.9446635 65.93307 0.0317 5.0 48.0
-6.9446635 67.38493 0.0317 5.0 48.0
-6.9446635 67.38493 0.0318 4.0 49.0
-6.1928816 68.5487 -0.43404144318 4.0 49.0
-6.1928816 68.5487 -0.43404144319 3.0 50.0
-5.4410996 69.71246 -0.8680829319 3.0 50.0
-5.4410996 69.71246 -0.8680829320 0.0 51.0
-5.4410996 71.16433 -0.8680829320 0.0 51.0
-5.4410996 71.16433 -0.8680829321 0.0 52.0
-5.4410996 72.616196 -0.8680829321 0.0 52.0
-5.4410996 69.71246 -0.8680829322 2.0 51.0
-4.5730166 70.87623 -0.8680829322 2.0 51.0
-4.5730166 70.87623 -0.8680829323 1.0 52.0
-3.7049336 72.03999 -0.8680829323 1.0 52.0
-3.7049336 72.03999 -0.8680829324 0.0 53.0
-2.4997292 72.4538 -1.5639081324 0.0 53.0
-2.4997292 72.4538 -1.5639081325 0.0 54.0
-1.1080786 72.8676 -1.5639081325 0.0 54.0
-3.7049336 72.03999 -0.8680829326 0.0 53.0
-3.7049336 73.49186 -0.8680829326 0.0 53.0
-3.7049336 73.49186 -0.8680829327 0.0 54.0
-3.7049336 74.943726 -0.8680829327 0.0 54.0
-6.9446635 67.38493 0.0328 4.0 49.0
-7.8127465 68.5487 0.0328 4.0 49.0
-7.8127465 68.5487 0.0329 3.0 50.0
-8.680829 69.71246 0.0329 3.0 50.0
-8.680829 69.71246 0.0330 0.0 51.0
-9.886034 70.12627 0.6958253330 0.0 51.0
-9.886034 70.12627 0.6958253331 0.0 52.0
-11.277684 70.54007 0.6958253331 0.0 52.0
-8.680829 69.71246 0.0332 2.0 51.0
-9.548912 70.87623 0.0332 2.0 51.0
-9.548912 70.87623 0.0333 1.0 52.0
-10.416995 72.03999 0.0333 1.0 52.0
-10.416995 72.03999 0.0334 0.0 53.0
-10.416995 73.49186 0.0334 0.0 53.0
-10.416995 73.49186 0.0335 0.0 54.0
-10.416995 74.943726 0.0335 0.0 54.0
-10.416995 72.03999 0.0336 0.0 53.0
-11.808645 72.4538 0.0336 0.0 53.0
-11.808645 72.4538 0.0337 0.0 54.0
-13.200295 72.8676 0.0337 0.0 54.0
-6.9446635 55.769985 0.0338 20.0 41.0
-7.8127465 56.933754 0.0338 20.0 41.0
-7.8127465 56.933754 0.0339 19.0 42.0
-8.680829 58.097523 0.0339 19.0 42.0
-8.680829 58.097523 0.0340 18.0 43.0
-9.548912 59.26129 0.0340 18.0 43.0
-9.548912 59.26129 0.0341 17.0 44.0
-10.416995 60.42506 0.0341 17.0 44.0
-10.416995 60.42506 0.0342 16.0 45.0
-11.285078 61.58883 0.0342 16.0 45.0
-11.285078 61.58883 0.0343 15.0 46.0
-12.153161 62.752598 0.0343 15.0 46.0
-12.153161 62.752598 0.0344 14.0 47.0
-13.021244 63.916367 0.0344 14.0 47.0
-13.021244 63.916367 0.0345 13.0 48.0
-13.889327 65.08013 0.0345 13.0 48.0
-13.889327 65.08013 0.0346 12.0 49.0
-13.889327 66.532 0.0346 12.0 49.0
-13.889327 66.532 0.0347 11.0 50.0
-13.889327 67.983864 0.0347 11.0 50.0
-13.889327 67.983864 0.0348 10.0 51.0
-13.889327 69.43573 0.0348 10.0 51.0
-13.889327 69.43573 0.0349 9.0 52.0
-13.889327 70.887596 0.0349 9.0 52.0
-13.889327 70.887596 0.0350 4.0 53.0
-14.6411085 72.05136 0.43404144350 4.0 53.0
-14.6411085 72.05136 0.43404144351 3.0 54.0
-15.39289 73.215126 0.8680829351 3.0 54.0
-15.39289 73.215126 0.8680829352 0.0 55.0
-16.598095 73.62893 1.5639081352 0.0 55.0
-16.598095 73.62893 1.5639081353 0.0 56.0
-17.989746 74.04273 1.5639081353 0.0 56.0
-15.39289 73.215126 0.8680829354 2.0 55.0
-16.260973 74.37889 0.8680829354 2.0 55.0
-16.260973 74.37889 0.8680829355 1.0 56.0
-17.129055 75.542656 0.8680829355 1.0 56.0
-17.129055 75.542656 0.8680829356 0.0 57.0
-17.129055 76.99452 0.8680829356 0.0 57.0
-17.129055 76.99452 0.8680829357 0.0 58.0
-17.129055 78.44639 0.8680829357 0.0 58.0
-17.129055 75.542656 0.8680829358 0.0 57.0
-18.520706 75.95646 0.8680829358 0.0 57.0
-18.520706 75.95646 0.8680829359 0.0 58.0
-19.912357 76.37026 0.8680829359 0.0 58.0
-13.889327 70.887596 0.0360 8.0 53.0
-13.889327 72.33946 0.0360 8.0 53.0
-13.889327 72.33946 0.0361 7.0 54.0
-13.889327 73.79133 0.0361 7.0 54.0
-13.889327 73.79133 0.0362 6.0 55.0
-13.889327 75.243195 0.0362 6.0 55.0
-13.889327 75.243195 0.0363 5.0 56.0
-13.889327 76.69506 0.0363 5.0 56.0
-13.889327 76.69506 0.0364 4.0 57.0
-13.137546 77.858826 -0.43404144364 4.0 57.0
-13.137546 77.858826 -0.43404144365 3.0 58.0
-12.385764 79.02259 -0.8680829365 3.0 58.0
-12.385764 79.02259 -0.8680829366 0.0 59.0
-12.385764 80.47446 -0.8680829366 0.0 59.0
-12.385764 80.47446 -0.8680829367 0.0 60.0
-12.385764 81.92632 -0.8680829367 0.0 60.0
-12.385764 79.02259 -0.8680829368 2.0 59.0
-11.517681 80.186356 -0.8680829368 2.0 59.0
-11.517681 80.186356 -0.8680829369 1.0 60.0
-10.649598 81.35012 -0.8680829369 1.0 60.0
-10.649598 81.35012 -0.8680829370 0.0 61.0
-9.444393 81.76392 -1.5639081370 0.0 61.0
-9.444393 81.76392 -1.5639081371 0.0 62.0
-8.052743 82.17773 -1.5639081371 0.0 62.0
-10.649598 81.35012 -0.8680829372 0.0 61.0
-10.649598 82.80199 -0.8680829372 0.0 61.0
-10.649598 82.80199 -0.8680829373 0.0 62.0
-10.649598 84.25385 -0.8680829373 0.0 62.0
-13.889327 76.69506 0.0374 4.0 57.0
-14.75741 77.858826 0.0374 4.0 57.0
-14.75741 77.858826 0.0375 3.0 58.0
-15.625493 79.02259 0.0375 3.0 58.0
-15.625493 79.02259 0.0376 0.0 59.0
-16.830698 79.43639 0.6958253376 0.0 59.0
-16.830698 79.43639 0.6958253377 0.0 60.0
-18.22235 79.8502 0.6958253377 0.0 60.0
-15.625493 79.02259 0.0378 2.0 59.0
-16.493576 80.186356 0.0378 2.0 59.0
-16.493576 80.186356 0.0379 1.0 60.0
-17.361658 81.35012 0.0379 1.0 60.0
-17.361658 81.35012 0.0380 0.0 61.0
-17.361658 82.80199 0.0380 0.0 61.0
-17.361658 82.80199 0.0381 0.0 62.0
-17.361658 84.25385 0.0381 0.0 62.0
-17.361658 81.35012 0.0382 0.0 61.0
-18.75331 81.76392 0.0382 0.0 61.0
-18.75331 81.76392 0.0383 0.0 62.0
-20.14496 82.17773 0.0383 0.0 62.0
-13.889327 65.08013 0.0384 12.0 49.0
-15.280977 65.493935 0.0384 12.0 49.0
-15.280977 65.493935 0.0385 11.0 50.0
-16.672628 65.90774 0.0385 11.0 50.0
-16.672628 65.90774 0.0386 10.0 51.0
-18.06428 66.32154 0.0386 10.0 51.0
-18.06428 66.32154 0.0387 9.0 52.0
-19.45593 66.735344 0.0387 9.0 52.0
-19.45593 66.735344 0.0388 4.0 53.0
-20.63625 66.234955 0.6814577388 4.0 53.0
-20.63625 66.234955 0.6814577389 3.0 54.0
-21.816568 65.734566 1.3629154389 3.0 54.0
-21.816568 65.734566 1.3629154390 0.0 55.0
-22.50357 64.51858 1.7595562390 0.0 55.0
-22.50357 64.51858 1.7595562391 0.0 56.0
-23.296852 63.30259 1.7595562391 0.0 56.0
-21.816568 65.734566 1.3629154392 2.0 55.0
-23.179483 65.23418 1.3629154392 2.0 55.0
-23.179483 65.23418 1.3629154393 1.0 56.0
-24.542398 64.73379 1.3629154393 1.0 56.0
-24.542398 64.73379 1.3629154394 0.0 57.0
-25.747602 65.14759 2.0587406394 0.0 57.0
-25.747602 65.14759 2.0587406395 0.0 58.0
-27.139254 65.56139 2.0587406395 0.0 58.0
-24.542398 64.73379 1.3629154396 0.0 57.0
-25.33568 63.5178 1.3629154396 0.0 57.0
-25.33568 63.5178 1.3629154397 0.0 58.0
-26.128962 62.30181 1.3629154397 0.0 58.0
-19.45593 66.735344 0.0398 8.0 53.0
-20.847582 67.14915 0.0398 8.0 53.0
-20.847582 67.14915 0.0399 7.0 54.0
-22.239233 67.56295 0.0399 7.0 54.0
-22.239233 67.56295 0.0400 6.0 55.0
-23.630884 67.97675 0.0400 6.0 55.0
-23.630884 67.97675 0.0401 5.0 56.0
-25.022535 68.39056 0.0401 5.0 56.0
-25.022535 68.39056 0.0402 4.0 57.0
-25.774317 69.55432 0.43404144402 4.0 57.0
-25.774317 69.55432 0.43404144403 3.0 58.0
-26.526098 70.71809 0.8680829403 3.0 58.0
-26.526098 70.71809 0.8680829404 0.0 59.0
-27.731302 71.13189 1.5639081404 0.0 59.0
-27.731302 71.13189 1.5639081405 0.0 60.0
-29.122953 71.54569 1.5639081405 0.0 60.0
-26.526098 70.71809 0.8680829406 2.0 59.0
-27.39418 71.88185 0.8680829406 2.0 59.0
-27.39418 71.88185 0.8680829407 1.0 60.0
-28.262262 73.045616 0.8680829407 1.0 60.0
-28.262262 73.045616 0.8680829408 0.0 61.0
-28.262262 74.49748 0.8680829408 0.0 61.0
-28.262262 74.49748 0.8680829409 0.0 62.0
-28.262262 75.94935 0.8680829409 0.0 62.0
-28.262262 73.045616 0.8680829410 0.0 61.0
-29.653913 73.45942 0.8680829410 0.0 61.0
-29.653913 73.45942 0.8680829411 0.0 62.0
-31.045565 73.87322 0.8680829411 0.0 62.0
-25.022535 68.39056 0.0412 4.0 57.0
-26.38545 67.89017 0.0412 4.0 57.0
-26.38545 67.89017 0.0413 3.0 58.0
-27.748365 67.38978 0.0413 3.0 58.0
-27.748365 67.38978 0.0414 0.0 59.0
-28.435368 66.17379 0.39664075414 0.0 59.0
-28.435368 66.17379 0.39664075415 0.0 60.0
-29.22865 64.9578 0.39664075415 0.0 60.0
-27.748365 67.38978 0.0416 2.0 59.0
-29.11128 66.88939 0.0416 2.0 59.0
-29.11128 66.88939 0.0417 1.0 60.0
-30.474195 66.389 0.0417 1.0 60.0
-30.474195 66.389 0.0418 0.0 61.0
-31.6794 66.8028 0.6958253418 0.0 61.0
-31.6794 66.8028 0.6958253419 0.0 62.0
-33.07105 67.216606 0.6958253419 0.0 62.0
-30.474195 66.389 0.0420 0.0 61.0
-31.267477 65.17301 0.0420 0.0 61.0
-31.267477 65.17301 0.0421 0.0 62.0
-32.060757 63.957024 0.0421 0.0 62.0
