0.0 0.0 0.00 30.0 1.0
0.0 4.646494 0.00 30.0 1.0
0.0 4.646494 0.01 0.0 2.0
0.6009623 9.240878 -0.346965731 0.0 2.0
0.0 4.646494 0.02 29.0 2.0
0.0 9.292988 0.02 29.0 2.0
0.0 9.292988 0.03 0.0 3.0
0.6009623 13.887372 -0.346965733 0.0 3.0
0.6009623 13.887372 -0.346965734 0.0 4.0
1.7894074 18.326595 -1.03311484 0.0 4.0
0.6009623 13.887372 -0.346965735 0.0 4.0
1.2948937 18.481756 -0.346965735 0.0 4.0
0.0 9.292988 0.06 28.0 3.0
0.0 13.939482 0.06 28.0 3.0
0.0 13.939482 0.07 0.0 4.0
0.6009623 18.533867 -0.346965737 0.0 4.0
0.0 13.939482 0.08 27.0 4.0
0.0 18.585976 0.08 27.0 4.0
0.0 18.585976 0.09 2.0 5.0
0.6009623 23.180359 -0.346965739 2.0 5.0
0.6009623 23.180359 -0.3469657310 0.0 6.0
1.7894074 27.619583 -1.033114810 0.0 6.0
0.6009623 23.180359 -0.3469657311 1.0 6.0
1.2948937 27.774742 -0.3469657311 1.0 6.0
1.2948937 27.774742 -0.3469657312 0.0 7.0
2.4833388 32.213966 -1.033114812 0.0 7.0
2.4833388 32.213966 -1.033114813 0.0 8.0
4.23261 36.398457 -2.04305713 0.0 8.0
2.4833388 32.213966 -1.033114814 0.0 8.0
3.855637 36.65319 -1.033114814 0.0 8.0
1.2948937 27.774742 -0.3469657315 0.0 7.0
1.9888252 32.369125 -0.3469657315 0.0 7.0
1.9888252 32.369125 -0.3469657316 0.0 8.0
3.1772704 36.80835 -1.033114816 0.0 8.0
1.9888252 32.369125 -0.3469657317 0.0 8.0
2.6827567 36.96351 -0.3469657317 0.0 8.0
0.0 18.585976 0.018 26.0 5.0
0.0 23.23247 0.018 26.0 5.0
0.0 23.23247 0.019 0.0 6.0
0.6009623 27.826855 -0.3469657319 0.0 6.0
0.0 23.23247 0.020 25.0 6.0
0.0 27.878963 0.020 25.0 6.0
0.0 27.878963 0.021 0.0 7.0
0.6009623 32.473347 -0.3469657321 0.0 7.0
0.6009623 32.473347 -0.3469657322 0.0 8.0
1.7894074 36.91257 -1.033114822 0.0 8.0
0.6009623 32.473347 -0.3469657323 0.0 8.0
1.2948937 37.06773 -0.3469657323 0.0 8.0
0.0 27.878963 0.024 24.0 7.0
0.0 32.52546 0.024 24.0 7.0
0.0 32.52546 0.025 0.0 8.0
0.6009623 37.119843 -0.3469657325 0.0 8.0
0.0 32.52546 0.026 23.0 8.0
0.0 37.17195 0.026 23.0 8.0
0.0 37.17195 0.027 6.0 9.0
0.6009623 41.766335 -0.3469657327 6.0 9.0
0.6009623 41.766335 -0.3469657328 0.0 10.0
1.7894074 46.20556 -1.033114828 0.0 10.0
0.6009623 41.766335 -0.3469657329 5.0 10.0
1.2948937 46.360718 -0.3469657329 5.0 10.0
1.2948937 46.360718 -0.3469657330 0.0 11.0
2.4833388 50.799942 -1.033114830 0.0 11.0
2.4833388 50.799942 -1.033114831 0.0 12.0
4.23261 54.984432 -2.04305731 0.0 12.0
2.4833388 50.799942 -1.033114832 0.0 12.0
3.855637 55.239166 -1.033114832 0.0 12.0
1.2948937 46.360718 -0.3469657333 4.0 11.0
1.9888252 50.9551 -0.3469657333 4.0 11.0
1.9888252 50.9551 -0.3469657334 0.0 12.0
3.1772704 55.394325 -1.033114834 0.0 12.0
1.9888252 50.9551 -0.3469657335 3.0 12.0
2.6827567 55.549484 -0.3469657335 3.0 12.0
2.6827567 55.549484 -0.3469657336 2.0 13.0
3.8712018 59.98871 -1.033114836 2.0 13.0
3.8712018 59.98871 -1.033114837 0.0 14.0
5.620473 64.1732 -2.04305737 0.0 14.0
3.8712018 59.98871 -1.033114838 1.0 14.0
5.2434998 64.42793 -1.033114838 1.0 14.0
5.2434998 64.42793 -1.033114839 0.0 15.0
6.992771 68.61243 -2.04305739 0.0 15.0
6.992771 68.61243 -2.04305740 0.0 16.0
9.263633 72.44833 -3.354139840 0.0 16.0
6.992771 68.61243 -2.04305741 0.0 16.0
9.012655 72.79692 -2.04305741 0.0 16.0
5.2434998 64.42793 -1.033114842 0.0 15.0
6.615798 68.86716 -1.033114842 0.0 15.0
6.615798 68.86716 -1.033114843 0.0 16.0
8.365069 73.05165 -2.04305743 0.0 16.0
6.615798 68.86716 -1.033114844 0.0 16.0
7.988096 73.30638 -1.033114844 0.0 16.0
2.6827567 55.549484 -0.3469657345 2.0 13.0
3.376688 60.143867 -0.3469657345 2.0 13.0
3.376688 60.143867 -0.3469657346 0.0 14.0
4.565133 64.58309 -1.033114846 0.0 14.0
3.376688 60.143867 -0.3469657347 1.0 14.0
4.0706196 64.73825 -0.3469657347 1.0 14.0
4.0706196 64.73825 -0.3469657348 0.0 15.0
5.2590647 69.177475 -1.033114848 0.0 15.0
5.2590647 69.177475 -1.033114849 0.0 16.0
7.008336 73.36197 -2.04305749 0.0 16.0
5.2590647 69.177475 -1.033114850 0.0 16.0
6.631363 73.6167 -1.033114850 0.0 16.0
4.0706196 64.73825 -0.3469657351 0.0 15.0
4.764551 69.332634 -0.3469657351 0.0 15.0
4.764551 69.332634 -0.3469657352 0.0 16.0
5.9529963 73.77186 -1.033114852 0.0 16.0
4.764551 69.332634 -0.3469657353 0.0 16.0
5.4584827 73.92702 -0.3469657353 0.0 16.0
0.0 37.17195 0.054 22.0 9.0
0.0 41.818443 0.054 22.0 9.0
0.0 41.818443 0.055 0.0 10.0
0.6009623 46.412827 -0.3469657355 0.0 10.0
0.0 41.818443 0.056 21.0 10.0
0.0 46.464935 0.056 21.0 10.0
0.0 46.464935 0.057 0.0 11.0
0.6009623 51.05932 -0.3469657357 0.0 11.0
0.6009623 51.05932 -0.3469657358 0.0 12.0
1.7894074 55.498543 -1.033114858 0.0 12.0
0.6009623 51.05932 -0.3469657359 0.0 12.0
1.2948937 55.6537 -0.3469657359 0.0 12.0
0.0 46.464935 0.060 20.0 11.0
0.0 51.111427 0.060 20.0 11.0
0.0 51.111427 0.061 0.0 12.0
0.6009623 55.70581 -0.3469657361 0.0 12.0
0.0 51.111427 0.062 19.0 12.0
0.0 55.75792 0.062 19.0 12.0
0.0 55.75792 0.063 2.0 13.0
0.6009623 60.352303 -0.3469657363 2.0 13.0
0.6009623 60.352303 -0.3469657364 0.0 14.0
1.7894074 64.79153 -1.033114864 0.0 14.0
0.6009623 60.352303 -0.3469657365 1.0 14.0
1.2948937 64.946686 -0.3469657365 1.0 14.0
1.2948937 64.946686 -0.3469657366 0.0 15.0
2.4833388 69.38591 -1.033114866 0.0 15.0
2.4833388 69.38591 -1.033114867 0.0 16.0
4.23261 73.570404 -2.04305767 0.0 16.0
2.4833388 69.38591 -1.033114868 0.0 16.0
3.855637 73.825134 -1.033114868 0.0 16.0
1.2948937 64.946686 -0.3469657369 0.0 15.0
1.9888252 69.54107 -0.3469657369 0.0 15.0
1.9888252 69.54107 -0.3469657370 0.0 16.0
3.1772704 73.98029 -1.033114870 0.0 16.0
1.9888252 69.54107 -0.3469657371 0.0 16.0
2.6827567 74.13545 -0.3469657371 0.0 16.0
0.0 55.75792 0.072 18.0 13.0
0.0 60.40441 0.072 18.0 13.0
0.0 60.40441 0.073 0.0 14.0
0.6009623 64.998795 -0.3469657373 0.0 14.0
0.0 60.40441 0.074 17.0 14.0
0.0 65.0509 0.074 17.0 14.0
0.0 65.0509 0.075 0.0 15.0
0.6009623 69.64529 -0.3469657375 0.0 15.0
0.6009623 69.64529 -0.3469657376 0.0 16.0
1.7894074 74.08451 -1.033114876 0.0 16.0
0.6009623 69.64529 -0.3469657377 0.0 16.0
1.2948937 74.23967 -0.3469657377 0.0 16.0
0.0 65.0509 0.078 16.0 15.0
0.0 69.697395 0.078 16.0 15.0
0.0 69.697395 0.079 0.0 16.0
0.6009623 74.29178 -0.3469657379 0.0 16.0
0.0 69.697395 0.080 15.0 16.0
0.0 74.34389 0.080 15.0 16.0
0.0 74.34389 0.081 14.0 17.0
0.6009623 78.93827 -0.3469657381 14.0 17.0
0.6009623 78.93827 -0.3469657382 0.0 18.0
1.7894074 83.377495 -1.033114882 0.0 18.0
0.6009623 78.93827 -0.3469657383 13.0 18.0
1.2948937 83.53265 -0.3469657383 13.0 18.0
1.2948937 83.53265 -0.3469657384 0.0 19.0
2.4833388 87.97188 -1.033114884 0.0 19.0
2.4833388 87.97188 -1.033114885 0.0 20.0
4.23261 92.15637 -2.04305785 0.0 20.0
2.4833388 87.97188 -1.033114886 0.0 20.0
3.855637 92.4111 -1.033114886 0.0 20.0
1.2948937 83.53265 -0.3469657387 12.0 19.0
1.9888252 88.12704 -0.3469657387 12.0 19.0
1.9888252 88.12704 -0.3469657388 0.0 20.0
3.1772704 92.56626 -1.033114888 0.0 20.0
1.9888252 88.12704 -0.3469657389 11.0 20.0
2.6827567 92.72142 -0.3469657389 11.0 20.0
2.6827567 92.72142 -0.3469657390 2.0 21.0
3.8712018 97.160645 -1.033114890 2.0 21.0
3.8712018 97.160645 -1.033114891 0.0 22.0
5.620473 101.34514 -2.04305791 0.0 22.0
3.8712018 97.160645 -1.033114892 1.0 22.0
5.2434998 101.59987 -1.033114892 1.0 22.0
5.2434998 101.59987 -1.033114893 0.0 23.0
6.992771 105.78436 -2.04305793 0.0 23.0
6.992771 105.78436 -2.04305794 0.0 24.0
9.263633 109.62027 -3.354139894 0.0 24.0
6.992771 105.78436 -2.04305795 0.0 24.0
9.012655 109.96886 -2.04305795 0.0 24.0
5.2434998 101.59987 -1.033114896 0.0 23.0
6.615798 106.03909 -1.033114896 0.0 23.0
6.615798 106.03909 -1.033114897 0.0 24.0
8.365069 110.22359 -2.04305797 0.0 24.0
6.615798 106.03909 -1.033114898 0.0 24.0
7.988096 110.47832 -1.033114898 0.0 24.0
2.6827567 92.72142 -0.3469657399 10.0 21.0
3.376688 97.3158 -0.3469657399 10.0 21.0
3.376688 97.3158 -0.34696573100 0.0 22.0
4.565133 101.75503 -1.0331148100 0.0 22.0
3.376688 97.3158 -0.34696573101 9.0 22.0
4.0706196 101.91019 -0.34696573101 9.0 22.0
4.0706196 101.91019 -0.34696573102 0.0 23.0
5.2590647 106.34941 -1.0331148102 0.0 23.0
5.2590647 106.34941 -1.0331148103 0.0 24.0
7.008336 110.533905 -2.043057103 0.0 24.0
5.2590647 106.34941 -1.0331148104 0.0 24.0
6.631363 110.788635 -1.0331148104 0.0 24.0
4.0706196 101.91019 -0.34696573105 8.0 23.0
4.764551 106.50457 -0.34696573105 8.0 23.0
4.764551 106.50457 -0.34696573106 0.0 24.0
5.9529963 110.943794 -1.0331148106 0.0 24.0
4.764551 106.50457 -0.34696573107 7.0 24.0
5.4584827 111.09895 -0.34696573107 7.0 24.0
5.4584827 111.09895 -0.34696573108 6.0 25.0
6.646928 115.53818 -1.0331148108 6.0 25.0
6.646928 115.53818 -1.0331148109 0.0 26.0
8.396199 119.72267 -2.043057109 0.0 26.0
6.646928 115.53818 -1.0331148110 5.0 26.0
8.019226 119.9774 -1.0331148110 5.0 26.0
8.019226 119.9774 -1.0331148111 0.0 27.0
9.768497 124.161896 -2.043057111 0.0 27.0
9.768497 124.161896 -2.043057112 0.0 28.0
12.039359 127.9978 -3.3541398112 0.0 28.0
9.768497 124.161896 -2.043057113 0.0 28.0
11.788382 128.34639 -2.043057113 0.0 28.0
8.019226 119.9774 -1.0331148114 4.0 27.0
9.391524 124.416626 -1.0331148114 4.0 27.0
9.391524 124.416626 -1.0331148115 0.0 28.0
11.140796 128.60112 -2.043057115 0.0 28.0
9.391524 124.416626 -1.0331148116 3.0 28.0
10.763823 128.85585 -1.0331148116 3.0 28.0
10.763823 128.85585 -1.0331148117 2.0 29.0
12.513094 133.04034 -2.043057117 2.0 29.0
12.513094 133.04034 -2.043057118 0.0 30.0
14.783956 136.87625 -3.3541398118 0.0 30.0
12.513094 133.04034 -2.043057119 1.0 30.0
14.532978 137.22484 -2.043057119 1.0 30.0
14.532978 137.22484 -2.043057120 0.0 31.0
16.80384 141.06075 -3.3541398120 0.0 31.0
16.80384 141.06075 -3.3541398121 0.0 32.0
19.545359 144.46202 -4.9369555121 0.0 32.0
16.80384 141.06075 -3.3541398122 0.0 32.0
19.426006 144.89665 -3.3541398122 0.0 32.0
14.532978 137.22484 -2.043057123 0.0 31.0
16.552862 141.40933 -2.043057123 0.0 31.0
16.552862 141.40933 -2.043057124 0.0 32.0
18.823725 145.24524 -3.3541398124 0.0 32.0
16.552862 141.40933 -2.043057125 0.0 32.0
18.572746 145.59383 -2.043057125 0.0 32.0
10.763823 128.85585 -1.0331148126 2.0 29.0
12.136121 133.29507 -1.0331148126 2.0 29.0
12.136121 133.29507 -1.0331148127 0.0 30.0
13.885392 137.47957 -2.043057127 0.0 30.0
12.136121 133.29507 -1.0331148128 1.0 30.0
13.508419 137.7343 -1.0331148128 1.0 30.0
13.508419 137.7343 -1.0331148129 0.0 31.0
15.25769 141.9188 -2.043057129 0.0 31.0
15.25769 141.9188 -2.043057130 0.0 32.0
17.528553 145.7547 -3.3541398130 0.0 32.0
15.25769 141.9188 -2.043057131 0.0 32.0
17.277575 146.10329 -2.043057131 0.0 32.0
13.508419 137.7343 -1.0331148132 0.0 31.0
14.880717 142.17352 -1.0331148132 0.0 31.0
14.880717 142.17352 -1.0331148133 0.0 32.0
16.629988 146.35802 -2.043057133 0.0 32.0
14.880717 142.17352 -1.0331148134 0.0 32.0
16.253016 146.61275 -1.0331148134 0.0 32.0
5.4584827 111.09895 -0.34696573135 6.0 25.0
6.1524143 115.69334 -0.34696573135 6.0 25.0
6.1524143 115.69334 -0.34696573136 0.0 26.0
7.3408594 120.13256 -1.0331148136 0.0 26.0
6.1524143 115.69334 -0.34696573137 5.0 26.0
6.846346 120.28772 -0.34696573137 5.0 26.0
6.846346 120.28772 -0.34696573138 0.0 27.0
8.034791 124.726944 -1.0331148138 0.0 27.0
8.034791 124.726944 -1.0331148139 0.0 28.0
9.784062 128.91144 -2.043057139 0.0 28.0
8.034791 124.726944 -1.0331148140 0.0 28.0
9.407089 129.16617 -1.0331148140 0.0 28.0
6.846346 120.28772 -0.34696573141 4.0 27.0
7.5402775 124.8821 -0.34696573141 4.0 27.0
7.5402775 124.8821 -0.34696573142 0.0 28.0
8.728723 129.32132 -1.0331148142 0.0 28.0
7.5402775 124.8821 -0.34696573143 3.0 28.0
8.234209 129.47649 -0.34696573143 3.0 28.0
8.234209 129.47649 -0.34696573144 2.0 29.0
9.422654 133.91571 -1.0331148144 2.0 29.0
9.422654 133.91571 -1.0331148145 0.0 30.0
11.171926 138.1002 -2.043057145 0.0 30.0
9.422654 133.91571 -1.0331148146 1.0 30.0
10.794952 138.35493 -1.0331148146 1.0 30.0
10.794952 138.35493 -1.0331148147 0.0 31.0
12.544224 142.53943 -2.043057147 0.0 31.0
12.544224 142.53943 -2.043057148 0.0 32.0
14.815085 146.37534 -3.3541398148 0.0 32.0
12.544224 142.53943 -2.043057149 0.0 32.0
14.564108 146.72392 -2.043057149 0.0 32.0
10.794952 138.35493 -1.0331148150 0.0 31.0
12.167251 142.79416 -1.0331148150 0.0 31.0
12.167251 142.79416 -1.0331148151 0.0 32.0
13.916522 146.97865 -2.043057151 0.0 32.0
12.167251 142.79416 -1.0331148152 0.0 32.0
13.539549 147.23338 -1.0331148152 0.0 32.0
8.234209 129.47649 -0.34696573153 2.0 29.0
8.928141 134.07088 -0.34696573153 2.0 29.0
8.928141 134.07088 -0.34696573154 0.0 30.0
10.116586 138.5101 -1.0331148154 0.0 30.0
8.928141 134.07088 -0.34696573155 1.0 30.0
9.622072 138.66527 -0.34696573155 1.0 30.0
9.622072 138.66527 -0.34696573156 0.0 31.0
10.810517 143.10449 -1.0331148156 0.0 31.0
10.810517 143.10449 -1.0331148157 0.0 32.0
12.559789 147.28899 -2.043057157 0.0 32.0
10.810517 143.10449 -1.0331148158 0.0 32.0
12.182816 147.54372 -1.0331148158 0.0 32.0
9.622072 138.66527 -0.34696573159 0.0 31.0
10.316004 143.25966 -0.34696573159 0.0 31.0
10.316004 143.25966 -0.34696573160 0.0 32.0
11.504449 147.69888 -1.0331148160 0.0 32.0
10.316004 143.25966 -0.34696573161 0.0 32.0
11.009935 147.85405 -0.34696573161 0.0 32.0
0.0 74.34389 0.0162 14.0 17.0
0.0 78.99038 0.0162 14.0 17.0
0.0 78.99038 0.0163 0.0 18.0
0.6009623 83.58476 -0.34696573163 0.0 18.0
0.0 78.99038 0.0164 13.0 18.0
0.0 83.63687 0.0164 13.0 18.0
0.0 83.63687 0.0165 0.0 19.0
0.6009623 88.231255 -0.34696573165 0.0 19.0
0.6009623 88.231255 -0.34696573166 0.0 20.0
1.7894074 92.67048 -1.0331148166 0.0 20.0
0.6009623 88.231255 -0.34696573167 0.0 20.0
1.2948937 92.82564 -0.34696573167 0.0 20.0
0.0 83.63687 0.0168 12.0 19.0
0.0 88.28336 0.0168 12.0 19.0
0.0 88.28336 0.0169 0.0 20.0
0.6009623 92.87775 -0.34696573169 0.0 20.0
0.0 88.28336 0.0170 11.0 20.0
0.0 92.929855 0.0170 11.0 20.0
0.0 92.929855 0.0171 2.0 21.0
0.6009623 97.52424 -0.34696573171 2.0 21.0
0.6009623 97.52424 -0.34696573172 0.0 22.0
1.7894074 101.96346 -1.0331148172 0.0 22.0
0.6009623 97.52424 -0.34696573173 1.0 22.0
1.2948937 102.11862 -0.34696573173 1.0 22.0
1.2948937 102.11862 -0.34696573174 0.0 23.0
2.4833388 106.557846 -1.0331148174 0.0 23.0
2.4833388 106.557846 -1.0331148175 0.0 24.0
4.23261 110.74234 -2.043057175 0.0 24.0
2.4833388 106.557846 -1.0331148176 0.0 24.0
3.855637 110.99707 -1.0331148176 0.0 24.0
1.2948937 102.11862 -0.34696573177 0.0 23.0
1.9888252 106.713005 -0.34696573177 0.0 23.0
1.9888252 106.713005 -0.34696573178 0.0 24.0
3.1772704 111.15223 -1.0331148178 0.0 24.0
1.9888252 106.713005 -0.34696573179 0.0 24.0
2.6827567 111.30739 -0.34696573179 0.0 24.0
0.0 92.929855 0.0180 10.0 21.0
0.0 97.57635 0.0180 10.0 21.0
0.0 97.57635 0.0181 0.0 22.0
0.6009623 102.17073 -0.34696573181 0.0 22.0
0.0 97.57635 0.0182 9.0 22.0
0.0 102.22284 0.0182 9.0 22.0
0.0 102.22284 0.0183 0.0 23.0
0.6009623 106.81722 -0.34696573183 0.0 23.0
0.6009623 106.81722 -0.34696573184 0.0 24.0
1.7894074 111.25645 -1.0331148184 0.0 24.0
0.6009623 106.81722 -0.34696573185 0.0 24.0
1.2948937 111.411606 -0.34696573185 0.0 24.0
0.0 102.22284 0.0186 8.0 23.0
0.0 106.86933 0.0186 8.0 23.0
0.0 106.86933 0.0187 0.0 24.0
0.6009623 111.463715 -0.34696573187 0.0 24.0
0.0 106.86933 0.0188 7.0 24.0
0.0 111.51582 0.0188 7.0 24.0
0.0 111.51582 0.0189 6.0 25.0
0.6009623 116.11021 -0.34696573189 6.0 25.0
0.6009623 116.11021 -0.34696573190 0.0 26.0
1.7894074 120.54943 -1.0331148190 0.0 26.0
0.6009623 116.11021 -0.34696573191 5.0 26.0
1.2948937 120.70459 -0.34696573191 5.0 26.0
1.2948937 120.70459 -0.34696573192 0.0 27.0
2.4833388 125.143814 -1.0331148192 0.0 27.0
2.4833388 125.143814 -1.0331148193 0.0 28.0
4.23261 129.32831 -2.043057193 0.0 28.0
2.4833388 125.143814 -1.0331148194 0.0 28.0
3.855637 129.58304 -1.0331148194 0.0 28.0
1.2948937 120.70459 -0.34696573195 4.0 27.0
1.9888252 125.29897 -0.34696573195 4.0 27.0
1.9888252 125.29897 -0.34696573196 0.0 28.0
3.1772704 129.73819 -1.0331148196 0.0 28.0
1.9888252 125.29897 -0.34696573197 3.0 28.0
2.6827567 129.89336 -0.34696573197 3.0 28.0
2.6827567 129.89336 -0.34696573198 2.0 29.0
3.8712018 134.33258 -1.0331148198 2.0 29.0
3.8712018 134.33258 -1.0331148199 0.0 30.0
5.620473 138.51707 -2.043057199 0.0 30.0
3.8712018 134.33258 -1.0331148200 1.0 30.0
5.2434998 138.7718 -1.0331148200 1.0 30.0
5.2434998 138.7718 -1.0331148201 0.0 31.0
6.992771 142.9563 -2.043057201 0.0 31.0
6.992771 142.9563 -2.043057202 0.0 32.0
9.263633 146.7922 -3.3541398202 0.0 32.0
6.992771 142.9563 -2.043057203 0.0 32.0
9.012655 147.1408 -2.043057203 0.0 32.0
5.2434998 138.7718 -1.0331148204 0.0 31.0
6.615798 143.21103 -1.0331148204 0.0 31.0
6.615798 143.21103 -1.0331148205 0.0 32.0
8.365069 147.39552 -2.043057205 0.0 32.0
6.615798 143.21103 -1.0331148206 0.0 32.0
7.988096 147.65025 -1.0331148206 0.0 32.0
2.6827567 129.89336 -0.34696573207 2.0 29.0
3.376688 134.48775 -0.34696573207 2.0 29.0
3.376688 134.48775 -0.34696573208 0.0 30.0
4.565133 138.92697 -1.0331148208 0.0 30.0
3.376688 134.48775 -0.34696573209 1.0 30.0
4.0706196 139.08214 -0.34696573209 1.0 30.0
4.0706196 139.08214 -0.34696573210 0.0 31.0
5.2590647 143.52136 -1.0331148210 0.0 31.0
5.2590647 143.52136 -1.0331148211 0.0 32.0
7.008336 147.70586 -2.043057211 0.0 32.0
5.2590647 143.52136 -1.0331148212 0.0 32.0
6.631363 147.96059 -1.0331148212 0.0 32.0
4.0706196 139.08214 -0.34696573213 0.0 31.0
4.764551 143.67653 -0.34696573213 0.0 31.0
4.764551 143.67653 -0.34696573214 0.0 32.0
5.9529963 148.11575 -1.0331148214 0.0 32.0
4.764551 143.67653 -0.34696573215 0.0 32.0
5.4584827 148.27092 -0.34696573215 0.0 32.0
0.0 111.51582 0.0216 6.0 25.0
0.0 116.162315 0.0216 6.0 25.0
0.0 116.162315 0.0217 0.0 26.0
0.6009623 120.7567 -0.34696573217 0.0 26.0
0.0 116.162315 0.0218 5.0 26.0
0.0 120.80881 0.0218 5.0 26.0
0.0 120.80881 0.0219 0.0 27.0
0.6009623 125.40319 -0.34696573219 0.0 27.0
0.6009623 125.40319 -0.34696573220 0.0 28.0
1.7894074 129.8424 -1.0331148220 0.0 28.0
0.6009623 125.40319 -0.34696573221 0.0 28.0
1.2948937 129.99757 -0.34696573221 0.0 28.0
0.0 120.80881 0.0222 4.0 27.0
0.0 125.4553 0.0222 4.0 27.0
0.0 125.4553 0.0223 0.0 28.0
0.6009623 130.04968 -0.34696573223 0.0 28.0
0.0 125.4553 0.0224 3.0 28.0
0.0 130.10179 0.0224 3.0 28.0
0.0 130.10179 0.0225 2.0 29.0
0.6009623 134.69618 -0.34696573225 2.0 29.0
0.6009623 134.69618 -0.34696573226 0.0 30.0
1.7894074 139.1354 -1.0331148226 0.0 30.0
0.6009623 134.69618 -0.34696573227 1.0 30.0
1.2948937 139.29057 -0.34696573227 1.0 30.0
1.2948937 139.29057 -0.34696573228 0.0 31.0
2.4833388 143.7298 -1.0331148228 0.0 31.0
2.4833388 143.7298 -1.0331148229 0.0 32.0
4.23261 147.91429 -2.043057229 0.0 32.0
2.4833388 143.7298 -1.0331148230 0.0 32.0
3.855637 148.16902 -1.0331148230 0.0 32.0
1.2948937 139.29057 -0.34696573231 0.0 31.0
1.9888252 143.88496 -0.34696573231 0.0 31.0
1.9888252 143.88496 -0.34696573232 0.0 32.0
3.1772704 148.32419 -1.0331148232 0.0 32.0
1.9888252 143.88496 -0.34696573233 0.0 32.0
2.6827567 148.47935 -0.34696573233 0.0 32.0
0.0 130.10179 0.0234 2.0 29.0
0.0 134.74829 0.0234 2.0 29.0
0.0 134.74829 0.0235 0.0 30.0
0.6009623 139.34268 -0.34696573235 0.0 30.0
0.0 134.74829 0.0236 1.0 30.0
0.0 139.39479 0.0236 1.0 30.0
0.0 139.39479 0.0237 0.0 31.0
0.6009623 143.98918 -0.34696573237 0.0 31.0
0.6009623 143.98918 -0.34696573238 0.0 32.0
1.7894074 148.4284 -1.0331148238 0.0 32.0
0.6009623 143.98918 -0.34696573239 0.0 32.0
1.2948937 148.58357 -0.34696573239 0.0 32.0
0.0 139.39479 0.0240 0.0 31.0
0.0 144.04129 0.0240 0.0 31.0
0.0 144.04129 0.0241 0.0 32.0
0.6009623 148.63568 -0.34696573241 0.0 32.0
0.0 144.04129 0.0242 0.0 32.0
0.0 148.68779 0.0242 0.0 32.0
