0.0 0.0 0.00 27.0 1.0
0.0 3.2391028 0.00 27.0 1.0
0.0 3.2391028 0.01 26.0 2.0
0.0 6.4782057 0.01 26.0 2.0
0.0 6.4782057 0.02 1.0 3.0
2.5642314 7.7915006 -1.48045972 1.0 3.0
2.5642314 7.7915006 -1.48045973 0.0 4.0
4.0936785 10.506798 -2.36348653 0.0 4.0
4.0936785 10.506798 -2.36348654 0.0 5.0
4.0936785 13.745901 -2.36348654 0.0 5.0
0.0 6.4782057 0.05 1.0 3.0
-1.5294473 9.193503 0.883026845 1.0 3.0
-1.5294473 9.193503 0.883026846 0.0 4.0
-1.5294473 12.432606 0.883026846 0.0 4.0
-1.5294473 12.432606 0.883026847 0.0 5.0
0.0 15.147903 0.07 0.0 5.0
0.0 6.4782057 0.08 25.0 3.0
0.0 9.717308 0.08 25.0 3.0
0.0 9.717308 0.09 24.0 4.0
0.0 12.956411 0.09 24.0 4.0
0.0 12.956411 0.010 1.0 5.0
2.5642314 14.269706 -1.480459710 1.0 5.0
2.5642314 14.269706 -1.480459711 0.0 6.0
4.0936785 16.985004 -2.363486511 0.0 6.0
4.0936785 16.985004 -2.363486512 0.0 7.0
4.0936785 20.224108 -2.363486512 0.0 7.0
0.0 12.956411 0.013 1.0 5.0
-1.5294473 15.671709 0.8830268413 1.0 5.0
-1.5294473 15.671709 0.8830268414 0.0 6.0
-1.5294473 18.910812 0.8830268414 0.0 6.0
-1.5294473 18.910812 0.8830268415 0.0 7.0
0.0 21.62611 0.015 0.0 7.0
0.0 12.956411 0.016 7.0 5.0
2.5642314 14.269706 -1.480459716 7.0 5.0
2.5642314 14.269706 -1.480459717 6.0 6.0
5.128463 15.583 -2.960919417 6.0 6.0
5.128463 15.583 -2.960919418 1.0 7.0
7.207799 13.408849 -4.161424618 1.0 7.0
7.207799 13.408849 -4.161424619 0.0 8.0
9.977476 12.895387 -5.76049819 0.0 8.0
9.977476 12.895387 -5.76049820 0.0 9.0
12.541708 14.208681 -7.240957720 0.0 9.0
5.128463 15.583 -2.960919421 1.0 7.0
6.6579103 18.298298 -3.843946221 1.0 7.0
6.6579103 18.298298 -3.843946222 0.0 8.0
9.222141 19.611593 -5.324405722 0.0 8.0
9.222141 19.611593 -5.324405723 0.0 9.0
11.991817 19.098131 -6.92347923 0.0 9.0
5.128463 15.583 -2.960919424 5.0 7.0
6.8945165 18.298298 -2.960919424 5.0 7.0
6.8945165 18.298298 -2.960919425 4.0 8.0
8.66057 21.013596 -2.960919425 4.0 8.0
8.66057 21.013596 -2.960919426 1.0 9.0
11.430246 20.500134 -4.55999326 1.0 9.0
11.430246 20.500134 -4.55999327 0.0 10.0
13.994478 21.813429 -6.040452527 0.0 10.0
13.994478 21.813429 -6.040452528 0.0 11.0
15.523926 24.528727 -6.92347928 0.0 11.0
8.66057 21.013596 -2.960919429 1.0 9.0
8.66057 24.252699 -2.960919429 1.0 9.0
8.66057 24.252699 -2.960919430 0.0 10.0
10.190018 26.967997 -3.843946230 0.0 10.0
10.190018 26.967997 -3.843946231 0.0 11.0
12.75425 28.281292 -5.324405731 0.0 11.0
8.66057 21.013596 -2.960919432 3.0 9.0
8.66057 24.252699 -2.960919432 3.0 9.0
8.66057 24.252699 -2.960919433 2.0 10.0
8.66057 27.491802 -2.960919433 2.0 10.0
8.66057 27.491802 -2.960919434 1.0 11.0
11.224802 28.805098 -4.44137934 1.0 11.0
11.224802 28.805098 -4.44137935 0.0 12.0
12.75425 31.520395 -5.324405735 0.0 12.0
12.75425 31.520395 -5.324405736 0.0 13.0
12.75425 34.7595 -5.324405736 0.0 13.0
8.66057 27.491802 -2.960919437 1.0 11.0
7.1311226 30.2071 -2.077892537 1.0 11.0
7.1311226 30.2071 -2.077892538 0.0 12.0
7.1311226 33.4462 -2.077892538 0.0 12.0
7.1311226 33.4462 -2.077892539 0.0 13.0
8.66057 36.1615 -2.960919439 0.0 13.0
0.0 12.956411 0.040 7.0 5.0
-1.5294473 15.671709 0.8830268440 7.0 5.0
-1.5294473 15.671709 0.8830268441 6.0 6.0
-3.0588946 18.387007 1.766053741 6.0 6.0
-3.0588946 18.387007 1.766053742 1.0 7.0
-1.5294473 21.102304 0.8830268442 1.0 7.0
-1.5294473 21.102304 0.8830268443 0.0 8.0
-1.5294473 24.341408 0.8830268443 0.0 8.0
-1.5294473 24.341408 0.8830268444 0.0 9.0
-3.0588946 27.056705 1.766053744 0.0 9.0
-3.0588946 18.387007 1.766053745 1.0 7.0
-5.623126 19.700302 3.246513445 1.0 7.0
-5.623126 19.700302 3.246513446 0.0 8.0
-7.1525736 22.4156 4.129540446 0.0 8.0
-7.1525736 22.4156 4.129540447 0.0 9.0
-7.1525736 25.654703 4.129540447 0.0 9.0
-3.0588946 18.387007 1.766053748 5.0 7.0
-3.0588946 21.62611 1.766053748 5.0 7.0
-3.0588946 21.62611 1.766053749 4.0 8.0
-3.0588946 24.865213 1.766053749 4.0 8.0
-3.0588946 24.865213 1.766053750 1.0 9.0
-0.49466324 26.178509 0.28559450 1.0 9.0
-0.49466324 26.178509 0.28559451 0.0 10.0
1.0347841 28.893806 -0.5974328551 0.0 10.0
1.0347841 28.893806 -0.5974328552 0.0 11.0
1.0347841 32.132908 -0.5974328552 0.0 11.0
-3.0588946 24.865213 1.766053753 1.0 9.0
-4.5883417 27.580511 2.649080553 1.0 9.0
-4.5883417 27.580511 2.649080554 0.0 10.0
-4.5883417 30.819614 2.649080554 0.0 10.0
-4.5883417 30.819614 2.649080555 0.0 11.0
-3.0588944 33.534912 1.766053755 0.0 11.0
-3.0588946 24.865213 1.766053756 3.0 9.0
-1.292841 27.580511 1.766053756 3.0 9.0
-1.292841 27.580511 1.766053757 2.0 10.0
0.47321272 30.295809 1.766053757 2.0 10.0
0.47321272 30.295809 1.766053758 1.0 11.0
3.2428894 29.782347 0.1669801558 1.0 11.0
3.2428894 29.782347 0.1669801559 0.0 12.0
5.807121 31.095642 -1.313479559 0.0 12.0
5.807121 31.095642 -1.313479560 0.0 13.0
7.336568 33.81094 -2.196506560 0.0 13.0
0.47321272 30.295809 1.766053761 1.0 11.0
0.47321272 33.534912 1.766053761 1.0 11.0
0.47321272 33.534912 1.766053762 0.0 12.0
2.00266 36.25021 0.8830268462 0.0 12.0
2.00266 36.25021 0.8830268463 0.0 13.0
4.5668917 37.563503 -0.5974328563 0.0 13.0
0.0 12.956411 0.064 23.0 5.0
0.0 16.195515 0.064 23.0 5.0
0.0 16.195515 0.065 22.0 6.0
0.0 19.434618 0.065 22.0 6.0
0.0 19.434618 0.066 1.0 7.0
2.5642314 20.747913 -1.480459766 1.0 7.0
2.5642314 20.747913 -1.480459767 0.0 8.0
4.0936785 23.463211 -2.363486567 0.0 8.0
4.0936785 23.463211 -2.363486568 0.0 9.0
4.0936785 26.702314 -2.363486568 0.0 9.0
0.0 19.434618 0.069 1.0 7.0
-1.5294473 22.149916 0.8830268469 1.0 7.0
-1.5294473 22.149916 0.8830268470 0.0 8.0
-1.5294473 25.389019 0.8830268470 0.0 8.0
-1.5294473 25.389019 0.8830268471 0.0 9.0
0.0 28.104317 0.071 0.0 9.0
0.0 19.434618 0.072 21.0 7.0
0.0 22.673721 0.072 21.0 7.0
0.0 22.673721 0.073 20.0 8.0
0.0 25.912825 0.073 20.0 8.0
0.0 25.912825 0.074 1.0 9.0
2.5642314 27.22612 -1.480459774 1.0 9.0
2.5642314 27.22612 -1.480459775 0.0 10.0
4.0936785 29.941418 -2.363486575 0.0 10.0
4.0936785 29.941418 -2.363486576 0.0 11.0
4.0936785 33.18052 -2.363486576 0.0 11.0
0.0 25.912825 0.077 1.0 9.0
-1.5294473 28.628122 0.8830268477 1.0 9.0
-1.5294473 28.628122 0.8830268478 0.0 10.0
-1.5294473 31.867226 0.8830268478 0.0 10.0
-1.5294473 31.867226 0.8830268479 0.0 11.0
0.0 34.582523 0.079 0.0 11.0
0.0 25.912825 0.080 7.0 9.0
2.5642314 27.22612 -1.480459780 7.0 9.0
2.5642314 27.22612 -1.480459781 6.0 10.0
5.128463 28.539415 -2.960919481 6.0 10.0
5.128463 28.539415 -2.960919482 1.0 11.0
7.207799 26.365263 -4.161424682 1.0 11.0
7.207799 26.365263 -4.161424683 0.0 12.0
9.977476 25.8518 -5.76049883 0.0 12.0
9.977476 25.8518 -5.76049884 0.0 13.0
12.541708 27.165096 -7.240957784 0.0 13.0
5.128463 28.539415 -2.960919485 1.0 11.0
6.6579103 31.254713 -3.843946285 1.0 11.0
6.6579103 31.254713 -3.843946286 0.0 12.0
9.222141 32.56801 -5.324405786 0.0 12.0
9.222141 32.56801 -5.324405787 0.0 13.0
11.991817 32.054546 -6.92347987 0.0 13.0
5.128463 28.539415 -2.960919488 5.0 11.0
6.8945165 31.254713 -2.960919488 5.0 11.0
6.8945165 31.254713 -2.960919489 4.0 12.0
8.66057 33.97001 -2.960919489 4.0 12.0
8.66057 33.97001 -2.960919490 1.0 13.0
11.430246 33.456547 -4.55999390 1.0 13.0
11.430246 33.456547 -4.55999391 0.0 14.0
13.994478 34.76984 -6.040452591 0.0 14.0
13.994478 34.76984 -6.040452592 0.0 15.0
15.523926 37.485138 -6.92347992 0.0 15.0
8.66057 33.97001 -2.960919493 1.0 13.0
8.66057 37.20911 -2.960919493 1.0 13.0
8.66057 37.20911 -2.960919494 0.0 14.0
10.190018 39.924408 -3.843946294 0.0 14.0
10.190018 39.924408 -3.843946295 0.0 15.0
12.75425 41.2377 -5.324405795 0.0 15.0
8.66057 33.97001 -2.960919496 3.0 13.0
8.66057 37.20911 -2.960919496 3.0 13.0
8.66057 37.20911 -2.960919497 2.0 14.0
8.66057 40.44821 -2.960919497 2.0 14.0
8.66057 40.44821 -2.960919498 1.0 15.0
11.224802 41.761505 -4.44137998 1.0 15.0
11.224802 41.761505 -4.44137999 0.0 16.0
12.75425 44.476803 -5.324405799 0.0 16.0
12.75425 44.476803 -5.3244057100 0.0 17.0
12.75425 47.715904 -5.3244057100 0.0 17.0
8.66057 40.44821 -2.9609194101 1.0 15.0
7.1311226 43.16351 -2.0778925101 1.0 15.0
7.1311226 43.16351 -2.0778925102 0.0 16.0
7.1311226 46.40261 -2.0778925102 0.0 16.0
7.1311226 46.40261 -2.0778925103 0.0 17.0
8.66057 49.11791 -2.9609194103 0.0 17.0
0.0 25.912825 0.0104 7.0 9.0
-1.5294473 28.628122 0.88302684104 7.0 9.0
-1.5294473 28.628122 0.88302684105 6.0 10.0
-3.0588946 31.34342 1.7660537105 6.0 10.0
-3.0588946 31.34342 1.7660537106 1.0 11.0
-1.5294473 34.058716 0.88302684106 1.0 11.0
-1.5294473 34.058716 0.88302684107 0.0 12.0
-1.5294473 37.297817 0.88302684107 0.0 12.0
-1.5294473 37.297817 0.88302684108 0.0 13.0
-3.0588946 40.013115 1.7660537108 0.0 13.0
-3.0588946 31.34342 1.7660537109 1.0 11.0
-5.623126 32.656715 3.2465134109 1.0 11.0
-5.623126 32.656715 3.2465134110 0.0 12.0
-7.1525736 35.372013 4.1295404110 0.0 12.0
-7.1525736 35.372013 4.1295404111 0.0 13.0
-7.1525736 38.611115 4.1295404111 0.0 13.0
-3.0588946 31.34342 1.7660537112 5.0 11.0
-3.0588946 34.582523 1.7660537112 5.0 11.0
-3.0588946 34.582523 1.7660537113 4.0 12.0
-3.0588946 37.821625 1.7660537113 4.0 12.0
-3.0588946 37.821625 1.7660537114 1.0 13.0
-0.49466324 39.13492 0.285594114 1.0 13.0
-0.49466324 39.13492 0.285594115 0.0 14.0
1.0347841 41.850216 -0.59743285115 0.0 14.0
1.0347841 41.850216 -0.59743285116 0.0 15.0
1.0347841 45.089317 -0.59743285116 0.0 15.0
-3.0588946 37.821625 1.7660537117 1.0 13.0
-4.5883417 40.536922 2.6490805117 1.0 13.0
-4.5883417 40.536922 2.6490805118 0.0 14.0
-4.5883417 43.776024 2.6490805118 0.0 14.0
-4.5883417 43.776024 2.6490805119 0.0 15.0
-3.0588944 46.49132 1.7660537119 0.0 15.0
-3.0588946 37.821625 1.7660537120 3.0 13.0
-1.292841 40.536922 1.7660537120 3.0 13.0
-1.292841 40.536922 1.7660537121 2.0 14.0
0.47321272 43.25222 1.7660537121 2.0 14.0
0.47321272 43.25222 1.7660537122 1.0 15.0
3.2428894 42.738758 0.16698015122 1.0 15.0
3.2428894 42.738758 0.16698015123 0.0 16.0
5.807121 44.05205 -1.3134795123 0.0 16.0
5.807121 44.05205 -1.3134795124 0.0 17.0
7.336568 46.76735 -2.1965065124 0.0 17.0
0.47321272 43.25222 1.7660537125 1.0 15.0
0.47321272 46.49132 1.7660537125 1.0 15.0
0.47321272 46.49132 1.7660537126 0.0 16.0
2.00266 49.20662 0.88302684126 0.0 16.0
2.00266 49.20662 0.88302684127 0.0 17.0
4.5668917 50.519913 -0.59743285127 0.0 17.0
0.0 25.912825 0.0128 19.0 9.0
0.0 29.151928 0.0128 19.0 9.0
0.0 29.151928 0.0129 18.0 10.0
0.0 32.39103 0.0129 18.0 10.0
0.0 32.39103 0.0130 1.0 11.0
2.5642314 33.704323 -1.4804597130 1.0 11.0
2.5642314 33.704323 -1.4804597131 0.0 12.0
4.0936785 36.41962 -2.3634865131 0.0 12.0
4.0936785 36.41962 -2.3634865132 0.0 13.0
4.0936785 39.658722 -2.3634865132 0.0 13.0
0.0 32.39103 0.0133 1.0 11.0
-1.5294473 35.106327 0.88302684133 1.0 11.0
-1.5294473 35.106327 0.88302684134 0.0 12.0
-1.5294473 38.34543 0.88302684134 0.0 12.0
-1.5294473 38.34543 0.88302684135 0.0 13.0
0.0 41.060726 0.0135 0.0 13.0
0.0 32.39103 0.0136 17.0 11.0
0.0 35.63013 0.0136 17.0 11.0
0.0 35.63013 0.0137 16.0 12.0
0.0 38.869232 0.0137 16.0 12.0
0.0 38.869232 0.0138 1.0 13.0
2.5642314 40.182526 -1.4804597138 1.0 13.0
2.5642314 40.182526 -1.4804597139 0.0 14.0
4.0936785 42.897823 -2.3634865139 0.0 14.0
4.0936785 42.897823 -2.3634865140 0.0 15.0
4.0936785 46.136925 -2.3634865140 0.0 15.0
0.0 38.869232 0.0141 1.0 13.0
-1.5294473 41.58453 0.88302684141 1.0 13.0
-1.5294473 41.58453 0.88302684142 0.0 14.0
-1.5294473 44.82363 0.88302684142 0.0 14.0
-1.5294473 44.82363 0.88302684143 0.0 15.0
0.0 47.53893 0.0143 0.0 15.0
0.0 38.869232 0.0144 7.0 13.0
2.5642314 40.182526 -1.4804597144 7.0 13.0
2.5642314 40.182526 -1.4804597145 6.0 14.0
5.128463 41.49582 -2.9609194145 6.0 14.0
5.128463 41.49582 -2.9609194146 1.0 15.0
7.207799 39.321667 -4.1614246146 1.0 15.0
7.207799 39.321667 -4.1614246147 0.0 16.0
9.977476 38.808205 -5.760498147 0.0 16.0
9.977476 38.808205 -5.760498148 0.0 17.0
12.541708 40.1215 -7.2409577148 0.0 17.0
5.128463 41.49582 -2.9609194149 1.0 15.0
6.6579103 44.211117 -3.8439462149 1.0 15.0
6.6579103 44.211117 -3.8439462150 0.0 16.0
9.222141 45.52441 -5.3244057150 0.0 16.0
9.222141 45.52441 -5.3244057151 0.0 17.0
11.991817 45.01095 -6.923479151 0.0 17.0
5.128463 41.49582 -2.9609194152 5.0 15.0
6.8945165 44.211117 -2.9609194152 5.0 15.0
6.8945165 44.211117 -2.9609194153 4.0 16.0
8.66057 46.926414 -2.9609194153 4.0 16.0
8.66057 46.926414 -2.9609194154 1.0 17.0
11.430246 46.412952 -4.559993154 1.0 17.0
11.430246 46.412952 -4.559993155 0.0 18.0
13.994478 47.726246 -6.0404525155 0.0 18.0
13.994478 47.726246 -6.0404525156 0.0 19.0
15.523926 50.441544 -6.923479156 0.0 19.0
8.66057 46.926414 -2.9609194157 1.0 17.0
8.66057 50.165516 -2.9609194157 1.0 17.0
8.66057 50.165516 -2.9609194158 0.0 18.0
10.190018 52.880814 -3.8439462158 0.0 18.0
10.190018 52.880814 -3.8439462159 0.0 19.0
12.75425 54.194107 -5.3244057159 0.0 19.0
8.66057 46.926414 -2.9609194160 3.0 17.0
8.66057 50.165516 -2.9609194160 3.0 17.0
8.66057 50.165516 -2.9609194161 2.0 18.0
8.66057 53.404617 -2.9609194161 2.0 18.0
8.66057 53.404617 -2.9609194162 1.0 19.0
11.224802 54.71791 -4.441379162 1.0 19.0
11.224802 54.71791 -4.441379163 0.0 20.0
12.75425 57.43321 -5.3244057163 0.0 20.0
12.75425 57.43321 -5.3244057164 0.0 21.0
12.75425 60.67231 -5.3244057164 0.0 21.0
8.66057 53.404617 -2.9609194165 1.0 19.0
7.1311226 56.119915 -2.0778925165 1.0 19.0
7.1311226 56.119915 -2.0778925166 0.0 20.0
7.1311226 59.359016 -2.0778925166 0.0 20.0
7.1311226 59.359016 -2.0778925167 0.0 21.0
8.66057 62.074314 -2.9609194167 0.0 21.0
0.0 38.869232 0.0168 7.0 13.0
-1.5294473 41.58453 0.88302684168 7.0 13.0
-1.5294473 41.58453 0.88302684169 6.0 14.0
-3.0588946 44.299828 1.7660537169 6.0 14.0
-3.0588946 44.299828 1.7660537170 1.0 15.0
-1.5294473 47.015125 0.88302684170 1.0 15.0
-1.5294473 47.015125 0.88302684171 0.0 16.0
-1.5294473 50.254227 0.88302684171 0.0 16.0
-1.5294473 50.254227 0.88302684172 0.0 17.0
-3.0588946 52.969524 1.7660537172 0.0 17.0
-3.0588946 44.299828 1.7660537173 1.0 15.0
-5.623126 45.61312 3.2465134173 1.0 15.0
-5.623126 45.61312 3.2465134174 0.0 16.0
-7.1525736 48.32842 4.1295404174 0.0 16.0
-7.1525736 48.32842 4.1295404175 0.0 17.0
-7.1525736 51.56752 4.1295404175 0.0 17.0
-3.0588946 44.299828 1.7660537176 5.0 15.0
-3.0588946 47.53893 1.7660537176 5.0 15.0
-3.0588946 47.53893 1.7660537177 4.0 16.0
-3.0588946 50.77803 1.7660537177 4.0 16.0
-3.0588946 50.77803 1.7660537178 1.0 17.0
-0.49466324 52.091324 0.285594178 1.0 17.0
-0.49466324 52.091324 0.285594179 0.0 18.0
1.0347841 54.80662 -0.59743285179 0.0 18.0
1.0347841 54.80662 -0.59743285180 0.0 19.0
1.0347841 58.045723 -0.59743285180 0.0 19.0
-3.0588946 50.77803 1.7660537181 1.0 17.0
-4.5883417 53.49333 2.6490805181 1.0 17.0
-4.5883417 53.49333 2.6490805182 0.0 18.0
-4.5883417 56.73243 2.6490805182 0.0 18.0
-4.5883417 56.73243 2.6490805183 0.0 19.0
-3.0588944 59.447727 1.7660537183 0.0 19.0
-3.0588946 50.77803 1.7660537184 3.0 17.0
-1.292841 53.49333 1.7660537184 3.0 17.0
-1.292841 53.49333 1.7660537185 2.0 18.0
0.47321272 56.208626 1.7660537185 2.0 18.0
0.47321272 56.208626 1.7660537186 1.0 19.0
3.2428894 55.695164 0.16698015186 1.0 19.0
3.2428894 55.695164 0.16698015187 0.0 20.0
5.807121 57.008457 -1.3134795187 0.0 20.0
5.807121 57.008457 -1.3134795188 0.0 21.0
7.336568 59.723755 -2.1965065188 0.0 21.0
0.47321272 56.208626 1.7660537189 1.0 19.0
0.47321272 59.447727 1.7660537189 1.0 19.0
0.47321272 59.447727 1.7660537190 0.0 20.0
2.00266 62.163025 0.88302684190 0.0 20.0
2.00266 62.163025 0.88302684191 0.0 21.0
4.5668917 63.47632 -0.59743285191 0.0 21.0
0.0 38.869232 0.0192 15.0 13.0
-1.7660537 41.58453 0.0192 15.0 13.0
-1.7660537 41.58453 0.0193 14.0 14.0
-3.5321074 44.299828 0.0193 14.0 14.0
-3.5321074 44.299828 0.0194 1.0 15.0
-2.00266 47.015125 -0.88302684194 1.0 15.0
-2.00266 47.015125 -0.88302684195 0.0 16.0
-2.00266 50.254227 -0.88302684195 0.0 16.0
-2.00266 50.254227 -0.88302684196 0.0 17.0
-3.5321074 52.969524 0.0196 0.0 17.0
-3.5321074 44.299828 0.0197 1.0 15.0
-6.0963387 45.61312 1.4804597197 1.0 15.0
-6.0963387 45.61312 1.4804597198 0.0 16.0
-7.625786 48.32842 2.3634865198 0.0 16.0
-7.625786 48.32842 2.3634865199 0.0 17.0
-7.625786 51.56752 2.3634865199 0.0 17.0
-3.5321074 44.299828 0.0200 13.0 15.0
-5.298161 47.015125 0.0200 13.0 15.0
-5.298161 47.015125 0.0201 12.0 16.0
-7.0642147 49.730423 0.0201 12.0 16.0
-7.0642147 49.730423 0.0202 1.0 17.0
-5.534767 52.44572 -0.88302684202 1.0 17.0
-5.534767 52.44572 -0.88302684203 0.0 18.0
-5.534767 55.684822 -0.88302684203 0.0 18.0
-5.534767 55.684822 -0.88302684204 0.0 19.0
-7.0642147 58.40012 0.0204 0.0 19.0
-7.0642147 49.730423 0.0205 1.0 17.0
-9.628447 51.043716 1.4804597205 1.0 17.0
-9.628447 51.043716 1.4804597206 0.0 18.0
-11.157894 53.759014 2.3634865206 0.0 18.0
-11.157894 53.759014 2.3634865207 0.0 19.0
-11.157894 56.998116 2.3634865207 0.0 19.0
-7.0642147 49.730423 0.0208 7.0 17.0
-5.534767 52.44572 -0.88302684208 7.0 17.0
-5.534767 52.44572 -0.88302684209 6.0 18.0
-4.0053196 55.16102 -1.7660537209 6.0 18.0
-4.0053196 55.16102 -1.7660537210 1.0 19.0
-1.2356429 54.647556 -3.365127210 1.0 19.0
-1.2356429 54.647556 -3.365127211 0.0 20.0
1.3285885 55.96085 -4.845587211 0.0 20.0
1.3285885 55.96085 -4.845587212 0.0 21.0
2.8580358 58.676147 -5.728614212 0.0 21.0
-4.0053196 55.16102 -1.7660537213 1.0 19.0
-4.0053196 58.40012 -1.7660537213 1.0 19.0
-4.0053196 58.40012 -1.7660537214 0.0 20.0
-2.4758723 61.115417 -2.6490805214 0.0 20.0
-2.4758723 61.115417 -2.6490805215 0.0 21.0
0.08835912 62.42871 -4.1295404215 0.0 21.0
-4.0053196 55.16102 -1.7660537216 5.0 19.0
-4.0053196 58.40012 -1.7660537216 5.0 19.0
-4.0053196 58.40012 -1.7660537217 4.0 20.0
-4.0053196 61.63922 -1.7660537217 4.0 20.0
-4.0053196 61.63922 -1.7660537218 1.0 21.0
-1.4410882 62.952515 -3.2465134218 1.0 21.0
-1.4410882 62.952515 -3.2465134219 0.0 22.0
0.08835912 65.667816 -4.1295404219 0.0 22.0
0.08835912 65.667816 -4.1295404220 0.0 23.0
0.08835912 68.90692 -4.1295404220 0.0 23.0
-4.0053196 61.63922 -1.7660537221 1.0 21.0
-5.534767 64.35452 -0.88302684221 1.0 21.0
-5.534767 64.35452 -0.88302684222 0.0 22.0
-5.534767 67.59363 -0.88302684222 0.0 22.0
-5.534767 67.59363 -0.88302684223 0.0 23.0
-4.0053196 70.30893 -1.7660537223 0.0 23.0
-4.0053196 61.63922 -1.7660537224 3.0 21.0
-5.7713733 64.35452 -1.7660537224 3.0 21.0
-5.7713733 64.35452 -1.7660537225 2.0 22.0
-7.537427 67.069824 -1.7660537225 2.0 22.0
-7.537427 67.069824 -1.7660537226 1.0 23.0
-6.0079794 69.785126 -2.6490805226 1.0 23.0
-6.0079794 69.785126 -2.6490805227 0.0 24.0
-6.0079794 73.02423 -2.6490805227 0.0 24.0
-6.0079794 73.02423 -2.6490805228 0.0 25.0
-7.537427 75.73953 -1.7660537228 0.0 25.0
-7.537427 67.069824 -1.7660537229 1.0 23.0
-10.101658 68.38312 -0.285594229 1.0 23.0
-10.101658 68.38312 -0.285594230 0.0 24.0
-11.631105 71.09842 0.59743285230 0.0 24.0
-11.631105 71.09842 0.59743285231 0.0 25.0
-11.631105 74.337524 0.59743285231 0.0 25.0
-7.0642147 49.730423 0.0232 7.0 17.0
-9.628447 51.043716 1.4804597232 7.0 17.0
-9.628447 51.043716 1.4804597233 6.0 18.0
-12.192678 52.35701 2.9609194233 6.0 18.0
-12.192678 52.35701 2.9609194234 1.0 19.0
-12.192678 55.59611 2.9609194234 1.0 19.0
-12.192678 55.59611 2.9609194235 0.0 20.0
-13.722126 58.31141 3.8439462235 0.0 20.0
-13.722126 58.31141 3.8439462236 0.0 21.0
-16.286358 59.624702 5.3244057236 0.0 21.0
-12.192678 52.35701 2.9609194237 1.0 19.0
-14.962355 51.843548 4.559993237 1.0 19.0
-14.962355 51.843548 4.559993238 0.0 20.0
-17.526587 53.15684 6.0404525238 0.0 20.0
-17.526587 53.15684 6.0404525239 0.0 21.0
-19.056034 55.87214 6.923479239 0.0 21.0
-12.192678 52.35701 2.9609194240 5.0 19.0
-13.958733 55.072308 2.9609194240 5.0 19.0
-13.958733 55.072308 2.9609194241 4.0 20.0
-15.724787 57.787605 2.9609194241 4.0 20.0
-15.724787 57.787605 2.9609194242 1.0 21.0
-14.195339 60.502903 2.0778925242 1.0 21.0
-14.195339 60.502903 2.0778925243 0.0 22.0
-14.195339 63.742004 2.0778925243 0.0 22.0
-14.195339 63.742004 2.0778925244 0.0 23.0
-15.724787 66.457306 2.9609194244 0.0 23.0
-15.724787 57.787605 2.9609194245 1.0 21.0
-18.289019 59.1009 4.441379245 1.0 21.0
-18.289019 59.1009 4.441379246 0.0 22.0
-19.818466 61.816196 5.3244057246 0.0 22.0
-19.818466 61.816196 5.3244057247 0.0 23.0
-19.818466 65.0553 5.3244057247 0.0 23.0
-15.724787 57.787605 2.9609194248 3.0 21.0
-15.724787 61.026707 2.9609194248 3.0 21.0
-15.724787 61.026707 2.9609194249 2.0 22.0
-15.724787 64.26581 2.9609194249 2.0 22.0
-15.724787 64.26581 2.9609194250 1.0 23.0
-13.160555 65.5791 1.4804597250 1.0 23.0
-13.160555 65.5791 1.4804597251 0.0 24.0
-11.631107 68.2944 0.59743285251 0.0 24.0
-11.631107 68.2944 0.59743285252 0.0 25.0
-11.631107 71.53351 0.59743285252 0.0 25.0
-15.724787 64.26581 2.9609194253 1.0 23.0
-17.254234 66.98111 3.8439462253 1.0 23.0
-17.254234 66.98111 3.8439462254 0.0 24.0
-17.254234 70.220215 3.8439462254 0.0 24.0
-17.254234 70.220215 3.8439462255 0.0 25.0
-15.724787 72.93552 2.9609194255 0.0 25.0
-7.0642147 49.730423 0.0256 11.0 17.0
-10.025134 51.043716 0.0256 11.0 17.0
-10.025134 51.043716 0.0257 10.0 18.0
-12.986053 52.35701 0.0257 10.0 18.0
-12.986053 52.35701 0.0258 1.0 19.0
-12.986053 55.59611 0.0258 1.0 19.0
-12.986053 55.59611 0.0259 0.0 20.0
-14.515501 58.31141 0.88302684259 0.0 20.0
-14.515501 58.31141 0.88302684260 0.0 21.0
-17.079733 59.624702 2.3634865260 0.0 21.0
-12.986053 52.35701 0.0261 1.0 19.0
-15.75573 51.843548 1.5990735261 1.0 19.0
-15.75573 51.843548 1.5990735262 0.0 20.0
-18.319962 53.15684 3.079533262 0.0 20.0
-18.319962 53.15684 3.079533263 0.0 21.0
-19.84941 55.87214 3.96256263 0.0 21.0
-12.986053 52.35701 0.0264 9.0 19.0
-15.946973 53.670303 0.0264 9.0 19.0
-15.946973 53.670303 0.0265 8.0 20.0
-18.907892 54.983597 0.0265 8.0 20.0
-18.907892 54.983597 0.0266 1.0 21.0
-18.907892 58.2227 0.0266 1.0 21.0
-18.907892 58.2227 0.0267 0.0 22.0
-20.43734 60.937996 0.88302684267 0.0 22.0
-20.43734 60.937996 0.88302684268 0.0 23.0
-23.001572 62.25129 2.3634865268 0.0 23.0
-18.907892 54.983597 0.0269 1.0 21.0
-21.677568 54.470135 1.5990735269 1.0 21.0
-21.677568 54.470135 1.5990735270 0.0 22.0
-24.2418 55.78343 3.079533270 0.0 22.0
-24.2418 55.78343 3.079533271 0.0 23.0
-25.771248 58.498726 3.96256271 0.0 23.0
-18.907892 54.983597 0.0272 7.0 21.0
-18.907892 58.2227 0.0272 7.0 21.0
-18.907892 58.2227 0.0273 6.0 22.0
-18.907892 61.4618 0.0273 6.0 22.0
-18.907892 61.4618 0.0274 1.0 23.0
-16.34366 62.775093 -1.4804597274 1.0 23.0
-16.34366 62.775093 -1.4804597275 0.0 24.0
-14.814213 65.49039 -2.3634865275 0.0 24.0
-14.814213 65.49039 -2.3634865276 0.0 25.0
-14.814213 68.72949 -2.3634865276 0.0 25.0
-18.907892 61.4618 0.0277 1.0 23.0
-20.43734 64.17709 0.88302684277 1.0 23.0
-20.43734 64.17709 0.88302684278 0.0 24.0
-20.43734 67.4162 0.88302684278 0.0 24.0
-20.43734 67.4162 0.88302684279 0.0 25.0
-18.907892 70.1315 0.0279 0.0 25.0
-18.907892 61.4618 0.0280 5.0 23.0
-20.673946 64.17709 0.0280 5.0 23.0
-20.673946 64.17709 0.0281 4.0 24.0
-22.44 66.892395 0.0281 4.0 24.0
-22.44 66.892395 0.0282 1.0 25.0
-20.910553 69.6077 -0.88302684282 1.0 25.0
-20.910553 69.6077 -0.88302684283 0.0 26.0
-20.910553 72.8468 -0.88302684283 0.0 26.0
-20.910553 72.8468 -0.88302684284 0.0 27.0
-22.44 75.5621 0.0284 0.0 27.0
-22.44 66.892395 0.0285 1.0 25.0
-25.004232 68.20569 1.4804597285 1.0 25.0
-25.004232 68.20569 1.4804597286 0.0 26.0
-26.53368 70.92099 2.3634865286 0.0 26.0
-26.53368 70.92099 2.3634865287 0.0 27.0
-26.53368 74.160095 2.3634865287 0.0 27.0
-22.44 66.892395 0.0288 3.0 25.0
-25.40092 68.20569 0.0288 3.0 25.0
-25.40092 68.20569 0.0289 2.0 26.0
-28.36184 69.51898 0.0289 2.0 26.0
-28.36184 69.51898 0.0290 1.0 27.0
-28.36184 72.75809 0.0290 1.0 27.0
-28.36184 72.75809 0.0291 0.0 28.0
-29.891287 75.47339 0.88302684291 0.0 28.0
-29.891287 75.47339 0.88302684292 0.0 29.0
-32.455517 76.78668 2.3634865292 0.0 29.0
-28.36184 69.51898 0.0293 1.0 27.0
-31.131516 69.00552 1.5990735293 1.0 27.0
-31.131516 69.00552 1.5990735294 0.0 28.0
-33.695747 70.31882 3.079533294 0.0 28.0
-33.695747 70.31882 3.079533295 0.0 29.0
-35.225193 73.03412 3.96256295 0.0 29.0
-18.907892 54.983597 0.0296 7.0 21.0
-21.677568 54.470135 1.5990735296 7.0 21.0
-21.677568 54.470135 1.5990735297 6.0 22.0
-24.447245 53.956673 3.198147297 6.0 22.0
-24.447245 53.956673 3.198147298 1.0 23.0
-25.976692 56.67197 4.081174298 1.0 23.0
-25.976692 56.67197 4.081174299 0.0 24.0
-28.540924 57.985264 5.5616336299 0.0 24.0
-28.540924 57.985264 5.5616336300 0.0 25.0
-31.3106 57.4718 7.160707300 0.0 25.0
-24.447245 53.956673 3.198147301 1.0 23.0
-26.52658 51.78252 4.398652301 1.0 23.0
-26.52658 51.78252 4.398652302 0.0 24.0
-29.296257 51.26906 5.9977255302 0.0 24.0
-29.296257 51.26906 5.9977255303 0.0 25.0
-31.860489 52.58235 7.478185303 0.0 25.0
-24.447245 53.956673 3.198147304 5.0 23.0
-27.408165 55.269966 3.198147304 5.0 23.0
-27.408165 55.269966 3.198147305 4.0 24.0
-30.369083 56.58326 3.198147305 4.0 24.0
-30.369083 56.58326 3.198147306 1.0 25.0
-30.369083 59.82236 3.198147306 1.0 25.0
-30.369083 59.82236 3.198147307 0.0 26.0
-31.898531 62.53766 4.081174307 0.0 26.0
-31.898531 62.53766 4.081174308 0.0 27.0
-34.46276 63.850952 5.5616336308 0.0 27.0
-30.369083 56.58326 3.198147309 1.0 25.0
-33.13876 56.069798 4.7972207309 1.0 25.0
-33.13876 56.069798 4.7972207310 0.0 26.0
-35.70299 57.38309 6.2776804310 0.0 26.0
-35.70299 57.38309 6.2776804311 0.0 27.0
-37.232437 60.09839 7.1607075311 0.0 27.0
-30.369083 56.58326 3.198147312 3.0 25.0
-32.135136 59.298557 3.198147312 3.0 25.0
-32.135136 59.298557 3.198147313 2.0 26.0
-33.901188 62.013855 3.198147313 2.0 26.0
-33.901188 62.013855 3.198147314 1.0 27.0
-32.371742 64.72916 2.3151202314 1.0 27.0
-32.371742 64.72916 2.3151202315 0.0 28.0
-32.371742 67.96826 2.3151202315 0.0 28.0
-32.371742 67.96826 2.3151202316 0.0 29.0
-33.901188 70.68356 3.198147316 0.0 29.0
-33.901188 62.013855 3.198147317 1.0 27.0
-36.46542 63.32715 4.678607317 1.0 27.0
-36.46542 63.32715 4.678607318 0.0 28.0
-37.994865 66.04245 5.561634318 0.0 28.0
-37.994865 66.04245 5.561634319 0.0 29.0
-37.994865 69.281555 5.561634319 0.0 29.0
0.0 25.912825 0.0320 19.0 9.0
-2.7696767 25.399363 1.5990735320 19.0 9.0
-2.7696767 25.399363 1.5990735321 18.0 10.0
-5.5393534 24.8859 3.198147321 18.0 10.0
-5.5393534 24.8859 3.198147322 1.0 11.0
-7.068801 27.601198 4.081174322 1.0 11.0
-7.068801 27.601198 4.081174323 0.0 12.0
-9.633032 28.914494 5.5616336323 0.0 12.0
-9.633032 28.914494 5.5616336324 0.0 13.0
-12.402708 28.401031 7.160707324 0.0 13.0
-5.5393534 24.8859 3.198147325 1.0 11.0
-7.6186895 22.711748 4.398652325 1.0 11.0
-7.6186895 22.711748 4.398652326 0.0 12.0
-10.388367 22.198286 5.9977255326 0.0 12.0
-10.388367 22.198286 5.9977255327 0.0 13.0
-12.952599 23.511581 7.478185327 0.0 13.0
-5.5393534 24.8859 3.198147328 17.0 11.0
-8.7375 24.372438 3.198147328 17.0 11.0
-8.7375 24.372438 3.198147329 16.0 12.0
-11.935647 23.858976 3.198147329 16.0 12.0
-11.935647 23.858976 3.198147330 1.0 13.0
-13.465095 26.574274 4.081174330 1.0 13.0
-13.465095 26.574274 4.081174331 0.0 14.0
-16.029325 27.88757 5.5616336331 0.0 14.0
-16.029325 27.88757 5.5616336332 0.0 15.0
-18.799002 27.374107 7.160707332 0.0 15.0
-11.935647 23.858976 3.198147333 1.0 13.0
-14.014983 21.684824 4.398652333 1.0 13.0
-14.014983 21.684824 4.398652334 0.0 14.0
-16.78466 21.171362 5.9977255334 0.0 14.0
-16.78466 21.171362 5.9977255335 0.0 15.0
-19.348892 22.484657 7.478185335 0.0 15.0
-11.935647 23.858976 3.198147336 7.0 13.0
-13.465095 26.574274 4.081174336 7.0 13.0
-13.465095 26.574274 4.081174337 6.0 14.0
-14.994542 29.289572 4.964201337 6.0 14.0
-14.994542 29.289572 4.964201338 1.0 15.0
-13.465095 32.004868 4.081174338 1.0 15.0
-13.465095 32.004868 4.081174339 0.0 16.0
-13.465095 35.24397 4.081174339 0.0 16.0
-13.465095 35.24397 4.081174340 0.0 17.0
-14.994542 37.959267 4.964201340 0.0 17.0
-14.994542 29.289572 4.964201341 1.0 15.0
-17.558773 30.602867 6.4446607341 1.0 15.0
-17.558773 30.602867 6.4446607342 0.0 16.0
-19.08822 33.318165 7.3276873342 0.0 16.0
-19.08822 33.318165 7.3276873343 0.0 17.0
-19.08822 36.557266 7.3276873343 0.0 17.0
-14.994542 29.289572 4.964201344 5.0 15.0
-17.955462 30.602867 4.964201344 5.0 15.0
-17.955462 30.602867 4.964201345 4.0 16.0
-20.916382 31.916162 4.964201345 4.0 16.0
-20.916382 31.916162 4.964201346 1.0 17.0
-20.916382 35.155266 4.964201346 1.0 17.0
-20.916382 35.155266 4.964201347 0.0 18.0
-22.44583 37.870564 5.847228347 0.0 18.0
-22.44583 37.870564 5.847228348 0.0 19.0
-25.010061 39.183857 7.3276877348 0.0 19.0
-20.916382 31.916162 4.964201349 1.0 17.0
-23.686058 31.4027 6.5632744349 1.0 17.0
-23.686058 31.4027 6.5632744350 0.0 18.0
-26.25029 32.715996 8.043734350 0.0 18.0
-26.25029 32.715996 8.043734351 0.0 19.0
-27.779737 35.431293 8.926761351 0.0 19.0
-20.916382 31.916162 4.964201352 3.0 17.0
-24.114529 31.4027 4.964201352 3.0 17.0
-24.114529 31.4027 4.964201353 2.0 18.0
-27.312675 30.889238 4.964201353 2.0 18.0
-27.312675 30.889238 4.964201354 1.0 19.0
-28.842123 33.604538 5.847228354 1.0 19.0
-28.842123 33.604538 5.847228355 0.0 20.0
-31.406355 34.91783 7.3276877355 0.0 20.0
-31.406355 34.91783 7.3276877356 0.0 21.0
-34.176033 34.40437 8.926762356 0.0 21.0
-27.312675 30.889238 4.964201357 1.0 19.0
-29.392012 28.715086 6.164706357 1.0 19.0
-29.392012 28.715086 6.164706358 0.0 20.0
-32.16169 28.201624 7.7637796358 0.0 20.0
-32.16169 28.201624 7.7637796359 0.0 21.0
-34.72592 29.51492 9.24424359 0.0 21.0
-11.935647 23.858976 3.198147360 7.0 13.0
-14.014983 21.684824 4.398652360 7.0 13.0
-14.014983 21.684824 4.398652361 6.0 14.0
-16.094318 19.510672 5.5991573361 6.0 14.0
-16.094318 19.510672 5.5991573362 1.0 15.0
-18.65855 20.823967 7.079617362 1.0 15.0
-18.65855 20.823967 7.079617363 0.0 16.0
-21.428226 20.310505 8.678691363 0.0 16.0
-21.428226 20.310505 8.678691364 0.0 17.0
-23.507563 18.136353 9.879196364 0.0 17.0
-16.094318 19.510672 5.5991573365 1.0 15.0
-16.810802 16.379007 6.01282365 1.0 15.0
-16.810802 16.379007 6.01282366 0.0 16.0
-18.890139 14.204856 7.213325366 0.0 16.0
-18.890139 14.204856 7.213325367 0.0 17.0
-21.659815 13.691394 8.812399367 0.0 17.0
-16.094318 19.510672 5.5991573368 5.0 15.0
-19.292465 18.99721 5.5991573368 5.0 15.0
-19.292465 18.99721 5.5991573369 4.0 16.0
-22.490612 18.483747 5.5991573369 4.0 16.0
-22.490612 18.483747 5.5991573370 1.0 17.0
-24.02006 21.199045 6.4821844370 1.0 17.0
-24.02006 21.199045 6.4821844371 0.0 18.0
-26.584291 22.51234 7.962644371 0.0 18.0
-26.584291 22.51234 7.962644372 0.0 19.0
-29.353968 21.998878 9.561718372 0.0 19.0
-22.490612 18.483747 5.5991573373 1.0 17.0
-24.569948 16.309595 6.7996626373 1.0 17.0
-24.569948 16.309595 6.7996626374 0.0 18.0
-27.339624 15.796133 8.398736374 0.0 18.0
-27.339624 15.796133 8.398736375 0.0 19.0
-29.903856 17.109428 9.879196375 0.0 19.0
-22.490612 18.483747 5.5991573376 3.0 17.0
-25.45153 19.797043 5.5991573376 3.0 17.0
-25.45153 19.797043 5.5991573377 2.0 18.0
-28.412449 21.110338 5.5991573377 2.0 18.0
-28.412449 21.110338 5.5991573378 1.0 19.0
-28.412449 24.349442 5.5991573378 1.0 19.0
-28.412449 24.349442 5.5991573379 0.0 20.0
-29.941896 27.06474 6.4821844379 0.0 20.0
-29.941896 27.06474 6.4821844380 0.0 21.0
-32.506126 28.378035 7.962644380 0.0 21.0
-28.412449 21.110338 5.5991573381 1.0 19.0
-31.182125 20.596876 7.1982307381 1.0 19.0
-31.182125 20.596876 7.1982307382 0.0 20.0
-33.746357 21.910172 8.67869382 0.0 20.0
-33.746357 21.910172 8.67869383 0.0 21.0
-35.275803 24.62547 9.561717383 0.0 21.0
-11.935647 23.858976 3.198147384 15.0 13.0
-14.896566 25.172272 3.198147384 15.0 13.0
-14.896566 25.172272 3.198147385 14.0 14.0
-17.857487 26.485567 3.198147385 14.0 14.0
-17.857487 26.485567 3.198147386 1.0 15.0
-17.857487 29.72467 3.198147386 1.0 15.0
-17.857487 29.72467 3.198147387 0.0 16.0
-19.386934 32.43997 4.081174387 0.0 16.0
-19.386934 32.43997 4.081174388 0.0 17.0
-21.951166 33.75326 5.5616336388 0.0 17.0
-17.857487 26.485567 3.198147389 1.0 15.0
-20.627163 25.972105 4.7972207389 1.0 15.0
-20.627163 25.972105 4.7972207390 0.0 16.0
-23.191395 27.2854 6.2776804390 0.0 16.0
-23.191395 27.2854 6.2776804391 0.0 17.0
-24.720842 30.000698 7.1607075391 0.0 17.0
-17.857487 26.485567 3.198147392 13.0 15.0
-20.818405 27.798862 3.198147392 13.0 15.0
-20.818405 27.798862 3.198147393 12.0 16.0
-23.779324 29.112158 3.198147393 12.0 16.0
-23.779324 29.112158 3.198147394 1.0 17.0
-23.779324 32.35126 3.198147394 1.0 17.0
-23.779324 32.35126 3.198147395 0.0 18.0
-25.308771 35.06656 4.081174395 0.0 18.0
-25.308771 35.06656 4.081174396 0.0 19.0
-27.873003 36.379852 5.5616336396 0.0 19.0
-23.779324 29.112158 3.198147397 1.0 17.0
-26.549 28.598696 4.7972207397 1.0 17.0
-26.549 28.598696 4.7972207398 0.0 18.0
-29.113232 29.911991 6.2776804398 0.0 18.0
-29.113232 29.911991 6.2776804399 0.0 19.0
-30.64268 32.62729 7.1607075399 0.0 19.0
-23.779324 29.112158 3.198147400 7.0 17.0
-23.779324 32.35126 3.198147400 7.0 17.0
-23.779324 32.35126 3.198147401 6.0 18.0
-23.779324 35.590363 3.198147401 6.0 18.0
-23.779324 35.590363 3.198147402 1.0 19.0
-21.215092 36.903656 1.7176874402 1.0 19.0
-21.215092 36.903656 1.7176874403 0.0 20.0
-19.685644 39.618954 0.83466053403 0.0 20.0
-19.685644 39.618954 0.83466053404 0.0 21.0
-19.685644 42.858055 0.83466053404 0.0 21.0
-23.779324 35.590363 3.198147405 1.0 19.0
-25.308771 38.30566 4.081174405 1.0 19.0
-25.308771 38.30566 4.081174406 0.0 20.0
-25.308771 41.54476 4.081174406 0.0 20.0
-25.308771 41.54476 4.081174407 0.0 21.0
-23.779324 44.26006 3.198147407 0.0 21.0
-23.779324 35.590363 3.198147408 5.0 19.0
-25.545378 38.30566 3.198147408 5.0 19.0
-25.545378 38.30566 3.198147409 4.0 20.0
-27.311432 41.020958 3.198147409 4.0 20.0
-27.311432 41.020958 3.198147410 1.0 21.0
-25.781984 43.736256 2.3151202410 1.0 21.0
-25.781984 43.736256 2.3151202411 0.0 22.0
-25.781984 46.975357 2.3151202411 0.0 22.0
-25.781984 46.975357 2.3151202412 0.0 23.0
-27.311432 49.690655 3.198147412 0.0 23.0
-27.311432 41.020958 3.198147413 1.0 21.0
-29.875664 42.33425 4.678607413 1.0 21.0
-29.875664 42.33425 4.678607414 0.0 22.0
-31.405111 45.04955 5.561634414 0.0 22.0
-31.405111 45.04955 5.561634415 0.0 23.0
-31.405111 48.28865 5.561634415 0.0 23.0
-27.311432 41.020958 3.198147416 3.0 21.0
-30.27235 42.33425 3.198147416 3.0 21.0
-30.27235 42.33425 3.198147417 2.0 22.0
-33.23327 43.647545 3.198147417 2.0 22.0
-33.23327 43.647545 3.198147418 1.0 23.0
-33.23327 46.886646 3.198147418 1.0 23.0
-33.23327 46.886646 3.198147419 0.0 24.0
-34.762714 49.601944 4.081174419 0.0 24.0
-34.762714 49.601944 4.081174420 0.0 25.0
-37.326946 50.915237 5.5616336420 0.0 25.0
-33.23327 43.647545 3.198147421 1.0 23.0
-36.002945 43.134083 4.7972207421 1.0 23.0
-36.002945 43.134083 4.7972207422 0.0 24.0
-38.567177 44.447376 6.2776804422 0.0 24.0
-38.567177 44.447376 6.2776804423 0.0 25.0
-40.096622 47.162674 7.1607075423 0.0 25.0
-23.779324 29.112158 3.198147424 7.0 17.0
-26.549 28.598696 4.7972207424 7.0 17.0
-26.549 28.598696 4.7972207425 6.0 18.0
-29.318676 28.085234 6.396294425 6.0 18.0
-29.318676 28.085234 6.396294426 1.0 19.0
-30.848124 30.800531 7.2793207426 1.0 19.0
-30.848124 30.800531 7.2793207427 0.0 20.0
-33.412354 32.113827 8.759781427 0.0 20.0
-33.412354 32.113827 8.759781428 0.0 21.0
-36.18203 31.600365 10.358854428 0.0 21.0
-29.318676 28.085234 6.396294429 1.0 19.0
-31.398012 25.911081 7.5967994429 1.0 19.0
-31.398012 25.911081 7.5967994430 0.0 20.0
-34.16769 25.39762 9.195873430 0.0 20.0
-34.16769 25.39762 9.195873431 0.0 21.0
-36.731922 26.710915 10.676332431 0.0 21.0
-29.318676 28.085234 6.396294432 5.0 19.0
-32.279594 29.39853 6.396294432 5.0 19.0
-32.279594 29.39853 6.396294433 4.0 20.0
-35.240513 30.711824 6.396294433 4.0 20.0
-35.240513 30.711824 6.396294434 1.0 21.0
-35.240513 33.950928 6.396294434 1.0 21.0
-35.240513 33.950928 6.396294435 0.0 22.0
-36.76996 36.666225 7.2793207435 0.0 22.0
-36.76996 36.666225 7.2793207436 0.0 23.0
-39.33419 37.97952 8.759781436 0.0 23.0
-35.240513 30.711824 6.396294437 1.0 21.0
-38.01019 30.198362 7.9953675437 1.0 21.0
-38.01019 30.198362 7.9953675438 0.0 22.0
-40.57442 31.511658 9.475827438 0.0 22.0
-40.57442 31.511658 9.475827439 0.0 23.0
-42.103867 34.226955 10.358854439 0.0 23.0
-35.240513 30.711824 6.396294440 3.0 21.0
-37.006565 33.427124 6.396294440 3.0 21.0
-37.006565 33.427124 6.396294441 2.0 22.0
-38.772617 36.14242 6.396294441 2.0 22.0
-38.772617 36.14242 6.396294442 1.0 23.0
-37.24317 38.85772 5.5132675442 1.0 23.0
-37.24317 38.85772 5.5132675443 0.0 24.0
-37.24317 42.09682 5.5132675443 0.0 24.0
-37.24317 42.09682 5.5132675444 0.0 25.0
-38.772617 44.81212 6.3962946444 0.0 25.0
-38.772617 36.14242 6.396294445 1.0 23.0
-41.33685 37.455715 7.876754445 1.0 23.0
-41.33685 37.455715 7.876754446 0.0 24.0
-42.866295 40.171013 8.759781446 0.0 24.0
-42.866295 40.171013 8.759781447 0.0 25.0
-42.866295 43.410114 8.759781447 0.0 25.0
-23.779324 29.112158 3.198147448 11.0 17.0
-25.545378 31.827456 3.198147448 11.0 17.0
-25.545378 31.827456 3.198147449 10.0 18.0
-27.311432 34.542755 3.198147449 10.0 18.0
-27.311432 34.542755 3.198147450 1.0 19.0
-25.781984 37.258053 2.3151202450 1.0 19.0
-25.781984 37.258053 2.3151202451 0.0 20.0
-25.781984 40.497154 2.3151202451 0.0 20.0
-25.781984 40.497154 2.3151202452 0.0 21.0
-27.311432 43.212452 3.198147452 0.0 21.0
-27.311432 34.542755 3.198147453 1.0 19.0
-29.875664 35.85605 4.678607453 1.0 19.0
-29.875664 35.85605 4.678607454 0.0 20.0
-31.405111 38.571346 5.561634454 0.0 20.0
-31.405111 38.571346 5.561634455 0.0 21.0
-31.405111 41.810448 5.561634455 0.0 21.0
-27.311432 34.542755 3.198147456 9.0 19.0
-29.077486 37.258053 3.198147456 9.0 19.0
-29.077486 37.258053 3.198147457 8.0 20.0
-30.84354 39.97335 3.198147457 8.0 20.0
-30.84354 39.97335 3.198147458 1.0 21.0
-29.314093 42.68865 2.3151202458 1.0 21.0
-29.314093 42.68865 2.3151202459 0.0 22.0
-29.314093 45.92775 2.3151202459 0.0 22.0
-29.314093 45.92775 2.3151202460 0.0 23.0
-30.84354 48.643047 3.198147460 0.0 23.0
-30.84354 39.97335 3.198147461 1.0 21.0
-33.407772 41.286644 4.678607461 1.0 21.0
-33.407772 41.286644 4.678607462 0.0 22.0
-34.937218 44.00194 5.561634462 0.0 22.0
-34.937218 44.00194 5.561634463 0.0 23.0
-34.937218 47.241043 5.561634463 0.0 23.0
-30.84354 39.97335 3.198147464 7.0 21.0
-29.314093 42.68865 2.3151202464 7.0 21.0
-29.314093 42.68865 2.3151202465 6.0 22.0
-27.784645 45.403946 1.4320934465 6.0 22.0
-27.784645 45.403946 1.4320934466 1.0 23.0
-25.014969 44.890484 -0.16698015466 1.0 23.0
-25.014969 44.890484 -0.16698015467 0.0 24.0
-22.450737 46.203777 -1.6474398467 0.0 24.0
-22.450737 46.203777 -1.6474398468 0.0 25.0
-20.92129 48.919075 -2.5304666468 0.0 25.0
-27.784645 45.403946 1.4320934469 1.0 23.0
-27.784645 48.643047 1.4320934469 1.0 23.0
-27.784645 48.643047 1.4320934470 0.0 24.0
-26.255198 51.358345 0.54906654470 0.0 24.0
-26.255198 51.358345 0.54906654471 0.0 25.0
-23.690966 52.67164 -0.93139315471 0.0 25.0
-27.784645 45.403946 1.4320934472 5.0 23.0
-27.784645 48.643047 1.4320934472 5.0 23.0
-27.784645 48.643047 1.4320934473 4.0 24.0
-27.784645 51.88215 1.4320934473 4.0 24.0
-27.784645 51.88215 1.4320934474 1.0 25.0
-25.220413 53.195442 -0.04836631474 1.0 25.0
-25.220413 53.195442 -0.04836631475 0.0 26.0
-23.690966 55.91074 -0.93139315475 0.0 26.0
-23.690966 55.91074 -0.93139315476 0.0 27.0
-23.690966 59.14984 -0.93139315476 0.0 27.0
-27.784645 51.88215 1.4320934477 1.0 25.0
-29.314093 54.597446 2.3151202477 1.0 25.0
-29.314093 54.597446 2.3151202478 0.0 26.0
-29.314093 57.836548 2.3151202478 0.0 26.0
-29.314093 57.836548 2.3151202479 0.0 27.0
-27.784645 60.551846 1.4320934479 0.0 27.0
-27.784645 51.88215 1.4320934480 3.0 25.0
-29.5507 54.597446 1.4320934480 3.0 25.0
-29.5507 54.597446 1.4320934481 2.0 26.0
-31.316753 57.312744 1.4320934481 2.0 26.0
-31.316753 57.312744 1.4320934482 1.0 27.0
-29.787306 60.02804 0.54906654482 1.0 27.0
-29.787306 60.02804 0.54906654483 0.0 28.0
-29.787306 63.267143 0.54906654483 0.0 28.0
-29.787306 63.267143 0.54906654484 0.0 29.0
-31.316753 65.98244 1.4320934484 0.0 29.0
-31.316753 57.312744 1.4320934485 1.0 27.0
-33.880985 58.626038 2.912553485 1.0 27.0
-33.880985 58.626038 2.912553486 0.0 28.0
-35.41043 61.341335 3.79558486 0.0 28.0
-35.41043 61.341335 3.79558487 0.0 29.0
-35.41043 64.58044 3.79558487 0.0 29.0
-30.84354 39.97335 3.198147488 7.0 21.0
-33.407772 41.286644 4.678607488 7.0 21.0
-33.407772 41.286644 4.678607489 6.0 22.0
-35.972004 42.599937 6.1590667489 6.0 22.0
-35.972004 42.599937 6.1590667490 1.0 23.0
-35.972004 45.83904 6.1590667490 1.0 23.0
-35.972004 45.83904 6.1590667491 0.0 24.0
-37.50145 48.554337 7.0420933491 0.0 24.0
-37.50145 48.554337 7.0420933492 0.0 25.0
-40.06568 49.86763 8.5225525492 0.0 25.0
-35.972004 42.599937 6.1590667493 1.0 23.0
-38.74168 42.086475 7.75814493 1.0 23.0
-38.74168 42.086475 7.75814494 0.0 24.0
-41.305912 43.39977 9.2386494 0.0 24.0
-41.305912 43.39977 9.2386495 0.0 25.0
-42.835358 46.115067 10.121627495 0.0 25.0
-35.972004 42.599937 6.1590667496 5.0 23.0
-37.738056 45.315235 6.1590667496 5.0 23.0
-37.738056 45.315235 6.1590667497 4.0 24.0
-39.50411 48.030533 6.1590667497 4.0 24.0
-39.50411 48.030533 6.1590667498 1.0 25.0
-37.974663 50.74583 5.27604498 1.0 25.0
-37.974663 50.74583 5.27604499 0.0 26.0
-37.974663 53.984932 5.27604499 0.0 26.0
-37.974663 53.984932 5.27604500 0.0 27.0
-39.50411 56.70023 6.159067500 0.0 27.0
-39.50411 48.030533 6.1590667501 1.0 25.0
-42.06834 49.343826 7.6395264501 1.0 25.0
-42.06834 49.343826 7.6395264502 0.0 26.0
-43.597786 52.059124 8.522553502 0.0 26.0
-43.597786 52.059124 8.522553503 0.0 27.0
-43.597786 55.298225 8.522553503 0.0 27.0
-39.50411 48.030533 6.1590667504 3.0 25.0
-39.50411 51.269634 6.1590667504 3.0 25.0
-39.50411 51.269634 6.1590667505 2.0 26.0
-39.50411 54.508736 6.1590667505 2.0 26.0
-39.50411 54.508736 6.1590667506 1.0 27.0
-36.939877 55.82203 4.678607506 1.0 27.0
-36.939877 55.82203 4.678607507 0.0 28.0
-35.41043 58.537327 3.7955801507 0.0 28.0
-35.41043 58.537327 3.7955801508 0.0 29.0
-35.41043 61.77643 3.7955801508 0.0 29.0
-39.50411 54.508736 6.1590667509 1.0 27.0
-41.033554 57.224033 7.0420933509 1.0 27.0
-41.033554 57.224033 7.0420933510 0.0 28.0
-41.033554 60.463135 7.0420933510 0.0 28.0
-41.033554 60.463135 7.0420933511 0.0 29.0
-39.50411 63.178432 6.159066511 0.0 29.0
