0.0 0.0 0.00 60.0 1.0
0.0 1.26829 0.00 60.0 1.0
0.0 1.26829 0.01 59.0 2.0
0.0 2.53658 0.01 59.0 2.0
0.0 2.53658 0.02 58.0 3.0
0.0 3.8048701 0.02 58.0 3.0
0.0 3.8048701 0.03 57.0 4.0
0.0 5.07316 0.03 57.0 4.0
0.0 5.07316 0.04 56.0 5.0
0.0 6.34145 0.04 56.0 5.0
0.0 6.34145 0.05 55.0 6.0
0.0 7.6097403 0.05 55.0 6.0
0.0 7.6097403 0.06 54.0 7.0
0.0 8.878031 0.06 54.0 7.0
0.0 8.878031 0.07 53.0 8.0
0.0 10.14632 0.07 53.0 8.0
0.0 10.14632 0.08 52.0 9.0
0.0 11.41461 0.08 52.0 9.0
0.0 11.41461 0.09 51.0 10.0
0.0 12.682899 0.09 51.0 10.0
0.0 12.682899 0.010 50.0 11.0
0.0 13.951189 0.010 50.0 11.0
0.0 13.951189 0.011 49.0 12.0
0.0 15.219479 0.011 49.0 12.0
0.0 15.219479 0.012 48.0 13.0
0.0 16.487768 0.012 48.0 13.0
0.0 16.487768 0.013 47.0 14.0
0.0 17.756058 0.013 47.0 14.0
0.0 17.756058 0.014 46.0 15.0
0.0 19.024347 0.014 46.0 15.0
0.0 19.024347 0.015 45.0 16.0
0.0 20.292637 0.015 45.0 16.0
0.0 20.292637 0.016 28.0 17.0
-0.30350456 21.511545 0.1752284316 28.0 17.0
-0.30350456 21.511545 0.1752284317 27.0 18.0
-0.6070091 22.730453 0.3504568617 27.0 18.0
-0.6070091 22.730453 0.3504568618 26.0 19.0
-0.91051364 23.949362 0.525685318 26.0 19.0
-0.91051364 23.949362 0.525685319 25.0 20.0
-1.2140182 25.16827 0.700913719 25.0 20.0
-1.2140182 25.16827 0.700913720 24.0 21.0
-1.5175228 26.387178 0.8761421420 24.0 21.0
-1.5175228 26.387178 0.8761421421 23.0 22.0
-1.8210274 27.606087 1.051370621 23.0 22.0
-1.8210274 27.606087 1.051370622 22.0 23.0
-2.124532 28.824995 1.226599122 22.0 23.0
-2.124532 28.824995 1.226599123 21.0 24.0
-2.4280365 30.043903 1.401827623 21.0 24.0
-2.4280365 30.043903 1.401827624 12.0 25.0
-3.0114117 31.118515 1.738639424 12.0 25.0
-3.0114117 31.118515 1.738639425 11.0 26.0
-3.594787 32.193127 2.075451125 11.0 26.0
-3.594787 32.193127 2.075451126 10.0 27.0
-4.178162 33.26774 2.41226326 10.0 27.0
-4.178162 33.26774 2.41226327 9.0 28.0
-4.761537 34.34235 2.749074727 9.0 28.0
-4.761537 34.34235 2.749074728 4.0 29.0
-5.5793557 35.188984 3.221242428 4.0 29.0
-5.5793557 35.188984 3.221242429 3.0 30.0
-6.3971744 36.035618 3.693410229 3.0 30.0
-6.3971744 36.035618 3.693410230 0.0 31.0
-7.3857527 36.58835 4.26416630 0.0 31.0
-7.3857527 36.58835 4.26416631 0.0 32.0
-8.527265 37.14108 4.26416631 0.0 32.0
-6.3971744 36.035618 3.693410232 0.0 31.0
-6.9805493 37.11023 4.03022232 0.0 31.0
-6.9805493 37.11023 4.03022233 0.0 32.0
-7.654173 38.18484 4.03022233 0.0 32.0
-6.3971744 36.035618 3.693410234 2.0 31.0
-7.34151 36.88225 3.693410234 2.0 31.0
-7.34151 36.88225 3.693410235 1.0 32.0
-8.285845 37.728886 3.693410235 1.0 32.0
-8.285845 37.728886 3.693410236 0.0 33.0
-9.23018 38.57552 3.693410236 0.0 33.0
-9.23018 38.57552 3.693410237 0.0 34.0
-10.174515 39.422153 3.693410237 0.0 34.0
-4.761537 34.34235 2.749074738 4.0 29.0
-5.0650415 35.56126 2.92430338 4.0 29.0
-5.0650415 35.56126 2.92430339 3.0 30.0
-5.368546 36.78017 3.099531439 3.0 30.0
-5.368546 36.78017 3.099531440 0.0 31.0
-5.951921 37.854782 3.436343240 0.0 31.0
-5.951921 37.854782 3.436343241 0.0 32.0
-6.6255445 38.929394 3.436343241 0.0 32.0
-5.368546 36.78017 3.099531442 0.0 31.0
-5.368546 38.048462 3.099531442 0.0 31.0
-5.368546 38.048462 3.099531443 0.0 32.0
-5.368546 39.316753 3.099531443 0.0 32.0
-5.368546 36.78017 3.099531444 2.0 31.0
-5.7190027 37.99908 3.099531444 2.0 31.0
-5.7190027 37.99908 3.099531445 1.0 32.0
-6.0694594 39.21799 3.099531445 1.0 32.0
-6.0694594 39.21799 3.099531446 0.0 33.0
-6.419916 40.4369 3.099531446 0.0 33.0
-6.419916 40.4369 3.099531447 0.0 34.0
-6.770373 41.65581 3.099531447 0.0 34.0
-4.761537 34.34235 2.749074748 8.0 29.0
-5.4351606 35.41696 2.749074748 8.0 29.0
-5.4351606 35.41696 2.749074749 7.0 30.0
-6.108784 36.491573 2.749074749 7.0 30.0
-6.108784 36.491573 2.749074750 6.0 31.0
-6.7824078 37.566185 2.749074750 6.0 31.0
-6.7824078 37.566185 2.749074751 5.0 32.0
-7.4560313 38.640797 2.749074751 5.0 32.0
-7.4560313 38.640797 2.749074752 4.0 33.0
-8.129655 39.71541 2.749074752 4.0 33.0
-8.129655 39.71541 2.749074753 3.0 34.0
-8.803279 40.79002 2.749074753 3.0 34.0
-8.803279 40.79002 2.749074754 0.0 35.0
-9.621098 41.636654 3.221242454 0.0 35.0
-9.621098 41.636654 3.221242455 0.0 36.0
-10.565433 42.483288 3.221242455 0.0 36.0
-8.803279 40.79002 2.749074756 0.0 35.0
-9.106784 42.00893 2.92430356 0.0 35.0
-9.106784 42.00893 2.92430357 0.0 36.0
-9.457241 43.22784 2.92430357 0.0 36.0
-8.803279 40.79002 2.749074758 2.0 35.0
-9.476903 41.86463 2.749074758 2.0 35.0
-9.476903 41.86463 2.749074759 1.0 36.0
-10.150527 42.939243 2.749074759 1.0 36.0
-10.150527 42.939243 2.749074760 0.0 37.0
-10.824151 44.013855 2.749074760 0.0 37.0
-10.824151 44.013855 2.749074761 0.0 38.0
-11.497775 45.088467 2.749074761 0.0 38.0
-2.4280365 30.043903 1.401827662 12.0 25.0
-2.4280365 31.312193 1.401827662 12.0 25.0
-2.4280365 31.312193 1.401827663 11.0 26.0
-2.4280365 32.580482 1.401827663 11.0 26.0
-2.4280365 32.580482 1.401827664 10.0 27.0
-2.4280365 33.848774 1.401827664 10.0 27.0
-2.4280365 33.848774 1.401827665 9.0 28.0
-2.4280365 35.117065 1.401827665 9.0 28.0
-2.4280365 35.117065 1.401827666 4.0 29.0
-2.731541 36.335976 1.57705666 4.0 29.0
-2.731541 36.335976 1.57705667 3.0 30.0
-3.0350454 37.554886 1.752284567 3.0 30.0
-3.0350454 37.554886 1.752284568 0.0 31.0
-3.6184206 38.629498 2.089096368 0.0 31.0
-3.6184206 38.629498 2.089096369 0.0 32.0
-4.292044 39.70411 2.089096369 0.0 32.0
-3.0350454 37.554886 1.752284570 0.0 31.0
-3.0350454 38.823177 1.752284570 0.0 31.0
-3.0350454 38.823177 1.752284571 0.0 32.0
-3.0350454 40.09147 1.752284571 0.0 32.0
-3.0350454 37.554886 1.752284572 2.0 31.0
-3.3855023 38.773796 1.752284572 2.0 31.0
-3.3855023 38.773796 1.752284573 1.0 32.0
-3.7359593 39.992706 1.752284573 1.0 32.0
-3.7359593 39.992706 1.752284574 0.0 33.0
-4.0864162 41.211617 1.752284574 0.0 33.0
-4.0864162 41.211617 1.752284575 0.0 34.0
-4.436873 42.430527 1.752284575 0.0 34.0
-2.4280365 35.117065 1.401827676 4.0 29.0
-2.124532 36.335976 1.226599176 4.0 29.0
-2.124532 36.335976 1.226599177 3.0 30.0
-1.8210274 37.554886 1.051370677 3.0 30.0
-1.8210274 37.554886 1.051370678 0.0 31.0
-1.8210274 38.823177 1.051370678 0.0 31.0
-1.8210274 38.823177 1.051370679 0.0 32.0
-1.8210274 40.09147 1.051370679 0.0 32.0
-1.8210274 37.554886 1.051370680 0.0 31.0
-1.2376523 38.629498 0.714558880 0.0 31.0
-1.2376523 38.629498 0.714558881 0.0 32.0
-0.5640286 39.70411 0.714558881 0.0 32.0
-1.8210274 37.554886 1.051370682 2.0 31.0
-1.4705706 38.773796 1.051370682 2.0 31.0
-1.4705706 38.773796 1.051370683 1.0 32.0
-1.1201137 39.992706 1.051370683 1.0 32.0
-1.1201137 39.992706 1.051370684 0.0 33.0
-0.7696569 41.211617 1.051370684 0.0 33.0
-0.7696569 41.211617 1.051370685 0.0 34.0
-0.41920003 42.430527 1.051370685 0.0 34.0
-2.4280365 35.117065 1.401827686 8.0 29.0
-2.4280365 36.385357 1.401827686 8.0 29.0
-2.4280365 36.385357 1.401827687 7.0 30.0
-2.4280365 37.65365 1.401827687 7.0 30.0
-2.4280365 37.65365 1.401827688 6.0 31.0
-2.4280365 38.92194 1.401827688 6.0 31.0
-2.4280365 38.92194 1.401827689 5.0 32.0
-2.4280365 40.19023 1.401827689 5.0 32.0
-2.4280365 40.19023 1.401827690 4.0 33.0
-2.4280365 41.458523 1.401827690 4.0 33.0
-2.4280365 41.458523 1.401827691 3.0 34.0
-2.4280365 42.726814 1.401827691 3.0 34.0
-2.4280365 42.726814 1.401827692 0.0 35.0
-2.731541 43.945724 1.57705692 0.0 35.0
-2.731541 43.945724 1.57705693 0.0 36.0
-3.0819979 45.164635 1.57705693 0.0 36.0
-2.4280365 42.726814 1.401827694 0.0 35.0
-2.124532 43.945724 1.226599194 0.0 35.0
-2.124532 43.945724 1.226599195 0.0 36.0
-1.7740752 45.164635 1.226599195 0.0 36.0
-2.4280365 42.726814 1.401827696 2.0 35.0
-2.4280365 43.995106 1.401827696 2.0 35.0
-2.4280365 43.995106 1.401827697 1.0 36.0
-2.4280365 45.263397 1.401827697 1.0 36.0
-2.4280365 45.263397 1.401827698 0.0 37.0
-2.4280365 46.53169 1.401827698 0.0 37.0
-2.4280365 46.53169 1.401827699 0.0 38.0
-2.4280365 47.79998 1.401827699 0.0 38.0
-2.4280365 30.043903 1.4018276100 20.0 25.0
-2.7784934 31.262812 1.4018276100 20.0 25.0
-2.7784934 31.262812 1.4018276101 19.0 26.0
-3.1289504 32.48172 1.4018276101 19.0 26.0
-3.1289504 32.48172 1.4018276102 18.0 27.0
-3.4794073 33.70063 1.4018276102 18.0 27.0
-3.4794073 33.70063 1.4018276103 17.0 28.0
-3.8298643 34.91954 1.4018276103 17.0 28.0
-3.8298643 34.91954 1.4018276104 16.0 29.0
-4.180321 36.13845 1.4018276104 16.0 29.0
-4.180321 36.13845 1.4018276105 15.0 30.0
-4.530778 37.35736 1.4018276105 15.0 30.0
-4.530778 37.35736 1.4018276106 14.0 31.0
-4.8812346 38.57627 1.4018276106 14.0 31.0
-4.8812346 38.57627 1.4018276107 13.0 32.0
-5.2316914 39.79518 1.4018276107 13.0 32.0
-5.2316914 39.79518 1.4018276108 12.0 33.0
-5.582148 41.01409 1.4018276108 12.0 33.0
-5.582148 41.01409 1.4018276109 11.0 34.0
-5.932605 42.233 1.4018276109 11.0 34.0
-5.932605 42.233 1.4018276110 10.0 35.0
-6.2830615 43.451912 1.4018276110 10.0 35.0
-6.2830615 43.451912 1.4018276111 9.0 36.0
-6.633518 44.670822 1.4018276111 9.0 36.0
-6.633518 44.670822 1.4018276112 4.0 37.0
-7.216893 45.745434 1.7386394112 4.0 37.0
-7.216893 45.745434 1.7386394113 3.0 38.0
-7.800268 46.820045 2.0754511113 3.0 38.0
-7.800268 46.820045 2.0754511114 0.0 39.0
-8.618087 47.66668 2.5476189114 0.0 39.0
-8.618087 47.66668 2.5476189115 0.0 40.0
-9.562422 48.513313 2.5476189115 0.0 40.0
-7.800268 46.820045 2.0754511116 0.0 39.0
-8.103773 48.038956 2.2506795116 0.0 39.0
-8.103773 48.038956 2.2506795117 0.0 40.0
-8.45423 49.257866 2.2506795117 0.0 40.0
-7.800268 46.820045 2.0754511118 2.0 39.0
-8.473892 47.894657 2.0754511118 2.0 39.0
-8.473892 47.894657 2.0754511119 1.0 40.0
-9.147516 48.96927 2.0754511119 1.0 40.0
-9.147516 48.96927 2.0754511120 0.0 41.0
-9.82114 50.04388 2.0754511120 0.0 41.0
-9.82114 50.04388 2.0754511121 0.0 42.0
-10.494764 51.118492 2.0754511121 0.0 42.0
-6.633518 44.670822 1.4018276122 4.0 37.0
-6.633518 45.939114 1.4018276122 4.0 37.0
-6.633518 45.939114 1.4018276123 3.0 38.0
-6.633518 47.207405 1.4018276123 3.0 38.0
-6.633518 47.207405 1.4018276124 0.0 39.0
-6.9370227 48.426315 1.577056124 0.0 39.0
-6.9370227 48.426315 1.577056125 0.0 40.0
-7.2874794 49.645226 1.577056125 0.0 40.0
-6.633518 47.207405 1.4018276126 0.0 39.0
-6.3300138 48.426315 1.2265991126 0.0 39.0
-6.3300138 48.426315 1.2265991127 0.0 40.0
-5.979557 49.645226 1.2265991127 0.0 40.0
-6.633518 47.207405 1.4018276128 2.0 39.0
-6.633518 48.475697 1.4018276128 2.0 39.0
-6.633518 48.475697 1.4018276129 1.0 40.0
-6.633518 49.743988 1.4018276129 1.0 40.0
-6.633518 49.743988 1.4018276130 0.0 41.0
-6.633518 51.01228 1.4018276130 0.0 41.0
-6.633518 51.01228 1.4018276131 0.0 42.0
-6.633518 52.28057 1.4018276131 0.0 42.0
-6.633518 44.670822 1.4018276132 8.0 37.0
-6.983975 45.889732 1.4018276132 8.0 37.0
-6.983975 45.889732 1.4018276133 7.0 38.0
-7.3344316 47.108643 1.4018276133 7.0 38.0
-7.3344316 47.108643 1.4018276134 6.0 39.0
-7.6848884 48.327553 1.4018276134 6.0 39.0
-7.6848884 48.327553 1.4018276135 5.0 40.0
-8.035345 49.546463 1.4018276135 5.0 40.0
-8.035345 49.546463 1.4018276136 4.0 41.0
-8.385802 50.765373 1.4018276136 4.0 41.0
-8.385802 50.765373 1.4018276137 3.0 42.0
-8.736259 51.984283 1.4018276137 3.0 42.0
-8.736259 51.984283 1.4018276138 0.0 43.0
-9.319634 53.058895 1.7386394138 0.0 43.0
-9.319634 53.058895 1.7386394139 0.0 44.0
-9.993258 54.133507 1.7386394139 0.0 44.0
-8.736259 51.984283 1.4018276140 0.0 43.0
-8.736259 53.252575 1.4018276140 0.0 43.0
-8.736259 53.252575 1.4018276141 0.0 44.0
-8.736259 54.520866 1.4018276141 0.0 44.0
-8.736259 51.984283 1.4018276142 2.0 43.0
-9.086717 53.203194 1.4018276142 2.0 43.0
-9.086717 53.203194 1.4018276143 1.0 44.0
-9.437174 54.422104 1.4018276143 1.0 44.0
-9.437174 54.422104 1.4018276144 0.0 45.0
-9.787631 55.641014 1.4018276144 0.0 45.0
-9.787631 55.641014 1.4018276145 0.0 46.0
-10.138088 56.859924 1.4018276145 0.0 46.0
0.0 20.292637 0.0146 28.0 17.0
0.30350456 21.511545 -0.17522843146 28.0 17.0
0.30350456 21.511545 -0.17522843147 27.0 18.0
0.6070091 22.730453 -0.35045686147 27.0 18.0
0.6070091 22.730453 -0.35045686148 26.0 19.0
0.91051364 23.949362 -0.5256853148 26.0 19.0
0.91051364 23.949362 -0.5256853149 25.0 20.0
1.2140182 25.16827 -0.7009137149 25.0 20.0
1.2140182 25.16827 -0.7009137150 24.0 21.0
1.5175228 26.387178 -0.87614214150 24.0 21.0
1.5175228 26.387178 -0.87614214151 23.0 22.0
1.8210274 27.606087 -1.0513706151 23.0 22.0
1.8210274 27.606087 -1.0513706152 22.0 23.0
2.124532 28.824995 -1.2265991152 22.0 23.0
2.124532 28.824995 -1.2265991153 21.0 24.0
2.4280365 30.043903 -1.4018276153 21.0 24.0
2.4280365 30.043903 -1.4018276154 12.0 25.0
2.4280365 31.312193 -1.4018276154 12.0 25.0
2.4280365 31.312193 -1.4018276155 11.0 26.0
2.4280365 32.580482 -1.4018276155 11.0 26.0
2.4280365 32.580482 -1.4018276156 10.0 27.0
2.4280365 33.848774 -1.4018276156 10.0 27.0
2.4280365 33.848774 -1.4018276157 9.0 28.0
2.4280365 35.117065 -1.4018276157 9.0 28.0
2.4280365 35.117065 -1.4018276158 4.0 29.0
2.124532 36.335976 -1.2265991158 4.0 29.0
2.124532 36.335976 -1.2265991159 3.0 30.0
1.8210274 37.554886 -1.0513706159 3.0 30.0
1.8210274 37.554886 -1.0513706160 0.0 31.0
1.2376523 38.629498 -0.7145588160 0.0 31.0
1.2376523 38.629498 -0.7145588161 0.0 32.0
0.5640286 39.70411 -0.7145588161 0.0 32.0
1.8210274 37.554886 -1.0513706162 0.0 31.0
1.8210274 38.823177 -1.0513706162 0.0 31.0
1.8210274 38.823177 -1.0513706163 0.0 32.0
1.8210274 40.09147 -1.0513706163 0.0 32.0
1.8210274 37.554886 -1.0513706164 2.0 31.0
1.4705706 38.773796 -1.0513706164 2.0 31.0
1.4705706 38.773796 -1.0513706165 1.0 32.0
1.1201137 39.992706 -1.0513706165 1.0 32.0
1.1201137 39.992706 -1.0513706166 0.0 33.0
0.7696569 41.211617 -1.0513706166 0.0 33.0
0.7696569 41.211617 -1.0513706167 0.0 34.0
0.41920003 42.430527 -1.0513706167 0.0 34.0
2.4280365 35.117065 -1.4018276168 4.0 29.0
2.731541 36.335976 -1.577056168 4.0 29.0
2.731541 36.335976 -1.577056169 3.0 30.0
3.0350454 37.554886 -1.7522845169 3.0 30.0
3.0350454 37.554886 -1.7522845170 0.0 31.0
3.0350454 38.823177 -1.7522845170 0.0 31.0
3.0350454 38.823177 -1.7522845171 0.0 32.0
3.0350454 40.09147 -1.7522845171 0.0 32.0
3.0350454 37.554886 -1.7522845172 0.0 31.0
3.6184206 38.629498 -2.0890963172 0.0 31.0
3.6184206 38.629498 -2.0890963173 0.0 32.0
4.292044 39.70411 -2.0890963173 0.0 32.0
3.0350454 37.554886 -1.7522845174 2.0 31.0
3.3855023 38.773796 -1.7522845174 2.0 31.0
3.3855023 38.773796 -1.7522845175 1.0 32.0
3.7359593 39.992706 -1.7522845175 1.0 32.0
3.7359593 39.992706 -1.7522845176 0.0 33.0
4.0864162 41.211617 -1.7522845176 0.0 33.0
4.0864162 41.211617 -1.7522845177 0.0 34.0
4.436873 42.430527 -1.7522845177 0.0 34.0
2.4280365 35.117065 -1.4018276178 8.0 29.0
2.4280365 36.385357 -1.4018276178 8.0 29.0
2.4280365 36.385357 -1.4018276179 7.0 30.0
2.4280365 37.65365 -1.4018276179 7.0 30.0
2.4280365 37.65365 -1.4018276180 6.0 31.0
2.4280365 38.92194 -1.4018276180 6.0 31.0
2.4280365 38.92194 -1.4018276181 5.0 32.0
2.4280365 40.19023 -1.4018276181 5.0 32.0
2.4280365 40.19023 -1.4018276182 4.0 33.0
2.4280365 41.458523 -1.4018276182 4.0 33.0
2.4280365 41.458523 -1.4018276183 3.0 34.0
2.4280365 42.726814 -1.4018276183 3.0 34.0
2.4280365 42.726814 -1.4018276184 0.0 35.0
2.124532 43.945724 -1.2265991184 0.0 35.0
2.124532 43.945724 -1.2265991185 0.0 36.0
1.7740752 45.164635 -1.2265991185 0.0 36.0
2.4280365 42.726814 -1.4018276186 0.0 35.0
2.731541 43.945724 -1.577056186 0.0 35.0
2.731541 43.945724 -1.577056187 0.0 36.0
3.0819979 45.164635 -1.577056187 0.0 36.0
2.4280365 42.726814 -1.4018276188 2.0 35.0
2.4280365 43.995106 -1.4018276188 2.0 35.0
2.4280365 43.995106 -1.4018276189 1.0 36.0
2.4280365 45.263397 -1.4018276189 1.0 36.0
2.4280365 45.263397 -1.4018276190 0.0 37.0
2.4280365 46.53169 -1.4018276190 0.0 37.0
2.4280365 46.53169 -1.4018276191 0.0 38.0
2.4280365 47.79998 -1.4018276191 0.0 38.0
2.4280365 30.043903 -1.4018276192 12.0 25.0
3.0114117 31.118515 -1.7386394192 12.0 25.0
3.0114117 31.118515 -1.7386394193 11.0 26.0
3.594787 32.193127 -2.0754511193 11.0 26.0
3.594787 32.193127 -2.0754511194 10.0 27.0
4.178162 33.26774 -2.412263194 10.0 27.0
4.178162 33.26774 -2.412263195 9.0 28.0
4.761537 34.34235 -2.7490747195 9.0 28.0
4.761537 34.34235 -2.7490747196 4.0 29.0
5.0650415 35.56126 -2.924303196 4.0 29.0
5.0650415 35.56126 -2.924303197 3.0 30.0
5.368546 36.78017 -3.0995314197 3.0 30.0
5.368546 36.78017 -3.0995314198 0.0 31.0
5.368546 38.048462 -3.0995314198 0.0 31.0
5.368546 38.048462 -3.0995314199 0.0 32.0
5.368546 39.316753 -3.0995314199 0.0 32.0
5.368546 36.78017 -3.0995314200 0.0 31.0
5.951921 37.854782 -3.4363432200 0.0 31.0
5.951921 37.854782 -3.4363432201 0.0 32.0
6.6255445 38.929394 -3.4363432201 0.0 32.0
5.368546 36.78017 -3.0995314202 2.0 31.0
5.7190027 37.99908 -3.0995314202 2.0 31.0
5.7190027 37.99908 -3.0995314203 1.0 32.0
6.0694594 39.21799 -3.0995314203 1.0 32.0
6.0694594 39.21799 -3.0995314204 0.0 33.0
6.419916 40.4369 -3.0995314204 0.0 33.0
6.419916 40.4369 -3.0995314205 0.0 34.0
6.770373 41.65581 -3.0995314205 0.0 34.0
4.761537 34.34235 -2.7490747206 4.0 29.0
5.5793557 35.188984 -3.2212424206 4.0 29.0
5.5793557 35.188984 -3.2212424207 3.0 30.0
6.3971744 36.035618 -3.6934102207 3.0 30.0
6.3971744 36.035618 -3.6934102208 0.0 31.0
6.9805493 37.11023 -4.030222208 0.0 31.0
6.9805493 37.11023 -4.030222209 0.0 32.0
7.654173 38.18484 -4.030222209 0.0 32.0
6.3971744 36.035618 -3.6934102210 0.0 31.0
7.3857527 36.58835 -4.264166210 0.0 31.0
7.3857527 36.58835 -4.264166211 0.0 32.0
8.527265 37.14108 -4.264166211 0.0 32.0
6.3971744 36.035618 -3.6934102212 2.0 31.0
7.34151 36.88225 -3.6934102212 2.0 31.0
7.34151 36.88225 -3.6934102213 1.0 32.0
8.285845 37.728886 -3.6934102213 1.0 32.0
8.285845 37.728886 -3.6934102214 0.0 33.0
9.23018 38.57552 -3.6934102214 0.0 33.0
9.23018 38.57552 -3.6934102215 0.0 34.0
10.174515 39.422153 -3.6934102215 0.0 34.0
4.761537 34.34235 -2.7490747216 8.0 29.0
5.4351606 35.41696 -2.7490747216 8.0 29.0
5.4351606 35.41696 -2.7490747217 7.0 30.0
6.108784 36.491573 -2.7490747217 7.0 30.0
6.108784 36.491573 -2.7490747218 6.0 31.0
6.7824078 37.566185 -2.7490747218 6.0 31.0
6.7824078 37.566185 -2.7490747219 5.0 32.0
7.4560313 38.640797 -2.7490747219 5.0 32.0
7.4560313 38.640797 -2.7490747220 4.0 33.0
8.129655 39.71541 -2.7490747220 4.0 33.0
8.129655 39.71541 -2.7490747221 3.0 34.0
8.803279 40.79002 -2.7490747221 3.0 34.0
8.803279 40.79002 -2.7490747222 0.0 35.0
9.106784 42.00893 -2.924303222 0.0 35.0
9.106784 42.00893 -2.924303223 0.0 36.0
9.457241 43.22784 -2.924303223 0.0 36.0
8.803279 40.79002 -2.7490747224 0.0 35.0
9.621098 41.636654 -3.2212424224 0.0 35.0
9.621098 41.636654 -3.2212424225 0.0 36.0
10.565433 42.483288 -3.2212424225 0.0 36.0
8.803279 40.79002 -2.7490747226 2.0 35.0
9.476903 41.86463 -2.7490747226 2.0 35.0
9.476903 41.86463 -2.7490747227 1.0 36.0
10.150527 42.939243 -2.7490747227 1.0 36.0
10.150527 42.939243 -2.7490747228 0.0 37.0
10.824151 44.013855 -2.7490747228 0.0 37.0
10.824151 44.013855 -2.7490747229 0.0 38.0
11.497775 45.088467 -2.7490747229 0.0 38.0
2.4280365 30.043903 -1.4018276230 20.0 25.0
2.7784934 31.262812 -1.4018276230 20.0 25.0
2.7784934 31.262812 -1.4018276231 19.0 26.0
3.1289504 32.48172 -1.4018276231 19.0 26.0
3.1289504 32.48172 -1.4018276232 18.0 27.0
3.4794073 33.70063 -1.4018276232 18.0 27.0
3.4794073 33.70063 -1.4018276233 17.0 28.0
3.8298643 34.91954 -1.4018276233 17.0 28.0
3.8298643 34.91954 -1.4018276234 16.0 29.0
4.180321 36.13845 -1.4018276234 16.0 29.0
4.180321 36.13845 -1.4018276235 15.0 30.0
4.530778 37.35736 -1.4018276235 15.0 30.0
4.530778 37.35736 -1.4018276236 14.0 31.0
4.8812346 38.57627 -1.4018276236 14.0 31.0
4.8812346 38.57627 -1.4018276237 13.0 32.0
5.2316914 39.79518 -1.4018276237 13.0 32.0
5.2316914 39.79518 -1.4018276238 12.0 33.0
5.582148 41.01409 -1.4018276238 12.0 33.0
5.582148 41.01409 -1.4018276239 11.0 34.0
5.932605 42.233 -1.4018276239 11.0 34.0
5.932605 42.233 -1.4018276240 10.0 35.0
6.2830615 43.451912 -1.4018276240 10.0 35.0
6.2830615 43.451912 -1.4018276241 9.0 36.0
6.633518 44.670822 -1.4018276241 9.0 36.0
6.633518 44.670822 -1.4018276242 4.0 37.0
6.633518 45.939114 -1.4018276242 4.0 37.0
6.633518 45.939114 -1.4018276243 3.0 38.0
6.633518 47.207405 -1.4018276243 3.0 38.0
6.633518 47.207405 -1.4018276244 0.0 39.0
6.3300138 48.426315 -1.2265991244 0.0 39.0
6.3300138 48.426315 -1.2265991245 0.0 40.0
5.979557 49.645226 -1.2265991245 0.0 40.0
6.633518 47.207405 -1.4018276246 0.0 39.0
6.9370227 48.426315 -1.577056246 0.0 39.0
6.9370227 48.426315 -1.577056247 0.0 40.0
7.2874794 49.645226 -1.577056247 0.0 40.0
6.633518 47.207405 -1.4018276248 2.0 39.0
6.633518 48.475697 -1.4018276248 2.0 39.0
6.633518 48.475697 -1.4018276249 1.0 40.0
6.633518 49.743988 -1.4018276249 1.0 40.0
6.633518 49.743988 -1.4018276250 0.0 41.0
6.633518 51.01228 -1.4018276250 0.0 41.0
6.633518 51.01228 -1.4018276251 0.0 42.0
6.633518 52.28057 -1.4018276251 0.0 42.0
6.633518 44.670822 -1.4018276252 4.0 37.0
7.216893 45.745434 -1.7386394252 4.0 37.0
7.216893 45.745434 -1.7386394253 3.0 38.0
7.800268 46.820045 -2.0754511253 3.0 38.0
7.800268 46.820045 -2.0754511254 0.0 39.0
8.103773 48.038956 -2.2506795254 0.0 39.0
8.103773 48.038956 -2.2506795255 0.0 40.0
8.45423 49.257866 -2.2506795255 0.0 40.0
7.800268 46.820045 -2.0754511256 0.0 39.0
8.618087 47.66668 -2.5476189256 0.0 39.0
8.618087 47.66668 -2.5476189257 0.0 40.0
9.562422 48.513313 -2.5476189257 0.0 40.0
7.800268 46.820045 -2.0754511258 2.0 39.0
8.473892 47.894657 -2.0754511258 2.0 39.0
8.473892 47.894657 -2.0754511259 1.0 40.0
9.147516 48.96927 -2.0754511259 1.0 40.0
9.147516 48.96927 -2.0754511260 0.0 41.0
9.82114 50.04388 -2.0754511260 0.0 41.0
9.82114 50.04388 -2.0754511261 0.0 42.0
10.494764 51.118492 -2.0754511261 0.0 42.0
6.633518 44.670822 -1.4018276262 8.0 37.0
6.983975 45.889732 -1.4018276262 8.0 37.0
6.983975 45.889732 -1.4018276263 7.0 38.0
7.3344316 47.108643 -1.4018276263 7.0 38.0
7.3344316 47.108643 -1.4018276264 6.0 39.0
7.6848884 48.327553 -1.4018276264 6.0 39.0
7.6848884 48.327553 -1.4018276265 5.0 40.0
8.035345 49.546463 -1.4018276265 5.0 40.0
8.035345 49.546463 -1.4018276266 4.0 41.0
8.385802 50.765373 -1.4018276266 4.0 41.0
8.385802 50.765373 -1.4018276267 3.0 42.0
8.736259 51.984283 -1.4018276267 3.0 42.0
8.736259 51.984283 -1.4018276268 0.0 43.0
8.736259 53.252575 -1.4018276268 0.0 43.0
8.736259 53.252575 -1.4018276269 0.0 44.0
8.736259 54.520866 -1.4018276269 0.0 44.0
8.736259 51.984283 -1.4018276270 0.0 43.0
9.319634 53.058895 -1.7386394270 0.0 43.0
9.319634 53.058895 -1.7386394271 0.0 44.0
9.993258 54.133507 -1.7386394271 0.0 44.0
8.736259 51.984283 -1.4018276272 2.0 43.0
9.086717 53.203194 -1.4018276272 2.0 43.0
9.086717 53.203194 -1.4018276273 1.0 44.0
9.437174 54.422104 -1.4018276273 1.0 44.0
9.437174 54.422104 -1.4018276274 0.0 45.0
9.787631 55.641014 -1.4018276274 0.0 45.0
9.787631 55.641014 -1.4018276275 0.0 46.0
10.138088 56.859924 -1.4018276275 0.0 46.0
0.0 20.292637 0.0276 44.0 17.0
0.0 21.560926 0.0276 44.0 17.0
0.0 21.560926 0.0277 43.0 18.0
0.0 22.829216 0.0277 43.0 18.0
0.0 22.829216 0.0278 42.0 19.0
0.0 24.097506 0.0278 42.0 19.0
0.0 24.097506 0.0279 41.0 20.0
0.0 25.365795 0.0279 41.0 20.0
0.0 25.365795 0.0280 40.0 21.0
0.0 26.634085 0.0280 40.0 21.0
0.0 26.634085 0.0281 39.0 22.0
0.0 27.902374 0.0281 39.0 22.0
0.0 27.902374 0.0282 38.0 23.0
0.0 29.170664 0.0282 38.0 23.0
0.0 29.170664 0.0283 37.0 24.0
0.0 30.438953 0.0283 37.0 24.0
0.0 30.438953 0.0284 36.0 25.0
0.0 31.707243 0.0284 36.0 25.0
0.0 31.707243 0.0285 35.0 26.0
0.0 32.975533 0.0285 35.0 26.0
0.0 32.975533 0.0286 34.0 27.0
0.0 34.243824 0.0286 34.0 27.0
0.0 34.243824 0.0287 33.0 28.0
0.0 35.512115 0.0287 33.0 28.0
0.0 35.512115 0.0288 32.0 29.0
0.0 36.780407 0.0288 32.0 29.0
0.0 36.780407 0.0289 31.0 30.0
0.0 38.0487 0.0289 31.0 30.0
0.0 38.0487 0.0290 30.0 31.0
0.0 39.31699 0.0290 30.0 31.0
0.0 39.31699 0.0291 29.0 32.0
0.0 40.58528 0.0291 29.0 32.0
0.0 40.58528 0.0292 28.0 33.0
0.0 41.853573 0.0292 28.0 33.0
0.0 41.853573 0.0293 27.0 34.0
0.0 43.121864 0.0293 27.0 34.0
0.0 43.121864 0.0294 26.0 35.0
0.0 44.390156 0.0294 26.0 35.0
0.0 44.390156 0.0295 25.0 36.0
0.0 45.658447 0.0295 25.0 36.0
0.0 45.658447 0.0296 24.0 37.0
0.0 46.92674 0.0296 24.0 37.0
0.0 46.92674 0.0297 23.0 38.0
0.0 48.19503 0.0297 23.0 38.0
0.0 48.19503 0.0298 22.0 39.0
0.0 49.46332 0.0298 22.0 39.0
0.0 49.46332 0.0299 21.0 40.0
0.0 50.731613 0.0299 21.0 40.0
0.0 50.731613 0.0300 12.0 41.0
-0.30350456 51.950523 0.17522843300 12.0 41.0
-0.30350456 51.950523 0.17522843301 11.0 42.0
-0.6070091 53.169434 0.35045686301 11.0 42.0
-0.6070091 53.169434 0.35045686302 10.0 43.0
-0.91051364 54.388344 0.5256853302 10.0 43.0
-0.91051364 54.388344 0.5256853303 9.0 44.0
-1.2140182 55.607254 0.7009137303 9.0 44.0
-1.2140182 55.607254 0.7009137304 4.0 45.0
-1.7973933 56.681866 1.0377256304 4.0 45.0
-1.7973933 56.681866 1.0377256305 3.0 46.0
-2.3807685 57.756477 1.3745375305 3.0 46.0
-2.3807685 57.756477 1.3745375306 0.0 47.0
-3.198587 58.60311 1.8467052306 0.0 47.0
-3.198587 58.60311 1.8467052307 0.0 48.0
-4.1429224 59.449745 1.8467052307 0.0 48.0
-2.3807685 57.756477 1.3745375308 0.0 47.0
-2.684273 58.975388 1.549766308 0.0 47.0
-2.684273 58.975388 1.549766309 0.0 48.0
-3.03473 60.194298 1.549766309 0.0 48.0
-2.3807685 57.756477 1.3745375310 2.0 47.0
-3.0543923 58.83109 1.3745375310 2.0 47.0
-3.0543923 58.83109 1.3745375311 1.0 48.0
-3.728016 59.9057 1.3745375311 1.0 48.0
-3.728016 59.9057 1.3745375312 0.0 49.0
-4.4016395 60.980312 1.3745375312 0.0 49.0
-4.4016395 60.980312 1.3745375313 0.0 50.0
-5.075263 62.054924 1.3745375313 0.0 50.0
-1.2140182 55.607254 0.7009137314 4.0 45.0
-1.2140182 56.875546 0.7009137314 4.0 45.0
-1.2140182 56.875546 0.7009137315 3.0 46.0
-1.2140182 58.143837 0.7009137315 3.0 46.0
-1.2140182 58.143837 0.7009137316 0.0 47.0
-1.5175228 59.362747 0.87614214316 0.0 47.0
-1.5175228 59.362747 0.87614214317 0.0 48.0
-1.8679796 60.581657 0.87614214317 0.0 48.0
-1.2140182 58.143837 0.7009137318 0.0 47.0
-0.91051364 59.362747 0.5256853318 0.0 47.0
-0.91051364 59.362747 0.5256853319 0.0 48.0
-0.5600568 60.581657 0.5256853319 0.0 48.0
-1.2140182 58.143837 0.7009137320 2.0 47.0
-1.2140182 59.41213 0.7009137320 2.0 47.0
-1.2140182 59.41213 0.7009137321 1.0 48.0
-1.2140182 60.68042 0.7009137321 1.0 48.0
-1.2140182 60.68042 0.7009137322 0.0 49.0
-1.2140182 61.94871 0.7009137322 0.0 49.0
-1.2140182 61.94871 0.7009137323 0.0 50.0
-1.2140182 63.217003 0.7009137323 0.0 50.0
-1.2140182 55.607254 0.7009137324 8.0 45.0
-1.564475 56.826164 0.7009137324 8.0 45.0
-1.564475 56.826164 0.7009137325 7.0 46.0
-1.9149319 58.045074 0.7009137325 7.0 46.0
-1.9149319 58.045074 0.7009137326 6.0 47.0
-2.2653887 59.263985 0.7009137326 6.0 47.0
-2.2653887 59.263985 0.7009137327 5.0 48.0
-2.6158457 60.482895 0.7009137327 5.0 48.0
-2.6158457 60.482895 0.7009137328 4.0 49.0
-2.9663026 61.701805 0.7009137328 4.0 49.0
-2.9663026 61.701805 0.7009137329 3.0 50.0
-3.3167596 62.920715 0.7009137329 3.0 50.0
-3.3167596 62.920715 0.7009137330 0.0 51.0
-3.9001348 63.995327 1.0377256330 0.0 51.0
-3.9001348 63.995327 1.0377256331 0.0 52.0
-4.5737586 65.06994 1.0377256331 0.0 52.0
-3.3167596 62.920715 0.7009137332 0.0 51.0
-3.3167596 64.189 0.7009137332 0.0 51.0
-3.3167596 64.189 0.7009137333 0.0 52.0
-3.3167596 65.45729 0.7009137333 0.0 52.0
-3.3167596 62.920715 0.7009137334 2.0 51.0
-3.6672165 64.139626 0.7009137334 2.0 51.0
-3.6672165 64.139626 0.7009137335 1.0 52.0
-4.0176735 65.358536 0.7009137335 1.0 52.0
-4.0176735 65.358536 0.7009137336 0.0 53.0
-4.36813 66.577446 0.7009137336 0.0 53.0
-4.36813 66.577446 0.7009137337 0.0 54.0
-4.718587 67.79636 0.7009137337 0.0 54.0
0.0 50.731613 0.0338 12.0 41.0
0.30350456 51.950523 -0.17522843338 12.0 41.0
0.30350456 51.950523 -0.17522843339 11.0 42.0
0.6070091 53.169434 -0.35045686339 11.0 42.0
0.6070091 53.169434 -0.35045686340 10.0 43.0
0.91051364 54.388344 -0.5256853340 10.0 43.0
0.91051364 54.388344 -0.5256853341 9.0 44.0
1.2140182 55.607254 -0.7009137341 9.0 44.0
1.2140182 55.607254 -0.7009137342 4.0 45.0
1.2140182 56.875546 -0.7009137342 4.0 45.0
1.2140182 56.875546 -0.7009137343 3.0 46.0
1.2140182 58.143837 -0.7009137343 3.0 46.0
1.2140182 58.143837 -0.7009137344 0.0 47.0
0.91051364 59.362747 -0.5256853344 0.0 47.0
0.91051364 59.362747 -0.5256853345 0.0 48.0
0.5600568 60.581657 -0.5256853345 0.0 48.0
1.2140182 58.143837 -0.7009137346 0.0 47.0
1.5175228 59.362747 -0.87614214346 0.0 47.0
1.5175228 59.362747 -0.87614214347 0.0 48.0
1.8679796 60.581657 -0.87614214347 0.0 48.0
1.2140182 58.143837 -0.7009137348 2.0 47.0
1.2140182 59.41213 -0.7009137348 2.0 47.0
1.2140182 59.41213 -0.7009137349 1.0 48.0
1.2140182 60.68042 -0.7009137349 1.0 48.0
1.2140182 60.68042 -0.7009137350 0.0 49.0
1.2140182 61.94871 -0.7009137350 0.0 49.0
1.2140182 61.94871 -0.7009137351 0.0 50.0
1.2140182 63.217003 -0.7009137351 0.0 50.0
1.2140182 55.607254 -0.7009137352 4.0 45.0
1.7973933 56.681866 -1.0377256352 4.0 45.0
1.7973933 56.681866 -1.0377256353 3.0 46.0
2.3807685 57.756477 -1.3745375353 3.0 46.0
2.3807685 57.756477 -1.3745375354 0.0 47.0
2.684273 58.975388 -1.549766354 0.0 47.0
2.684273 58.975388 -1.549766355 0.0 48.0
3.03473 60.194298 -1.549766355 0.0 48.0
2.3807685 57.756477 -1.3745375356 0.0 47.0
3.198587 58.60311 -1.8467052356 0.0 47.0
3.198587 58.60311 -1.8467052357 0.0 48.0
4.1429224 59.449745 -1.8467052357 0.0 48.0
2.3807685 57.756477 -1.3745375358 2.0 47.0
3.0543923 58.83109 -1.3745375358 2.0 47.0
3.0543923 58.83109 -1.3745375359 1.0 48.0
3.728016 59.9057 -1.3745375359 1.0 48.0
3.728016 59.9057 -1.3745375360 0.0 49.0
4.4016395 60.980312 -1.3745375360 0.0 49.0
4.4016395 60.980312 -1.3745375361 0.0 50.0
5.075263 62.054924 -1.3745375361 0.0 50.0
1.2140182 55.607254 -0.7009137362 8.0 45.0
1.564475 56.826164 -0.7009137362 8.0 45.0
1.564475 56.826164 -0.7009137363 7.0 46.0
1.9149319 58.045074 -0.7009137363 7.0 46.0
1.9149319 58.045074 -0.7009137364 6.0 47.0
2.2653887 59.263985 -0.7009137364 6.0 47.0
2.2653887 59.263985 -0.7009137365 5.0 48.0
2.6158457 60.482895 -0.7009137365 5.0 48.0
2.6158457 60.482895 -0.7009137366 4.0 49.0
2.9663026 61.701805 -0.7009137366 4.0 49.0
2.9663026 61.701805 -0.7009137367 3.0 50.0
3.3167596 62.920715 -0.7009137367 3.0 50.0
3.3167596 62.920715 -0.7009137368 0.0 51.0
3.3167596 64.189 -0.7009137368 0.0 51.0
3.3167596 64.189 -0.7009137369 0.0 52.0
3.3167596 65.45729 -0.7009137369 0.0 52.0
3.3167596 62.920715 -0.7009137370 0.0 51.0
3.9001348 63.995327 -1.0377256370 0.0 51.0
3.9001348 63.995327 -1.0377256371 0.0 52.0
4.5737586 65.06994 -1.0377256371 0.0 52.0
3.3167596 62.920715 -0.7009137372 2.0 51.0
3.6672165 64.139626 -0.7009137372 2.0 51.0
3.6672165 64.139626 -0.7009137373 1.0 52.0
4.0176735 65.358536 -0.7009137373 1.0 52.0
4.0176735 65.358536 -0.7009137374 0.0 53.0
4.36813 66.577446 -0.7009137374 0.0 53.0
4.36813 66.577446 -0.7009137375 0.0 54.0
4.718587 67.79636 -0.7009137375 0.0 54.0
0.0 50.731613 0.0376 20.0 41.0
0.0 51.999905 0.0376 20.0 41.0
0.0 51.999905 0.0377 19.0 42.0
0.0 53.268196 0.0377 19.0 42.0
0.0 53.268196 0.0378 18.0 43.0
0.0 54.536488 0.0378 18.0 43.0
0.0 54.536488 0.0379 17.0 44.0
0.0 55.80478 0.0379 17.0 44.0
0.0 55.80478 0.0380 16.0 45.0
0.0 57.07307 0.0380 16.0 45.0
0.0 57.07307 0.0381 15.0 46.0
0.0 58.341362 0.0381 15.0 46.0
0.0 58.341362 0.0382 14.0 47.0
0.0 59.609653 0.0382 14.0 47.0
0.0 59.609653 0.0383 13.0 48.0
0.0 60.877945 0.0383 13.0 48.0
0.0 60.877945 0.0384 12.0 49.0
0.0 62.146236 0.0384 12.0 49.0
0.0 62.146236 0.0385 11.0 50.0
0.0 63.414528 0.0385 11.0 50.0
0.0 63.414528 0.0386 10.0 51.0
0.0 64.682816 0.0386 10.0 51.0
0.0 64.682816 0.0387 9.0 52.0
0.0 65.9511 0.0387 9.0 52.0
0.0 65.9511 0.0388 4.0 53.0
-0.30350456 67.17001 0.17522843388 4.0 53.0
-0.30350456 67.17001 0.17522843389 3.0 54.0
-0.6070091 68.38892 0.35045686389 3.0 54.0
-0.6070091 68.38892 0.35045686390 0.0 55.0
-1.1903843 69.46354 0.68726873390 0.0 55.0
-1.1903843 69.46354 0.68726873391 0.0 56.0
-1.864008 70.538155 0.68726873391 0.0 56.0
-0.6070091 68.38892 0.35045686392 0.0 55.0
-0.6070091 69.65721 0.35045686392 0.0 55.0
-0.6070091 69.65721 0.35045686393 0.0 56.0
-0.6070091 70.9255 0.35045686393 0.0 56.0
-0.6070091 68.38892 0.35045686394 2.0 55.0
-0.957466 69.607834 0.35045686394 2.0 55.0
-0.957466 69.607834 0.35045686395 1.0 56.0
-1.3079228 70.826744 0.35045686395 1.0 56.0
-1.3079228 70.826744 0.35045686396 0.0 57.0
-1.6583797 72.045654 0.35045686396 0.0 57.0
-1.6583797 72.045654 0.35045686397 0.0 58.0
-2.0088365 73.264565 0.35045686397 0.0 58.0
0.0 65.9511 0.0398 4.0 53.0
0.30350456 67.17001 -0.17522843398 4.0 53.0
0.30350456 67.17001 -0.17522843399 3.0 54.0
0.6070091 68.38892 -0.35045686399 3.0 54.0
0.6070091 68.38892 -0.35045686400 0.0 55.0
0.6070091 69.65721 -0.35045686400 0.0 55.0
0.6070091 69.65721 -0.35045686401 0.0 56.0
0.6070091 70.9255 -0.35045686401 0.0 56.0
0.6070091 68.38892 -0.35045686402 0.0 55.0
1.1903843 69.46354 -0.68726873402 0.0 55.0
1.1903843 69.46354 -0.68726873403 0.0 56.0
1.864008 70.538155 -0.68726873403 0.0 56.0
0.6070091 68.38892 -0.35045686404 2.0 55.0
0.957466 69.607834 -0.35045686404 2.0 55.0
0.957466 69.607834 -0.35045686405 1.0 56.0
1.3079228 70.826744 -0.35045686405 1.0 56.0
1.3079228 70.826744 -0.35045686406 0.0 57.0
1.6583797 72.045654 -0.35045686406 0.0 57.0
1.6583797 72.045654 -0.35045686407 0.0 58.0
2.0088365 73.264565 -0.35045686407 0.0 58.0
0.0 65.9511 0.0408 8.0 53.0
0.0 67.21939 0.0408 8.0 53.0
0.0 67.21939 0.0409 7.0 54.0
0.0 68.48768 0.0409 7.0 54.0
0.0 68.48768 0.0410 6.0 55.0
0.0 69.75597 0.0410 6.0 55.0
0.0 69.75597 0.0411 5.0 56.0
0.0 71.024254 0.0411 5.0 56.0
0.0 71.024254 0.0412 4.0 57.0
0.0 72.29254 0.0412 4.0 57.0
0.0 72.29254 0.0413 3.0 58.0
0.0 73.56083 0.0413 3.0 58.0
0.0 73.56083 0.0414 0.0 59.0
-0.30350456 74.77974 0.17522843414 0.0 59.0
-0.30350456 74.77974 0.17522843415 0.0 60.0
-0.6539614 75.99865 0.17522843415 0.0 60.0
0.0 73.56083 0.0416 0.0 59.0
0.30350456 74.77974 -0.17522843416 0.0 59.0
0.30350456 74.77974 -0.17522843417 0.0 60.0
0.6539614 75.99865 -0.17522843417 0.0 60.0
0.0 73.56083 0.0418 2.0 59.0
0.0 74.82912 0.0418 2.0 59.0
0.0 74.82912 0.0419 1.0 60.0
0.0 76.097404 0.0419 1.0 60.0
0.0 76.097404 0.0420 0.0 61.0
0.0 77.36569 0.0420 0.0 61.0
0.0 77.36569 0.0421 0.0 62.0
0.0 78.63398 0.0421 0.0 62.0
