0.0 0.0 0.00 60.0 1.0
0.0 0.97753614 0.00 60.0 1.0
0.0 0.97753614 0.01 59.0 2.0
0.0 1.9550723 0.01 59.0 2.0
0.0 1.9550723 0.02 58.0 3.0
0.0 2.9326084 0.02 58.0 3.0
0.0 2.9326084 0.03 57.0 4.0
0.0 3.9101446 0.03 57.0 4.0
0.0 3.9101446 0.04 56.0 5.0
0.0 4.8876805 0.04 56.0 5.0
0.0 4.8876805 0.05 55.0 6.0
0.0 5.8652167 0.05 55.0 6.0
0.0 5.8652167 0.06 54.0 7.0
0.0 6.842753 0.06 54.0 7.0
0.0 6.842753 0.07 53.0 8.0
0.0 7.820289 0.07 53.0 8.0
0.0 7.820289 0.08 52.0 9.0
0.0 8.797825 0.08 52.0 9.0
0.0 8.797825 0.09 51.0 10.0
0.0 9.775361 0.09 51.0 10.0
0.0 9.775361 0.010 50.0 11.0
0.0 10.752897 0.010 50.0 11.0
0.0 10.752897 0.011 49.0 12.0
0.0 11.730433 0.011 49.0 12.0
0.0 11.730433 0.012 48.0 13.0
0.0 12.70797 0.012 48.0 13.0
0.0 12.70797 0.013 47.0 14.0
0.0 13.685506 0.013 47.0 14.0
0.0 13.685506 0.014 46.0 15.0
0.0 14.663042 0.014 46.0 15.0
0.0 14.663042 0.015 45.0 16.0
0.0 15.640578 0.015 45.0 16.0
0.0 15.640578 0.016 28.0 17.0
0.41753066 16.490952 -0.2410614316 28.0 17.0
0.41753066 16.490952 -0.2410614317 27.0 18.0
0.8350613 17.341324 -0.4821228717 27.0 18.0
0.8350613 17.341324 -0.4821228718 26.0 19.0
1.252592 18.191696 -0.723184318 26.0 19.0
1.252592 18.191696 -0.723184319 25.0 20.0
1.6701226 19.042068 -0.9642457419 25.0 20.0
1.6701226 19.042068 -0.9642457420 24.0 21.0
2.0876532 19.89244 -1.205307120 24.0 21.0
2.0876532 19.89244 -1.205307121 23.0 22.0
2.5051837 20.742813 -1.446368621 23.0 22.0
2.5051837 20.742813 -1.446368622 22.0 23.0
2.9227142 21.593185 -1.6874322 22.0 23.0
2.9227142 21.593185 -1.6874323 21.0 24.0
3.3402448 22.443558 -1.928491523 21.0 24.0
3.3402448 22.443558 -1.928491524 12.0 25.0
4.066677 22.945526 -2.347897324 12.0 25.0
4.066677 22.945526 -2.347897325 11.0 26.0
4.7931094 23.447495 -2.76730325 11.0 26.0
4.7931094 23.447495 -2.76730326 10.0 27.0
5.5195417 23.949463 -3.186708726 10.0 27.0
5.5195417 23.949463 -3.186708727 9.0 28.0
6.245974 24.451431 -3.606114427 9.0 28.0
6.245974 24.451431 -3.606114428 4.0 29.0
6.6635046 25.301804 -3.847175828 4.0 29.0
6.6635046 25.301804 -3.847175829 3.0 30.0
7.081035 26.152176 -4.088237329 3.0 30.0
7.081035 26.152176 -4.088237330 0.0 31.0
7.081035 27.129711 -4.088237330 0.0 31.0
7.081035 27.129711 -4.088237331 0.0 32.0
7.081035 28.107246 -4.088237331 0.0 32.0
7.081035 26.152176 -4.088237332 2.0 31.0
7.563158 27.002548 -4.088237332 2.0 31.0
7.563158 27.002548 -4.088237333 1.0 32.0
8.04528 27.85292 -4.088237333 1.0 32.0
8.04528 27.85292 -4.088237334 0.0 33.0
8.771712 28.354889 -4.50764334 0.0 33.0
8.771712 28.354889 -4.50764335 0.0 34.0
9.610524 28.856857 -4.50764335 0.0 34.0
8.04528 27.85292 -4.088237336 0.0 33.0
8.04528 28.830456 -4.088237336 0.0 33.0
8.04528 28.830456 -4.088237337 0.0 34.0
8.04528 29.807991 -4.088237337 0.0 34.0
6.245974 24.451431 -3.606114438 8.0 29.0
7.0847855 24.9534 -3.606114438 8.0 29.0
7.0847855 24.9534 -3.606114439 7.0 30.0
7.923597 25.455368 -3.606114439 7.0 30.0
7.923597 25.455368 -3.606114440 6.0 31.0
8.762408 25.957336 -3.606114440 6.0 31.0
8.762408 25.957336 -3.606114441 5.0 32.0
9.60122 26.459305 -3.606114441 5.0 32.0
9.60122 26.459305 -3.606114442 4.0 33.0
10.447557 26.482271 -4.094747542 4.0 33.0
10.447557 26.482271 -4.094747543 3.0 34.0
11.293895 26.505238 -4.583380743 3.0 34.0
11.293895 26.505238 -4.583380744 0.0 35.0
12.020327 27.007206 -5.002786644 0.0 35.0
12.020327 27.007206 -5.002786645 0.0 36.0
12.8591385 27.509174 -5.002786645 0.0 36.0
11.293895 26.505238 -4.583380746 2.0 35.0
12.271161 26.528204 -4.583380746 2.0 35.0
12.271161 26.528204 -4.583380747 1.0 36.0
13.248427 26.55117 -4.583380747 1.0 36.0
13.248427 26.55117 -4.583380748 0.0 37.0
13.994478 26.089159 -5.014113448 0.0 37.0
13.994478 26.089159 -5.014113449 0.0 38.0
14.855944 25.627148 -5.014113449 0.0 38.0
13.248427 26.55117 -4.583380750 0.0 37.0
14.087239 27.053139 -4.583380750 0.0 37.0
14.087239 27.053139 -4.583380751 0.0 38.0
14.926051 27.555107 -4.583380751 0.0 38.0
9.60122 26.459305 -3.606114452 4.0 33.0
10.083343 27.309677 -3.606114452 4.0 33.0
10.083343 27.309677 -3.606114453 3.0 34.0
10.565465 28.16005 -3.606114453 3.0 34.0
10.565465 28.16005 -3.606114454 0.0 35.0
10.565465 29.137585 -3.606114454 0.0 35.0
10.565465 29.137585 -3.606114455 0.0 36.0
10.565465 30.11512 -3.606114455 0.0 36.0
10.565465 28.16005 -3.606114456 2.0 35.0
11.047587 29.010422 -3.606114456 2.0 35.0
11.047587 29.010422 -3.606114457 1.0 36.0
11.52971 29.860794 -3.606114457 1.0 36.0
11.52971 29.860794 -3.606114458 0.0 37.0
12.256142 30.362762 -4.025520358 0.0 37.0
12.256142 30.362762 -4.025520359 0.0 38.0
13.094954 30.86473 -4.025520359 0.0 38.0
11.52971 29.860794 -3.606114460 0.0 37.0
11.52971 30.83833 -3.606114460 0.0 37.0
11.52971 30.83833 -3.606114461 0.0 38.0
11.52971 31.815865 -3.606114461 0.0 38.0
3.3402448 22.443558 -1.928491562 20.0 25.0
3.8223677 23.29393 -1.928491562 20.0 25.0
3.8223677 23.29393 -1.928491563 19.0 26.0
4.3044906 24.144302 -1.928491563 19.0 26.0
4.3044906 24.144302 -1.928491564 18.0 27.0
4.7866135 24.994675 -1.928491564 18.0 27.0
4.7866135 24.994675 -1.928491565 17.0 28.0
5.2687364 25.845047 -1.928491565 17.0 28.0
5.2687364 25.845047 -1.928491566 16.0 29.0
5.7508593 26.69542 -1.928491566 16.0 29.0
5.7508593 26.69542 -1.928491567 15.0 30.0
6.232982 27.545792 -1.928491567 15.0 30.0
6.232982 27.545792 -1.928491568 14.0 31.0
6.715105 28.396164 -1.928491568 14.0 31.0
6.715105 28.396164 -1.928491569 13.0 32.0
7.197228 29.246536 -1.928491569 13.0 32.0
7.197228 29.246536 -1.928491570 12.0 33.0
7.9236603 29.748505 -2.347897370 12.0 33.0
7.9236603 29.748505 -2.347897371 11.0 34.0
8.650092 30.250473 -2.76730371 11.0 34.0
8.650092 30.250473 -2.76730372 10.0 35.0
9.376524 30.752441 -3.186708772 10.0 35.0
9.376524 30.752441 -3.186708773 9.0 36.0
10.102956 31.25441 -3.606114473 9.0 36.0
10.102956 31.25441 -3.606114474 4.0 37.0
10.520487 32.104782 -3.847175874 4.0 37.0
10.520487 32.104782 -3.847175875 3.0 38.0
10.938018 32.955154 -4.088237375 3.0 38.0
10.938018 32.955154 -4.088237376 0.0 39.0
10.938018 33.93269 -4.088237376 0.0 39.0
10.938018 33.93269 -4.088237377 0.0 40.0
10.938018 34.910225 -4.088237377 0.0 40.0
10.938018 32.955154 -4.088237378 2.0 39.0
11.42014 33.805527 -4.088237378 2.0 39.0
11.42014 33.805527 -4.088237379 1.0 40.0
11.902263 34.6559 -4.088237379 1.0 40.0
11.902263 34.6559 -4.088237380 0.0 41.0
12.628695 35.157867 -4.50764380 0.0 41.0
12.628695 35.157867 -4.50764381 0.0 42.0
13.467506 35.659836 -4.50764381 0.0 42.0
11.902263 34.6559 -4.088237382 0.0 41.0
11.902263 35.633434 -4.088237382 0.0 41.0
11.902263 35.633434 -4.088237383 0.0 42.0
11.902263 36.61097 -4.088237383 0.0 42.0
10.102956 31.25441 -3.606114484 8.0 37.0
10.941768 31.756378 -3.606114484 8.0 37.0
10.941768 31.756378 -3.606114485 7.0 38.0
11.78058 32.258347 -3.606114485 7.0 38.0
11.78058 32.258347 -3.606114486 6.0 39.0
12.619391 32.760315 -3.606114486 6.0 39.0
12.619391 32.760315 -3.606114487 5.0 40.0
13.458203 33.262283 -3.606114487 5.0 40.0
13.458203 33.262283 -3.606114488 4.0 41.0
14.304541 33.285248 -4.094747588 4.0 41.0
14.304541 33.285248 -4.094747589 3.0 42.0
15.150878 33.308212 -4.583380789 3.0 42.0
15.150878 33.308212 -4.583380790 0.0 43.0
15.87731 33.81018 -5.002786690 0.0 43.0
15.87731 33.81018 -5.002786691 0.0 44.0
16.716122 34.31215 -5.002786691 0.0 44.0
15.150878 33.308212 -4.583380792 2.0 43.0
16.128143 33.331177 -4.583380792 2.0 43.0
16.128143 33.331177 -4.583380793 1.0 44.0
17.10541 33.35414 -4.583380793 1.0 44.0
17.10541 33.35414 -4.583380794 0.0 45.0
17.85146 32.892128 -5.014113494 0.0 45.0
17.85146 32.892128 -5.014113495 0.0 46.0
18.712925 32.430115 -5.014113495 0.0 46.0
17.10541 33.35414 -4.583380796 0.0 45.0
17.944221 33.85611 -4.583380796 0.0 45.0
17.944221 33.85611 -4.583380797 0.0 46.0
18.783033 34.358078 -4.583380797 0.0 46.0
13.458203 33.262283 -3.606114498 4.0 41.0
13.940326 34.112656 -3.606114498 4.0 41.0
13.940326 34.112656 -3.606114499 3.0 42.0
14.422448 34.963028 -3.606114499 3.0 42.0
14.422448 34.963028 -3.6061144100 0.0 43.0
14.422448 35.940563 -3.6061144100 0.0 43.0
14.422448 35.940563 -3.6061144101 0.0 44.0
14.422448 36.9181 -3.6061144101 0.0 44.0
14.422448 34.963028 -3.6061144102 2.0 43.0
14.904571 35.8134 -3.6061144102 2.0 43.0
14.904571 35.8134 -3.6061144103 1.0 44.0
15.386693 36.663773 -3.6061144103 1.0 44.0
15.386693 36.663773 -3.6061144104 0.0 45.0
16.113125 37.16574 -4.0255203104 0.0 45.0
16.113125 37.16574 -4.0255203105 0.0 46.0
16.951937 37.66771 -4.0255203105 0.0 46.0
15.386693 36.663773 -3.6061144106 0.0 45.0
15.386693 37.641308 -3.6061144106 0.0 45.0
15.386693 37.641308 -3.6061144107 0.0 46.0
15.386693 38.618843 -3.6061144107 0.0 46.0
7.197228 29.246536 -1.9284915108 12.0 33.0
7.197228 30.224072 -1.9284915108 12.0 33.0
7.197228 30.224072 -1.9284915109 11.0 34.0
7.197228 31.201607 -1.9284915109 11.0 34.0
7.197228 31.201607 -1.9284915110 10.0 35.0
7.197228 32.179142 -1.9284915110 10.0 35.0
7.197228 32.179142 -1.9284915111 9.0 36.0
7.197228 33.156677 -1.9284915111 9.0 36.0
7.197228 33.156677 -1.9284915112 4.0 37.0
6.7796974 34.00705 -1.68743112 4.0 37.0
6.7796974 34.00705 -1.68743113 3.0 38.0
6.362167 34.85742 -1.4463686113 3.0 38.0
6.362167 34.85742 -1.4463686114 0.0 39.0
5.6357346 35.35939 -1.0269628114 0.0 39.0
5.6357346 35.35939 -1.0269628115 0.0 40.0
4.796923 35.86136 -1.0269628115 0.0 40.0
6.362167 34.85742 -1.4463686116 2.0 39.0
5.880044 35.707794 -1.4463686116 2.0 39.0
5.880044 35.707794 -1.4463686117 1.0 40.0
5.397921 36.558167 -1.4463686117 1.0 40.0
5.397921 36.558167 -1.4463686118 0.0 41.0
5.397921 37.5357 -1.4463686118 0.0 41.0
5.397921 37.5357 -1.4463686119 0.0 42.0
5.397921 38.513237 -1.4463686119 0.0 42.0
5.397921 36.558167 -1.4463686120 0.0 41.0
4.5591097 37.060135 -1.4463686120 0.0 41.0
4.5591097 37.060135 -1.4463686121 0.0 42.0
3.720298 37.562103 -1.4463686121 0.0 42.0
7.197228 33.156677 -1.9284915122 8.0 37.0
7.197228 34.134212 -1.9284915122 8.0 37.0
7.197228 34.134212 -1.9284915123 7.0 38.0
7.197228 35.111748 -1.9284915123 7.0 38.0
7.197228 35.111748 -1.9284915124 6.0 39.0
7.197228 36.089283 -1.9284915124 6.0 39.0
7.197228 36.089283 -1.9284915125 5.0 40.0
7.197228 37.06682 -1.9284915125 5.0 40.0
7.197228 37.06682 -1.9284915126 4.0 41.0
7.6147585 37.91719 -2.1695528126 4.0 41.0
7.6147585 37.91719 -2.1695528127 3.0 42.0
8.0322895 38.767563 -2.4106143127 3.0 42.0
8.0322895 38.767563 -2.4106143128 0.0 43.0
8.0322895 39.7451 -2.4106143128 0.0 43.0
8.0322895 39.7451 -2.4106143129 0.0 44.0
8.0322895 40.722633 -2.4106143129 0.0 44.0
8.0322895 38.767563 -2.4106143130 2.0 43.0
8.514412 39.617935 -2.4106143130 2.0 43.0
8.514412 39.617935 -2.4106143131 1.0 44.0
8.996534 40.468307 -2.4106143131 1.0 44.0
8.996534 40.468307 -2.4106143132 0.0 45.0
9.722966 40.970276 -2.83002132 0.0 45.0
9.722966 40.970276 -2.83002133 0.0 46.0
10.561778 41.472244 -2.83002133 0.0 46.0
8.996534 40.468307 -2.4106143134 0.0 45.0
8.996534 41.445843 -2.4106143134 0.0 45.0
8.996534 41.445843 -2.4106143135 0.0 46.0
8.996534 42.423378 -2.4106143135 0.0 46.0
7.197228 37.06682 -1.9284915136 4.0 41.0
6.715105 37.91719 -1.9284915136 4.0 41.0
6.715105 37.91719 -1.9284915137 3.0 42.0
6.232982 38.767563 -1.9284915137 3.0 42.0
6.232982 38.767563 -1.9284915138 0.0 43.0
5.50655 39.26953 -1.5090857138 0.0 43.0
5.50655 39.26953 -1.5090857139 0.0 44.0
4.6677384 39.7715 -1.5090857139 0.0 44.0
6.232982 38.767563 -1.9284915140 2.0 43.0
5.7508593 39.617935 -1.9284915140 2.0 43.0
5.7508593 39.617935 -1.9284915141 1.0 44.0
5.2687364 40.468307 -1.9284915141 1.0 44.0
5.2687364 40.468307 -1.9284915142 0.0 45.0
5.2687364 41.445843 -1.9284915142 0.0 45.0
5.2687364 41.445843 -1.9284915143 0.0 46.0
5.2687364 42.423378 -1.9284915143 0.0 46.0
5.2687364 40.468307 -1.9284915144 0.0 45.0
4.429925 40.970276 -1.9284915144 0.0 45.0
4.429925 40.970276 -1.9284915145 0.0 46.0
3.5911133 41.472244 -1.9284915145 0.0 46.0
0.0 15.640578 0.0146 44.0 17.0
0.0 16.618114 0.0146 44.0 17.0
0.0 16.618114 0.0147 43.0 18.0
0.0 17.59565 0.0147 43.0 18.0
0.0 17.59565 0.0148 42.0 19.0
0.0 18.573185 0.0148 42.0 19.0
0.0 18.573185 0.0149 41.0 20.0
0.0 19.55072 0.0149 41.0 20.0
0.0 19.55072 0.0150 40.0 21.0
0.0 20.528255 0.0150 40.0 21.0
0.0 20.528255 0.0151 39.0 22.0
0.0 21.50579 0.0151 39.0 22.0
0.0 21.50579 0.0152 38.0 23.0
0.0 22.483326 0.0152 38.0 23.0
0.0 22.483326 0.0153 37.0 24.0
0.0 23.460861 0.0153 37.0 24.0
0.0 23.460861 0.0154 36.0 25.0
0.0 24.438396 0.0154 36.0 25.0
0.0 24.438396 0.0155 35.0 26.0
0.0 25.415932 0.0155 35.0 26.0
0.0 25.415932 0.0156 34.0 27.0
0.0 26.393467 0.0156 34.0 27.0
0.0 26.393467 0.0157 33.0 28.0
0.0 27.371002 0.0157 33.0 28.0
0.0 27.371002 0.0158 32.0 29.0
0.0 28.348537 0.0158 32.0 29.0
0.0 28.348537 0.0159 31.0 30.0
0.0 29.326073 0.0159 31.0 30.0
0.0 29.326073 0.0160 30.0 31.0
0.0 30.303608 0.0160 30.0 31.0
0.0 30.303608 0.0161 29.0 32.0
0.0 31.281143 0.0161 29.0 32.0
0.0 31.281143 0.0162 28.0 33.0
0.41753066 32.131516 -0.24106143162 28.0 33.0
0.41753066 32.131516 -0.24106143163 27.0 34.0
0.8350613 32.981888 -0.48212287163 27.0 34.0
0.8350613 32.981888 -0.48212287164 26.0 35.0
1.252592 33.83226 -0.7231843164 26.0 35.0
1.252592 33.83226 -0.7231843165 25.0 36.0
1.6701226 34.682632 -0.96424574165 25.0 36.0
1.6701226 34.682632 -0.96424574166 24.0 37.0
2.0876532 35.533005 -1.2053071166 24.0 37.0
2.0876532 35.533005 -1.2053071167 23.0 38.0
2.5051837 36.383377 -1.4463686167 23.0 38.0
2.5051837 36.383377 -1.4463686168 22.0 39.0
2.9227142 37.23375 -1.68743168 22.0 39.0
2.9227142 37.23375 -1.68743169 21.0 40.0
3.3402448 38.08412 -1.9284915169 21.0 40.0
3.3402448 38.08412 -1.9284915170 12.0 41.0
4.066677 38.58609 -2.3478973170 12.0 41.0
4.066677 38.58609 -2.3478973171 11.0 42.0
4.7931094 39.08806 -2.767303171 11.0 42.0
4.7931094 39.08806 -2.767303172 10.0 43.0
5.5195417 39.590027 -3.1867087172 10.0 43.0
5.5195417 39.590027 -3.1867087173 9.0 44.0
6.245974 40.091995 -3.6061144173 9.0 44.0
6.245974 40.091995 -3.6061144174 4.0 45.0
6.6635046 40.942368 -3.8471758174 4.0 45.0
6.6635046 40.942368 -3.8471758175 3.0 46.0
7.081035 41.79274 -4.0882373175 3.0 46.0
7.081035 41.79274 -4.0882373176 0.0 47.0
7.081035 42.770275 -4.0882373176 0.0 47.0
7.081035 42.770275 -4.0882373177 0.0 48.0
7.081035 43.74781 -4.0882373177 0.0 48.0
7.081035 41.79274 -4.0882373178 2.0 47.0
7.563158 42.643112 -4.0882373178 2.0 47.0
7.563158 42.643112 -4.0882373179 1.0 48.0
8.04528 43.493484 -4.0882373179 1.0 48.0
8.04528 43.493484 -4.0882373180 0.0 49.0
8.771712 43.995453 -4.507643180 0.0 49.0
8.771712 43.995453 -4.507643181 0.0 50.0
9.610524 44.49742 -4.507643181 0.0 50.0
8.04528 43.493484 -4.0882373182 0.0 49.0
8.04528 44.47102 -4.0882373182 0.0 49.0
8.04528 44.47102 -4.0882373183 0.0 50.0
8.04528 45.448555 -4.0882373183 0.0 50.0
6.245974 40.091995 -3.6061144184 8.0 45.0
7.0847855 40.593964 -3.6061144184 8.0 45.0
7.0847855 40.593964 -3.6061144185 7.0 46.0
7.923597 41.095932 -3.6061144185 7.0 46.0
7.923597 41.095932 -3.6061144186 6.0 47.0
8.762408 41.5979 -3.6061144186 6.0 47.0
8.762408 41.5979 -3.6061144187 5.0 48.0
9.60122 42.09987 -3.6061144187 5.0 48.0
9.60122 42.09987 -3.6061144188 4.0 49.0
10.447557 42.122833 -4.0947475188 4.0 49.0
10.447557 42.122833 -4.0947475189 3.0 50.0
11.293895 42.145798 -4.5833807189 3.0 50.0
11.293895 42.145798 -4.5833807190 0.0 51.0
12.020327 42.647766 -5.0027866190 0.0 51.0
12.020327 42.647766 -5.0027866191 0.0 52.0
12.8591385 43.149734 -5.0027866191 0.0 52.0
11.293895 42.145798 -4.5833807192 2.0 51.0
12.271161 42.168762 -4.5833807192 2.0 51.0
12.271161 42.168762 -4.5833807193 1.0 52.0
13.248427 42.191727 -4.5833807193 1.0 52.0
13.248427 42.191727 -4.5833807194 0.0 53.0
13.994478 41.729713 -5.0141134194 0.0 53.0
13.994478 41.729713 -5.0141134195 0.0 54.0
14.855944 41.2677 -5.0141134195 0.0 54.0
13.248427 42.191727 -4.5833807196 0.0 53.0
14.087239 42.693695 -4.5833807196 0.0 53.0
14.087239 42.693695 -4.5833807197 0.0 54.0
14.926051 43.195663 -4.5833807197 0.0 54.0
9.60122 42.09987 -3.6061144198 4.0 49.0
10.083343 42.95024 -3.6061144198 4.0 49.0
10.083343 42.95024 -3.6061144199 3.0 50.0
10.565465 43.800613 -3.6061144199 3.0 50.0
10.565465 43.800613 -3.6061144200 0.0 51.0
10.565465 44.77815 -3.6061144200 0.0 51.0
10.565465 44.77815 -3.6061144201 0.0 52.0
10.565465 45.755684 -3.6061144201 0.0 52.0
10.565465 43.800613 -3.6061144202 2.0 51.0
11.047587 44.650986 -3.6061144202 2.0 51.0
11.047587 44.650986 -3.6061144203 1.0 52.0
11.52971 45.501358 -3.6061144203 1.0 52.0
11.52971 45.501358 -3.6061144204 0.0 53.0
12.256142 46.003326 -4.0255203204 0.0 53.0
12.256142 46.003326 -4.0255203205 0.0 54.0
13.094954 46.505295 -4.0255203205 0.0 54.0
11.52971 45.501358 -3.6061144206 0.0 53.0
11.52971 46.478893 -3.6061144206 0.0 53.0
11.52971 46.478893 -3.6061144207 0.0 54.0
11.52971 47.45643 -3.6061144207 0.0 54.0
3.3402448 38.08412 -1.9284915208 20.0 41.0
3.8223677 38.934494 -1.9284915208 20.0 41.0
3.8223677 38.934494 -1.9284915209 19.0 42.0
4.3044906 39.784866 -1.9284915209 19.0 42.0
4.3044906 39.784866 -1.9284915210 18.0 43.0
4.7866135 40.63524 -1.9284915210 18.0 43.0
4.7866135 40.63524 -1.9284915211 17.0 44.0
5.2687364 41.48561 -1.9284915211 17.0 44.0
5.2687364 41.48561 -1.9284915212 16.0 45.0
5.7508593 42.335983 -1.9284915212 16.0 45.0
5.7508593 42.335983 -1.9284915213 15.0 46.0
6.232982 43.186356 -1.9284915213 15.0 46.0
6.232982 43.186356 -1.9284915214 14.0 47.0
6.715105 44.036728 -1.9284915214 14.0 47.0
6.715105 44.036728 -1.9284915215 13.0 48.0
7.197228 44.8871 -1.9284915215 13.0 48.0
7.197228 44.8871 -1.9284915216 12.0 49.0
7.9236603 45.38907 -2.3478973216 12.0 49.0
7.9236603 45.38907 -2.3478973217 11.0 50.0
8.650092 45.891037 -2.767303217 11.0 50.0
8.650092 45.891037 -2.767303218 10.0 51.0
9.376524 46.393005 -3.1867087218 10.0 51.0
9.376524 46.393005 -3.1867087219 9.0 52.0
10.102956 46.894974 -3.6061144219 9.0 52.0
10.102956 46.894974 -3.6061144220 4.0 53.0
10.520487 47.745346 -3.8471758220 4.0 53.0
10.520487 47.745346 -3.8471758221 3.0 54.0
10.938018 48.59572 -4.0882373221 3.0 54.0
10.938018 48.59572 -4.0882373222 0.0 55.0
10.938018 49.573254 -4.0882373222 0.0 55.0
10.938018 49.573254 -4.0882373223 0.0 56.0
10.938018 50.55079 -4.0882373223 0.0 56.0
10.938018 48.59572 -4.0882373224 2.0 55.0
11.42014 49.44609 -4.0882373224 2.0 55.0
11.42014 49.44609 -4.0882373225 1.0 56.0
11.902263 50.296463 -4.0882373225 1.0 56.0
11.902263 50.296463 -4.0882373226 0.0 57.0
12.628695 50.79843 -4.507643226 0.0 57.0
12.628695 50.79843 -4.507643227 0.0 58.0
13.467506 51.3004 -4.507643227 0.0 58.0
11.902263 50.296463 -4.0882373228 0.0 57.0
11.902263 51.274 -4.0882373228 0.0 57.0
11.902263 51.274 -4.0882373229 0.0 58.0
11.902263 52.251534 -4.0882373229 0.0 58.0
10.102956 46.894974 -3.6061144230 8.0 53.0
10.941768 47.396942 -3.6061144230 8.0 53.0
10.941768 47.396942 -3.6061144231 7.0 54.0
11.78058 47.89891 -3.6061144231 7.0 54.0
11.78058 47.89891 -3.6061144232 6.0 55.0
12.619391 48.40088 -3.6061144232 6.0 55.0
12.619391 48.40088 -3.6061144233 5.0 56.0
13.458203 48.902847 -3.6061144233 5.0 56.0
13.458203 48.902847 -3.6061144234 4.0 57.0
14.304541 48.92581 -4.0947475234 4.0 57.0
14.304541 48.92581 -4.0947475235 3.0 58.0
15.150878 48.948776 -4.5833807235 3.0 58.0
15.150878 48.948776 -4.5833807236 0.0 59.0
15.87731 49.450745 -5.0027866236 0.0 59.0
15.87731 49.450745 -5.0027866237 0.0 60.0
16.716122 49.952713 -5.0027866237 0.0 60.0
15.150878 48.948776 -4.5833807238 2.0 59.0
16.128143 48.97174 -4.5833807238 2.0 59.0
16.128143 48.97174 -4.5833807239 1.0 60.0
17.10541 48.994705 -4.5833807239 1.0 60.0
17.10541 48.994705 -4.5833807240 0.0 61.0
17.85146 48.532692 -5.0141134240 0.0 61.0
17.85146 48.532692 -5.0141134241 0.0 62.0
18.712925 48.07068 -5.0141134241 0.0 62.0
17.10541 48.994705 -4.5833807242 0.0 61.0
17.944221 49.496674 -4.5833807242 0.0 61.0
17.944221 49.496674 -4.5833807243 0.0 62.0
18.783033 49.998642 -4.5833807243 0.0 62.0
13.458203 48.902847 -3.6061144244 4.0 57.0
13.940326 49.75322 -3.6061144244 4.0 57.0
13.940326 49.75322 -3.6061144245 3.0 58.0
14.422448 50.603592 -3.6061144245 3.0 58.0
14.422448 50.603592 -3.6061144246 0.0 59.0
14.422448 51.581127 -3.6061144246 0.0 59.0
14.422448 51.581127 -3.6061144247 0.0 60.0
14.422448 52.558662 -3.6061144247 0.0 60.0
14.422448 50.603592 -3.6061144248 2.0 59.0
14.904571 51.453964 -3.6061144248 2.0 59.0
14.904571 51.453964 -3.6061144249 1.0 60.0
15.386693 52.304337 -3.6061144249 1.0 60.0
15.386693 52.304337 -3.6061144250 0.0 61.0
16.113125 52.806305 -4.0255203250 0.0 61.0
16.113125 52.806305 -4.0255203251 0.0 62.0
16.951937 53.308273 -4.0255203251 0.0 62.0
15.386693 52.304337 -3.6061144252 0.0 61.0
15.386693 53.28187 -3.6061144252 0.0 61.0
15.386693 53.28187 -3.6061144253 0.0 62.0
15.386693 54.259407 -3.6061144253 0.0 62.0
7.197228 44.8871 -1.9284915254 12.0 49.0
7.197228 45.864635 -1.9284915254 12.0 49.0
7.197228 45.864635 -1.9284915255 11.0 50.0
7.197228 46.84217 -1.9284915255 11.0 50.0
7.197228 46.84217 -1.9284915256 10.0 51.0
7.197228 47.819706 -1.9284915256 10.0 51.0
7.197228 47.819706 -1.9284915257 9.0 52.0
7.197228 48.79724 -1.9284915257 9.0 52.0
7.197228 48.79724 -1.9284915258 4.0 53.0
6.7796974 49.647614 -1.68743258 4.0 53.0
6.7796974 49.647614 -1.68743259 3.0 54.0
6.362167 50.497986 -1.4463686259 3.0 54.0
6.362167 50.497986 -1.4463686260 0.0 55.0
5.6357346 50.999954 -1.0269628260 0.0 55.0
5.6357346 50.999954 -1.0269628261 0.0 56.0
4.796923 51.501923 -1.0269628261 0.0 56.0
6.362167 50.497986 -1.4463686262 2.0 55.0
5.880044 51.34836 -1.4463686262 2.0 55.0
5.880044 51.34836 -1.4463686263 1.0 56.0
5.397921 52.19873 -1.4463686263 1.0 56.0
5.397921 52.19873 -1.4463686264 0.0 57.0
5.397921 53.176266 -1.4463686264 0.0 57.0
5.397921 53.176266 -1.4463686265 0.0 58.0
5.397921 54.1538 -1.4463686265 0.0 58.0
5.397921 52.19873 -1.4463686266 0.0 57.0
4.5591097 52.7007 -1.4463686266 0.0 57.0
4.5591097 52.7007 -1.4463686267 0.0 58.0
3.720298 53.202667 -1.4463686267 0.0 58.0
7.197228 48.79724 -1.9284915268 8.0 53.0
7.197228 49.774776 -1.9284915268 8.0 53.0
7.197228 49.774776 -1.9284915269 7.0 54.0
7.197228 50.75231 -1.9284915269 7.0 54.0
7.197228 50.75231 -1.9284915270 6.0 55.0
7.197228 51.729847 -1.9284915270 6.0 55.0
7.197228 51.729847 -1.9284915271 5.0 56.0
7.197228 52.707382 -1.9284915271 5.0 56.0
7.197228 52.707382 -1.9284915272 4.0 57.0
7.6147585 53.557755 -2.1695528272 4.0 57.0
7.6147585 53.557755 -2.1695528273 3.0 58.0
8.0322895 54.408127 -2.4106143273 3.0 58.0
8.0322895 54.408127 -2.4106143274 0.0 59.0
8.0322895 55.385662 -2.4106143274 0.0 59.0
8.0322895 55.385662 -2.4106143275 0.0 60.0
8.0322895 56.363197 -2.4106143275 0.0 60.0
8.0322895 54.408127 -2.4106143276 2.0 59.0
8.514412 55.2585 -2.4106143276 2.0 59.0
8.514412 55.2585 -2.4106143277 1.0 60.0
8.996534 56.10887 -2.4106143277 1.0 60.0
8.996534 56.10887 -2.4106143278 0.0 61.0
9.722966 56.61084 -2.83002278 0.0 61.0
9.722966 56.61084 -2.83002279 0.0 62.0
10.561778 57.11281 -2.83002279 0.0 62.0
8.996534 56.10887 -2.4106143280 0.0 61.0
8.996534 57.086407 -2.4106143280 0.0 61.0
8.996534 57.086407 -2.4106143281 0.0 62.0
8.996534 58.063942 -2.4106143281 0.0 62.0
7.197228 52.707382 -1.9284915282 4.0 57.0
6.715105 53.557755 -1.9284915282 4.0 57.0
6.715105 53.557755 -1.9284915283 3.0 58.0
6.232982 54.408127 -1.9284915283 3.0 58.0
6.232982 54.408127 -1.9284915284 0.0 59.0
5.50655 54.910095 -1.5090857284 0.0 59.0
5.50655 54.910095 -1.5090857285 0.0 60.0
4.6677384 55.412064 -1.5090857285 0.0 60.0
6.232982 54.408127 -1.9284915286 2.0 59.0
5.7508593 55.2585 -1.9284915286 2.0 59.0
5.7508593 55.2585 -1.9284915287 1.0 60.0
5.2687364 56.10887 -1.9284915287 1.0 60.0
5.2687364 56.10887 -1.9284915288 0.0 61.0
5.2687364 57.086407 -1.9284915288 0.0 61.0
5.2687364 57.086407 -1.9284915289 0.0 62.0
5.2687364 58.063942 -1.9284915289 0.0 62.0
5.2687364 56.10887 -1.9284915290 0.0 61.0
4.429925 56.61084 -1.9284915290 0.0 61.0
4.429925 56.61084 -1.9284915291 0.0 62.0
3.5911133 57.11281 -1.9284915291 0.0 62.0
0.0 31.281143 0.0292 28.0 33.0
-0.48212287 32.131516 0.0292 28.0 33.0
-0.48212287 32.131516 0.0293 27.0 34.0
-0.96424574 32.981888 0.0293 27.0 34.0
-0.96424574 32.981888 0.0294 26.0 35.0
-1.4463686 33.83226 0.0294 26.0 35.0
-1.4463686 33.83226 0.0295 25.0 36.0
-1.9284915 34.682632 0.0295 25.0 36.0
-1.9284915 34.682632 0.0296 24.0 37.0
-2.4106143 35.533005 0.0296 24.0 37.0
-2.4106143 35.533005 0.0297 23.0 38.0
-2.8927372 36.383377 0.0297 23.0 38.0
-2.8927372 36.383377 0.0298 22.0 39.0
-3.37486 37.23375 0.0298 22.0 39.0
-3.37486 37.23375 0.0299 21.0 40.0
-3.856983 38.08412 0.0299 21.0 40.0
-3.856983 38.08412 0.0300 12.0 41.0
-3.856983 39.061657 0.0300 12.0 41.0
-3.856983 39.061657 0.0301 11.0 42.0
-3.856983 40.039192 0.0301 11.0 42.0
-3.856983 40.039192 0.0302 10.0 43.0
-3.856983 41.016727 0.0302 10.0 43.0
-3.856983 41.016727 0.0303 9.0 44.0
-3.856983 41.994263 0.0303 9.0 44.0
-3.856983 41.994263 0.0304 4.0 45.0
-4.2745137 42.844635 0.24106143304 4.0 45.0
-4.2745137 42.844635 0.24106143305 3.0 46.0
-4.6920443 43.695007 0.48212287305 3.0 46.0
-4.6920443 43.695007 0.48212287306 0.0 47.0
-5.4184766 44.196976 0.90152866306 0.0 47.0
-5.4184766 44.196976 0.90152866307 0.0 48.0
-6.257288 44.698944 0.90152866307 0.0 48.0
-4.6920443 43.695007 0.48212287308 2.0 47.0
-5.174167 44.54538 0.48212287308 2.0 47.0
-5.174167 44.54538 0.48212287309 1.0 48.0
-5.65629 45.395752 0.48212287309 1.0 48.0
-5.65629 45.395752 0.48212287310 0.0 49.0
-5.65629 46.373287 0.48212287310 0.0 49.0
-5.65629 46.373287 0.48212287311 0.0 50.0
-5.65629 47.350822 0.48212287311 0.0 50.0
-5.65629 45.395752 0.48212287312 0.0 49.0
-6.4951015 45.89772 0.48212287312 0.0 49.0
-6.4951015 45.89772 0.48212287313 0.0 50.0
-7.333913 46.39969 0.48212287313 0.0 50.0
-3.856983 41.994263 0.0314 8.0 45.0
-3.856983 42.971798 0.0314 8.0 45.0
-3.856983 42.971798 0.0315 7.0 46.0
-3.856983 43.949333 0.0315 7.0 46.0
-3.856983 43.949333 0.0316 6.0 47.0
-3.856983 44.92687 0.0316 6.0 47.0
-3.856983 44.92687 0.0317 5.0 48.0
-3.856983 45.904404 0.0317 5.0 48.0
-3.856983 45.904404 0.0318 4.0 49.0
-3.4394522 46.754776 -0.24106143318 4.0 49.0
-3.4394522 46.754776 -0.24106143319 3.0 50.0
-3.0219216 47.60515 -0.48212287319 3.0 50.0
-3.0219216 47.60515 -0.48212287320 0.0 51.0
-3.0219216 48.582684 -0.48212287320 0.0 51.0
-3.0219216 48.582684 -0.48212287321 0.0 52.0
-3.0219216 49.56022 -0.48212287321 0.0 52.0
-3.0219216 47.60515 -0.48212287322 2.0 51.0
-2.5397987 48.45552 -0.48212287322 2.0 51.0
-2.5397987 48.45552 -0.48212287323 1.0 52.0
-2.0576758 49.305893 -0.48212287323 1.0 52.0
-2.0576758 49.305893 -0.48212287324 0.0 53.0
-1.3312438 49.80786 -0.90152866324 0.0 53.0
-1.3312438 49.80786 -0.90152866325 0.0 54.0
-0.49243218 50.30983 -0.90152866325 0.0 54.0
-2.0576758 49.305893 -0.48212287326 0.0 53.0
-2.0576758 50.28343 -0.48212287326 0.0 53.0
-2.0576758 50.28343 -0.48212287327 0.0 54.0
-2.0576758 51.260963 -0.48212287327 0.0 54.0
-3.856983 45.904404 0.0328 4.0 49.0
-4.3391056 46.754776 0.0328 4.0 49.0
-4.3391056 46.754776 0.0329 3.0 50.0
-4.8212285 47.60515 0.0329 3.0 50.0
-4.8212285 47.60515 0.0330 0.0 51.0
-5.547661 48.107117 0.4194058330 0.0 51.0
-5.547661 48.107117 0.4194058331 0.0 52.0
-6.386472 48.609085 0.4194058331 0.0 52.0
-4.8212285 47.60515 0.0332 2.0 51.0
-5.3033514 48.45552 0.0332 2.0 51.0
-5.3033514 48.45552 0.0333 1.0 52.0
-5.7854743 49.305893 0.0333 1.0 52.0
-5.7854743 49.305893 0.0334 0.0 53.0
-5.7854743 50.28343 0.0334 0.0 53.0
-5.7854743 50.28343 0.0335 0.0 54.0
-5.7854743 51.260963 0.0335 0.0 54.0
-5.7854743 49.305893 0.0336 0.0 53.0
-6.6242857 49.80786 0.0336 0.0 53.0
-6.6242857 49.80786 0.0337 0.0 54.0
-7.463097 50.30983 0.0337 0.0 54.0
-3.856983 38.08412 0.0338 20.0 41.0
-4.3391056 38.934494 0.0338 20.0 41.0
-4.3391056 38.934494 0.0339 19.0 42.0
-4.8212285 39.784866 0.0339 19.0 42.0
-4.8212285 39.784866 0.0340 18.0 43.0
-5.3033514 40.63524 0.0340 18.0 43.0
-5.3033514 40.63524 0.0341 17.0 44.0
-5.7854743 41.48561 0.0341 17.0 44.0
-5.7854743 41.48561 0.0342 16.0 45.0
-6.267597 42.335983 0.0342 16.0 45.0
-6.267597 42.335983 0.0343 15.0 46.0
-6.74972 43.186356 0.0343 15.0 46.0
-6.74972 43.186356 0.0344 14.0 47.0
-7.231843 44.036728 0.0344 14.0 47.0
-7.231843 44.036728 0.0345 13.0 48.0
-7.713966 44.8871 0.0345 13.0 48.0
-7.713966 44.8871 0.0346 12.0 49.0
-7.713966 45.864635 0.0346 12.0 49.0
-7.713966 45.864635 0.0347 11.0 50.0
-7.713966 46.84217 0.0347 11.0 50.0
-7.713966 46.84217 0.0348 10.0 51.0
-7.713966 47.819706 0.0348 10.0 51.0
-7.713966 47.819706 0.0349 9.0 52.0
-7.713966 48.79724 0.0349 9.0 52.0
-7.713966 48.79724 0.0350 4.0 53.0
-8.131496 49.647614 0.24106143350 4.0 53.0
-8.131496 49.647614 0.24106143351 3.0 54.0
-8.549027 50.497986 0.48212287351 3.0 54.0
-8.549027 50.497986 0.48212287352 0.0 55.0
-9.275459 50.999954 0.90152866352 0.0 55.0
-9.275459 50.999954 0.90152866353 0.0 56.0
-10.114271 51.501923 0.90152866353 0.0 56.0
-8.549027 50.497986 0.48212287354 2.0 55.0
-9.03115 51.34836 0.48212287354 2.0 55.0
-9.03115 51.34836 0.48212287355 1.0 56.0
-9.513272 52.19873 0.48212287355 1.0 56.0
-9.513272 52.19873 0.48212287356 0.0 57.0
-9.513272 53.176266 0.48212287356 0.0 57.0
-9.513272 53.176266 0.48212287357 0.0 58.0
-9.513272 54.1538 0.48212287357 0.0 58.0
-9.513272 52.19873 0.48212287358 0.0 57.0
-10.352084 52.7007 0.48212287358 0.0 57.0
-10.352084 52.7007 0.48212287359 0.0 58.0
-11.190896 53.202667 0.48212287359 0.0 58.0
-7.713966 48.79724 0.0360 8.0 53.0
-7.713966 49.774776 0.0360 8.0 53.0
-7.713966 49.774776 0.0361 7.0 54.0
-7.713966 50.75231 0.0361 7.0 54.0
-7.713966 50.75231 0.0362 6.0 55.0
-7.713966 51.729847 0.0362 6.0 55.0
-7.713966 51.729847 0.0363 5.0 56.0
-7.713966 52.707382 0.0363 5.0 56.0
-7.713966 52.707382 0.0364 4.0 57.0
-7.2964354 53.557755 -0.24106143364 4.0 57.0
-7.2964354 53.557755 -0.24106143365 3.0 58.0
-6.878905 54.408127 -0.48212287365 3.0 58.0
-6.878905 54.408127 -0.48212287366 0.0 59.0
-6.878905 55.385662 -0.48212287366 0.0 59.0
-6.878905 55.385662 -0.48212287367 0.0 60.0
-6.878905 56.363197 -0.48212287367 0.0 60.0
-6.878905 54.408127 -0.48212287368 2.0 59.0
-6.396782 55.2585 -0.48212287368 2.0 59.0
-6.396782 55.2585 -0.48212287369 1.0 60.0
-5.914659 56.10887 -0.48212287369 1.0 60.0
-5.914659 56.10887 -0.48212287370 0.0 61.0
-5.1882267 56.61084 -0.90152866370 0.0 61.0
-5.1882267 56.61084 -0.90152866371 0.0 62.0
-4.3494153 57.11281 -0.90152866371 0.0 62.0
-5.914659 56.10887 -0.48212287372 0.0 61.0
-5.914659 57.086407 -0.48212287372 0.0 61.0
-5.914659 57.086407 -0.48212287373 0.0 62.0
-5.914659 58.063942 -0.48212287373 0.0 62.0
-7.713966 52.707382 0.0374 4.0 57.0
-8.196089 53.557755 0.0374 4.0 57.0
-8.196089 53.557755 0.0375 3.0 58.0
-8.678211 54.408127 0.0375 3.0 58.0
-8.678211 54.408127 0.0376 0.0 59.0
-9.404643 54.910095 0.4194058376 0.0 59.0
-9.404643 54.910095 0.4194058377 0.0 60.0
-10.243455 55.412064 0.4194058377 0.0 60.0
-8.678211 54.408127 0.0378 2.0 59.0
-9.160334 55.2585 0.0378 2.0 59.0
-9.160334 55.2585 0.0379 1.0 60.0
-9.642456 56.10887 0.0379 1.0 60.0
-9.642456 56.10887 0.0380 0.0 61.0
-9.642456 57.086407 0.0380 0.0 61.0
-9.642456 57.086407 0.0381 0.0 62.0
-9.642456 58.063942 0.0381 0.0 62.0
-9.642456 56.10887 0.0382 0.0 61.0
-10.481268 56.61084 0.0382 0.0 61.0
-10.481268 56.61084 0.0383 0.0 62.0
-11.32008 57.11281 0.0383 0.0 62.0
-7.713966 44.8871 0.0384 12.0 49.0
-8.552777 45.38907 0.0384 12.0 49.0
-8.552777 45.38907 0.0385 11.0 50.0
-9.391589 45.891037 0.0385 11.0 50.0
-9.391589 45.891037 0.0386 10.0 51.0
-10.230401 46.393005 0.0386 10.0 51.0
-10.230401 46.393005 0.0387 9.0 52.0
-11.069213 46.894974 0.0387 9.0 52.0
-11.069213 46.894974 0.0388 4.0 53.0
-11.91555 46.91794 0.48863316388 4.0 53.0
-11.91555 46.91794 0.48863316389 3.0 54.0
-12.761888 46.940903 0.9772663389 3.0 54.0
-12.761888 46.940903 0.9772663390 0.0 55.0
-13.507938 46.47889 1.4079989390 0.0 55.0
-13.507938 46.47889 1.4079989391 0.0 56.0
-14.369404 46.016876 1.4079989391 0.0 56.0
-12.761888 46.940903 0.9772663392 2.0 55.0
-13.739154 46.963867 0.9772663392 2.0 55.0
-13.739154 46.963867 0.9772663393 1.0 56.0
-14.71642 46.98683 0.9772663393 1.0 56.0
-14.71642 46.98683 0.9772663394 0.0 57.0
-15.442852 47.4888 1.3966721394 0.0 57.0
-15.442852 47.4888 1.3966721395 0.0 58.0
-16.281664 47.99077 1.3966721395 0.0 58.0
-14.71642 46.98683 0.9772663396 0.0 57.0
-15.577886 46.52482 0.9772663396 0.0 57.0
-15.577886 46.52482 0.9772663397 0.0 58.0
-16.43935 46.062805 0.9772663397 0.0 58.0
-11.069213 46.894974 0.0398 8.0 53.0
-11.908025 47.396942 0.0398 8.0 53.0
-11.908025 47.396942 0.0399 7.0 54.0
-12.746837 47.89891 0.0399 7.0 54.0
-12.746837 47.89891 0.0400 6.0 55.0
-13.585649 48.40088 0.0400 6.0 55.0
-13.585649 48.40088 0.0401 5.0 56.0
-14.42446 48.902847 0.0401 5.0 56.0
-14.42446 48.902847 0.0402 4.0 57.0
-14.841991 49.75322 0.24106143402 4.0 57.0
-14.841991 49.75322 0.24106143403 3.0 58.0
-15.259522 50.603592 0.48212287403 3.0 58.0
-15.259522 50.603592 0.48212287404 0.0 59.0
-15.985954 51.10556 0.90152866404 0.0 59.0
-15.985954 51.10556 0.90152866405 0.0 60.0
-16.824766 51.60753 0.90152866405 0.0 60.0
-15.259522 50.603592 0.48212287406 2.0 59.0
-15.741645 51.453964 0.48212287406 2.0 59.0
-15.741645 51.453964 0.48212287407 1.0 60.0
-16.223768 52.304337 0.48212287407 1.0 60.0
-16.223768 52.304337 0.48212287408 0.0 61.0
-16.223768 53.28187 0.48212287408 0.0 61.0
-16.223768 53.28187 0.48212287409 0.0 62.0
-16.223768 54.259407 0.48212287409 0.0 62.0
-16.223768 52.304337 0.48212287410 0.0 61.0
-17.06258 52.806305 0.48212287410 0.0 61.0
-17.06258 52.806305 0.48212287411 0.0 62.0
-17.901392 53.308273 0.48212287411 0.0 62.0
-14.42446 48.902847 0.0412 4.0 57.0
-15.401727 48.92581 0.0412 4.0 57.0
-15.401727 48.92581 0.0413 3.0 58.0
-16.378994 48.948776 0.0413 3.0 58.0
-16.378994 48.948776 0.0414 0.0 59.0
-17.125044 48.486763 0.4307326414 0.0 59.0
-17.125044 48.486763 0.4307326415 0.0 60.0
-17.98651 48.02475 0.4307326415 0.0 60.0
-16.378994 48.948776 0.0416 2.0 59.0
-17.35626 48.97174 0.0416 2.0 59.0
-17.35626 48.97174 0.0417 1.0 60.0
-18.333527 48.994705 0.0417 1.0 60.0
-18.333527 48.994705 0.0418 0.0 61.0
-19.05996 49.496674 0.4194058418 0.0 61.0
-19.05996 49.496674 0.4194058419 0.0 62.0
-19.898771 49.998642 0.4194058419 0.0 62.0
-18.333527 48.994705 0.0420 0.0 61.0
-19.194992 48.532692 0.0420 0.0 61.0
-19.194992 48.532692 0.0421 0.0 62.0
-20.056458 48.07068 0.0421 0.0 62.0
