0.0 0.0 0.00 27.0 1.0
0.0 3.0578651 0.00 27.0 1.0
0.0 3.0578651 0.01 26.0 2.0
0.0 6.1157303 0.01 26.0 2.0
0.0 6.1157303 0.02 1.0 3.0
2.2799969 7.671159 -1.31635682 1.0 3.0
2.2799969 7.671159 -1.31635683 0.0 4.0
3.592568 10.326985 -2.074173 0.0 4.0
3.592568 10.326985 -2.074174 0.0 5.0
3.592568 13.3848505 -2.074174 0.0 5.0
0.0 6.1157303 0.05 1.0 3.0
-1.3125712 8.771557 0.75781345 1.0 3.0
-1.3125712 8.771557 0.75781346 0.0 4.0
-1.3125712 11.829422 0.75781346 0.0 4.0
-1.3125712 11.829422 0.75781347 0.0 5.0
0.0 14.485249 0.07 0.0 5.0
0.0 6.1157303 0.08 25.0 3.0
0.0 9.173595 0.08 25.0 3.0
0.0 9.173595 0.09 24.0 4.0
0.0 12.231461 0.09 24.0 4.0
0.0 12.231461 0.010 1.0 5.0
2.2799969 13.786889 -1.316356810 1.0 5.0
2.2799969 13.786889 -1.316356811 0.0 6.0
3.592568 16.442715 -2.0741711 0.0 6.0
3.592568 16.442715 -2.0741712 0.0 7.0
3.592568 19.50058 -2.0741712 0.0 7.0
0.0 12.231461 0.013 1.0 5.0
-1.3125712 14.887287 0.757813413 1.0 5.0
-1.3125712 14.887287 0.757813414 0.0 6.0
-1.3125712 17.945152 0.757813414 0.0 6.0
-1.3125712 17.945152 0.757813415 0.0 7.0
0.0 20.600979 0.015 0.0 7.0
0.0 12.231461 0.016 7.0 5.0
2.2799969 13.786889 -1.316356816 7.0 5.0
2.2799969 13.786889 -1.316356817 6.0 6.0
4.5599937 15.342318 -2.632713617 6.0 6.0
4.5599937 15.342318 -2.632713618 1.0 7.0
6.8795023 13.866836 -3.971882318 1.0 7.0
6.8795023 13.866836 -3.971882319 0.0 8.0
9.527391 13.91286 -5.50064219 0.0 8.0
9.527391 13.91286 -5.50064220 0.0 9.0
11.807388 15.468288 -6.816998520 0.0 9.0
4.5599937 15.342318 -2.632713621 1.0 7.0
5.872565 17.998144 -3.39052721 1.0 7.0
5.872565 17.998144 -3.39052722 0.0 8.0
8.152561 19.553574 -4.70688422 0.0 8.0
8.152561 19.553574 -4.70688423 0.0 9.0
10.80045 19.599598 -6.235643423 0.0 9.0
4.5599937 15.342318 -2.632713624 5.0 7.0
6.0756207 17.998144 -2.632713624 5.0 7.0
6.0756207 17.998144 -2.632713625 4.0 8.0
7.5912476 20.65397 -2.632713625 4.0 8.0
7.5912476 20.65397 -2.632713626 1.0 9.0
10.239137 20.699995 -4.161473326 1.0 9.0
10.239137 20.699995 -4.161473327 0.0 10.0
12.519134 22.255424 -5.4778327 0.0 10.0
12.519134 22.255424 -5.4778328 0.0 11.0
13.831705 24.911251 -6.235643428 0.0 11.0
7.5912476 20.65397 -2.632713629 1.0 9.0
7.5912476 23.711836 -2.632713629 1.0 9.0
7.5912476 23.711836 -2.632713630 0.0 10.0
8.903819 26.367662 -3.39052730 0.0 10.0
8.903819 26.367662 -3.39052731 0.0 11.0
11.183816 27.923092 -4.70688431 0.0 11.0
7.5912476 20.65397 -2.632713632 3.0 9.0
7.5912476 23.711836 -2.632713632 3.0 9.0
7.5912476 23.711836 -2.632713633 2.0 10.0
7.5912476 26.769701 -2.632713633 2.0 10.0
7.5912476 26.769701 -2.632713634 1.0 11.0
9.871244 28.32513 -3.949070534 1.0 11.0
9.871244 28.32513 -3.949070535 0.0 12.0
11.183816 30.980957 -4.70688435 0.0 12.0
11.183816 30.980957 -4.70688436 0.0 13.0
11.183816 34.038822 -4.70688436 0.0 13.0
7.5912476 26.769701 -2.632713637 1.0 11.0
6.2786765 29.425528 -1.874900137 1.0 11.0
6.2786765 29.425528 -1.874900138 0.0 12.0
6.2786765 32.48339 -1.874900138 0.0 12.0
6.2786765 32.48339 -1.874900139 0.0 13.0
7.5912476 35.139217 -2.632713639 0.0 13.0
0.0 12.231461 0.040 7.0 5.0
-1.3125712 14.887287 0.757813440 7.0 5.0
-1.3125712 14.887287 0.757813441 6.0 6.0
-2.6251423 17.543114 1.515626841 6.0 6.0
-2.6251423 17.543114 1.515626842 1.0 7.0
-1.3125712 20.19894 0.757813442 1.0 7.0
-1.3125712 20.19894 0.757813443 0.0 8.0
-1.3125712 23.256805 0.757813443 0.0 8.0
-1.3125712 23.256805 0.757813444 0.0 9.0
-2.6251423 25.912632 1.515626844 0.0 9.0
-2.6251423 17.543114 1.515626845 1.0 7.0
-4.905139 19.098541 2.831983645 1.0 7.0
-4.905139 19.098541 2.831983646 0.0 8.0
-6.21771 21.754368 3.58979746 0.0 8.0
-6.21771 21.754368 3.58979747 0.0 9.0
-6.21771 24.812233 3.58979747 0.0 9.0
-2.6251423 17.543114 1.515626848 5.0 7.0
-2.6251423 20.600979 1.515626848 5.0 7.0
-2.6251423 20.600979 1.515626849 4.0 8.0
-2.6251423 23.658844 1.515626849 4.0 8.0
-2.6251423 23.658844 1.515626850 1.0 9.0
-0.34514546 25.214272 0.1992700150 1.0 9.0
-0.34514546 25.214272 0.1992700151 0.0 10.0
0.9674257 27.870098 -0.558543451 0.0 10.0
0.9674257 27.870098 -0.558543452 0.0 11.0
0.9674257 30.927963 -0.558543452 0.0 11.0
-2.6251423 23.658844 1.515626853 1.0 9.0
-3.9377136 26.31467 2.273440153 1.0 9.0
-3.9377136 26.31467 2.273440154 0.0 10.0
-3.9377136 29.372536 2.273440154 0.0 10.0
-3.9377136 29.372536 2.273440155 0.0 11.0
-2.6251426 32.028362 1.515626755 0.0 11.0
-2.6251423 23.658844 1.515626856 3.0 9.0
-1.1095155 26.31467 1.515626856 3.0 9.0
-1.1095155 26.31467 1.515626857 2.0 10.0
0.40611124 28.970497 1.515626857 2.0 10.0
0.40611124 28.970497 1.515626858 1.0 11.0
3.0540004 29.016521 -0.01313269158 1.0 11.0
3.0540004 29.016521 -0.01313269159 0.0 12.0
5.3339972 30.571949 -1.329489559 0.0 12.0
5.3339972 30.571949 -1.329489560 0.0 13.0
6.6465683 33.227776 -2.08730360 0.0 13.0
0.40611124 28.970497 1.515626861 1.0 11.0
0.40611124 32.028362 1.515626861 1.0 11.0
0.40611124 32.028362 1.515626862 0.0 12.0
1.7186824 34.68419 0.757813462 0.0 12.0
1.7186824 34.68419 0.757813463 0.0 13.0
3.9986792 36.239616 -0.558543463 0.0 13.0
0.0 12.231461 0.064 23.0 5.0
0.0 15.289326 0.064 23.0 5.0
0.0 15.289326 0.065 22.0 6.0
0.0 18.34719 0.065 22.0 6.0
0.0 18.34719 0.066 1.0 7.0
2.2799969 19.902618 -1.316356866 1.0 7.0
2.2799969 19.902618 -1.316356867 0.0 8.0
3.592568 22.558445 -2.0741767 0.0 8.0
3.592568 22.558445 -2.0741768 0.0 9.0
3.592568 25.61631 -2.0741768 0.0 9.0
0.0 18.34719 0.069 1.0 7.0
-1.3125712 21.003017 0.757813469 1.0 7.0
-1.3125712 21.003017 0.757813470 0.0 8.0
-1.3125712 24.060883 0.757813470 0.0 8.0
-1.3125712 24.060883 0.757813471 0.0 9.0
0.0 26.71671 0.071 0.0 9.0
0.0 18.34719 0.072 21.0 7.0
0.0 21.405056 0.072 21.0 7.0
0.0 21.405056 0.073 20.0 8.0
0.0 24.462921 0.073 20.0 8.0
0.0 24.462921 0.074 1.0 9.0
2.2799969 26.018349 -1.316356874 1.0 9.0
2.2799969 26.018349 -1.316356875 0.0 10.0
3.592568 28.674175 -2.0741775 0.0 10.0
3.592568 28.674175 -2.0741776 0.0 11.0
3.592568 31.73204 -2.0741776 0.0 11.0
0.0 24.462921 0.077 1.0 9.0
-1.3125712 27.118748 0.757813477 1.0 9.0
-1.3125712 27.118748 0.757813478 0.0 10.0
-1.3125712 30.176613 0.757813478 0.0 10.0
-1.3125712 30.176613 0.757813479 0.0 11.0
0.0 32.83244 0.079 0.0 11.0
0.0 24.462921 0.080 7.0 9.0
2.2799969 26.018349 -1.316356880 7.0 9.0
2.2799969 26.018349 -1.316356881 6.0 10.0
4.5599937 27.573776 -2.632713681 6.0 10.0
4.5599937 27.573776 -2.632713682 1.0 11.0
6.8795023 26.098295 -3.971882382 1.0 11.0
6.8795023 26.098295 -3.971882383 0.0 12.0
9.527391 26.14432 -5.50064283 0.0 12.0
9.527391 26.14432 -5.50064284 0.0 13.0
11.807388 27.699749 -6.816998584 0.0 13.0
4.5599937 27.573776 -2.632713685 1.0 11.0
5.872565 30.229603 -3.39052785 1.0 11.0
5.872565 30.229603 -3.39052786 0.0 12.0
8.152561 31.78503 -4.70688486 0.0 12.0
8.152561 31.78503 -4.70688487 0.0 13.0
10.80045 31.831055 -6.235643487 0.0 13.0
4.5599937 27.573776 -2.632713688 5.0 11.0
6.0756207 30.229603 -2.632713688 5.0 11.0
6.0756207 30.229603 -2.632713689 4.0 12.0
7.5912476 32.88543 -2.632713689 4.0 12.0
7.5912476 32.88543 -2.632713690 1.0 13.0
10.239137 32.931454 -4.161473390 1.0 13.0
10.239137 32.931454 -4.161473391 0.0 14.0
12.519134 34.48688 -5.4778391 0.0 14.0
12.519134 34.48688 -5.4778392 0.0 15.0
13.831705 37.142708 -6.235643492 0.0 15.0
7.5912476 32.88543 -2.632713693 1.0 13.0
7.5912476 35.943295 -2.632713693 1.0 13.0
7.5912476 35.943295 -2.632713694 0.0 14.0
8.903819 38.59912 -3.39052794 0.0 14.0
8.903819 38.59912 -3.39052795 0.0 15.0
11.183816 40.15455 -4.70688495 0.0 15.0
7.5912476 32.88543 -2.632713696 3.0 13.0
7.5912476 35.943295 -2.632713696 3.0 13.0
7.5912476 35.943295 -2.632713697 2.0 14.0
7.5912476 39.00116 -2.632713697 2.0 14.0
7.5912476 39.00116 -2.632713698 1.0 15.0
9.871244 40.556587 -3.949070598 1.0 15.0
9.871244 40.556587 -3.949070599 0.0 16.0
11.183816 43.212414 -4.70688499 0.0 16.0
11.183816 43.212414 -4.706884100 0.0 17.0
11.183816 46.27028 -4.706884100 0.0 17.0
7.5912476 39.00116 -2.6327136101 1.0 15.0
6.2786765 41.656986 -1.8749001101 1.0 15.0
6.2786765 41.656986 -1.8749001102 0.0 16.0
6.2786765 44.71485 -1.8749001102 0.0 16.0
6.2786765 44.71485 -1.8749001103 0.0 17.0
7.5912476 47.370678 -2.6327136103 0.0 17.0
0.0 24.462921 0.0104 7.0 9.0
-1.3125712 27.118748 0.7578134104 7.0 9.0
-1.3125712 27.118748 0.7578134105 6.0 10.0
-2.6251423 29.774574 1.5156268105 6.0 10.0
-2.6251423 29.774574 1.5156268106 1.0 11.0
-1.3125712 32.4304 0.7578134106 1.0 11.0
-1.3125712 32.4304 0.7578134107 0.0 12.0
-1.3125712 35.488266 0.7578134107 0.0 12.0
-1.3125712 35.488266 0.7578134108 0.0 13.0
-2.6251423 38.144093 1.5156268108 0.0 13.0
-2.6251423 29.774574 1.5156268109 1.0 11.0
-4.905139 31.330002 2.8319836109 1.0 11.0
-4.905139 31.330002 2.8319836110 0.0 12.0
-6.21771 33.98583 3.589797110 0.0 12.0
-6.21771 33.98583 3.589797111 0.0 13.0
-6.21771 37.043694 3.589797111 0.0 13.0
-2.6251423 29.774574 1.5156268112 5.0 11.0
-2.6251423 32.83244 1.5156268112 5.0 11.0
-2.6251423 32.83244 1.5156268113 4.0 12.0
-2.6251423 35.890305 1.5156268113 4.0 12.0
-2.6251423 35.890305 1.5156268114 1.0 13.0
-0.34514546 37.445732 0.19927001114 1.0 13.0
-0.34514546 37.445732 0.19927001115 0.0 14.0
0.9674257 40.10156 -0.5585434115 0.0 14.0
0.9674257 40.10156 -0.5585434116 0.0 15.0
0.9674257 43.159424 -0.5585434116 0.0 15.0
-2.6251423 35.890305 1.5156268117 1.0 13.0
-3.9377136 38.54613 2.2734401117 1.0 13.0
-3.9377136 38.54613 2.2734401118 0.0 14.0
-3.9377136 41.603996 2.2734401118 0.0 14.0
-3.9377136 41.603996 2.2734401119 0.0 15.0
-2.6251426 44.259823 1.5156267119 0.0 15.0
-2.6251423 35.890305 1.5156268120 3.0 13.0
-1.1095155 38.54613 1.5156268120 3.0 13.0
-1.1095155 38.54613 1.5156268121 2.0 14.0
0.40611124 41.201958 1.5156268121 2.0 14.0
0.40611124 41.201958 1.5156268122 1.0 15.0
3.0540004 41.247982 -0.013132691122 1.0 15.0
3.0540004 41.247982 -0.013132691123 0.0 16.0
5.3339972 42.80341 -1.3294895123 0.0 16.0
5.3339972 42.80341 -1.3294895124 0.0 17.0
6.6465683 45.459236 -2.087303124 0.0 17.0
0.40611124 41.201958 1.5156268125 1.0 15.0
0.40611124 44.259823 1.5156268125 1.0 15.0
0.40611124 44.259823 1.5156268126 0.0 16.0
1.7186824 46.91565 0.7578134126 0.0 16.0
1.7186824 46.91565 0.7578134127 0.0 17.0
3.9986792 48.471077 -0.5585434127 0.0 17.0
0.0 24.462921 0.0128 19.0 9.0
2.2799969 26.018349 -1.3163568128 19.0 9.0
2.2799969 26.018349 -1.3163568129 18.0 10.0
4.5599937 27.573776 -2.6327136129 18.0 10.0
4.5599937 27.573776 -2.6327136130 1.0 11.0
6.8795023 26.098295 -3.9718823130 1.0 11.0
6.8795023 26.098295 -3.9718823131 0.0 12.0
9.527391 26.14432 -5.500642131 0.0 12.0
9.527391 26.14432 -5.500642132 0.0 13.0
11.807388 27.699749 -6.8169985132 0.0 13.0
4.5599937 27.573776 -2.6327136133 1.0 11.0
5.872565 30.229603 -3.390527133 1.0 11.0
5.872565 30.229603 -3.390527134 0.0 12.0
8.152561 31.78503 -4.706884134 0.0 12.0
8.152561 31.78503 -4.706884135 0.0 13.0
10.80045 31.831055 -6.2356434135 0.0 13.0
4.5599937 27.573776 -2.6327136136 17.0 11.0
7.192707 29.129204 -2.6327136136 17.0 11.0
7.192707 29.129204 -2.6327136137 16.0 12.0
9.82542 30.684631 -2.6327136137 16.0 12.0
9.82542 30.684631 -2.6327136138 1.0 13.0
12.144929 29.20915 -3.9718823138 1.0 13.0
12.144929 29.20915 -3.9718823139 0.0 14.0
14.792818 29.255175 -5.500642139 0.0 14.0
14.792818 29.255175 -5.500642140 0.0 15.0
17.072815 30.810604 -6.8169985140 0.0 15.0
9.82542 30.684631 -2.6327136141 1.0 13.0
11.137992 33.340458 -3.390527141 1.0 13.0
11.137992 33.340458 -3.390527142 0.0 14.0
13.417989 34.895885 -4.706884142 0.0 14.0
13.417989 34.895885 -4.706884143 0.0 15.0
16.065878 34.94191 -6.2356434143 0.0 15.0
9.82542 30.684631 -2.6327136144 7.0 13.0
12.144929 29.20915 -3.9718823144 7.0 13.0
12.144929 29.20915 -3.9718823145 6.0 14.0
14.4644375 27.73367 -5.3110514145 6.0 14.0
14.4644375 27.73367 -5.3110514146 1.0 15.0
14.544147 24.677189 -5.357071146 1.0 15.0
14.544147 24.677189 -5.357071147 0.0 16.0
15.925352 22.068184 -6.15451147 0.0 16.0
15.925352 22.068184 -6.15451148 0.0 17.0
18.244862 20.592703 -7.493679148 0.0 17.0
14.4644375 27.73367 -5.3110514149 1.0 15.0
17.112328 27.779694 -6.839811149 1.0 15.0
17.112328 27.779694 -6.839811150 0.0 16.0
19.431835 26.304213 -8.17898150 0.0 16.0
19.431835 26.304213 -8.17898151 0.0 17.0
20.81304 23.69521 -8.976419151 0.0 17.0
14.4644375 27.73367 -5.3110514152 5.0 15.0
17.521957 27.779694 -5.3110514152 5.0 15.0
17.521957 27.779694 -5.3110514153 4.0 16.0
20.579475 27.825718 -5.3110514153 4.0 16.0
20.579475 27.825718 -5.3110514154 1.0 17.0
21.96068 25.216713 -6.1084905154 1.0 17.0
21.96068 25.216713 -6.1084905155 0.0 18.0
24.28019 23.741232 -7.4476595155 0.0 18.0
24.28019 23.741232 -7.4476595156 0.0 19.0
26.928078 23.787256 -8.976419156 0.0 19.0
20.579475 27.825718 -5.3110514157 1.0 17.0
22.859472 29.381145 -6.627408157 1.0 17.0
22.859472 29.381145 -6.627408158 0.0 18.0
25.507362 29.42717 -8.156168158 0.0 18.0
25.507362 29.42717 -8.156168159 0.0 19.0
27.82687 27.951689 -9.495337159 0.0 19.0
20.579475 27.825718 -5.3110514160 3.0 17.0
23.212189 29.381145 -5.3110514160 3.0 17.0
23.212189 29.381145 -5.3110514161 2.0 18.0
25.844902 30.936573 -5.3110514161 2.0 18.0
25.844902 30.936573 -5.3110514162 1.0 19.0
28.16441 29.461092 -6.6502204162 1.0 19.0
28.16441 29.461092 -6.6502204163 0.0 20.0
30.812298 29.507116 -8.17898163 0.0 20.0
30.812298 29.507116 -8.17898164 0.0 21.0
33.092293 31.062546 -9.495337164 0.0 21.0
25.844902 30.936573 -5.3110514165 1.0 19.0
27.157473 33.5924 -6.068865165 1.0 19.0
27.157473 33.5924 -6.068865166 0.0 20.0
29.43747 35.147827 -7.3852215166 0.0 20.0
29.43747 35.147827 -7.3852215167 0.0 21.0
32.085358 35.19385 -8.9139805167 0.0 21.0
9.82542 30.684631 -2.6327136168 7.0 13.0
11.137992 33.340458 -3.390527168 7.0 13.0
11.137992 33.340458 -3.390527169 6.0 14.0
12.450563 35.996284 -4.14834169 6.0 14.0
12.450563 35.996284 -4.14834170 1.0 15.0
15.098453 36.04231 -5.6770997170 1.0 15.0
15.098453 36.04231 -5.6770997171 0.0 16.0
17.378448 37.597736 -6.9934564171 0.0 16.0
17.378448 37.597736 -6.9934564172 0.0 17.0
18.69102 40.253563 -7.75127172 0.0 17.0
12.450563 35.996284 -4.14834173 1.0 15.0
12.450563 39.05415 -4.14834173 1.0 15.0
12.450563 39.05415 -4.14834174 0.0 16.0
13.763135 41.709976 -4.9061537174 0.0 16.0
13.763135 41.709976 -4.9061537175 0.0 17.0
16.043133 43.265404 -6.2225103175 0.0 17.0
12.450563 35.996284 -4.14834176 5.0 15.0
15.083277 37.551712 -4.14834176 5.0 15.0
15.083277 37.551712 -4.14834177 4.0 16.0
17.71599 39.10714 -4.14834177 4.0 16.0
17.71599 39.10714 -4.14834178 1.0 17.0
20.0355 37.631657 -5.4875093178 1.0 17.0
20.0355 37.631657 -5.4875093179 0.0 18.0
22.683388 37.67768 -7.0162687179 0.0 18.0
22.683388 37.67768 -7.0162687180 0.0 19.0
24.963385 39.23311 -8.332625180 0.0 19.0
17.71599 39.10714 -4.14834181 1.0 17.0
19.02856 41.762966 -4.9061537181 1.0 17.0
19.02856 41.762966 -4.9061537182 0.0 18.0
21.308558 43.318394 -6.2225103182 0.0 18.0
21.308558 43.318394 -6.2225103183 0.0 19.0
23.956448 43.364418 -7.75127183 0.0 19.0
17.71599 39.10714 -4.14834184 3.0 17.0
20.77351 39.153164 -4.14834184 3.0 17.0
20.77351 39.153164 -4.14834185 2.0 18.0
23.831028 39.19919 -4.14834185 2.0 18.0
23.831028 39.19919 -4.14834186 1.0 19.0
25.212233 36.590183 -4.9457793186 1.0 19.0
25.212233 36.590183 -4.9457793187 0.0 20.0
27.531742 35.1147 -6.2849483187 0.0 20.0
27.531742 35.1147 -6.2849483188 0.0 21.0
30.17963 35.160725 -7.813708188 0.0 21.0
23.831028 39.19919 -4.14834189 1.0 19.0
26.111025 40.754616 -5.464697189 1.0 19.0
26.111025 40.754616 -5.464697190 0.0 20.0
28.758915 40.80064 -6.9934564190 0.0 20.0
28.758915 40.80064 -6.9934564191 0.0 21.0
31.078423 39.325157 -8.332625191 0.0 21.0
9.82542 30.684631 -2.6327136192 15.0 13.0
11.341047 33.340458 -2.6327136192 15.0 13.0
11.341047 33.340458 -2.6327136193 14.0 14.0
12.856674 35.996284 -2.6327136193 14.0 14.0
12.856674 35.996284 -2.6327136194 1.0 15.0
15.504563 36.04231 -4.1614733194 1.0 15.0
15.504563 36.04231 -4.1614733195 0.0 16.0
17.784561 37.597736 -5.47783195 0.0 16.0
17.784561 37.597736 -5.47783196 0.0 17.0
19.097132 40.253563 -6.2356434196 0.0 17.0
12.856674 35.996284 -2.6327136197 1.0 15.0
12.856674 39.05415 -2.6327136197 1.0 15.0
12.856674 39.05415 -2.6327136198 0.0 16.0
14.169246 41.709976 -3.390527198 0.0 16.0
14.169246 41.709976 -3.390527199 0.0 17.0
16.449242 43.265404 -4.706884199 0.0 17.0
12.856674 35.996284 -2.6327136200 13.0 15.0
14.372301 38.65211 -2.6327136200 13.0 15.0
14.372301 38.65211 -2.6327136201 12.0 16.0
15.887928 41.307938 -2.6327136201 12.0 16.0
15.887928 41.307938 -2.6327136202 1.0 17.0
18.535816 41.353962 -4.1614733202 1.0 17.0
18.535816 41.353962 -4.1614733203 0.0 18.0
20.815813 42.90939 -5.47783203 0.0 18.0
20.815813 42.90939 -5.47783204 0.0 19.0
22.128384 45.565216 -6.2356434204 0.0 19.0
15.887928 41.307938 -2.6327136205 1.0 17.0
15.887928 44.365803 -2.6327136205 1.0 17.0
15.887928 44.365803 -2.6327136206 0.0 18.0
17.200499 47.02163 -3.390527206 0.0 18.0
17.200499 47.02163 -3.390527207 0.0 19.0
19.480495 48.577057 -4.706884207 0.0 19.0
15.887928 41.307938 -2.6327136208 7.0 17.0
18.535816 41.353962 -4.1614733208 7.0 17.0
18.535816 41.353962 -4.1614733209 6.0 18.0
21.183704 41.399986 -5.6902328209 6.0 18.0
21.183704 41.399986 -5.6902328210 1.0 19.0
22.564909 38.79098 -6.487672210 1.0 19.0
22.564909 38.79098 -6.487672211 0.0 20.0
24.884418 37.3155 -7.826841211 0.0 20.0
24.884418 37.3155 -7.826841212 0.0 21.0
27.532307 37.361523 -9.3556212 0.0 21.0
21.183704 41.399986 -5.6902328213 1.0 19.0
23.463701 42.955414 -7.0065894213 1.0 19.0
23.463701 42.955414 -7.0065894214 0.0 20.0
26.111591 43.00144 -8.535349214 0.0 20.0
26.111591 43.00144 -8.535349215 0.0 21.0
28.431099 41.525955 -9.874517215 0.0 21.0
21.183704 41.399986 -5.6902328216 5.0 19.0
23.816418 42.955414 -5.6902328216 5.0 19.0
23.816418 42.955414 -5.6902328217 4.0 20.0
26.449131 44.51084 -5.6902328217 4.0 20.0
26.449131 44.51084 -5.6902328218 1.0 21.0
28.768639 43.03536 -7.029402218 1.0 21.0
28.768639 43.03536 -7.029402219 0.0 22.0
31.416527 43.081383 -8.558161219 0.0 22.0
31.416527 43.081383 -8.558161220 0.0 23.0
33.696526 44.63681 -9.874517220 0.0 23.0
26.449131 44.51084 -5.6902328221 1.0 21.0
27.761702 47.166668 -6.448046221 1.0 21.0
27.761702 47.166668 -6.448046222 0.0 22.0
30.041698 48.722095 -7.764403222 0.0 22.0
30.041698 48.722095 -7.764403223 0.0 23.0
32.689587 48.76812 -9.293162223 0.0 23.0
26.449131 44.51084 -5.6902328224 3.0 21.0
27.964758 47.166668 -5.6902328224 3.0 21.0
27.964758 47.166668 -5.6902328225 2.0 22.0
29.480385 49.822495 -5.6902328225 2.0 22.0
29.480385 49.822495 -5.6902328226 1.0 23.0
32.128273 49.86852 -7.218992226 1.0 23.0
32.128273 49.86852 -7.218992227 0.0 24.0
34.40827 51.423946 -8.535349227 0.0 24.0
34.40827 51.423946 -8.535349228 0.0 25.0
35.720844 54.079773 -9.293162228 0.0 25.0
29.480385 49.822495 -5.6902328229 1.0 23.0
29.480385 52.88036 -5.6902328229 1.0 23.0
29.480385 52.88036 -5.6902328230 0.0 24.0
30.792955 55.536186 -6.448046230 0.0 24.0
30.792955 55.536186 -6.448046231 0.0 25.0
33.072952 57.091614 -7.764403231 0.0 25.0
15.887928 41.307938 -2.6327136232 7.0 17.0
15.887928 44.365803 -2.6327136232 7.0 17.0
15.887928 44.365803 -2.6327136233 6.0 18.0
15.887928 47.423668 -2.6327136233 6.0 18.0
15.887928 47.423668 -2.6327136234 1.0 19.0
18.167925 48.979095 -3.9490705234 1.0 19.0
18.167925 48.979095 -3.9490705235 0.0 20.0
19.480495 51.634922 -4.706884235 0.0 20.0
19.480495 51.634922 -4.706884236 0.0 21.0
19.480495 54.692787 -4.706884236 0.0 21.0
15.887928 47.423668 -2.6327136237 1.0 19.0
14.5753565 50.079494 -1.8749001237 1.0 19.0
14.5753565 50.079494 -1.8749001238 0.0 20.0
14.5753565 53.13736 -1.8749001238 0.0 20.0
14.5753565 53.13736 -1.8749001239 0.0 21.0
15.887928 55.793186 -2.6327136239 0.0 21.0
15.887928 47.423668 -2.6327136240 5.0 19.0
17.403555 50.079494 -2.6327136240 5.0 19.0
17.403555 50.079494 -2.6327136241 4.0 20.0
18.919182 52.73532 -2.6327136241 4.0 20.0
18.919182 52.73532 -2.6327136242 1.0 21.0
21.56707 52.781345 -4.1614733242 1.0 21.0
21.56707 52.781345 -4.1614733243 0.0 22.0
23.847067 54.336773 -5.47783243 0.0 22.0
23.847067 54.336773 -5.47783244 0.0 23.0
25.159637 56.9926 -6.2356434244 0.0 23.0
18.919182 52.73532 -2.6327136245 1.0 21.0
18.919182 55.793186 -2.6327136245 1.0 21.0
18.919182 55.793186 -2.6327136246 0.0 22.0
20.231752 58.449013 -3.390527246 0.0 22.0
20.231752 58.449013 -3.390527247 0.0 23.0
22.51175 60.00444 -4.706884247 0.0 23.0
18.919182 52.73532 -2.6327136248 3.0 21.0
21.551895 54.29075 -2.6327136248 3.0 21.0
21.551895 54.29075 -2.6327136249 2.0 22.0
24.184608 55.846176 -2.6327136249 2.0 22.0
24.184608 55.846176 -2.6327136250 1.0 23.0
26.504116 54.370693 -3.9718823250 1.0 23.0
26.504116 54.370693 -3.9718823251 0.0 24.0
29.152004 54.416718 -5.500642251 0.0 24.0
29.152004 54.416718 -5.500642252 0.0 25.0
31.432001 55.972145 -6.8169985252 0.0 25.0
24.184608 55.846176 -2.6327136253 1.0 23.0
25.497179 58.502003 -3.390527253 1.0 23.0
25.497179 58.502003 -3.390527254 0.0 24.0
27.777176 60.05743 -4.706884254 0.0 24.0
27.777176 60.05743 -4.706884255 0.0 25.0
30.425064 60.103455 -6.2356434255 0.0 25.0
15.887928 41.307938 -2.6327136256 11.0 17.0
15.887928 44.365803 -2.6327136256 11.0 17.0
15.887928 44.365803 -2.6327136257 10.0 18.0
15.887928 47.423668 -2.6327136257 10.0 18.0
15.887928 47.423668 -2.6327136258 1.0 19.0
18.167925 48.979095 -3.9490705258 1.0 19.0
18.167925 48.979095 -3.9490705259 0.0 20.0
19.480495 51.634922 -4.706884259 0.0 20.0
19.480495 51.634922 -4.706884260 0.0 21.0
19.480495 54.692787 -4.706884260 0.0 21.0
15.887928 47.423668 -2.6327136261 1.0 19.0
14.5753565 50.079494 -1.8749001261 1.0 19.0
14.5753565 50.079494 -1.8749001262 0.0 20.0
14.5753565 53.13736 -1.8749001262 0.0 20.0
14.5753565 53.13736 -1.8749001263 0.0 21.0
15.887928 55.793186 -2.6327136263 0.0 21.0
15.887928 47.423668 -2.6327136264 9.0 19.0
15.887928 50.481533 -2.6327136264 9.0 19.0
15.887928 50.481533 -2.6327136265 8.0 20.0
15.887928 53.5394 -2.6327136265 8.0 20.0
15.887928 53.5394 -2.6327136266 1.0 21.0
18.167925 55.094826 -3.9490705266 1.0 21.0
18.167925 55.094826 -3.9490705267 0.0 22.0
19.480495 57.750652 -4.706884267 0.0 22.0
19.480495 57.750652 -4.706884268 0.0 23.0
19.480495 60.808517 -4.706884268 0.0 23.0
15.887928 53.5394 -2.6327136269 1.0 21.0
14.5753565 56.195225 -1.8749001269 1.0 21.0
14.5753565 56.195225 -1.8749001270 0.0 22.0
14.5753565 59.25309 -1.8749001270 0.0 22.0
14.5753565 59.25309 -1.8749001271 0.0 23.0
15.887928 61.908916 -2.6327136271 0.0 23.0
15.887928 53.5394 -2.6327136272 7.0 21.0
18.167925 55.094826 -3.9490705272 7.0 21.0
18.167925 55.094826 -3.9490705273 6.0 22.0
20.447922 56.650253 -5.265427273 6.0 22.0
20.447922 56.650253 -5.265427274 1.0 23.0
22.76743 55.17477 -6.604596274 1.0 23.0
22.76743 55.17477 -6.604596275 0.0 24.0
25.415318 55.220795 -8.133356275 0.0 24.0
25.415318 55.220795 -8.133356276 0.0 25.0
27.695314 56.776222 -9.449713276 0.0 25.0
20.447922 56.650253 -5.265427277 1.0 23.0
21.760492 59.30608 -6.0232406277 1.0 23.0
21.760492 59.30608 -6.0232406278 0.0 24.0
24.04049 60.861507 -7.339597278 0.0 24.0
24.04049 60.861507 -7.339597279 0.0 25.0
26.688377 60.90753 -8.868357279 0.0 25.0
20.447922 56.650253 -5.265427280 5.0 23.0
21.963549 59.30608 -5.265427280 5.0 23.0
21.963549 59.30608 -5.265427281 4.0 24.0
23.479176 61.961906 -5.265427281 4.0 24.0
23.479176 61.961906 -5.265427282 1.0 25.0
26.127064 62.00793 -6.7941866282 1.0 25.0
26.127064 62.00793 -6.7941866283 0.0 26.0
28.40706 63.56336 -8.110543283 0.0 26.0
28.40706 63.56336 -8.110543284 0.0 27.0
29.719631 66.219185 -8.868357284 0.0 27.0
23.479176 61.961906 -5.265427285 1.0 25.0
23.479176 65.019775 -5.265427285 1.0 25.0
23.479176 65.019775 -5.265427286 0.0 26.0
24.791746 67.6756 -6.0232406286 0.0 26.0
24.791746 67.6756 -6.0232406287 0.0 27.0
27.071743 69.231026 -7.339597287 0.0 27.0
23.479176 61.961906 -5.265427288 3.0 25.0
23.479176 65.019775 -5.265427288 3.0 25.0
23.479176 65.019775 -5.265427289 2.0 26.0
23.479176 68.07764 -5.265427289 2.0 26.0
23.479176 68.07764 -5.265427290 1.0 27.0
25.759172 69.633064 -6.581784290 1.0 27.0
25.759172 69.633064 -6.581784291 0.0 28.0
27.071743 72.288895 -7.339597291 0.0 28.0
27.071743 72.288895 -7.339597292 0.0 29.0
27.071743 75.346756 -7.339597292 0.0 29.0
23.479176 68.07764 -5.265427293 1.0 27.0
22.166605 70.73346 -4.5076137293 1.0 27.0
22.166605 70.73346 -4.5076137294 0.0 28.0
22.166605 73.79132 -4.5076137294 0.0 28.0
22.166605 73.79132 -4.5076137295 0.0 29.0
23.479176 76.44714 -5.265427295 0.0 29.0
15.887928 53.5394 -2.6327136296 7.0 21.0
14.5753565 56.195225 -1.8749001296 7.0 21.0
14.5753565 56.195225 -1.8749001297 6.0 22.0
13.262785 58.85105 -1.1170866297 6.0 22.0
13.262785 58.85105 -1.1170866298 1.0 23.0
14.5753565 61.506878 -1.8749001298 1.0 23.0
14.5753565 61.506878 -1.8749001299 0.0 24.0
14.5753565 64.56474 -1.8749001299 0.0 24.0
14.5753565 64.56474 -1.8749001300 0.0 25.0
13.262785 67.220566 -1.1170866300 0.0 25.0
13.262785 58.85105 -1.1170866301 1.0 23.0
10.982788 60.40648 0.19927013301 1.0 23.0
10.982788 60.40648 0.19927013302 0.0 24.0
9.670217 63.062305 0.9570835302 0.0 24.0
9.670217 63.062305 0.9570835303 0.0 25.0
9.670217 66.12017 0.9570835303 0.0 25.0
13.262785 58.85105 -1.1170866304 5.0 23.0
13.262785 61.908916 -1.1170866304 5.0 23.0
13.262785 61.908916 -1.1170866305 4.0 24.0
13.262785 64.96678 -1.1170866305 4.0 24.0
13.262785 64.96678 -1.1170866306 1.0 25.0
15.542782 66.52221 -2.4334435306 1.0 25.0
15.542782 66.52221 -2.4334435307 0.0 26.0
16.855352 69.17804 -3.191257307 0.0 26.0
16.855352 69.17804 -3.191257308 0.0 27.0
16.855352 72.2359 -3.191257308 0.0 27.0
13.262785 64.96678 -1.1170866309 1.0 25.0
11.950213 67.622604 -0.35927325309 1.0 25.0
11.950213 67.622604 -0.35927325310 0.0 26.0
11.950213 70.680466 -0.35927325310 0.0 26.0
11.950213 70.680466 -0.35927325311 0.0 27.0
13.262785 73.33629 -1.1170866311 0.0 27.0
13.262785 64.96678 -1.1170866312 3.0 25.0
14.778412 67.622604 -1.1170866312 3.0 25.0
14.778412 67.622604 -1.1170866313 2.0 26.0
16.294039 70.27843 -1.1170866313 2.0 26.0
16.294039 70.27843 -1.1170866314 1.0 27.0
18.941929 70.324455 -2.6458461314 1.0 27.0
18.941929 70.324455 -2.6458461315 0.0 28.0
21.221926 71.87988 -3.962203315 0.0 28.0
21.221926 71.87988 -3.962203316 0.0 29.0
22.534496 74.535706 -4.7200165316 0.0 29.0
16.294039 70.27843 -1.1170866317 1.0 27.0
16.294039 73.33629 -1.1170866317 1.0 27.0
16.294039 73.33629 -1.1170866318 0.0 28.0
17.60661 75.99211 -1.8749001318 0.0 28.0
17.60661 75.99211 -1.8749001319 0.0 29.0
19.886606 77.54754 -3.191257319 0.0 29.0
0.0 24.462921 0.0320 19.0 9.0
-1.3125712 27.118748 0.7578134320 19.0 9.0
-1.3125712 27.118748 0.7578134321 18.0 10.0
-2.6251423 29.774574 1.5156268321 18.0 10.0
-2.6251423 29.774574 1.5156268322 1.0 11.0
-1.3125712 32.4304 0.7578134322 1.0 11.0
-1.3125712 32.4304 0.7578134323 0.0 12.0
-1.3125712 35.488266 0.7578134323 0.0 12.0
-1.3125712 35.488266 0.7578134324 0.0 13.0
-2.6251423 38.144093 1.5156268324 0.0 13.0
-2.6251423 29.774574 1.5156268325 1.0 11.0
-4.905139 31.330002 2.8319836325 1.0 11.0
-4.905139 31.330002 2.8319836326 0.0 12.0
-6.21771 33.98583 3.589797326 0.0 12.0
-6.21771 33.98583 3.589797327 0.0 13.0
-6.21771 37.043694 3.589797327 0.0 13.0
-2.6251423 29.774574 1.5156268328 17.0 11.0
-4.140769 32.4304 1.5156268328 17.0 11.0
-4.140769 32.4304 1.5156268329 16.0 12.0
-5.656396 35.086227 1.5156268329 16.0 12.0
-5.656396 35.086227 1.5156268330 1.0 13.0
-4.343825 37.742054 0.7578134330 1.0 13.0
-4.343825 37.742054 0.7578134331 0.0 14.0
-4.343825 40.79992 0.7578134331 0.0 14.0
-4.343825 40.79992 0.7578134332 0.0 15.0
-5.656396 43.455746 1.5156268332 0.0 15.0
-5.656396 35.086227 1.5156268333 1.0 13.0
-7.936393 36.641655 2.8319836333 1.0 13.0
-7.936393 36.641655 2.8319836334 0.0 14.0
-9.248964 39.29748 3.589797334 0.0 14.0
-9.248964 39.29748 3.589797335 0.0 15.0
-9.248964 42.355347 3.589797335 0.0 15.0
-5.656396 35.086227 1.5156268336 7.0 13.0
-4.343825 37.742054 0.7578134336 7.0 13.0
-4.343825 37.742054 0.7578134337 6.0 14.0
-3.0312538 40.39788 0.0337 6.0 14.0
-3.0312538 40.39788 0.0338 1.0 15.0
-0.38336468 40.443905 -1.5287595338 1.0 15.0
-0.38336468 40.443905 -1.5287595339 0.0 16.0
1.8966322 41.999332 -2.8451161339 0.0 16.0
1.8966322 41.999332 -2.8451161340 0.0 17.0
3.2092032 44.65516 -3.6029296340 0.0 17.0
-3.0312538 40.39788 0.0341 1.0 15.0
-3.0312538 43.455746 0.0341 1.0 15.0
-3.0312538 43.455746 0.0342 0.0 16.0
-1.7186826 46.111572 -0.7578134342 0.0 16.0
-1.7186826 46.111572 -0.7578134343 0.0 17.0
0.5613142 47.667 -2.07417343 0.0 17.0
-3.0312538 40.39788 0.0344 5.0 15.0
-3.0312538 43.455746 0.0344 5.0 15.0
-3.0312538 43.455746 0.0345 4.0 16.0
-3.0312538 46.51361 0.0345 4.0 16.0
-3.0312538 46.51361 0.0346 1.0 17.0
-0.75125694 48.06904 -1.3163568346 1.0 17.0
-0.75125694 48.06904 -1.3163568347 0.0 18.0
0.5613142 50.724865 -2.07417347 0.0 18.0
0.5613142 50.724865 -2.07417348 0.0 19.0
0.5613142 53.78273 -2.07417348 0.0 19.0
-3.0312538 46.51361 0.0349 1.0 17.0
-4.343825 49.169437 0.7578134349 1.0 17.0
-4.343825 49.169437 0.7578134350 0.0 18.0
-4.343825 52.227303 0.7578134350 0.0 18.0
-4.343825 52.227303 0.7578134351 0.0 19.0
-3.0312538 54.88313 0.0351 0.0 19.0
-3.0312538 46.51361 0.0352 3.0 17.0
-4.5468807 49.169437 0.0352 3.0 17.0
-4.5468807 49.169437 0.0353 2.0 18.0
-6.0625076 51.825264 0.0353 2.0 18.0
-6.0625076 51.825264 0.0354 1.0 19.0
-4.7499366 54.48109 -0.7578134354 1.0 19.0
-4.7499366 54.48109 -0.7578134355 0.0 20.0
-4.7499366 57.538956 -0.7578134355 0.0 20.0
-4.7499366 57.538956 -0.7578134356 0.0 21.0
-6.0625076 60.194782 0.0356 0.0 21.0
-6.0625076 51.825264 0.0357 1.0 19.0
-8.3425045 53.38069 1.3163568357 1.0 19.0
-8.3425045 53.38069 1.3163568358 0.0 20.0
-9.655076 56.03652 2.07417358 0.0 20.0
-9.655076 56.03652 2.07417359 0.0 21.0
-9.655076 59.094383 2.07417359 0.0 21.0
-5.656396 35.086227 1.5156268360 7.0 13.0
-7.936393 36.641655 2.8319836360 7.0 13.0
-7.936393 36.641655 2.8319836361 6.0 14.0
-10.21639 38.197083 4.14834361 6.0 14.0
-10.21639 38.197083 4.14834362 1.0 15.0
-10.21639 41.254948 4.14834362 1.0 15.0
-10.21639 41.254948 4.14834363 0.0 16.0
-11.528961 43.910774 4.9061537363 0.0 16.0
-11.528961 43.910774 4.9061537364 0.0 17.0
-13.808958 45.4662 6.2225103364 0.0 17.0
-10.21639 38.197083 4.14834365 1.0 15.0
-12.864279 38.243107 5.6770997365 1.0 15.0
-12.864279 38.243107 5.6770997366 0.0 16.0
-15.144276 39.798534 6.9934564366 0.0 16.0
-15.144276 39.798534 6.9934564367 0.0 17.0
-16.456846 42.45436 7.75127367 0.0 17.0
-10.21639 38.197083 4.14834368 5.0 15.0
-11.732017 40.85291 4.14834368 5.0 15.0
-11.732017 40.85291 4.14834369 4.0 16.0
-13.247643 43.508736 4.14834369 4.0 16.0
-13.247643 43.508736 4.14834370 1.0 17.0
-11.935072 46.164562 3.3905268370 1.0 17.0
-11.935072 46.164562 3.3905268371 0.0 18.0
-11.935072 49.222427 3.3905268371 0.0 18.0
-11.935072 49.222427 3.3905268372 0.0 19.0
-13.247643 51.878254 4.14834372 0.0 19.0
-13.247643 43.508736 4.14834373 1.0 17.0
-15.52764 45.064163 5.464697373 1.0 17.0
-15.52764 45.064163 5.464697374 0.0 18.0
-16.840212 47.71999 6.2225103374 0.0 18.0
-16.840212 47.71999 6.2225103375 0.0 19.0
-16.840212 50.777855 6.2225103375 0.0 19.0
-13.247643 43.508736 4.14834376 3.0 17.0
-13.247643 46.5666 4.14834376 3.0 17.0
-13.247643 46.5666 4.14834377 2.0 18.0
-13.247643 49.624466 4.14834377 2.0 18.0
-13.247643 49.624466 4.14834378 1.0 19.0
-10.967647 51.179893 2.8319836378 1.0 19.0
-10.967647 51.179893 2.8319836379 0.0 20.0
-9.655075 53.83572 2.07417379 0.0 20.0
-9.655075 53.83572 2.07417380 0.0 21.0
-9.655075 56.893585 2.07417380 0.0 21.0
-13.247643 49.624466 4.14834381 1.0 19.0
-14.560215 52.280293 4.9061537381 1.0 19.0
-14.560215 52.280293 4.9061537382 0.0 20.0
-14.560215 55.338158 4.9061537382 0.0 20.0
-14.560215 55.338158 4.9061537383 0.0 21.0
-13.247643 57.993984 4.14834383 0.0 21.0
-5.656396 35.086227 1.5156268384 15.0 13.0
-5.656396 38.144093 1.5156268384 15.0 13.0
-5.656396 38.144093 1.5156268385 14.0 14.0
-5.656396 41.201958 1.5156268385 14.0 14.0
-5.656396 41.201958 1.5156268386 1.0 15.0
-3.376399 42.757385 0.19927001386 1.0 15.0
-3.376399 42.757385 0.19927001387 0.0 16.0
-2.063828 45.41321 -0.5585434387 0.0 16.0
-2.063828 45.41321 -0.5585434388 0.0 17.0
-2.063828 48.471077 -0.5585434388 0.0 17.0
-5.656396 41.201958 1.5156268389 1.0 15.0
-6.968967 43.857784 2.2734401389 1.0 15.0
-6.968967 43.857784 2.2734401390 0.0 16.0
-6.968967 46.91565 2.2734401390 0.0 16.0
-6.968967 46.91565 2.2734401391 0.0 17.0
-5.656396 49.571476 1.5156267391 0.0 17.0
-5.656396 41.201958 1.5156268392 13.0 15.0
-5.656396 44.259823 1.5156268392 13.0 15.0
-5.656396 44.259823 1.5156268393 12.0 16.0
-5.656396 47.317688 1.5156268393 12.0 16.0
-5.656396 47.317688 1.5156268394 1.0 17.0
-3.376399 48.873116 0.19927001394 1.0 17.0
-3.376399 48.873116 0.19927001395 0.0 18.0
-2.063828 51.528942 -0.5585434395 0.0 18.0
-2.063828 51.528942 -0.5585434396 0.0 19.0
-2.063828 54.586807 -0.5585434396 0.0 19.0
-5.656396 47.317688 1.5156268397 1.0 17.0
-6.968967 49.973515 2.2734401397 1.0 17.0
-6.968967 49.973515 2.2734401398 0.0 18.0
-6.968967 53.03138 2.2734401398 0.0 18.0
-6.968967 53.03138 2.2734401399 0.0 19.0
-5.656396 55.687206 1.5156267399 0.0 19.0
-5.656396 47.317688 1.5156268400 7.0 17.0
-3.376399 48.873116 0.19927001400 7.0 17.0
-3.376399 48.873116 0.19927001401 6.0 18.0
-1.0964022 50.428543 -1.1170868401 6.0 18.0
-1.0964022 50.428543 -1.1170868402 1.0 19.0
1.2231064 48.95306 -2.4562557402 1.0 19.0
1.2231064 48.95306 -2.4562557403 0.0 20.0
3.8709955 48.999084 -3.9850152403 0.0 20.0
3.8709955 48.999084 -3.9850152404 0.0 21.0
6.1509924 50.554512 -5.301372404 0.0 21.0
-1.0964022 50.428543 -1.1170868405 1.0 19.0
0.216169 53.08437 -1.8749001405 1.0 19.0
0.216169 53.08437 -1.8749001406 0.0 20.0
2.4961658 54.639797 -3.191257406 0.0 20.0
2.4961658 54.639797 -3.191257407 0.0 21.0
5.144055 54.68582 -4.7200165407 0.0 21.0
-1.0964022 50.428543 -1.1170868408 5.0 19.0
0.41922462 53.08437 -1.1170868408 5.0 19.0
0.41922462 53.08437 -1.1170868409 4.0 20.0
1.9348514 55.740196 -1.1170868409 4.0 20.0
1.9348514 55.740196 -1.1170868410 1.0 21.0
4.582741 55.78622 -2.6458464410 1.0 21.0
4.582741 55.78622 -2.6458464411 0.0 22.0
6.8627377 57.34165 -3.962203411 0.0 22.0
6.8627377 57.34165 -3.962203412 0.0 23.0
8.175309 59.997475 -4.7200165412 0.0 23.0
1.9348514 55.740196 -1.1170868413 1.0 21.0
1.9348514 58.79806 -1.1170868413 1.0 21.0
1.9348514 58.79806 -1.1170868414 0.0 22.0
3.2474227 61.453888 -1.8749001414 0.0 22.0
3.2474227 61.453888 -1.8749001415 0.0 23.0
5.5274196 63.009315 -3.191257415 0.0 23.0
1.9348514 55.740196 -1.1170868416 3.0 21.0
1.9348514 58.79806 -1.1170868416 3.0 21.0
1.9348514 58.79806 -1.1170868417 2.0 22.0
1.9348514 61.855927 -1.1170868417 2.0 22.0
1.9348514 61.855927 -1.1170868418 1.0 23.0
4.2148485 63.411354 -2.4334435418 1.0 23.0
4.2148485 63.411354 -2.4334435419 0.0 24.0
5.5274196 66.067184 -3.191257419 0.0 24.0
5.5274196 66.067184 -3.191257420 0.0 25.0
5.5274196 69.125046 -3.191257420 0.0 25.0
1.9348514 61.855927 -1.1170868421 1.0 23.0
0.62228024 64.51175 -0.35927337421 1.0 23.0
0.62228024 64.51175 -0.35927337422 0.0 24.0
0.62228024 67.56961 -0.35927337422 0.0 24.0
0.62228024 67.56961 -0.35927337423 0.0 25.0
1.9348514 70.22543 -1.1170868423 0.0 25.0
-5.656396 47.317688 1.5156268424 7.0 17.0
-6.968967 49.973515 2.2734401424 7.0 17.0
-6.968967 49.973515 2.2734401425 6.0 18.0
-8.281538 52.62934 3.0312536425 6.0 18.0
-8.281538 52.62934 3.0312536426 1.0 19.0
-6.968967 55.285168 2.2734401426 1.0 19.0
-6.968967 55.285168 2.2734401427 0.0 20.0
-6.968967 58.343033 2.2734401427 0.0 20.0
-6.968967 58.343033 2.2734401428 0.0 21.0
-8.281538 60.99886 3.0312536428 0.0 21.0
-8.281538 52.62934 3.0312536429 1.0 19.0
-10.561535 54.18477 4.3476105429 1.0 19.0
-10.561535 54.18477 4.3476105430 0.0 20.0
-11.874106 56.840595 5.105424430 0.0 20.0
-11.874106 56.840595 5.105424431 0.0 21.0
-11.874106 59.89846 5.105424431 0.0 21.0
-8.281538 52.62934 3.0312536432 5.0 19.0
-8.281538 55.687206 3.0312536432 5.0 19.0
-8.281538 55.687206 3.0312536433 4.0 20.0
-8.281538 58.74507 3.0312536433 4.0 20.0
-8.281538 58.74507 3.0312536434 1.0 21.0
-6.001541 60.3005 1.7148968434 1.0 21.0
-6.001541 60.3005 1.7148968435 0.0 22.0
-4.68897 62.956326 0.9570834435 0.0 22.0
-4.68897 62.956326 0.9570834436 0.0 23.0
-4.68897 66.01419 0.9570834436 0.0 23.0
-8.281538 58.74507 3.0312536437 1.0 21.0
-9.59411 61.400898 3.789067437 1.0 21.0
-9.59411 61.400898 3.789067438 0.0 22.0
-9.59411 64.45876 3.789067438 0.0 22.0
-9.59411 64.45876 3.789067439 0.0 23.0
-8.281538 67.11459 3.0312536439 0.0 23.0
-8.281538 58.74507 3.0312536440 3.0 21.0
-6.765911 61.400898 3.0312536440 3.0 21.0
-6.765911 61.400898 3.0312536441 2.0 22.0
-5.250284 64.056725 3.0312536441 2.0 22.0
-5.250284 64.056725 3.0312536442 1.0 23.0
-2.602395 64.10275 1.5024941442 1.0 23.0
-2.602395 64.10275 1.5024941443 0.0 24.0
-0.3223982 65.65818 0.18613732443 0.0 24.0
-0.3223982 65.65818 0.18613732444 0.0 25.0
0.990173 68.31401 -0.5716761444 0.0 25.0
-5.250284 64.056725 3.0312536445 1.0 23.0
-5.250284 67.11459 3.0312536445 1.0 23.0
-5.250284 67.11459 3.0312536446 0.0 24.0
-3.9377131 69.77042 2.2734401446 0.0 24.0
-3.9377131 69.77042 2.2734401447 0.0 25.0
-1.6577163 71.32584 0.95708334447 0.0 25.0
-5.656396 47.317688 1.5156268448 11.0 17.0
-4.140769 49.973515 1.5156268448 11.0 17.0
-4.140769 49.973515 1.5156268449 10.0 18.0
-2.625142 52.62934 1.5156268449 10.0 18.0
-2.625142 52.62934 1.5156268450 1.0 19.0
0.02274704 52.675365 -0.013132691450 1.0 19.0
0.02274704 52.675365 -0.013132691451 0.0 20.0
2.302744 54.230793 -1.3294895451 0.0 20.0
2.302744 54.230793 -1.3294895452 0.0 21.0
3.615315 56.88662 -2.087303452 0.0 21.0
-2.625142 52.62934 1.5156268453 1.0 19.0
-2.625142 55.687206 1.5156268453 1.0 19.0
-2.625142 55.687206 1.5156268454 0.0 20.0
-1.3125709 58.343033 0.7578134454 0.0 20.0
-1.3125709 58.343033 0.7578134455 0.0 21.0
0.96742594 59.89846 -0.5585434455 0.0 21.0
-2.625142 52.62934 1.5156268456 9.0 19.0
-1.1095153 55.285168 1.5156268456 9.0 19.0
-1.1095153 55.285168 1.5156268457 8.0 20.0
0.40611148 57.940994 1.5156268457 8.0 20.0
0.40611148 57.940994 1.5156268458 1.0 21.0
3.0540006 57.98702 -0.013132691458 1.0 21.0
3.0540006 57.98702 -0.013132691459 0.0 22.0
5.3339977 59.542446 -1.3294895459 0.0 22.0
5.3339977 59.542446 -1.3294895460 0.0 23.0
6.646569 62.198273 -2.087303460 0.0 23.0
0.40611148 57.940994 1.5156268461 1.0 21.0
0.40611148 60.99886 1.5156268461 1.0 21.0
0.40611148 60.99886 1.5156268462 0.0 22.0
1.7186826 63.654686 0.7578134462 0.0 22.0
1.7186826 63.654686 0.7578134463 0.0 23.0
3.9986796 65.21011 -0.5585434463 0.0 23.0
0.40611148 57.940994 1.5156268464 7.0 21.0
3.0540006 57.98702 -0.013132691464 7.0 21.0
3.0540006 57.98702 -0.013132691465 6.0 22.0
5.70189 58.033043 -1.5418922465 6.0 22.0
5.70189 58.033043 -1.5418922466 1.0 23.0
7.083095 55.424038 -2.3393312466 1.0 23.0
7.083095 55.424038 -2.3393312467 0.0 24.0
9.402603 53.948555 -3.6785002467 0.0 24.0
9.402603 53.948555 -3.6785002468 0.0 25.0
12.050492 53.99458 -5.2072597468 0.0 25.0
5.70189 58.033043 -1.5418922469 1.0 23.0
7.981887 59.58847 -2.858249469 1.0 23.0
7.981887 59.58847 -2.858249470 0.0 24.0
10.629776 59.634495 -4.3870087470 0.0 24.0
10.629776 59.634495 -4.3870087471 0.0 25.0
12.949285 58.15901 -5.7261777471 0.0 25.0
5.70189 58.033043 -1.5418922472 5.0 23.0
8.334603 59.58847 -1.5418922472 5.0 23.0
8.334603 59.58847 -1.5418922473 4.0 24.0
10.967317 61.143898 -1.5418922473 4.0 24.0
10.967317 61.143898 -1.5418922474 1.0 25.0
13.286825 59.668415 -2.881061474 1.0 25.0
13.286825 59.668415 -2.881061475 0.0 26.0
15.934714 59.71444 -4.4098206475 0.0 26.0
15.934714 59.71444 -4.4098206476 0.0 27.0
18.21471 61.269867 -5.726177476 0.0 27.0
10.967317 61.143898 -1.5418922477 1.0 25.0
12.279888 63.799725 -2.2997055477 1.0 25.0
12.279888 63.799725 -2.2997055478 0.0 26.0
14.559885 65.355156 -3.6160622478 0.0 26.0
14.559885 65.355156 -3.6160622479 0.0 27.0
17.207775 65.401184 -5.1448216479 0.0 27.0
10.967317 61.143898 -1.5418922480 3.0 25.0
12.482944 63.799725 -1.5418922480 3.0 25.0
12.482944 63.799725 -1.5418922481 2.0 26.0
13.99857 66.45555 -1.5418922481 2.0 26.0
13.99857 66.45555 -1.5418922482 1.0 27.0
16.64646 66.50158 -3.0706515482 1.0 27.0
16.64646 66.50158 -3.0706515483 0.0 28.0
18.926456 68.05701 -4.387008483 0.0 28.0
18.926456 68.05701 -4.387008484 0.0 29.0
20.239027 70.71283 -5.1448216484 0.0 29.0
13.99857 66.45555 -1.5418922485 1.0 27.0
13.99857 69.51341 -1.5418922485 1.0 27.0
13.99857 69.51341 -1.5418922486 0.0 28.0
15.311142 72.169235 -2.2997055486 0.0 28.0
15.311142 72.169235 -2.2997055487 0.0 29.0
17.591139 73.72466 -3.6160622487 0.0 29.0
0.40611148 57.940994 1.5156268488 7.0 21.0
0.40611148 60.99886 1.5156268488 7.0 21.0
0.40611148 60.99886 1.5156268489 6.0 22.0
0.40611148 64.056725 1.5156268489 6.0 22.0
0.40611148 64.056725 1.5156268490 1.0 23.0
2.6861084 65.61215 0.19927001490 1.0 23.0
2.6861084 65.61215 0.19927001491 0.0 24.0
3.9986796 68.267975 -0.5585434491 0.0 24.0
3.9986796 68.267975 -0.5585434492 0.0 25.0
3.9986796 71.325836 -0.5585434492 0.0 25.0
0.40611148 64.056725 1.5156268493 1.0 23.0
-0.9064597 66.712555 2.2734401493 1.0 23.0
-0.9064597 66.712555 2.2734401494 0.0 24.0
-0.9064597 69.77042 2.2734401494 0.0 24.0
-0.9064597 69.77042 2.2734401495 0.0 25.0
0.40611148 72.42624 1.5156267495 0.0 25.0
0.40611148 64.056725 1.5156268496 5.0 23.0
1.9217383 66.712555 1.5156268496 5.0 23.0
1.9217383 66.712555 1.5156268497 4.0 24.0
3.437365 69.36838 1.5156268497 4.0 24.0
3.437365 69.36838 1.5156268498 1.0 25.0
6.085254 69.414406 -0.013132691498 1.0 25.0
6.085254 69.414406 -0.013132691499 0.0 26.0
8.365252 70.96983 -1.3294895499 0.0 26.0
8.365252 70.96983 -1.3294895500 0.0 27.0
9.677823 73.625656 -2.087303500 0.0 27.0
3.437365 69.36838 1.5156268501 1.0 25.0
3.437365 72.42624 1.5156268501 1.0 25.0
3.437365 72.42624 1.5156268502 0.0 26.0
4.749936 75.08206 0.7578134502 0.0 26.0
4.749936 75.08206 0.7578134503 0.0 27.0
7.029933 76.63749 -0.5585434503 0.0 27.0
3.437365 69.36838 1.5156268504 3.0 25.0
6.070079 70.923805 1.5156268504 3.0 25.0
6.070079 70.923805 1.5156268505 2.0 26.0
8.702792 72.47923 1.5156268505 2.0 26.0
8.702792 72.47923 1.5156268506 1.0 27.0
11.022301 71.00375 0.17645788506 1.0 27.0
11.022301 71.00375 0.17645788507 0.0 28.0
13.67019 71.04978 -1.3523016507 0.0 28.0
13.67019 71.04978 -1.3523016508 0.0 29.0
15.950187 72.60521 -2.6686583508 0.0 29.0
8.702792 72.47923 1.5156268509 1.0 27.0
10.015364 75.135056 0.7578134509 1.0 27.0
10.015364 75.135056 0.7578134510 0.0 28.0
12.295361 76.69048 -0.5585434510 0.0 28.0
12.295361 76.69048 -0.5585434511 0.0 29.0
14.94325 76.73651 -2.087303511 0.0 29.0
