0.0 0.0 0.00 60.0 1.0
0.0 0.45792544 0.00 60.0 1.0
0.0 0.45792544 0.01 59.0 2.0
0.0 0.9158509 0.01 59.0 2.0
0.0 0.9158509 0.02 58.0 3.0
0.0 1.3737763 0.02 58.0 3.0
0.0 1.3737763 0.03 57.0 4.0
0.0 1.8317018 0.03 57.0 4.0
0.0 1.8317018 0.04 56.0 5.0
0.0 2.289627 0.04 56.0 5.0
0.0 2.289627 0.05 55.0 6.0
0.0 2.7475524 0.05 55.0 6.0
0.0 2.7475524 0.06 54.0 7.0
0.0 3.2054777 0.06 54.0 7.0
0.0 3.2054777 0.07 53.0 8.0
0.0 3.663403 0.07 53.0 8.0
0.0 3.663403 0.08 52.0 9.0
0.0 4.1213284 0.08 52.0 9.0
0.0 4.1213284 0.09 51.0 10.0
0.0 4.5792537 0.09 51.0 10.0
0.0 4.5792537 0.010 50.0 11.0
0.0 5.037179 0.010 50.0 11.0
0.0 5.037179 0.011 49.0 12.0
0.0 5.4951043 0.011 49.0 12.0
0.0 5.4951043 0.012 48.0 13.0
0.0 5.9530296 0.012 48.0 13.0
0.0 5.9530296 0.013 47.0 14.0
0.0 6.410955 0.013 47.0 14.0
0.0 6.410955 0.014 46.0 15.0
0.0 6.8688803 0.014 46.0 15.0
0.0 6.8688803 0.015 45.0 16.0
0.0 7.3268056 0.015 45.0 16.0
0.0 7.3268056 0.016 28.0 17.0
-0.30479765 7.6197677 0.1759750116 28.0 17.0
-0.30479765 7.6197677 0.1759750117 27.0 18.0
-0.6095953 7.9127297 0.3519500217 27.0 18.0
-0.6095953 7.9127297 0.3519500218 26.0 19.0
-0.91439295 8.205692 0.52792518 26.0 19.0
-0.91439295 8.205692 0.52792519 25.0 20.0
-1.2191906 8.498654 0.7039000419 25.0 20.0
-1.2191906 8.498654 0.7039000420 24.0 21.0
-1.5239882 8.791616 0.8798750620 24.0 21.0
-1.5239882 8.791616 0.8798750621 23.0 22.0
-1.8287859 9.0845785 1.0558521 23.0 22.0
-1.8287859 9.0845785 1.0558522 22.0 23.0
-2.1335835 9.377541 1.23182522 22.0 23.0
-2.1335835 9.377541 1.23182523 21.0 24.0
-2.4383812 9.670503 1.407823 21.0 24.0
-2.4383812 9.670503 1.407824 12.0 25.0
-2.4383812 10.128428 1.407824 12.0 25.0
-2.4383812 10.128428 1.407825 11.0 26.0
-2.4383812 10.586354 1.407825 11.0 26.0
-2.4383812 10.586354 1.407826 10.0 27.0
-2.4383812 11.04428 1.407826 10.0 27.0
-2.4383812 11.04428 1.407827 9.0 28.0
-2.4383812 11.502206 1.407827 9.0 28.0
-2.4383812 11.502206 1.407828 4.0 29.0
-2.1335835 11.795168 1.23182528 4.0 29.0
-2.1335835 11.795168 1.23182529 3.0 30.0
-1.8287859 12.08813 1.0558529 3.0 30.0
-1.8287859 12.08813 1.0558530 0.0 31.0
-1.8287859 12.546056 1.0558530 0.0 31.0
-1.8287859 12.546056 1.0558531 0.0 32.0
-1.8287859 13.003982 1.0558531 0.0 32.0
-1.8287859 12.08813 1.0558532 2.0 31.0
-1.4768358 12.381092 1.0558532 2.0 31.0
-1.4768358 12.381092 1.0558533 1.0 32.0
-1.1248858 12.674054 1.0558533 1.0 32.0
-1.1248858 12.674054 1.0558534 0.0 33.0
-0.73489124 12.59098 0.8306865734 0.0 33.0
-0.73489124 12.59098 0.8306865735 0.0 34.0
-0.28456432 12.507905 0.8306865735 0.0 34.0
-1.1248858 12.674054 1.0558536 0.0 33.0
-1.1248858 13.13198 1.0558536 0.0 33.0
-1.1248858 13.13198 1.0558537 0.0 34.0
-1.1248858 13.589906 1.0558537 0.0 34.0
-2.4383812 11.502206 1.407838 8.0 29.0
-2.4383812 11.960132 1.407838 8.0 29.0
-2.4383812 11.960132 1.407839 7.0 30.0
-2.4383812 12.418057 1.407839 7.0 30.0
-2.4383812 12.418057 1.407840 6.0 31.0
-2.4383812 12.875983 1.407840 6.0 31.0
-2.4383812 12.875983 1.407841 5.0 32.0
-2.4383812 13.333909 1.407841 5.0 32.0
-2.4383812 13.333909 1.407842 4.0 33.0
-2.1335835 13.626871 1.23182542 4.0 33.0
-2.1335835 13.626871 1.23182543 3.0 34.0
-1.8287859 13.919833 1.0558543 3.0 34.0
-1.8287859 13.919833 1.0558544 0.0 35.0
-1.8287859 14.377759 1.0558544 0.0 35.0
-1.8287859 14.377759 1.0558545 0.0 36.0
-1.8287859 14.835685 1.0558545 0.0 36.0
-1.8287859 13.919833 1.0558546 2.0 35.0
-1.4768358 14.212795 1.0558546 2.0 35.0
-1.4768358 14.212795 1.0558547 1.0 36.0
-1.1248858 14.505757 1.0558547 1.0 36.0
-1.1248858 14.505757 1.0558548 0.0 37.0
-0.73489124 14.422683 0.8306865748 0.0 37.0
-0.73489124 14.422683 0.8306865749 0.0 38.0
-0.28456432 14.339608 0.8306865749 0.0 38.0
-1.1248858 14.505757 1.0558550 0.0 37.0
-1.1248858 14.963683 1.0558550 0.0 37.0
-1.1248858 14.963683 1.0558551 0.0 38.0
-1.1248858 15.421609 1.0558551 0.0 38.0
-2.4383812 13.333909 1.407852 4.0 33.0
-2.7903311 13.626871 1.407852 4.0 33.0
-2.7903311 13.626871 1.407853 3.0 34.0
-3.142281 13.919833 1.407853 3.0 34.0
-3.142281 13.919833 1.407854 0.0 35.0
-3.5322757 13.836759 1.632963454 0.0 35.0
-3.5322757 13.836759 1.632963455 0.0 36.0
-3.9826026 13.753684 1.632963455 0.0 36.0
-3.142281 13.919833 1.407856 2.0 35.0
-3.494231 14.212795 1.407856 2.0 35.0
-3.494231 14.212795 1.407857 1.0 36.0
-3.846181 14.505757 1.407857 1.0 36.0
-3.846181 14.505757 1.407858 0.0 37.0
-3.846181 14.963683 1.407858 0.0 37.0
-3.846181 14.963683 1.407859 0.0 38.0
-3.846181 15.421609 1.407859 0.0 38.0
-3.846181 14.505757 1.407860 0.0 37.0
-4.296508 14.422683 1.407860 0.0 37.0
-4.296508 14.422683 1.407861 0.0 38.0
-4.7468348 14.339608 1.407861 0.0 38.0
-2.4383812 9.670503 1.407862 20.0 25.0
-2.7903311 9.963465 1.407862 20.0 25.0
-2.7903311 9.963465 1.407863 19.0 26.0
-3.142281 10.256427 1.407863 19.0 26.0
-3.142281 10.256427 1.407864 18.0 27.0
-3.494231 10.549389 1.407864 18.0 27.0
-3.494231 10.549389 1.407865 17.0 28.0
-3.846181 10.842351 1.407865 17.0 28.0
-3.846181 10.842351 1.407866 16.0 29.0
-4.198131 11.135313 1.407866 16.0 29.0
-4.198131 11.135313 1.407867 15.0 30.0
-4.5500813 11.428275 1.407867 15.0 30.0
-4.5500813 11.428275 1.407868 14.0 31.0
-4.9020314 11.721237 1.407868 14.0 31.0
-4.9020314 11.721237 1.407869 13.0 32.0
-5.2539816 12.014199 1.407869 13.0 32.0
-5.2539816 12.014199 1.407870 12.0 33.0
-5.2539816 12.472125 1.407870 12.0 33.0
-5.2539816 12.472125 1.407871 11.0 34.0
-5.2539816 12.930051 1.407871 11.0 34.0
-5.2539816 12.930051 1.407872 10.0 35.0
-5.2539816 13.387977 1.407872 10.0 35.0
-5.2539816 13.387977 1.407873 9.0 36.0
-5.2539816 13.845902 1.407873 9.0 36.0
-5.2539816 13.845902 1.407874 4.0 37.0
-4.949184 14.1388645 1.23182574 4.0 37.0
-4.949184 14.1388645 1.23182575 3.0 38.0
-4.6443863 14.431827 1.0558575 3.0 38.0
-4.6443863 14.431827 1.0558576 0.0 39.0
-4.6443863 14.889752 1.0558576 0.0 39.0
-4.6443863 14.889752 1.0558577 0.0 40.0
-4.6443863 15.347678 1.0558577 0.0 40.0
-4.6443863 14.431827 1.0558578 2.0 39.0
-4.292436 14.724789 1.0558578 2.0 39.0
-4.292436 14.724789 1.0558579 1.0 40.0
-3.9404862 15.017751 1.0558579 1.0 40.0
-3.9404862 15.017751 1.0558580 0.0 41.0
-3.5504916 14.934676 0.8306865780 0.0 41.0
-3.5504916 14.934676 0.8306865781 0.0 42.0
-3.1001647 14.851602 0.8306865781 0.0 42.0
-3.9404862 15.017751 1.0558582 0.0 41.0
-3.9404862 15.475677 1.0558582 0.0 41.0
-3.9404862 15.475677 1.0558583 0.0 42.0
-3.9404862 15.933602 1.0558583 0.0 42.0
-5.2539816 13.845902 1.407884 8.0 37.0
-5.2539816 14.303828 1.407884 8.0 37.0
-5.2539816 14.303828 1.407885 7.0 38.0
-5.2539816 14.761754 1.407885 7.0 38.0
-5.2539816 14.761754 1.407886 6.0 39.0
-5.2539816 15.21968 1.407886 6.0 39.0
-5.2539816 15.21968 1.407887 5.0 40.0
-5.2539816 15.677606 1.407887 5.0 40.0
-5.2539816 15.677606 1.407888 4.0 41.0
-4.949184 15.970568 1.23182588 4.0 41.0
-4.949184 15.970568 1.23182589 3.0 42.0
-4.6443863 16.26353 1.0558589 3.0 42.0
-4.6443863 16.26353 1.0558590 0.0 43.0
-4.6443863 16.721457 1.0558590 0.0 43.0
-4.6443863 16.721457 1.0558591 0.0 44.0
-4.6443863 17.179382 1.0558591 0.0 44.0
-4.6443863 16.26353 1.0558592 2.0 43.0
-4.292436 16.556494 1.0558592 2.0 43.0
-4.292436 16.556494 1.0558593 1.0 44.0
-3.9404862 16.849457 1.0558593 1.0 44.0
-3.9404862 16.849457 1.0558594 0.0 45.0
-3.5504916 16.766382 0.8306865794 0.0 45.0
-3.5504916 16.766382 0.8306865795 0.0 46.0
-3.1001647 16.683308 0.8306865795 0.0 46.0
-3.9404862 16.849457 1.0558596 0.0 45.0
-3.9404862 17.307383 1.0558596 0.0 45.0
-3.9404862 17.307383 1.0558597 0.0 46.0
-3.9404862 17.765308 1.0558597 0.0 46.0
-5.2539816 15.677606 1.407898 4.0 41.0
-5.6059318 15.970568 1.407898 4.0 41.0
-5.6059318 15.970568 1.407899 3.0 42.0
-5.957882 16.26353 1.407899 3.0 42.0
-5.957882 16.26353 1.4078100 0.0 43.0
-6.3478765 16.180456 1.6329634100 0.0 43.0
-6.3478765 16.180456 1.6329634101 0.0 44.0
-6.7982035 16.097382 1.6329634101 0.0 44.0
-5.957882 16.26353 1.4078102 2.0 43.0
-6.309832 16.556494 1.4078102 2.0 43.0
-6.309832 16.556494 1.4078103 1.0 44.0
-6.6617823 16.849457 1.4078103 1.0 44.0
-6.6617823 16.849457 1.4078104 0.0 45.0
-6.6617823 17.307383 1.4078104 0.0 45.0
-6.6617823 17.307383 1.4078105 0.0 46.0
-6.6617823 17.765308 1.4078105 0.0 46.0
-6.6617823 16.849457 1.4078106 0.0 45.0
-7.112109 16.766382 1.4078106 0.0 45.0
-7.112109 16.766382 1.4078107 0.0 46.0
-7.562436 16.683308 1.4078107 0.0 46.0
-5.2539816 12.014199 1.4078108 12.0 33.0
-5.7043085 11.931125 1.4078108 12.0 33.0
-5.7043085 11.931125 1.4078109 11.0 34.0
-6.1546354 11.84805 1.4078109 11.0 34.0
-6.1546354 11.84805 1.4078110 10.0 35.0
-6.6049623 11.764976 1.4078110 10.0 35.0
-6.6049623 11.764976 1.4078111 9.0 36.0
-7.0552893 11.681901 1.4078111 9.0 36.0
-7.0552893 11.681901 1.4078112 4.0 37.0
-7.360087 11.974863 1.5837749112 4.0 37.0
-7.360087 11.974863 1.5837749113 3.0 38.0
-7.6648846 12.267825 1.7597499113 3.0 38.0
-7.6648846 12.267825 1.7597499114 0.0 39.0
-8.054879 12.184751 1.9849133114 0.0 39.0
-8.054879 12.184751 1.9849133115 0.0 40.0
-8.505206 12.101676 1.9849133115 0.0 40.0
-7.6648846 12.267825 1.7597499116 2.0 39.0
-8.016834 12.560787 1.7597499116 2.0 39.0
-8.016834 12.560787 1.7597499117 1.0 40.0
-8.368784 12.853749 1.7597499117 1.0 40.0
-8.368784 12.853749 1.7597499118 0.0 41.0
-8.368784 13.311675 1.7597499118 0.0 41.0
-8.368784 13.311675 1.7597499119 0.0 42.0
-8.368784 13.769601 1.7597499119 0.0 42.0
-8.368784 12.853749 1.7597499120 0.0 41.0
-8.819111 12.770675 1.7597499120 0.0 41.0
-8.819111 12.770675 1.7597499121 0.0 42.0
-9.269438 12.6876 1.7597499121 0.0 42.0
-7.0552893 11.681901 1.4078122 8.0 37.0
-7.505616 11.598826 1.4078122 8.0 37.0
-7.505616 11.598826 1.4078123 7.0 38.0
-7.955943 11.515752 1.4078123 7.0 38.0
-7.955943 11.515752 1.4078124 6.0 39.0
-8.40627 11.432677 1.4078124 6.0 39.0
-8.40627 11.432677 1.4078125 5.0 40.0
-8.856597 11.349603 1.4078125 5.0 40.0
-8.856597 11.349603 1.4078126 4.0 41.0
-9.161394 11.642565 1.5837749126 4.0 41.0
-9.161394 11.642565 1.5837749127 3.0 42.0
-9.466192 11.935527 1.7597499127 3.0 42.0
-9.466192 11.935527 1.7597499128 0.0 43.0
-9.856187 11.852452 1.9849133128 0.0 43.0
-9.856187 11.852452 1.9849133129 0.0 44.0
-10.306514 11.769378 1.9849133129 0.0 44.0
-9.466192 11.935527 1.7597499130 2.0 43.0
-9.818142 12.228489 1.7597499130 2.0 43.0
-9.818142 12.228489 1.7597499131 1.0 44.0
-10.170092 12.521451 1.7597499131 1.0 44.0
-10.170092 12.521451 1.7597499132 0.0 45.0
-10.170092 12.979377 1.7597499132 0.0 45.0
-10.170092 12.979377 1.7597499133 0.0 46.0
-10.170092 13.437303 1.7597499133 0.0 46.0
-10.170092 12.521451 1.7597499134 0.0 45.0
-10.620419 12.438376 1.7597499134 0.0 45.0
-10.620419 12.438376 1.7597499135 0.0 46.0
-11.070745 12.355302 1.7597499135 0.0 46.0
-8.856597 11.349603 1.4078136 4.0 41.0
-9.080849 10.950345 1.4078136 4.0 41.0
-9.080849 10.950345 1.4078137 3.0 42.0
-9.3051 10.551087 1.4078137 3.0 42.0
-9.3051 10.551087 1.4078138 0.0 43.0
-9.163599 10.123303 1.3261039138 0.0 43.0
-9.163599 10.123303 1.3261039139 0.0 44.0
-9.000207 9.695519 1.3261039139 0.0 44.0
-9.3051 10.551087 1.4078140 2.0 43.0
-9.529352 10.15183 1.4078140 2.0 43.0
-9.529352 10.15183 1.4078141 1.0 44.0
-9.753604 9.752572 1.4078141 1.0 44.0
-9.753604 9.752572 1.4078142 0.0 45.0
-10.143599 9.6694975 1.6329634142 0.0 45.0
-10.143599 9.6694975 1.6329634143 0.0 46.0
-10.593925 9.586423 1.6329634143 0.0 46.0
-9.753604 9.752572 1.4078144 0.0 45.0
-9.590212 9.324788 1.4078144 0.0 45.0
-9.590212 9.324788 1.4078145 0.0 46.0
-9.42682 8.897004 1.4078145 0.0 46.0
0.0 7.3268056 0.0146 44.0 17.0
0.0 7.784731 0.0146 44.0 17.0
0.0 7.784731 0.0147 43.0 18.0
0.0 8.242657 0.0147 43.0 18.0
0.0 8.242657 0.0148 42.0 19.0
0.0 8.7005825 0.0148 42.0 19.0
0.0 8.7005825 0.0149 41.0 20.0
0.0 9.158508 0.0149 41.0 20.0
0.0 9.158508 0.0150 40.0 21.0
0.0 9.616434 0.0150 40.0 21.0
0.0 9.616434 0.0151 39.0 22.0
0.0 10.07436 0.0151 39.0 22.0
0.0 10.07436 0.0152 38.0 23.0
0.0 10.532286 0.0152 38.0 23.0
0.0 10.532286 0.0153 37.0 24.0
0.0 10.9902115 0.0153 37.0 24.0
0.0 10.9902115 0.0154 36.0 25.0
0.0 11.448137 0.0154 36.0 25.0
0.0 11.448137 0.0155 35.0 26.0
0.0 11.906063 0.0155 35.0 26.0
0.0 11.906063 0.0156 34.0 27.0
0.0 12.363989 0.0156 34.0 27.0
0.0 12.363989 0.0157 33.0 28.0
0.0 12.821915 0.0157 33.0 28.0
0.0 12.821915 0.0158 32.0 29.0
0.0 13.27984 0.0158 32.0 29.0
0.0 13.27984 0.0159 31.0 30.0
0.0 13.737766 0.0159 31.0 30.0
0.0 13.737766 0.0160 30.0 31.0
0.0 14.195692 0.0160 30.0 31.0
0.0 14.195692 0.0161 29.0 32.0
0.0 14.653618 0.0161 29.0 32.0
0.0 14.653618 0.0162 28.0 33.0
0.30479765 14.94658 -0.17597501162 28.0 33.0
0.30479765 14.94658 -0.17597501163 27.0 34.0
0.6095953 15.239542 -0.35195002163 27.0 34.0
0.6095953 15.239542 -0.35195002164 26.0 35.0
0.91439295 15.532504 -0.527925164 26.0 35.0
0.91439295 15.532504 -0.527925165 25.0 36.0
1.2191906 15.825466 -0.70390004165 25.0 36.0
1.2191906 15.825466 -0.70390004166 24.0 37.0
1.5239882 16.11843 -0.87987506166 24.0 37.0
1.5239882 16.11843 -0.87987506167 23.0 38.0
1.8287859 16.411392 -1.05585167 23.0 38.0
1.8287859 16.411392 -1.05585168 22.0 39.0
2.1335835 16.704355 -1.231825168 22.0 39.0
2.1335835 16.704355 -1.231825169 21.0 40.0
2.4383812 16.997318 -1.4078169 21.0 40.0
2.4383812 16.997318 -1.4078170 12.0 41.0
2.8283758 16.914244 -1.6329634170 12.0 41.0
2.8283758 16.914244 -1.6329634171 11.0 42.0
3.2183704 16.83117 -1.8581269171 11.0 42.0
3.2183704 16.83117 -1.8581269172 10.0 43.0
3.608365 16.748095 -2.0832903172 10.0 43.0
3.608365 16.748095 -2.0832903173 9.0 44.0
3.9983597 16.66502 -2.3084538173 9.0 44.0
3.9983597 16.66502 -2.3084538174 4.0 45.0
4.192568 16.265762 -2.42058174 4.0 45.0
4.192568 16.265762 -2.42058175 3.0 46.0
4.386776 15.866505 -2.532706175 3.0 46.0
4.386776 15.866505 -2.532706176 0.0 47.0
4.7767706 15.78343 -2.7578695176 0.0 47.0
4.7767706 15.78343 -2.7578695177 0.0 48.0
5.2270975 15.700356 -2.7578695177 0.0 48.0
4.386776 15.866505 -2.532706178 2.0 47.0
4.611028 15.467247 -2.532706178 2.0 47.0
4.611028 15.467247 -2.532706179 1.0 48.0
4.8352804 15.067989 -2.532706179 1.0 48.0
4.8352804 15.067989 -2.532706180 0.0 49.0
4.693779 14.640205 -2.45101180 0.0 49.0
4.693779 14.640205 -2.45101181 0.0 50.0
4.530387 14.212421 -2.45101181 0.0 50.0
4.8352804 15.067989 -2.532706182 0.0 49.0
5.2856073 14.984915 -2.532706182 0.0 49.0
5.2856073 14.984915 -2.532706183 0.0 50.0
5.7359343 14.90184 -2.532706183 0.0 50.0
3.9983597 16.66502 -2.3084538184 8.0 45.0
4.4486866 16.581945 -2.3084538184 8.0 45.0
4.4486866 16.581945 -2.3084538185 7.0 46.0
4.8990135 16.49887 -2.3084538185 7.0 46.0
4.8990135 16.49887 -2.3084538186 6.0 47.0
5.3493404 16.415796 -2.3084538186 6.0 47.0
5.3493404 16.415796 -2.3084538187 5.0 48.0
5.7996674 16.332722 -2.3084538187 5.0 48.0
5.7996674 16.332722 -2.3084538188 4.0 49.0
5.9938755 15.933464 -2.42058188 4.0 49.0
5.9938755 15.933464 -2.42058189 3.0 50.0
6.1880836 15.534206 -2.532706189 3.0 50.0
6.1880836 15.534206 -2.532706190 0.0 51.0
6.5780783 15.451132 -2.7578695190 0.0 51.0
6.5780783 15.451132 -2.7578695191 0.0 52.0
7.028405 15.368057 -2.7578695191 0.0 52.0
6.1880836 15.534206 -2.532706192 2.0 51.0
6.412336 15.134949 -2.532706192 2.0 51.0
6.412336 15.134949 -2.532706193 1.0 52.0
6.636588 14.735691 -2.532706193 1.0 52.0
6.636588 14.735691 -2.532706194 0.0 53.0
6.4950867 14.307907 -2.45101194 0.0 53.0
6.4950867 14.307907 -2.45101195 0.0 54.0
6.3316946 13.880123 -2.45101195 0.0 54.0
6.636588 14.735691 -2.532706196 0.0 53.0
7.086915 14.6526165 -2.532706196 0.0 53.0
7.086915 14.6526165 -2.532706197 0.0 54.0
7.537242 14.569542 -2.532706197 0.0 54.0
5.7996674 16.332722 -2.3084538198 4.0 49.0
6.1516175 16.625685 -2.3084538198 4.0 49.0
6.1516175 16.625685 -2.3084538199 3.0 50.0
6.5035677 16.918648 -2.3084538199 3.0 50.0
6.5035677 16.918648 -2.3084538200 0.0 51.0
6.5035677 17.376574 -2.3084538200 0.0 51.0
6.5035677 17.376574 -2.3084538201 0.0 52.0
6.5035677 17.8345 -2.3084538201 0.0 52.0
6.5035677 16.918648 -2.3084538202 2.0 51.0
6.855518 17.21161 -2.3084538202 2.0 51.0
6.855518 17.21161 -2.3084538203 1.0 52.0
7.207468 17.504574 -2.3084538203 1.0 52.0
7.207468 17.504574 -2.3084538204 0.0 53.0
7.5974627 17.4215 -2.5336173204 0.0 53.0
7.5974627 17.4215 -2.5336173205 0.0 54.0
8.04779 17.338425 -2.5336173205 0.0 54.0
7.207468 17.504574 -2.3084538206 0.0 53.0
7.207468 17.9625 -2.3084538206 0.0 53.0
7.207468 17.9625 -2.3084538207 0.0 54.0
7.207468 18.420425 -2.3084538207 0.0 54.0
2.4383812 16.997318 -1.4078208 20.0 41.0
2.7903311 17.290281 -1.4078208 20.0 41.0
2.7903311 17.290281 -1.4078209 19.0 42.0
3.142281 17.583244 -1.4078209 19.0 42.0
3.142281 17.583244 -1.4078210 18.0 43.0
3.494231 17.876207 -1.4078210 18.0 43.0
3.494231 17.876207 -1.4078211 17.0 44.0
3.846181 18.16917 -1.4078211 17.0 44.0
3.846181 18.16917 -1.4078212 16.0 45.0
4.198131 18.462133 -1.4078212 16.0 45.0
4.198131 18.462133 -1.4078213 15.0 46.0
4.5500813 18.755096 -1.4078213 15.0 46.0
4.5500813 18.755096 -1.4078214 14.0 47.0
4.9020314 19.04806 -1.4078214 14.0 47.0
4.9020314 19.04806 -1.4078215 13.0 48.0
5.2539816 19.341022 -1.4078215 13.0 48.0
5.2539816 19.341022 -1.4078216 12.0 49.0
5.643976 19.257948 -1.6329634216 12.0 49.0
5.643976 19.257948 -1.6329634217 11.0 50.0
6.033971 19.174873 -1.8581269217 11.0 50.0
6.033971 19.174873 -1.8581269218 10.0 51.0
6.4239655 19.091799 -2.0832903218 10.0 51.0
6.4239655 19.091799 -2.0832903219 9.0 52.0
6.81396 19.008724 -2.3084538219 9.0 52.0
6.81396 19.008724 -2.3084538220 4.0 53.0
7.008168 18.609467 -2.42058220 4.0 53.0
7.008168 18.609467 -2.42058221 3.0 54.0
7.2023764 18.210209 -2.532706221 3.0 54.0
7.2023764 18.210209 -2.532706222 0.0 55.0
7.592371 18.127134 -2.7578695222 0.0 55.0
7.592371 18.127134 -2.7578695223 0.0 56.0
8.042698 18.04406 -2.7578695223 0.0 56.0
7.2023764 18.210209 -2.532706224 2.0 55.0
7.4266286 17.810951 -2.532706224 2.0 55.0
7.4266286 17.810951 -2.532706225 1.0 56.0
7.650881 17.411694 -2.532706225 1.0 56.0
7.650881 17.411694 -2.532706226 0.0 57.0
7.5093794 16.98391 -2.45101226 0.0 57.0
7.5093794 16.98391 -2.45101227 0.0 58.0
7.3459873 16.556126 -2.45101227 0.0 58.0
7.650881 17.411694 -2.532706228 0.0 57.0
8.101208 17.328619 -2.532706228 0.0 57.0
8.101208 17.328619 -2.532706229 0.0 58.0
8.551535 17.245544 -2.532706229 0.0 58.0
6.81396 19.008724 -2.3084538230 8.0 53.0
7.264287 18.92565 -2.3084538230 8.0 53.0
7.264287 18.92565 -2.3084538231 7.0 54.0
7.714614 18.842575 -2.3084538231 7.0 54.0
7.714614 18.842575 -2.3084538232 6.0 55.0
8.164941 18.7595 -2.3084538232 6.0 55.0
8.164941 18.7595 -2.3084538233 5.0 56.0
8.615268 18.676426 -2.3084538233 5.0 56.0
8.615268 18.676426 -2.3084538234 4.0 57.0
8.809476 18.277168 -2.42058234 4.0 57.0
8.809476 18.277168 -2.42058235 3.0 58.0
9.003684 17.87791 -2.532706235 3.0 58.0
9.003684 17.87791 -2.532706236 0.0 59.0
9.393679 17.794836 -2.7578695236 0.0 59.0
9.393679 17.794836 -2.7578695237 0.0 60.0
9.844006 17.711761 -2.7578695237 0.0 60.0
9.003684 17.87791 -2.532706238 2.0 59.0
9.227936 17.478653 -2.532706238 2.0 59.0
9.227936 17.478653 -2.532706239 1.0 60.0
9.452188 17.079395 -2.532706239 1.0 60.0
9.452188 17.079395 -2.532706240 0.0 61.0
9.310686 16.651611 -2.45101240 0.0 61.0
9.310686 16.651611 -2.45101241 0.0 62.0
9.147294 16.223827 -2.45101241 0.0 62.0
9.452188 17.079395 -2.532706242 0.0 61.0
9.902514 16.99632 -2.532706242 0.0 61.0
9.902514 16.99632 -2.532706243 0.0 62.0
10.352841 16.913246 -2.532706243 0.0 62.0
8.615268 18.676426 -2.3084538244 4.0 57.0
8.967217 18.969389 -2.3084538244 4.0 57.0
8.967217 18.969389 -2.3084538245 3.0 58.0
9.319167 19.262352 -2.3084538245 3.0 58.0
9.319167 19.262352 -2.3084538246 0.0 59.0
9.319167 19.720278 -2.3084538246 0.0 59.0
9.319167 19.720278 -2.3084538247 0.0 60.0
9.319167 20.178204 -2.3084538247 0.0 60.0
9.319167 19.262352 -2.3084538248 2.0 59.0
9.671117 19.555315 -2.3084538248 2.0 59.0
9.671117 19.555315 -2.3084538249 1.0 60.0
10.0230665 19.848278 -2.3084538249 1.0 60.0
10.0230665 19.848278 -2.3084538250 0.0 61.0
10.413061 19.765203 -2.5336173250 0.0 61.0
10.413061 19.765203 -2.5336173251 0.0 62.0
10.863388 19.682129 -2.5336173251 0.0 62.0
10.0230665 19.848278 -2.3084538252 0.0 61.0
10.0230665 20.306204 -2.3084538252 0.0 61.0
10.0230665 20.306204 -2.3084538253 0.0 62.0
10.0230665 20.76413 -2.3084538253 0.0 62.0
5.2539816 19.341022 -1.4078254 12.0 49.0
5.2539816 19.798948 -1.4078254 12.0 49.0
5.2539816 19.798948 -1.4078255 11.0 50.0
5.2539816 20.256874 -1.4078255 11.0 50.0
5.2539816 20.256874 -1.4078256 10.0 51.0
5.2539816 20.7148 -1.4078256 10.0 51.0
5.2539816 20.7148 -1.4078257 9.0 52.0
5.2539816 21.172726 -1.4078257 9.0 52.0
5.2539816 21.172726 -1.4078258 4.0 53.0
5.5587792 21.465689 -1.5837749258 4.0 53.0
5.5587792 21.465689 -1.5837749259 3.0 54.0
5.863577 21.758652 -1.7597499259 3.0 54.0
5.863577 21.758652 -1.7597499260 0.0 55.0
5.863577 22.216578 -1.7597499260 0.0 55.0
5.863577 22.216578 -1.7597499261 0.0 56.0
5.863577 22.674503 -1.7597499261 0.0 56.0
5.863577 21.758652 -1.7597499262 2.0 55.0
6.215527 22.051615 -1.7597499262 2.0 55.0
6.215527 22.051615 -1.7597499263 1.0 56.0
6.567477 22.344578 -1.7597499263 1.0 56.0
6.567477 22.344578 -1.7597499264 0.0 57.0
6.957472 22.261503 -1.9849133264 0.0 57.0
6.957472 22.261503 -1.9849133265 0.0 58.0
7.407799 22.178429 -1.9849133265 0.0 58.0
6.567477 22.344578 -1.7597499266 0.0 57.0
6.567477 22.802504 -1.7597499266 0.0 57.0
6.567477 22.802504 -1.7597499267 0.0 58.0
6.567477 23.26043 -1.7597499267 0.0 58.0
5.2539816 21.172726 -1.4078268 8.0 53.0
5.2539816 21.630651 -1.4078268 8.0 53.0
5.2539816 21.630651 -1.4078269 7.0 54.0
5.2539816 22.088577 -1.4078269 7.0 54.0
5.2539816 22.088577 -1.4078270 6.0 55.0
5.2539816 22.546503 -1.4078270 6.0 55.0
5.2539816 22.546503 -1.4078271 5.0 56.0
5.2539816 23.004429 -1.4078271 5.0 56.0
5.2539816 23.004429 -1.4078272 4.0 57.0
5.5587792 23.297392 -1.5837749272 4.0 57.0
5.5587792 23.297392 -1.5837749273 3.0 58.0
5.863577 23.590355 -1.7597499273 3.0 58.0
5.863577 23.590355 -1.7597499274 0.0 59.0
5.863577 24.04828 -1.7597499274 0.0 59.0
5.863577 24.04828 -1.7597499275 0.0 60.0
5.863577 24.506207 -1.7597499275 0.0 60.0
5.863577 23.590355 -1.7597499276 2.0 59.0
6.215527 23.883318 -1.7597499276 2.0 59.0
6.215527 23.883318 -1.7597499277 1.0 60.0
6.567477 24.176281 -1.7597499277 1.0 60.0
6.567477 24.176281 -1.7597499278 0.0 61.0
6.957472 24.093206 -1.9849133278 0.0 61.0
6.957472 24.093206 -1.9849133279 0.0 62.0
7.407799 24.010132 -1.9849133279 0.0 62.0
6.567477 24.176281 -1.7597499280 0.0 61.0
6.567477 24.634207 -1.7597499280 0.0 61.0
6.567477 24.634207 -1.7597499281 0.0 62.0
6.567477 25.092133 -1.7597499281 0.0 62.0
5.2539816 23.004429 -1.4078282 4.0 57.0
4.9020314 23.297392 -1.4078282 4.0 57.0
4.9020314 23.297392 -1.4078283 3.0 58.0
4.5500813 23.590355 -1.4078283 3.0 58.0
4.5500813 23.590355 -1.4078284 0.0 59.0
4.1600866 23.50728 -1.1826365284 0.0 59.0
4.1600866 23.50728 -1.1826365285 0.0 60.0
3.7097597 23.424206 -1.1826365285 0.0 60.0
4.5500813 23.590355 -1.4078286 2.0 59.0
4.198131 23.883318 -1.4078286 2.0 59.0
4.198131 23.883318 -1.4078287 1.0 60.0
3.8461812 24.176281 -1.4078287 1.0 60.0
3.8461812 24.176281 -1.4078288 0.0 61.0
3.8461812 24.634207 -1.4078288 0.0 61.0
3.8461812 24.634207 -1.4078289 0.0 62.0
3.8461812 25.092133 -1.4078289 0.0 62.0
3.8461812 24.176281 -1.4078290 0.0 61.0
3.3958542 24.093206 -1.4078290 0.0 61.0
3.3958542 24.093206 -1.4078291 0.0 62.0
2.9455273 24.010132 -1.4078291 0.0 62.0
0.0 14.653618 0.0292 28.0 33.0
-0.35195002 14.94658 0.0292 28.0 33.0
-0.35195002 14.94658 0.0293 27.0 34.0
-0.70390004 15.239542 0.0293 27.0 34.0
-0.70390004 15.239542 0.0294 26.0 35.0
-1.05585 15.532504 0.0294 26.0 35.0
-1.05585 15.532504 0.0295 25.0 36.0
-1.4078001 15.825466 0.0295 25.0 36.0
-1.4078001 15.825466 0.0296 24.0 37.0
-1.7597501 16.11843 0.0296 24.0 37.0
-1.7597501 16.11843 0.0297 23.0 38.0
-2.1117 16.411392 0.0297 23.0 38.0
-2.1117 16.411392 0.0298 22.0 39.0
-2.46365 16.704355 0.0298 22.0 39.0
-2.46365 16.704355 0.0299 21.0 40.0
-2.8156 16.997318 0.0299 21.0 40.0
-2.8156 16.997318 0.0300 12.0 41.0
-2.8156 17.455244 0.0300 12.0 41.0
-2.8156 17.455244 0.0301 11.0 42.0
-2.8156 17.91317 0.0301 11.0 42.0
-2.8156 17.91317 0.0302 10.0 43.0
-2.8156 18.371096 0.0302 10.0 43.0
-2.8156 18.371096 0.0303 9.0 44.0
-2.8156 18.829021 0.0303 9.0 44.0
-2.8156 18.829021 0.0304 4.0 45.0
-2.5108023 19.121984 -0.17597501304 4.0 45.0
-2.5108023 19.121984 -0.17597501305 3.0 46.0
-2.2060046 19.414948 -0.35195002305 3.0 46.0
-2.2060046 19.414948 -0.35195002306 0.0 47.0
-2.2060046 19.872873 -0.35195002306 0.0 47.0
-2.2060046 19.872873 -0.35195002307 0.0 48.0
-2.2060046 20.3308 -0.35195002307 0.0 48.0
-2.2060046 19.414948 -0.35195002308 2.0 47.0
-1.8540546 19.70791 -0.35195002308 2.0 47.0
-1.8540546 19.70791 -0.35195002309 1.0 48.0
-1.5021045 20.000874 -0.35195002309 1.0 48.0
-1.5021045 20.000874 -0.35195002310 0.0 49.0
-1.1121099 19.917799 -0.5771135310 0.0 49.0
-1.1121099 19.917799 -0.5771135311 0.0 50.0
-0.661783 19.834724 -0.5771135311 0.0 50.0
-1.5021045 20.000874 -0.35195002312 0.0 49.0
-1.5021045 20.4588 -0.35195002312 0.0 49.0
-1.5021045 20.4588 -0.35195002313 0.0 50.0
-1.5021045 20.916725 -0.35195002313 0.0 50.0
-2.8156 18.829021 0.0314 8.0 45.0
-2.8156 19.286947 0.0314 8.0 45.0
-2.8156 19.286947 0.0315 7.0 46.0
-2.8156 19.744873 0.0315 7.0 46.0
-2.8156 19.744873 0.0316 6.0 47.0
-2.8156 20.202799 0.0316 6.0 47.0
-2.8156 20.202799 0.0317 5.0 48.0
-2.8156 20.660725 0.0317 5.0 48.0
-2.8156 20.660725 0.0318 4.0 49.0
-2.5108023 20.953688 -0.17597501318 4.0 49.0
-2.5108023 20.953688 -0.17597501319 3.0 50.0
-2.2060046 21.24665 -0.35195002319 3.0 50.0
-2.2060046 21.24665 -0.35195002320 0.0 51.0
-2.2060046 21.704576 -0.35195002320 0.0 51.0
-2.2060046 21.704576 -0.35195002321 0.0 52.0
-2.2060046 22.162502 -0.35195002321 0.0 52.0
-2.2060046 21.24665 -0.35195002322 2.0 51.0
-1.8540546 21.539614 -0.35195002322 2.0 51.0
-1.8540546 21.539614 -0.35195002323 1.0 52.0
-1.5021045 21.832577 -0.35195002323 1.0 52.0
-1.5021045 21.832577 -0.35195002324 0.0 53.0
-1.1121099 21.749502 -0.5771135324 0.0 53.0
-1.1121099 21.749502 -0.5771135325 0.0 54.0
-0.661783 21.666428 -0.5771135325 0.0 54.0
-1.5021045 21.832577 -0.35195002326 0.0 53.0
-1.5021045 22.290503 -0.35195002326 0.0 53.0
-1.5021045 22.290503 -0.35195002327 0.0 54.0
-1.5021045 22.748428 -0.35195002327 0.0 54.0
-2.8156 20.660725 0.0328 4.0 49.0
-3.1675498 20.953688 0.0328 4.0 49.0
-3.1675498 20.953688 0.0329 3.0 50.0
-3.5194998 21.24665 0.0329 3.0 50.0
-3.5194998 21.24665 0.0330 0.0 51.0
-3.9094944 21.163576 0.22516346330 0.0 51.0
-3.9094944 21.163576 0.22516346331 0.0 52.0
-4.3598213 21.080502 0.22516346331 0.0 52.0
-3.5194998 21.24665 0.0332 2.0 51.0
-3.8714497 21.539614 0.0332 2.0 51.0
-3.8714497 21.539614 0.0333 1.0 52.0
-4.2233996 21.832577 0.0333 1.0 52.0
-4.2233996 21.832577 0.0334 0.0 53.0
-4.2233996 22.290503 0.0334 0.0 53.0
-4.2233996 22.290503 0.0335 0.0 54.0
-4.2233996 22.748428 0.0335 0.0 54.0
-4.2233996 21.832577 0.0336 0.0 53.0
-4.6737266 21.749502 0.0336 0.0 53.0
-4.6737266 21.749502 0.0337 0.0 54.0
-5.1240535 21.666428 0.0337 0.0 54.0
-2.8156 16.997318 0.0338 20.0 41.0
-3.1675498 17.290281 0.0338 20.0 41.0
-3.1675498 17.290281 0.0339 19.0 42.0
-3.5194998 17.583244 0.0339 19.0 42.0
-3.5194998 17.583244 0.0340 18.0 43.0
-3.8714497 17.876207 0.0340 18.0 43.0
-3.8714497 17.876207 0.0341 17.0 44.0
-4.2233996 18.16917 0.0341 17.0 44.0
-4.2233996 18.16917 0.0342 16.0 45.0
-4.57535 18.462133 0.0342 16.0 45.0
-4.57535 18.462133 0.0343 15.0 46.0
-4.9273 18.755096 0.0343 15.0 46.0
-4.9273 18.755096 0.0344 14.0 47.0
-5.27925 19.04806 0.0344 14.0 47.0
-5.27925 19.04806 0.0345 13.0 48.0
-5.6312003 19.341022 0.0345 13.0 48.0
-5.6312003 19.341022 0.0346 12.0 49.0
-5.6312003 19.798948 0.0346 12.0 49.0
-5.6312003 19.798948 0.0347 11.0 50.0
-5.6312003 20.256874 0.0347 11.0 50.0
-5.6312003 20.256874 0.0348 10.0 51.0
-5.6312003 20.7148 0.0348 10.0 51.0
-5.6312003 20.7148 0.0349 9.0 52.0
-5.6312003 21.172726 0.0349 9.0 52.0
-5.6312003 21.172726 0.0350 4.0 53.0
-5.3264027 21.465689 -0.17597501350 4.0 53.0
-5.3264027 21.465689 -0.17597501351 3.0 54.0
-5.021605 21.758652 -0.35195002351 3.0 54.0
-5.021605 21.758652 -0.35195002352 0.0 55.0
-5.021605 22.216578 -0.35195002352 0.0 55.0
-5.021605 22.216578 -0.35195002353 0.0 56.0
-5.021605 22.674503 -0.35195002353 0.0 56.0
-5.021605 21.758652 -0.35195002354 2.0 55.0
-4.669655 22.051615 -0.35195002354 2.0 55.0
-4.669655 22.051615 -0.35195002355 1.0 56.0
-4.3177047 22.344578 -0.35195002355 1.0 56.0
-4.3177047 22.344578 -0.35195002356 0.0 57.0
-3.92771 22.261503 -0.5771135356 0.0 57.0
-3.92771 22.261503 -0.5771135357 0.0 58.0
-3.4773831 22.178429 -0.5771135357 0.0 58.0
-4.3177047 22.344578 -0.35195002358 0.0 57.0
-4.3177047 22.802504 -0.35195002358 0.0 57.0
-4.3177047 22.802504 -0.35195002359 0.0 58.0
-4.3177047 23.26043 -0.35195002359 0.0 58.0
-5.6312003 21.172726 0.0360 8.0 53.0
-5.6312003 21.630651 0.0360 8.0 53.0
-5.6312003 21.630651 0.0361 7.0 54.0
-5.6312003 22.088577 0.0361 7.0 54.0
-5.6312003 22.088577 0.0362 6.0 55.0
-5.6312003 22.546503 0.0362 6.0 55.0
-5.6312003 22.546503 0.0363 5.0 56.0
-5.6312003 23.004429 0.0363 5.0 56.0
-5.6312003 23.004429 0.0364 4.0 57.0
-5.3264027 23.297392 -0.17597501364 4.0 57.0
-5.3264027 23.297392 -0.17597501365 3.0 58.0
-5.021605 23.590355 -0.35195002365 3.0 58.0
-5.021605 23.590355 -0.35195002366 0.0 59.0
-5.021605 24.04828 -0.35195002366 0.0 59.0
-5.021605 24.04828 -0.35195002367 0.0 60.0
-5.021605 24.506207 -0.35195002367 0.0 60.0
-5.021605 23.590355 -0.35195002368 2.0 59.0
-4.669655 23.883318 -0.35195002368 2.0 59.0
-4.669655 23.883318 -0.35195002369 1.0 60.0
-4.3177047 24.176281 -0.35195002369 1.0 60.0
-4.3177047 24.176281 -0.35195002370 0.0 61.0
-3.92771 24.093206 -0.5771135370 0.0 61.0
-3.92771 24.093206 -0.5771135371 0.0 62.0
-3.4773831 24.010132 -0.5771135371 0.0 62.0
-4.3177047 24.176281 -0.35195002372 0.0 61.0
-4.3177047 24.634207 -0.35195002372 0.0 61.0
-4.3177047 24.634207 -0.35195002373 0.0 62.0
-4.3177047 25.092133 -0.35195002373 0.0 62.0
-5.6312003 23.004429 0.0374 4.0 57.0
-5.9831505 23.297392 0.0374 4.0 57.0
-5.9831505 23.297392 0.0375 3.0 58.0
-6.3351007 23.590355 0.0375 3.0 58.0
-6.3351007 23.590355 0.0376 0.0 59.0
-6.7250953 23.50728 0.22516346376 0.0 59.0
-6.7250953 23.50728 0.22516346377 0.0 60.0
-7.175422 23.424206 0.22516346377 0.0 60.0
-6.3351007 23.590355 0.0378 2.0 59.0
-6.687051 23.883318 0.0378 2.0 59.0
-6.687051 23.883318 0.0379 1.0 60.0
-7.039001 24.176281 0.0379 1.0 60.0
-7.039001 24.176281 0.0380 0.0 61.0
-7.039001 24.634207 0.0380 0.0 61.0
-7.039001 24.634207 0.0381 0.0 62.0
-7.039001 25.092133 0.0381 0.0 62.0
-7.039001 24.176281 0.0382 0.0 61.0
-7.489328 24.093206 0.0382 0.0 61.0
-7.489328 24.093206 0.0383 0.0 62.0
-7.939655 24.010132 0.0383 0.0 62.0
-5.6312003 19.341022 0.0384 12.0 49.0
-6.081527 19.257948 0.0384 12.0 49.0
-6.081527 19.257948 0.0385 11.0 50.0
-6.531854 19.174873 0.0385 11.0 50.0
-6.531854 19.174873 0.0386 10.0 51.0
-6.982181 19.091799 0.0386 10.0 51.0
-6.982181 19.091799 0.0387 9.0 52.0
-7.432508 19.008724 0.0387 9.0 52.0
-7.432508 19.008724 0.0388 4.0 53.0
-7.7373056 19.301687 0.17597501388 4.0 53.0
-7.7373056 19.301687 0.17597501389 3.0 54.0
-8.042103 19.59465 0.35195002389 3.0 54.0
-8.042103 19.59465 0.35195002390 0.0 55.0
-8.432097 19.511576 0.5771135390 0.0 55.0
-8.432097 19.511576 0.5771135391 0.0 56.0
-8.882424 19.428501 0.5771135391 0.0 56.0
-8.042103 19.59465 0.35195002392 2.0 55.0
-8.3940525 19.887613 0.35195002392 2.0 55.0
-8.3940525 19.887613 0.35195002393 1.0 56.0
-8.746002 20.180576 0.35195002393 1.0 56.0
-8.746002 20.180576 0.35195002394 0.0 57.0
-8.746002 20.638502 0.35195002394 0.0 57.0
-8.746002 20.638502 0.35195002395 0.0 58.0
-8.746002 21.096428 0.35195002395 0.0 58.0
-8.746002 20.180576 0.35195002396 0.0 57.0
-9.196329 20.097502 0.35195002396 0.0 57.0
-9.196329 20.097502 0.35195002397 0.0 58.0
-9.646656 20.014427 0.35195002397 0.0 58.0
-7.432508 19.008724 0.0398 8.0 53.0
-7.882835 18.92565 0.0398 8.0 53.0
-7.882835 18.92565 0.0399 7.0 54.0
-8.333162 18.842575 0.0399 7.0 54.0
-8.333162 18.842575 0.0400 6.0 55.0
-8.783489 18.7595 0.0400 6.0 55.0
-8.783489 18.7595 0.0401 5.0 56.0
-9.233816 18.676426 0.0401 5.0 56.0
-9.233816 18.676426 0.0402 4.0 57.0
-9.538614 18.969389 0.17597501402 4.0 57.0
-9.538614 18.969389 0.17597501403 3.0 58.0
-9.843412 19.262352 0.35195002403 3.0 58.0
-9.843412 19.262352 0.35195002404 0.0 59.0
-10.233407 19.179277 0.5771135404 0.0 59.0
-10.233407 19.179277 0.5771135405 0.0 60.0
-10.683734 19.096203 0.5771135405 0.0 60.0
-9.843412 19.262352 0.35195002406 2.0 59.0
-10.195362 19.555315 0.35195002406 2.0 59.0
-10.195362 19.555315 0.35195002407 1.0 60.0
-10.547312 19.848278 0.35195002407 1.0 60.0
-10.547312 19.848278 0.35195002408 0.0 61.0
-10.547312 20.306204 0.35195002408 0.0 61.0
-10.547312 20.306204 0.35195002409 0.0 62.0
-10.547312 20.76413 0.35195002409 0.0 62.0
-10.547312 19.848278 0.35195002410 0.0 61.0
-10.997639 19.765203 0.35195002410 0.0 61.0
-10.997639 19.765203 0.35195002411 0.0 62.0
-11.447966 19.682129 0.35195002411 0.0 62.0
-9.233816 18.676426 0.0412 4.0 57.0
-9.458068 18.277168 0.0412 4.0 57.0
-9.458068 18.277168 0.0413 3.0 58.0
-9.68232 17.87791 0.0413 3.0 58.0
-9.68232 17.87791 0.0414 0.0 59.0
-9.540818 17.450127 -0.081696026414 0.0 59.0
-9.540818 17.450127 -0.081696026415 0.0 60.0
-9.377426 17.022343 -0.081696026415 0.0 60.0
-9.68232 17.87791 0.0416 2.0 59.0
-9.906571 17.478653 0.0416 2.0 59.0
-9.906571 17.478653 0.0417 1.0 60.0
-10.130823 17.079395 0.0417 1.0 60.0
-10.130823 17.079395 0.0418 0.0 61.0
-10.520818 16.99632 0.22516346418 0.0 61.0
-10.520818 16.99632 0.22516346419 0.0 62.0
-10.971145 16.913246 0.22516346419 0.0 62.0
-10.130823 17.079395 0.0420 0.0 61.0
-9.967431 16.651611 0.0420 0.0 61.0
-9.967431 16.651611 0.0421 0.0 62.0
-9.804039 16.223827 0.0421 0.0 62.0
