0.0 0.0 0.00 27.0 1.0
0.0 3.8598633 0.00 27.0 1.0
0.0 3.8598633 0.01 26.0 2.0
0.0 7.7197266 0.01 26.0 2.0
0.0 7.7197266 0.02 1.0 3.0
3.2204256 8.754307 -1.85931362 1.0 3.0
3.2204256 8.754307 -1.85931363 0.0 4.0
5.242665 11.827732 -3.0268543 0.0 4.0
5.242665 11.827732 -3.0268544 0.0 5.0
5.242665 15.687595 -3.0268544 0.0 5.0
0.0 7.7197266 0.05 1.0 3.0
-2.0222392 10.793152 1.16754045 1.0 3.0
-2.0222392 10.793152 1.16754046 0.0 4.0
-2.0222392 14.653015 1.16754046 0.0 4.0
-2.0222392 14.653015 1.16754047 0.0 5.0
0.0 17.72644 0.07 0.0 5.0
0.0 7.7197266 0.08 25.0 3.0
0.0 11.57959 0.08 25.0 3.0
0.0 11.57959 0.09 24.0 4.0
0.0 15.439453 0.09 24.0 4.0
0.0 15.439453 0.010 1.0 5.0
3.2204256 16.474033 -1.859313610 1.0 5.0
3.2204256 16.474033 -1.859313611 0.0 6.0
5.242665 19.547459 -3.02685411 0.0 6.0
5.242665 19.547459 -3.02685412 0.0 7.0
5.242665 23.407322 -3.02685412 0.0 7.0
0.0 15.439453 0.013 1.0 5.0
-2.0222392 18.512878 1.167540413 1.0 5.0
-2.0222392 18.512878 1.167540414 0.0 6.0
-2.0222392 22.372742 1.167540414 0.0 6.0
-2.0222392 22.372742 1.167540415 0.0 7.0
0.0 25.446167 0.015 0.0 7.0
0.0 15.439453 0.016 7.0 5.0
3.2204256 16.474033 -1.859313616 7.0 5.0
3.2204256 16.474033 -1.859313617 6.0 6.0
6.440851 17.508614 -3.718627217 6.0 6.0
6.440851 17.508614 -3.718627218 1.0 7.0
8.167228 14.203359 -4.71535118 1.0 7.0
8.167228 14.203359 -4.71535119 0.0 8.0
11.273531 12.777508 -6.50877619 0.0 8.0
11.273531 12.777508 -6.50877620 0.0 9.0
14.493957 13.812088 -8.3680920 0.0 9.0
6.440851 17.508614 -3.718627221 1.0 7.0
8.463091 20.582039 -4.886167521 1.0 7.0
8.463091 20.582039 -4.886167522 0.0 8.0
11.6835165 21.61662 -6.74548122 0.0 8.0
11.6835165 21.61662 -6.74548123 0.0 9.0
14.78982 20.190767 -8.53890623 0.0 9.0
6.440851 17.508614 -3.718627224 5.0 7.0
8.775932 20.582039 -3.718627224 5.0 7.0
8.775932 20.582039 -3.718627225 4.0 8.0
11.111013 23.655464 -3.718627225 4.0 8.0
11.111013 23.655464 -3.718627226 1.0 9.0
14.217317 22.229612 -5.51205226 1.0 9.0
14.217317 22.229612 -5.51205227 0.0 10.0
17.437742 23.264193 -7.371365527 0.0 10.0
17.437742 23.264193 -7.371365528 0.0 11.0
19.459982 26.337618 -8.53890628 0.0 11.0
11.111013 23.655464 -3.718627229 1.0 9.0
11.111013 27.515327 -3.718627229 1.0 9.0
11.111013 27.515327 -3.718627230 0.0 10.0
13.133253 30.588753 -4.886167530 0.0 10.0
13.133253 30.588753 -4.886167531 0.0 11.0
16.35368 31.623333 -6.74548131 0.0 11.0
11.111013 23.655464 -3.718627232 3.0 9.0
11.111013 27.515327 -3.718627232 3.0 9.0
11.111013 27.515327 -3.718627233 2.0 10.0
11.111013 31.37519 -3.718627233 2.0 10.0
11.111013 31.37519 -3.718627234 1.0 11.0
14.331439 32.40977 -5.57794134 1.0 11.0
14.331439 32.40977 -5.57794135 0.0 12.0
16.353678 35.483196 -6.745481535 0.0 12.0
16.353678 35.483196 -6.745481536 0.0 13.0
16.353678 39.34306 -6.745481536 0.0 13.0
11.111013 31.37519 -3.718627237 1.0 11.0
9.088774 34.448616 -2.55108737 1.0 11.0
9.088774 34.448616 -2.55108738 0.0 12.0
9.088774 38.30848 -2.55108738 0.0 12.0
9.088774 38.30848 -2.55108739 0.0 13.0
11.111013 41.381905 -3.718627539 0.0 13.0
0.0 15.439453 0.040 7.0 5.0
-2.0222392 18.512878 1.167540440 7.0 5.0
-2.0222392 18.512878 1.167540441 6.0 6.0
-4.0444784 21.586304 2.335080941 6.0 6.0
-4.0444784 21.586304 2.335080942 1.0 7.0
-2.0222392 24.659729 1.167540442 1.0 7.0
-2.0222392 24.659729 1.167540443 0.0 8.0
-2.0222392 28.519592 1.167540443 0.0 8.0
-2.0222392 28.519592 1.167540444 0.0 9.0
-4.0444784 31.593018 2.335080944 0.0 9.0
-4.0444784 21.586304 2.335080945 1.0 7.0
-7.264904 22.620884 4.194394645 1.0 7.0
-7.264904 22.620884 4.194394646 0.0 8.0
-9.287144 25.69431 5.36193546 0.0 8.0
-9.287144 25.69431 5.36193547 0.0 9.0
-9.287144 29.554173 5.36193547 0.0 9.0
-4.0444784 21.586304 2.335080948 5.0 7.0
-4.0444784 25.446167 2.335080948 5.0 7.0
-4.0444784 25.446167 2.335080949 4.0 8.0
-4.0444784 29.30603 2.335080949 4.0 8.0
-4.0444784 29.30603 2.335080950 1.0 9.0
-0.8240528 30.34061 0.4757672550 1.0 9.0
-0.8240528 30.34061 0.4757672551 0.0 10.0
1.1981864 33.414036 -0.691773251 0.0 10.0
1.1981864 33.414036 -0.691773252 0.0 11.0
1.1981864 37.2739 -0.691773252 0.0 11.0
-4.0444784 29.30603 2.335080953 1.0 9.0
-6.0667176 32.379456 3.502621253 1.0 9.0
-6.0667176 32.379456 3.502621254 0.0 10.0
-6.0667176 36.23932 3.502621254 0.0 10.0
-6.0667176 36.23932 3.502621255 0.0 11.0
-4.0444784 39.312744 2.335080655 0.0 11.0
-4.0444784 29.30603 2.335080956 3.0 9.0
-1.7093976 32.379456 2.335080956 3.0 9.0
-1.7093976 32.379456 2.335080957 2.0 10.0
0.6256833 35.45288 2.335080957 2.0 10.0
0.6256833 35.45288 2.335080958 1.0 11.0
3.7319863 34.02703 0.541655958 1.0 11.0
3.7319863 34.02703 0.541655959 0.0 12.0
6.9524117 35.06161 -1.317657759 0.0 12.0
6.9524117 35.06161 -1.317657760 0.0 13.0
8.974651 38.135036 -2.48519860 0.0 13.0
0.6256833 35.45288 2.335080961 1.0 11.0
0.6256833 39.312744 2.335080961 1.0 11.0
0.6256833 39.312744 2.335080962 0.0 12.0
2.6479225 42.38617 1.167540462 0.0 12.0
2.6479225 42.38617 1.167540463 0.0 13.0
5.868348 43.42075 -0.691773263 0.0 13.0
0.0 15.439453 0.064 23.0 5.0
0.0 19.299316 0.064 23.0 5.0
0.0 19.299316 0.065 22.0 6.0
0.0 23.15918 0.065 22.0 6.0
0.0 23.15918 0.066 1.0 7.0
3.2204256 24.19376 -1.859313666 1.0 7.0
3.2204256 24.19376 -1.859313667 0.0 8.0
5.242665 27.267185 -3.02685467 0.0 8.0
5.242665 27.267185 -3.02685468 0.0 9.0
5.242665 31.127048 -3.02685468 0.0 9.0
0.0 23.15918 0.069 1.0 7.0
-2.0222392 26.232605 1.167540469 1.0 7.0
-2.0222392 26.232605 1.167540470 0.0 8.0
-2.0222392 30.092468 1.167540470 0.0 8.0
-2.0222392 30.092468 1.167540471 0.0 9.0
0.0 33.165894 0.071 0.0 9.0
0.0 23.15918 0.072 21.0 7.0
0.0 27.019043 0.072 21.0 7.0
0.0 27.019043 0.073 20.0 8.0
0.0 30.878906 0.073 20.0 8.0
0.0 30.878906 0.074 1.0 9.0
3.2204256 31.913486 -1.859313674 1.0 9.0
3.2204256 31.913486 -1.859313675 0.0 10.0
5.242665 34.98691 -3.02685475 0.0 10.0
5.242665 34.98691 -3.02685476 0.0 11.0
5.242665 38.846775 -3.02685476 0.0 11.0
0.0 30.878906 0.077 1.0 9.0
-2.0222392 33.95233 1.167540477 1.0 9.0
-2.0222392 33.95233 1.167540478 0.0 10.0
-2.0222392 37.812195 1.167540478 0.0 10.0
-2.0222392 37.812195 1.167540479 0.0 11.0
0.0 40.88562 0.079 0.0 11.0
0.0 30.878906 0.080 7.0 9.0
3.2204256 31.913486 -1.859313680 7.0 9.0
3.2204256 31.913486 -1.859313681 6.0 10.0
6.440851 32.948067 -3.718627281 6.0 10.0
6.440851 32.948067 -3.718627282 1.0 11.0
8.167228 29.642813 -4.71535182 1.0 11.0
8.167228 29.642813 -4.71535183 0.0 12.0
11.273531 28.21696 -6.50877683 0.0 12.0
11.273531 28.21696 -6.50877684 0.0 13.0
14.493957 29.251541 -8.3680984 0.0 13.0
6.440851 32.948067 -3.718627285 1.0 11.0
8.463091 36.021492 -4.886167585 1.0 11.0
8.463091 36.021492 -4.886167586 0.0 12.0
11.6835165 37.056072 -6.74548186 0.0 12.0
11.6835165 37.056072 -6.74548187 0.0 13.0
14.78982 35.630222 -8.53890687 0.0 13.0
6.440851 32.948067 -3.718627288 5.0 11.0
8.775932 36.021492 -3.718627288 5.0 11.0
8.775932 36.021492 -3.718627289 4.0 12.0
11.111013 39.094917 -3.718627289 4.0 12.0
11.111013 39.094917 -3.718627290 1.0 13.0
14.217317 37.669067 -5.51205290 1.0 13.0
14.217317 37.669067 -5.51205291 0.0 14.0
17.437742 38.703648 -7.371365591 0.0 14.0
17.437742 38.703648 -7.371365592 0.0 15.0
19.459982 41.777073 -8.53890692 0.0 15.0
11.111013 39.094917 -3.718627293 1.0 13.0
11.111013 42.95478 -3.718627293 1.0 13.0
11.111013 42.95478 -3.718627294 0.0 14.0
13.133253 46.028206 -4.886167594 0.0 14.0
13.133253 46.028206 -4.886167595 0.0 15.0
16.35368 47.062786 -6.74548195 0.0 15.0
11.111013 39.094917 -3.718627296 3.0 13.0
11.111013 42.95478 -3.718627296 3.0 13.0
11.111013 42.95478 -3.718627297 2.0 14.0
11.111013 46.814644 -3.718627297 2.0 14.0
11.111013 46.814644 -3.718627298 1.0 15.0
14.331439 47.849224 -5.57794198 1.0 15.0
14.331439 47.849224 -5.57794199 0.0 16.0
16.353678 50.92265 -6.745481599 0.0 16.0
16.353678 50.92265 -6.7454815100 0.0 17.0
16.353678 54.782513 -6.7454815100 0.0 17.0
11.111013 46.814644 -3.7186272101 1.0 15.0
9.088774 49.88807 -2.551087101 1.0 15.0
9.088774 49.88807 -2.551087102 0.0 16.0
9.088774 53.747932 -2.551087102 0.0 16.0
9.088774 53.747932 -2.551087103 0.0 17.0
11.111013 56.821358 -3.7186275103 0.0 17.0
0.0 30.878906 0.0104 7.0 9.0
-2.0222392 33.95233 1.1675404104 7.0 9.0
-2.0222392 33.95233 1.1675404105 6.0 10.0
-4.0444784 37.025757 2.3350809105 6.0 10.0
-4.0444784 37.025757 2.3350809106 1.0 11.0
-2.0222392 40.099182 1.1675404106 1.0 11.0
-2.0222392 40.099182 1.1675404107 0.0 12.0
-2.0222392 43.959045 1.1675404107 0.0 12.0
-2.0222392 43.959045 1.1675404108 0.0 13.0
-4.0444784 47.03247 2.3350809108 0.0 13.0
-4.0444784 37.025757 2.3350809109 1.0 11.0
-7.264904 38.060337 4.1943946109 1.0 11.0
-7.264904 38.060337 4.1943946110 0.0 12.0
-9.287144 41.133762 5.361935110 0.0 12.0
-9.287144 41.133762 5.361935111 0.0 13.0
-9.287144 44.993626 5.361935111 0.0 13.0
-4.0444784 37.025757 2.3350809112 5.0 11.0
-4.0444784 40.88562 2.3350809112 5.0 11.0
-4.0444784 40.88562 2.3350809113 4.0 12.0
-4.0444784 44.745483 2.3350809113 4.0 12.0
-4.0444784 44.745483 2.3350809114 1.0 13.0
-0.8240528 45.780064 0.47576725114 1.0 13.0
-0.8240528 45.780064 0.47576725115 0.0 14.0
1.1981864 48.85349 -0.6917732115 0.0 14.0
1.1981864 48.85349 -0.6917732116 0.0 15.0
1.1981864 52.713352 -0.6917732116 0.0 15.0
-4.0444784 44.745483 2.3350809117 1.0 13.0
-6.0667176 47.81891 3.5026212117 1.0 13.0
-6.0667176 47.81891 3.5026212118 0.0 14.0
-6.0667176 51.678772 3.5026212118 0.0 14.0
-6.0667176 51.678772 3.5026212119 0.0 15.0
-4.0444784 54.752197 2.3350806119 0.0 15.0
-4.0444784 44.745483 2.3350809120 3.0 13.0
-1.7093976 47.81891 2.3350809120 3.0 13.0
-1.7093976 47.81891 2.3350809121 2.0 14.0
0.6256833 50.892334 2.3350809121 2.0 14.0
0.6256833 50.892334 2.3350809122 1.0 15.0
3.7319863 49.466484 0.5416559122 1.0 15.0
3.7319863 49.466484 0.5416559123 0.0 16.0
6.9524117 50.501064 -1.3176577123 0.0 16.0
6.9524117 50.501064 -1.3176577124 0.0 17.0
8.974651 53.57449 -2.485198124 0.0 17.0
0.6256833 50.892334 2.3350809125 1.0 15.0
0.6256833 54.752197 2.3350809125 1.0 15.0
0.6256833 54.752197 2.3350809126 0.0 16.0
2.6479225 57.825623 1.1675404126 0.0 16.0
2.6479225 57.825623 1.1675404127 0.0 17.0
5.868348 58.860203 -0.6917732127 0.0 17.0
0.0 30.878906 0.0128 19.0 9.0
3.2204256 31.913486 -1.8593136128 19.0 9.0
3.2204256 31.913486 -1.8593136129 18.0 10.0
6.440851 32.948067 -3.7186272129 18.0 10.0
6.440851 32.948067 -3.7186272130 1.0 11.0
8.167228 29.642813 -4.715351130 1.0 11.0
8.167228 29.642813 -4.715351131 0.0 12.0
11.273531 28.21696 -6.508776131 0.0 12.0
11.273531 28.21696 -6.508776132 0.0 13.0
14.493957 29.251541 -8.36809132 0.0 13.0
6.440851 32.948067 -3.7186272133 1.0 11.0
8.463091 36.021492 -4.8861675133 1.0 11.0
8.463091 36.021492 -4.8861675134 0.0 12.0
11.6835165 37.056072 -6.745481134 0.0 12.0
11.6835165 37.056072 -6.745481135 0.0 13.0
14.78982 35.630222 -8.538906135 0.0 13.0
6.440851 32.948067 -3.7186272136 17.0 11.0
10.159478 33.982647 -3.7186272136 17.0 11.0
10.159478 33.982647 -3.7186272137 16.0 12.0
13.878105 35.017227 -3.7186272137 16.0 12.0
13.878105 35.017227 -3.7186272138 1.0 13.0
15.604482 31.711973 -4.715351138 1.0 13.0
15.604482 31.711973 -4.715351139 0.0 14.0
18.710785 30.286121 -6.508776139 0.0 14.0
18.710785 30.286121 -6.508776140 0.0 15.0
21.93121 31.320702 -8.36809140 0.0 15.0
13.878105 35.017227 -3.7186272141 1.0 13.0
15.900345 38.090652 -4.8861675141 1.0 13.0
15.900345 38.090652 -4.8861675142 0.0 14.0
19.12077 39.125233 -6.745481142 0.0 14.0
19.12077 39.125233 -6.745481143 0.0 15.0
22.227072 37.699383 -8.538906143 0.0 15.0
13.878105 35.017227 -3.7186272144 7.0 13.0
15.604482 31.711973 -4.715351144 7.0 13.0
15.604482 31.711973 -4.715351145 6.0 14.0
17.330858 28.40672 -5.712075145 6.0 14.0
17.330858 28.40672 -5.712075146 1.0 15.0
15.0358925 25.600288 -4.3870764146 1.0 15.0
15.0358925 25.600288 -4.3870764147 0.0 16.0
14.678852 21.762506 -4.1809387147 0.0 16.0
14.678852 21.762506 -4.1809387148 0.0 17.0
16.405228 18.457253 -5.177663148 0.0 17.0
17.330858 28.40672 -5.712075149 1.0 15.0
20.43716 26.980867 -7.5055003149 1.0 15.0
20.43716 26.980867 -7.5055003150 0.0 16.0
22.163536 23.675613 -8.502224150 0.0 16.0
22.163536 23.675613 -8.502224151 0.0 17.0
21.806496 19.837831 -8.296086151 0.0 17.0
17.330858 28.40672 -5.712075152 5.0 15.0
20.917707 26.980867 -5.712075152 5.0 15.0
20.917707 26.980867 -5.712075153 4.0 16.0
24.504557 25.555016 -5.712075153 4.0 16.0
24.504557 25.555016 -5.712075154 1.0 17.0
24.147516 21.717234 -5.5059376154 1.0 17.0
24.147516 21.717234 -5.5059376155 0.0 18.0
25.873894 18.41198 -6.5026617155 0.0 18.0
25.873894 18.41198 -6.5026617156 0.0 19.0
28.980196 16.986128 -8.296086156 0.0 19.0
24.504557 25.555016 -5.712075157 1.0 17.0
27.724983 26.589596 -7.5713887157 1.0 17.0
27.724983 26.589596 -7.5713887158 0.0 18.0
30.831285 25.163744 -9.364814158 0.0 18.0
30.831285 25.163744 -9.364814159 0.0 19.0
32.557663 21.85849 -10.361538159 0.0 19.0
24.504557 25.555016 -5.712075160 3.0 17.0
28.223185 26.589596 -5.712075160 3.0 17.0
28.223185 26.589596 -5.712075161 2.0 18.0
31.941813 27.624176 -5.712075161 2.0 18.0
31.941813 27.624176 -5.712075162 1.0 19.0
33.66819 24.318922 -6.7087994162 1.0 19.0
33.66819 24.318922 -6.7087994163 0.0 20.0
36.774494 22.89307 -8.502224163 0.0 20.0
36.774494 22.89307 -8.502224164 0.0 21.0
39.99492 23.92765 -10.361538164 0.0 21.0
31.941813 27.624176 -5.712075165 1.0 19.0
33.96405 30.697601 -6.879616165 1.0 19.0
33.96405 30.697601 -6.879616166 0.0 20.0
37.184475 31.732182 -8.73893166 0.0 20.0
37.184475 31.732182 -8.73893167 0.0 21.0
40.29078 30.30633 -10.532354167 0.0 21.0
13.878105 35.017227 -3.7186272168 7.0 13.0
15.900345 38.090652 -4.8861675168 7.0 13.0
15.900345 38.090652 -4.8861675169 6.0 14.0
17.922585 41.164078 -6.053708169 6.0 14.0
17.922585 41.164078 -6.053708170 1.0 15.0
21.028887 39.738228 -7.847133170 1.0 15.0
21.028887 39.738228 -7.847133171 0.0 16.0
24.249313 40.772808 -9.706447171 0.0 16.0
24.249313 40.772808 -9.706447172 0.0 17.0
26.271553 43.846233 -10.873987172 0.0 17.0
17.922585 41.164078 -6.053708173 1.0 15.0
17.922585 45.02394 -6.053708173 1.0 15.0
17.922585 45.02394 -6.053708174 0.0 16.0
19.944824 48.097366 -7.2212486174 0.0 16.0
19.944824 48.097366 -7.2212486175 0.0 17.0
23.165249 49.131947 -9.080563175 0.0 17.0
17.922585 41.164078 -6.053708176 5.0 15.0
21.641212 42.198658 -6.053708176 5.0 15.0
21.641212 42.198658 -6.053708177 4.0 16.0
25.35984 43.23324 -6.053708177 4.0 16.0
25.35984 43.23324 -6.053708178 1.0 17.0
27.086216 39.927982 -7.050432178 1.0 17.0
27.086216 39.927982 -7.050432179 0.0 18.0
30.192518 38.502132 -8.843857179 0.0 18.0
30.192518 38.502132 -8.843857180 0.0 19.0
33.412945 39.536713 -10.703171180 0.0 19.0
25.35984 43.23324 -6.053708181 1.0 17.0
27.38208 46.306664 -7.2212486181 1.0 17.0
27.38208 46.306664 -7.2212486182 0.0 18.0
30.602505 47.341244 -9.080563182 0.0 18.0
30.602505 47.341244 -9.080563183 0.0 19.0
33.70881 45.915394 -10.873987183 0.0 19.0
25.35984 43.23324 -6.053708184 3.0 17.0
28.94669 41.80739 -6.053708184 3.0 17.0
28.94669 41.80739 -6.053708185 2.0 18.0
32.53354 40.38154 -6.053708185 2.0 18.0
32.53354 40.38154 -6.053708186 1.0 19.0
32.1765 36.543755 -5.8475704186 1.0 19.0
32.1765 36.543755 -5.8475704187 0.0 20.0
33.902874 33.2385 -6.8442945187 0.0 20.0
33.902874 33.2385 -6.8442945188 0.0 21.0
37.00918 31.812647 -8.637719188 0.0 21.0
32.53354 40.38154 -6.053708189 1.0 19.0
35.753963 41.41612 -7.9130216189 1.0 19.0
35.753963 41.41612 -7.9130216190 0.0 20.0
38.860268 39.99027 -9.706447190 0.0 20.0
38.860268 39.99027 -9.706447191 0.0 21.0
40.586643 36.685013 -10.703171191 0.0 21.0
13.878105 35.017227 -3.7186272192 15.0 13.0
16.213186 38.090652 -3.7186272192 15.0 13.0
16.213186 38.090652 -3.7186272193 14.0 14.0
18.548267 41.164078 -3.7186272193 14.0 14.0
18.548267 41.164078 -3.7186272194 1.0 15.0
21.65457 39.738228 -5.512052194 1.0 15.0
21.65457 39.738228 -5.512052195 0.0 16.0
24.874996 40.772808 -7.3713655195 0.0 16.0
24.874996 40.772808 -7.3713655196 0.0 17.0
26.897236 43.846233 -8.538906196 0.0 17.0
18.548267 41.164078 -3.7186272197 1.0 15.0
18.548267 45.02394 -3.7186272197 1.0 15.0
18.548267 45.02394 -3.7186272198 0.0 16.0
20.570507 48.097366 -4.8861675198 0.0 16.0
20.570507 48.097366 -4.8861675199 0.0 17.0
23.790932 49.131947 -6.745481199 0.0 17.0
18.548267 41.164078 -3.7186272200 13.0 15.0
20.883348 44.237503 -3.7186272200 13.0 15.0
20.883348 44.237503 -3.7186272201 12.0 16.0
23.21843 47.31093 -3.7186272201 12.0 16.0
23.21843 47.31093 -3.7186272202 1.0 17.0
26.324732 45.88508 -5.512052202 1.0 17.0
26.324732 45.88508 -5.512052203 0.0 18.0
29.545158 46.91966 -7.3713655203 0.0 18.0
29.545158 46.91966 -7.3713655204 0.0 19.0
31.567398 49.993084 -8.538906204 0.0 19.0
23.21843 47.31093 -3.7186272205 1.0 17.0
23.21843 51.17079 -3.7186272205 1.0 17.0
23.21843 51.17079 -3.7186272206 0.0 18.0
25.24067 54.244217 -4.8861675206 0.0 18.0
25.24067 54.244217 -4.8861675207 0.0 19.0
28.461094 55.278797 -6.745481207 0.0 19.0
23.21843 47.31093 -3.7186272208 7.0 17.0
26.324732 45.88508 -5.512052208 7.0 17.0
26.324732 45.88508 -5.512052209 6.0 18.0
29.431034 44.45923 -7.305477209 6.0 18.0
29.431034 44.45923 -7.305477210 1.0 19.0
29.073994 40.621445 -7.0993395210 1.0 19.0
29.073994 40.621445 -7.0993395211 0.0 20.0
30.80037 37.31619 -8.096064211 0.0 20.0
30.80037 37.31619 -8.096064212 0.0 21.0
33.906673 35.89034 -9.889488212 0.0 21.0
29.431034 44.45923 -7.305477213 1.0 19.0
32.65146 45.49381 -9.164791213 1.0 19.0
32.65146 45.49381 -9.164791214 0.0 20.0
35.757763 44.06796 -10.958216214 0.0 20.0
35.757763 44.06796 -10.958216215 0.0 21.0
37.48414 40.762703 -11.95494215 0.0 21.0
29.431034 44.45923 -7.305477216 5.0 19.0
33.149662 45.49381 -7.305477216 5.0 19.0
33.149662 45.49381 -7.305477217 4.0 20.0
36.86829 46.52839 -7.305477217 4.0 20.0
36.86829 46.52839 -7.305477218 1.0 21.0
38.594666 43.223133 -8.302201218 1.0 21.0
38.594666 43.223133 -8.302201219 0.0 22.0
41.70097 41.797283 -10.095626219 0.0 22.0
41.70097 41.797283 -10.095626220 0.0 23.0
44.921394 42.831863 -11.95494220 0.0 23.0
36.86829 46.52839 -7.305477221 1.0 21.0
38.89053 49.601814 -8.473018221 1.0 21.0
38.89053 49.601814 -8.473018222 0.0 22.0
42.110954 50.636395 -10.332332222 0.0 22.0
42.110954 50.636395 -10.332332223 0.0 23.0
45.21726 49.210545 -12.125756223 0.0 23.0
36.86829 46.52839 -7.305477224 3.0 21.0
39.20337 49.601814 -7.305477224 3.0 21.0
39.20337 49.601814 -7.305477225 2.0 22.0
41.53845 52.67524 -7.305477225 2.0 22.0
41.53845 52.67524 -7.305477226 1.0 23.0
44.644753 51.24939 -9.098902226 1.0 23.0
44.644753 51.24939 -9.098902227 0.0 24.0
47.865177 52.28397 -10.958216227 0.0 24.0
47.865177 52.28397 -10.958216228 0.0 25.0
49.887417 55.357395 -12.125756228 0.0 25.0
41.53845 52.67524 -7.305477229 1.0 23.0
41.53845 56.535103 -7.305477229 1.0 23.0
41.53845 56.535103 -7.305477230 0.0 24.0
43.560688 59.60853 -8.473018230 0.0 24.0
43.560688 59.60853 -8.473018231 0.0 25.0
46.781113 60.64311 -10.332332231 0.0 25.0
23.21843 47.31093 -3.7186272232 7.0 17.0
23.21843 51.17079 -3.7186272232 7.0 17.0
23.21843 51.17079 -3.7186272233 6.0 18.0
23.21843 55.030655 -3.7186272233 6.0 18.0
23.21843 55.030655 -3.7186272234 1.0 19.0
26.438854 56.065235 -5.577941234 1.0 19.0
26.438854 56.065235 -5.577941235 0.0 20.0
28.461094 59.13866 -6.7454815235 0.0 20.0
28.461094 59.13866 -6.7454815236 0.0 21.0
28.461094 62.998524 -6.7454815236 0.0 21.0
23.21843 55.030655 -3.7186272237 1.0 19.0
21.19619 58.10408 -2.551087237 1.0 19.0
21.19619 58.10408 -2.551087238 0.0 20.0
21.19619 61.963943 -2.551087238 0.0 20.0
21.19619 61.963943 -2.551087239 0.0 21.0
23.21843 65.03737 -3.7186275239 0.0 21.0
23.21843 55.030655 -3.7186272240 5.0 19.0
25.55351 58.10408 -3.7186272240 5.0 19.0
25.55351 58.10408 -3.7186272241 4.0 20.0
27.888592 61.177505 -3.7186272241 4.0 20.0
27.888592 61.177505 -3.7186272242 1.0 21.0
30.994894 59.751656 -5.512052242 1.0 21.0
30.994894 59.751656 -5.512052243 0.0 22.0
34.21532 60.786236 -7.3713655243 0.0 22.0
34.21532 60.786236 -7.3713655244 0.0 23.0
36.23756 63.85966 -8.538906244 0.0 23.0
27.888592 61.177505 -3.7186272245 1.0 21.0
27.888592 65.03737 -3.7186272245 1.0 21.0
27.888592 65.03737 -3.7186272246 0.0 22.0
29.910831 68.110794 -4.8861675246 0.0 22.0
29.910831 68.110794 -4.8861675247 0.0 23.0
33.131256 69.14537 -6.745481247 0.0 23.0
27.888592 61.177505 -3.7186272248 3.0 21.0
31.60722 62.212086 -3.7186272248 3.0 21.0
31.60722 62.212086 -3.7186272249 2.0 22.0
35.325848 63.246666 -3.7186272249 2.0 22.0
35.325848 63.246666 -3.7186272250 1.0 23.0
37.052223 59.94141 -4.715351250 1.0 23.0
37.052223 59.94141 -4.715351251 0.0 24.0
40.158527 58.51556 -6.508776251 0.0 24.0
40.158527 58.51556 -6.508776252 0.0 25.0
43.378952 59.55014 -8.36809252 0.0 25.0
35.325848 63.246666 -3.7186272253 1.0 23.0
37.348087 66.32009 -4.8861675253 1.0 23.0
37.348087 66.32009 -4.8861675254 0.0 24.0
40.568512 67.354675 -6.745481254 0.0 24.0
40.568512 67.354675 -6.745481255 0.0 25.0
43.674816 65.928825 -8.538906255 0.0 25.0
23.21843 47.31093 -3.7186272256 11.0 17.0
23.21843 51.17079 -3.7186272256 11.0 17.0
23.21843 51.17079 -3.7186272257 10.0 18.0
23.21843 55.030655 -3.7186272257 10.0 18.0
23.21843 55.030655 -3.7186272258 1.0 19.0
26.438854 56.065235 -5.577941258 1.0 19.0
26.438854 56.065235 -5.577941259 0.0 20.0
28.461094 59.13866 -6.7454815259 0.0 20.0
28.461094 59.13866 -6.7454815260 0.0 21.0
28.461094 62.998524 -6.7454815260 0.0 21.0
23.21843 55.030655 -3.7186272261 1.0 19.0
21.19619 58.10408 -2.551087261 1.0 19.0
21.19619 58.10408 -2.551087262 0.0 20.0
21.19619 61.963943 -2.551087262 0.0 20.0
21.19619 61.963943 -2.551087263 0.0 21.0
23.21843 65.03737 -3.7186275263 0.0 21.0
23.21843 55.030655 -3.7186272264 9.0 19.0
23.21843 58.89052 -3.7186272264 9.0 19.0
23.21843 58.89052 -3.7186272265 8.0 20.0
23.21843 62.75038 -3.7186272265 8.0 20.0
23.21843 62.75038 -3.7186272266 1.0 21.0
26.438854 63.78496 -5.577941266 1.0 21.0
26.438854 63.78496 -5.577941267 0.0 22.0
28.461094 66.85838 -6.7454815267 0.0 22.0
28.461094 66.85838 -6.7454815268 0.0 23.0
28.461094 70.71825 -6.7454815268 0.0 23.0
23.21843 62.75038 -3.7186272269 1.0 21.0
21.19619 65.82381 -2.551087269 1.0 21.0
21.19619 65.82381 -2.551087270 0.0 22.0
21.19619 69.68367 -2.551087270 0.0 22.0
21.19619 69.68367 -2.551087271 0.0 23.0
23.21843 72.757095 -3.7186275271 0.0 23.0
23.21843 62.75038 -3.7186272272 7.0 21.0
26.438854 63.78496 -5.577941272 7.0 21.0
26.438854 63.78496 -5.577941273 6.0 22.0
29.659279 64.81954 -7.4372544273 6.0 22.0
29.659279 64.81954 -7.4372544274 1.0 23.0
31.385654 61.514286 -8.433978274 1.0 23.0
31.385654 61.514286 -8.433978275 0.0 24.0
34.49196 60.088436 -10.227403275 0.0 24.0
34.49196 60.088436 -10.227403276 0.0 25.0
37.712383 61.123016 -12.086717276 0.0 25.0
29.659279 64.81954 -7.4372544277 1.0 23.0
31.681519 67.89297 -8.6047945277 1.0 23.0
31.681519 67.89297 -8.6047945278 0.0 24.0
34.901943 68.92755 -10.464108278 0.0 24.0
34.901943 68.92755 -10.464108279 0.0 25.0
38.008247 67.5017 -12.257533279 0.0 25.0
29.659279 64.81954 -7.4372544280 5.0 23.0
31.99436 67.89297 -7.4372544280 5.0 23.0
31.99436 67.89297 -7.4372544281 4.0 24.0
34.32944 70.96639 -7.4372544281 4.0 24.0
34.32944 70.96639 -7.4372544282 1.0 25.0
37.435745 69.54054 -9.2306795282 1.0 25.0
37.435745 69.54054 -9.2306795283 0.0 26.0
40.65617 70.57512 -11.0899935283 0.0 26.0
40.65617 70.57512 -11.0899935284 0.0 27.0
42.67841 73.648544 -12.257534284 0.0 27.0
34.32944 70.96639 -7.4372544285 1.0 25.0
34.32944 74.826256 -7.4372544285 1.0 25.0
34.32944 74.826256 -7.4372544286 0.0 26.0
36.35168 77.89968 -8.6047945286 0.0 26.0
36.35168 77.89968 -8.6047945287 0.0 27.0
39.572105 78.934265 -10.464108287 0.0 27.0
34.32944 70.96639 -7.4372544288 3.0 25.0
34.32944 74.826256 -7.4372544288 3.0 25.0
34.32944 74.826256 -7.4372544289 2.0 26.0
34.32944 78.68612 -7.4372544289 2.0 26.0
34.32944 78.68612 -7.4372544290 1.0 27.0
37.549866 79.7207 -9.296568290 1.0 27.0
37.549866 79.7207 -9.296568291 0.0 28.0
39.572105 82.79413 -10.464108291 0.0 28.0
39.572105 82.79413 -10.464108292 0.0 29.0
39.572105 86.65399 -10.464108292 0.0 29.0
34.32944 78.68612 -7.4372544293 1.0 27.0
32.3072 81.759544 -6.269714293 1.0 27.0
32.3072 81.759544 -6.269714294 0.0 28.0
32.3072 85.61941 -6.269714294 0.0 28.0
32.3072 85.61941 -6.269714295 0.0 29.0
34.32944 88.69283 -7.4372544295 0.0 29.0
23.21843 62.75038 -3.7186272296 7.0 21.0
21.19619 65.82381 -2.551087296 7.0 21.0
21.19619 65.82381 -2.551087297 6.0 22.0
19.17395 68.89723 -1.3835465297 6.0 22.0
19.17395 68.89723 -1.3835465298 1.0 23.0
21.19619 71.97066 -2.551087298 1.0 23.0
21.19619 71.97066 -2.551087299 0.0 24.0
21.19619 75.83052 -2.551087299 0.0 24.0
21.19619 75.83052 -2.551087300 0.0 25.0
19.17395 78.903946 -1.3835465300 0.0 25.0
19.17395 68.89723 -1.3835465301 1.0 23.0
15.953525 69.93181 0.47576714301 1.0 23.0
15.953525 69.93181 0.47576714302 0.0 24.0
13.931286 73.00523 1.6433076302 0.0 24.0
13.931286 73.00523 1.6433076303 0.0 25.0
13.931286 76.8651 1.6433076303 0.0 25.0
19.17395 68.89723 -1.3835465304 5.0 23.0
19.17395 72.757095 -1.3835465304 5.0 23.0
19.17395 72.757095 -1.3835465305 4.0 24.0
19.17395 76.61696 -1.3835465305 4.0 24.0
19.17395 76.61696 -1.3835465306 1.0 25.0
22.394375 77.651535 -3.24286306 1.0 25.0
22.394375 77.651535 -3.24286307 0.0 26.0
24.416615 80.72496 -4.4104004307 0.0 26.0
24.416615 80.72496 -4.4104004308 0.0 27.0
24.416615 84.58482 -4.4104004308 0.0 27.0
19.17395 76.61696 -1.3835465309 1.0 25.0
17.15171 79.690384 -0.21600604309 1.0 25.0
17.15171 79.690384 -0.21600604310 0.0 26.0
17.15171 83.55025 -0.21600604310 0.0 26.0
17.15171 83.55025 -0.21600604311 0.0 27.0
19.17395 86.62367 -1.3835465311 0.0 27.0
19.17395 76.61696 -1.3835465312 3.0 25.0
21.509031 79.690384 -1.3835465312 3.0 25.0
21.509031 79.690384 -1.3835465313 2.0 26.0
23.844112 82.76381 -1.3835465313 2.0 26.0
23.844112 82.76381 -1.3835465314 1.0 27.0
26.950415 81.33796 -3.1769714314 1.0 27.0
26.950415 81.33796 -3.1769714315 0.0 28.0
30.170841 82.37254 -5.036285315 0.0 28.0
30.170841 82.37254 -5.036285316 0.0 29.0
32.19308 85.44597 -6.2038255316 0.0 29.0
23.844112 82.76381 -1.3835465317 1.0 27.0
23.844112 86.62367 -1.3835465317 1.0 27.0
23.844112 86.62367 -1.3835465318 0.0 28.0
25.866352 89.6971 -2.551087318 0.0 28.0
25.866352 89.6971 -2.551087319 0.0 29.0
29.086777 90.731674 -4.4104004319 0.0 29.0
0.0 30.878906 0.0320 19.0 9.0
-2.0222392 33.95233 1.1675404320 19.0 9.0
-2.0222392 33.95233 1.1675404321 18.0 10.0
-4.0444784 37.025757 2.3350809321 18.0 10.0
-4.0444784 37.025757 2.3350809322 1.0 11.0
-2.0222392 40.099182 1.1675404322 1.0 11.0
-2.0222392 40.099182 1.1675404323 0.0 12.0
-2.0222392 43.959045 1.1675404323 0.0 12.0
-2.0222392 43.959045 1.1675404324 0.0 13.0
-4.0444784 47.03247 2.3350809324 0.0 13.0
-4.0444784 37.025757 2.3350809325 1.0 11.0
-7.264904 38.060337 4.1943946325 1.0 11.0
-7.264904 38.060337 4.1943946326 0.0 12.0
-9.287144 41.133762 5.361935326 0.0 12.0
-9.287144 41.133762 5.361935327 0.0 13.0
-9.287144 44.993626 5.361935327 0.0 13.0
-4.0444784 37.025757 2.3350809328 17.0 11.0
-6.3795595 40.099182 2.3350809328 17.0 11.0
-6.3795595 40.099182 2.3350809329 16.0 12.0
-8.714641 43.172607 2.3350809329 16.0 12.0
-8.714641 43.172607 2.3350809330 1.0 13.0
-6.6924014 46.246033 1.1675404330 1.0 13.0
-6.6924014 46.246033 1.1675404331 0.0 14.0
-6.6924014 50.105896 1.1675404331 0.0 14.0
-6.6924014 50.105896 1.1675404332 0.0 15.0
-8.714641 53.17932 2.3350809332 0.0 15.0
-8.714641 43.172607 2.3350809333 1.0 13.0
-11.935066 44.207188 4.1943946333 1.0 13.0
-11.935066 44.207188 4.1943946334 0.0 14.0
-13.957306 47.280613 5.361935334 0.0 14.0
-13.957306 47.280613 5.361935335 0.0 15.0
-13.957306 51.140476 5.361935335 0.0 15.0
-8.714641 43.172607 2.3350809336 7.0 13.0
-6.6924014 46.246033 1.1675404336 7.0 13.0
-6.6924014 46.246033 1.1675404337 6.0 14.0
-4.670162 49.319458 0.0337 6.0 14.0
-4.670162 49.319458 0.0338 1.0 15.0
-1.5638592 47.89361 -1.793425338 1.0 15.0
-1.5638592 47.89361 -1.793425339 0.0 16.0
1.6565664 48.92819 -3.6527386339 0.0 16.0
1.6565664 48.92819 -3.6527386340 0.0 17.0
3.6788056 52.001614 -4.820279340 0.0 17.0
-4.670162 49.319458 0.0341 1.0 15.0
-4.670162 53.17932 0.0341 1.0 15.0
-4.670162 53.17932 0.0342 0.0 16.0
-2.647923 56.252747 -1.1675404342 0.0 16.0
-2.647923 56.252747 -1.1675404343 0.0 17.0
0.5725026 57.287327 -3.026854343 0.0 17.0
-4.670162 49.319458 0.0344 5.0 15.0
-4.670162 53.17932 0.0344 5.0 15.0
-4.670162 53.17932 0.0345 4.0 16.0
-4.670162 57.039185 0.0345 4.0 16.0
-4.670162 57.039185 0.0346 1.0 17.0
-1.4497366 58.073765 -1.8593136346 1.0 17.0
-1.4497366 58.073765 -1.8593136347 0.0 18.0
0.5725026 61.14719 -3.026854347 0.0 18.0
0.5725026 61.14719 -3.026854348 0.0 19.0
0.5725026 65.00705 -3.026854348 0.0 19.0
-4.670162 57.039185 0.0349 1.0 17.0
-6.6924014 60.11261 1.1675404349 1.0 17.0
-6.6924014 60.11261 1.1675404350 0.0 18.0
-6.6924014 63.972473 1.1675404350 0.0 18.0
-6.6924014 63.972473 1.1675404351 0.0 19.0
-4.670162 67.0459 0.0351 0.0 19.0
-4.670162 57.039185 0.0352 3.0 17.0
-7.0052433 60.11261 0.0352 3.0 17.0
-7.0052433 60.11261 0.0353 2.0 18.0
-9.340324 63.186035 0.0353 2.0 18.0
-9.340324 63.186035 0.0354 1.0 19.0
-7.318085 66.25946 -1.1675404354 1.0 19.0
-7.318085 66.25946 -1.1675404355 0.0 20.0
-7.318085 70.11932 -1.1675404355 0.0 20.0
-7.318085 70.11932 -1.1675404356 0.0 21.0
-9.340324 73.19275 0.0356 0.0 21.0
-9.340324 63.186035 0.0357 1.0 19.0
-12.56075 64.22061 1.8593136357 1.0 19.0
-12.56075 64.22061 1.8593136358 0.0 20.0
-14.582989 67.29404 3.026854358 0.0 20.0
-14.582989 67.29404 3.026854359 0.0 21.0
-14.582989 71.1539 3.026854359 0.0 21.0
-8.714641 43.172607 2.3350809360 7.0 13.0
-11.935066 44.207188 4.1943946360 7.0 13.0
-11.935066 44.207188 4.1943946361 6.0 14.0
-15.155492 45.241768 6.053708361 6.0 14.0
-15.155492 45.241768 6.053708362 1.0 15.0
-15.155492 49.10163 6.053708362 1.0 15.0
-15.155492 49.10163 6.053708363 0.0 16.0
-17.17773 52.175056 7.2212486363 0.0 16.0
-17.17773 52.175056 7.2212486364 0.0 17.0
-20.398155 53.209637 9.080563364 0.0 17.0
-15.155492 45.241768 6.053708365 1.0 15.0
-18.261795 43.815918 7.847133365 1.0 15.0
-18.261795 43.815918 7.847133366 0.0 16.0
-21.48222 44.8505 9.706447366 0.0 16.0
-21.48222 44.8505 9.706447367 0.0 17.0
-23.50446 47.923923 10.873987367 0.0 17.0
-15.155492 45.241768 6.053708368 5.0 15.0
-17.490572 48.315193 6.053708368 5.0 15.0
-17.490572 48.315193 6.053708369 4.0 16.0
-19.825653 51.38862 6.053708369 4.0 16.0
-19.825653 51.38862 6.053708370 1.0 17.0
-17.803413 54.462044 4.8861675370 1.0 17.0
-17.803413 54.462044 4.8861675371 0.0 18.0
-17.803413 58.321907 4.8861675371 0.0 18.0
-17.803413 58.321907 4.8861675372 0.0 19.0
-19.825653 61.395332 6.053708372 0.0 19.0
-19.825653 51.38862 6.053708373 1.0 17.0
-23.046078 52.4232 7.9130216373 1.0 17.0
-23.046078 52.4232 7.9130216374 0.0 18.0
-25.068317 55.496624 9.080562374 0.0 18.0
-25.068317 55.496624 9.080562375 0.0 19.0
-25.068317 59.356487 9.080562375 0.0 19.0
-19.825653 51.38862 6.053708376 3.0 17.0
-19.825653 55.24848 6.053708376 3.0 17.0
-19.825653 55.24848 6.053708377 2.0 18.0
-19.825653 59.108345 6.053708377 2.0 18.0
-19.825653 59.108345 6.053708378 1.0 19.0
-16.605228 60.142925 4.1943946378 1.0 19.0
-16.605228 60.142925 4.1943946379 0.0 20.0
-14.582989 63.21635 3.026854379 0.0 20.0
-14.582989 63.21635 3.026854380 0.0 21.0
-14.582989 67.07622 3.026854380 0.0 21.0
-19.825653 59.108345 6.053708381 1.0 19.0
-21.847893 62.18177 7.2212486381 1.0 19.0
-21.847893 62.18177 7.2212486382 0.0 20.0
-21.847893 66.04163 7.2212486382 0.0 20.0
-21.847893 66.04163 7.2212486383 0.0 21.0
-19.825653 69.11506 6.053708383 0.0 21.0
-8.714641 43.172607 2.3350809384 15.0 13.0
-8.714641 47.03247 2.3350809384 15.0 13.0
-8.714641 47.03247 2.3350809385 14.0 14.0
-8.714641 50.892334 2.3350809385 14.0 14.0
-8.714641 50.892334 2.3350809386 1.0 15.0
-5.494215 51.926914 0.47576725386 1.0 15.0
-5.494215 51.926914 0.47576725387 0.0 16.0
-3.4719758 55.00034 -0.6917732387 0.0 16.0
-3.4719758 55.00034 -0.6917732388 0.0 17.0
-3.4719758 58.860203 -0.6917732388 0.0 17.0
-8.714641 50.892334 2.3350809389 1.0 15.0
-10.736879 53.96576 3.5026212389 1.0 15.0
-10.736879 53.96576 3.5026212390 0.0 16.0
-10.736879 57.825623 3.5026212390 0.0 16.0
-10.736879 57.825623 3.5026212391 0.0 17.0
-8.71464 60.899048 2.3350806391 0.0 17.0
-8.714641 50.892334 2.3350809392 13.0 15.0
-8.714641 54.752197 2.3350809392 13.0 15.0
-8.714641 54.752197 2.3350809393 12.0 16.0
-8.714641 58.61206 2.3350809393 12.0 16.0
-8.714641 58.61206 2.3350809394 1.0 17.0
-5.494215 59.64664 0.47576725394 1.0 17.0
-5.494215 59.64664 0.47576725395 0.0 18.0
-3.4719758 62.720066 -0.6917732395 0.0 18.0
-3.4719758 62.720066 -0.6917732396 0.0 19.0
-3.4719758 66.579926 -0.6917732396 0.0 19.0
-8.714641 58.61206 2.3350809397 1.0 17.0
-10.736879 61.685486 3.5026212397 1.0 17.0
-10.736879 61.685486 3.5026212398 0.0 18.0
-10.736879 65.54535 3.5026212398 0.0 18.0
-10.736879 65.54535 3.5026212399 0.0 19.0
-8.71464 68.618774 2.3350806399 0.0 19.0
-8.714641 58.61206 2.3350809400 7.0 17.0
-5.494215 59.64664 0.47576725400 7.0 17.0
-5.494215 59.64664 0.47576725401 6.0 18.0
-2.2737894 60.68122 -1.3835464401 6.0 18.0
-2.2737894 60.68122 -1.3835464402 1.0 19.0
-0.5474129 57.375965 -2.3802705402 1.0 19.0
-0.5474129 57.375965 -2.3802705403 0.0 20.0
2.55889 55.950115 -4.1736956403 0.0 20.0
2.55889 55.950115 -4.1736956404 0.0 21.0
5.779316 56.984695 -6.033009404 0.0 21.0
-2.2737894 60.68122 -1.3835464405 1.0 19.0
-0.2515502 63.754646 -2.551087405 1.0 19.0
-0.2515502 63.754646 -2.551087406 0.0 20.0
2.9688754 64.78923 -4.4104004406 0.0 20.0
2.9688754 64.78923 -4.4104004407 0.0 21.0
6.075178 63.36338 -6.2038255407 0.0 21.0
-2.2737894 60.68122 -1.3835464408 5.0 19.0
0.061291456 63.754646 -1.3835464408 5.0 19.0
0.061291456 63.754646 -1.3835464409 4.0 20.0
2.3963723 66.82807 -1.3835464409 4.0 20.0
2.3963723 66.82807 -1.3835464410 1.0 21.0
5.502675 65.40222 -3.1769714410 1.0 21.0
5.502675 65.40222 -3.1769714411 0.0 22.0
8.723101 66.4368 -5.036285411 0.0 22.0
8.723101 66.4368 -5.036285412 0.0 23.0
10.74534 69.51022 -6.2038255412 0.0 23.0
2.3963723 66.82807 -1.3835464413 1.0 21.0
2.3963723 70.687935 -1.3835464413 1.0 21.0
2.3963723 70.687935 -1.3835464414 0.0 22.0
4.4186115 73.76136 -2.551087414 0.0 22.0
4.4186115 73.76136 -2.551087415 0.0 23.0
7.639037 74.795944 -4.4104004415 0.0 23.0
2.3963723 66.82807 -1.3835464416 3.0 21.0
2.3963723 70.687935 -1.3835464416 3.0 21.0
2.3963723 70.687935 -1.3835464417 2.0 22.0
2.3963723 74.5478 -1.3835464417 2.0 22.0
2.3963723 74.5478 -1.3835464418 1.0 23.0
5.616798 75.58238 -3.2428598418 1.0 23.0
5.616798 75.58238 -3.2428598419 0.0 24.0
7.639037 78.65581 -4.4104004419 0.0 24.0
7.639037 78.65581 -4.4104004420 0.0 25.0
7.639037 82.51567 -4.4104004420 0.0 25.0
2.3963723 74.5478 -1.3835464421 1.0 23.0
0.3741331 77.62122 -0.21600592421 1.0 23.0
0.3741331 77.62122 -0.21600592422 0.0 24.0
0.3741331 81.48109 -0.21600592422 0.0 24.0
0.3741331 81.48109 -0.21600592423 0.0 25.0
2.3963723 84.55451 -1.3835464423 0.0 25.0
-8.714641 58.61206 2.3350809424 7.0 17.0
-10.736879 61.685486 3.5026212424 7.0 17.0
-10.736879 61.685486 3.5026212425 6.0 18.0
-12.759119 64.75891 4.6701617425 6.0 18.0
-12.759119 64.75891 4.6701617426 1.0 19.0
-10.736879 67.83234 3.5026212426 1.0 19.0
-10.736879 67.83234 3.5026212427 0.0 20.0
-10.736879 71.6922 3.5026212427 0.0 20.0
-10.736879 71.6922 3.5026212428 0.0 21.0
-12.759119 74.765625 4.6701617428 0.0 21.0
-12.759119 64.75891 4.6701617429 1.0 19.0
-15.979545 65.79349 6.529475429 1.0 19.0
-15.979545 65.79349 6.529475430 0.0 20.0
-18.001783 68.86691 7.697016430 0.0 20.0
-18.001783 68.86691 7.697016431 0.0 21.0
-18.001783 72.726776 7.697016431 0.0 21.0
-12.759119 64.75891 4.6701617432 5.0 19.0
-12.759119 68.618774 4.6701617432 5.0 19.0
-12.759119 68.618774 4.6701617433 4.0 20.0
-12.759119 72.47864 4.6701617433 4.0 20.0
-12.759119 72.47864 4.6701617434 1.0 21.0
-9.538693 73.513214 2.8108482434 1.0 21.0
-9.538693 73.513214 2.8108482435 0.0 22.0
-7.516454 76.58664 1.6433078435 0.0 22.0
-7.516454 76.58664 1.6433078436 0.0 23.0
-7.516454 80.4465 1.6433078436 0.0 23.0
-12.759119 72.47864 4.6701617437 1.0 21.0
-14.781359 75.55206 5.8377023437 1.0 21.0
-14.781359 75.55206 5.8377023438 0.0 22.0
-14.781359 79.41193 5.8377023438 0.0 22.0
-14.781359 79.41193 5.8377023439 0.0 23.0
-12.759119 82.48535 4.6701617439 0.0 23.0
-12.759119 72.47864 4.6701617440 3.0 21.0
-10.424038 75.55206 4.6701617440 3.0 21.0
-10.424038 75.55206 4.6701617441 2.0 22.0
-8.088957 78.62549 4.6701617441 2.0 22.0
-8.088957 78.62549 4.6701617442 1.0 23.0
-4.9826536 77.19964 2.8767366442 1.0 23.0
-4.9826536 77.19964 2.8767366443 0.0 24.0
-1.762228 78.23422 1.017423443 0.0 24.0
-1.762228 78.23422 1.017423444 0.0 25.0
0.2600112 81.30765 -0.1501174444 0.0 25.0
-8.088957 78.62549 4.6701617445 1.0 23.0
-8.088957 82.48535 4.6701617445 1.0 23.0
-8.088957 82.48535 4.6701617446 0.0 24.0
-6.0667176 85.55878 3.5026212446 0.0 24.0
-6.0667176 85.55878 3.5026212447 0.0 25.0
-2.846292 86.59335 1.6433076447 0.0 25.0
-8.714641 58.61206 2.3350809448 11.0 17.0
-6.3795595 61.685486 2.3350809448 11.0 17.0
-6.3795595 61.685486 2.3350809449 10.0 18.0
-4.0444784 64.75891 2.3350809449 10.0 18.0
-4.0444784 64.75891 2.3350809450 1.0 19.0
-0.93817544 63.33306 0.5416559450 1.0 19.0
-0.93817544 63.33306 0.5416559451 0.0 20.0
2.2822502 64.367645 -1.3176577451 0.0 20.0
2.2822502 64.367645 -1.3176577452 0.0 21.0
4.304489 67.44107 -2.485198452 0.0 21.0
-4.0444784 64.75891 2.3350809453 1.0 19.0
-4.0444784 68.618774 2.3350809453 1.0 19.0
-4.0444784 68.618774 2.3350809454 0.0 20.0
-2.0222392 71.6922 1.1675404454 0.0 20.0
-2.0222392 71.6922 1.1675404455 0.0 21.0
1.1981864 72.726776 -0.6917732455 0.0 21.0
-4.0444784 64.75891 2.3350809456 9.0 19.0
-1.7093976 67.83234 2.3350809456 9.0 19.0
-1.7093976 67.83234 2.3350809457 8.0 20.0
0.6256833 70.90576 2.3350809457 8.0 20.0
0.6256833 70.90576 2.3350809458 1.0 21.0
3.7319863 69.47991 0.5416559458 1.0 21.0
3.7319863 69.47991 0.5416559459 0.0 22.0
6.9524117 70.514496 -1.3176577459 0.0 22.0
6.9524117 70.514496 -1.3176577460 0.0 23.0
8.974651 73.58792 -2.485198460 0.0 23.0
0.6256833 70.90576 2.3350809461 1.0 21.0
0.6256833 74.765625 2.3350809461 1.0 21.0
0.6256833 74.765625 2.3350809462 0.0 22.0
2.6479225 77.83905 1.1675404462 0.0 22.0
2.6479225 77.83905 1.1675404463 0.0 23.0
5.868348 78.87363 -0.6917732463 0.0 23.0
0.6256833 70.90576 2.3350809464 7.0 21.0
3.7319863 69.47991 0.5416559464 7.0 21.0
3.7319863 69.47991 0.5416559465 6.0 22.0
6.8382893 68.05406 -1.2517691465 6.0 22.0
6.8382893 68.05406 -1.2517691466 1.0 23.0
6.4812484 64.21628 -1.0456314466 1.0 23.0
6.4812484 64.21628 -1.0456314467 0.0 24.0
8.207624 60.911022 -2.0423555467 0.0 24.0
8.207624 60.911022 -2.0423555468 0.0 25.0
11.313928 59.485172 -3.8357806468 0.0 25.0
6.8382893 68.05406 -1.2517691469 1.0 23.0
10.058715 69.08864 -3.1110826469 1.0 23.0
10.058715 69.08864 -3.1110826470 0.0 24.0
13.165018 67.66279 -4.9045076470 0.0 24.0
13.165018 67.66279 -4.9045076471 0.0 25.0
14.891395 64.35754 -5.901232471 0.0 25.0
6.8382893 68.05406 -1.2517691472 5.0 23.0
10.556916 69.08864 -1.2517691472 5.0 23.0
10.556916 69.08864 -1.2517691473 4.0 24.0
14.275543 70.123215 -1.2517691473 4.0 24.0
14.275543 70.123215 -1.2517691474 1.0 25.0
16.001919 66.81796 -2.2484932474 1.0 25.0
16.001919 66.81796 -2.2484932475 0.0 26.0
19.108221 65.39211 -4.0419183475 0.0 26.0
19.108221 65.39211 -4.0419183476 0.0 27.0
22.328648 66.4267 -5.901232476 0.0 27.0
14.275543 70.123215 -1.2517691477 1.0 25.0
16.297783 73.19664 -2.4193096477 1.0 25.0
16.297783 73.19664 -2.4193096478 0.0 26.0
19.518208 74.23122 -4.278623478 0.0 26.0
19.518208 74.23122 -4.278623479 0.0 27.0
22.62451 72.80537 -6.072048479 0.0 27.0
14.275543 70.123215 -1.2517691480 3.0 25.0
16.610624 73.19664 -1.2517691480 3.0 25.0
16.610624 73.19664 -1.2517691481 2.0 26.0
18.945705 76.270065 -1.2517691481 2.0 26.0
18.945705 76.270065 -1.2517691482 1.0 27.0
22.052008 74.844215 -3.0451941482 1.0 27.0
22.052008 74.844215 -3.0451941483 0.0 28.0
25.272434 75.8788 -4.9045076483 0.0 28.0
25.272434 75.8788 -4.9045076484 0.0 29.0
27.294674 78.952225 -6.072048484 0.0 29.0
18.945705 76.270065 -1.2517691485 1.0 27.0
18.945705 80.12993 -1.2517691485 1.0 27.0
18.945705 80.12993 -1.2517691486 0.0 28.0
20.967945 83.203354 -2.4193096486 0.0 28.0
20.967945 83.203354 -2.4193096487 0.0 29.0
24.18837 84.23793 -4.278623487 0.0 29.0
0.6256833 70.90576 2.3350809488 7.0 21.0
0.6256833 74.765625 2.3350809488 7.0 21.0
0.6256833 74.765625 2.3350809489 6.0 22.0
0.6256833 78.62549 2.3350809489 6.0 22.0
0.6256833 78.62549 2.3350809490 1.0 23.0
3.846109 79.660065 0.47576725490 1.0 23.0
3.846109 79.660065 0.47576725491 0.0 24.0
5.868348 82.73349 -0.6917732491 0.0 24.0
5.868348 82.73349 -0.6917732492 0.0 25.0
5.868348 86.59335 -0.6917732492 0.0 25.0
0.6256833 78.62549 2.3350809493 1.0 23.0
-1.3965559 81.69891 3.5026212493 1.0 23.0
-1.3965559 81.69891 3.5026212494 0.0 24.0
-1.3965559 85.55878 3.5026212494 0.0 24.0
-1.3965559 85.55878 3.5026212495 0.0 25.0
0.6256833 88.6322 2.3350806495 0.0 25.0
0.6256833 78.62549 2.3350809496 5.0 23.0
2.9607642 81.69891 2.3350809496 5.0 23.0
2.9607642 81.69891 2.3350809497 4.0 24.0
5.295845 84.77234 2.3350809497 4.0 24.0
5.295845 84.77234 2.3350809498 1.0 25.0
8.402148 83.34649 0.5416559498 1.0 25.0
8.402148 83.34649 0.5416559499 0.0 26.0
11.622574 84.38107 -1.3176577499 0.0 26.0
11.622574 84.38107 -1.3176577500 0.0 27.0
13.644814 87.4545 -2.485198500 0.0 27.0
5.295845 84.77234 2.3350809501 1.0 25.0
5.295845 88.6322 2.3350809501 1.0 25.0
5.295845 88.6322 2.3350809502 0.0 26.0
7.3180842 91.70563 1.1675404502 0.0 26.0
7.3180842 91.70563 1.1675404503 0.0 27.0
10.538509 92.740204 -0.6917732503 0.0 27.0
5.295845 84.77234 2.3350809504 3.0 25.0
9.014472 85.806915 2.3350809504 3.0 25.0
9.014472 85.806915 2.3350809505 2.0 26.0
12.733099 86.84149 2.3350809505 2.0 26.0
12.733099 86.84149 2.3350809506 1.0 27.0
14.4594755 83.53624 1.3383569506 1.0 27.0
14.4594755 83.53624 1.3383569507 0.0 28.0
17.565779 82.11039 -0.4550681507 0.0 28.0
17.565779 82.11039 -0.4550681508 0.0 29.0
20.786205 83.14497 -2.3143816508 0.0 29.0
12.733099 86.84149 2.3350809509 1.0 27.0
14.755339 89.91492 1.1675404509 1.0 27.0
14.755339 89.91492 1.1675404510 0.0 28.0
17.975765 90.94949 -0.6917732510 0.0 28.0
17.975765 90.94949 -0.6917732511 0.0 29.0
21.082067 89.52364 -2.485198511 0.0 29.0
