0.0 0.0 0.00 60.0 1.0
0.0 2.4559362 0.00 60.0 1.0
0.0 2.4559362 0.01 59.0 2.0
0.0 4.9118724 0.01 59.0 2.0
0.0 4.9118724 0.02 58.0 3.0
0.0 7.3678083 0.02 58.0 3.0
0.0 7.3678083 0.03 57.0 4.0
0.0 9.823745 0.03 57.0 4.0
0.0 9.823745 0.04 56.0 5.0
0.0 12.279681 0.04 56.0 5.0
0.0 12.279681 0.05 55.0 6.0
0.0 14.735618 0.05 55.0 6.0
0.0 14.735618 0.06 54.0 7.0
0.0 17.191553 0.06 54.0 7.0
0.0 17.191553 0.07 53.0 8.0
0.0 19.64749 0.07 53.0 8.0
0.0 19.64749 0.08 52.0 9.0
0.0 22.103426 0.08 52.0 9.0
0.0 22.103426 0.09 51.0 10.0
0.0 24.559362 0.09 51.0 10.0
0.0 24.559362 0.010 50.0 11.0
0.0 27.015299 0.010 50.0 11.0
0.0 27.015299 0.011 49.0 12.0
0.0 29.471235 0.011 49.0 12.0
0.0 29.471235 0.012 48.0 13.0
0.0 31.927172 0.012 48.0 13.0
0.0 31.927172 0.013 47.0 14.0
0.0 34.383106 0.013 47.0 14.0
0.0 34.383106 0.014 46.0 15.0
0.0 36.839043 0.014 46.0 15.0
0.0 36.839043 0.015 45.0 16.0
0.0 39.29498 0.015 45.0 16.0
0.0 39.29498 0.016 28.0 17.0
0.60856444 41.67432 0.016 28.0 17.0
0.60856444 41.67432 0.017 27.0 18.0
1.2171289 44.05366 0.017 27.0 18.0
1.2171289 44.05366 0.018 26.0 19.0
1.8256934 46.433002 0.018 26.0 19.0
1.8256934 46.433002 0.019 25.0 20.0
2.4342577 48.812344 0.019 25.0 20.0
2.4342577 48.812344 0.020 24.0 21.0
3.0428221 51.191685 0.020 24.0 21.0
3.0428221 51.191685 0.021 23.0 22.0
3.6513865 53.571026 0.021 23.0 22.0
3.6513865 53.571026 0.022 22.0 23.0
4.259951 55.950367 0.022 22.0 23.0
4.259951 55.950367 0.023 21.0 24.0
4.8685155 58.32971 0.023 21.0 24.0
4.8685155 58.32971 0.024 12.0 25.0
4.8685155 60.785645 0.024 12.0 25.0
4.8685155 60.785645 0.025 11.0 26.0
4.8685155 63.24158 0.025 11.0 26.0
4.8685155 63.24158 0.026 10.0 27.0
4.8685155 65.69752 0.026 10.0 27.0
4.8685155 65.69752 0.027 9.0 28.0
4.8685155 68.15345 0.027 9.0 28.0
4.8685155 68.15345 0.028 4.0 29.0
4.259951 70.53279 0.028 4.0 29.0
4.259951 70.53279 0.029 3.0 30.0
3.6513867 72.91213 0.029 3.0 30.0
3.6513867 72.91213 0.030 0.0 31.0
3.6513867 75.368065 0.030 0.0 31.0
3.6513867 75.368065 0.031 0.0 32.0
3.6513867 77.824 0.031 0.0 32.0
3.6513867 72.91213 0.032 2.0 31.0
3.0428224 75.29147 0.032 2.0 31.0
3.0428224 75.29147 0.033 1.0 32.0
2.434258 77.670815 0.033 1.0 32.0
2.434258 77.670815 0.034 0.0 33.0
2.434258 80.12675 0.034 0.0 33.0
2.434258 80.12675 0.035 0.0 34.0
2.434258 82.58268 0.035 0.0 34.0
2.434258 77.670815 0.036 0.0 33.0
1.2550877 79.82516 0.036 0.0 33.0
1.2550877 79.82516 0.037 0.0 34.0
0.07591748 81.9795 0.037 0.0 34.0
4.8685155 68.15345 0.038 8.0 29.0
4.8685155 70.60938 0.038 8.0 29.0
4.8685155 70.60938 0.039 7.0 30.0
4.8685155 73.065315 0.039 7.0 30.0
4.8685155 73.065315 0.040 6.0 31.0
4.8685155 75.52125 0.040 6.0 31.0
4.8685155 75.52125 0.041 5.0 32.0
4.8685155 77.97718 0.041 5.0 32.0
4.8685155 77.97718 0.042 4.0 33.0
5.47708 80.35652 0.042 4.0 33.0
5.47708 80.35652 0.043 3.0 34.0
6.0856442 82.73586 0.043 3.0 34.0
6.0856442 82.73586 0.044 0.0 35.0
7.2648144 84.890205 0.044 0.0 35.0
7.2648144 84.890205 0.045 0.0 36.0
8.443985 87.04455 0.045 0.0 36.0
6.0856442 82.73586 0.046 2.0 35.0
6.6942086 85.115204 0.046 2.0 35.0
6.6942086 85.115204 0.047 1.0 36.0
7.302773 87.494545 0.047 1.0 36.0
7.302773 87.494545 0.048 0.0 37.0
8.481943 89.64889 0.048 0.0 37.0
8.481943 89.64889 0.049 0.0 38.0
9.661114 91.80323 0.049 0.0 38.0
7.302773 87.494545 0.050 0.0 37.0
7.302773 89.95048 0.050 0.0 37.0
7.302773 89.95048 0.051 0.0 38.0
7.302773 92.40641 0.051 0.0 38.0
4.8685155 77.97718 0.052 4.0 33.0
4.259951 80.35652 0.052 4.0 33.0
4.259951 80.35652 0.053 3.0 34.0
3.6513867 82.73586 0.053 3.0 34.0
3.6513867 82.73586 0.054 0.0 35.0
3.6513867 85.191795 0.054 0.0 35.0
3.6513867 85.191795 0.055 0.0 36.0
3.6513867 87.64773 0.055 0.0 36.0
3.6513867 82.73586 0.056 2.0 35.0
3.0428224 85.115204 0.056 2.0 35.0
3.0428224 85.115204 0.057 1.0 36.0
2.434258 87.494545 0.057 1.0 36.0
2.434258 87.494545 0.058 0.0 37.0
2.434258 89.95048 0.058 0.0 37.0
2.434258 89.95048 0.059 0.0 38.0
2.434258 92.40641 0.059 0.0 38.0
2.434258 87.494545 0.060 0.0 37.0
1.2550877 89.64889 0.060 0.0 37.0
1.2550877 89.64889 0.061 0.0 38.0
0.07591748 91.80323 0.061 0.0 38.0
4.8685155 58.32971 0.062 20.0 25.0
5.47708 60.70905 0.062 20.0 25.0
5.47708 60.70905 0.063 19.0 26.0
6.0856442 63.08839 0.063 19.0 26.0
6.0856442 63.08839 0.064 18.0 27.0
6.6942086 65.467735 0.064 18.0 27.0
6.6942086 65.467735 0.065 17.0 28.0
7.302773 67.84708 0.065 17.0 28.0
7.302773 67.84708 0.066 16.0 29.0
7.9113374 70.22642 0.066 16.0 29.0
7.9113374 70.22642 0.067 15.0 30.0
8.519902 72.60576 0.067 15.0 30.0
8.519902 72.60576 0.068 14.0 31.0
9.128467 74.9851 0.068 14.0 31.0
9.128467 74.9851 0.069 13.0 32.0
9.737031 77.36444 0.069 13.0 32.0
9.737031 77.36444 0.070 12.0 33.0
10.916202 79.51878 0.070 12.0 33.0
10.916202 79.51878 0.071 11.0 34.0
12.095372 81.67313 0.071 11.0 34.0
12.095372 81.67313 0.072 10.0 35.0
13.274543 83.82747 0.072 10.0 35.0
13.274543 83.82747 0.073 9.0 36.0
14.453713 85.98181 0.073 9.0 36.0
14.453713 85.98181 0.074 4.0 37.0
15.062278 88.36115 0.074 4.0 37.0
15.062278 88.36115 0.075 3.0 38.0
15.670842 90.74049 0.075 3.0 38.0
15.670842 90.74049 0.076 0.0 39.0
16.850012 92.89484 0.076 0.0 39.0
16.850012 92.89484 0.077 0.0 40.0
18.029182 95.04918 0.077 0.0 40.0
15.670842 90.74049 0.078 2.0 39.0
16.279408 93.119835 0.078 2.0 39.0
16.279408 93.119835 0.079 1.0 40.0
16.887972 95.499176 0.079 1.0 40.0
16.887972 95.499176 0.080 0.0 41.0
18.067142 97.65352 0.080 0.0 41.0
18.067142 97.65352 0.081 0.0 42.0
19.246313 99.80786 0.081 0.0 42.0
16.887972 95.499176 0.082 0.0 41.0
16.887972 97.95511 0.082 0.0 41.0
16.887972 97.95511 0.083 0.0 42.0
16.887972 100.41104 0.083 0.0 42.0
14.453713 85.98181 0.084 8.0 37.0
15.632884 88.136154 0.084 8.0 37.0
15.632884 88.136154 0.085 7.0 38.0
16.812054 90.2905 0.085 7.0 38.0
16.812054 90.2905 0.086 6.0 39.0
17.991224 92.44484 0.086 6.0 39.0
17.991224 92.44484 0.087 5.0 40.0
19.170395 94.59918 0.087 5.0 40.0
19.170395 94.59918 0.088 4.0 41.0
20.84662 96.39414 0.088 4.0 41.0
20.84662 96.39414 0.089 3.0 42.0
22.522846 98.1891 0.089 3.0 42.0
22.522846 98.1891 0.090 0.0 43.0
24.591576 99.512726 0.090 0.0 43.0
24.591576 99.512726 0.091 0.0 44.0
26.660305 100.83635 0.091 0.0 44.0
22.522846 98.1891 0.092 2.0 43.0
24.199072 99.98406 0.092 2.0 43.0
24.199072 99.98406 0.093 1.0 44.0
25.875298 101.77902 0.093 1.0 44.0
25.875298 101.77902 0.094 0.0 45.0
27.944027 103.102646 0.094 0.0 45.0
27.944027 103.102646 0.095 0.0 46.0
30.012756 104.42627 0.095 0.0 46.0
25.875298 101.77902 0.096 0.0 45.0
27.054468 103.933365 0.096 0.0 45.0
27.054468 103.933365 0.097 0.0 46.0
28.233639 106.08771 0.097 0.0 46.0
19.170395 94.59918 0.098 4.0 41.0
19.77896 96.97852 0.098 4.0 41.0
19.77896 96.97852 0.099 3.0 42.0
20.387524 99.357864 0.099 3.0 42.0
20.387524 99.357864 0.0100 0.0 43.0
21.566694 101.51221 0.0100 0.0 43.0
21.566694 101.51221 0.0101 0.0 44.0
22.745865 103.66655 0.0101 0.0 44.0
20.387524 99.357864 0.0102 2.0 43.0
20.996088 101.737206 0.0102 2.0 43.0
20.996088 101.737206 0.0103 1.0 44.0
21.604652 104.11655 0.0103 1.0 44.0
21.604652 104.11655 0.0104 0.0 45.0
22.783823 106.27089 0.0104 0.0 45.0
22.783823 106.27089 0.0105 0.0 46.0
23.962994 108.42523 0.0105 0.0 46.0
21.604652 104.11655 0.0106 0.0 45.0
21.604652 106.57248 0.0106 0.0 45.0
21.604652 106.57248 0.0107 0.0 46.0
21.604652 109.02841 0.0107 0.0 46.0
9.737031 77.36444 0.0108 12.0 33.0
9.737031 79.82037 0.0108 12.0 33.0
9.737031 79.82037 0.0109 11.0 34.0
9.737031 82.276306 0.0109 11.0 34.0
9.737031 82.276306 0.0110 10.0 35.0
9.737031 84.73224 0.0110 10.0 35.0
9.737031 84.73224 0.0111 9.0 36.0
9.737031 87.18817 0.0111 9.0 36.0
9.737031 87.18817 0.0112 4.0 37.0
9.128467 89.56751 0.0112 4.0 37.0
9.128467 89.56751 0.0113 3.0 38.0
8.519902 91.94685 0.0113 3.0 38.0
8.519902 91.94685 0.0114 0.0 39.0
8.519902 94.40279 0.0114 0.0 39.0
8.519902 94.40279 0.0115 0.0 40.0
8.519902 96.85872 0.0115 0.0 40.0
8.519902 91.94685 0.0116 2.0 39.0
7.911338 94.326195 0.0116 2.0 39.0
7.911338 94.326195 0.0117 1.0 40.0
7.3027735 96.705536 0.0117 1.0 40.0
7.3027735 96.705536 0.0118 0.0 41.0
7.3027735 99.16147 0.0118 0.0 41.0
7.3027735 99.16147 0.0119 0.0 42.0
7.3027735 101.6174 0.0119 0.0 42.0
7.3027735 96.705536 0.0120 0.0 41.0
6.1236033 98.85988 0.0120 0.0 41.0
6.1236033 98.85988 0.0121 0.0 42.0
4.944433 101.01422 0.0121 0.0 42.0
9.737031 87.18817 0.0122 8.0 37.0
9.737031 89.644104 0.0122 8.0 37.0
9.737031 89.644104 0.0123 7.0 38.0
9.737031 92.10004 0.0123 7.0 38.0
9.737031 92.10004 0.0124 6.0 39.0
9.737031 94.55597 0.0124 6.0 39.0
9.737031 94.55597 0.0125 5.0 40.0
9.737031 97.0119 0.0125 5.0 40.0
9.737031 97.0119 0.0126 4.0 41.0
10.345595 99.39124 0.0126 4.0 41.0
10.345595 99.39124 0.0127 3.0 42.0
10.95416 101.770584 0.0127 3.0 42.0
10.95416 101.770584 0.0128 0.0 43.0
12.13333 103.92493 0.0128 0.0 43.0
12.13333 103.92493 0.0129 0.0 44.0
13.312501 106.07927 0.0129 0.0 44.0
10.95416 101.770584 0.0130 2.0 43.0
11.562724 104.149925 0.0130 2.0 43.0
11.562724 104.149925 0.0131 1.0 44.0
12.1712885 106.52927 0.0131 1.0 44.0
12.1712885 106.52927 0.0132 0.0 45.0
13.350459 108.68361 0.0132 0.0 45.0
13.350459 108.68361 0.0133 0.0 46.0
14.52963 110.83795 0.0133 0.0 46.0
12.1712885 106.52927 0.0134 0.0 45.0
12.1712885 108.9852 0.0134 0.0 45.0
12.1712885 108.9852 0.0135 0.0 46.0
12.1712885 111.44113 0.0135 0.0 46.0
9.737031 97.0119 0.0136 4.0 41.0
9.128467 99.39124 0.0136 4.0 41.0
9.128467 99.39124 0.0137 3.0 42.0
8.519902 101.770584 0.0137 3.0 42.0
8.519902 101.770584 0.0138 0.0 43.0
8.519902 104.22652 0.0138 0.0 43.0
8.519902 104.22652 0.0139 0.0 44.0
8.519902 106.68245 0.0139 0.0 44.0
8.519902 101.770584 0.0140 2.0 43.0
7.911338 104.149925 0.0140 2.0 43.0
7.911338 104.149925 0.0141 1.0 44.0
7.3027735 106.52927 0.0141 1.0 44.0
7.3027735 106.52927 0.0142 0.0 45.0
7.3027735 108.9852 0.0142 0.0 45.0
7.3027735 108.9852 0.0143 0.0 46.0
7.3027735 111.44113 0.0143 0.0 46.0
7.3027735 106.52927 0.0144 0.0 45.0
6.1236033 108.68361 0.0144 0.0 45.0
6.1236033 108.68361 0.0145 0.0 46.0
4.944433 110.83795 0.0145 0.0 46.0
0.0 39.29498 0.0146 44.0 17.0
0.0 41.750916 0.0146 44.0 17.0
0.0 41.750916 0.0147 43.0 18.0
0.0 44.206852 0.0147 43.0 18.0
0.0 44.206852 0.0148 42.0 19.0
0.0 46.66279 0.0148 42.0 19.0
0.0 46.66279 0.0149 41.0 20.0
0.0 49.118725 0.0149 41.0 20.0
0.0 49.118725 0.0150 40.0 21.0
0.0 51.57466 0.0150 40.0 21.0
0.0 51.57466 0.0151 39.0 22.0
0.0 54.030598 0.0151 39.0 22.0
0.0 54.030598 0.0152 38.0 23.0
0.0 56.486534 0.0152 38.0 23.0
0.0 56.486534 0.0153 37.0 24.0
0.0 58.94247 0.0153 37.0 24.0
0.0 58.94247 0.0154 36.0 25.0
0.0 61.398407 0.0154 36.0 25.0
0.0 61.398407 0.0155 35.0 26.0
0.0 63.854343 0.0155 35.0 26.0
0.0 63.854343 0.0156 34.0 27.0
0.0 66.31028 0.0156 34.0 27.0
0.0 66.31028 0.0157 33.0 28.0
0.0 68.76621 0.0157 33.0 28.0
0.0 68.76621 0.0158 32.0 29.0
0.0 71.222145 0.0158 32.0 29.0
0.0 71.222145 0.0159 31.0 30.0
0.0 73.67808 0.0159 31.0 30.0
0.0 73.67808 0.0160 30.0 31.0
0.0 76.13401 0.0160 30.0 31.0
0.0 76.13401 0.0161 29.0 32.0
0.0 78.58994 0.0161 29.0 32.0
0.0 78.58994 0.0162 28.0 33.0
0.60856444 80.969284 0.0162 28.0 33.0
0.60856444 80.969284 0.0163 27.0 34.0
1.2171289 83.348625 0.0163 27.0 34.0
1.2171289 83.348625 0.0164 26.0 35.0
1.8256934 85.72797 0.0164 26.0 35.0
1.8256934 85.72797 0.0165 25.0 36.0
2.4342577 88.10731 0.0165 25.0 36.0
2.4342577 88.10731 0.0166 24.0 37.0
3.0428221 90.48665 0.0166 24.0 37.0
3.0428221 90.48665 0.0167 23.0 38.0
3.6513865 92.86599 0.0167 23.0 38.0
3.6513865 92.86599 0.0168 22.0 39.0
4.259951 95.24533 0.0168 22.0 39.0
4.259951 95.24533 0.0169 21.0 40.0
4.8685155 97.62467 0.0169 21.0 40.0
4.8685155 97.62467 0.0170 12.0 41.0
4.8685155 100.080605 0.0170 12.0 41.0
4.8685155 100.080605 0.0171 11.0 42.0
4.8685155 102.53654 0.0171 11.0 42.0
4.8685155 102.53654 0.0172 10.0 43.0
4.8685155 104.99247 0.0172 10.0 43.0
4.8685155 104.99247 0.0173 9.0 44.0
4.8685155 107.4484 0.0173 9.0 44.0
4.8685155 107.4484 0.0174 4.0 45.0
4.259951 109.82774 0.0174 4.0 45.0
4.259951 109.82774 0.0175 3.0 46.0
3.6513867 112.207085 0.0175 3.0 46.0
3.6513867 112.207085 0.0176 0.0 47.0
3.6513867 114.66302 0.0176 0.0 47.0
3.6513867 114.66302 0.0177 0.0 48.0
3.6513867 117.11895 0.0177 0.0 48.0
3.6513867 112.207085 0.0178 2.0 47.0
3.0428224 114.586426 0.0178 2.0 47.0
3.0428224 114.586426 0.0179 1.0 48.0
2.434258 116.96577 0.0179 1.0 48.0
2.434258 116.96577 0.0180 0.0 49.0
2.434258 119.4217 0.0180 0.0 49.0
2.434258 119.4217 0.0181 0.0 50.0
2.434258 121.87763 0.0181 0.0 50.0
2.434258 116.96577 0.0182 0.0 49.0
1.2550877 119.12011 0.0182 0.0 49.0
1.2550877 119.12011 0.0183 0.0 50.0
0.07591748 121.27445 0.0183 0.0 50.0
4.8685155 107.4484 0.0184 8.0 45.0
4.8685155 109.904335 0.0184 8.0 45.0
4.8685155 109.904335 0.0185 7.0 46.0
4.8685155 112.36027 0.0185 7.0 46.0
4.8685155 112.36027 0.0186 6.0 47.0
4.8685155 114.8162 0.0186 6.0 47.0
4.8685155 114.8162 0.0187 5.0 48.0
4.8685155 117.27213 0.0187 5.0 48.0
4.8685155 117.27213 0.0188 4.0 49.0
5.47708 119.651474 0.0188 4.0 49.0
5.47708 119.651474 0.0189 3.0 50.0
6.0856442 122.030815 0.0189 3.0 50.0
6.0856442 122.030815 0.0190 0.0 51.0
7.2648144 124.18516 0.0190 0.0 51.0
7.2648144 124.18516 0.0191 0.0 52.0
8.443985 126.3395 0.0191 0.0 52.0
6.0856442 122.030815 0.0192 2.0 51.0
6.6942086 124.41016 0.0192 2.0 51.0
6.6942086 124.41016 0.0193 1.0 52.0
7.302773 126.7895 0.0193 1.0 52.0
7.302773 126.7895 0.0194 0.0 53.0
8.481943 128.94383 0.0194 0.0 53.0
8.481943 128.94383 0.0195 0.0 54.0
9.661114 131.09818 0.0195 0.0 54.0
7.302773 126.7895 0.0196 0.0 53.0
7.302773 129.24544 0.0196 0.0 53.0
7.302773 129.24544 0.0197 0.0 54.0
7.302773 131.70137 0.0197 0.0 54.0
4.8685155 117.27213 0.0198 4.0 49.0
4.259951 119.651474 0.0198 4.0 49.0
4.259951 119.651474 0.0199 3.0 50.0
3.6513867 122.030815 0.0199 3.0 50.0
3.6513867 122.030815 0.0200 0.0 51.0
3.6513867 124.48675 0.0200 0.0 51.0
3.6513867 124.48675 0.0201 0.0 52.0
3.6513867 126.94268 0.0201 0.0 52.0
3.6513867 122.030815 0.0202 2.0 51.0
3.0428224 124.41016 0.0202 2.0 51.0
3.0428224 124.41016 0.0203 1.0 52.0
2.434258 126.7895 0.0203 1.0 52.0
2.434258 126.7895 0.0204 0.0 53.0
2.434258 129.24544 0.0204 0.0 53.0
2.434258 129.24544 0.0205 0.0 54.0
2.434258 131.70137 0.0205 0.0 54.0
2.434258 126.7895 0.0206 0.0 53.0
1.2550877 128.94383 0.0206 0.0 53.0
1.2550877 128.94383 0.0207 0.0 54.0
0.07591748 131.09818 0.0207 0.0 54.0
4.8685155 97.62467 0.0208 20.0 41.0
5.47708 100.00401 0.0208 20.0 41.0
5.47708 100.00401 0.0209 19.0 42.0
6.0856442 102.383354 0.0209 19.0 42.0
6.0856442 102.383354 0.0210 18.0 43.0
6.6942086 104.762695 0.0210 18.0 43.0
6.6942086 104.762695 0.0211 17.0 44.0
7.302773 107.14204 0.0211 17.0 44.0
7.302773 107.14204 0.0212 16.0 45.0
7.9113374 109.52138 0.0212 16.0 45.0
7.9113374 109.52138 0.0213 15.0 46.0
8.519902 111.90072 0.0213 15.0 46.0
8.519902 111.90072 0.0214 14.0 47.0
9.128467 114.28006 0.0214 14.0 47.0
9.128467 114.28006 0.0215 13.0 48.0
9.737031 116.6594 0.0215 13.0 48.0
9.737031 116.6594 0.0216 12.0 49.0
10.916202 118.81374 0.0216 12.0 49.0
10.916202 118.81374 0.0217 11.0 50.0
12.095372 120.96809 0.0217 11.0 50.0
12.095372 120.96809 0.0218 10.0 51.0
13.274543 123.12243 0.0218 10.0 51.0
13.274543 123.12243 0.0219 9.0 52.0
14.453713 125.27677 0.0219 9.0 52.0
14.453713 125.27677 0.0220 4.0 53.0
15.062278 127.65611 0.0220 4.0 53.0
15.062278 127.65611 0.0221 3.0 54.0
15.670842 130.03546 0.0221 3.0 54.0
15.670842 130.03546 0.0222 0.0 55.0
16.850012 132.1898 0.0222 0.0 55.0
16.850012 132.1898 0.0223 0.0 56.0
18.029182 134.34415 0.0223 0.0 56.0
15.670842 130.03546 0.0224 2.0 55.0
16.279408 132.41481 0.0224 2.0 55.0
16.279408 132.41481 0.0225 1.0 56.0
16.887972 134.79416 0.0225 1.0 56.0
16.887972 134.79416 0.0226 0.0 57.0
18.067142 136.9485 0.0226 0.0 57.0
18.067142 136.9485 0.0227 0.0 58.0
19.246313 139.10284 0.0227 0.0 58.0
16.887972 134.79416 0.0228 0.0 57.0
16.887972 137.25009 0.0228 0.0 57.0
16.887972 137.25009 0.0229 0.0 58.0
16.887972 139.70602 0.0229 0.0 58.0
14.453713 125.27677 0.0230 8.0 53.0
15.632884 127.431114 0.0230 8.0 53.0
15.632884 127.431114 0.0231 7.0 54.0
16.812054 129.58545 0.0231 7.0 54.0
16.812054 129.58545 0.0232 6.0 55.0
17.991224 131.73979 0.0232 6.0 55.0
17.991224 131.73979 0.0233 5.0 56.0
19.170395 133.89413 0.0233 5.0 56.0
19.170395 133.89413 0.0234 4.0 57.0
20.84662 135.6891 0.0234 4.0 57.0
20.84662 135.6891 0.0235 3.0 58.0
22.522846 137.48407 0.0235 3.0 58.0
22.522846 137.48407 0.0236 0.0 59.0
24.591576 138.8077 0.0236 0.0 59.0
24.591576 138.8077 0.0237 0.0 60.0
26.660305 140.13132 0.0237 0.0 60.0
22.522846 137.48407 0.0238 2.0 59.0
24.199072 139.27904 0.0238 2.0 59.0
24.199072 139.27904 0.0239 1.0 60.0
25.875298 141.074 0.0239 1.0 60.0
25.875298 141.074 0.0240 0.0 61.0
27.944027 142.39763 0.0240 0.0 61.0
27.944027 142.39763 0.0241 0.0 62.0
30.012756 143.72125 0.0241 0.0 62.0
25.875298 141.074 0.0242 0.0 61.0
27.054468 143.22835 0.0242 0.0 61.0
27.054468 143.22835 0.0243 0.0 62.0
28.233639 145.38269 0.0243 0.0 62.0
19.170395 133.89413 0.0244 4.0 57.0
19.77896 136.27348 0.0244 4.0 57.0
19.77896 136.27348 0.0245 3.0 58.0
20.387524 138.65283 0.0245 3.0 58.0
20.387524 138.65283 0.0246 0.0 59.0
21.566694 140.80717 0.0246 0.0 59.0
21.566694 140.80717 0.0247 0.0 60.0
22.745865 142.96152 0.0247 0.0 60.0
20.387524 138.65283 0.0248 2.0 59.0
20.996088 141.03218 0.0248 2.0 59.0
20.996088 141.03218 0.0249 1.0 60.0
21.604652 143.41153 0.0249 1.0 60.0
21.604652 143.41153 0.0250 0.0 61.0
22.783823 145.56587 0.0250 0.0 61.0
22.783823 145.56587 0.0251 0.0 62.0
23.962994 147.72021 0.0251 0.0 62.0
21.604652 143.41153 0.0252 0.0 61.0
21.604652 145.86746 0.0252 0.0 61.0
21.604652 145.86746 0.0253 0.0 62.0
21.604652 148.3234 0.0253 0.0 62.0
9.737031 116.6594 0.0254 12.0 49.0
9.737031 119.11533 0.0254 12.0 49.0
9.737031 119.11533 0.0255 11.0 50.0
9.737031 121.571266 0.0255 11.0 50.0
9.737031 121.571266 0.0256 10.0 51.0
9.737031 124.0272 0.0256 10.0 51.0
9.737031 124.0272 0.0257 9.0 52.0
9.737031 126.48313 0.0257 9.0 52.0
9.737031 126.48313 0.0258 4.0 53.0
9.128467 128.86247 0.0258 4.0 53.0
9.128467 128.86247 0.0259 3.0 54.0
8.519902 131.24182 0.0259 3.0 54.0
8.519902 131.24182 0.0260 0.0 55.0
8.519902 133.69775 0.0260 0.0 55.0
8.519902 133.69775 0.0261 0.0 56.0
8.519902 136.15369 0.0261 0.0 56.0
8.519902 131.24182 0.0262 2.0 55.0
7.911338 133.62117 0.0262 2.0 55.0
7.911338 133.62117 0.0263 1.0 56.0
7.3027735 136.00052 0.0263 1.0 56.0
7.3027735 136.00052 0.0264 0.0 57.0
7.3027735 138.45645 0.0264 0.0 57.0
7.3027735 138.45645 0.0265 0.0 58.0
7.3027735 140.91238 0.0265 0.0 58.0
7.3027735 136.00052 0.0266 0.0 57.0
6.1236033 138.15486 0.0266 0.0 57.0
6.1236033 138.15486 0.0267 0.0 58.0
4.944433 140.3092 0.0267 0.0 58.0
9.737031 126.48313 0.0268 8.0 53.0
9.737031 128.93907 0.0268 8.0 53.0
9.737031 128.93907 0.0269 7.0 54.0
9.737031 131.395 0.0269 7.0 54.0
9.737031 131.395 0.0270 6.0 55.0
9.737031 133.85094 0.0270 6.0 55.0
9.737031 133.85094 0.0271 5.0 56.0
9.737031 136.30687 0.0271 5.0 56.0
9.737031 136.30687 0.0272 4.0 57.0
10.345595 138.68622 0.0272 4.0 57.0
10.345595 138.68622 0.0273 3.0 58.0
10.95416 141.06557 0.0273 3.0 58.0
10.95416 141.06557 0.0274 0.0 59.0
12.13333 143.21991 0.0274 0.0 59.0
12.13333 143.21991 0.0275 0.0 60.0
13.312501 145.37425 0.0275 0.0 60.0
10.95416 141.06557 0.0276 2.0 59.0
11.562724 143.44492 0.0276 2.0 59.0
11.562724 143.44492 0.0277 1.0 60.0
12.1712885 145.82426 0.0277 1.0 60.0
12.1712885 145.82426 0.0278 0.0 61.0
13.350459 147.9786 0.0278 0.0 61.0
13.350459 147.9786 0.0279 0.0 62.0
14.52963 150.13295 0.0279 0.0 62.0
12.1712885 145.82426 0.0280 0.0 61.0
12.1712885 148.2802 0.0280 0.0 61.0
12.1712885 148.2802 0.0281 0.0 62.0
12.1712885 150.73613 0.0281 0.0 62.0
9.737031 136.30687 0.0282 4.0 57.0
9.128467 138.68622 0.0282 4.0 57.0
9.128467 138.68622 0.0283 3.0 58.0
8.519902 141.06557 0.0283 3.0 58.0
8.519902 141.06557 0.0284 0.0 59.0
8.519902 143.5215 0.0284 0.0 59.0
8.519902 143.5215 0.0285 0.0 60.0
8.519902 145.97743 0.0285 0.0 60.0
8.519902 141.06557 0.0286 2.0 59.0
7.911338 143.44492 0.0286 2.0 59.0
7.911338 143.44492 0.0287 1.0 60.0
7.3027735 145.82426 0.0287 1.0 60.0
7.3027735 145.82426 0.0288 0.0 61.0
7.3027735 148.2802 0.0288 0.0 61.0
7.3027735 148.2802 0.0289 0.0 62.0
7.3027735 150.73613 0.0289 0.0 62.0
7.3027735 145.82426 0.0290 0.0 61.0
6.1236033 147.9786 0.0290 0.0 61.0
6.1236033 147.9786 0.0291 0.0 62.0
4.944433 150.13295 0.0291 0.0 62.0
0.0 78.58994 0.0292 28.0 33.0
-0.60856444 80.969284 0.0292 28.0 33.0
-0.60856444 80.969284 0.0293 27.0 34.0
-1.2171289 83.348625 0.0293 27.0 34.0
-1.2171289 83.348625 0.0294 26.0 35.0
-1.8256934 85.72797 0.0294 26.0 35.0
-1.8256934 85.72797 0.0295 25.0 36.0
-2.4342577 88.10731 0.0295 25.0 36.0
-2.4342577 88.10731 0.0296 24.0 37.0
-3.0428221 90.48665 0.0296 24.0 37.0
-3.0428221 90.48665 0.0297 23.0 38.0
-3.6513865 92.86599 0.0297 23.0 38.0
-3.6513865 92.86599 0.0298 22.0 39.0
-4.259951 95.24533 0.0298 22.0 39.0
-4.259951 95.24533 0.0299 21.0 40.0
-4.8685155 97.62467 0.0299 21.0 40.0
-4.8685155 97.62467 0.0300 12.0 41.0
-6.0476856 99.779015 0.0300 12.0 41.0
-6.0476856 99.779015 0.0301 11.0 42.0
-7.2268558 101.93336 0.0301 11.0 42.0
-7.2268558 101.93336 0.0302 10.0 43.0
-8.406026 104.0877 0.0302 10.0 43.0
-8.406026 104.0877 0.0303 9.0 44.0
-9.5851965 106.24204 0.0303 9.0 44.0
-9.5851965 106.24204 0.0304 4.0 45.0
-11.261423 108.037 0.0304 4.0 45.0
-11.261423 108.037 0.0305 3.0 46.0
-12.93765 109.83196 0.0305 3.0 46.0
-12.93765 109.83196 0.0306 0.0 47.0
-14.116819 111.986305 0.0306 0.0 47.0
-14.116819 111.986305 0.0307 0.0 48.0
-15.29599 114.14065 0.0307 0.0 48.0
-12.93765 109.83196 0.0308 2.0 47.0
-14.613876 111.62692 0.0308 2.0 47.0
-14.613876 111.62692 0.0309 1.0 48.0
-16.290102 113.42188 0.0309 1.0 48.0
-16.290102 113.42188 0.0310 0.0 49.0
-17.469273 115.576225 0.0310 0.0 49.0
-17.469273 115.576225 0.0311 0.0 50.0
-18.648443 117.73057 0.0311 0.0 50.0
-16.290102 113.42188 0.0312 0.0 49.0
-18.358831 114.74551 0.0312 0.0 49.0
-18.358831 114.74551 0.0313 0.0 50.0
-20.42756 116.06913 0.0313 0.0 50.0
-9.5851965 106.24204 0.0314 8.0 45.0
-10.764367 108.396385 0.0314 8.0 45.0
-10.764367 108.396385 0.0315 7.0 46.0
-11.943538 110.55073 0.0315 7.0 46.0
-11.943538 110.55073 0.0316 6.0 47.0
-13.122708 112.70507 0.0316 6.0 47.0
-13.122708 112.70507 0.0317 5.0 48.0
-14.301879 114.85941 0.0317 5.0 48.0
-14.301879 114.85941 0.0318 4.0 49.0
-14.910443 117.238754 0.0318 4.0 49.0
-14.910443 117.238754 0.0319 3.0 50.0
-15.519008 119.618095 0.0319 3.0 50.0
-15.519008 119.618095 0.0320 0.0 51.0
-15.519008 122.07403 0.0320 0.0 51.0
-15.519008 122.07403 0.0321 0.0 52.0
-15.519008 124.52996 0.0321 0.0 52.0
-15.519008 119.618095 0.0322 2.0 51.0
-16.127573 121.99744 0.0322 2.0 51.0
-16.127573 121.99744 0.0323 1.0 52.0
-16.736137 124.37678 0.0323 1.0 52.0
-16.736137 124.37678 0.0324 0.0 53.0
-16.736137 126.83271 0.0324 0.0 53.0
-16.736137 126.83271 0.0325 0.0 54.0
-16.736137 129.28865 0.0325 0.0 54.0
-16.736137 124.37678 0.0326 0.0 53.0
-17.915308 126.53112 0.0326 0.0 53.0
-17.915308 126.53112 0.0327 0.0 54.0
-19.094479 128.68546 0.0327 0.0 54.0
-14.301879 114.85941 0.0328 4.0 49.0
-15.978106 116.65437 0.0328 4.0 49.0
-15.978106 116.65437 0.0329 3.0 50.0
-17.654331 118.44933 0.0329 3.0 50.0
-17.654331 118.44933 0.0330 0.0 51.0
-18.833502 120.603676 0.0330 0.0 51.0
-18.833502 120.603676 0.0331 0.0 52.0
-20.012672 122.75802 0.0331 0.0 52.0
-17.654331 118.44933 0.0332 2.0 51.0
-19.330557 120.24429 0.0332 2.0 51.0
-19.330557 120.24429 0.0333 1.0 52.0
-21.006783 122.03925 0.0333 1.0 52.0
-21.006783 122.03925 0.0334 0.0 53.0
-22.185953 124.193596 0.0334 0.0 53.0
-22.185953 124.193596 0.0335 0.0 54.0
-23.365124 126.34794 0.0335 0.0 54.0
-21.006783 122.03925 0.0336 0.0 53.0
-23.075512 123.36288 0.0336 0.0 53.0
-23.075512 123.36288 0.0337 0.0 54.0
-25.144241 124.6865 0.0337 0.0 54.0
-4.8685155 97.62467 0.0338 20.0 41.0
-5.47708 100.00401 0.0338 20.0 41.0
-5.47708 100.00401 0.0339 19.0 42.0
-6.0856442 102.383354 0.0339 19.0 42.0
-6.0856442 102.383354 0.0340 18.0 43.0
-6.6942086 104.762695 0.0340 18.0 43.0
-6.6942086 104.762695 0.0341 17.0 44.0
-7.302773 107.14204 0.0341 17.0 44.0
-7.302773 107.14204 0.0342 16.0 45.0
-7.9113374 109.52138 0.0342 16.0 45.0
-7.9113374 109.52138 0.0343 15.0 46.0
-8.519902 111.90072 0.0343 15.0 46.0
-8.519902 111.90072 0.0344 14.0 47.0
-9.128467 114.28006 0.0344 14.0 47.0
-9.128467 114.28006 0.0345 13.0 48.0
-9.737031 116.6594 0.0345 13.0 48.0
-9.737031 116.6594 0.0346 12.0 49.0
-9.737031 119.11533 0.0346 12.0 49.0
-9.737031 119.11533 0.0347 11.0 50.0
-9.737031 121.571266 0.0347 11.0 50.0
-9.737031 121.571266 0.0348 10.0 51.0
-9.737031 124.0272 0.0348 10.0 51.0
-9.737031 124.0272 0.0349 9.0 52.0
-9.737031 126.48313 0.0349 9.0 52.0
-9.737031 126.48313 0.0350 4.0 53.0
-10.345595 128.86247 0.0350 4.0 53.0
-10.345595 128.86247 0.0351 3.0 54.0
-10.95416 131.24182 0.0351 3.0 54.0
-10.95416 131.24182 0.0352 0.0 55.0
-10.95416 133.69775 0.0352 0.0 55.0
-10.95416 133.69775 0.0353 0.0 56.0
-10.95416 136.15369 0.0353 0.0 56.0
-10.95416 131.24182 0.0354 2.0 55.0
-11.562724 133.62117 0.0354 2.0 55.0
-11.562724 133.62117 0.0355 1.0 56.0
-12.1712885 136.00052 0.0355 1.0 56.0
-12.1712885 136.00052 0.0356 0.0 57.0
-12.1712885 138.45645 0.0356 0.0 57.0
-12.1712885 138.45645 0.0357 0.0 58.0
-12.1712885 140.91238 0.0357 0.0 58.0
-12.1712885 136.00052 0.0358 0.0 57.0
-13.350459 138.15486 0.0358 0.0 57.0
-13.350459 138.15486 0.0359 0.0 58.0
-14.52963 140.3092 0.0359 0.0 58.0
-9.737031 126.48313 0.0360 8.0 53.0
-9.737031 128.93907 0.0360 8.0 53.0
-9.737031 128.93907 0.0361 7.0 54.0
-9.737031 131.395 0.0361 7.0 54.0
-9.737031 131.395 0.0362 6.0 55.0
-9.737031 133.85094 0.0362 6.0 55.0
-9.737031 133.85094 0.0363 5.0 56.0
-9.737031 136.30687 0.0363 5.0 56.0
-9.737031 136.30687 0.0364 4.0 57.0
-9.128467 138.68622 0.0364 4.0 57.0
-9.128467 138.68622 0.0365 3.0 58.0
-8.519902 141.06557 0.0365 3.0 58.0
-8.519902 141.06557 0.0366 0.0 59.0
-7.340732 143.21991 0.0366 0.0 59.0
-7.340732 143.21991 0.0367 0.0 60.0
-6.161562 145.37425 0.0367 0.0 60.0
-8.519902 141.06557 0.0368 2.0 59.0
-7.911338 143.44492 0.0368 2.0 59.0
-7.911338 143.44492 0.0369 1.0 60.0
-7.3027735 145.82426 0.0369 1.0 60.0
-7.3027735 145.82426 0.0370 0.0 61.0
-6.1236033 147.9786 0.0370 0.0 61.0
-6.1236033 147.9786 0.0371 0.0 62.0
-4.944433 150.13295 0.0371 0.0 62.0
-7.3027735 145.82426 0.0372 0.0 61.0
-7.3027735 148.2802 0.0372 0.0 61.0
-7.3027735 148.2802 0.0373 0.0 62.0
-7.3027735 150.73613 0.0373 0.0 62.0
-9.737031 136.30687 0.0374 4.0 57.0
-10.345595 138.68622 0.0374 4.0 57.0
-10.345595 138.68622 0.0375 3.0 58.0
-10.95416 141.06557 0.0375 3.0 58.0
-10.95416 141.06557 0.0376 0.0 59.0
-10.95416 143.5215 0.0376 0.0 59.0
-10.95416 143.5215 0.0377 0.0 60.0
-10.95416 145.97743 0.0377 0.0 60.0
-10.95416 141.06557 0.0378 2.0 59.0
-11.562724 143.44492 0.0378 2.0 59.0
-11.562724 143.44492 0.0379 1.0 60.0
-12.1712885 145.82426 0.0379 1.0 60.0
-12.1712885 145.82426 0.0380 0.0 61.0
-12.1712885 148.2802 0.0380 0.0 61.0
-12.1712885 148.2802 0.0381 0.0 62.0
-12.1712885 150.73613 0.0381 0.0 62.0
-12.1712885 145.82426 0.0382 0.0 61.0
-13.350459 147.9786 0.0382 0.0 61.0
-13.350459 147.9786 0.0383 0.0 62.0
-14.52963 150.13295 0.0383 0.0 62.0
-9.737031 116.6594 0.0384 12.0 49.0
-10.916202 118.81374 0.0384 12.0 49.0
-10.916202 118.81374 0.0385 11.0 50.0
-12.095372 120.96809 0.0385 11.0 50.0
-12.095372 120.96809 0.0386 10.0 51.0
-13.274543 123.12243 0.0386 10.0 51.0
-13.274543 123.12243 0.0387 9.0 52.0
-14.453713 125.27677 0.0387 9.0 52.0
-14.453713 125.27677 0.0388 4.0 53.0
-16.12994 127.07173 0.0388 4.0 53.0
-16.12994 127.07173 0.0389 3.0 54.0
-17.806166 128.8667 0.0389 3.0 54.0
-17.806166 128.8667 0.0390 0.0 55.0
-18.985336 131.02104 0.0390 0.0 55.0
-18.985336 131.02104 0.0391 0.0 56.0
-20.164507 133.17538 0.0391 0.0 56.0
-17.806166 128.8667 0.0392 2.0 55.0
-19.482391 130.66167 0.0392 2.0 55.0
-19.482391 130.66167 0.0393 1.0 56.0
-21.158617 132.45663 0.0393 1.0 56.0
-21.158617 132.45663 0.0394 0.0 57.0
-22.337788 134.61098 0.0394 0.0 57.0
-22.337788 134.61098 0.0395 0.0 58.0
-23.516958 136.76532 0.0395 0.0 58.0
-21.158617 132.45663 0.0396 0.0 57.0
-23.227346 133.78026 0.0396 0.0 57.0
-23.227346 133.78026 0.0397 0.0 58.0
-25.296076 135.10388 0.0397 0.0 58.0
-14.453713 125.27677 0.0398 8.0 53.0
-15.632884 127.431114 0.0398 8.0 53.0
-15.632884 127.431114 0.0399 7.0 54.0
-16.812054 129.58545 0.0399 7.0 54.0
-16.812054 129.58545 0.0400 6.0 55.0
-17.991224 131.73979 0.0400 6.0 55.0
-17.991224 131.73979 0.0401 5.0 56.0
-19.170395 133.89413 0.0401 5.0 56.0
-19.170395 133.89413 0.0402 4.0 57.0
-19.77896 136.27348 0.0402 4.0 57.0
-19.77896 136.27348 0.0403 3.0 58.0
-20.387524 138.65283 0.0403 3.0 58.0
-20.387524 138.65283 0.0404 0.0 59.0
-20.387524 141.10876 0.0404 0.0 59.0
-20.387524 141.10876 0.0405 0.0 60.0
-20.387524 143.5647 0.0405 0.0 60.0
-20.387524 138.65283 0.0406 2.0 59.0
-20.996088 141.03218 0.0406 2.0 59.0
-20.996088 141.03218 0.0407 1.0 60.0
-21.604652 143.41153 0.0407 1.0 60.0
-21.604652 143.41153 0.0408 0.0 61.0
-21.604652 145.86746 0.0408 0.0 61.0
-21.604652 145.86746 0.0409 0.0 62.0
-21.604652 148.3234 0.0409 0.0 62.0
-21.604652 143.41153 0.0410 0.0 61.0
-22.783823 145.56587 0.0410 0.0 61.0
-22.783823 145.56587 0.0411 0.0 62.0
-23.962994 147.72021 0.0411 0.0 62.0
-19.170395 133.89413 0.0412 4.0 57.0
-20.84662 135.6891 0.0412 4.0 57.0
-20.84662 135.6891 0.0413 3.0 58.0
-22.522846 137.48407 0.0413 3.0 58.0
-22.522846 137.48407 0.0414 0.0 59.0
-23.702017 139.63841 0.0414 0.0 59.0
-23.702017 139.63841 0.0415 0.0 60.0
-24.881187 141.79276 0.0415 0.0 60.0
-22.522846 137.48407 0.0416 2.0 59.0
-24.199072 139.27904 0.0416 2.0 59.0
-24.199072 139.27904 0.0417 1.0 60.0
-25.875298 141.074 0.0417 1.0 60.0
-25.875298 141.074 0.0418 0.0 61.0
-27.054468 143.22835 0.0418 0.0 61.0
-27.054468 143.22835 0.0419 0.0 62.0
-28.233639 145.38269 0.0419 0.0 62.0
-25.875298 141.074 0.0420 0.0 61.0
-27.944027 142.39763 0.0420 0.0 61.0
-27.944027 142.39763 0.0421 0.0 62.0
-30.012756 143.72125 0.0421 0.0 62.0
