0.0 0.0 0.00 60.0 1.0
0.0 2.8567355 0.00 60.0 1.0
0.0 2.8567355 0.01 59.0 2.0
0.0 5.713471 0.01 59.0 2.0
0.0 5.713471 0.02 58.0 3.0
0.0 8.570207 0.02 58.0 3.0
0.0 8.570207 0.03 57.0 4.0
0.0 11.426942 0.03 57.0 4.0
0.0 11.426942 0.04 56.0 5.0
0.0 14.283677 0.04 56.0 5.0
0.0 14.283677 0.05 55.0 6.0
0.0 17.140413 0.05 55.0 6.0
0.0 17.140413 0.06 54.0 7.0
0.0 19.997149 0.06 54.0 7.0
0.0 19.997149 0.07 53.0 8.0
0.0 22.853884 0.07 53.0 8.0
0.0 22.853884 0.08 52.0 9.0
0.0 25.710619 0.08 52.0 9.0
0.0 25.710619 0.09 51.0 10.0
0.0 28.567354 0.09 51.0 10.0
0.0 28.567354 0.010 50.0 11.0
0.0 31.42409 0.010 50.0 11.0
0.0 31.42409 0.011 49.0 12.0
0.0 34.280827 0.011 49.0 12.0
0.0 34.280827 0.012 48.0 13.0
0.0 37.13756 0.012 48.0 13.0
0.0 37.13756 0.013 47.0 14.0
0.0 39.994297 0.013 47.0 14.0
0.0 39.994297 0.014 46.0 15.0
0.0 42.851032 0.014 46.0 15.0
0.0 42.851032 0.015 45.0 16.0
0.0 45.707767 0.015 45.0 16.0
0.0 45.707767 0.016 28.0 17.0
-0.77159846 48.45833 0.016 28.0 17.0
-0.77159846 48.45833 0.017 27.0 18.0
-1.5431969 51.208885 0.017 27.0 18.0
-1.5431969 51.208885 0.018 26.0 19.0
-2.3147955 53.959442 0.018 26.0 19.0
-2.3147955 53.959442 0.019 25.0 20.0
-3.0863938 56.71 0.019 25.0 20.0
-3.0863938 56.71 0.020 24.0 21.0
-3.8579922 59.460556 0.020 24.0 21.0
-3.8579922 59.460556 0.021 23.0 22.0
-4.6295905 62.211113 0.021 23.0 22.0
-4.6295905 62.211113 0.022 22.0 23.0
-5.401189 64.96167 0.022 22.0 23.0
-5.401189 64.96167 0.023 21.0 24.0
-6.172787 67.71223 0.023 21.0 24.0
-6.172787 67.71223 0.024 12.0 25.0
-6.172787 70.56896 0.024 12.0 25.0
-6.172787 70.56896 0.025 11.0 26.0
-6.172787 73.4257 0.025 11.0 26.0
-6.172787 73.4257 0.026 10.0 27.0
-6.172787 76.28243 0.026 10.0 27.0
-6.172787 76.28243 0.027 9.0 28.0
-6.172787 79.13917 0.027 9.0 28.0
-6.172787 79.13917 0.028 4.0 29.0
-5.401189 81.889725 0.028 4.0 29.0
-5.401189 81.889725 0.029 3.0 30.0
-4.6295905 84.64028 0.029 3.0 30.0
-4.6295905 84.64028 0.030 0.0 31.0
-4.6295905 87.49702 0.030 0.0 31.0
-4.6295905 87.49702 0.031 0.0 32.0
-4.6295905 90.35375 0.031 0.0 32.0
-4.6295905 84.64028 0.032 2.0 31.0
-3.8579922 87.39084 0.032 2.0 31.0
-3.8579922 87.39084 0.033 1.0 32.0
-3.0863938 90.141396 0.033 1.0 32.0
-3.0863938 90.141396 0.034 0.0 33.0
-1.6005532 92.581314 0.034 0.0 33.0
-1.6005532 92.581314 0.035 0.0 34.0
-0.11471248 95.02123 0.035 0.0 34.0
-3.0863938 90.141396 0.036 0.0 33.0
-3.0863938 92.99813 0.036 0.0 33.0
-3.0863938 92.99813 0.037 0.0 34.0
-3.0863938 95.854866 0.037 0.0 34.0
-6.172787 79.13917 0.038 8.0 29.0
-6.172787 81.9959 0.038 8.0 29.0
-6.172787 81.9959 0.039 7.0 30.0
-6.172787 84.85264 0.039 7.0 30.0
-6.172787 84.85264 0.040 6.0 31.0
-6.172787 87.70937 0.040 6.0 31.0
-6.172787 87.70937 0.041 5.0 32.0
-6.172787 90.56611 0.041 5.0 32.0
-6.172787 90.56611 0.042 4.0 33.0
-5.401189 93.316666 0.042 4.0 33.0
-5.401189 93.316666 0.043 3.0 34.0
-4.6295905 96.06722 0.043 3.0 34.0
-4.6295905 96.06722 0.044 0.0 35.0
-4.6295905 98.92396 0.044 0.0 35.0
-4.6295905 98.92396 0.045 0.0 36.0
-4.6295905 101.78069 0.045 0.0 36.0
-4.6295905 96.06722 0.046 2.0 35.0
-3.8579922 98.81778 0.046 2.0 35.0
-3.8579922 98.81778 0.047 1.0 36.0
-3.0863938 101.56834 0.047 1.0 36.0
-3.0863938 101.56834 0.048 0.0 37.0
-1.6005532 104.008255 0.048 0.0 37.0
-1.6005532 104.008255 0.049 0.0 38.0
-0.11471248 106.44817 0.049 0.0 38.0
-3.0863938 101.56834 0.050 0.0 37.0
-3.0863938 104.42507 0.050 0.0 37.0
-3.0863938 104.42507 0.051 0.0 38.0
-3.0863938 107.28181 0.051 0.0 38.0
-6.172787 90.56611 0.052 4.0 33.0
-6.9443855 93.316666 0.052 4.0 33.0
-6.9443855 93.316666 0.053 3.0 34.0
-7.715984 96.06722 0.053 3.0 34.0
-7.715984 96.06722 0.054 0.0 35.0
-9.201824 98.50714 0.054 0.0 35.0
-9.201824 98.50714 0.055 0.0 36.0
-10.687665 100.94706 0.055 0.0 36.0
-7.715984 96.06722 0.056 2.0 35.0
-8.487582 98.81778 0.056 2.0 35.0
-8.487582 98.81778 0.057 1.0 36.0
-9.259181 101.56834 0.057 1.0 36.0
-9.259181 101.56834 0.058 0.0 37.0
-9.259181 104.42507 0.058 0.0 37.0
-9.259181 104.42507 0.059 0.0 38.0
-9.259181 107.28181 0.059 0.0 38.0
-9.259181 101.56834 0.060 0.0 37.0
-10.745022 104.008255 0.060 0.0 37.0
-10.745022 104.008255 0.061 0.0 38.0
-12.230863 106.44817 0.061 0.0 38.0
-6.172787 67.71223 0.062 20.0 25.0
-6.9443855 70.46278 0.062 20.0 25.0
-6.9443855 70.46278 0.063 19.0 26.0
-7.715984 73.21334 0.063 19.0 26.0
-7.715984 73.21334 0.064 18.0 27.0
-8.487582 75.9639 0.064 18.0 27.0
-8.487582 75.9639 0.065 17.0 28.0
-9.259181 78.714455 0.065 17.0 28.0
-9.259181 78.714455 0.066 16.0 29.0
-10.03078 81.46501 0.066 16.0 29.0
-10.03078 81.46501 0.067 15.0 30.0
-10.802379 84.21557 0.067 15.0 30.0
-10.802379 84.21557 0.068 14.0 31.0
-11.573977 86.966125 0.068 14.0 31.0
-11.573977 86.966125 0.069 13.0 32.0
-12.345576 89.71668 0.069 13.0 32.0
-12.345576 89.71668 0.070 12.0 33.0
-12.345576 92.57342 0.070 12.0 33.0
-12.345576 92.57342 0.071 11.0 34.0
-12.345576 95.43015 0.071 11.0 34.0
-12.345576 95.43015 0.072 10.0 35.0
-12.345576 98.28689 0.072 10.0 35.0
-12.345576 98.28689 0.073 9.0 36.0
-12.345576 101.14362 0.073 9.0 36.0
-12.345576 101.14362 0.074 4.0 37.0
-11.573977 103.89418 0.074 4.0 37.0
-11.573977 103.89418 0.075 3.0 38.0
-10.802379 106.64474 0.075 3.0 38.0
-10.802379 106.64474 0.076 0.0 39.0
-10.802379 109.50147 0.076 0.0 39.0
-10.802379 109.50147 0.077 0.0 40.0
-10.802379 112.35821 0.077 0.0 40.0
-10.802379 106.64474 0.078 2.0 39.0
-10.03078 109.395294 0.078 2.0 39.0
-10.03078 109.395294 0.079 1.0 40.0
-9.259181 112.14585 0.079 1.0 40.0
-9.259181 112.14585 0.080 0.0 41.0
-7.77334 114.58577 0.080 0.0 41.0
-7.77334 114.58577 0.081 0.0 42.0
-6.2874994 117.02569 0.081 0.0 42.0
-9.259181 112.14585 0.082 0.0 41.0
-9.259181 115.00259 0.082 0.0 41.0
-9.259181 115.00259 0.083 0.0 42.0
-9.259181 117.85932 0.083 0.0 42.0
-12.345576 101.14362 0.084 8.0 37.0
-12.345576 104.00036 0.084 8.0 37.0
-12.345576 104.00036 0.085 7.0 38.0
-12.345576 106.85709 0.085 7.0 38.0
-12.345576 106.85709 0.086 6.0 39.0
-12.345576 109.71383 0.086 6.0 39.0
-12.345576 109.71383 0.087 5.0 40.0
-12.345576 112.570564 0.087 5.0 40.0
-12.345576 112.570564 0.088 4.0 41.0
-11.573977 115.32112 0.088 4.0 41.0
-11.573977 115.32112 0.089 3.0 42.0
-10.802379 118.07168 0.089 3.0 42.0
-10.802379 118.07168 0.090 0.0 43.0
-10.802379 120.92841 0.090 0.0 43.0
-10.802379 120.92841 0.091 0.0 44.0
-10.802379 123.78515 0.091 0.0 44.0
-10.802379 118.07168 0.092 2.0 43.0
-10.03078 120.822235 0.092 2.0 43.0
-10.03078 120.822235 0.093 1.0 44.0
-9.259181 123.57279 0.093 1.0 44.0
-9.259181 123.57279 0.094 0.0 45.0
-7.77334 126.01271 0.094 0.0 45.0
-7.77334 126.01271 0.095 0.0 46.0
-6.2874994 128.45264 0.095 0.0 46.0
-9.259181 123.57279 0.096 0.0 45.0
-9.259181 126.42953 0.096 0.0 45.0
-9.259181 126.42953 0.097 0.0 46.0
-9.259181 129.28627 0.097 0.0 46.0
-12.345576 112.570564 0.098 4.0 41.0
-13.117175 115.32112 0.098 4.0 41.0
-13.117175 115.32112 0.099 3.0 42.0
-13.888774 118.07168 0.099 3.0 42.0
-13.888774 118.07168 0.0100 0.0 43.0
-15.374615 120.5116 0.0100 0.0 43.0
-15.374615 120.5116 0.0101 0.0 44.0
-16.860455 122.951515 0.0101 0.0 44.0
-13.888774 118.07168 0.0102 2.0 43.0
-14.660373 120.822235 0.0102 2.0 43.0
-14.660373 120.822235 0.0103 1.0 44.0
-15.431972 123.57279 0.0103 1.0 44.0
-15.431972 123.57279 0.0104 0.0 45.0
-15.431972 126.42953 0.0104 0.0 45.0
-15.431972 126.42953 0.0105 0.0 46.0
-15.431972 129.28627 0.0105 0.0 46.0
-15.431972 123.57279 0.0106 0.0 45.0
-16.917812 126.01271 0.0106 0.0 45.0
-16.917812 126.01271 0.0107 0.0 46.0
-18.403652 128.45264 0.0107 0.0 46.0
-12.345576 89.71668 0.0108 12.0 33.0
-13.831417 92.1566 0.0108 12.0 33.0
-13.831417 92.1566 0.0109 11.0 34.0
-15.317258 94.59652 0.0109 11.0 34.0
-15.317258 94.59652 0.0110 10.0 35.0
-16.803099 97.03644 0.0110 10.0 35.0
-16.803099 97.03644 0.0111 9.0 36.0
-18.288939 99.47636 0.0111 9.0 36.0
-18.288939 99.47636 0.0112 4.0 37.0
-19.060537 102.22691 0.0112 4.0 37.0
-19.060537 102.22691 0.0113 3.0 38.0
-19.832136 104.97747 0.0113 3.0 38.0
-19.832136 104.97747 0.0114 0.0 39.0
-21.317976 107.41739 0.0114 0.0 39.0
-21.317976 107.41739 0.0115 0.0 40.0
-22.803816 109.85731 0.0115 0.0 40.0
-19.832136 104.97747 0.0116 2.0 39.0
-20.603735 107.72803 0.0116 2.0 39.0
-20.603735 107.72803 0.0117 1.0 40.0
-21.375334 110.478584 0.0117 1.0 40.0
-21.375334 110.478584 0.0118 0.0 41.0
-21.375334 113.33532 0.0118 0.0 41.0
-21.375334 113.33532 0.0119 0.0 42.0
-21.375334 116.192055 0.0119 0.0 42.0
-21.375334 110.478584 0.0120 0.0 41.0
-22.861174 112.9185 0.0120 0.0 41.0
-22.861174 112.9185 0.0121 0.0 42.0
-24.347013 115.35842 0.0121 0.0 42.0
-18.288939 99.47636 0.0122 8.0 37.0
-19.774778 101.916275 0.0122 8.0 37.0
-19.774778 101.916275 0.0123 7.0 38.0
-21.260618 104.35619 0.0123 7.0 38.0
-21.260618 104.35619 0.0124 6.0 39.0
-22.746458 106.79611 0.0124 6.0 39.0
-22.746458 106.79611 0.0125 5.0 40.0
-24.232298 109.23603 0.0125 5.0 40.0
-24.232298 109.23603 0.0126 4.0 41.0
-25.003897 111.98659 0.0126 4.0 41.0
-25.003897 111.98659 0.0127 3.0 42.0
-25.775496 114.737144 0.0127 3.0 42.0
-25.775496 114.737144 0.0128 0.0 43.0
-27.261335 117.17706 0.0128 0.0 43.0
-27.261335 117.17706 0.0129 0.0 44.0
-28.747175 119.61698 0.0129 0.0 44.0
-25.775496 114.737144 0.0130 2.0 43.0
-26.547094 117.4877 0.0130 2.0 43.0
-26.547094 117.4877 0.0131 1.0 44.0
-27.318693 120.23826 0.0131 1.0 44.0
-27.318693 120.23826 0.0132 0.0 45.0
-27.318693 123.09499 0.0132 0.0 45.0
-27.318693 123.09499 0.0133 0.0 46.0
-27.318693 125.95173 0.0133 0.0 46.0
-27.318693 120.23826 0.0134 0.0 45.0
-28.804533 122.67818 0.0134 0.0 45.0
-28.804533 122.67818 0.0135 0.0 46.0
-30.290373 125.118095 0.0135 0.0 46.0
-24.232298 109.23603 0.0136 4.0 41.0
-26.321932 111.183945 0.0136 4.0 41.0
-26.321932 111.183945 0.0137 3.0 42.0
-28.411566 113.13186 0.0137 3.0 42.0
-28.411566 113.13186 0.0138 0.0 43.0
-30.949661 114.44297 0.0138 0.0 43.0
-30.949661 114.44297 0.0139 0.0 44.0
-33.48776 115.75408 0.0139 0.0 44.0
-28.411566 113.13186 0.0140 2.0 43.0
-30.5012 115.07977 0.0140 2.0 43.0
-30.5012 115.07977 0.0141 1.0 44.0
-32.590836 117.02769 0.0141 1.0 44.0
-32.590836 117.02769 0.0142 0.0 45.0
-34.076675 119.467606 0.0142 0.0 45.0
-34.076675 119.467606 0.0143 0.0 46.0
-35.562515 121.907524 0.0143 0.0 46.0
-32.590836 117.02769 0.0144 0.0 45.0
-35.128933 118.3388 0.0144 0.0 45.0
-35.128933 118.3388 0.0145 0.0 46.0
-37.66703 119.64991 0.0145 0.0 46.0
0.0 45.707767 0.0146 44.0 17.0
0.0 48.564503 0.0146 44.0 17.0
0.0 48.564503 0.0147 43.0 18.0
0.0 51.421238 0.0147 43.0 18.0
0.0 51.421238 0.0148 42.0 19.0
0.0 54.277973 0.0148 42.0 19.0
0.0 54.277973 0.0149 41.0 20.0
0.0 57.13471 0.0149 41.0 20.0
0.0 57.13471 0.0150 40.0 21.0
0.0 59.991444 0.0150 40.0 21.0
0.0 59.991444 0.0151 39.0 22.0
0.0 62.84818 0.0151 39.0 22.0
0.0 62.84818 0.0152 38.0 23.0
0.0 65.70492 0.0152 38.0 23.0
0.0 65.70492 0.0153 37.0 24.0
0.0 68.56165 0.0153 37.0 24.0
0.0 68.56165 0.0154 36.0 25.0
0.0 71.41839 0.0154 36.0 25.0
0.0 71.41839 0.0155 35.0 26.0
0.0 74.27512 0.0155 35.0 26.0
0.0 74.27512 0.0156 34.0 27.0
0.0 77.13186 0.0156 34.0 27.0
0.0 77.13186 0.0157 33.0 28.0
0.0 79.988594 0.0157 33.0 28.0
0.0 79.988594 0.0158 32.0 29.0
0.0 82.84533 0.0158 32.0 29.0
0.0 82.84533 0.0159 31.0 30.0
0.0 85.702065 0.0159 31.0 30.0
0.0 85.702065 0.0160 30.0 31.0
0.0 88.5588 0.0160 30.0 31.0
0.0 88.5588 0.0161 29.0 32.0
0.0 91.415535 0.0161 29.0 32.0
0.0 91.415535 0.0162 28.0 33.0
0.77159846 94.16609 0.0162 28.0 33.0
0.77159846 94.16609 0.0163 27.0 34.0
1.5431969 96.91665 0.0163 27.0 34.0
1.5431969 96.91665 0.0164 26.0 35.0
2.3147955 99.667206 0.0164 26.0 35.0
2.3147955 99.667206 0.0165 25.0 36.0
3.0863938 102.41776 0.0165 25.0 36.0
3.0863938 102.41776 0.0166 24.0 37.0
3.8579922 105.16832 0.0166 24.0 37.0
3.8579922 105.16832 0.0167 23.0 38.0
4.6295905 107.91888 0.0167 23.0 38.0
4.6295905 107.91888 0.0168 22.0 39.0
5.401189 110.66943 0.0168 22.0 39.0
5.401189 110.66943 0.0169 21.0 40.0
6.172787 113.41999 0.0169 21.0 40.0
6.172787 113.41999 0.0170 12.0 41.0
7.658628 115.85991 0.0170 12.0 41.0
7.658628 115.85991 0.0171 11.0 42.0
9.144468 118.29983 0.0171 11.0 42.0
9.144468 118.29983 0.0172 10.0 43.0
10.630309 120.739746 0.0172 10.0 43.0
10.630309 120.739746 0.0173 9.0 44.0
12.11615 123.179665 0.0173 9.0 44.0
12.11615 123.179665 0.0174 4.0 45.0
14.205784 125.12758 0.0174 4.0 45.0
14.205784 125.12758 0.0175 3.0 46.0
16.295418 127.07549 0.0175 3.0 46.0
16.295418 127.07549 0.0176 0.0 47.0
17.781258 129.51541 0.0176 0.0 47.0
17.781258 129.51541 0.0177 0.0 48.0
19.267097 131.95534 0.0177 0.0 48.0
16.295418 127.07549 0.0178 2.0 47.0
18.385052 129.0234 0.0178 2.0 47.0
18.385052 129.0234 0.0179 1.0 48.0
20.474686 130.97131 0.0179 1.0 48.0
20.474686 130.97131 0.0180 0.0 49.0
23.012781 132.28242 0.0180 0.0 49.0
23.012781 132.28242 0.0181 0.0 50.0
25.550877 133.59354 0.0181 0.0 50.0
20.474686 130.97131 0.0182 0.0 49.0
21.960526 133.41124 0.0182 0.0 49.0
21.960526 133.41124 0.0183 0.0 50.0
23.446365 135.85117 0.0183 0.0 50.0
12.11615 123.179665 0.0184 8.0 45.0
13.601991 125.61958 0.0184 8.0 45.0
13.601991 125.61958 0.0185 7.0 46.0
15.0878315 128.05951 0.0185 7.0 46.0
15.0878315 128.05951 0.0186 6.0 47.0
16.573671 130.49944 0.0186 6.0 47.0
16.573671 130.49944 0.0187 5.0 48.0
18.059511 132.93936 0.0187 5.0 48.0
18.059511 132.93936 0.0188 4.0 49.0
20.149145 134.88727 0.0188 4.0 49.0
20.149145 134.88727 0.0189 3.0 50.0
22.23878 136.83517 0.0189 3.0 50.0
22.23878 136.83517 0.0190 0.0 51.0
23.724619 139.2751 0.0190 0.0 51.0
23.724619 139.2751 0.0191 0.0 52.0
25.210459 141.71503 0.0191 0.0 52.0
22.23878 136.83517 0.0192 2.0 51.0
24.328413 138.78308 0.0192 2.0 51.0
24.328413 138.78308 0.0193 1.0 52.0
26.418047 140.73099 0.0193 1.0 52.0
26.418047 140.73099 0.0194 0.0 53.0
28.956142 142.0421 0.0194 0.0 53.0
28.956142 142.0421 0.0195 0.0 54.0
31.494238 143.35321 0.0195 0.0 54.0
26.418047 140.73099 0.0196 0.0 53.0
27.903887 143.17091 0.0196 0.0 53.0
27.903887 143.17091 0.0197 0.0 54.0
29.389727 145.61084 0.0197 0.0 54.0
18.059511 132.93936 0.0198 4.0 49.0
18.83111 135.68993 0.0198 4.0 49.0
18.83111 135.68993 0.0199 3.0 50.0
19.602709 138.44049 0.0199 3.0 50.0
19.602709 138.44049 0.0200 0.0 51.0
19.602709 141.29723 0.0200 0.0 51.0
19.602709 141.29723 0.0201 0.0 52.0
19.602709 144.15396 0.0201 0.0 52.0
19.602709 138.44049 0.0202 2.0 51.0
20.374308 141.19106 0.0202 2.0 51.0
20.374308 141.19106 0.0203 1.0 52.0
21.145906 143.94162 0.0203 1.0 52.0
21.145906 143.94162 0.0204 0.0 53.0
22.631746 146.38155 0.0204 0.0 53.0
22.631746 146.38155 0.0205 0.0 54.0
24.117586 148.82147 0.0205 0.0 54.0
21.145906 143.94162 0.0206 0.0 53.0
21.145906 146.79836 0.0206 0.0 53.0
21.145906 146.79836 0.0207 0.0 54.0
21.145906 149.65509 0.0207 0.0 54.0
6.172787 113.41999 0.0208 20.0 41.0
6.9443855 116.17055 0.0208 20.0 41.0
6.9443855 116.17055 0.0209 19.0 42.0
7.715984 118.921104 0.0209 19.0 42.0
7.715984 118.921104 0.0210 18.0 43.0
8.487582 121.67166 0.0210 18.0 43.0
8.487582 121.67166 0.0211 17.0 44.0
9.259181 124.42222 0.0211 17.0 44.0
9.259181 124.42222 0.0212 16.0 45.0
10.03078 127.172775 0.0212 16.0 45.0
10.03078 127.172775 0.0213 15.0 46.0
10.802379 129.92334 0.0213 15.0 46.0
10.802379 129.92334 0.0214 14.0 47.0
11.573977 132.6739 0.0214 14.0 47.0
11.573977 132.6739 0.0215 13.0 48.0
12.345576 135.42447 0.0215 13.0 48.0
12.345576 135.42447 0.0216 12.0 49.0
13.831417 137.8644 0.0216 12.0 49.0
13.831417 137.8644 0.0217 11.0 50.0
15.317258 140.30432 0.0217 11.0 50.0
15.317258 140.30432 0.0218 10.0 51.0
16.803099 142.74425 0.0218 10.0 51.0
16.803099 142.74425 0.0219 9.0 52.0
18.288939 145.18417 0.0219 9.0 52.0
18.288939 145.18417 0.0220 4.0 53.0
20.378572 147.13208 0.0220 4.0 53.0
20.378572 147.13208 0.0221 3.0 54.0
22.468206 149.07999 0.0221 3.0 54.0
22.468206 149.07999 0.0222 0.0 55.0
23.954046 151.51991 0.0222 0.0 55.0
23.954046 151.51991 0.0223 0.0 56.0
25.439886 153.95984 0.0223 0.0 56.0
22.468206 149.07999 0.0224 2.0 55.0
24.55784 151.0279 0.0224 2.0 55.0
24.55784 151.0279 0.0225 1.0 56.0
26.647474 152.9758 0.0225 1.0 56.0
26.647474 152.9758 0.0226 0.0 57.0
29.18557 154.28691 0.0226 0.0 57.0
29.18557 154.28691 0.0227 0.0 58.0
31.723665 155.59802 0.0227 0.0 58.0
26.647474 152.9758 0.0228 0.0 57.0
28.133314 155.41573 0.0228 0.0 57.0
28.133314 155.41573 0.0229 0.0 58.0
29.619154 157.85565 0.0229 0.0 58.0
18.288939 145.18417 0.0230 8.0 53.0
19.774778 147.6241 0.0230 8.0 53.0
19.774778 147.6241 0.0231 7.0 54.0
21.260618 150.06403 0.0231 7.0 54.0
21.260618 150.06403 0.0232 6.0 55.0
22.746458 152.50395 0.0232 6.0 55.0
22.746458 152.50395 0.0233 5.0 56.0
24.232298 154.94388 0.0233 5.0 56.0
24.232298 154.94388 0.0234 4.0 57.0
26.321932 156.89178 0.0234 4.0 57.0
26.321932 156.89178 0.0235 3.0 58.0
28.411566 158.83969 0.0235 3.0 58.0
28.411566 158.83969 0.0236 0.0 59.0
29.897406 161.27962 0.0236 0.0 59.0
29.897406 161.27962 0.0237 0.0 60.0
31.383245 163.71954 0.0237 0.0 60.0
28.411566 158.83969 0.0238 2.0 59.0
30.5012 160.7876 0.0238 2.0 59.0
30.5012 160.7876 0.0239 1.0 60.0
32.590836 162.7355 0.0239 1.0 60.0
32.590836 162.7355 0.0240 0.0 61.0
35.128933 164.04662 0.0240 0.0 61.0
35.128933 164.04662 0.0241 0.0 62.0
37.66703 165.35773 0.0241 0.0 62.0
32.590836 162.7355 0.0242 0.0 61.0
34.076675 165.17543 0.0242 0.0 61.0
34.076675 165.17543 0.0243 0.0 62.0
35.562515 167.61536 0.0243 0.0 62.0
24.232298 154.94388 0.0244 4.0 57.0
25.003897 157.69444 0.0244 4.0 57.0
25.003897 157.69444 0.0245 3.0 58.0
25.775496 160.445 0.0245 3.0 58.0
25.775496 160.445 0.0246 0.0 59.0
25.775496 163.30174 0.0246 0.0 59.0
25.775496 163.30174 0.0247 0.0 60.0
25.775496 166.15848 0.0247 0.0 60.0
25.775496 160.445 0.0248 2.0 59.0
26.547094 163.19557 0.0248 2.0 59.0
26.547094 163.19557 0.0249 1.0 60.0
27.318693 165.94614 0.0249 1.0 60.0
27.318693 165.94614 0.0250 0.0 61.0
28.804533 168.38606 0.0250 0.0 61.0
28.804533 168.38606 0.0251 0.0 62.0
30.290373 170.82599 0.0251 0.0 62.0
27.318693 165.94614 0.0252 0.0 61.0
27.318693 168.80287 0.0252 0.0 61.0
27.318693 168.80287 0.0253 0.0 62.0
27.318693 171.6596 0.0253 0.0 62.0
12.345576 135.42447 0.0254 12.0 49.0
12.345576 138.2812 0.0254 12.0 49.0
12.345576 138.2812 0.0255 11.0 50.0
12.345576 141.13794 0.0255 11.0 50.0
12.345576 141.13794 0.0256 10.0 51.0
12.345576 143.99467 0.0256 10.0 51.0
12.345576 143.99467 0.0257 9.0 52.0
12.345576 146.85141 0.0257 9.0 52.0
12.345576 146.85141 0.0258 4.0 53.0
13.117175 149.60197 0.0258 4.0 53.0
13.117175 149.60197 0.0259 3.0 54.0
13.888774 152.35254 0.0259 3.0 54.0
13.888774 152.35254 0.0260 0.0 55.0
13.888774 155.20927 0.0260 0.0 55.0
13.888774 155.20927 0.0261 0.0 56.0
13.888774 158.06601 0.0261 0.0 56.0
13.888774 152.35254 0.0262 2.0 55.0
14.660373 155.1031 0.0262 2.0 55.0
14.660373 155.1031 0.0263 1.0 56.0
15.431972 157.85367 0.0263 1.0 56.0
15.431972 157.85367 0.0264 0.0 57.0
16.917812 160.2936 0.0264 0.0 57.0
16.917812 160.2936 0.0265 0.0 58.0
18.403652 162.73352 0.0265 0.0 58.0
15.431972 157.85367 0.0266 0.0 57.0
15.431972 160.7104 0.0266 0.0 57.0
15.431972 160.7104 0.0267 0.0 58.0
15.431972 163.56714 0.0267 0.0 58.0
12.345576 146.85141 0.0268 8.0 53.0
12.345576 149.70815 0.0268 8.0 53.0
12.345576 149.70815 0.0269 7.0 54.0
12.345576 152.56488 0.0269 7.0 54.0
12.345576 152.56488 0.0270 6.0 55.0
12.345576 155.42162 0.0270 6.0 55.0
12.345576 155.42162 0.0271 5.0 56.0
12.345576 158.27835 0.0271 5.0 56.0
12.345576 158.27835 0.0272 4.0 57.0
13.117175 161.02892 0.0272 4.0 57.0
13.117175 161.02892 0.0273 3.0 58.0
13.888774 163.77948 0.0273 3.0 58.0
13.888774 163.77948 0.0274 0.0 59.0
13.888774 166.63622 0.0274 0.0 59.0
13.888774 166.63622 0.0275 0.0 60.0
13.888774 169.49295 0.0275 0.0 60.0
13.888774 163.77948 0.0276 2.0 59.0
14.660373 166.53004 0.0276 2.0 59.0
14.660373 166.53004 0.0277 1.0 60.0
15.431972 169.28061 0.0277 1.0 60.0
15.431972 169.28061 0.0278 0.0 61.0
16.917812 171.72054 0.0278 0.0 61.0
16.917812 171.72054 0.0279 0.0 62.0
18.403652 174.16046 0.0279 0.0 62.0
15.431972 169.28061 0.0280 0.0 61.0
15.431972 172.13734 0.0280 0.0 61.0
15.431972 172.13734 0.0281 0.0 62.0
15.431972 174.99408 0.0281 0.0 62.0
12.345576 158.27835 0.0282 4.0 57.0
11.573977 161.02892 0.0282 4.0 57.0
11.573977 161.02892 0.0283 3.0 58.0
10.802379 163.77948 0.0283 3.0 58.0
10.802379 163.77948 0.0284 0.0 59.0
9.316538 166.2194 0.0284 0.0 59.0
9.316538 166.2194 0.0285 0.0 60.0
7.830697 168.65933 0.0285 0.0 60.0
10.802379 163.77948 0.0286 2.0 59.0
10.03078 166.53004 0.0286 2.0 59.0
10.03078 166.53004 0.0287 1.0 60.0
9.259181 169.28061 0.0287 1.0 60.0
9.259181 169.28061 0.0288 0.0 61.0
9.259181 172.13734 0.0288 0.0 61.0
9.259181 172.13734 0.0289 0.0 62.0
9.259181 174.99408 0.0289 0.0 62.0
9.259181 169.28061 0.0290 0.0 61.0
7.77334 171.72054 0.0290 0.0 61.0
7.77334 171.72054 0.0291 0.0 62.0
6.2874994 174.16046 0.0291 0.0 62.0
0.0 91.415535 0.0292 28.0 33.0
-0.77159846 94.16609 0.0292 28.0 33.0
-0.77159846 94.16609 0.0293 27.0 34.0
-1.5431969 96.91665 0.0293 27.0 34.0
-1.5431969 96.91665 0.0294 26.0 35.0
-2.3147955 99.667206 0.0294 26.0 35.0
-2.3147955 99.667206 0.0295 25.0 36.0
-3.0863938 102.41776 0.0295 25.0 36.0
-3.0863938 102.41776 0.0296 24.0 37.0
-3.8579922 105.16832 0.0296 24.0 37.0
-3.8579922 105.16832 0.0297 23.0 38.0
-4.6295905 107.91888 0.0297 23.0 38.0
-4.6295905 107.91888 0.0298 22.0 39.0
-5.401189 110.66943 0.0298 22.0 39.0
-5.401189 110.66943 0.0299 21.0 40.0
-6.172787 113.41999 0.0299 21.0 40.0
-6.172787 113.41999 0.0300 12.0 41.0
-6.172787 116.276726 0.0300 12.0 41.0
-6.172787 116.276726 0.0301 11.0 42.0
-6.172787 119.13346 0.0301 11.0 42.0
-6.172787 119.13346 0.0302 10.0 43.0
-6.172787 121.9902 0.0302 10.0 43.0
-6.172787 121.9902 0.0303 9.0 44.0
-6.172787 124.84693 0.0303 9.0 44.0
-6.172787 124.84693 0.0304 4.0 45.0
-5.401189 127.59749 0.0304 4.0 45.0
-5.401189 127.59749 0.0305 3.0 46.0
-4.6295905 130.34805 0.0305 3.0 46.0
-4.6295905 130.34805 0.0306 0.0 47.0
-4.6295905 133.20479 0.0306 0.0 47.0
-4.6295905 133.20479 0.0307 0.0 48.0
-4.6295905 136.06152 0.0307 0.0 48.0
-4.6295905 130.34805 0.0308 2.0 47.0
-3.8579922 133.09862 0.0308 2.0 47.0
-3.8579922 133.09862 0.0309 1.0 48.0
-3.0863938 135.84918 0.0309 1.0 48.0
-3.0863938 135.84918 0.0310 0.0 49.0
-1.6005532 138.28911 0.0310 0.0 49.0
-1.6005532 138.28911 0.0311 0.0 50.0
-0.11471248 140.72903 0.0311 0.0 50.0
-3.0863938 135.84918 0.0312 0.0 49.0
-3.0863938 138.70592 0.0312 0.0 49.0
-3.0863938 138.70592 0.0313 0.0 50.0
-3.0863938 141.56265 0.0313 0.0 50.0
-6.172787 124.84693 0.0314 8.0 45.0
-6.172787 127.70367 0.0314 8.0 45.0
-6.172787 127.70367 0.0315 7.0 46.0
-6.172787 130.56041 0.0315 7.0 46.0
-6.172787 130.56041 0.0316 6.0 47.0
-6.172787 133.41714 0.0316 6.0 47.0
-6.172787 133.41714 0.0317 5.0 48.0
-6.172787 136.27388 0.0317 5.0 48.0
-6.172787 136.27388 0.0318 4.0 49.0
-5.401189 139.02444 0.0318 4.0 49.0
-5.401189 139.02444 0.0319 3.0 50.0
-4.6295905 141.77501 0.0319 3.0 50.0
-4.6295905 141.77501 0.0320 0.0 51.0
-4.6295905 144.63174 0.0320 0.0 51.0
-4.6295905 144.63174 0.0321 0.0 52.0
-4.6295905 147.48848 0.0321 0.0 52.0
-4.6295905 141.77501 0.0322 2.0 51.0
-3.8579922 144.52557 0.0322 2.0 51.0
-3.8579922 144.52557 0.0323 1.0 52.0
-3.0863938 147.27614 0.0323 1.0 52.0
-3.0863938 147.27614 0.0324 0.0 53.0
-1.6005532 149.71606 0.0324 0.0 53.0
-1.6005532 149.71606 0.0325 0.0 54.0
-0.11471248 152.15599 0.0325 0.0 54.0
-3.0863938 147.27614 0.0326 0.0 53.0
-3.0863938 150.13287 0.0326 0.0 53.0
-3.0863938 150.13287 0.0327 0.0 54.0
-3.0863938 152.98961 0.0327 0.0 54.0
-6.172787 136.27388 0.0328 4.0 49.0
-6.9443855 139.02444 0.0328 4.0 49.0
-6.9443855 139.02444 0.0329 3.0 50.0
-7.715984 141.77501 0.0329 3.0 50.0
-7.715984 141.77501 0.0330 0.0 51.0
-9.201824 144.21494 0.0330 0.0 51.0
-9.201824 144.21494 0.0331 0.0 52.0
-10.687665 146.65486 0.0331 0.0 52.0
-7.715984 141.77501 0.0332 2.0 51.0
-8.487582 144.52557 0.0332 2.0 51.0
-8.487582 144.52557 0.0333 1.0 52.0
-9.259181 147.27614 0.0333 1.0 52.0
-9.259181 147.27614 0.0334 0.0 53.0
-9.259181 150.13287 0.0334 0.0 53.0
-9.259181 150.13287 0.0335 0.0 54.0
-9.259181 152.98961 0.0335 0.0 54.0
-9.259181 147.27614 0.0336 0.0 53.0
-10.745022 149.71606 0.0336 0.0 53.0
-10.745022 149.71606 0.0337 0.0 54.0
-12.230863 152.15599 0.0337 0.0 54.0
-6.172787 113.41999 0.0338 20.0 41.0
-6.9443855 116.17055 0.0338 20.0 41.0
-6.9443855 116.17055 0.0339 19.0 42.0
-7.715984 118.921104 0.0339 19.0 42.0
-7.715984 118.921104 0.0340 18.0 43.0
-8.487582 121.67166 0.0340 18.0 43.0
-8.487582 121.67166 0.0341 17.0 44.0
-9.259181 124.42222 0.0341 17.0 44.0
-9.259181 124.42222 0.0342 16.0 45.0
-10.03078 127.172775 0.0342 16.0 45.0
-10.03078 127.172775 0.0343 15.0 46.0
-10.802379 129.92334 0.0343 15.0 46.0
-10.802379 129.92334 0.0344 14.0 47.0
-11.573977 132.6739 0.0344 14.0 47.0
-11.573977 132.6739 0.0345 13.0 48.0
-12.345576 135.42447 0.0345 13.0 48.0
-12.345576 135.42447 0.0346 12.0 49.0
-12.345576 138.2812 0.0346 12.0 49.0
-12.345576 138.2812 0.0347 11.0 50.0
-12.345576 141.13794 0.0347 11.0 50.0
-12.345576 141.13794 0.0348 10.0 51.0
-12.345576 143.99467 0.0348 10.0 51.0
-12.345576 143.99467 0.0349 9.0 52.0
-12.345576 146.85141 0.0349 9.0 52.0
-12.345576 146.85141 0.0350 4.0 53.0
-11.573977 149.60197 0.0350 4.0 53.0
-11.573977 149.60197 0.0351 3.0 54.0
-10.802379 152.35254 0.0351 3.0 54.0
-10.802379 152.35254 0.0352 0.0 55.0
-10.802379 155.20927 0.0352 0.0 55.0
-10.802379 155.20927 0.0353 0.0 56.0
-10.802379 158.06601 0.0353 0.0 56.0
-10.802379 152.35254 0.0354 2.0 55.0
-10.03078 155.1031 0.0354 2.0 55.0
-10.03078 155.1031 0.0355 1.0 56.0
-9.259181 157.85367 0.0355 1.0 56.0
-9.259181 157.85367 0.0356 0.0 57.0
-7.77334 160.2936 0.0356 0.0 57.0
-7.77334 160.2936 0.0357 0.0 58.0
-6.2874994 162.73352 0.0357 0.0 58.0
-9.259181 157.85367 0.0358 0.0 57.0
-9.259181 160.7104 0.0358 0.0 57.0
-9.259181 160.7104 0.0359 0.0 58.0
-9.259181 163.56714 0.0359 0.0 58.0
-12.345576 146.85141 0.0360 8.0 53.0
-12.345576 149.70815 0.0360 8.0 53.0
-12.345576 149.70815 0.0361 7.0 54.0
-12.345576 152.56488 0.0361 7.0 54.0
-12.345576 152.56488 0.0362 6.0 55.0
-12.345576 155.42162 0.0362 6.0 55.0
-12.345576 155.42162 0.0363 5.0 56.0
-12.345576 158.27835 0.0363 5.0 56.0
-12.345576 158.27835 0.0364 4.0 57.0
-11.573977 161.02892 0.0364 4.0 57.0
-11.573977 161.02892 0.0365 3.0 58.0
-10.802379 163.77948 0.0365 3.0 58.0
-10.802379 163.77948 0.0366 0.0 59.0
-10.802379 166.63622 0.0366 0.0 59.0
-10.802379 166.63622 0.0367 0.0 60.0
-10.802379 169.49295 0.0367 0.0 60.0
-10.802379 163.77948 0.0368 2.0 59.0
-10.03078 166.53004 0.0368 2.0 59.0
-10.03078 166.53004 0.0369 1.0 60.0
-9.259181 169.28061 0.0369 1.0 60.0
-9.259181 169.28061 0.0370 0.0 61.0
-7.77334 171.72054 0.0370 0.0 61.0
-7.77334 171.72054 0.0371 0.0 62.0
-6.2874994 174.16046 0.0371 0.0 62.0
-9.259181 169.28061 0.0372 0.0 61.0
-9.259181 172.13734 0.0372 0.0 61.0
-9.259181 172.13734 0.0373 0.0 62.0
-9.259181 174.99408 0.0373 0.0 62.0
-12.345576 158.27835 0.0374 4.0 57.0
-13.117175 161.02892 0.0374 4.0 57.0
-13.117175 161.02892 0.0375 3.0 58.0
-13.888774 163.77948 0.0375 3.0 58.0
-13.888774 163.77948 0.0376 0.0 59.0
-15.374615 166.2194 0.0376 0.0 59.0
-15.374615 166.2194 0.0377 0.0 60.0
-16.860455 168.65933 0.0377 0.0 60.0
-13.888774 163.77948 0.0378 2.0 59.0
-14.660373 166.53004 0.0378 2.0 59.0
-14.660373 166.53004 0.0379 1.0 60.0
-15.431972 169.28061 0.0379 1.0 60.0
-15.431972 169.28061 0.0380 0.0 61.0
-15.431972 172.13734 0.0380 0.0 61.0
-15.431972 172.13734 0.0381 0.0 62.0
-15.431972 174.99408 0.0381 0.0 62.0
-15.431972 169.28061 0.0382 0.0 61.0
-16.917812 171.72054 0.0382 0.0 61.0
-16.917812 171.72054 0.0383 0.0 62.0
-18.403652 174.16046 0.0383 0.0 62.0
-12.345576 135.42447 0.0384 12.0 49.0
-13.831417 137.8644 0.0384 12.0 49.0
-13.831417 137.8644 0.0385 11.0 50.0
-15.317258 140.30432 0.0385 11.0 50.0
-15.317258 140.30432 0.0386 10.0 51.0
-16.803099 142.74425 0.0386 10.0 51.0
-16.803099 142.74425 0.0387 9.0 52.0
-18.288939 145.18417 0.0387 9.0 52.0
-18.288939 145.18417 0.0388 4.0 53.0
-19.060537 147.93474 0.0388 4.0 53.0
-19.060537 147.93474 0.0389 3.0 54.0
-19.832136 150.6853 0.0389 3.0 54.0
-19.832136 150.6853 0.0390 0.0 55.0
-21.317976 153.12523 0.0390 0.0 55.0
-21.317976 153.12523 0.0391 0.0 56.0
-22.803816 155.56516 0.0391 0.0 56.0
-19.832136 150.6853 0.0392 2.0 55.0
-20.603735 153.43587 0.0392 2.0 55.0
-20.603735 153.43587 0.0393 1.0 56.0
-21.375334 156.18643 0.0393 1.0 56.0
-21.375334 156.18643 0.0394 0.0 57.0
-21.375334 159.04317 0.0394 0.0 57.0
-21.375334 159.04317 0.0395 0.0 58.0
-21.375334 161.8999 0.0395 0.0 58.0
-21.375334 156.18643 0.0396 0.0 57.0
-22.861174 158.62636 0.0396 0.0 57.0
-22.861174 158.62636 0.0397 0.0 58.0
-24.347013 161.06628 0.0397 0.0 58.0
-18.288939 145.18417 0.0398 8.0 53.0
-19.774778 147.6241 0.0398 8.0 53.0
-19.774778 147.6241 0.0399 7.0 54.0
-21.260618 150.06403 0.0399 7.0 54.0
-21.260618 150.06403 0.0400 6.0 55.0
-22.746458 152.50395 0.0400 6.0 55.0
-22.746458 152.50395 0.0401 5.0 56.0
-24.232298 154.94388 0.0401 5.0 56.0
-24.232298 154.94388 0.0402 4.0 57.0
-25.003897 157.69444 0.0402 4.0 57.0
-25.003897 157.69444 0.0403 3.0 58.0
-25.775496 160.445 0.0403 3.0 58.0
-25.775496 160.445 0.0404 0.0 59.0
-27.261335 162.88493 0.0404 0.0 59.0
-27.261335 162.88493 0.0405 0.0 60.0
-28.747175 165.32486 0.0405 0.0 60.0
-25.775496 160.445 0.0406 2.0 59.0
-26.547094 163.19557 0.0406 2.0 59.0
-26.547094 163.19557 0.0407 1.0 60.0
-27.318693 165.94614 0.0407 1.0 60.0
-27.318693 165.94614 0.0408 0.0 61.0
-27.318693 168.80287 0.0408 0.0 61.0
-27.318693 168.80287 0.0409 0.0 62.0
-27.318693 171.6596 0.0409 0.0 62.0
-27.318693 165.94614 0.0410 0.0 61.0
-28.804533 168.38606 0.0410 0.0 61.0
-28.804533 168.38606 0.0411 0.0 62.0
-30.290373 170.82599 0.0411 0.0 62.0
-24.232298 154.94388 0.0412 4.0 57.0
-26.321932 156.89178 0.0412 4.0 57.0
-26.321932 156.89178 0.0413 3.0 58.0
-28.411566 158.83969 0.0413 3.0 58.0
-28.411566 158.83969 0.0414 0.0 59.0
-30.949661 160.1508 0.0414 0.0 59.0
-30.949661 160.1508 0.0415 0.0 60.0
-33.48776 161.46191 0.0415 0.0 60.0
-28.411566 158.83969 0.0416 2.0 59.0
-30.5012 160.7876 0.0416 2.0 59.0
-30.5012 160.7876 0.0417 1.0 60.0
-32.590836 162.7355 0.0417 1.0 60.0
-32.590836 162.7355 0.0418 0.0 61.0
-34.076675 165.17543 0.0418 0.0 61.0
-34.076675 165.17543 0.0419 0.0 62.0
-35.562515 167.61536 0.0419 0.0 62.0
-32.590836 162.7355 0.0420 0.0 61.0
-35.128933 164.04662 0.0420 0.0 61.0
-35.128933 164.04662 0.0421 0.0 62.0
-37.66703 165.35773 0.0421 0.0 62.0
