0.0 0.0 0.00 60.0 1.0
0.0 0.96418273 0.00 60.0 1.0
0.0 0.96418273 0.01 59.0 2.0
0.0 1.9283655 0.01 59.0 2.0
0.0 1.9283655 0.02 58.0 3.0
0.0 2.892548 0.02 58.0 3.0
0.0 2.892548 0.03 57.0 4.0
0.0 3.856731 0.03 57.0 4.0
0.0 3.856731 0.04 56.0 5.0
0.0 4.820914 0.04 56.0 5.0
0.0 4.820914 0.05 55.0 6.0
0.0 5.7850966 0.05 55.0 6.0
0.0 5.7850966 0.06 54.0 7.0
0.0 6.7492795 0.06 54.0 7.0
0.0 6.7492795 0.07 53.0 8.0
0.0 7.7134624 0.07 53.0 8.0
0.0 7.7134624 0.08 52.0 9.0
0.0 8.677645 0.08 52.0 9.0
0.0 8.677645 0.09 51.0 10.0
0.0 9.641828 0.09 51.0 10.0
0.0 9.641828 0.010 50.0 11.0
0.0 10.60601 0.010 50.0 11.0
0.0 10.60601 0.011 49.0 12.0
0.0 11.570193 0.011 49.0 12.0
0.0 11.570193 0.012 48.0 13.0
0.0 12.534376 0.012 48.0 13.0
0.0 12.534376 0.013 47.0 14.0
0.0 13.498559 0.013 47.0 14.0
0.0 13.498559 0.014 46.0 15.0
0.0 14.462742 0.014 46.0 15.0
0.0 14.462742 0.015 45.0 16.0
0.0 15.426925 0.015 45.0 16.0
0.0 15.426925 0.016 28.0 17.0
-0.24739796 16.358828 0.016 28.0 17.0
-0.24739796 16.358828 0.017 27.0 18.0
-0.49479592 17.29073 0.017 27.0 18.0
-0.49479592 17.29073 0.018 26.0 19.0
-0.7421939 18.222631 0.018 26.0 19.0
-0.7421939 18.222631 0.019 25.0 20.0
-0.98959184 19.154533 0.019 25.0 20.0
-0.98959184 19.154533 0.020 24.0 21.0
-1.2369897 20.086435 0.020 24.0 21.0
-1.2369897 20.086435 0.021 23.0 22.0
-1.4843876 21.018337 0.021 23.0 22.0
-1.4843876 21.018337 0.022 22.0 23.0
-1.7317855 21.95024 0.022 22.0 23.0
-1.7317855 21.95024 0.023 21.0 24.0
-1.9791834 22.882141 0.023 21.0 24.0
-1.9791834 22.882141 0.024 12.0 25.0
-2.457414 23.719364 0.024 12.0 25.0
-2.457414 23.719364 0.025 11.0 26.0
-2.9356444 24.556587 0.025 11.0 26.0
-2.9356444 24.556587 0.026 10.0 27.0
-3.4138749 25.39381 0.026 10.0 27.0
-3.4138749 25.39381 0.027 9.0 28.0
-3.8921053 26.231033 0.027 9.0 28.0
-3.8921053 26.231033 0.028 4.0 29.0
-4.569147 26.917519 0.028 4.0 29.0
-4.569147 26.917519 0.029 3.0 30.0
-5.2461886 27.604004 0.029 3.0 30.0
-5.2461886 27.604004 0.030 0.0 31.0
-6.076708 28.093786 0.030 0.0 31.0
-6.076708 28.093786 0.031 0.0 32.0
-6.907227 28.583569 0.031 0.0 32.0
-5.2461886 27.604004 0.032 0.0 31.0
-5.724419 28.441227 0.032 0.0 31.0
-5.724419 28.441227 0.033 0.0 32.0
-6.2026496 29.27845 0.033 0.0 32.0
-5.2461886 27.604004 0.034 2.0 31.0
-5.92323 28.29049 0.034 2.0 31.0
-5.92323 28.29049 0.035 1.0 32.0
-6.6002717 28.976974 0.035 1.0 32.0
-6.6002717 28.976974 0.036 0.0 33.0
-7.277313 29.66346 0.036 0.0 33.0
-7.277313 29.66346 0.037 0.0 34.0
-7.954355 30.349945 0.037 0.0 34.0
-3.8921053 26.231033 0.038 4.0 29.0
-4.1395035 27.162935 0.038 4.0 29.0
-4.1395035 27.162935 0.039 3.0 30.0
-4.3869014 28.094837 0.039 3.0 30.0
-4.3869014 28.094837 0.040 0.0 31.0
-4.865132 28.93206 0.040 0.0 31.0
-4.865132 28.93206 0.041 0.0 32.0
-5.3433623 29.769283 0.041 0.0 32.0
-4.3869014 28.094837 0.042 0.0 31.0
-4.3869014 29.05902 0.042 0.0 31.0
-4.3869014 29.05902 0.043 0.0 32.0
-4.3869014 30.023201 0.043 0.0 32.0
-4.3869014 28.094837 0.044 2.0 31.0
-4.6342993 29.02674 0.044 2.0 31.0
-4.6342993 29.02674 0.045 1.0 32.0
-4.881697 29.958641 0.045 1.0 32.0
-4.881697 29.958641 0.046 0.0 33.0
-5.129095 30.890543 0.046 0.0 33.0
-5.129095 30.890543 0.047 0.0 34.0
-5.376493 31.822445 0.047 0.0 34.0
-3.8921053 26.231033 0.048 8.0 29.0
-4.370336 27.068256 0.048 8.0 29.0
-4.370336 27.068256 0.049 7.0 30.0
-4.8485665 27.90548 0.049 7.0 30.0
-4.8485665 27.90548 0.050 6.0 31.0
-5.326797 28.742702 0.050 6.0 31.0
-5.326797 28.742702 0.051 5.0 32.0
-5.8050275 29.579926 0.051 5.0 32.0
-5.8050275 29.579926 0.052 4.0 33.0
-6.283258 30.417149 0.052 4.0 33.0
-6.283258 30.417149 0.053 3.0 34.0
-6.7614884 31.254372 0.053 3.0 34.0
-6.7614884 31.254372 0.054 0.0 35.0
-7.43853 31.940857 0.054 0.0 35.0
-7.43853 31.940857 0.055 0.0 36.0
-8.115572 32.627342 0.055 0.0 36.0
-6.7614884 31.254372 0.056 0.0 35.0
-7.0088863 32.186275 0.056 0.0 35.0
-7.0088863 32.186275 0.057 0.0 36.0
-7.256284 33.11818 0.057 0.0 36.0
-6.7614884 31.254372 0.058 2.0 35.0
-7.239719 32.091595 0.058 2.0 35.0
-7.239719 32.091595 0.059 1.0 36.0
-7.7179494 32.928818 0.059 1.0 36.0
-7.7179494 32.928818 0.060 0.0 37.0
-8.19618 33.76604 0.060 0.0 37.0
-8.19618 33.76604 0.061 0.0 38.0
-8.674411 34.603264 0.061 0.0 38.0
-1.9791834 22.882141 0.062 12.0 25.0
-1.9791834 23.846323 0.062 12.0 25.0
-1.9791834 23.846323 0.063 11.0 26.0
-1.9791834 24.810505 0.063 11.0 26.0
-1.9791834 24.810505 0.064 10.0 27.0
-1.9791834 25.774687 0.064 10.0 27.0
-1.9791834 25.774687 0.065 9.0 28.0
-1.9791834 26.738869 0.065 9.0 28.0
-1.9791834 26.738869 0.066 4.0 29.0
-2.2265813 27.67077 0.066 4.0 29.0
-2.2265813 27.67077 0.067 3.0 30.0
-2.4739792 28.602673 0.067 3.0 30.0
-2.4739792 28.602673 0.068 0.0 31.0
-2.9522097 29.439896 0.068 0.0 31.0
-2.9522097 29.439896 0.069 0.0 32.0
-3.4304402 30.277119 0.069 0.0 32.0
-2.4739792 28.602673 0.070 0.0 31.0
-2.4739792 29.566854 0.070 0.0 31.0
-2.4739792 29.566854 0.071 0.0 32.0
-2.4739792 30.531036 0.071 0.0 32.0
-2.4739792 28.602673 0.072 2.0 31.0
-2.7213771 29.534575 0.072 2.0 31.0
-2.7213771 29.534575 0.073 1.0 32.0
-2.968775 30.466476 0.073 1.0 32.0
-2.968775 30.466476 0.074 0.0 33.0
-3.216173 31.398378 0.074 0.0 33.0
-3.216173 31.398378 0.075 0.0 34.0
-3.4635708 32.33028 0.075 0.0 34.0
-1.9791834 26.738869 0.076 4.0 29.0
-1.7317855 27.67077 0.076 4.0 29.0
-1.7317855 27.67077 0.077 3.0 30.0
-1.4843876 28.602673 0.077 3.0 30.0
-1.4843876 28.602673 0.078 0.0 31.0
-1.4843876 29.566854 0.078 0.0 31.0
-1.4843876 29.566854 0.079 0.0 32.0
-1.4843876 30.531036 0.079 0.0 32.0
-1.4843876 28.602673 0.080 0.0 31.0
-1.0061572 29.439896 0.080 0.0 31.0
-1.0061572 29.439896 0.081 0.0 32.0
-0.5279266 30.277119 0.081 0.0 32.0
-1.4843876 28.602673 0.082 2.0 31.0
-1.2369897 29.534575 0.082 2.0 31.0
-1.2369897 29.534575 0.083 1.0 32.0
-0.9895918 30.466476 0.083 1.0 32.0
-0.9895918 30.466476 0.084 0.0 33.0
-0.7421938 31.398378 0.084 0.0 33.0
-0.7421938 31.398378 0.085 0.0 34.0
-0.49479586 32.33028 0.085 0.0 34.0
-1.9791834 26.738869 0.086 8.0 29.0
-1.9791834 27.70305 0.086 8.0 29.0
-1.9791834 27.70305 0.087 7.0 30.0
-1.9791834 28.667233 0.087 7.0 30.0
-1.9791834 28.667233 0.088 6.0 31.0
-1.9791834 29.631414 0.088 6.0 31.0
-1.9791834 29.631414 0.089 5.0 32.0
-1.9791834 30.595596 0.089 5.0 32.0
-1.9791834 30.595596 0.090 4.0 33.0
-1.9791834 31.559778 0.090 4.0 33.0
-1.9791834 31.559778 0.091 3.0 34.0
-1.9791834 32.52396 0.091 3.0 34.0
-1.9791834 32.52396 0.092 0.0 35.0
-2.2265813 33.455864 0.092 0.0 35.0
-2.2265813 33.455864 0.093 0.0 36.0
-2.4739792 34.387768 0.093 0.0 36.0
-1.9791834 32.52396 0.094 0.0 35.0
-1.7317855 33.455864 0.094 0.0 35.0
-1.7317855 33.455864 0.095 0.0 36.0
-1.4843876 34.387768 0.095 0.0 36.0
-1.9791834 32.52396 0.096 2.0 35.0
-1.9791834 33.488144 0.096 2.0 35.0
-1.9791834 33.488144 0.097 1.0 36.0
-1.9791834 34.452328 0.097 1.0 36.0
-1.9791834 34.452328 0.098 0.0 37.0
-1.9791834 35.41651 0.098 0.0 37.0
-1.9791834 35.41651 0.099 0.0 38.0
-1.9791834 36.380695 0.099 0.0 38.0
-1.9791834 22.882141 0.0100 20.0 25.0
-2.2265813 23.814043 0.0100 20.0 25.0
-2.2265813 23.814043 0.0101 19.0 26.0
-2.4739792 24.745945 0.0101 19.0 26.0
-2.4739792 24.745945 0.0102 18.0 27.0
-2.7213771 25.677847 0.0102 18.0 27.0
-2.7213771 25.677847 0.0103 17.0 28.0
-2.968775 26.609749 0.0103 17.0 28.0
-2.968775 26.609749 0.0104 16.0 29.0
-3.216173 27.54165 0.0104 16.0 29.0
-3.216173 27.54165 0.0105 15.0 30.0
-3.4635708 28.473553 0.0105 15.0 30.0
-3.4635708 28.473553 0.0106 14.0 31.0
-3.7109687 29.405455 0.0106 14.0 31.0
-3.7109687 29.405455 0.0107 13.0 32.0
-3.9583666 30.337357 0.0107 13.0 32.0
-3.9583666 30.337357 0.0108 12.0 33.0
-4.205765 31.269258 0.0108 12.0 33.0
-4.205765 31.269258 0.0109 11.0 34.0
-4.4531627 32.20116 0.0109 11.0 34.0
-4.4531627 32.20116 0.0110 10.0 35.0
-4.7005606 33.133064 0.0110 10.0 35.0
-4.7005606 33.133064 0.0111 9.0 36.0
-4.9479585 34.06497 0.0111 9.0 36.0
-4.9479585 34.06497 0.0112 4.0 37.0
-5.426189 34.90219 0.0112 4.0 37.0
-5.426189 34.90219 0.0113 3.0 38.0
-5.9044194 35.739414 0.0113 3.0 38.0
-5.9044194 35.739414 0.0114 0.0 39.0
-6.581461 36.4259 0.0114 0.0 39.0
-6.581461 36.4259 0.0115 0.0 40.0
-7.2585025 37.112385 0.0115 0.0 40.0
-5.9044194 35.739414 0.0116 0.0 39.0
-6.1518173 36.671318 0.0116 0.0 39.0
-6.1518173 36.671318 0.0117 0.0 40.0
-6.399215 37.60322 0.0117 0.0 40.0
-5.9044194 35.739414 0.0118 2.0 39.0
-6.38265 36.576637 0.0118 2.0 39.0
-6.38265 36.576637 0.0119 1.0 40.0
-6.8608804 37.41386 0.0119 1.0 40.0
-6.8608804 37.41386 0.0120 0.0 41.0
-7.339111 38.251083 0.0120 0.0 41.0
-7.339111 38.251083 0.0121 0.0 42.0
-7.8173413 39.088306 0.0121 0.0 42.0
-4.9479585 34.06497 0.0122 4.0 37.0
-4.9479585 35.029152 0.0122 4.0 37.0
-4.9479585 35.029152 0.0123 3.0 38.0
-4.9479585 35.993336 0.0123 3.0 38.0
-4.9479585 35.993336 0.0124 0.0 39.0
-5.1953564 36.92524 0.0124 0.0 39.0
-5.1953564 36.92524 0.0125 0.0 40.0
-5.4427543 37.857143 0.0125 0.0 40.0
-4.9479585 35.993336 0.0126 0.0 39.0
-4.7005606 36.92524 0.0126 0.0 39.0
-4.7005606 36.92524 0.0127 0.0 40.0
-4.4531627 37.857143 0.0127 0.0 40.0
-4.9479585 35.993336 0.0128 2.0 39.0
-4.9479585 36.95752 0.0128 2.0 39.0
-4.9479585 36.95752 0.0129 1.0 40.0
-4.9479585 37.921703 0.0129 1.0 40.0
-4.9479585 37.921703 0.0130 0.0 41.0
-4.9479585 38.885887 0.0130 0.0 41.0
-4.9479585 38.885887 0.0131 0.0 42.0
-4.9479585 39.85007 0.0131 0.0 42.0
-4.9479585 34.06497 0.0132 8.0 37.0
-5.1953564 34.996872 0.0132 8.0 37.0
-5.1953564 34.996872 0.0133 7.0 38.0
-5.4427543 35.928776 0.0133 7.0 38.0
-5.4427543 35.928776 0.0134 6.0 39.0
-5.690152 36.86068 0.0134 6.0 39.0
-5.690152 36.86068 0.0135 5.0 40.0
-5.93755 37.792583 0.0135 5.0 40.0
-5.93755 37.792583 0.0136 4.0 41.0
-6.184948 38.724487 0.0136 4.0 41.0
-6.184948 38.724487 0.0137 3.0 42.0
-6.432346 39.65639 0.0137 3.0 42.0
-6.432346 39.65639 0.0138 0.0 43.0
-6.9105763 40.493614 0.0138 0.0 43.0
-6.9105763 40.493614 0.0139 0.0 44.0
-7.388807 41.330837 0.0139 0.0 44.0
-6.432346 39.65639 0.0140 0.0 43.0
-6.432346 40.620575 0.0140 0.0 43.0
-6.432346 40.620575 0.0141 0.0 44.0
-6.432346 41.58476 0.0141 0.0 44.0
-6.432346 39.65639 0.0142 2.0 43.0
-6.679744 40.588295 0.0142 2.0 43.0
-6.679744 40.588295 0.0143 1.0 44.0
-6.9271417 41.5202 0.0143 1.0 44.0
-6.9271417 41.5202 0.0144 0.0 45.0
-7.1745396 42.452103 0.0144 0.0 45.0
-7.1745396 42.452103 0.0145 0.0 46.0
-7.4219375 43.384007 0.0145 0.0 46.0
0.0 15.426925 0.0146 28.0 17.0
0.24739796 16.358828 0.0146 28.0 17.0
0.24739796 16.358828 0.0147 27.0 18.0
0.49479592 17.29073 0.0147 27.0 18.0
0.49479592 17.29073 0.0148 26.0 19.0
0.7421939 18.222631 0.0148 26.0 19.0
0.7421939 18.222631 0.0149 25.0 20.0
0.98959184 19.154533 0.0149 25.0 20.0
0.98959184 19.154533 0.0150 24.0 21.0
1.2369897 20.086435 0.0150 24.0 21.0
1.2369897 20.086435 0.0151 23.0 22.0
1.4843876 21.018337 0.0151 23.0 22.0
1.4843876 21.018337 0.0152 22.0 23.0
1.7317855 21.95024 0.0152 22.0 23.0
1.7317855 21.95024 0.0153 21.0 24.0
1.9791834 22.882141 0.0153 21.0 24.0
1.9791834 22.882141 0.0154 12.0 25.0
1.9791834 23.846323 0.0154 12.0 25.0
1.9791834 23.846323 0.0155 11.0 26.0
1.9791834 24.810505 0.0155 11.0 26.0
1.9791834 24.810505 0.0156 10.0 27.0
1.9791834 25.774687 0.0156 10.0 27.0
1.9791834 25.774687 0.0157 9.0 28.0
1.9791834 26.738869 0.0157 9.0 28.0
1.9791834 26.738869 0.0158 4.0 29.0
1.7317855 27.67077 0.0158 4.0 29.0
1.7317855 27.67077 0.0159 3.0 30.0
1.4843876 28.602673 0.0159 3.0 30.0
1.4843876 28.602673 0.0160 0.0 31.0
1.0061572 29.439896 0.0160 0.0 31.0
1.0061572 29.439896 0.0161 0.0 32.0
0.5279266 30.277119 0.0161 0.0 32.0
1.4843876 28.602673 0.0162 0.0 31.0
1.4843876 29.566854 0.0162 0.0 31.0
1.4843876 29.566854 0.0163 0.0 32.0
1.4843876 30.531036 0.0163 0.0 32.0
1.4843876 28.602673 0.0164 2.0 31.0
1.2369897 29.534575 0.0164 2.0 31.0
1.2369897 29.534575 0.0165 1.0 32.0
0.9895918 30.466476 0.0165 1.0 32.0
0.9895918 30.466476 0.0166 0.0 33.0
0.7421938 31.398378 0.0166 0.0 33.0
0.7421938 31.398378 0.0167 0.0 34.0
0.49479586 32.33028 0.0167 0.0 34.0
1.9791834 26.738869 0.0168 4.0 29.0
2.2265813 27.67077 0.0168 4.0 29.0
2.2265813 27.67077 0.0169 3.0 30.0
2.4739792 28.602673 0.0169 3.0 30.0
2.4739792 28.602673 0.0170 0.0 31.0
2.4739792 29.566854 0.0170 0.0 31.0
2.4739792 29.566854 0.0171 0.0 32.0
2.4739792 30.531036 0.0171 0.0 32.0
2.4739792 28.602673 0.0172 0.0 31.0
2.9522097 29.439896 0.0172 0.0 31.0
2.9522097 29.439896 0.0173 0.0 32.0
3.4304402 30.277119 0.0173 0.0 32.0
2.4739792 28.602673 0.0174 2.0 31.0
2.7213771 29.534575 0.0174 2.0 31.0
2.7213771 29.534575 0.0175 1.0 32.0
2.968775 30.466476 0.0175 1.0 32.0
2.968775 30.466476 0.0176 0.0 33.0
3.216173 31.398378 0.0176 0.0 33.0
3.216173 31.398378 0.0177 0.0 34.0
3.4635708 32.33028 0.0177 0.0 34.0
1.9791834 26.738869 0.0178 8.0 29.0
1.9791834 27.70305 0.0178 8.0 29.0
1.9791834 27.70305 0.0179 7.0 30.0
1.9791834 28.667233 0.0179 7.0 30.0
1.9791834 28.667233 0.0180 6.0 31.0
1.9791834 29.631414 0.0180 6.0 31.0
1.9791834 29.631414 0.0181 5.0 32.0
1.9791834 30.595596 0.0181 5.0 32.0
1.9791834 30.595596 0.0182 4.0 33.0
1.9791834 31.559778 0.0182 4.0 33.0
1.9791834 31.559778 0.0183 3.0 34.0
1.9791834 32.52396 0.0183 3.0 34.0
1.9791834 32.52396 0.0184 0.0 35.0
1.7317855 33.455864 0.0184 0.0 35.0
1.7317855 33.455864 0.0185 0.0 36.0
1.4843876 34.387768 0.0185 0.0 36.0
1.9791834 32.52396 0.0186 0.0 35.0
2.2265813 33.455864 0.0186 0.0 35.0
2.2265813 33.455864 0.0187 0.0 36.0
2.4739792 34.387768 0.0187 0.0 36.0
1.9791834 32.52396 0.0188 2.0 35.0
1.9791834 33.488144 0.0188 2.0 35.0
1.9791834 33.488144 0.0189 1.0 36.0
1.9791834 34.452328 0.0189 1.0 36.0
1.9791834 34.452328 0.0190 0.0 37.0
1.9791834 35.41651 0.0190 0.0 37.0
1.9791834 35.41651 0.0191 0.0 38.0
1.9791834 36.380695 0.0191 0.0 38.0
1.9791834 22.882141 0.0192 12.0 25.0
2.457414 23.719364 0.0192 12.0 25.0
2.457414 23.719364 0.0193 11.0 26.0
2.9356444 24.556587 0.0193 11.0 26.0
2.9356444 24.556587 0.0194 10.0 27.0
3.4138749 25.39381 0.0194 10.0 27.0
3.4138749 25.39381 0.0195 9.0 28.0
3.8921053 26.231033 0.0195 9.0 28.0
3.8921053 26.231033 0.0196 4.0 29.0
4.1395035 27.162935 0.0196 4.0 29.0
4.1395035 27.162935 0.0197 3.0 30.0
4.3869014 28.094837 0.0197 3.0 30.0
4.3869014 28.094837 0.0198 0.0 31.0
4.3869014 29.05902 0.0198 0.0 31.0
4.3869014 29.05902 0.0199 0.0 32.0
4.3869014 30.023201 0.0199 0.0 32.0
4.3869014 28.094837 0.0200 0.0 31.0
4.865132 28.93206 0.0200 0.0 31.0
4.865132 28.93206 0.0201 0.0 32.0
5.3433623 29.769283 0.0201 0.0 32.0
4.3869014 28.094837 0.0202 2.0 31.0
4.6342993 29.02674 0.0202 2.0 31.0
4.6342993 29.02674 0.0203 1.0 32.0
4.881697 29.958641 0.0203 1.0 32.0
4.881697 29.958641 0.0204 0.0 33.0
5.129095 30.890543 0.0204 0.0 33.0
5.129095 30.890543 0.0205 0.0 34.0
5.376493 31.822445 0.0205 0.0 34.0
3.8921053 26.231033 0.0206 4.0 29.0
4.569147 26.917519 0.0206 4.0 29.0
4.569147 26.917519 0.0207 3.0 30.0
5.2461886 27.604004 0.0207 3.0 30.0
5.2461886 27.604004 0.0208 0.0 31.0
5.724419 28.441227 0.0208 0.0 31.0
5.724419 28.441227 0.0209 0.0 32.0
6.2026496 29.27845 0.0209 0.0 32.0
5.2461886 27.604004 0.0210 0.0 31.0
6.076708 28.093786 0.0210 0.0 31.0
6.076708 28.093786 0.0211 0.0 32.0
6.907227 28.583569 0.0211 0.0 32.0
5.2461886 27.604004 0.0212 2.0 31.0
5.92323 28.29049 0.0212 2.0 31.0
5.92323 28.29049 0.0213 1.0 32.0
6.6002717 28.976974 0.0213 1.0 32.0
6.6002717 28.976974 0.0214 0.0 33.0
7.277313 29.66346 0.0214 0.0 33.0
7.277313 29.66346 0.0215 0.0 34.0
7.954355 30.349945 0.0215 0.0 34.0
3.8921053 26.231033 0.0216 8.0 29.0
4.370336 27.068256 0.0216 8.0 29.0
4.370336 27.068256 0.0217 7.0 30.0
4.8485665 27.90548 0.0217 7.0 30.0
4.8485665 27.90548 0.0218 6.0 31.0
5.326797 28.742702 0.0218 6.0 31.0
5.326797 28.742702 0.0219 5.0 32.0
5.8050275 29.579926 0.0219 5.0 32.0
5.8050275 29.579926 0.0220 4.0 33.0
6.283258 30.417149 0.0220 4.0 33.0
6.283258 30.417149 0.0221 3.0 34.0
6.7614884 31.254372 0.0221 3.0 34.0
6.7614884 31.254372 0.0222 0.0 35.0
7.0088863 32.186275 0.0222 0.0 35.0
7.0088863 32.186275 0.0223 0.0 36.0
7.256284 33.11818 0.0223 0.0 36.0
6.7614884 31.254372 0.0224 0.0 35.0
7.43853 31.940857 0.0224 0.0 35.0
7.43853 31.940857 0.0225 0.0 36.0
8.115572 32.627342 0.0225 0.0 36.0
6.7614884 31.254372 0.0226 2.0 35.0
7.239719 32.091595 0.0226 2.0 35.0
7.239719 32.091595 0.0227 1.0 36.0
7.7179494 32.928818 0.0227 1.0 36.0
7.7179494 32.928818 0.0228 0.0 37.0
8.19618 33.76604 0.0228 0.0 37.0
8.19618 33.76604 0.0229 0.0 38.0
8.674411 34.603264 0.0229 0.0 38.0
1.9791834 22.882141 0.0230 20.0 25.0
2.2265813 23.814043 0.0230 20.0 25.0
2.2265813 23.814043 0.0231 19.0 26.0
2.4739792 24.745945 0.0231 19.0 26.0
2.4739792 24.745945 0.0232 18.0 27.0
2.7213771 25.677847 0.0232 18.0 27.0
2.7213771 25.677847 0.0233 17.0 28.0
2.968775 26.609749 0.0233 17.0 28.0
2.968775 26.609749 0.0234 16.0 29.0
3.216173 27.54165 0.0234 16.0 29.0
3.216173 27.54165 0.0235 15.0 30.0
3.4635708 28.473553 0.0235 15.0 30.0
3.4635708 28.473553 0.0236 14.0 31.0
3.7109687 29.405455 0.0236 14.0 31.0
3.7109687 29.405455 0.0237 13.0 32.0
3.9583666 30.337357 0.0237 13.0 32.0
3.9583666 30.337357 0.0238 12.0 33.0
4.205765 31.269258 0.0238 12.0 33.0
4.205765 31.269258 0.0239 11.0 34.0
4.4531627 32.20116 0.0239 11.0 34.0
4.4531627 32.20116 0.0240 10.0 35.0
4.7005606 33.133064 0.0240 10.0 35.0
4.7005606 33.133064 0.0241 9.0 36.0
4.9479585 34.06497 0.0241 9.0 36.0
4.9479585 34.06497 0.0242 4.0 37.0
4.9479585 35.029152 0.0242 4.0 37.0
4.9479585 35.029152 0.0243 3.0 38.0
4.9479585 35.993336 0.0243 3.0 38.0
4.9479585 35.993336 0.0244 0.0 39.0
4.7005606 36.92524 0.0244 0.0 39.0
4.7005606 36.92524 0.0245 0.0 40.0
4.4531627 37.857143 0.0245 0.0 40.0
4.9479585 35.993336 0.0246 0.0 39.0
5.1953564 36.92524 0.0246 0.0 39.0
5.1953564 36.92524 0.0247 0.0 40.0
5.4427543 37.857143 0.0247 0.0 40.0
4.9479585 35.993336 0.0248 2.0 39.0
4.9479585 36.95752 0.0248 2.0 39.0
4.9479585 36.95752 0.0249 1.0 40.0
4.9479585 37.921703 0.0249 1.0 40.0
4.9479585 37.921703 0.0250 0.0 41.0
4.9479585 38.885887 0.0250 0.0 41.0
4.9479585 38.885887 0.0251 0.0 42.0
4.9479585 39.85007 0.0251 0.0 42.0
4.9479585 34.06497 0.0252 4.0 37.0
5.426189 34.90219 0.0252 4.0 37.0
5.426189 34.90219 0.0253 3.0 38.0
5.9044194 35.739414 0.0253 3.0 38.0
5.9044194 35.739414 0.0254 0.0 39.0
6.1518173 36.671318 0.0254 0.0 39.0
6.1518173 36.671318 0.0255 0.0 40.0
6.399215 37.60322 0.0255 0.0 40.0
5.9044194 35.739414 0.0256 0.0 39.0
6.581461 36.4259 0.0256 0.0 39.0
6.581461 36.4259 0.0257 0.0 40.0
7.2585025 37.112385 0.0257 0.0 40.0
5.9044194 35.739414 0.0258 2.0 39.0
6.38265 36.576637 0.0258 2.0 39.0
6.38265 36.576637 0.0259 1.0 40.0
6.8608804 37.41386 0.0259 1.0 40.0
6.8608804 37.41386 0.0260 0.0 41.0
7.339111 38.251083 0.0260 0.0 41.0
7.339111 38.251083 0.0261 0.0 42.0
7.8173413 39.088306 0.0261 0.0 42.0
4.9479585 34.06497 0.0262 8.0 37.0
5.1953564 34.996872 0.0262 8.0 37.0
5.1953564 34.996872 0.0263 7.0 38.0
5.4427543 35.928776 0.0263 7.0 38.0
5.4427543 35.928776 0.0264 6.0 39.0
5.690152 36.86068 0.0264 6.0 39.0
5.690152 36.86068 0.0265 5.0 40.0
5.93755 37.792583 0.0265 5.0 40.0
5.93755 37.792583 0.0266 4.0 41.0
6.184948 38.724487 0.0266 4.0 41.0
6.184948 38.724487 0.0267 3.0 42.0
6.432346 39.65639 0.0267 3.0 42.0
6.432346 39.65639 0.0268 0.0 43.0
6.432346 40.620575 0.0268 0.0 43.0
6.432346 40.620575 0.0269 0.0 44.0
6.432346 41.58476 0.0269 0.0 44.0
6.432346 39.65639 0.0270 0.0 43.0
6.9105763 40.493614 0.0270 0.0 43.0
6.9105763 40.493614 0.0271 0.0 44.0
7.388807 41.330837 0.0271 0.0 44.0
6.432346 39.65639 0.0272 2.0 43.0
6.679744 40.588295 0.0272 2.0 43.0
6.679744 40.588295 0.0273 1.0 44.0
6.9271417 41.5202 0.0273 1.0 44.0
6.9271417 41.5202 0.0274 0.0 45.0
7.1745396 42.452103 0.0274 0.0 45.0
7.1745396 42.452103 0.0275 0.0 46.0
7.4219375 43.384007 0.0275 0.0 46.0
0.0 15.426925 0.0276 44.0 17.0
0.0 16.391108 0.0276 44.0 17.0
0.0 16.391108 0.0277 43.0 18.0
0.0 17.35529 0.0277 43.0 18.0
0.0 17.35529 0.0278 42.0 19.0
0.0 18.319471 0.0278 42.0 19.0
0.0 18.319471 0.0279 41.0 20.0
0.0 19.283653 0.0279 41.0 20.0
0.0 19.283653 0.0280 40.0 21.0
0.0 20.247835 0.0280 40.0 21.0
0.0 20.247835 0.0281 39.0 22.0
0.0 21.212017 0.0281 39.0 22.0
0.0 21.212017 0.0282 38.0 23.0
0.0 22.176199 0.0282 38.0 23.0
0.0 22.176199 0.0283 37.0 24.0
0.0 23.14038 0.0283 37.0 24.0
0.0 23.14038 0.0284 36.0 25.0
0.0 24.104563 0.0284 36.0 25.0
0.0 24.104563 0.0285 35.0 26.0
0.0 25.068745 0.0285 35.0 26.0
0.0 25.068745 0.0286 34.0 27.0
0.0 26.032927 0.0286 34.0 27.0
0.0 26.032927 0.0287 33.0 28.0
0.0 26.997108 0.0287 33.0 28.0
0.0 26.997108 0.0288 32.0 29.0
0.0 27.96129 0.0288 32.0 29.0
0.0 27.96129 0.0289 31.0 30.0
0.0 28.925472 0.0289 31.0 30.0
0.0 28.925472 0.0290 30.0 31.0
0.0 29.889654 0.0290 30.0 31.0
0.0 29.889654 0.0291 29.0 32.0
0.0 30.853836 0.0291 29.0 32.0
0.0 30.853836 0.0292 28.0 33.0
0.0 31.818018 0.0292 28.0 33.0
0.0 31.818018 0.0293 27.0 34.0
0.0 32.7822 0.0293 27.0 34.0
0.0 32.7822 0.0294 26.0 35.0
0.0 33.746384 0.0294 26.0 35.0
0.0 33.746384 0.0295 25.0 36.0
0.0 34.710567 0.0295 25.0 36.0
0.0 34.710567 0.0296 24.0 37.0
0.0 35.67475 0.0296 24.0 37.0
0.0 35.67475 0.0297 23.0 38.0
0.0 36.638935 0.0297 23.0 38.0
0.0 36.638935 0.0298 22.0 39.0
0.0 37.60312 0.0298 22.0 39.0
0.0 37.60312 0.0299 21.0 40.0
0.0 38.567303 0.0299 21.0 40.0
0.0 38.567303 0.0300 12.0 41.0
-0.24739796 39.499207 0.0300 12.0 41.0
-0.24739796 39.499207 0.0301 11.0 42.0
-0.49479592 40.43111 0.0301 11.0 42.0
-0.49479592 40.43111 0.0302 10.0 43.0
-0.7421939 41.363014 0.0302 10.0 43.0
-0.7421939 41.363014 0.0303 9.0 44.0
-0.98959184 42.294918 0.0303 9.0 44.0
-0.98959184 42.294918 0.0304 4.0 45.0
-1.4678223 43.13214 0.0304 4.0 45.0
-1.4678223 43.13214 0.0305 3.0 46.0
-1.9460528 43.969364 0.0305 3.0 46.0
-1.9460528 43.969364 0.0306 0.0 47.0
-2.6230943 44.65585 0.0306 0.0 47.0
-2.6230943 44.65585 0.0307 0.0 48.0
-3.3001359 45.342335 0.0307 0.0 48.0
-1.9460528 43.969364 0.0308 0.0 47.0
-2.1934507 44.901268 0.0308 0.0 47.0
-2.1934507 44.901268 0.0309 0.0 48.0
-2.4408486 45.83317 0.0309 0.0 48.0
-1.9460528 43.969364 0.0310 2.0 47.0
-2.4242833 44.806587 0.0310 2.0 47.0
-2.4242833 44.806587 0.0311 1.0 48.0
-2.9025137 45.64381 0.0311 1.0 48.0
-2.9025137 45.64381 0.0312 0.0 49.0
-3.3807442 46.481033 0.0312 0.0 49.0
-3.3807442 46.481033 0.0313 0.0 50.0
-3.8589747 47.318256 0.0313 0.0 50.0
-0.98959184 42.294918 0.0314 4.0 45.0
-0.98959184 43.2591 0.0314 4.0 45.0
-0.98959184 43.2591 0.0315 3.0 46.0
-0.98959184 44.223286 0.0315 3.0 46.0
-0.98959184 44.223286 0.0316 0.0 47.0
-1.2369897 45.15519 0.0316 0.0 47.0
-1.2369897 45.15519 0.0317 0.0 48.0
-1.4843876 46.087093 0.0317 0.0 48.0
-0.98959184 44.223286 0.0318 0.0 47.0
-0.7421939 45.15519 0.0318 0.0 47.0
-0.7421939 45.15519 0.0319 0.0 48.0
-0.49479592 46.087093 0.0319 0.0 48.0
-0.98959184 44.223286 0.0320 2.0 47.0
-0.98959184 45.18747 0.0320 2.0 47.0
-0.98959184 45.18747 0.0321 1.0 48.0
-0.98959184 46.151653 0.0321 1.0 48.0
-0.98959184 46.151653 0.0322 0.0 49.0
-0.98959184 47.115837 0.0322 0.0 49.0
-0.98959184 47.115837 0.0323 0.0 50.0
-0.98959184 48.08002 0.0323 0.0 50.0
-0.98959184 42.294918 0.0324 8.0 45.0
-1.2369897 43.22682 0.0324 8.0 45.0
-1.2369897 43.22682 0.0325 7.0 46.0
-1.4843876 44.158726 0.0325 7.0 46.0
-1.4843876 44.158726 0.0326 6.0 47.0
-1.7317855 45.09063 0.0326 6.0 47.0
-1.7317855 45.09063 0.0327 5.0 48.0
-1.9791834 46.022533 0.0327 5.0 48.0
-1.9791834 46.022533 0.0328 4.0 49.0
-2.2265813 46.954437 0.0328 4.0 49.0
-2.2265813 46.954437 0.0329 3.0 50.0
-2.4739792 47.88634 0.0329 3.0 50.0
-2.4739792 47.88634 0.0330 0.0 51.0
-2.9522097 48.723564 0.0330 0.0 51.0
-2.9522097 48.723564 0.0331 0.0 52.0
-3.4304402 49.560787 0.0331 0.0 52.0
-2.4739792 47.88634 0.0332 0.0 51.0
-2.4739792 48.850525 0.0332 0.0 51.0
-2.4739792 48.850525 0.0333 0.0 52.0
-2.4739792 49.81471 0.0333 0.0 52.0
-2.4739792 47.88634 0.0334 2.0 51.0
-2.7213771 48.818245 0.0334 2.0 51.0
-2.7213771 48.818245 0.0335 1.0 52.0
-2.968775 49.75015 0.0335 1.0 52.0
-2.968775 49.75015 0.0336 0.0 53.0
-3.216173 50.682053 0.0336 0.0 53.0
-3.216173 50.682053 0.0337 0.0 54.0
-3.4635708 51.613956 0.0337 0.0 54.0
0.0 38.567303 0.0338 12.0 41.0
0.24739796 39.499207 0.0338 12.0 41.0
0.24739796 39.499207 0.0339 11.0 42.0
0.49479592 40.43111 0.0339 11.0 42.0
0.49479592 40.43111 0.0340 10.0 43.0
0.7421939 41.363014 0.0340 10.0 43.0
0.7421939 41.363014 0.0341 9.0 44.0
0.98959184 42.294918 0.0341 9.0 44.0
0.98959184 42.294918 0.0342 4.0 45.0
0.98959184 43.2591 0.0342 4.0 45.0
0.98959184 43.2591 0.0343 3.0 46.0
0.98959184 44.223286 0.0343 3.0 46.0
0.98959184 44.223286 0.0344 0.0 47.0
0.7421939 45.15519 0.0344 0.0 47.0
0.7421939 45.15519 0.0345 0.0 48.0
0.49479592 46.087093 0.0345 0.0 48.0
0.98959184 44.223286 0.0346 0.0 47.0
1.2369897 45.15519 0.0346 0.0 47.0
1.2369897 45.15519 0.0347 0.0 48.0
1.4843876 46.087093 0.0347 0.0 48.0
0.98959184 44.223286 0.0348 2.0 47.0
0.98959184 45.18747 0.0348 2.0 47.0
0.98959184 45.18747 0.0349 1.0 48.0
0.98959184 46.151653 0.0349 1.0 48.0
0.98959184 46.151653 0.0350 0.0 49.0
0.98959184 47.115837 0.0350 0.0 49.0
0.98959184 47.115837 0.0351 0.0 50.0
0.98959184 48.08002 0.0351 0.0 50.0
0.98959184 42.294918 0.0352 4.0 45.0
1.4678223 43.13214 0.0352 4.0 45.0
1.4678223 43.13214 0.0353 3.0 46.0
1.9460528 43.969364 0.0353 3.0 46.0
1.9460528 43.969364 0.0354 0.0 47.0
2.1934507 44.901268 0.0354 0.0 47.0
2.1934507 44.901268 0.0355 0.0 48.0
2.4408486 45.83317 0.0355 0.0 48.0
1.9460528 43.969364 0.0356 0.0 47.0
2.6230943 44.65585 0.0356 0.0 47.0
2.6230943 44.65585 0.0357 0.0 48.0
3.3001359 45.342335 0.0357 0.0 48.0
1.9460528 43.969364 0.0358 2.0 47.0
2.4242833 44.806587 0.0358 2.0 47.0
2.4242833 44.806587 0.0359 1.0 48.0
2.9025137 45.64381 0.0359 1.0 48.0
2.9025137 45.64381 0.0360 0.0 49.0
3.3807442 46.481033 0.0360 0.0 49.0
3.3807442 46.481033 0.0361 0.0 50.0
3.8589747 47.318256 0.0361 0.0 50.0
0.98959184 42.294918 0.0362 8.0 45.0
1.2369897 43.22682 0.0362 8.0 45.0
1.2369897 43.22682 0.0363 7.0 46.0
1.4843876 44.158726 0.0363 7.0 46.0
1.4843876 44.158726 0.0364 6.0 47.0
1.7317855 45.09063 0.0364 6.0 47.0
1.7317855 45.09063 0.0365 5.0 48.0
1.9791834 46.022533 0.0365 5.0 48.0
1.9791834 46.022533 0.0366 4.0 49.0
2.2265813 46.954437 0.0366 4.0 49.0
2.2265813 46.954437 0.0367 3.0 50.0
2.4739792 47.88634 0.0367 3.0 50.0
2.4739792 47.88634 0.0368 0.0 51.0
2.4739792 48.850525 0.0368 0.0 51.0
2.4739792 48.850525 0.0369 0.0 52.0
2.4739792 49.81471 0.0369 0.0 52.0
2.4739792 47.88634 0.0370 0.0 51.0
2.9522097 48.723564 0.0370 0.0 51.0
2.9522097 48.723564 0.0371 0.0 52.0
3.4304402 49.560787 0.0371 0.0 52.0
2.4739792 47.88634 0.0372 2.0 51.0
2.7213771 48.818245 0.0372 2.0 51.0
2.7213771 48.818245 0.0373 1.0 52.0
2.968775 49.75015 0.0373 1.0 52.0
2.968775 49.75015 0.0374 0.0 53.0
3.216173 50.682053 0.0374 0.0 53.0
3.216173 50.682053 0.0375 0.0 54.0
3.4635708 51.613956 0.0375 0.0 54.0
0.0 38.567303 0.0376 20.0 41.0
0.0 39.531487 0.0376 20.0 41.0
0.0 39.531487 0.0377 19.0 42.0
0.0 40.49567 0.0377 19.0 42.0
0.0 40.49567 0.0378 18.0 43.0
0.0 41.459854 0.0378 18.0 43.0
0.0 41.459854 0.0379 17.0 44.0
0.0 42.424038 0.0379 17.0 44.0
0.0 42.424038 0.0380 16.0 45.0
0.0 43.38822 0.0380 16.0 45.0
0.0 43.38822 0.0381 15.0 46.0
0.0 44.352406 0.0381 15.0 46.0
0.0 44.352406 0.0382 14.0 47.0
0.0 45.31659 0.0382 14.0 47.0
0.0 45.31659 0.0383 13.0 48.0
0.0 46.280773 0.0383 13.0 48.0
0.0 46.280773 0.0384 12.0 49.0
0.0 47.244957 0.0384 12.0 49.0
0.0 47.244957 0.0385 11.0 50.0
0.0 48.20914 0.0385 11.0 50.0
0.0 48.20914 0.0386 10.0 51.0
0.0 49.173325 0.0386 10.0 51.0
0.0 49.173325 0.0387 9.0 52.0
0.0 50.13751 0.0387 9.0 52.0
0.0 50.13751 0.0388 4.0 53.0
-0.24739796 51.069412 0.0388 4.0 53.0
-0.24739796 51.069412 0.0389 3.0 54.0
-0.49479592 52.001316 0.0389 3.0 54.0
-0.49479592 52.001316 0.0390 0.0 55.0
-0.97302645 52.83854 0.0390 0.0 55.0
-0.97302645 52.83854 0.0391 0.0 56.0
-1.451257 53.675762 0.0391 0.0 56.0
-0.49479592 52.001316 0.0392 0.0 55.0
-0.49479592 52.9655 0.0392 0.0 55.0
-0.49479592 52.9655 0.0393 0.0 56.0
-0.49479592 53.929684 0.0393 0.0 56.0
-0.49479592 52.001316 0.0394 2.0 55.0
-0.7421939 52.93322 0.0394 2.0 55.0
-0.7421939 52.93322 0.0395 1.0 56.0
-0.98959184 53.865124 0.0395 1.0 56.0
-0.98959184 53.865124 0.0396 0.0 57.0
-1.2369897 54.797028 0.0396 0.0 57.0
-1.2369897 54.797028 0.0397 0.0 58.0
-1.4843876 55.72893 0.0397 0.0 58.0
0.0 50.13751 0.0398 4.0 53.0
0.24739796 51.069412 0.0398 4.0 53.0
0.24739796 51.069412 0.0399 3.0 54.0
0.49479592 52.001316 0.0399 3.0 54.0
0.49479592 52.001316 0.0400 0.0 55.0
0.49479592 52.9655 0.0400 0.0 55.0
0.49479592 52.9655 0.0401 0.0 56.0
0.49479592 53.929684 0.0401 0.0 56.0
0.49479592 52.001316 0.0402 0.0 55.0
0.97302645 52.83854 0.0402 0.0 55.0
0.97302645 52.83854 0.0403 0.0 56.0
1.451257 53.675762 0.0403 0.0 56.0
0.49479592 52.001316 0.0404 2.0 55.0
0.7421939 52.93322 0.0404 2.0 55.0
0.7421939 52.93322 0.0405 1.0 56.0
0.98959184 53.865124 0.0405 1.0 56.0
0.98959184 53.865124 0.0406 0.0 57.0
1.2369897 54.797028 0.0406 0.0 57.0
1.2369897 54.797028 0.0407 0.0 58.0
1.4843876 55.72893 0.0407 0.0 58.0
0.0 50.13751 0.0408 8.0 53.0
0.0 51.101692 0.0408 8.0 53.0
0.0 51.101692 0.0409 7.0 54.0
0.0 52.065876 0.0409 7.0 54.0
0.0 52.065876 0.0410 6.0 55.0
0.0 53.03006 0.0410 6.0 55.0
0.0 53.03006 0.0411 5.0 56.0
0.0 53.994244 0.0411 5.0 56.0
0.0 53.994244 0.0412 4.0 57.0
0.0 54.958427 0.0412 4.0 57.0
0.0 54.958427 0.0413 3.0 58.0
0.0 55.92261 0.0413 3.0 58.0
0.0 55.92261 0.0414 0.0 59.0
-0.24739796 56.854515 0.0414 0.0 59.0
-0.24739796 56.854515 0.0415 0.0 60.0
-0.49479592 57.78642 0.0415 0.0 60.0
0.0 55.92261 0.0416 0.0 59.0
0.24739796 56.854515 0.0416 0.0 59.0
0.24739796 56.854515 0.0417 0.0 60.0
0.49479592 57.78642 0.0417 0.0 60.0
0.0 55.92261 0.0418 2.0 59.0
0.0 56.886795 0.0418 2.0 59.0
0.0 56.886795 0.0419 1.0 60.0
0.0 57.85098 0.0419 1.0 60.0
0.0 57.85098 0.0420 0.0 61.0
0.0 58.815163 0.0420 0.0 61.0
0.0 58.815163 0.0421 0.0 62.0
0.0 59.779346 0.0421 0.0 62.0
