0.0 0.0 0.00 27.0 1.0
0.0 1.6361098 0.00 27.0 1.0
0.0 1.6361098 0.01 26.0 2.0
0.0 3.2722197 0.01 26.0 2.0
0.0 3.2722197 0.02 1.0 3.0
1.6354342 3.2252018 0.02 1.0 3.0
1.6354342 3.2252018 0.03 0.0 4.0
2.808844 4.3653617 0.03 0.0 4.0
2.808844 4.3653617 0.04 0.0 5.0
2.808844 6.0014715 0.04 0.0 5.0
0.0 3.2722197 0.05 1.0 3.0
-1.1734099 4.4123793 0.05 1.0 3.0
-1.1734099 4.4123793 0.06 0.0 4.0
-1.1734099 6.048489 0.06 0.0 4.0
-1.1734099 6.048489 0.07 0.0 5.0
0.0 7.188649 0.07 0.0 5.0
0.0 3.2722197 0.08 25.0 3.0
0.0 4.9083295 0.08 25.0 3.0
0.0 4.9083295 0.09 24.0 4.0
0.0 6.5444393 0.09 24.0 4.0
0.0 6.5444393 0.010 1.0 5.0
1.6354342 6.4974213 0.010 1.0 5.0
1.6354342 6.4974213 0.011 0.0 6.0
2.808844 7.637581 0.011 0.0 6.0
2.808844 7.637581 0.012 0.0 7.0
2.808844 9.273691 0.012 0.0 7.0
0.0 6.5444393 0.013 1.0 5.0
-1.1734099 7.684599 0.013 1.0 5.0
-1.1734099 7.684599 0.014 0.0 6.0
-1.1734099 9.320709 0.014 0.0 6.0
-1.1734099 9.320709 0.015 0.0 7.0
0.0 10.460869 0.015 0.0 7.0
0.0 6.5444393 0.016 7.0 5.0
1.6354342 6.4974213 0.016 7.0 5.0
1.6354342 6.4974213 0.017 6.0 6.0
3.2708683 6.450403 0.017 6.0 6.0
3.2708683 6.450403 0.018 1.0 7.0
3.1768715 4.8169956 0.018 1.0 7.0
3.1768715 4.8169956 0.019 0.0 8.0
4.28284 3.6113048 0.019 0.0 8.0
4.28284 3.6113048 0.020 0.0 9.0
5.918274 3.564287 0.020 0.0 9.0
3.2708683 6.450403 0.021 1.0 7.0
4.4442782 7.590563 0.021 1.0 7.0
4.4442782 7.590563 0.022 0.0 8.0
6.0797124 7.543545 0.022 0.0 8.0
6.0797124 7.543545 0.023 0.0 9.0
7.1856804 6.337854 0.023 0.0 9.0
3.2708683 6.450403 0.024 5.0 7.0
4.4442782 7.590563 0.024 5.0 7.0
4.4442782 7.590563 0.025 4.0 8.0
5.617688 8.730722 0.025 4.0 8.0
5.617688 8.730722 0.026 1.0 9.0
6.723656 7.5250316 0.026 1.0 9.0
6.723656 7.5250316 0.027 0.0 10.0
8.359091 7.478014 0.027 0.0 10.0
8.359091 7.478014 0.028 0.0 11.0
9.532501 8.618174 0.028 0.0 11.0
5.617688 8.730722 0.029 1.0 9.0
5.617688 10.366833 0.029 1.0 9.0
5.617688 10.366833 0.030 0.0 10.0
6.791098 11.506992 0.030 0.0 10.0
6.791098 11.506992 0.031 0.0 11.0
8.426533 11.459974 0.031 0.0 11.0
5.617688 8.730722 0.032 3.0 9.0
5.617688 10.366833 0.032 3.0 9.0
5.617688 10.366833 0.033 2.0 10.0
5.617688 12.002943 0.033 2.0 10.0
5.617688 12.002943 0.034 1.0 11.0
7.2531223 11.955925 0.034 1.0 11.0
7.2531223 11.955925 0.035 0.0 12.0
8.426533 13.096085 0.035 0.0 12.0
8.426533 13.096085 0.036 0.0 13.0
8.426533 14.732195 0.036 0.0 13.0
5.617688 12.002943 0.037 1.0 11.0
4.4442782 13.143103 0.037 1.0 11.0
4.4442782 13.143103 0.038 0.0 12.0
4.4442782 14.779213 0.038 0.0 12.0
4.4442782 14.779213 0.039 0.0 13.0
5.617688 15.919373 0.039 0.0 13.0
0.0 6.5444393 0.040 7.0 5.0
-1.1734099 7.684599 0.040 7.0 5.0
-1.1734099 7.684599 0.041 6.0 6.0
-2.3468199 8.824759 0.041 6.0 6.0
-2.3468199 8.824759 0.042 1.0 7.0
-1.1734099 9.964918 0.042 1.0 7.0
-1.1734099 9.964918 0.043 0.0 8.0
-1.1734099 11.601028 0.043 0.0 8.0
-1.1734099 11.601028 0.044 0.0 9.0
-2.3468199 12.741188 0.044 0.0 9.0
-2.3468199 8.824759 0.045 1.0 7.0
-3.982254 8.7777405 0.045 1.0 7.0
-3.982254 8.7777405 0.046 0.0 8.0
-5.155664 9.9179 0.046 0.0 8.0
-5.155664 9.9179 0.047 0.0 9.0
-5.155664 11.55401 0.047 0.0 9.0
-2.3468199 8.824759 0.048 5.0 7.0
-2.3468199 10.460869 0.048 5.0 7.0
-2.3468199 10.460869 0.049 4.0 8.0
-2.3468199 12.096979 0.049 4.0 8.0
-2.3468199 12.096979 0.050 1.0 9.0
-0.7113857 12.049961 0.050 1.0 9.0
-0.7113857 12.049961 0.051 0.0 10.0
0.4620242 13.190121 0.051 0.0 10.0
0.4620242 13.190121 0.052 0.0 11.0
0.4620242 14.826231 0.052 0.0 11.0
-2.3468199 12.096979 0.053 1.0 9.0
-3.5202298 13.237139 0.053 1.0 9.0
-3.5202298 13.237139 0.054 0.0 10.0
-3.5202298 14.873249 0.054 0.0 10.0
-3.5202298 14.873249 0.055 0.0 11.0
-2.3468199 16.013409 0.055 0.0 11.0
-2.3468199 12.096979 0.056 3.0 9.0
-1.1734099 13.237139 0.056 3.0 9.0
-1.1734099 13.237139 0.057 2.0 10.0
0.0 14.377298 0.057 2.0 10.0
0.0 14.377298 0.058 1.0 11.0
1.105968 13.171608 0.058 1.0 11.0
1.105968 13.171608 0.059 0.0 12.0
2.7414021 13.12459 0.059 0.0 12.0
2.7414021 13.12459 0.060 0.0 13.0
3.914812 14.26475 0.060 0.0 13.0
0.0 14.377298 0.061 1.0 11.0
0.0 16.013409 0.061 1.0 11.0
0.0 16.013409 0.062 0.0 12.0
1.1734099 17.153568 0.062 0.0 12.0
1.1734099 17.153568 0.063 0.0 13.0
2.808844 17.10655 0.063 0.0 13.0
0.0 6.5444393 0.064 23.0 5.0
0.0 8.18055 0.064 23.0 5.0
0.0 8.18055 0.065 22.0 6.0
0.0 9.81666 0.065 22.0 6.0
0.0 9.81666 0.066 1.0 7.0
1.6354342 9.769642 0.066 1.0 7.0
1.6354342 9.769642 0.067 0.0 8.0
2.808844 10.9098015 0.067 0.0 8.0
2.808844 10.9098015 0.068 0.0 9.0
2.808844 12.545912 0.068 0.0 9.0
0.0 9.81666 0.069 1.0 7.0
-1.1734099 10.95682 0.069 1.0 7.0
-1.1734099 10.95682 0.070 0.0 8.0
-1.1734099 12.59293 0.070 0.0 8.0
-1.1734099 12.59293 0.071 0.0 9.0
0.0 13.733089 0.071 0.0 9.0
0.0 9.81666 0.072 21.0 7.0
0.0 11.45277 0.072 21.0 7.0
0.0 11.45277 0.073 20.0 8.0
0.0 13.088881 0.073 20.0 8.0
0.0 13.088881 0.074 1.0 9.0
1.6354342 13.0418625 0.074 1.0 9.0
1.6354342 13.0418625 0.075 0.0 10.0
2.808844 14.182022 0.075 0.0 10.0
2.808844 14.182022 0.076 0.0 11.0
2.808844 15.818132 0.076 0.0 11.0
0.0 13.088881 0.077 1.0 9.0
-1.1734099 14.22904 0.077 1.0 9.0
-1.1734099 14.22904 0.078 0.0 10.0
-1.1734099 15.86515 0.078 0.0 10.0
-1.1734099 15.86515 0.079 0.0 11.0
0.0 17.00531 0.079 0.0 11.0
0.0 13.088881 0.080 7.0 9.0
1.6354342 13.0418625 0.080 7.0 9.0
1.6354342 13.0418625 0.081 6.0 10.0
3.2708683 12.994844 0.081 6.0 10.0
3.2708683 12.994844 0.082 1.0 11.0
3.1768715 11.361437 0.082 1.0 11.0
3.1768715 11.361437 0.083 0.0 12.0
4.28284 10.155746 0.083 0.0 12.0
4.28284 10.155746 0.084 0.0 13.0
5.918274 10.108728 0.084 0.0 13.0
3.2708683 12.994844 0.085 1.0 11.0
4.4442782 14.135004 0.085 1.0 11.0
4.4442782 14.135004 0.086 0.0 12.0
6.0797124 14.087986 0.086 0.0 12.0
6.0797124 14.087986 0.087 0.0 13.0
7.1856804 12.882296 0.087 0.0 13.0
3.2708683 12.994844 0.088 5.0 11.0
4.4442782 14.135004 0.088 5.0 11.0
4.4442782 14.135004 0.089 4.0 12.0
5.617688 15.275164 0.089 4.0 12.0
5.617688 15.275164 0.090 1.0 13.0
6.723656 14.069473 0.090 1.0 13.0
6.723656 14.069473 0.091 0.0 14.0
8.359091 14.022455 0.091 0.0 14.0
8.359091 14.022455 0.092 0.0 15.0
9.532501 15.162615 0.092 0.0 15.0
5.617688 15.275164 0.093 1.0 13.0
5.617688 16.911274 0.093 1.0 13.0
5.617688 16.911274 0.094 0.0 14.0
6.791098 18.051434 0.094 0.0 14.0
6.791098 18.051434 0.095 0.0 15.0
8.426533 18.004416 0.095 0.0 15.0
5.617688 15.275164 0.096 3.0 13.0
5.617688 16.911274 0.096 3.0 13.0
5.617688 16.911274 0.097 2.0 14.0
5.617688 18.547384 0.097 2.0 14.0
5.617688 18.547384 0.098 1.0 15.0
7.2531223 18.500366 0.098 1.0 15.0
7.2531223 18.500366 0.099 0.0 16.0
8.426533 19.640526 0.099 0.0 16.0
8.426533 19.640526 0.0100 0.0 17.0
8.426533 21.276636 0.0100 0.0 17.0
5.617688 18.547384 0.0101 1.0 15.0
4.4442782 19.687544 0.0101 1.0 15.0
4.4442782 19.687544 0.0102 0.0 16.0
4.4442782 21.323654 0.0102 0.0 16.0
4.4442782 21.323654 0.0103 0.0 17.0
5.617688 22.463814 0.0103 0.0 17.0
0.0 13.088881 0.0104 7.0 9.0
-1.1734099 14.22904 0.0104 7.0 9.0
-1.1734099 14.22904 0.0105 6.0 10.0
-2.3468199 15.3692 0.0105 6.0 10.0
-2.3468199 15.3692 0.0106 1.0 11.0
-1.1734099 16.50936 0.0106 1.0 11.0
-1.1734099 16.50936 0.0107 0.0 12.0
-1.1734099 18.14547 0.0107 0.0 12.0
-1.1734099 18.14547 0.0108 0.0 13.0
-2.3468199 19.28563 0.0108 0.0 13.0
-2.3468199 15.3692 0.0109 1.0 11.0
-3.982254 15.322182 0.0109 1.0 11.0
-3.982254 15.322182 0.0110 0.0 12.0
-5.155664 16.462341 0.0110 0.0 12.0
-5.155664 16.462341 0.0111 0.0 13.0
-5.155664 18.098452 0.0111 0.0 13.0
-2.3468199 15.3692 0.0112 5.0 11.0
-2.3468199 17.00531 0.0112 5.0 11.0
-2.3468199 17.00531 0.0113 4.0 12.0
-2.3468199 18.64142 0.0113 4.0 12.0
-2.3468199 18.64142 0.0114 1.0 13.0
-0.7113857 18.594402 0.0114 1.0 13.0
-0.7113857 18.594402 0.0115 0.0 14.0
0.4620242 19.734562 0.0115 0.0 14.0
0.4620242 19.734562 0.0116 0.0 15.0
0.4620242 21.370672 0.0116 0.0 15.0
-2.3468199 18.64142 0.0117 1.0 13.0
-3.5202298 19.78158 0.0117 1.0 13.0
-3.5202298 19.78158 0.0118 0.0 14.0
-3.5202298 21.41769 0.0118 0.0 14.0
-3.5202298 21.41769 0.0119 0.0 15.0
-2.3468199 22.55785 0.0119 0.0 15.0
-2.3468199 18.64142 0.0120 3.0 13.0
-1.1734099 19.78158 0.0120 3.0 13.0
-1.1734099 19.78158 0.0121 2.0 14.0
0.0 20.92174 0.0121 2.0 14.0
0.0 20.92174 0.0122 1.0 15.0
1.105968 19.71605 0.0122 1.0 15.0
1.105968 19.71605 0.0123 0.0 16.0
2.7414021 19.669031 0.0123 0.0 16.0
2.7414021 19.669031 0.0124 0.0 17.0
3.914812 20.80919 0.0124 0.0 17.0
0.0 20.92174 0.0125 1.0 15.0
0.0 22.55785 0.0125 1.0 15.0
0.0 22.55785 0.0126 0.0 16.0
1.1734099 23.69801 0.0126 0.0 16.0
1.1734099 23.69801 0.0127 0.0 17.0
2.808844 23.650991 0.0127 0.0 17.0
0.0 13.088881 0.0128 19.0 9.0
0.0 14.724991 0.0128 19.0 9.0
0.0 14.724991 0.0129 18.0 10.0
0.0 16.361101 0.0129 18.0 10.0
0.0 16.361101 0.0130 1.0 11.0
1.6354342 16.314083 0.0130 1.0 11.0
1.6354342 16.314083 0.0131 0.0 12.0
2.808844 17.454243 0.0131 0.0 12.0
2.808844 17.454243 0.0132 0.0 13.0
2.808844 19.090353 0.0132 0.0 13.0
0.0 16.361101 0.0133 1.0 11.0
-1.1734099 17.50126 0.0133 1.0 11.0
-1.1734099 17.50126 0.0134 0.0 12.0
-1.1734099 19.137371 0.0134 0.0 12.0
-1.1734099 19.137371 0.0135 0.0 13.0
0.0 20.27753 0.0135 0.0 13.0
0.0 16.361101 0.0136 17.0 11.0
0.0 17.997211 0.0136 17.0 11.0
0.0 17.997211 0.0137 16.0 12.0
0.0 19.633322 0.0137 16.0 12.0
0.0 19.633322 0.0138 1.0 13.0
1.6354342 19.586304 0.0138 1.0 13.0
1.6354342 19.586304 0.0139 0.0 14.0
2.808844 20.726463 0.0139 0.0 14.0
2.808844 20.726463 0.0140 0.0 15.0
2.808844 22.362574 0.0140 0.0 15.0
0.0 19.633322 0.0141 1.0 13.0
-1.1734099 20.773481 0.0141 1.0 13.0
-1.1734099 20.773481 0.0142 0.0 14.0
-1.1734099 22.409592 0.0142 0.0 14.0
-1.1734099 22.409592 0.0143 0.0 15.0
0.0 23.549751 0.0143 0.0 15.0
0.0 19.633322 0.0144 7.0 13.0
1.6354342 19.586304 0.0144 7.0 13.0
1.6354342 19.586304 0.0145 6.0 14.0
3.2708683 19.539286 0.0145 6.0 14.0
3.2708683 19.539286 0.0146 1.0 15.0
3.1768715 17.905878 0.0146 1.0 15.0
3.1768715 17.905878 0.0147 0.0 16.0
4.28284 16.700188 0.0147 0.0 16.0
4.28284 16.700188 0.0148 0.0 17.0
5.918274 16.65317 0.0148 0.0 17.0
3.2708683 19.539286 0.0149 1.0 15.0
4.4442782 20.679445 0.0149 1.0 15.0
4.4442782 20.679445 0.0150 0.0 16.0
6.0797124 20.632427 0.0150 0.0 16.0
6.0797124 20.632427 0.0151 0.0 17.0
7.1856804 19.426737 0.0151 0.0 17.0
3.2708683 19.539286 0.0152 5.0 15.0
4.4442782 20.679445 0.0152 5.0 15.0
4.4442782 20.679445 0.0153 4.0 16.0
5.617688 21.819605 0.0153 4.0 16.0
5.617688 21.819605 0.0154 1.0 17.0
6.723656 20.613914 0.0154 1.0 17.0
6.723656 20.613914 0.0155 0.0 18.0
8.359091 20.566896 0.0155 0.0 18.0
8.359091 20.566896 0.0156 0.0 19.0
9.532501 21.707056 0.0156 0.0 19.0
5.617688 21.819605 0.0157 1.0 17.0
5.617688 23.455715 0.0157 1.0 17.0
5.617688 23.455715 0.0158 0.0 18.0
6.791098 24.595875 0.0158 0.0 18.0
6.791098 24.595875 0.0159 0.0 19.0
8.426533 24.548857 0.0159 0.0 19.0
5.617688 21.819605 0.0160 3.0 17.0
5.617688 23.455715 0.0160 3.0 17.0
5.617688 23.455715 0.0161 2.0 18.0
5.617688 25.091825 0.0161 2.0 18.0
5.617688 25.091825 0.0162 1.0 19.0
7.2531223 25.044807 0.0162 1.0 19.0
7.2531223 25.044807 0.0163 0.0 20.0
8.426533 26.184967 0.0163 0.0 20.0
8.426533 26.184967 0.0164 0.0 21.0
8.426533 27.821077 0.0164 0.0 21.0
5.617688 25.091825 0.0165 1.0 19.0
4.4442782 26.231985 0.0165 1.0 19.0
4.4442782 26.231985 0.0166 0.0 20.0
4.4442782 27.868095 0.0166 0.0 20.0
4.4442782 27.868095 0.0167 0.0 21.0
5.617688 29.008255 0.0167 0.0 21.0
0.0 19.633322 0.0168 7.0 13.0
-1.1734099 20.773481 0.0168 7.0 13.0
-1.1734099 20.773481 0.0169 6.0 14.0
-2.3468199 21.913641 0.0169 6.0 14.0
-2.3468199 21.913641 0.0170 1.0 15.0
-1.1734099 23.0538 0.0170 1.0 15.0
-1.1734099 23.0538 0.0171 0.0 16.0
-1.1734099 24.68991 0.0171 0.0 16.0
-1.1734099 24.68991 0.0172 0.0 17.0
-2.3468199 25.83007 0.0172 0.0 17.0
-2.3468199 21.913641 0.0173 1.0 15.0
-3.982254 21.866623 0.0173 1.0 15.0
-3.982254 21.866623 0.0174 0.0 16.0
-5.155664 23.006783 0.0174 0.0 16.0
-5.155664 23.006783 0.0175 0.0 17.0
-5.155664 24.642893 0.0175 0.0 17.0
-2.3468199 21.913641 0.0176 5.0 15.0
-2.3468199 23.549751 0.0176 5.0 15.0
-2.3468199 23.549751 0.0177 4.0 16.0
-2.3468199 25.185862 0.0177 4.0 16.0
-2.3468199 25.185862 0.0178 1.0 17.0
-0.7113857 25.138844 0.0178 1.0 17.0
-0.7113857 25.138844 0.0179 0.0 18.0
0.4620242 26.279003 0.0179 0.0 18.0
0.4620242 26.279003 0.0180 0.0 19.0
0.4620242 27.915113 0.0180 0.0 19.0
-2.3468199 25.185862 0.0181 1.0 17.0
-3.5202298 26.326021 0.0181 1.0 17.0
-3.5202298 26.326021 0.0182 0.0 18.0
-3.5202298 27.962132 0.0182 0.0 18.0
-3.5202298 27.962132 0.0183 0.0 19.0
-2.3468199 29.102291 0.0183 0.0 19.0
-2.3468199 25.185862 0.0184 3.0 17.0
-1.1734099 26.326021 0.0184 3.0 17.0
-1.1734099 26.326021 0.0185 2.0 18.0
0.0 27.46618 0.0185 2.0 18.0
0.0 27.46618 0.0186 1.0 19.0
1.105968 26.26049 0.0186 1.0 19.0
1.105968 26.26049 0.0187 0.0 20.0
2.7414021 26.213472 0.0187 0.0 20.0
2.7414021 26.213472 0.0188 0.0 21.0
3.914812 27.353632 0.0188 0.0 21.0
0.0 27.46618 0.0189 1.0 19.0
0.0 29.102291 0.0189 1.0 19.0
0.0 29.102291 0.0190 0.0 20.0
1.1734099 30.24245 0.0190 0.0 20.0
1.1734099 30.24245 0.0191 0.0 21.0
2.808844 30.195433 0.0191 0.0 21.0
0.0 19.633322 0.0192 15.0 13.0
-1.1734099 20.773481 0.0192 15.0 13.0
-1.1734099 20.773481 0.0193 14.0 14.0
-2.3468199 21.913641 0.0193 14.0 14.0
-2.3468199 21.913641 0.0194 1.0 15.0
-1.1734099 23.0538 0.0194 1.0 15.0
-1.1734099 23.0538 0.0195 0.0 16.0
-1.1734099 24.68991 0.0195 0.0 16.0
-1.1734099 24.68991 0.0196 0.0 17.0
-2.3468199 25.83007 0.0196 0.0 17.0
-2.3468199 21.913641 0.0197 1.0 15.0
-3.982254 21.866623 0.0197 1.0 15.0
-3.982254 21.866623 0.0198 0.0 16.0
-5.155664 23.006783 0.0198 0.0 16.0
-5.155664 23.006783 0.0199 0.0 17.0
-5.155664 24.642893 0.0199 0.0 17.0
-2.3468199 21.913641 0.0200 13.0 15.0
-3.5202298 23.0538 0.0200 13.0 15.0
-3.5202298 23.0538 0.0201 12.0 16.0
-4.6936398 24.19396 0.0201 12.0 16.0
-4.6936398 24.19396 0.0202 1.0 17.0
-3.5202298 25.33412 0.0202 1.0 17.0
-3.5202298 25.33412 0.0203 0.0 18.0
-3.5202298 26.97023 0.0203 0.0 18.0
-3.5202298 26.97023 0.0204 0.0 19.0
-4.6936398 28.11039 0.0204 0.0 19.0
-4.6936398 24.19396 0.0205 1.0 17.0
-6.329074 24.146942 0.0205 1.0 17.0
-6.329074 24.146942 0.0206 0.0 18.0
-7.502484 25.287102 0.0206 0.0 18.0
-7.502484 25.287102 0.0207 0.0 19.0
-7.502484 26.923212 0.0207 0.0 19.0
-4.6936398 24.19396 0.0208 7.0 17.0
-3.5202298 25.33412 0.0208 7.0 17.0
-3.5202298 25.33412 0.0209 6.0 18.0
-2.3468199 26.47428 0.0209 6.0 18.0
-2.3468199 26.47428 0.0210 1.0 19.0
-1.2408519 25.268589 0.0210 1.0 19.0
-1.2408519 25.268589 0.0211 0.0 20.0
0.39458227 25.221571 0.0211 0.0 20.0
0.39458227 25.221571 0.0212 0.0 21.0
1.5679922 26.36173 0.0212 0.0 21.0
-2.3468199 26.47428 0.0213 1.0 19.0
-2.3468199 28.11039 0.0213 1.0 19.0
-2.3468199 28.11039 0.0214 0.0 20.0
-1.1734099 29.25055 0.0214 0.0 20.0
-1.1734099 29.25055 0.0215 0.0 21.0
0.4620242 29.203531 0.0215 0.0 21.0
-2.3468199 26.47428 0.0216 5.0 19.0
-2.3468199 28.11039 0.0216 5.0 19.0
-2.3468199 28.11039 0.0217 4.0 20.0
-2.3468199 29.7465 0.0217 4.0 20.0
-2.3468199 29.7465 0.0218 1.0 21.0
-0.7113857 29.699482 0.0218 1.0 21.0
-0.7113857 29.699482 0.0219 0.0 22.0
0.4620242 30.839642 0.0219 0.0 22.0
0.4620242 30.839642 0.0220 0.0 23.0
0.4620242 32.47575 0.0220 0.0 23.0
-2.3468199 29.7465 0.0221 1.0 21.0
-3.5202298 30.88666 0.0221 1.0 21.0
-3.5202298 30.88666 0.0222 0.0 22.0
-3.5202298 32.52277 0.0222 0.0 22.0
-3.5202298 32.52277 0.0223 0.0 23.0
-2.3468199 33.66293 0.0223 0.0 23.0
-2.3468199 29.7465 0.0224 3.0 21.0
-3.5202298 30.88666 0.0224 3.0 21.0
-3.5202298 30.88666 0.0225 2.0 22.0
-4.6936398 32.02682 0.0225 2.0 22.0
-4.6936398 32.02682 0.0226 1.0 23.0
-3.5202298 33.16698 0.0226 1.0 23.0
-3.5202298 33.16698 0.0227 0.0 24.0
-3.5202298 34.80309 0.0227 0.0 24.0
-3.5202298 34.80309 0.0228 0.0 25.0
-4.6936398 35.94325 0.0228 0.0 25.0
-4.6936398 32.02682 0.0229 1.0 23.0
-6.329074 31.979803 0.0229 1.0 23.0
-6.329074 31.979803 0.0230 0.0 24.0
-7.502484 33.119965 0.0230 0.0 24.0
-7.502484 33.119965 0.0231 0.0 25.0
-7.502484 34.756073 0.0231 0.0 25.0
-4.6936398 24.19396 0.0232 7.0 17.0
-6.329074 24.146942 0.0232 7.0 17.0
-6.329074 24.146942 0.0233 6.0 18.0
-7.964508 24.099924 0.0233 6.0 18.0
-7.964508 24.099924 0.0234 1.0 19.0
-7.964508 25.736034 0.0234 1.0 19.0
-7.964508 25.736034 0.0235 0.0 20.0
-9.137918 26.876194 0.0235 0.0 20.0
-9.137918 26.876194 0.0236 0.0 21.0
-10.773353 26.829176 0.0236 0.0 21.0
-7.964508 24.099924 0.0237 1.0 19.0
-9.070477 22.894234 0.0237 1.0 19.0
-9.070477 22.894234 0.0238 0.0 20.0
-10.705911 22.847216 0.0238 0.0 20.0
-10.705911 22.847216 0.0239 0.0 21.0
-11.87932 23.987375 0.0239 0.0 21.0
-7.964508 24.099924 0.0240 5.0 19.0
-9.137918 25.240084 0.0240 5.0 19.0
-9.137918 25.240084 0.0241 4.0 20.0
-10.311329 26.380243 0.0241 4.0 20.0
-10.311329 26.380243 0.0242 1.0 21.0
-9.137918 27.520403 0.0242 1.0 21.0
-9.137918 27.520403 0.0243 0.0 22.0
-9.137918 29.156513 0.0243 0.0 22.0
-9.137918 29.156513 0.0244 0.0 23.0
-10.311329 30.296673 0.0244 0.0 23.0
-10.311329 26.380243 0.0245 1.0 21.0
-11.946763 26.333225 0.0245 1.0 21.0
-11.946763 26.333225 0.0246 0.0 22.0
-13.1201725 27.473385 0.0246 0.0 22.0
-13.1201725 27.473385 0.0247 0.0 23.0
-13.1201725 29.109495 0.0247 0.0 23.0
-10.311329 26.380243 0.0248 3.0 21.0
-10.311329 28.016354 0.0248 3.0 21.0
-10.311329 28.016354 0.0249 2.0 22.0
-10.311329 29.652464 0.0249 2.0 22.0
-10.311329 29.652464 0.0250 1.0 23.0
-8.675895 29.605446 0.0250 1.0 23.0
-8.675895 29.605446 0.0251 0.0 24.0
-7.502485 30.745605 0.0251 0.0 24.0
-7.502485 30.745605 0.0252 0.0 25.0
-7.502485 32.381714 0.0252 0.0 25.0
-10.311329 29.652464 0.0253 1.0 23.0
-11.484739 30.792624 0.0253 1.0 23.0
-11.484739 30.792624 0.0254 0.0 24.0
-11.484739 32.428734 0.0254 0.0 24.0
-11.484739 32.428734 0.0255 0.0 25.0
-10.311329 33.568893 0.0255 0.0 25.0
-4.6936398 24.19396 0.0256 11.0 17.0
-6.329074 24.146942 0.0256 11.0 17.0
-6.329074 24.146942 0.0257 10.0 18.0
-7.964508 24.099924 0.0257 10.0 18.0
-7.964508 24.099924 0.0258 1.0 19.0
-7.964508 25.736034 0.0258 1.0 19.0
-7.964508 25.736034 0.0259 0.0 20.0
-9.137918 26.876194 0.0259 0.0 20.0
-9.137918 26.876194 0.0260 0.0 21.0
-10.773353 26.829176 0.0260 0.0 21.0
-7.964508 24.099924 0.0261 1.0 19.0
-9.070477 22.894234 0.0261 1.0 19.0
-9.070477 22.894234 0.0262 0.0 20.0
-10.705911 22.847216 0.0262 0.0 20.0
-10.705911 22.847216 0.0263 0.0 21.0
-11.87932 23.987375 0.0263 0.0 21.0
-7.964508 24.099924 0.0264 9.0 19.0
-9.599942 24.052906 0.0264 9.0 19.0
-9.599942 24.052906 0.0265 8.0 20.0
-11.235376 24.005888 0.0265 8.0 20.0
-11.235376 24.005888 0.0266 1.0 21.0
-11.235376 25.641998 0.0266 1.0 21.0
-11.235376 25.641998 0.0267 0.0 22.0
-12.408787 26.782158 0.0267 0.0 22.0
-12.408787 26.782158 0.0268 0.0 23.0
-14.044221 26.73514 0.0268 0.0 23.0
-11.235376 24.005888 0.0269 1.0 21.0
-12.341345 22.800198 0.0269 1.0 21.0
-12.341345 22.800198 0.0270 0.0 22.0
-13.976779 22.75318 0.0270 0.0 22.0
-13.976779 22.75318 0.0271 0.0 23.0
-15.150188 23.89334 0.0271 0.0 23.0
-11.235376 24.005888 0.0272 7.0 21.0
-11.235376 25.641998 0.0272 7.0 21.0
-11.235376 25.641998 0.0273 6.0 22.0
-11.235376 27.278109 0.0273 6.0 22.0
-11.235376 27.278109 0.0274 1.0 23.0
-9.599942 27.23109 0.0274 1.0 23.0
-9.599942 27.23109 0.0275 0.0 24.0
-8.426533 28.37125 0.0275 0.0 24.0
-8.426533 28.37125 0.0276 0.0 25.0
-8.426533 30.00736 0.0276 0.0 25.0
-11.235376 27.278109 0.0277 1.0 23.0
-12.408787 28.418268 0.0277 1.0 23.0
-12.408787 28.418268 0.0278 0.0 24.0
-12.408787 30.054379 0.0278 0.0 24.0
-12.408787 30.054379 0.0279 0.0 25.0
-11.235376 31.194538 0.0279 0.0 25.0
-11.235376 27.278109 0.0280 5.0 23.0
-12.408787 28.418268 0.0280 5.0 23.0
-12.408787 28.418268 0.0281 4.0 24.0
-13.582197 29.558428 0.0281 4.0 24.0
-13.582197 29.558428 0.0282 1.0 25.0
-12.408787 30.698587 0.0282 1.0 25.0
-12.408787 30.698587 0.0283 0.0 26.0
-12.408787 32.334698 0.0283 0.0 26.0
-12.408787 32.334698 0.0284 0.0 27.0
-13.582197 33.474857 0.0284 0.0 27.0
-13.582197 29.558428 0.0285 1.0 25.0
-15.217631 29.51141 0.0285 1.0 25.0
-15.217631 29.51141 0.0286 0.0 26.0
-16.39104 30.65157 0.0286 0.0 26.0
-16.39104 30.65157 0.0287 0.0 27.0
-16.39104 32.287678 0.0287 0.0 27.0
-13.582197 29.558428 0.0288 3.0 25.0
-15.217631 29.51141 0.0288 3.0 25.0
-15.217631 29.51141 0.0289 2.0 26.0
-16.853065 29.464392 0.0289 2.0 26.0
-16.853065 29.464392 0.0290 1.0 27.0
-16.853065 31.100502 0.0290 1.0 27.0
-16.853065 31.100502 0.0291 0.0 28.0
-18.026476 32.24066 0.0291 0.0 28.0
-18.026476 32.24066 0.0292 0.0 29.0
-19.661911 32.193645 0.0292 0.0 29.0
-16.853065 29.464392 0.0293 1.0 27.0
-17.959034 28.258701 0.0293 1.0 27.0
-17.959034 28.258701 0.0294 0.0 28.0
-19.594467 28.211683 0.0294 0.0 28.0
-19.594467 28.211683 0.0295 0.0 29.0
-20.767878 29.351843 0.0295 0.0 29.0
-11.235376 24.005888 0.0296 7.0 21.0
-12.341345 22.800198 0.0296 7.0 21.0
-12.341345 22.800198 0.0297 6.0 22.0
-13.447313 21.594507 0.0297 6.0 22.0
-13.447313 21.594507 0.0298 1.0 23.0
-14.620724 22.734667 0.0298 1.0 23.0
-14.620724 22.734667 0.0299 0.0 24.0
-16.256157 22.687649 0.0299 0.0 24.0
-16.256157 22.687649 0.0300 0.0 25.0
-17.362125 21.481958 0.0300 0.0 25.0
-13.447313 21.594507 0.0301 1.0 23.0
-13.353316 19.9611 0.0301 1.0 23.0
-13.353316 19.9611 0.0302 0.0 24.0
-14.459284 18.75541 0.0302 0.0 24.0
-14.459284 18.75541 0.0303 0.0 25.0
-16.094719 18.708391 0.0303 0.0 25.0
-13.447313 21.594507 0.0304 5.0 23.0
-15.082747 21.54749 0.0304 5.0 23.0
-15.082747 21.54749 0.0305 4.0 24.0
-16.718182 21.500471 0.0305 4.0 24.0
-16.718182 21.500471 0.0306 1.0 25.0
-16.718182 23.136581 0.0306 1.0 25.0
-16.718182 23.136581 0.0307 0.0 26.0
-17.891592 24.276741 0.0307 0.0 26.0
-17.891592 24.276741 0.0308 0.0 27.0
-19.527027 24.229723 0.0308 0.0 27.0
-16.718182 21.500471 0.0309 1.0 25.0
-17.82415 20.29478 0.0309 1.0 25.0
-17.82415 20.29478 0.0310 0.0 26.0
-19.459583 20.247763 0.0310 0.0 26.0
-19.459583 20.247763 0.0311 0.0 27.0
-20.632994 21.387922 0.0311 0.0 27.0
-16.718182 21.500471 0.0312 3.0 25.0
-17.891592 22.64063 0.0312 3.0 25.0
-17.891592 22.64063 0.0313 2.0 26.0
-19.065002 23.78079 0.0313 2.0 26.0
-19.065002 23.78079 0.0314 1.0 27.0
-17.891592 24.92095 0.0314 1.0 27.0
-17.891592 24.92095 0.0315 0.0 28.0
-17.891592 26.55706 0.0315 0.0 28.0
-17.891592 26.55706 0.0316 0.0 29.0
-19.065002 27.69722 0.0316 0.0 29.0
-19.065002 23.78079 0.0317 1.0 27.0
-20.700436 23.733772 0.0317 1.0 27.0
-20.700436 23.733772 0.0318 0.0 28.0
-21.873846 24.873932 0.0318 0.0 28.0
-21.873846 24.873932 0.0319 0.0 29.0
-21.873846 26.510042 0.0319 0.0 29.0
0.0 13.088881 0.0320 19.0 9.0
-1.105968 11.88319 0.0320 19.0 9.0
-1.105968 11.88319 0.0321 18.0 10.0
-2.211936 10.6775 0.0321 18.0 10.0
-2.211936 10.6775 0.0322 1.0 11.0
-3.385346 11.817659 0.0322 1.0 11.0
-3.385346 11.817659 0.0323 0.0 12.0
-5.02078 11.770641 0.0323 0.0 12.0
-5.02078 11.770641 0.0324 0.0 13.0
-6.126748 10.564951 0.0324 0.0 13.0
-2.211936 10.6775 0.0325 1.0 11.0
-2.1179392 9.044092 0.0325 1.0 11.0
-2.1179392 9.044092 0.0326 0.0 12.0
-3.2239072 7.8384013 0.0326 0.0 12.0
-3.2239072 7.8384013 0.0327 0.0 13.0
-4.8593416 7.7913837 0.0327 0.0 13.0
-2.211936 10.6775 0.0328 17.0 11.0
-3.317904 9.471809 0.0328 17.0 11.0
-3.317904 9.471809 0.0329 16.0 12.0
-4.423872 8.266119 0.0329 16.0 12.0
-4.423872 8.266119 0.0330 1.0 13.0
-5.597282 9.406279 0.0330 1.0 13.0
-5.597282 9.406279 0.0331 0.0 14.0
-7.232716 9.359261 0.0331 0.0 14.0
-7.232716 9.359261 0.0332 0.0 15.0
-8.338684 8.15357 0.0332 0.0 15.0
-4.423872 8.266119 0.0333 1.0 13.0
-4.329875 6.6327114 0.0333 1.0 13.0
-4.329875 6.6327114 0.0334 0.0 14.0
-5.435843 5.4270205 0.0334 0.0 14.0
-5.435843 5.4270205 0.0335 0.0 15.0
-7.071277 5.380003 0.0335 0.0 15.0
-4.423872 8.266119 0.0336 7.0 13.0
-5.597282 9.406279 0.0336 7.0 13.0
-5.597282 9.406279 0.0337 6.0 14.0
-6.770692 10.546438 0.0337 6.0 14.0
-6.770692 10.546438 0.0338 1.0 15.0
-5.597282 11.686598 0.0338 1.0 15.0
-5.597282 11.686598 0.0339 0.0 16.0
-5.597282 13.322708 0.0339 0.0 16.0
-5.597282 13.322708 0.0340 0.0 17.0
-6.770692 14.462868 0.0340 0.0 17.0
-6.770692 10.546438 0.0341 1.0 15.0
-8.406126 10.49942 0.0341 1.0 15.0
-8.406126 10.49942 0.0342 0.0 16.0
-9.579536 11.63958 0.0342 0.0 16.0
-9.579536 11.63958 0.0343 0.0 17.0
-9.579536 13.27569 0.0343 0.0 17.0
-6.770692 10.546438 0.0344 5.0 15.0
-8.406126 10.49942 0.0344 5.0 15.0
-8.406126 10.49942 0.0345 4.0 16.0
-10.04156 10.452402 0.0345 4.0 16.0
-10.04156 10.452402 0.0346 1.0 17.0
-10.04156 12.088512 0.0346 1.0 17.0
-10.04156 12.088512 0.0347 0.0 18.0
-11.21497 13.228672 0.0347 0.0 18.0
-11.21497 13.228672 0.0348 0.0 19.0
-12.850404 13.181654 0.0348 0.0 19.0
-10.04156 10.452402 0.0349 1.0 17.0
-11.147528 9.246712 0.0349 1.0 17.0
-11.147528 9.246712 0.0350 0.0 18.0
-12.782962 9.199694 0.0350 0.0 18.0
-12.782962 9.199694 0.0351 0.0 19.0
-13.956371 10.339853 0.0351 0.0 19.0
-10.04156 10.452402 0.0352 3.0 17.0
-11.147528 9.246712 0.0352 3.0 17.0
-11.147528 9.246712 0.0353 2.0 18.0
-12.253496 8.041021 0.0353 2.0 18.0
-12.253496 8.041021 0.0354 1.0 19.0
-13.426907 9.181181 0.0354 1.0 19.0
-13.426907 9.181181 0.0355 0.0 20.0
-15.062341 9.134163 0.0355 0.0 20.0
-15.062341 9.134163 0.0356 0.0 21.0
-16.168308 7.928472 0.0356 0.0 21.0
-12.253496 8.041021 0.0357 1.0 19.0
-12.159499 6.4076138 0.0357 1.0 19.0
-12.159499 6.4076138 0.0358 0.0 20.0
-13.265467 5.201923 0.0358 0.0 20.0
-13.265467 5.201923 0.0359 0.0 21.0
-14.900901 5.1549053 0.0359 0.0 21.0
-4.423872 8.266119 0.0360 7.0 13.0
-4.329875 6.6327114 0.0360 7.0 13.0
-4.329875 6.6327114 0.0361 6.0 14.0
-4.235878 4.999304 0.0361 6.0 14.0
-4.235878 4.999304 0.0362 1.0 15.0
-5.871312 4.952286 0.0362 1.0 15.0
-5.871312 4.952286 0.0363 0.0 16.0
-6.97728 3.746595 0.0363 0.0 16.0
-6.97728 3.746595 0.0364 0.0 17.0
-6.883283 2.1131873 0.0364 0.0 17.0
-4.235878 4.999304 0.0365 1.0 15.0
-2.9989023 3.928441 0.0365 1.0 15.0
-2.9989023 3.928441 0.0366 0.0 16.0
-2.9049056 2.2950335 0.0366 0.0 16.0
-2.9049056 2.2950335 0.0367 0.0 17.0
-4.010874 1.0893427 0.0367 0.0 17.0
-4.235878 4.999304 0.0368 5.0 15.0
-5.341846 3.793613 0.0368 5.0 15.0
-5.341846 3.793613 0.0369 4.0 16.0
-6.447814 2.587922 0.0369 4.0 16.0
-6.447814 2.587922 0.0370 1.0 17.0
-7.621224 3.728082 0.0370 1.0 17.0
-7.621224 3.728082 0.0371 0.0 18.0
-9.256659 3.6810641 0.0371 0.0 18.0
-9.256659 3.6810641 0.0372 0.0 19.0
-10.362627 2.4753733 0.0372 0.0 19.0
-6.447814 2.587922 0.0373 1.0 17.0
-6.353817 0.9545146 0.0373 1.0 17.0
-6.353817 0.9545146 0.0374 0.0 18.0
-7.459785 -0.25117612 0.0374 0.0 18.0
-7.459785 -0.25117612 0.0375 0.0 19.0
-9.095219 -0.29819393 0.0375 0.0 19.0
-6.447814 2.587922 0.0376 3.0 17.0
-8.083248 2.5409043 0.0376 3.0 17.0
-8.083248 2.5409043 0.0377 2.0 18.0
-9.718682 2.4938865 0.0377 2.0 18.0
-9.718682 2.4938865 0.0378 1.0 19.0
-9.718682 4.1299963 0.0378 1.0 19.0
-9.718682 4.1299963 0.0379 0.0 20.0
-10.892092 5.270156 0.0379 0.0 20.0
-10.892092 5.270156 0.0380 0.0 21.0
-12.527526 5.223138 0.0380 0.0 21.0
-9.718682 2.4938865 0.0381 1.0 19.0
-10.82465 1.2881957 0.0381 1.0 19.0
-10.82465 1.2881957 0.0382 0.0 20.0
-12.460084 1.2411779 0.0382 0.0 20.0
-12.460084 1.2411779 0.0383 0.0 21.0
-13.633493 2.3813376 0.0383 0.0 21.0
-4.423872 8.266119 0.0384 15.0 13.0
-6.059306 8.219101 0.0384 15.0 13.0
-6.059306 8.219101 0.0385 14.0 14.0
-7.6947403 8.172083 0.0385 14.0 14.0
-7.6947403 8.172083 0.0386 1.0 15.0
-7.6947403 9.808193 0.0386 1.0 15.0
-7.6947403 9.808193 0.0387 0.0 16.0
-8.868151 10.948353 0.0387 0.0 16.0
-8.868151 10.948353 0.0388 0.0 17.0
-10.503585 10.901335 0.0388 0.0 17.0
-7.6947403 8.172083 0.0389 1.0 15.0
-8.800709 6.966392 0.0389 1.0 15.0
-8.800709 6.966392 0.0390 0.0 16.0
-10.436143 6.9193745 0.0390 0.0 16.0
-10.436143 6.9193745 0.0391 0.0 17.0
-11.609552 8.059534 0.0391 0.0 17.0
-7.6947403 8.172083 0.0392 13.0 15.0
-9.330174 8.125065 0.0392 13.0 15.0
-9.330174 8.125065 0.0393 12.0 16.0
-10.965609 8.078047 0.0393 12.0 16.0
-10.965609 8.078047 0.0394 1.0 17.0
-10.965609 9.714157 0.0394 1.0 17.0
-10.965609 9.714157 0.0395 0.0 18.0
-12.139019 10.854317 0.0395 0.0 18.0
-12.139019 10.854317 0.0396 0.0 19.0
-13.774453 10.807299 0.0396 0.0 19.0
-10.965609 8.078047 0.0397 1.0 17.0
-12.071577 6.872356 0.0397 1.0 17.0
-12.071577 6.872356 0.0398 0.0 18.0
-13.707011 6.8253384 0.0398 0.0 18.0
-13.707011 6.8253384 0.0399 0.0 19.0
-14.880421 7.965498 0.0399 0.0 19.0
-10.965609 8.078047 0.0400 7.0 17.0
-10.965609 9.714157 0.0400 7.0 17.0
-10.965609 9.714157 0.0401 6.0 18.0
-10.965609 11.350267 0.0401 6.0 18.0
-10.965609 11.350267 0.0402 1.0 19.0
-9.330174 11.303249 0.0402 1.0 19.0
-9.330174 11.303249 0.0403 0.0 20.0
-8.156765 12.443409 0.0403 0.0 20.0
-8.156765 12.443409 0.0404 0.0 21.0
-8.156765 14.079519 0.0404 0.0 21.0
-10.965609 11.350267 0.0405 1.0 19.0
-12.139019 12.490427 0.0405 1.0 19.0
-12.139019 12.490427 0.0406 0.0 20.0
-12.139019 14.126537 0.0406 0.0 20.0
-12.139019 14.126537 0.0407 0.0 21.0
-10.965609 15.266697 0.0407 0.0 21.0
-10.965609 11.350267 0.0408 5.0 19.0
-12.139019 12.490427 0.0408 5.0 19.0
-12.139019 12.490427 0.0409 4.0 20.0
-13.312429 13.630587 0.0409 4.0 20.0
-13.312429 13.630587 0.0410 1.0 21.0
-12.139019 14.770746 0.0410 1.0 21.0
-12.139019 14.770746 0.0411 0.0 22.0
-12.139019 16.406857 0.0411 0.0 22.0
-12.139019 16.406857 0.0412 0.0 23.0
-13.312429 17.547016 0.0412 0.0 23.0
-13.312429 13.630587 0.0413 1.0 21.0
-14.947864 13.583569 0.0413 1.0 21.0
-14.947864 13.583569 0.0414 0.0 22.0
-16.121273 14.723728 0.0414 0.0 22.0
-16.121273 14.723728 0.0415 0.0 23.0
-16.121273 16.359838 0.0415 0.0 23.0
-13.312429 13.630587 0.0416 3.0 21.0
-14.947864 13.583569 0.0416 3.0 21.0
-14.947864 13.583569 0.0417 2.0 22.0
-16.583298 13.5365505 0.0417 2.0 22.0
-16.583298 13.5365505 0.0418 1.0 23.0
-16.583298 15.172661 0.0418 1.0 23.0
-16.583298 15.172661 0.0419 0.0 24.0
-17.756708 16.31282 0.0419 0.0 24.0
-17.756708 16.31282 0.0420 0.0 25.0
-19.392143 16.265802 0.0420 0.0 25.0
-16.583298 13.5365505 0.0421 1.0 23.0
-17.689266 12.33086 0.0421 1.0 23.0
-17.689266 12.33086 0.0422 0.0 24.0
-19.3247 12.283842 0.0422 0.0 24.0
-19.3247 12.283842 0.0423 0.0 25.0
-20.49811 13.424002 0.0423 0.0 25.0
-10.965609 8.078047 0.0424 7.0 17.0
-12.071577 6.872356 0.0424 7.0 17.0
-12.071577 6.872356 0.0425 6.0 18.0
-13.177546 5.666665 0.0425 6.0 18.0
-13.177546 5.666665 0.0426 1.0 19.0
-14.350956 6.8068247 0.0426 1.0 19.0
-14.350956 6.8068247 0.0427 0.0 20.0
-15.98639 6.7598066 0.0427 0.0 20.0
-15.98639 6.7598066 0.0428 0.0 21.0
-17.092358 5.554116 0.0428 0.0 21.0
-13.177546 5.666665 0.0429 1.0 19.0
-13.083549 4.0332575 0.0429 1.0 19.0
-13.083549 4.0332575 0.0430 0.0 20.0
-14.189516 2.8275666 0.0430 0.0 20.0
-14.189516 2.8275666 0.0431 0.0 21.0
-15.82495 2.7805488 0.0431 0.0 21.0
-13.177546 5.666665 0.0432 5.0 19.0
-14.81298 5.619647 0.0432 5.0 19.0
-14.81298 5.619647 0.0433 4.0 20.0
-16.448414 5.572629 0.0433 4.0 20.0
-16.448414 5.572629 0.0434 1.0 21.0
-16.448414 7.208739 0.0434 1.0 21.0
-16.448414 7.208739 0.0435 0.0 22.0
-17.621824 8.348899 0.0435 0.0 22.0
-17.621824 8.348899 0.0436 0.0 23.0
-19.25726 8.301881 0.0436 0.0 23.0
-16.448414 5.572629 0.0437 1.0 21.0
-17.554382 4.366938 0.0437 1.0 21.0
-17.554382 4.366938 0.0438 0.0 22.0
-19.189816 4.3199205 0.0438 0.0 22.0
-19.189816 4.3199205 0.0439 0.0 23.0
-20.363226 5.46008 0.0439 0.0 23.0
-16.448414 5.572629 0.0440 3.0 21.0
-17.621824 6.7127886 0.0440 3.0 21.0
-17.621824 6.7127886 0.0441 2.0 22.0
-18.795235 7.852948 0.0441 2.0 22.0
-18.795235 7.852948 0.0442 1.0 23.0
-17.621824 8.993108 0.0442 1.0 23.0
-17.621824 8.993108 0.0443 0.0 24.0
-17.621824 10.629217 0.0443 0.0 24.0
-17.621824 10.629217 0.0444 0.0 25.0
-18.795235 11.769377 0.0444 0.0 25.0
-18.795235 7.852948 0.0445 1.0 23.0
-20.430668 7.80593 0.0445 1.0 23.0
-20.430668 7.80593 0.0446 0.0 24.0
-21.604078 8.94609 0.0446 0.0 24.0
-21.604078 8.94609 0.0447 0.0 25.0
-21.604078 10.582199 0.0447 0.0 25.0
-10.965609 8.078047 0.0448 11.0 17.0
-12.139019 9.218206 0.0448 11.0 17.0
-12.139019 9.218206 0.0449 10.0 18.0
-13.312429 10.358366 0.0449 10.0 18.0
-13.312429 10.358366 0.0450 1.0 19.0
-12.139019 11.498526 0.0450 1.0 19.0
-12.139019 11.498526 0.0451 0.0 20.0
-12.139019 13.134636 0.0451 0.0 20.0
-12.139019 13.134636 0.0452 0.0 21.0
-13.312429 14.274796 0.0452 0.0 21.0
-13.312429 10.358366 0.0453 1.0 19.0
-14.947864 10.311348 0.0453 1.0 19.0
-14.947864 10.311348 0.0454 0.0 20.0
-16.121273 11.451508 0.0454 0.0 20.0
-16.121273 11.451508 0.0455 0.0 21.0
-16.121273 13.087618 0.0455 0.0 21.0
-13.312429 10.358366 0.0456 9.0 19.0
-14.48584 11.498526 0.0456 9.0 19.0
-14.48584 11.498526 0.0457 8.0 20.0
-15.65925 12.638685 0.0457 8.0 20.0
-15.65925 12.638685 0.0458 1.0 21.0
-14.48584 13.778845 0.0458 1.0 21.0
-14.48584 13.778845 0.0459 0.0 22.0
-14.48584 15.414955 0.0459 0.0 22.0
-14.48584 15.414955 0.0460 0.0 23.0
-15.65925 16.555115 0.0460 0.0 23.0
-15.65925 12.638685 0.0461 1.0 21.0
-17.294685 12.591667 0.0461 1.0 21.0
-17.294685 12.591667 0.0462 0.0 22.0
-18.468096 13.731827 0.0462 0.0 22.0
-18.468096 13.731827 0.0463 0.0 23.0
-18.468096 15.367937 0.0463 0.0 23.0
-15.65925 12.638685 0.0464 7.0 21.0
-14.48584 13.778845 0.0464 7.0 21.0
-14.48584 13.778845 0.0465 6.0 22.0
-13.312429 14.919004 0.0465 6.0 22.0
-13.312429 14.919004 0.0466 1.0 23.0
-12.206461 13.713314 0.0466 1.0 23.0
-12.206461 13.713314 0.0467 0.0 24.0
-10.571027 13.666296 0.0467 0.0 24.0
-10.571027 13.666296 0.0468 0.0 25.0
-9.397617 14.806456 0.0468 0.0 25.0
-13.312429 14.919004 0.0469 1.0 23.0
-13.312429 16.555115 0.0469 1.0 23.0
-13.312429 16.555115 0.0470 0.0 24.0
-12.139019 17.695274 0.0470 0.0 24.0
-12.139019 17.695274 0.0471 0.0 25.0
-10.503585 17.648256 0.0471 0.0 25.0
-13.312429 14.919004 0.0472 5.0 23.0
-13.312429 16.555115 0.0472 5.0 23.0
-13.312429 16.555115 0.0473 4.0 24.0
-13.312429 18.191225 0.0473 4.0 24.0
-13.312429 18.191225 0.0474 1.0 25.0
-11.676995 18.144207 0.0474 1.0 25.0
-11.676995 18.144207 0.0475 0.0 26.0
-10.503586 19.284367 0.0475 0.0 26.0
-10.503586 19.284367 0.0476 0.0 27.0
-10.503586 20.920477 0.0476 0.0 27.0
-13.312429 18.191225 0.0477 1.0 25.0
-14.48584 19.331385 0.0477 1.0 25.0
-14.48584 19.331385 0.0478 0.0 26.0
-14.48584 20.967495 0.0478 0.0 26.0
-14.48584 20.967495 0.0479 0.0 27.0
-13.312429 22.107655 0.0479 0.0 27.0
-13.312429 18.191225 0.0480 3.0 25.0
-14.48584 19.331385 0.0480 3.0 25.0
-14.48584 19.331385 0.0481 2.0 26.0
-15.65925 20.471544 0.0481 2.0 26.0
-15.65925 20.471544 0.0482 1.0 27.0
-14.48584 21.611704 0.0482 1.0 27.0
-14.48584 21.611704 0.0483 0.0 28.0
-14.48584 23.247814 0.0483 0.0 28.0
-14.48584 23.247814 0.0484 0.0 29.0
-15.65925 24.387974 0.0484 0.0 29.0
-15.65925 20.471544 0.0485 1.0 27.0
-17.294685 20.424526 0.0485 1.0 27.0
-17.294685 20.424526 0.0486 0.0 28.0
-18.468096 21.564686 0.0486 0.0 28.0
-18.468096 21.564686 0.0487 0.0 29.0
-18.468096 23.200796 0.0487 0.0 29.0
-15.65925 12.638685 0.0488 7.0 21.0
-17.294685 12.591667 0.0488 7.0 21.0
-17.294685 12.591667 0.0489 6.0 22.0
-18.930119 12.544649 0.0489 6.0 22.0
-18.930119 12.544649 0.0490 1.0 23.0
-18.930119 14.180759 0.0490 1.0 23.0
-18.930119 14.180759 0.0491 0.0 24.0
-20.103529 15.320919 0.0491 0.0 24.0
-20.103529 15.320919 0.0492 0.0 25.0
-21.738964 15.273901 0.0492 0.0 25.0
-18.930119 12.544649 0.0493 1.0 23.0
-20.036087 11.338959 0.0493 1.0 23.0
-20.036087 11.338959 0.0494 0.0 24.0
-21.67152 11.291941 0.0494 0.0 24.0
-21.67152 11.291941 0.0495 0.0 25.0
-22.84493 12.4321 0.0495 0.0 25.0
-18.930119 12.544649 0.0496 5.0 23.0
-20.103529 13.684809 0.0496 5.0 23.0
-20.103529 13.684809 0.0497 4.0 24.0
-21.27694 14.824968 0.0497 4.0 24.0
-21.27694 14.824968 0.0498 1.0 25.0
-20.103529 15.965128 0.0498 1.0 25.0
-20.103529 15.965128 0.0499 0.0 26.0
-20.103529 17.601238 0.0499 0.0 26.0
-20.103529 17.601238 0.0500 0.0 27.0
-21.27694 18.741398 0.0500 0.0 27.0
-21.27694 14.824968 0.0501 1.0 25.0
-22.912373 14.77795 0.0501 1.0 25.0
-22.912373 14.77795 0.0502 0.0 26.0
-24.085783 15.91811 0.0502 0.0 26.0
-24.085783 15.91811 0.0503 0.0 27.0
-24.085783 17.55422 0.0503 0.0 27.0
-21.27694 14.824968 0.0504 3.0 25.0
-21.27694 16.461079 0.0504 3.0 25.0
-21.27694 16.461079 0.0505 2.0 26.0
-21.27694 18.097189 0.0505 2.0 26.0
-21.27694 18.097189 0.0506 1.0 27.0
-19.641506 18.05017 0.0506 1.0 27.0
-19.641506 18.05017 0.0507 0.0 28.0
-18.468096 19.19033 0.0507 0.0 28.0
-18.468096 19.19033 0.0508 0.0 29.0
-18.468096 20.82644 0.0508 0.0 29.0
-21.27694 18.097189 0.0509 1.0 27.0
-22.45035 19.237349 0.0509 1.0 27.0
-22.45035 19.237349 0.0510 0.0 28.0
-22.45035 20.873459 0.0510 0.0 28.0
-22.45035 20.873459 0.0511 0.0 29.0
-21.27694 22.013618 0.0511 0.0 29.0
