0.0 0.0 0.00 60.0 1.0
0.0 2.9132094 0.00 60.0 1.0
0.0 2.9132094 0.01 59.0 2.0
0.0 5.826419 0.01 59.0 2.0
0.0 5.826419 0.02 58.0 3.0
0.0 8.739628 0.02 58.0 3.0
0.0 8.739628 0.03 57.0 4.0
0.0 11.652838 0.03 57.0 4.0
0.0 11.652838 0.04 56.0 5.0
0.0 14.566048 0.04 56.0 5.0
0.0 14.566048 0.05 55.0 6.0
0.0 17.479258 0.05 55.0 6.0
0.0 17.479258 0.06 54.0 7.0
0.0 20.392467 0.06 54.0 7.0
0.0 20.392467 0.07 53.0 8.0
0.0 23.305677 0.07 53.0 8.0
0.0 23.305677 0.08 52.0 9.0
0.0 26.218887 0.08 52.0 9.0
0.0 26.218887 0.09 51.0 10.0
0.0 29.132097 0.09 51.0 10.0
0.0 29.132097 0.010 50.0 11.0
0.0 32.045307 0.010 50.0 11.0
0.0 32.045307 0.011 49.0 12.0
0.0 34.958515 0.011 49.0 12.0
0.0 34.958515 0.012 48.0 13.0
0.0 37.871723 0.012 48.0 13.0
0.0 37.871723 0.013 47.0 14.0
0.0 40.78493 0.013 47.0 14.0
0.0 40.78493 0.014 46.0 15.0
0.0 43.69814 0.014 46.0 15.0
0.0 43.69814 0.015 45.0 16.0
0.0 46.611347 0.015 45.0 16.0
0.0 46.611347 0.016 28.0 17.0
-0.97768784 49.3556 0.016 28.0 17.0
-0.97768784 49.3556 0.017 27.0 18.0
-1.9553757 52.09985 0.017 27.0 18.0
-1.9553757 52.09985 0.018 26.0 19.0
-2.9330635 54.8441 0.018 26.0 19.0
-2.9330635 54.8441 0.019 25.0 20.0
-3.9107513 57.588352 0.019 25.0 20.0
-3.9107513 57.588352 0.020 24.0 21.0
-4.888439 60.332603 0.020 24.0 21.0
-4.888439 60.332603 0.021 23.0 22.0
-5.866127 63.076855 0.021 23.0 22.0
-5.866127 63.076855 0.022 22.0 23.0
-6.843815 65.821106 0.022 22.0 23.0
-6.843815 65.821106 0.023 21.0 24.0
-7.8215027 68.56535 0.023 21.0 24.0
-7.8215027 68.56535 0.024 12.0 25.0
-9.663472 70.82233 0.024 12.0 25.0
-9.663472 70.82233 0.025 11.0 26.0
-11.505442 73.0793 0.025 11.0 26.0
-11.505442 73.0793 0.026 10.0 27.0
-13.347411 75.33627 0.026 10.0 27.0
-13.347411 75.33627 0.027 9.0 28.0
-15.189381 77.59325 0.027 9.0 28.0
-15.189381 77.59325 0.028 4.0 29.0
-17.681973 79.10115 0.028 4.0 29.0
-17.681973 79.10115 0.029 3.0 30.0
-20.174564 80.609055 0.029 3.0 30.0
-20.174564 80.609055 0.030 0.0 31.0
-23.028654 81.19298 0.030 0.0 31.0
-23.028654 81.19298 0.031 0.0 32.0
-25.882744 81.7769 0.031 0.0 32.0
-20.174564 80.609055 0.032 0.0 31.0
-22.016533 82.86603 0.032 0.0 31.0
-22.016533 82.86603 0.033 0.0 32.0
-23.858501 85.123 0.033 0.0 32.0
-20.174564 80.609055 0.034 2.0 31.0
-22.667156 82.11696 0.034 2.0 31.0
-22.667156 82.11696 0.035 1.0 32.0
-25.159748 83.62486 0.035 1.0 32.0
-25.159748 83.62486 0.036 0.0 33.0
-27.65234 85.13277 0.036 0.0 33.0
-27.65234 85.13277 0.037 0.0 34.0
-30.144932 86.64067 0.037 0.0 34.0
-15.189381 77.59325 0.038 4.0 29.0
-16.167068 80.337494 0.038 4.0 29.0
-16.167068 80.337494 0.039 3.0 30.0
-17.144756 83.08174 0.039 3.0 30.0
-17.144756 83.08174 0.040 0.0 31.0
-18.986725 85.338715 0.040 0.0 31.0
-18.986725 85.338715 0.041 0.0 32.0
-20.828693 87.59569 0.041 0.0 32.0
-17.144756 83.08174 0.042 0.0 31.0
-17.144756 85.99495 0.042 0.0 31.0
-17.144756 85.99495 0.043 0.0 32.0
-17.144756 88.90816 0.043 0.0 32.0
-17.144756 83.08174 0.044 2.0 31.0
-18.122444 85.82599 0.044 2.0 31.0
-18.122444 85.82599 0.045 1.0 32.0
-19.100132 88.57024 0.045 1.0 32.0
-19.100132 88.57024 0.046 0.0 33.0
-20.07782 91.31448 0.046 0.0 33.0
-20.07782 91.31448 0.047 0.0 34.0
-21.055508 94.05873 0.047 0.0 34.0
-15.189381 77.59325 0.048 8.0 29.0
-17.03135 79.85022 0.048 8.0 29.0
-17.03135 79.85022 0.049 7.0 30.0
-18.873318 82.10719 0.049 7.0 30.0
-18.873318 82.10719 0.050 6.0 31.0
-20.715286 84.36417 0.050 6.0 31.0
-20.715286 84.36417 0.051 5.0 32.0
-22.557255 86.62114 0.051 5.0 32.0
-22.557255 86.62114 0.052 4.0 33.0
-24.399223 88.87811 0.052 4.0 33.0
-24.399223 88.87811 0.053 3.0 34.0
-26.241192 91.135086 0.053 3.0 34.0
-26.241192 91.135086 0.054 0.0 35.0
-28.733784 92.64299 0.054 0.0 35.0
-28.733784 92.64299 0.055 0.0 36.0
-31.226376 94.150894 0.055 0.0 36.0
-26.241192 91.135086 0.056 0.0 35.0
-27.21888 93.87933 0.056 0.0 35.0
-27.21888 93.87933 0.057 0.0 36.0
-28.196568 96.62358 0.057 0.0 36.0
-26.241192 91.135086 0.058 2.0 35.0
-28.08316 93.39206 0.058 2.0 35.0
-28.08316 93.39206 0.059 1.0 36.0
-29.925129 95.64903 0.059 1.0 36.0
-29.925129 95.64903 0.060 0.0 37.0
-31.767097 97.906006 0.060 0.0 37.0
-31.767097 97.906006 0.061 0.0 38.0
-33.609066 100.16298 0.061 0.0 38.0
-7.8215027 68.56535 0.062 12.0 25.0
-7.8215027 71.47856 0.062 12.0 25.0
-7.8215027 71.47856 0.063 11.0 26.0
-7.8215027 74.39177 0.063 11.0 26.0
-7.8215027 74.39177 0.064 10.0 27.0
-7.8215027 77.30498 0.064 10.0 27.0
-7.8215027 77.30498 0.065 9.0 28.0
-7.8215027 80.218185 0.065 9.0 28.0
-7.8215027 80.218185 0.066 4.0 29.0
-8.7991905 82.96243 0.066 4.0 29.0
-8.7991905 82.96243 0.067 3.0 30.0
-9.776878 85.70668 0.067 3.0 30.0
-9.776878 85.70668 0.068 0.0 31.0
-11.618848 87.96365 0.068 0.0 31.0
-11.618848 87.96365 0.069 0.0 32.0
-13.460817 90.22063 0.069 0.0 32.0
-9.776878 85.70668 0.070 0.0 31.0
-9.776878 88.61989 0.070 0.0 31.0
-9.776878 88.61989 0.071 0.0 32.0
-9.776878 91.5331 0.071 0.0 32.0
-9.776878 85.70668 0.072 2.0 31.0
-10.754566 88.45093 0.072 2.0 31.0
-10.754566 88.45093 0.073 1.0 32.0
-11.732254 91.195175 0.073 1.0 32.0
-11.732254 91.195175 0.074 0.0 33.0
-12.709942 93.93942 0.074 0.0 33.0
-12.709942 93.93942 0.075 0.0 34.0
-13.68763 96.68367 0.075 0.0 34.0
-7.8215027 80.218185 0.076 4.0 29.0
-6.843815 82.96243 0.076 4.0 29.0
-6.843815 82.96243 0.077 3.0 30.0
-5.866127 85.70668 0.077 3.0 30.0
-5.866127 85.70668 0.078 0.0 31.0
-5.866127 88.61989 0.078 0.0 31.0
-5.866127 88.61989 0.079 0.0 32.0
-5.866127 91.5331 0.079 0.0 32.0
-5.866127 85.70668 0.080 0.0 31.0
-4.0241575 87.96365 0.080 0.0 31.0
-4.0241575 87.96365 0.081 0.0 32.0
-2.1821883 90.22063 0.081 0.0 32.0
-5.866127 85.70668 0.082 2.0 31.0
-4.888439 88.45093 0.082 2.0 31.0
-4.888439 88.45093 0.083 1.0 32.0
-3.9107513 91.195175 0.083 1.0 32.0
-3.9107513 91.195175 0.084 0.0 33.0
-2.9330635 93.93942 0.084 0.0 33.0
-2.9330635 93.93942 0.085 0.0 34.0
-1.9553757 96.68367 0.085 0.0 34.0
-7.8215027 80.218185 0.086 8.0 29.0
-7.8215027 83.13139 0.086 8.0 29.0
-7.8215027 83.13139 0.087 7.0 30.0
-7.8215027 86.0446 0.087 7.0 30.0
-7.8215027 86.0446 0.088 6.0 31.0
-7.8215027 88.95781 0.088 6.0 31.0
-7.8215027 88.95781 0.089 5.0 32.0
-7.8215027 91.87102 0.089 5.0 32.0
-7.8215027 91.87102 0.090 4.0 33.0
-7.8215027 94.784225 0.090 4.0 33.0
-7.8215027 94.784225 0.091 3.0 34.0
-7.8215027 97.69743 0.091 3.0 34.0
-7.8215027 97.69743 0.092 0.0 35.0
-8.7991905 100.44168 0.092 0.0 35.0
-8.7991905 100.44168 0.093 0.0 36.0
-9.776878 103.18593 0.093 0.0 36.0
-7.8215027 97.69743 0.094 0.0 35.0
-6.843815 100.44168 0.094 0.0 35.0
-6.843815 100.44168 0.095 0.0 36.0
-5.866127 103.18593 0.095 0.0 36.0
-7.8215027 97.69743 0.096 2.0 35.0
-7.8215027 100.61064 0.096 2.0 35.0
-7.8215027 100.61064 0.097 1.0 36.0
-7.8215027 103.52385 0.097 1.0 36.0
-7.8215027 103.52385 0.098 0.0 37.0
-7.8215027 106.43706 0.098 0.0 37.0
-7.8215027 106.43706 0.099 0.0 38.0
-7.8215027 109.350266 0.099 0.0 38.0
-7.8215027 68.56535 0.0100 20.0 25.0
-8.7991905 71.3096 0.0100 20.0 25.0
-8.7991905 71.3096 0.0101 19.0 26.0
-9.776878 74.05385 0.0101 19.0 26.0
-9.776878 74.05385 0.0102 18.0 27.0
-10.754566 76.798096 0.0102 18.0 27.0
-10.754566 76.798096 0.0103 17.0 28.0
-11.732254 79.54234 0.0103 17.0 28.0
-11.732254 79.54234 0.0104 16.0 29.0
-12.709942 82.28659 0.0104 16.0 29.0
-12.709942 82.28659 0.0105 15.0 30.0
-13.68763 85.03084 0.0105 15.0 30.0
-13.68763 85.03084 0.0106 14.0 31.0
-14.665318 87.775085 0.0106 14.0 31.0
-14.665318 87.775085 0.0107 13.0 32.0
-15.643005 90.51933 0.0107 13.0 32.0
-15.643005 90.51933 0.0108 12.0 33.0
-16.620693 93.26358 0.0108 12.0 33.0
-16.620693 93.26358 0.0109 11.0 34.0
-17.598381 96.00783 0.0109 11.0 34.0
-17.598381 96.00783 0.0110 10.0 35.0
-18.576069 98.752075 0.0110 10.0 35.0
-18.576069 98.752075 0.0111 9.0 36.0
-19.553757 101.49632 0.0111 9.0 36.0
-19.553757 101.49632 0.0112 4.0 37.0
-21.395725 103.753296 0.0112 4.0 37.0
-21.395725 103.753296 0.0113 3.0 38.0
-23.237694 106.01027 0.0113 3.0 38.0
-23.237694 106.01027 0.0114 0.0 39.0
-25.730286 107.51817 0.0114 0.0 39.0
-25.730286 107.51817 0.0115 0.0 40.0
-28.222878 109.02608 0.0115 0.0 40.0
-23.237694 106.01027 0.0116 0.0 39.0
-24.215382 108.75452 0.0116 0.0 39.0
-24.215382 108.75452 0.0117 0.0 40.0
-25.19307 111.498764 0.0117 0.0 40.0
-23.237694 106.01027 0.0118 2.0 39.0
-25.079662 108.26724 0.0118 2.0 39.0
-25.079662 108.26724 0.0119 1.0 40.0
-26.92163 110.524216 0.0119 1.0 40.0
-26.92163 110.524216 0.0120 0.0 41.0
-28.7636 112.78119 0.0120 0.0 41.0
-28.7636 112.78119 0.0121 0.0 42.0
-30.605568 115.03816 0.0121 0.0 42.0
-19.553757 101.49632 0.0122 4.0 37.0
-19.553757 104.40953 0.0122 4.0 37.0
-19.553757 104.40953 0.0123 3.0 38.0
-19.553757 107.32274 0.0123 3.0 38.0
-19.553757 107.32274 0.0124 0.0 39.0
-20.531445 110.066986 0.0124 0.0 39.0
-20.531445 110.066986 0.0125 0.0 40.0
-21.509132 112.81123 0.0125 0.0 40.0
-19.553757 107.32274 0.0126 0.0 39.0
-18.576069 110.066986 0.0126 0.0 39.0
-18.576069 110.066986 0.0127 0.0 40.0
-17.598381 112.81123 0.0127 0.0 40.0
-19.553757 107.32274 0.0128 2.0 39.0
-19.553757 110.23595 0.0128 2.0 39.0
-19.553757 110.23595 0.0129 1.0 40.0
-19.553757 113.149155 0.0129 1.0 40.0
-19.553757 113.149155 0.0130 0.0 41.0
-19.553757 116.06236 0.0130 0.0 41.0
-19.553757 116.06236 0.0131 0.0 42.0
-19.553757 118.97557 0.0131 0.0 42.0
-19.553757 101.49632 0.0132 8.0 37.0
-20.531445 104.24057 0.0132 8.0 37.0
-20.531445 104.24057 0.0133 7.0 38.0
-21.509132 106.98482 0.0133 7.0 38.0
-21.509132 106.98482 0.0134 6.0 39.0
-22.48682 109.729065 0.0134 6.0 39.0
-22.48682 109.729065 0.0135 5.0 40.0
-23.464508 112.47331 0.0135 5.0 40.0
-23.464508 112.47331 0.0136 4.0 41.0
-24.442196 115.21756 0.0136 4.0 41.0
-24.442196 115.21756 0.0137 3.0 42.0
-25.419884 117.96181 0.0137 3.0 42.0
-25.419884 117.96181 0.0138 0.0 43.0
-27.261852 120.21878 0.0138 0.0 43.0
-27.261852 120.21878 0.0139 0.0 44.0
-29.10382 122.47575 0.0139 0.0 44.0
-25.419884 117.96181 0.0140 0.0 43.0
-25.419884 120.875015 0.0140 0.0 43.0
-25.419884 120.875015 0.0141 0.0 44.0
-25.419884 123.78822 0.0141 0.0 44.0
-25.419884 117.96181 0.0142 2.0 43.0
-26.397572 120.706055 0.0142 2.0 43.0
-26.397572 120.706055 0.0143 1.0 44.0
-27.37526 123.4503 0.0143 1.0 44.0
-27.37526 123.4503 0.0144 0.0 45.0
-28.352947 126.19455 0.0144 0.0 45.0
-28.352947 126.19455 0.0145 0.0 46.0
-29.330635 128.9388 0.0145 0.0 46.0
0.0 46.611347 0.0146 28.0 17.0
0.97768784 49.3556 0.0146 28.0 17.0
0.97768784 49.3556 0.0147 27.0 18.0
1.9553757 52.09985 0.0147 27.0 18.0
1.9553757 52.09985 0.0148 26.0 19.0
2.9330635 54.8441 0.0148 26.0 19.0
2.9330635 54.8441 0.0149 25.0 20.0
3.9107513 57.588352 0.0149 25.0 20.0
3.9107513 57.588352 0.0150 24.0 21.0
4.888439 60.332603 0.0150 24.0 21.0
4.888439 60.332603 0.0151 23.0 22.0
5.866127 63.076855 0.0151 23.0 22.0
5.866127 63.076855 0.0152 22.0 23.0
6.843815 65.821106 0.0152 22.0 23.0
6.843815 65.821106 0.0153 21.0 24.0
7.8215027 68.56535 0.0153 21.0 24.0
7.8215027 68.56535 0.0154 12.0 25.0
7.8215027 71.47856 0.0154 12.0 25.0
7.8215027 71.47856 0.0155 11.0 26.0
7.8215027 74.39177 0.0155 11.0 26.0
7.8215027 74.39177 0.0156 10.0 27.0
7.8215027 77.30498 0.0156 10.0 27.0
7.8215027 77.30498 0.0157 9.0 28.0
7.8215027 80.218185 0.0157 9.0 28.0
7.8215027 80.218185 0.0158 4.0 29.0
6.843815 82.96243 0.0158 4.0 29.0
6.843815 82.96243 0.0159 3.0 30.0
5.866127 85.70668 0.0159 3.0 30.0
5.866127 85.70668 0.0160 0.0 31.0
4.0241575 87.96365 0.0160 0.0 31.0
4.0241575 87.96365 0.0161 0.0 32.0
2.1821883 90.22063 0.0161 0.0 32.0
5.866127 85.70668 0.0162 0.0 31.0
5.866127 88.61989 0.0162 0.0 31.0
5.866127 88.61989 0.0163 0.0 32.0
5.866127 91.5331 0.0163 0.0 32.0
5.866127 85.70668 0.0164 2.0 31.0
4.888439 88.45093 0.0164 2.0 31.0
4.888439 88.45093 0.0165 1.0 32.0
3.9107513 91.195175 0.0165 1.0 32.0
3.9107513 91.195175 0.0166 0.0 33.0
2.9330635 93.93942 0.0166 0.0 33.0
2.9330635 93.93942 0.0167 0.0 34.0
1.9553757 96.68367 0.0167 0.0 34.0
7.8215027 80.218185 0.0168 4.0 29.0
8.7991905 82.96243 0.0168 4.0 29.0
8.7991905 82.96243 0.0169 3.0 30.0
9.776878 85.70668 0.0169 3.0 30.0
9.776878 85.70668 0.0170 0.0 31.0
9.776878 88.61989 0.0170 0.0 31.0
9.776878 88.61989 0.0171 0.0 32.0
9.776878 91.5331 0.0171 0.0 32.0
9.776878 85.70668 0.0172 0.0 31.0
11.618848 87.96365 0.0172 0.0 31.0
11.618848 87.96365 0.0173 0.0 32.0
13.460817 90.22063 0.0173 0.0 32.0
9.776878 85.70668 0.0174 2.0 31.0
10.754566 88.45093 0.0174 2.0 31.0
10.754566 88.45093 0.0175 1.0 32.0
11.732254 91.195175 0.0175 1.0 32.0
11.732254 91.195175 0.0176 0.0 33.0
12.709942 93.93942 0.0176 0.0 33.0
12.709942 93.93942 0.0177 0.0 34.0
13.68763 96.68367 0.0177 0.0 34.0
7.8215027 80.218185 0.0178 8.0 29.0
7.8215027 83.13139 0.0178 8.0 29.0
7.8215027 83.13139 0.0179 7.0 30.0
7.8215027 86.0446 0.0179 7.0 30.0
7.8215027 86.0446 0.0180 6.0 31.0
7.8215027 88.95781 0.0180 6.0 31.0
7.8215027 88.95781 0.0181 5.0 32.0
7.8215027 91.87102 0.0181 5.0 32.0
7.8215027 91.87102 0.0182 4.0 33.0
7.8215027 94.784225 0.0182 4.0 33.0
7.8215027 94.784225 0.0183 3.0 34.0
7.8215027 97.69743 0.0183 3.0 34.0
7.8215027 97.69743 0.0184 0.0 35.0
6.843815 100.44168 0.0184 0.0 35.0
6.843815 100.44168 0.0185 0.0 36.0
5.866127 103.18593 0.0185 0.0 36.0
7.8215027 97.69743 0.0186 0.0 35.0
8.7991905 100.44168 0.0186 0.0 35.0
8.7991905 100.44168 0.0187 0.0 36.0
9.776878 103.18593 0.0187 0.0 36.0
7.8215027 97.69743 0.0188 2.0 35.0
7.8215027 100.61064 0.0188 2.0 35.0
7.8215027 100.61064 0.0189 1.0 36.0
7.8215027 103.52385 0.0189 1.0 36.0
7.8215027 103.52385 0.0190 0.0 37.0
7.8215027 106.43706 0.0190 0.0 37.0
7.8215027 106.43706 0.0191 0.0 38.0
7.8215027 109.350266 0.0191 0.0 38.0
7.8215027 68.56535 0.0192 12.0 25.0
9.663472 70.82233 0.0192 12.0 25.0
9.663472 70.82233 0.0193 11.0 26.0
11.505442 73.0793 0.0193 11.0 26.0
11.505442 73.0793 0.0194 10.0 27.0
13.347411 75.33627 0.0194 10.0 27.0
13.347411 75.33627 0.0195 9.0 28.0
15.189381 77.59325 0.0195 9.0 28.0
15.189381 77.59325 0.0196 4.0 29.0
16.167068 80.337494 0.0196 4.0 29.0
16.167068 80.337494 0.0197 3.0 30.0
17.144756 83.08174 0.0197 3.0 30.0
17.144756 83.08174 0.0198 0.0 31.0
17.144756 85.99495 0.0198 0.0 31.0
17.144756 85.99495 0.0199 0.0 32.0
17.144756 88.90816 0.0199 0.0 32.0
17.144756 83.08174 0.0200 0.0 31.0
18.986725 85.338715 0.0200 0.0 31.0
18.986725 85.338715 0.0201 0.0 32.0
20.828693 87.59569 0.0201 0.0 32.0
17.144756 83.08174 0.0202 2.0 31.0
18.122444 85.82599 0.0202 2.0 31.0
18.122444 85.82599 0.0203 1.0 32.0
19.100132 88.57024 0.0203 1.0 32.0
19.100132 88.57024 0.0204 0.0 33.0
20.07782 91.31448 0.0204 0.0 33.0
20.07782 91.31448 0.0205 0.0 34.0
21.055508 94.05873 0.0205 0.0 34.0
15.189381 77.59325 0.0206 4.0 29.0
17.681973 79.10115 0.0206 4.0 29.0
17.681973 79.10115 0.0207 3.0 30.0
20.174564 80.609055 0.0207 3.0 30.0
20.174564 80.609055 0.0208 0.0 31.0
22.016533 82.86603 0.0208 0.0 31.0
22.016533 82.86603 0.0209 0.0 32.0
23.858501 85.123 0.0209 0.0 32.0
20.174564 80.609055 0.0210 0.0 31.0
23.028654 81.19298 0.0210 0.0 31.0
23.028654 81.19298 0.0211 0.0 32.0
25.882744 81.7769 0.0211 0.0 32.0
20.174564 80.609055 0.0212 2.0 31.0
22.667156 82.11696 0.0212 2.0 31.0
22.667156 82.11696 0.0213 1.0 32.0
25.159748 83.62486 0.0213 1.0 32.0
25.159748 83.62486 0.0214 0.0 33.0
27.65234 85.13277 0.0214 0.0 33.0
27.65234 85.13277 0.0215 0.0 34.0
30.144932 86.64067 0.0215 0.0 34.0
15.189381 77.59325 0.0216 8.0 29.0
17.03135 79.85022 0.0216 8.0 29.0
17.03135 79.85022 0.0217 7.0 30.0
18.873318 82.10719 0.0217 7.0 30.0
18.873318 82.10719 0.0218 6.0 31.0
20.715286 84.36417 0.0218 6.0 31.0
20.715286 84.36417 0.0219 5.0 32.0
22.557255 86.62114 0.0219 5.0 32.0
22.557255 86.62114 0.0220 4.0 33.0
24.399223 88.87811 0.0220 4.0 33.0
24.399223 88.87811 0.0221 3.0 34.0
26.241192 91.135086 0.0221 3.0 34.0
26.241192 91.135086 0.0222 0.0 35.0
27.21888 93.87933 0.0222 0.0 35.0
27.21888 93.87933 0.0223 0.0 36.0
28.196568 96.62358 0.0223 0.0 36.0
26.241192 91.135086 0.0224 0.0 35.0
28.733784 92.64299 0.0224 0.0 35.0
28.733784 92.64299 0.0225 0.0 36.0
31.226376 94.150894 0.0225 0.0 36.0
26.241192 91.135086 0.0226 2.0 35.0
28.08316 93.39206 0.0226 2.0 35.0
28.08316 93.39206 0.0227 1.0 36.0
29.925129 95.64903 0.0227 1.0 36.0
29.925129 95.64903 0.0228 0.0 37.0
31.767097 97.906006 0.0228 0.0 37.0
31.767097 97.906006 0.0229 0.0 38.0
33.609066 100.16298 0.0229 0.0 38.0
7.8215027 68.56535 0.0230 20.0 25.0
8.7991905 71.3096 0.0230 20.0 25.0
8.7991905 71.3096 0.0231 19.0 26.0
9.776878 74.05385 0.0231 19.0 26.0
9.776878 74.05385 0.0232 18.0 27.0
10.754566 76.798096 0.0232 18.0 27.0
10.754566 76.798096 0.0233 17.0 28.0
11.732254 79.54234 0.0233 17.0 28.0
11.732254 79.54234 0.0234 16.0 29.0
12.709942 82.28659 0.0234 16.0 29.0
12.709942 82.28659 0.0235 15.0 30.0
13.68763 85.03084 0.0235 15.0 30.0
13.68763 85.03084 0.0236 14.0 31.0
14.665318 87.775085 0.0236 14.0 31.0
14.665318 87.775085 0.0237 13.0 32.0
15.643005 90.51933 0.0237 13.0 32.0
15.643005 90.51933 0.0238 12.0 33.0
16.620693 93.26358 0.0238 12.0 33.0
16.620693 93.26358 0.0239 11.0 34.0
17.598381 96.00783 0.0239 11.0 34.0
17.598381 96.00783 0.0240 10.0 35.0
18.576069 98.752075 0.0240 10.0 35.0
18.576069 98.752075 0.0241 9.0 36.0
19.553757 101.49632 0.0241 9.0 36.0
19.553757 101.49632 0.0242 4.0 37.0
19.553757 104.40953 0.0242 4.0 37.0
19.553757 104.40953 0.0243 3.0 38.0
19.553757 107.32274 0.0243 3.0 38.0
19.553757 107.32274 0.0244 0.0 39.0
18.576069 110.066986 0.0244 0.0 39.0
18.576069 110.066986 0.0245 0.0 40.0
17.598381 112.81123 0.0245 0.0 40.0
19.553757 107.32274 0.0246 0.0 39.0
20.531445 110.066986 0.0246 0.0 39.0
20.531445 110.066986 0.0247 0.0 40.0
21.509132 112.81123 0.0247 0.0 40.0
19.553757 107.32274 0.0248 2.0 39.0
19.553757 110.23595 0.0248 2.0 39.0
19.553757 110.23595 0.0249 1.0 40.0
19.553757 113.149155 0.0249 1.0 40.0
19.553757 113.149155 0.0250 0.0 41.0
19.553757 116.06236 0.0250 0.0 41.0
19.553757 116.06236 0.0251 0.0 42.0
19.553757 118.97557 0.0251 0.0 42.0
19.553757 101.49632 0.0252 4.0 37.0
21.395725 103.753296 0.0252 4.0 37.0
21.395725 103.753296 0.0253 3.0 38.0
23.237694 106.01027 0.0253 3.0 38.0
23.237694 106.01027 0.0254 0.0 39.0
24.215382 108.75452 0.0254 0.0 39.0
24.215382 108.75452 0.0255 0.0 40.0
25.19307 111.498764 0.0255 0.0 40.0
23.237694 106.01027 0.0256 0.0 39.0
25.730286 107.51817 0.0256 0.0 39.0
25.730286 107.51817 0.0257 0.0 40.0
28.222878 109.02608 0.0257 0.0 40.0
23.237694 106.01027 0.0258 2.0 39.0
25.079662 108.26724 0.0258 2.0 39.0
25.079662 108.26724 0.0259 1.0 40.0
26.92163 110.524216 0.0259 1.0 40.0
26.92163 110.524216 0.0260 0.0 41.0
28.7636 112.78119 0.0260 0.0 41.0
28.7636 112.78119 0.0261 0.0 42.0
30.605568 115.03816 0.0261 0.0 42.0
19.553757 101.49632 0.0262 8.0 37.0
20.531445 104.24057 0.0262 8.0 37.0
20.531445 104.24057 0.0263 7.0 38.0
21.509132 106.98482 0.0263 7.0 38.0
21.509132 106.98482 0.0264 6.0 39.0
22.48682 109.729065 0.0264 6.0 39.0
22.48682 109.729065 0.0265 5.0 40.0
23.464508 112.47331 0.0265 5.0 40.0
23.464508 112.47331 0.0266 4.0 41.0
24.442196 115.21756 0.0266 4.0 41.0
24.442196 115.21756 0.0267 3.0 42.0
25.419884 117.96181 0.0267 3.0 42.0
25.419884 117.96181 0.0268 0.0 43.0
25.419884 120.875015 0.0268 0.0 43.0
25.419884 120.875015 0.0269 0.0 44.0
25.419884 123.78822 0.0269 0.0 44.0
25.419884 117.96181 0.0270 0.0 43.0
27.261852 120.21878 0.0270 0.0 43.0
27.261852 120.21878 0.0271 0.0 44.0
29.10382 122.47575 0.0271 0.0 44.0
25.419884 117.96181 0.0272 2.0 43.0
26.397572 120.706055 0.0272 2.0 43.0
26.397572 120.706055 0.0273 1.0 44.0
27.37526 123.4503 0.0273 1.0 44.0
27.37526 123.4503 0.0274 0.0 45.0
28.352947 126.19455 0.0274 0.0 45.0
28.352947 126.19455 0.0275 0.0 46.0
29.330635 128.9388 0.0275 0.0 46.0
0.0 46.611347 0.0276 44.0 17.0
0.0 49.524555 0.0276 44.0 17.0
0.0 49.524555 0.0277 43.0 18.0
0.0 52.437763 0.0277 43.0 18.0
0.0 52.437763 0.0278 42.0 19.0
0.0 55.35097 0.0278 42.0 19.0
0.0 55.35097 0.0279 41.0 20.0
0.0 58.26418 0.0279 41.0 20.0
0.0 58.26418 0.0280 40.0 21.0
0.0 61.177387 0.0280 40.0 21.0
0.0 61.177387 0.0281 39.0 22.0
0.0 64.0906 0.0281 39.0 22.0
0.0 64.0906 0.0282 38.0 23.0
0.0 67.00381 0.0282 38.0 23.0
0.0 67.00381 0.0283 37.0 24.0
0.0 69.917015 0.0283 37.0 24.0
0.0 69.917015 0.0284 36.0 25.0
0.0 72.83022 0.0284 36.0 25.0
0.0 72.83022 0.0285 35.0 26.0
0.0 75.74343 0.0285 35.0 26.0
0.0 75.74343 0.0286 34.0 27.0
0.0 78.65664 0.0286 34.0 27.0
0.0 78.65664 0.0287 33.0 28.0
0.0 81.56985 0.0287 33.0 28.0
0.0 81.56985 0.0288 32.0 29.0
0.0 84.483055 0.0288 32.0 29.0
0.0 84.483055 0.0289 31.0 30.0
0.0 87.39626 0.0289 31.0 30.0
0.0 87.39626 0.0290 30.0 31.0
0.0 90.30947 0.0290 30.0 31.0
0.0 90.30947 0.0291 29.0 32.0
0.0 93.22268 0.0291 29.0 32.0
0.0 93.22268 0.0292 28.0 33.0
0.0 96.13589 0.0292 28.0 33.0
0.0 96.13589 0.0293 27.0 34.0
0.0 99.049095 0.0293 27.0 34.0
0.0 99.049095 0.0294 26.0 35.0
0.0 101.9623 0.0294 26.0 35.0
0.0 101.9623 0.0295 25.0 36.0
0.0 104.87551 0.0295 25.0 36.0
0.0 104.87551 0.0296 24.0 37.0
0.0 107.78872 0.0296 24.0 37.0
0.0 107.78872 0.0297 23.0 38.0
0.0 110.70193 0.0297 23.0 38.0
0.0 110.70193 0.0298 22.0 39.0
0.0 113.615135 0.0298 22.0 39.0
0.0 113.615135 0.0299 21.0 40.0
0.0 116.52834 0.0299 21.0 40.0
0.0 116.52834 0.0300 12.0 41.0
-0.97768784 119.2726 0.0300 12.0 41.0
-0.97768784 119.2726 0.0301 11.0 42.0
-1.9553757 122.016846 0.0301 11.0 42.0
-1.9553757 122.016846 0.0302 10.0 43.0
-2.9330635 124.76109 0.0302 10.0 43.0
-2.9330635 124.76109 0.0303 9.0 44.0
-3.9107513 127.50534 0.0303 9.0 44.0
-3.9107513 127.50534 0.0304 4.0 45.0
-5.752721 129.76231 0.0304 4.0 45.0
-5.752721 129.76231 0.0305 3.0 46.0
-7.5946903 132.01929 0.0305 3.0 46.0
-7.5946903 132.01929 0.0306 0.0 47.0
-10.087283 133.52719 0.0306 0.0 47.0
-10.087283 133.52719 0.0307 0.0 48.0
-12.579876 135.0351 0.0307 0.0 48.0
-7.5946903 132.01929 0.0308 0.0 47.0
-8.572378 134.76353 0.0308 0.0 47.0
-8.572378 134.76353 0.0309 0.0 48.0
-9.550066 137.50778 0.0309 0.0 48.0
-7.5946903 132.01929 0.0310 2.0 47.0
-9.43666 134.27626 0.0310 2.0 47.0
-9.43666 134.27626 0.0311 1.0 48.0
-11.278629 136.53323 0.0311 1.0 48.0
-11.278629 136.53323 0.0312 0.0 49.0
-13.120599 138.7902 0.0312 0.0 49.0
-13.120599 138.7902 0.0313 0.0 50.0
-14.962568 141.04718 0.0313 0.0 50.0
-3.9107513 127.50534 0.0314 4.0 45.0
-3.9107513 130.41855 0.0314 4.0 45.0
-3.9107513 130.41855 0.0315 3.0 46.0
-3.9107513 133.33176 0.0315 3.0 46.0
-3.9107513 133.33176 0.0316 0.0 47.0
-4.888439 136.076 0.0316 0.0 47.0
-4.888439 136.076 0.0317 0.0 48.0
-5.866127 138.82025 0.0317 0.0 48.0
-3.9107513 133.33176 0.0318 0.0 47.0
-2.9330635 136.076 0.0318 0.0 47.0
-2.9330635 136.076 0.0319 0.0 48.0
-1.9553757 138.82025 0.0319 0.0 48.0
-3.9107513 133.33176 0.0320 2.0 47.0
-3.9107513 136.24496 0.0320 2.0 47.0
-3.9107513 136.24496 0.0321 1.0 48.0
-3.9107513 139.15817 0.0321 1.0 48.0
-3.9107513 139.15817 0.0322 0.0 49.0
-3.9107513 142.07138 0.0322 0.0 49.0
-3.9107513 142.07138 0.0323 0.0 50.0
-3.9107513 144.98459 0.0323 0.0 50.0
-3.9107513 127.50534 0.0324 8.0 45.0
-4.888439 130.24959 0.0324 8.0 45.0
-4.888439 130.24959 0.0325 7.0 46.0
-5.866127 132.99384 0.0325 7.0 46.0
-5.866127 132.99384 0.0326 6.0 47.0
-6.843815 135.73808 0.0326 6.0 47.0
-6.843815 135.73808 0.0327 5.0 48.0
-7.8215027 138.48233 0.0327 5.0 48.0
-7.8215027 138.48233 0.0328 4.0 49.0
-8.7991905 141.22658 0.0328 4.0 49.0
-8.7991905 141.22658 0.0329 3.0 50.0
-9.776878 143.97083 0.0329 3.0 50.0
-9.776878 143.97083 0.0330 0.0 51.0
-11.618848 146.2278 0.0330 0.0 51.0
-11.618848 146.2278 0.0331 0.0 52.0
-13.460817 148.48477 0.0331 0.0 52.0
-9.776878 143.97083 0.0332 0.0 51.0
-9.776878 146.88403 0.0332 0.0 51.0
-9.776878 146.88403 0.0333 0.0 52.0
-9.776878 149.79724 0.0333 0.0 52.0
-9.776878 143.97083 0.0334 2.0 51.0
-10.754566 146.71507 0.0334 2.0 51.0
-10.754566 146.71507 0.0335 1.0 52.0
-11.732254 149.45932 0.0335 1.0 52.0
-11.732254 149.45932 0.0336 0.0 53.0
-12.709942 152.20357 0.0336 0.0 53.0
-12.709942 152.20357 0.0337 0.0 54.0
-13.68763 154.94781 0.0337 0.0 54.0
0.0 116.52834 0.0338 12.0 41.0
0.97768784 119.2726 0.0338 12.0 41.0
0.97768784 119.2726 0.0339 11.0 42.0
1.9553757 122.016846 0.0339 11.0 42.0
1.9553757 122.016846 0.0340 10.0 43.0
2.9330635 124.76109 0.0340 10.0 43.0
2.9330635 124.76109 0.0341 9.0 44.0
3.9107513 127.50534 0.0341 9.0 44.0
3.9107513 127.50534 0.0342 4.0 45.0
3.9107513 130.41855 0.0342 4.0 45.0
3.9107513 130.41855 0.0343 3.0 46.0
3.9107513 133.33176 0.0343 3.0 46.0
3.9107513 133.33176 0.0344 0.0 47.0
2.9330635 136.076 0.0344 0.0 47.0
2.9330635 136.076 0.0345 0.0 48.0
1.9553757 138.82025 0.0345 0.0 48.0
3.9107513 133.33176 0.0346 0.0 47.0
4.888439 136.076 0.0346 0.0 47.0
4.888439 136.076 0.0347 0.0 48.0
5.866127 138.82025 0.0347 0.0 48.0
3.9107513 133.33176 0.0348 2.0 47.0
3.9107513 136.24496 0.0348 2.0 47.0
3.9107513 136.24496 0.0349 1.0 48.0
3.9107513 139.15817 0.0349 1.0 48.0
3.9107513 139.15817 0.0350 0.0 49.0
3.9107513 142.07138 0.0350 0.0 49.0
3.9107513 142.07138 0.0351 0.0 50.0
3.9107513 144.98459 0.0351 0.0 50.0
3.9107513 127.50534 0.0352 4.0 45.0
5.752721 129.76231 0.0352 4.0 45.0
5.752721 129.76231 0.0353 3.0 46.0
7.5946903 132.01929 0.0353 3.0 46.0
7.5946903 132.01929 0.0354 0.0 47.0
8.572378 134.76353 0.0354 0.0 47.0
8.572378 134.76353 0.0355 0.0 48.0
9.550066 137.50778 0.0355 0.0 48.0
7.5946903 132.01929 0.0356 0.0 47.0
10.087283 133.52719 0.0356 0.0 47.0
10.087283 133.52719 0.0357 0.0 48.0
12.579876 135.0351 0.0357 0.0 48.0
7.5946903 132.01929 0.0358 2.0 47.0
9.43666 134.27626 0.0358 2.0 47.0
9.43666 134.27626 0.0359 1.0 48.0
11.278629 136.53323 0.0359 1.0 48.0
11.278629 136.53323 0.0360 0.0 49.0
13.120599 138.7902 0.0360 0.0 49.0
13.120599 138.7902 0.0361 0.0 50.0
14.962568 141.04718 0.0361 0.0 50.0
3.9107513 127.50534 0.0362 8.0 45.0
4.888439 130.24959 0.0362 8.0 45.0
4.888439 130.24959 0.0363 7.0 46.0
5.866127 132.99384 0.0363 7.0 46.0
5.866127 132.99384 0.0364 6.0 47.0
6.843815 135.73808 0.0364 6.0 47.0
6.843815 135.73808 0.0365 5.0 48.0
7.8215027 138.48233 0.0365 5.0 48.0
7.8215027 138.48233 0.0366 4.0 49.0
8.7991905 141.22658 0.0366 4.0 49.0
8.7991905 141.22658 0.0367 3.0 50.0
9.776878 143.97083 0.0367 3.0 50.0
9.776878 143.97083 0.0368 0.0 51.0
9.776878 146.88403 0.0368 0.0 51.0
9.776878 146.88403 0.0369 0.0 52.0
9.776878 149.79724 0.0369 0.0 52.0
9.776878 143.97083 0.0370 0.0 51.0
11.618848 146.2278 0.0370 0.0 51.0
11.618848 146.2278 0.0371 0.0 52.0
13.460817 148.48477 0.0371 0.0 52.0
9.776878 143.97083 0.0372 2.0 51.0
10.754566 146.71507 0.0372 2.0 51.0
10.754566 146.71507 0.0373 1.0 52.0
11.732254 149.45932 0.0373 1.0 52.0
11.732254 149.45932 0.0374 0.0 53.0
12.709942 152.20357 0.0374 0.0 53.0
12.709942 152.20357 0.0375 0.0 54.0
13.68763 154.94781 0.0375 0.0 54.0
0.0 116.52834 0.0376 20.0 41.0
0.0 119.44155 0.0376 20.0 41.0
0.0 119.44155 0.0377 19.0 42.0
0.0 122.35476 0.0377 19.0 42.0
0.0 122.35476 0.0378 18.0 43.0
0.0 125.26797 0.0378 18.0 43.0
0.0 125.26797 0.0379 17.0 44.0
0.0 128.18118 0.0379 17.0 44.0
0.0 128.18118 0.0380 16.0 45.0
0.0 131.09439 0.0380 16.0 45.0
0.0 131.09439 0.0381 15.0 46.0
0.0 134.0076 0.0381 15.0 46.0
0.0 134.0076 0.0382 14.0 47.0
0.0 136.9208 0.0382 14.0 47.0
0.0 136.9208 0.0383 13.0 48.0
0.0 139.83401 0.0383 13.0 48.0
0.0 139.83401 0.0384 12.0 49.0
0.0 142.74722 0.0384 12.0 49.0
0.0 142.74722 0.0385 11.0 50.0
0.0 145.66043 0.0385 11.0 50.0
0.0 145.66043 0.0386 10.0 51.0
0.0 148.57364 0.0386 10.0 51.0
0.0 148.57364 0.0387 9.0 52.0
0.0 151.48685 0.0387 9.0 52.0
0.0 151.48685 0.0388 4.0 53.0
-0.97768784 154.2311 0.0388 4.0 53.0
-0.97768784 154.2311 0.0389 3.0 54.0
-1.9553757 156.97534 0.0389 3.0 54.0
-1.9553757 156.97534 0.0390 0.0 55.0
-3.797345 159.23232 0.0390 0.0 55.0
-3.797345 159.23232 0.0391 0.0 56.0
-5.639314 161.48929 0.0391 0.0 56.0
-1.9553757 156.97534 0.0392 0.0 55.0
-1.9553757 159.88855 0.0392 0.0 55.0
-1.9553757 159.88855 0.0393 0.0 56.0
-1.9553757 162.80176 0.0393 0.0 56.0
-1.9553757 156.97534 0.0394 2.0 55.0
-2.9330635 159.71959 0.0394 2.0 55.0
-2.9330635 159.71959 0.0395 1.0 56.0
-3.9107513 162.46384 0.0395 1.0 56.0
-3.9107513 162.46384 0.0396 0.0 57.0
-4.888439 165.20808 0.0396 0.0 57.0
-4.888439 165.20808 0.0397 0.0 58.0
-5.866127 167.95233 0.0397 0.0 58.0
0.0 151.48685 0.0398 4.0 53.0
0.97768784 154.2311 0.0398 4.0 53.0
0.97768784 154.2311 0.0399 3.0 54.0
1.9553757 156.97534 0.0399 3.0 54.0
1.9553757 156.97534 0.0400 0.0 55.0
1.9553757 159.88855 0.0400 0.0 55.0
1.9553757 159.88855 0.0401 0.0 56.0
1.9553757 162.80176 0.0401 0.0 56.0
1.9553757 156.97534 0.0402 0.0 55.0
3.797345 159.23232 0.0402 0.0 55.0
3.797345 159.23232 0.0403 0.0 56.0
5.639314 161.48929 0.0403 0.0 56.0
1.9553757 156.97534 0.0404 2.0 55.0
2.9330635 159.71959 0.0404 2.0 55.0
2.9330635 159.71959 0.0405 1.0 56.0
3.9107513 162.46384 0.0405 1.0 56.0
3.9107513 162.46384 0.0406 0.0 57.0
4.888439 165.20808 0.0406 0.0 57.0
4.888439 165.20808 0.0407 0.0 58.0
5.866127 167.95233 0.0407 0.0 58.0
0.0 151.48685 0.0408 8.0 53.0
0.0 154.40005 0.0408 8.0 53.0
0.0 154.40005 0.0409 7.0 54.0
0.0 157.31326 0.0409 7.0 54.0
0.0 157.31326 0.0410 6.0 55.0
0.0 160.22647 0.0410 6.0 55.0
0.0 160.22647 0.0411 5.0 56.0
0.0 163.13968 0.0411 5.0 56.0
0.0 163.13968 0.0412 4.0 57.0
0.0 166.05289 0.0412 4.0 57.0
0.0 166.05289 0.0413 3.0 58.0
0.0 168.9661 0.0413 3.0 58.0
0.0 168.9661 0.0414 0.0 59.0
-0.97768784 171.71034 0.0414 0.0 59.0
-0.97768784 171.71034 0.0415 0.0 60.0
-1.9553757 174.45459 0.0415 0.0 60.0
0.0 168.9661 0.0416 0.0 59.0
0.97768784 171.71034 0.0416 0.0 59.0
0.97768784 171.71034 0.0417 0.0 60.0
1.9553757 174.45459 0.0417 0.0 60.0
0.0 168.9661 0.0418 2.0 59.0
0.0 171.8793 0.0418 2.0 59.0
0.0 171.8793 0.0419 1.0 60.0
0.0 174.79251 0.0419 1.0 60.0
0.0 174.79251 0.0420 0.0 61.0
0.0 177.70572 0.0420 0.0 61.0
0.0 177.70572 0.0421 0.0 62.0
0.0 180.61893 0.0421 0.0 62.0
