0.0 0.0 0.00 43.0 1.0
0.0 0.8802959 0.00 43.0 1.0
0.0 0.8802959 0.01 42.0 2.0
0.0 1.7605917 0.01 42.0 2.0
0.0 1.7605917 0.02 41.0 3.0
0.0 2.6408877 0.02 41.0 3.0
0.0 2.6408877 0.03 40.0 4.0
0.0 3.5211835 0.03 40.0 4.0
0.0 3.5211835 0.04 39.0 5.0
0.0 4.4014792 0.04 39.0 5.0
0.0 4.4014792 0.05 38.0 6.0
0.0 5.281775 0.05 38.0 6.0
0.0 5.281775 0.06 37.0 7.0
0.0 6.1620708 0.06 37.0 7.0
0.0 6.1620708 0.07 36.0 8.0
0.0 7.0423665 0.07 36.0 8.0
0.0 7.0423665 0.08 19.0 9.0
0.44902635 7.7995296 0.08 19.0 9.0
0.44902635 7.7995296 0.09 18.0 10.0
0.8980527 8.556693 0.09 18.0 10.0
0.8980527 8.556693 0.010 17.0 11.0
1.347079 9.313856 0.010 17.0 11.0
1.347079 9.313856 0.011 16.0 12.0
1.7961054 10.071019 0.011 16.0 12.0
1.7961054 10.071019 0.012 7.0 13.0
2.5685418 10.493231 0.012 7.0 13.0
2.5685418 10.493231 0.013 6.0 14.0
3.3409781 10.915442 0.013 6.0 14.0
3.3409781 10.915442 0.014 1.0 15.0
4.220733 10.884588 0.014 1.0 15.0
4.220733 10.884588 0.015 0.0 16.0
5.100488 10.853734 0.015 0.0 16.0
5.100488 10.853734 0.016 0.0 17.0
5.841448 10.378445 0.016 0.0 17.0
3.3409781 10.915442 0.017 1.0 15.0
4.081938 10.440153 0.017 1.0 15.0
4.081938 10.440153 0.018 0.0 16.0
4.8228974 9.964864 0.018 0.0 16.0
4.8228974 9.964864 0.019 0.0 17.0
5.2177763 9.178103 0.019 0.0 17.0
3.3409781 10.915442 0.020 5.0 15.0
4.1134143 11.337654 0.020 5.0 15.0
4.1134143 11.337654 0.021 4.0 16.0
4.8858504 11.759866 0.021 4.0 16.0
4.8858504 11.759866 0.022 3.0 17.0
5.7656054 11.729012 0.022 3.0 17.0
5.7656054 11.729012 0.023 2.0 18.0
6.6453605 11.698157 0.023 2.0 18.0
6.6453605 11.698157 0.024 1.0 19.0
7.5251155 11.667303 0.024 1.0 19.0
7.5251155 11.667303 0.025 0.0 20.0
8.404871 11.636449 0.025 0.0 20.0
8.404871 11.636449 0.026 0.0 21.0
9.145831 11.1611595 0.026 0.0 21.0
4.8858504 11.759866 0.027 1.0 17.0
5.7656054 11.729012 0.027 1.0 17.0
5.7656054 11.729012 0.028 0.0 18.0
6.6453605 11.698157 0.028 0.0 18.0
6.6453605 11.698157 0.029 0.0 19.0
7.38632 11.222868 0.029 0.0 19.0
1.7961054 10.071019 0.030 7.0 13.0
2.6758604 10.040165 0.030 7.0 13.0
2.6758604 10.040165 0.031 6.0 14.0
3.5556154 10.009311 0.031 6.0 14.0
3.5556154 10.009311 0.032 1.0 15.0
4.296575 9.534021 0.032 1.0 15.0
4.296575 9.534021 0.033 0.0 16.0
5.0375347 9.058732 0.033 0.0 16.0
5.0375347 9.058732 0.034 0.0 17.0
5.4324136 8.271972 0.034 0.0 17.0
3.5556154 10.009311 0.035 1.0 15.0
3.9504943 9.22255 0.035 1.0 15.0
3.9504943 9.22255 0.036 0.0 16.0
4.345373 8.43579 0.036 0.0 16.0
4.345373 8.43579 0.037 0.0 17.0
4.2837024 7.5576572 0.037 0.0 17.0
3.5556154 10.009311 0.038 5.0 15.0
4.4353704 9.9784565 0.038 5.0 15.0
4.4353704 9.9784565 0.039 4.0 16.0
5.3151255 9.947602 0.039 4.0 16.0
5.3151255 9.947602 0.040 3.0 17.0
6.056085 9.472313 0.040 3.0 17.0
6.056085 9.472313 0.041 2.0 18.0
6.7970448 8.997024 0.041 2.0 18.0
6.7970448 8.997024 0.042 1.0 19.0
7.5380044 8.521734 0.042 1.0 19.0
7.5380044 8.521734 0.043 0.0 20.0
8.278964 8.046445 0.043 0.0 20.0
8.278964 8.046445 0.044 0.0 21.0
8.673842 7.2596846 0.044 0.0 21.0
5.3151255 9.947602 0.045 1.0 17.0
6.056085 9.472313 0.045 1.0 17.0
6.056085 9.472313 0.046 0.0 18.0
6.7970448 8.997024 0.046 0.0 18.0
6.7970448 8.997024 0.047 0.0 19.0
7.1919236 8.210263 0.047 0.0 19.0
1.7961054 10.071019 0.048 15.0 13.0
2.2451317 10.828182 0.048 15.0 13.0
2.2451317 10.828182 0.049 14.0 14.0
2.694158 11.585345 0.049 14.0 14.0
2.694158 11.585345 0.050 13.0 15.0
3.1431844 12.342508 0.050 13.0 15.0
3.1431844 12.342508 0.051 12.0 16.0
3.5922108 13.099671 0.051 12.0 16.0
3.5922108 13.099671 0.052 11.0 17.0
4.364647 13.521883 0.052 11.0 17.0
4.364647 13.521883 0.053 10.0 18.0
5.137083 13.944095 0.053 10.0 18.0
5.137083 13.944095 0.054 9.0 19.0
5.909519 14.366306 0.054 9.0 19.0
5.909519 14.366306 0.055 8.0 20.0
6.6819553 14.788518 0.055 8.0 20.0
6.6819553 14.788518 0.056 7.0 21.0
7.4543915 15.21073 0.056 7.0 21.0
7.4543915 15.21073 0.057 6.0 22.0
8.226828 15.632941 0.057 6.0 22.0
8.226828 15.632941 0.058 1.0 23.0
9.106583 15.602087 0.058 1.0 23.0
9.106583 15.602087 0.059 0.0 24.0
9.986338 15.571233 0.059 0.0 24.0
9.986338 15.571233 0.060 0.0 25.0
10.727298 15.095943 0.060 0.0 25.0
8.226828 15.632941 0.061 1.0 23.0
8.967788 15.157652 0.061 1.0 23.0
8.967788 15.157652 0.062 0.0 24.0
9.708748 14.682363 0.062 0.0 24.0
9.708748 14.682363 0.063 0.0 25.0
10.103626 13.895602 0.063 0.0 25.0
8.226828 15.632941 0.064 5.0 23.0
8.999264 16.055153 0.064 5.0 23.0
8.999264 16.055153 0.065 4.0 24.0
9.7717 16.477365 0.065 4.0 24.0
9.7717 16.477365 0.066 3.0 25.0
10.651455 16.446512 0.066 3.0 25.0
10.651455 16.446512 0.067 2.0 26.0
11.53121 16.415659 0.067 2.0 26.0
11.53121 16.415659 0.068 1.0 27.0
12.410965 16.384806 0.068 1.0 27.0
12.410965 16.384806 0.069 0.0 28.0
13.29072 16.353952 0.069 0.0 28.0
13.29072 16.353952 0.070 0.0 29.0
14.03168 15.878663 0.070 0.0 29.0
9.7717 16.477365 0.071 1.0 25.0
10.651455 16.446512 0.071 1.0 25.0
10.651455 16.446512 0.072 0.0 26.0
11.53121 16.415659 0.072 0.0 26.0
11.53121 16.415659 0.073 0.0 27.0
12.27217 15.94037 0.073 0.0 27.0
3.5922108 13.099671 0.074 7.0 17.0
4.364647 13.521883 0.074 7.0 17.0
4.364647 13.521883 0.075 6.0 18.0
5.137083 13.944095 0.075 6.0 18.0
5.137083 13.944095 0.076 1.0 19.0
6.016838 13.91324 0.076 1.0 19.0
6.016838 13.91324 0.077 0.0 20.0
6.896593 13.882386 0.077 0.0 20.0
6.896593 13.882386 0.078 0.0 21.0
7.6375527 13.407097 0.078 0.0 21.0
5.137083 13.944095 0.079 1.0 19.0
5.8780427 13.468805 0.079 1.0 19.0
5.8780427 13.468805 0.080 0.0 20.0
6.6190023 12.993516 0.080 0.0 20.0
6.6190023 12.993516 0.081 0.0 21.0
7.013881 12.206756 0.081 0.0 21.0
5.137083 13.944095 0.082 5.0 19.0
5.909519 14.366306 0.082 5.0 19.0
5.909519 14.366306 0.083 4.0 20.0
6.6819553 14.788518 0.083 4.0 20.0
6.6819553 14.788518 0.084 3.0 21.0
7.5617104 14.757664 0.084 3.0 21.0
7.5617104 14.757664 0.085 2.0 22.0
8.441465 14.7268095 0.085 2.0 22.0
8.441465 14.7268095 0.086 1.0 23.0
9.32122 14.695955 0.086 1.0 23.0
9.32122 14.695955 0.087 0.0 24.0
10.200975 14.665101 0.087 0.0 24.0
10.200975 14.665101 0.088 0.0 25.0
10.941936 14.189812 0.088 0.0 25.0
6.6819553 14.788518 0.089 1.0 21.0
7.5617104 14.757664 0.089 1.0 21.0
7.5617104 14.757664 0.090 0.0 22.0
8.441465 14.7268095 0.090 0.0 22.0
8.441465 14.7268095 0.091 0.0 23.0
9.1824255 14.25152 0.091 0.0 23.0
0.0 7.0423665 0.092 19.0 9.0
0.7724363 7.4645786 0.092 19.0 9.0
0.7724363 7.4645786 0.093 18.0 10.0
1.5448726 7.8867908 0.093 18.0 10.0
1.5448726 7.8867908 0.094 17.0 11.0
2.317309 8.309003 0.094 17.0 11.0
2.317309 8.309003 0.095 16.0 12.0
3.0897453 8.731215 0.095 16.0 12.0
3.0897453 8.731215 0.096 7.0 13.0
3.9695003 8.70036 0.096 7.0 13.0
3.9695003 8.70036 0.097 6.0 14.0
4.8492556 8.669506 0.097 6.0 14.0
4.8492556 8.669506 0.098 1.0 15.0
5.590215 8.194217 0.098 1.0 15.0
5.590215 8.194217 0.099 0.0 16.0
6.331175 7.718928 0.099 0.0 16.0
6.331175 7.718928 0.0100 0.0 17.0
6.7260537 6.9321675 0.0100 0.0 17.0
4.8492556 8.669506 0.0101 1.0 15.0
5.2441344 7.8827457 0.0101 1.0 15.0
5.2441344 7.8827457 0.0102 0.0 16.0
5.6390133 7.0959854 0.0102 0.0 16.0
5.6390133 7.0959854 0.0103 0.0 17.0
5.5773425 6.2178526 0.0103 0.0 17.0
4.8492556 8.669506 0.0104 5.0 15.0
5.7290106 8.638652 0.0104 5.0 15.0
5.7290106 8.638652 0.0105 4.0 16.0
6.6087656 8.607798 0.0105 4.0 16.0
6.6087656 8.607798 0.0106 3.0 17.0
7.3497252 8.132508 0.0106 3.0 17.0
7.3497252 8.132508 0.0107 2.0 18.0
8.090685 7.6572194 0.0107 2.0 18.0
8.090685 7.6572194 0.0108 1.0 19.0
8.831645 7.1819305 0.0108 1.0 19.0
8.831645 7.1819305 0.0109 0.0 20.0
9.572605 6.7066417 0.0109 0.0 20.0
9.572605 6.7066417 0.0110 0.0 21.0
9.9674835 5.9198813 0.0110 0.0 21.0
6.6087656 8.607798 0.0111 1.0 17.0
7.3497252 8.132508 0.0111 1.0 17.0
7.3497252 8.132508 0.0112 0.0 18.0
8.090685 7.6572194 0.0112 0.0 18.0
8.090685 7.6572194 0.0113 0.0 19.0
8.485563 6.870459 0.0113 0.0 19.0
3.0897453 8.731215 0.0114 7.0 13.0
3.830705 8.255925 0.0114 7.0 13.0
3.830705 8.255925 0.0115 6.0 14.0
4.571665 7.7806363 0.0115 6.0 14.0
4.571665 7.7806363 0.0116 1.0 15.0
4.9665437 6.993876 0.0116 1.0 15.0
4.9665437 6.993876 0.0117 0.0 16.0
5.3614225 6.2071157 0.0117 0.0 16.0
5.3614225 6.2071157 0.0118 0.0 17.0
5.2997518 5.328983 0.0118 0.0 17.0
4.571665 7.7806363 0.0119 1.0 15.0
4.509994 6.9025035 0.0119 1.0 15.0
4.509994 6.9025035 0.0120 0.0 16.0
4.4483232 6.0243707 0.0120 0.0 16.0
4.4483232 6.0243707 0.0121 0.0 17.0
3.9473557 5.300525 0.0121 0.0 17.0
4.571665 7.7806363 0.0122 5.0 15.0
5.3126245 7.3053474 0.0122 5.0 15.0
5.3126245 7.3053474 0.0123 4.0 16.0
6.053584 6.8300586 0.0123 4.0 16.0
6.053584 6.8300586 0.0124 3.0 17.0
6.448463 6.0432982 0.0124 3.0 17.0
6.448463 6.0432982 0.0125 2.0 18.0
6.843342 5.256538 0.0125 2.0 18.0
6.843342 5.256538 0.0126 1.0 19.0
7.2382207 4.4697776 0.0126 1.0 19.0
7.2382207 4.4697776 0.0127 0.0 20.0
7.6330996 3.6830173 0.0127 0.0 20.0
7.6330996 3.6830173 0.0128 0.0 21.0
7.571429 2.8048844 0.0128 0.0 21.0
6.053584 6.8300586 0.0129 1.0 17.0
6.448463 6.0432982 0.0129 1.0 17.0
6.448463 6.0432982 0.0130 0.0 18.0
6.843342 5.256538 0.0130 0.0 18.0
6.843342 5.256538 0.0131 0.0 19.0
6.781671 4.378405 0.0131 0.0 19.0
3.0897453 8.731215 0.0132 15.0 13.0
3.8621817 9.153426 0.0132 15.0 13.0
3.8621817 9.153426 0.0133 14.0 14.0
4.634618 9.575638 0.0133 14.0 14.0
4.634618 9.575638 0.0134 13.0 15.0
5.407054 9.997849 0.0134 13.0 15.0
5.407054 9.997849 0.0135 12.0 16.0
6.17949 10.420061 0.0135 12.0 16.0
6.17949 10.420061 0.0136 11.0 17.0
7.059245 10.389207 0.0136 11.0 17.0
7.059245 10.389207 0.0137 10.0 18.0
7.939 10.358353 0.0137 10.0 18.0
7.939 10.358353 0.0138 9.0 19.0
8.818755 10.327498 0.0138 9.0 19.0
8.818755 10.327498 0.0139 8.0 20.0
9.69851 10.296644 0.0139 8.0 20.0
9.69851 10.296644 0.0140 7.0 21.0
10.578265 10.26579 0.0140 7.0 21.0
10.578265 10.26579 0.0141 6.0 22.0
11.45802 10.234936 0.0141 6.0 22.0
11.45802 10.234936 0.0142 1.0 23.0
12.19898 9.759646 0.0142 1.0 23.0
12.19898 9.759646 0.0143 0.0 24.0
12.93994 9.284357 0.0143 0.0 24.0
12.93994 9.284357 0.0144 0.0 25.0
13.334819 8.497597 0.0144 0.0 25.0
11.45802 10.234936 0.0145 1.0 23.0
11.852899 9.448175 0.0145 1.0 23.0
11.852899 9.448175 0.0146 0.0 24.0
12.247777 8.661415 0.0146 0.0 24.0
12.247777 8.661415 0.0147 0.0 25.0
12.186107 7.7832823 0.0147 0.0 25.0
11.45802 10.234936 0.0148 5.0 23.0
12.337775 10.204082 0.0148 5.0 23.0
12.337775 10.204082 0.0149 4.0 24.0
13.21753 10.173227 0.0149 4.0 24.0
13.21753 10.173227 0.0150 3.0 25.0
13.95849 9.697938 0.0150 3.0 25.0
13.95849 9.697938 0.0151 2.0 26.0
14.6994505 9.222649 0.0151 2.0 26.0
14.6994505 9.222649 0.0152 1.0 27.0
15.440411 8.747359 0.0152 1.0 27.0
15.440411 8.747359 0.0153 0.0 28.0
16.18137 8.27207 0.0153 0.0 28.0
16.18137 8.27207 0.0154 0.0 29.0
16.576248 7.4853096 0.0154 0.0 29.0
13.21753 10.173227 0.0155 1.0 25.0
13.95849 9.697938 0.0155 1.0 25.0
13.95849 9.697938 0.0156 0.0 26.0
14.6994505 9.222649 0.0156 0.0 26.0
14.6994505 9.222649 0.0157 0.0 27.0
15.094329 8.435888 0.0157 0.0 27.0
6.17949 10.420061 0.0158 7.0 17.0
7.059245 10.389207 0.0158 7.0 17.0
7.059245 10.389207 0.0159 6.0 18.0
7.939 10.358353 0.0159 6.0 18.0
7.939 10.358353 0.0160 1.0 19.0
8.67996 9.883063 0.0160 1.0 19.0
8.67996 9.883063 0.0161 0.0 20.0
9.42092 9.407774 0.0161 0.0 20.0
9.42092 9.407774 0.0162 0.0 21.0
9.815799 8.621014 0.0162 0.0 21.0
7.939 10.358353 0.0163 1.0 19.0
8.3338785 9.571592 0.0163 1.0 19.0
8.3338785 9.571592 0.0164 0.0 20.0
8.728757 8.784832 0.0164 0.0 20.0
8.728757 8.784832 0.0165 0.0 21.0
8.667087 7.906699 0.0165 0.0 21.0
7.939 10.358353 0.0166 5.0 19.0
8.818755 10.327498 0.0166 5.0 19.0
8.818755 10.327498 0.0167 4.0 20.0
9.69851 10.296644 0.0167 4.0 20.0
9.69851 10.296644 0.0168 3.0 21.0
10.43947 9.821355 0.0168 3.0 21.0
10.43947 9.821355 0.0169 2.0 22.0
11.18043 9.3460655 0.0169 2.0 22.0
11.18043 9.3460655 0.0170 1.0 23.0
11.921391 8.870776 0.0170 1.0 23.0
11.921391 8.870776 0.0171 0.0 24.0
12.662351 8.395487 0.0171 0.0 24.0
12.662351 8.395487 0.0172 0.0 25.0
13.057229 7.6087265 0.0172 0.0 25.0
9.69851 10.296644 0.0173 1.0 21.0
10.43947 9.821355 0.0173 1.0 21.0
10.43947 9.821355 0.0174 0.0 22.0
11.18043 9.3460655 0.0174 0.0 22.0
11.18043 9.3460655 0.0175 0.0 23.0
11.575309 8.559305 0.0175 0.0 23.0
0.0 7.0423665 0.0176 35.0 9.0
0.0 7.9226623 0.0176 35.0 9.0
0.0 7.9226623 0.0177 34.0 10.0
0.0 8.8029585 0.0177 34.0 10.0
0.0 8.8029585 0.0178 33.0 11.0
0.0 9.683254 0.0178 33.0 11.0
0.0 9.683254 0.0179 32.0 12.0
0.0 10.56355 0.0179 32.0 12.0
0.0 10.56355 0.0180 31.0 13.0
0.0 11.443846 0.0180 31.0 13.0
0.0 11.443846 0.0181 30.0 14.0
0.0 12.3241415 0.0181 30.0 14.0
0.0 12.3241415 0.0182 29.0 15.0
0.0 13.204437 0.0182 29.0 15.0
0.0 13.204437 0.0183 28.0 16.0
0.0 14.084733 0.0183 28.0 16.0
0.0 14.084733 0.0184 27.0 17.0
0.44902635 14.841896 0.0184 27.0 17.0
0.44902635 14.841896 0.0185 26.0 18.0
0.8980527 15.599059 0.0185 26.0 18.0
0.8980527 15.599059 0.0186 25.0 19.0
1.347079 16.356222 0.0186 25.0 19.0
1.347079 16.356222 0.0187 24.0 20.0
1.7961054 17.113386 0.0187 24.0 20.0
1.7961054 17.113386 0.0188 23.0 21.0
2.2451317 17.87055 0.0188 23.0 21.0
2.2451317 17.87055 0.0189 22.0 22.0
2.694158 18.627714 0.0189 22.0 22.0
2.694158 18.627714 0.0190 21.0 23.0
3.1431844 19.384878 0.0190 21.0 23.0
3.1431844 19.384878 0.0191 20.0 24.0
3.5922108 20.142042 0.0191 20.0 24.0
3.5922108 20.142042 0.0192 19.0 25.0
4.041237 20.899206 0.0192 19.0 25.0
4.041237 20.899206 0.0193 18.0 26.0
4.490263 21.65637 0.0193 18.0 26.0
4.490263 21.65637 0.0194 17.0 27.0
4.939289 22.413534 0.0194 17.0 27.0
4.939289 22.413534 0.0195 16.0 28.0
5.388315 23.170698 0.0195 16.0 28.0
5.388315 23.170698 0.0196 7.0 29.0
6.1607513 23.59291 0.0196 7.0 29.0
6.1607513 23.59291 0.0197 6.0 30.0
6.9331875 24.015123 0.0197 6.0 30.0
6.9331875 24.015123 0.0198 1.0 31.0
7.8129425 23.98427 0.0198 1.0 31.0
7.8129425 23.98427 0.0199 0.0 32.0
8.692698 23.953417 0.0199 0.0 32.0
8.692698 23.953417 0.0200 0.0 33.0
9.433658 23.478128 0.0200 0.0 33.0
6.9331875 24.015123 0.0201 1.0 31.0
7.674147 23.539835 0.0201 1.0 31.0
7.674147 23.539835 0.0202 0.0 32.0
8.415107 23.064547 0.0202 0.0 32.0
8.415107 23.064547 0.0203 0.0 33.0
8.809985 22.277786 0.0203 0.0 33.0
6.9331875 24.015123 0.0204 5.0 31.0
7.7056236 24.437336 0.0204 5.0 31.0
7.7056236 24.437336 0.0205 4.0 32.0
8.47806 24.859549 0.0205 4.0 32.0
8.47806 24.859549 0.0206 3.0 33.0
9.357815 24.828695 0.0206 3.0 33.0
9.357815 24.828695 0.0207 2.0 34.0
10.23757 24.797842 0.0207 2.0 34.0
10.23757 24.797842 0.0208 1.0 35.0
11.117325 24.766989 0.0208 1.0 35.0
11.117325 24.766989 0.0209 0.0 36.0
11.99708 24.736135 0.0209 0.0 36.0
11.99708 24.736135 0.0210 0.0 37.0
12.73804 24.260847 0.0210 0.0 37.0
8.47806 24.859549 0.0211 1.0 33.0
9.357815 24.828695 0.0211 1.0 33.0
9.357815 24.828695 0.0212 0.0 34.0
10.23757 24.797842 0.0212 0.0 34.0
10.23757 24.797842 0.0213 0.0 35.0
10.97853 24.322554 0.0213 0.0 35.0
5.388315 23.170698 0.0214 7.0 29.0
6.26807 23.139845 0.0214 7.0 29.0
6.26807 23.139845 0.0215 6.0 30.0
7.1478252 23.108992 0.0215 6.0 30.0
7.1478252 23.108992 0.0216 1.0 31.0
7.888785 22.633703 0.0216 1.0 31.0
7.888785 22.633703 0.0217 0.0 32.0
8.629745 22.158415 0.0217 0.0 32.0
8.629745 22.158415 0.0218 0.0 33.0
9.024623 21.371655 0.0218 0.0 33.0
7.1478252 23.108992 0.0219 1.0 31.0
7.542704 22.322231 0.0219 1.0 31.0
7.542704 22.322231 0.0220 0.0 32.0
7.937583 21.535471 0.0220 0.0 32.0
7.937583 21.535471 0.0221 0.0 33.0
7.875912 20.657337 0.0221 0.0 33.0
7.1478252 23.108992 0.0222 5.0 31.0
8.02758 23.078138 0.0222 5.0 31.0
8.02758 23.078138 0.0223 4.0 32.0
8.907335 23.047285 0.0223 4.0 32.0
8.907335 23.047285 0.0224 3.0 33.0
9.648295 22.571997 0.0224 3.0 33.0
9.648295 22.571997 0.0225 2.0 34.0
10.389256 22.096708 0.0225 2.0 34.0
10.389256 22.096708 0.0226 1.0 35.0
11.130216 21.62142 0.0226 1.0 35.0
11.130216 21.62142 0.0227 0.0 36.0
11.871176 21.146132 0.0227 0.0 36.0
11.871176 21.146132 0.0228 0.0 37.0
12.266054 20.359371 0.0228 0.0 37.0
8.907335 23.047285 0.0229 1.0 33.0
9.648295 22.571997 0.0229 1.0 33.0
9.648295 22.571997 0.0230 0.0 34.0
10.389256 22.096708 0.0230 0.0 34.0
10.389256 22.096708 0.0231 0.0 35.0
10.784134 21.309948 0.0231 0.0 35.0
5.388315 23.170698 0.0232 15.0 29.0
5.8373413 23.927862 0.0232 15.0 29.0
5.8373413 23.927862 0.0233 14.0 30.0
6.2863674 24.685026 0.0233 14.0 30.0
6.2863674 24.685026 0.0234 13.0 31.0
6.7353935 25.44219 0.0234 13.0 31.0
6.7353935 25.44219 0.0235 12.0 32.0
7.1844196 26.199354 0.0235 12.0 32.0
7.1844196 26.199354 0.0236 11.0 33.0
7.956856 26.621567 0.0236 11.0 33.0
7.956856 26.621567 0.0237 10.0 34.0
8.729292 27.04378 0.0237 10.0 34.0
8.729292 27.04378 0.0238 9.0 35.0
9.501728 27.465992 0.0238 9.0 35.0
9.501728 27.465992 0.0239 8.0 36.0
10.274164 27.888205 0.0239 8.0 36.0
10.274164 27.888205 0.0240 7.0 37.0
11.0466 28.310417 0.0240 7.0 37.0
11.0466 28.310417 0.0241 6.0 38.0
11.8190365 28.73263 0.0241 6.0 38.0
11.8190365 28.73263 0.0242 1.0 39.0
12.6987915 28.701777 0.0242 1.0 39.0
12.6987915 28.701777 0.0243 0.0 40.0
13.578547 28.670923 0.0243 0.0 40.0
13.578547 28.670923 0.0244 0.0 41.0
14.319507 28.195635 0.0244 0.0 41.0
11.8190365 28.73263 0.0245 1.0 39.0
12.559997 28.257341 0.0245 1.0 39.0
12.559997 28.257341 0.0246 0.0 40.0
13.300957 27.782053 0.0246 0.0 40.0
13.300957 27.782053 0.0247 0.0 41.0
13.695835 26.995293 0.0247 0.0 41.0
11.8190365 28.73263 0.0248 5.0 39.0
12.591473 29.154842 0.0248 5.0 39.0
12.591473 29.154842 0.0249 4.0 40.0
13.363909 29.577055 0.0249 4.0 40.0
13.363909 29.577055 0.0250 3.0 41.0
14.243664 29.546202 0.0250 3.0 41.0
14.243664 29.546202 0.0251 2.0 42.0
15.123419 29.515348 0.0251 2.0 42.0
15.123419 29.515348 0.0252 1.0 43.0
16.003174 29.484495 0.0252 1.0 43.0
16.003174 29.484495 0.0253 0.0 44.0
16.882929 29.453642 0.0253 0.0 44.0
16.882929 29.453642 0.0254 0.0 45.0
17.623888 28.978354 0.0254 0.0 45.0
13.363909 29.577055 0.0255 1.0 41.0
14.243664 29.546202 0.0255 1.0 41.0
14.243664 29.546202 0.0256 0.0 42.0
15.123419 29.515348 0.0256 0.0 42.0
15.123419 29.515348 0.0257 0.0 43.0
15.864379 29.04006 0.0257 0.0 43.0
7.1844196 26.199354 0.0258 7.0 33.0
7.956856 26.621567 0.0258 7.0 33.0
7.956856 26.621567 0.0259 6.0 34.0
8.729292 27.04378 0.0259 6.0 34.0
8.729292 27.04378 0.0260 1.0 35.0
9.609047 27.012926 0.0260 1.0 35.0
9.609047 27.012926 0.0261 0.0 36.0
10.488802 26.982073 0.0261 0.0 36.0
10.488802 26.982073 0.0262 0.0 37.0
11.229762 26.506784 0.0262 0.0 37.0
8.729292 27.04378 0.0263 1.0 35.0
9.470252 26.568491 0.0263 1.0 35.0
9.470252 26.568491 0.0264 0.0 36.0
10.211212 26.093203 0.0264 0.0 36.0
10.211212 26.093203 0.0265 0.0 37.0
10.606091 25.306442 0.0265 0.0 37.0
8.729292 27.04378 0.0266 5.0 35.0
9.501728 27.465992 0.0266 5.0 35.0
9.501728 27.465992 0.0267 4.0 36.0
10.274164 27.888205 0.0267 4.0 36.0
10.274164 27.888205 0.0268 3.0 37.0
11.153919 27.857351 0.0268 3.0 37.0
11.153919 27.857351 0.0269 2.0 38.0
12.033674 27.826498 0.0269 2.0 38.0
12.033674 27.826498 0.0270 1.0 39.0
12.913429 27.795645 0.0270 1.0 39.0
12.913429 27.795645 0.0271 0.0 40.0
13.793184 27.764791 0.0271 0.0 40.0
13.793184 27.764791 0.0272 0.0 41.0
14.534144 27.289503 0.0272 0.0 41.0
10.274164 27.888205 0.0273 1.0 37.0
11.153919 27.857351 0.0273 1.0 37.0
11.153919 27.857351 0.0274 0.0 38.0
12.033674 27.826498 0.0274 0.0 38.0
12.033674 27.826498 0.0275 0.0 39.0
12.774634 27.35121 0.0275 0.0 39.0
0.0 14.084733 0.0276 19.0 17.0
0.44902635 14.841896 0.0276 19.0 17.0
0.44902635 14.841896 0.0277 18.0 18.0
0.8980527 15.599059 0.0277 18.0 18.0
0.8980527 15.599059 0.0278 17.0 19.0
1.347079 16.356222 0.0278 17.0 19.0
1.347079 16.356222 0.0279 16.0 20.0
1.7961054 17.113386 0.0279 16.0 20.0
1.7961054 17.113386 0.0280 7.0 21.0
2.5685418 17.535599 0.0280 7.0 21.0
2.5685418 17.535599 0.0281 6.0 22.0
3.3409781 17.957811 0.0281 6.0 22.0
3.3409781 17.957811 0.0282 1.0 23.0
4.220733 17.926958 0.0282 1.0 23.0
4.220733 17.926958 0.0283 0.0 24.0
5.100488 17.896105 0.0283 0.0 24.0
5.100488 17.896105 0.0284 0.0 25.0
5.841448 17.420816 0.0284 0.0 25.0
3.3409781 17.957811 0.0285 1.0 23.0
4.081938 17.482523 0.0285 1.0 23.0
4.081938 17.482523 0.0286 0.0 24.0
4.8228974 17.007235 0.0286 0.0 24.0
4.8228974 17.007235 0.0287 0.0 25.0
5.2177763 16.220474 0.0287 0.0 25.0
3.3409781 17.957811 0.0288 5.0 23.0
4.1134143 18.380024 0.0288 5.0 23.0
4.1134143 18.380024 0.0289 4.0 24.0
4.8858504 18.802237 0.0289 4.0 24.0
4.8858504 18.802237 0.0290 3.0 25.0
5.7656054 18.771383 0.0290 3.0 25.0
5.7656054 18.771383 0.0291 2.0 26.0
6.6453605 18.74053 0.0291 2.0 26.0
6.6453605 18.74053 0.0292 1.0 27.0
7.5251155 18.709677 0.0292 1.0 27.0
7.5251155 18.709677 0.0293 0.0 28.0
8.404871 18.678823 0.0293 0.0 28.0
8.404871 18.678823 0.0294 0.0 29.0
9.145831 18.203535 0.0294 0.0 29.0
4.8858504 18.802237 0.0295 1.0 25.0
5.7656054 18.771383 0.0295 1.0 25.0
5.7656054 18.771383 0.0296 0.0 26.0
6.6453605 18.74053 0.0296 0.0 26.0
6.6453605 18.74053 0.0297 0.0 27.0
7.38632 18.265242 0.0297 0.0 27.0
1.7961054 17.113386 0.0298 7.0 21.0
2.6758604 17.082533 0.0298 7.0 21.0
2.6758604 17.082533 0.0299 6.0 22.0
3.5556154 17.05168 0.0299 6.0 22.0
3.5556154 17.05168 0.0300 1.0 23.0
4.296575 16.576391 0.0300 1.0 23.0
4.296575 16.576391 0.0301 0.0 24.0
5.0375347 16.101103 0.0301 0.0 24.0
5.0375347 16.101103 0.0302 0.0 25.0
5.4324136 15.3143425 0.0302 0.0 25.0
3.5556154 17.05168 0.0303 1.0 23.0
3.9504943 16.26492 0.0303 1.0 23.0
3.9504943 16.26492 0.0304 0.0 24.0
4.345373 15.478159 0.0304 0.0 24.0
4.345373 15.478159 0.0305 0.0 25.0
4.2837024 14.600026 0.0305 0.0 25.0
3.5556154 17.05168 0.0306 5.0 23.0
4.4353704 17.020826 0.0306 5.0 23.0
4.4353704 17.020826 0.0307 4.0 24.0
5.3151255 16.989973 0.0307 4.0 24.0
5.3151255 16.989973 0.0308 3.0 25.0
6.056085 16.514685 0.0308 3.0 25.0
6.056085 16.514685 0.0309 2.0 26.0
6.7970448 16.039396 0.0309 2.0 26.0
6.7970448 16.039396 0.0310 1.0 27.0
7.5380044 15.564107 0.0310 1.0 27.0
7.5380044 15.564107 0.0311 0.0 28.0
8.278964 15.088818 0.0311 0.0 28.0
8.278964 15.088818 0.0312 0.0 29.0
8.673842 14.302057 0.0312 0.0 29.0
5.3151255 16.989973 0.0313 1.0 25.0
6.056085 16.514685 0.0313 1.0 25.0
6.056085 16.514685 0.0314 0.0 26.0
6.7970448 16.039396 0.0314 0.0 26.0
6.7970448 16.039396 0.0315 0.0 27.0
7.1919236 15.252636 0.0315 0.0 27.0
1.7961054 17.113386 0.0316 15.0 21.0
2.2451317 17.87055 0.0316 15.0 21.0
2.2451317 17.87055 0.0317 14.0 22.0
2.694158 18.627714 0.0317 14.0 22.0
2.694158 18.627714 0.0318 13.0 23.0
3.1431844 19.384878 0.0318 13.0 23.0
3.1431844 19.384878 0.0319 12.0 24.0
3.5922108 20.142042 0.0319 12.0 24.0
3.5922108 20.142042 0.0320 11.0 25.0
4.364647 20.564255 0.0320 11.0 25.0
4.364647 20.564255 0.0321 10.0 26.0
5.137083 20.986467 0.0321 10.0 26.0
5.137083 20.986467 0.0322 9.0 27.0
5.909519 21.40868 0.0322 9.0 27.0
5.909519 21.40868 0.0323 8.0 28.0
6.6819553 21.830893 0.0323 8.0 28.0
6.6819553 21.830893 0.0324 7.0 29.0
7.4543915 22.253105 0.0324 7.0 29.0
7.4543915 22.253105 0.0325 6.0 30.0
8.226828 22.675318 0.0325 6.0 30.0
8.226828 22.675318 0.0326 1.0 31.0
9.106583 22.644464 0.0326 1.0 31.0
9.106583 22.644464 0.0327 0.0 32.0
9.986338 22.613611 0.0327 0.0 32.0
9.986338 22.613611 0.0328 0.0 33.0
10.727298 22.138323 0.0328 0.0 33.0
8.226828 22.675318 0.0329 1.0 31.0
8.967788 22.20003 0.0329 1.0 31.0
8.967788 22.20003 0.0330 0.0 32.0
9.708748 21.724741 0.0330 0.0 32.0
9.708748 21.724741 0.0331 0.0 33.0
10.103626 20.93798 0.0331 0.0 33.0
8.226828 22.675318 0.0332 5.0 31.0
8.999264 23.09753 0.0332 5.0 31.0
8.999264 23.09753 0.0333 4.0 32.0
9.7717 23.519743 0.0333 4.0 32.0
9.7717 23.519743 0.0334 3.0 33.0
10.651455 23.48889 0.0334 3.0 33.0
10.651455 23.48889 0.0335 2.0 34.0
11.53121 23.458036 0.0335 2.0 34.0
11.53121 23.458036 0.0336 1.0 35.0
12.410965 23.427183 0.0336 1.0 35.0
12.410965 23.427183 0.0337 0.0 36.0
13.29072 23.39633 0.0337 0.0 36.0
13.29072 23.39633 0.0338 0.0 37.0
14.03168 22.921041 0.0338 0.0 37.0
9.7717 23.519743 0.0339 1.0 33.0
10.651455 23.48889 0.0339 1.0 33.0
10.651455 23.48889 0.0340 0.0 34.0
11.53121 23.458036 0.0340 0.0 34.0
11.53121 23.458036 0.0341 0.0 35.0
12.27217 22.982748 0.0341 0.0 35.0
3.5922108 20.142042 0.0342 7.0 25.0
4.364647 20.564255 0.0342 7.0 25.0
4.364647 20.564255 0.0343 6.0 26.0
5.137083 20.986467 0.0343 6.0 26.0
5.137083 20.986467 0.0344 1.0 27.0
6.016838 20.955614 0.0344 1.0 27.0
6.016838 20.955614 0.0345 0.0 28.0
6.896593 20.92476 0.0345 0.0 28.0
6.896593 20.92476 0.0346 0.0 29.0
7.6375527 20.449472 0.0346 0.0 29.0
5.137083 20.986467 0.0347 1.0 27.0
5.8780427 20.511179 0.0347 1.0 27.0
5.8780427 20.511179 0.0348 0.0 28.0
6.6190023 20.03589 0.0348 0.0 28.0
6.6190023 20.03589 0.0349 0.0 29.0
7.013881 19.24913 0.0349 0.0 29.0
5.137083 20.986467 0.0350 5.0 27.0
5.909519 21.40868 0.0350 5.0 27.0
5.909519 21.40868 0.0351 4.0 28.0
6.6819553 21.830893 0.0351 4.0 28.0
6.6819553 21.830893 0.0352 3.0 29.0
7.5617104 21.80004 0.0352 3.0 29.0
7.5617104 21.80004 0.0353 2.0 30.0
8.441465 21.769186 0.0353 2.0 30.0
8.441465 21.769186 0.0354 1.0 31.0
9.32122 21.738333 0.0354 1.0 31.0
9.32122 21.738333 0.0355 0.0 32.0
10.200975 21.70748 0.0355 0.0 32.0
10.200975 21.70748 0.0356 0.0 33.0
10.941936 21.232191 0.0356 0.0 33.0
6.6819553 21.830893 0.0357 1.0 29.0
7.5617104 21.80004 0.0357 1.0 29.0
7.5617104 21.80004 0.0358 0.0 30.0
8.441465 21.769186 0.0358 0.0 30.0
8.441465 21.769186 0.0359 0.0 31.0
9.1824255 21.293898 0.0359 0.0 31.0
