0.0 0.0 0.00 30.0 1.0
0.0 3.00885 0.00 30.0 1.0
0.0 3.00885 0.01 0.0 2.0
-1.5106895 5.610964 0.01 0.0 2.0
0.0 3.00885 0.02 29.0 2.0
0.0 6.0177 0.02 29.0 2.0
0.0 6.0177 0.03 0.0 3.0
-1.5106895 8.619814 0.03 0.0 3.0
-1.5106895 8.619814 0.04 0.0 4.0
-4.1236386 10.111684 0.04 0.0 4.0
-1.5106895 8.619814 0.05 0.0 4.0
-3.021379 11.221928 0.05 0.0 4.0
0.0 6.0177 0.06 28.0 3.0
0.0 9.02655 0.06 28.0 3.0
0.0 9.02655 0.07 0.0 4.0
-1.5106895 11.628664 0.07 0.0 4.0
0.0 9.02655 0.08 27.0 4.0
0.0 12.0354 0.08 27.0 4.0
0.0 12.0354 0.09 2.0 5.0
1.5106895 14.637514 0.09 2.0 5.0
1.5106895 14.637514 0.010 0.0 6.0
1.5106895 17.646364 0.010 0.0 6.0
1.5106895 14.637514 0.011 1.0 6.0
3.021379 17.239628 0.011 1.0 6.0
3.021379 17.239628 0.012 0.0 7.0
3.021379 20.248478 0.012 0.0 7.0
3.021379 20.248478 0.013 0.0 8.0
1.5106895 22.850592 0.013 0.0 8.0
3.021379 20.248478 0.014 0.0 8.0
3.021379 23.257328 0.014 0.0 8.0
3.021379 17.239628 0.015 0.0 7.0
4.5320683 19.841742 0.015 0.0 7.0
4.5320683 19.841742 0.016 0.0 8.0
4.5320683 22.850592 0.016 0.0 8.0
4.5320683 19.841742 0.017 0.0 8.0
6.042758 22.443855 0.017 0.0 8.0
0.0 12.0354 0.018 26.0 5.0
0.0 15.0442505 0.018 26.0 5.0
0.0 15.0442505 0.019 0.0 6.0
-1.5106895 17.646364 0.019 0.0 6.0
0.0 15.0442505 0.020 25.0 6.0
0.0 18.0531 0.020 25.0 6.0
0.0 18.0531 0.021 0.0 7.0
-1.5106895 20.655214 0.021 0.0 7.0
-1.5106895 20.655214 0.022 0.0 8.0
-4.1236386 22.147083 0.022 0.0 8.0
-1.5106895 20.655214 0.023 0.0 8.0
-3.021379 23.257328 0.023 0.0 8.0
0.0 18.0531 0.024 24.0 7.0
0.0 21.06195 0.024 24.0 7.0
0.0 21.06195 0.025 0.0 8.0
-1.5106895 23.664064 0.025 0.0 8.0
0.0 21.06195 0.026 23.0 8.0
0.0 24.0708 0.026 23.0 8.0
0.0 24.0708 0.027 6.0 9.0
1.5106895 26.672915 0.027 6.0 9.0
1.5106895 26.672915 0.028 0.0 10.0
1.5106895 29.681765 0.028 0.0 10.0
1.5106895 26.672915 0.029 5.0 10.0
3.021379 29.275028 0.029 5.0 10.0
3.021379 29.275028 0.030 0.0 11.0
3.021379 32.28388 0.030 0.0 11.0
3.021379 32.28388 0.031 0.0 12.0
1.5106895 34.885994 0.031 0.0 12.0
3.021379 32.28388 0.032 0.0 12.0
3.021379 35.29273 0.032 0.0 12.0
3.021379 29.275028 0.033 4.0 11.0
4.5320683 31.877142 0.033 4.0 11.0
4.5320683 31.877142 0.034 0.0 12.0
4.5320683 34.885994 0.034 0.0 12.0
4.5320683 31.877142 0.035 3.0 12.0
6.042758 34.479256 0.035 3.0 12.0
6.042758 34.479256 0.036 2.0 13.0
8.655707 35.971127 0.036 2.0 13.0
8.655707 35.971127 0.037 0.0 14.0
10.166397 38.573242 0.037 0.0 14.0
8.655707 35.971127 0.038 1.0 14.0
11.268657 37.462997 0.038 1.0 14.0
11.268657 37.462997 0.039 0.0 15.0
12.779346 40.06511 0.039 0.0 15.0
12.779346 40.06511 0.040 0.0 16.0
12.779346 43.07396 0.040 0.0 16.0
12.779346 40.06511 0.041 0.0 16.0
14.290036 42.66722 0.041 0.0 16.0
11.268657 37.462997 0.042 0.0 15.0
13.881606 38.95487 0.042 0.0 15.0
13.881606 38.95487 0.043 0.0 16.0
15.392296 41.556984 0.043 0.0 16.0
13.881606 38.95487 0.044 0.0 16.0
16.494555 40.44674 0.044 0.0 16.0
6.042758 34.479256 0.045 2.0 13.0
7.5534477 37.081367 0.045 2.0 13.0
7.5534477 37.081367 0.046 0.0 14.0
7.5534477 40.090218 0.046 0.0 14.0
7.5534477 37.081367 0.047 1.0 14.0
9.064137 39.68348 0.047 1.0 14.0
9.064137 39.68348 0.048 0.0 15.0
9.064137 42.69233 0.048 0.0 15.0
9.064137 42.69233 0.049 0.0 16.0
7.5534477 45.29444 0.049 0.0 16.0
9.064137 42.69233 0.050 0.0 16.0
9.064137 45.70118 0.050 0.0 16.0
9.064137 39.68348 0.051 0.0 15.0
10.574827 42.28559 0.051 0.0 15.0
10.574827 42.28559 0.052 0.0 16.0
10.574827 45.29444 0.052 0.0 16.0
10.574827 42.28559 0.053 0.0 16.0
12.085517 44.887703 0.053 0.0 16.0
0.0 24.0708 0.054 22.0 9.0
0.0 27.07965 0.054 22.0 9.0
0.0 27.07965 0.055 0.0 10.0
-1.5106895 29.681765 0.055 0.0 10.0
0.0 27.07965 0.056 21.0 10.0
0.0 30.088501 0.056 21.0 10.0
0.0 30.088501 0.057 0.0 11.0
-1.5106895 32.690613 0.057 0.0 11.0
-1.5106895 32.690613 0.058 0.0 12.0
-4.1236386 34.182484 0.058 0.0 12.0
-1.5106895 32.690613 0.059 0.0 12.0
-3.021379 35.292725 0.059 0.0 12.0
0.0 30.088501 0.060 20.0 11.0
0.0 33.09735 0.060 20.0 11.0
0.0 33.09735 0.061 0.0 12.0
-1.5106895 35.699463 0.061 0.0 12.0
0.0 33.09735 0.062 19.0 12.0
0.0 36.1062 0.062 19.0 12.0
0.0 36.1062 0.063 2.0 13.0
1.5106895 38.708313 0.063 2.0 13.0
1.5106895 38.708313 0.064 0.0 14.0
1.5106895 41.717163 0.064 0.0 14.0
1.5106895 38.708313 0.065 1.0 14.0
3.021379 41.310425 0.065 1.0 14.0
3.021379 41.310425 0.066 0.0 15.0
3.021379 44.319275 0.066 0.0 15.0
3.021379 44.319275 0.067 0.0 16.0
1.5106895 46.921387 0.067 0.0 16.0
3.021379 44.319275 0.068 0.0 16.0
3.021379 47.328125 0.068 0.0 16.0
3.021379 41.310425 0.069 0.0 15.0
4.5320683 43.912537 0.069 0.0 15.0
4.5320683 43.912537 0.070 0.0 16.0
4.5320683 46.921387 0.070 0.0 16.0
4.5320683 43.912537 0.071 0.0 16.0
6.042758 46.51465 0.071 0.0 16.0
0.0 36.1062 0.072 18.0 13.0
0.0 39.11505 0.072 18.0 13.0
0.0 39.11505 0.073 0.0 14.0
-1.5106895 41.717163 0.073 0.0 14.0
0.0 39.11505 0.074 17.0 14.0
0.0 42.1239 0.074 17.0 14.0
0.0 42.1239 0.075 0.0 15.0
-1.5106895 44.726013 0.075 0.0 15.0
-1.5106895 44.726013 0.076 0.0 16.0
-4.1236386 46.217884 0.076 0.0 16.0
-1.5106895 44.726013 0.077 0.0 16.0
-3.021379 47.328125 0.077 0.0 16.0
0.0 42.1239 0.078 16.0 15.0
0.0 45.13275 0.078 16.0 15.0
0.0 45.13275 0.079 0.0 16.0
-1.5106895 47.734863 0.079 0.0 16.0
0.0 45.13275 0.080 15.0 16.0
0.0 48.1416 0.080 15.0 16.0
0.0 48.1416 0.081 14.0 17.0
1.5106895 50.743713 0.081 14.0 17.0
1.5106895 50.743713 0.082 0.0 18.0
1.5106895 53.752563 0.082 0.0 18.0
1.5106895 50.743713 0.083 13.0 18.0
3.021379 53.345825 0.083 13.0 18.0
3.021379 53.345825 0.084 0.0 19.0
3.021379 56.354675 0.084 0.0 19.0
3.021379 56.354675 0.085 0.0 20.0
1.5106895 58.956787 0.085 0.0 20.0
3.021379 56.354675 0.086 0.0 20.0
3.021379 59.363525 0.086 0.0 20.0
3.021379 53.345825 0.087 12.0 19.0
4.5320683 55.947937 0.087 12.0 19.0
4.5320683 55.947937 0.088 0.0 20.0
4.5320683 58.956787 0.088 0.0 20.0
4.5320683 55.947937 0.089 11.0 20.0
6.042758 58.55005 0.089 11.0 20.0
6.042758 58.55005 0.090 2.0 21.0
8.655707 60.04192 0.090 2.0 21.0
8.655707 60.04192 0.091 0.0 22.0
10.166397 62.644035 0.091 0.0 22.0
8.655707 60.04192 0.092 1.0 22.0
11.268657 61.53379 0.092 1.0 22.0
11.268657 61.53379 0.093 0.0 23.0
12.779346 64.1359 0.093 0.0 23.0
12.779346 64.1359 0.094 0.0 24.0
12.779346 67.14475 0.094 0.0 24.0
12.779346 64.1359 0.095 0.0 24.0
14.290036 66.738014 0.095 0.0 24.0
11.268657 61.53379 0.096 0.0 23.0
13.881606 63.02566 0.096 0.0 23.0
13.881606 63.02566 0.097 0.0 24.0
15.392296 65.62778 0.097 0.0 24.0
13.881606 63.02566 0.098 0.0 24.0
16.494555 64.51753 0.098 0.0 24.0
6.042758 58.55005 0.099 10.0 21.0
7.5534477 61.15216 0.099 10.0 21.0
7.5534477 61.15216 0.0100 0.0 22.0
7.5534477 64.16101 0.0100 0.0 22.0
7.5534477 61.15216 0.0101 9.0 22.0
9.064137 63.754272 0.0101 9.0 22.0
9.064137 63.754272 0.0102 0.0 23.0
9.064137 66.76312 0.0102 0.0 23.0
9.064137 66.76312 0.0103 0.0 24.0
7.5534477 69.365234 0.0103 0.0 24.0
9.064137 66.76312 0.0104 0.0 24.0
9.064137 69.77197 0.0104 0.0 24.0
9.064137 63.754272 0.0105 8.0 23.0
10.574827 66.356384 0.0105 8.0 23.0
10.574827 66.356384 0.0106 0.0 24.0
10.574827 69.365234 0.0106 0.0 24.0
10.574827 66.356384 0.0107 7.0 24.0
12.085517 68.958496 0.0107 7.0 24.0
12.085517 68.958496 0.0108 6.0 25.0
14.698466 70.45036 0.0108 6.0 25.0
14.698466 70.45036 0.0109 0.0 26.0
16.209156 73.052475 0.0109 0.0 26.0
14.698466 70.45036 0.0110 5.0 26.0
17.311415 71.94223 0.0110 5.0 26.0
17.311415 71.94223 0.0111 0.0 27.0
18.822104 74.54434 0.0111 0.0 27.0
18.822104 74.54434 0.0112 0.0 28.0
18.822104 77.55319 0.0112 0.0 28.0
18.822104 74.54434 0.0113 0.0 28.0
20.332792 77.146454 0.0113 0.0 28.0
17.311415 71.94223 0.0114 4.0 27.0
19.924364 73.4341 0.0114 4.0 27.0
19.924364 73.4341 0.0115 0.0 28.0
21.435053 76.03621 0.0115 0.0 28.0
19.924364 73.4341 0.0116 3.0 28.0
22.537313 74.925964 0.0116 3.0 28.0
22.537313 74.925964 0.0117 2.0 29.0
25.546085 74.90425 0.0117 2.0 29.0
25.546085 74.90425 0.0118 0.0 30.0
28.159035 76.39612 0.0118 0.0 30.0
25.546085 74.90425 0.0119 1.0 30.0
28.554857 74.88254 0.0119 1.0 30.0
28.554857 74.88254 0.0120 0.0 31.0
31.167807 76.374405 0.0120 0.0 31.0
31.167807 76.374405 0.0121 0.0 32.0
32.678497 78.97652 0.0121 0.0 32.0
31.167807 76.374405 0.0122 0.0 32.0
33.780754 77.86627 0.0122 0.0 32.0
28.554857 74.88254 0.0123 0.0 31.0
31.56363 74.860825 0.0123 0.0 31.0
31.56363 74.860825 0.0124 0.0 32.0
34.17658 76.35269 0.0124 0.0 32.0
31.56363 74.860825 0.0125 0.0 32.0
34.5724 74.83911 0.0125 0.0 32.0
22.537313 74.925964 0.0126 2.0 29.0
25.150263 76.41783 0.0126 2.0 29.0
25.150263 76.41783 0.0127 0.0 30.0
26.660952 79.01994 0.0127 0.0 30.0
25.150263 76.41783 0.0128 1.0 30.0
27.763212 77.9097 0.0128 1.0 30.0
27.763212 77.9097 0.0129 0.0 31.0
29.273901 80.51181 0.0129 0.0 31.0
29.273901 80.51181 0.0130 0.0 32.0
29.273901 83.52066 0.0130 0.0 32.0
29.273901 80.51181 0.0131 0.0 32.0
30.78459 83.11392 0.0131 0.0 32.0
27.763212 77.9097 0.0132 0.0 31.0
30.376162 79.401566 0.0132 0.0 31.0
30.376162 79.401566 0.0133 0.0 32.0
31.88685 82.00368 0.0133 0.0 32.0
30.376162 79.401566 0.0134 0.0 32.0
32.98911 80.89343 0.0134 0.0 32.0
12.085517 68.958496 0.0135 6.0 25.0
13.596207 71.56061 0.0135 6.0 25.0
13.596207 71.56061 0.0136 0.0 26.0
13.596207 74.56946 0.0136 0.0 26.0
13.596207 71.56061 0.0137 5.0 26.0
15.106896 74.16272 0.0137 5.0 26.0
15.106896 74.16272 0.0138 0.0 27.0
15.106896 77.17157 0.0138 0.0 27.0
15.106896 77.17157 0.0139 0.0 28.0
13.596207 79.77368 0.0139 0.0 28.0
15.106896 77.17157 0.0140 0.0 28.0
15.106896 80.18042 0.0140 0.0 28.0
15.106896 74.16272 0.0141 4.0 27.0
16.617586 76.76483 0.0141 4.0 27.0
16.617586 76.76483 0.0142 0.0 28.0
16.617586 79.77368 0.0142 0.0 28.0
16.617586 76.76483 0.0143 3.0 28.0
18.128275 79.36694 0.0143 3.0 28.0
18.128275 79.36694 0.0144 2.0 29.0
20.741224 80.85881 0.0144 2.0 29.0
20.741224 80.85881 0.0145 0.0 30.0
22.251913 83.46092 0.0145 0.0 30.0
20.741224 80.85881 0.0146 1.0 30.0
23.354174 82.35068 0.0146 1.0 30.0
23.354174 82.35068 0.0147 0.0 31.0
24.864862 84.95279 0.0147 0.0 31.0
24.864862 84.95279 0.0148 0.0 32.0
24.864862 87.96164 0.0148 0.0 32.0
24.864862 84.95279 0.0149 0.0 32.0
26.375551 87.5549 0.0149 0.0 32.0
23.354174 82.35068 0.0150 0.0 31.0
25.967123 83.842545 0.0150 0.0 31.0
25.967123 83.842545 0.0151 0.0 32.0
27.477812 86.44466 0.0151 0.0 32.0
25.967123 83.842545 0.0152 0.0 32.0
28.580072 85.33441 0.0152 0.0 32.0
18.128275 79.36694 0.0153 2.0 29.0
19.638964 81.969055 0.0153 2.0 29.0
19.638964 81.969055 0.0154 0.0 30.0
19.638964 84.977905 0.0154 0.0 30.0
19.638964 81.969055 0.0155 1.0 30.0
21.149652 84.57117 0.0155 1.0 30.0
21.149652 84.57117 0.0156 0.0 31.0
21.149652 87.58002 0.0156 0.0 31.0
21.149652 87.58002 0.0157 0.0 32.0
19.638964 90.18213 0.0157 0.0 32.0
21.149652 87.58002 0.0158 0.0 32.0
21.149652 90.58887 0.0158 0.0 32.0
21.149652 84.57117 0.0159 0.0 31.0
22.660341 87.17328 0.0159 0.0 31.0
22.660341 87.17328 0.0160 0.0 32.0
22.660341 90.18213 0.0160 0.0 32.0
22.660341 87.17328 0.0161 0.0 32.0
24.17103 89.77539 0.0161 0.0 32.0
0.0 48.1416 0.0162 14.0 17.0
0.0 51.15045 0.0162 14.0 17.0
0.0 51.15045 0.0163 0.0 18.0
-1.5106895 53.752563 0.0163 0.0 18.0
0.0 51.15045 0.0164 13.0 18.0
0.0 54.1593 0.0164 13.0 18.0
0.0 54.1593 0.0165 0.0 19.0
-1.5106895 56.761414 0.0165 0.0 19.0
-1.5106895 56.761414 0.0166 0.0 20.0
-4.1236386 58.253284 0.0166 0.0 20.0
-1.5106895 56.761414 0.0167 0.0 20.0
-3.021379 59.363525 0.0167 0.0 20.0
0.0 54.1593 0.0168 12.0 19.0
0.0 57.16815 0.0168 12.0 19.0
0.0 57.16815 0.0169 0.0 20.0
-1.5106895 59.770264 0.0169 0.0 20.0
0.0 57.16815 0.0170 11.0 20.0
0.0 60.177002 0.0170 11.0 20.0
0.0 60.177002 0.0171 2.0 21.0
1.5106895 62.779114 0.0171 2.0 21.0
1.5106895 62.779114 0.0172 0.0 22.0
1.5106895 65.787964 0.0172 0.0 22.0
1.5106895 62.779114 0.0173 1.0 22.0
3.021379 65.381226 0.0173 1.0 22.0
3.021379 65.381226 0.0174 0.0 23.0
3.021379 68.390076 0.0174 0.0 23.0
3.021379 68.390076 0.0175 0.0 24.0
1.5106895 70.99219 0.0175 0.0 24.0
3.021379 68.390076 0.0176 0.0 24.0
3.021379 71.398926 0.0176 0.0 24.0
3.021379 65.381226 0.0177 0.0 23.0
4.5320683 67.98334 0.0177 0.0 23.0
4.5320683 67.98334 0.0178 0.0 24.0
4.5320683 70.99219 0.0178 0.0 24.0
4.5320683 67.98334 0.0179 0.0 24.0
6.042758 70.58545 0.0179 0.0 24.0
0.0 60.177002 0.0180 10.0 21.0
0.0 63.185852 0.0180 10.0 21.0
0.0 63.185852 0.0181 0.0 22.0
-1.5106895 65.787964 0.0181 0.0 22.0
0.0 63.185852 0.0182 9.0 22.0
0.0 66.1947 0.0182 9.0 22.0
0.0 66.1947 0.0183 0.0 23.0
-1.5106895 68.796814 0.0183 0.0 23.0
-1.5106895 68.796814 0.0184 0.0 24.0
-4.1236386 70.28868 0.0184 0.0 24.0
-1.5106895 68.796814 0.0185 0.0 24.0
-3.021379 71.398926 0.0185 0.0 24.0
0.0 66.1947 0.0186 8.0 23.0
0.0 69.20355 0.0186 8.0 23.0
0.0 69.20355 0.0187 0.0 24.0
-1.5106895 71.805664 0.0187 0.0 24.0
0.0 69.20355 0.0188 7.0 24.0
0.0 72.2124 0.0188 7.0 24.0
0.0 72.2124 0.0189 6.0 25.0
1.5106895 74.814514 0.0189 6.0 25.0
1.5106895 74.814514 0.0190 0.0 26.0
1.5106895 77.823364 0.0190 0.0 26.0
1.5106895 74.814514 0.0191 5.0 26.0
3.021379 77.416626 0.0191 5.0 26.0
3.021379 77.416626 0.0192 0.0 27.0
3.021379 80.425476 0.0192 0.0 27.0
3.021379 80.425476 0.0193 0.0 28.0
1.5106895 83.02759 0.0193 0.0 28.0
3.021379 80.425476 0.0194 0.0 28.0
3.021379 83.434326 0.0194 0.0 28.0
3.021379 77.416626 0.0195 4.0 27.0
4.5320683 80.01874 0.0195 4.0 27.0
4.5320683 80.01874 0.0196 0.0 28.0
4.5320683 83.02759 0.0196 0.0 28.0
4.5320683 80.01874 0.0197 3.0 28.0
6.042758 82.62085 0.0197 3.0 28.0
6.042758 82.62085 0.0198 2.0 29.0
8.655707 84.11272 0.0198 2.0 29.0
8.655707 84.11272 0.0199 0.0 30.0
10.166397 86.71483 0.0199 0.0 30.0
8.655707 84.11272 0.0200 1.0 30.0
11.268657 85.60458 0.0200 1.0 30.0
11.268657 85.60458 0.0201 0.0 31.0
12.779346 88.206696 0.0201 0.0 31.0
12.779346 88.206696 0.0202 0.0 32.0
12.779346 91.215546 0.0202 0.0 32.0
12.779346 88.206696 0.0203 0.0 32.0
14.290036 90.80881 0.0203 0.0 32.0
11.268657 85.60458 0.0204 0.0 31.0
13.881606 87.09645 0.0204 0.0 31.0
13.881606 87.09645 0.0205 0.0 32.0
15.392296 89.69856 0.0205 0.0 32.0
13.881606 87.09645 0.0206 0.0 32.0
16.494555 88.58832 0.0206 0.0 32.0
6.042758 82.62085 0.0207 2.0 29.0
7.5534477 85.22296 0.0207 2.0 29.0
7.5534477 85.22296 0.0208 0.0 30.0
7.5534477 88.23181 0.0208 0.0 30.0
7.5534477 85.22296 0.0209 1.0 30.0
9.064137 87.82507 0.0209 1.0 30.0
9.064137 87.82507 0.0210 0.0 31.0
9.064137 90.83392 0.0210 0.0 31.0
9.064137 90.83392 0.0211 0.0 32.0
7.5534477 93.436035 0.0211 0.0 32.0
9.064137 90.83392 0.0212 0.0 32.0
9.064137 93.84277 0.0212 0.0 32.0
9.064137 87.82507 0.0213 0.0 31.0
10.574827 90.427185 0.0213 0.0 31.0
10.574827 90.427185 0.0214 0.0 32.0
10.574827 93.436035 0.0214 0.0 32.0
10.574827 90.427185 0.0215 0.0 32.0
12.085517 93.0293 0.0215 0.0 32.0
0.0 72.2124 0.0216 6.0 25.0
0.0 75.22125 0.0216 6.0 25.0
0.0 75.22125 0.0217 0.0 26.0
-1.5106895 77.823364 0.0217 0.0 26.0
0.0 75.22125 0.0218 5.0 26.0
0.0 78.2301 0.0218 5.0 26.0
0.0 78.2301 0.0219 0.0 27.0
-1.5106895 80.832214 0.0219 0.0 27.0
-1.5106895 80.832214 0.0220 0.0 28.0
-4.1236386 82.32408 0.0220 0.0 28.0
-1.5106895 80.832214 0.0221 0.0 28.0
-3.021379 83.434326 0.0221 0.0 28.0
0.0 78.2301 0.0222 4.0 27.0
0.0 81.23895 0.0222 4.0 27.0
0.0 81.23895 0.0223 0.0 28.0
-1.5106895 83.841064 0.0223 0.0 28.0
0.0 81.23895 0.0224 3.0 28.0
0.0 84.2478 0.0224 3.0 28.0
0.0 84.2478 0.0225 2.0 29.0
1.5106895 86.849915 0.0225 2.0 29.0
1.5106895 86.849915 0.0226 0.0 30.0
1.5106895 89.858765 0.0226 0.0 30.0
1.5106895 86.849915 0.0227 1.0 30.0
3.021379 89.45203 0.0227 1.0 30.0
3.021379 89.45203 0.0228 0.0 31.0
3.021379 92.46088 0.0228 0.0 31.0
3.021379 92.46088 0.0229 0.0 32.0
1.5106895 95.06299 0.0229 0.0 32.0
3.021379 92.46088 0.0230 0.0 32.0
3.021379 95.46973 0.0230 0.0 32.0
3.021379 89.45203 0.0231 0.0 31.0
4.5320683 92.05414 0.0231 0.0 31.0
4.5320683 92.05414 0.0232 0.0 32.0
4.5320683 95.06299 0.0232 0.0 32.0
4.5320683 92.05414 0.0233 0.0 32.0
6.042758 94.65625 0.0233 0.0 32.0
0.0 84.2478 0.0234 2.0 29.0
0.0 87.25665 0.0234 2.0 29.0
0.0 87.25665 0.0235 0.0 30.0
-1.5106895 89.858765 0.0235 0.0 30.0
0.0 87.25665 0.0236 1.0 30.0
0.0 90.2655 0.0236 1.0 30.0
0.0 90.2655 0.0237 0.0 31.0
-1.5106895 92.867615 0.0237 0.0 31.0
-1.5106895 92.867615 0.0238 0.0 32.0
-4.1236386 94.35948 0.0238 0.0 32.0
-1.5106895 92.867615 0.0239 0.0 32.0
-3.021379 95.46973 0.0239 0.0 32.0
0.0 90.2655 0.0240 0.0 31.0
0.0 93.27435 0.0240 0.0 31.0
0.0 93.27435 0.0241 0.0 32.0
-1.5106895 95.876465 0.0241 0.0 32.0
0.0 93.27435 0.0242 0.0 32.0
0.0 96.2832 0.0242 0.0 32.0
