0.0 0.0 0.00 79.0 1.0
0.0 3.0615873 0.00 79.0 1.0
0.0 3.0615873 0.01 0.0 2.0
1.5711752 5.689272 0.01 0.0 2.0
0.0 3.0615873 0.02 78.0 2.0
0.0 6.1231747 0.02 78.0 2.0
0.0 6.1231747 0.03 0.0 3.0
1.5711752 8.750859 0.03 0.0 3.0
0.0 6.1231747 0.04 77.0 3.0
0.0 9.184762 0.04 77.0 3.0
0.0 9.184762 0.05 1.0 4.0
-1.5711752 11.812447 0.05 1.0 4.0
-1.5711752 11.812447 0.06 0.0 5.0
-1.5711752 14.874034 0.06 0.0 5.0
-1.5711752 11.812447 0.07 0.0 5.0
-3.1423504 14.440131 0.07 0.0 5.0
-3.1423504 14.440131 0.08 0.0 6.0
-3.1423504 17.501719 0.08 0.0 6.0
-3.1423504 14.440131 0.09 0.0 6.0
-4.713526 17.067816 0.09 0.0 6.0
0.0 9.184762 0.010 76.0 4.0
0.0 12.246349 0.010 76.0 4.0
0.0 12.246349 0.011 0.0 5.0
1.5711752 14.874034 0.011 0.0 5.0
0.0 12.246349 0.012 75.0 5.0
0.0 15.307937 0.012 75.0 5.0
0.0 15.307937 0.013 0.0 6.0
1.5711752 17.935621 0.013 0.0 6.0
0.0 15.307937 0.014 74.0 6.0
0.0 18.369524 0.014 74.0 6.0
0.0 18.369524 0.015 1.0 7.0
1.5711752 20.997208 0.015 1.0 7.0
1.5711752 20.997208 0.016 0.0 8.0
4.2681766 22.446173 0.016 0.0 8.0
1.5711752 20.997208 0.017 0.0 8.0
3.1423504 23.624891 0.017 0.0 8.0
3.1423504 23.624891 0.018 0.0 9.0
5.8393517 25.073856 0.018 0.0 9.0
3.1423504 23.624891 0.019 0.0 9.0
4.713526 26.252575 0.019 0.0 9.0
0.0 18.369524 0.020 73.0 7.0
0.0 21.43111 0.020 73.0 7.0
0.0 21.43111 0.021 0.0 8.0
1.5711752 24.058794 0.021 0.0 8.0
0.0 21.43111 0.022 72.0 8.0
0.0 24.492699 0.022 72.0 8.0
0.0 24.492699 0.023 0.0 9.0
1.5711752 27.120382 0.023 0.0 9.0
0.0 24.492699 0.024 71.0 9.0
0.0 27.554287 0.024 71.0 9.0
0.0 27.554287 0.025 7.0 10.0
-1.5711752 30.18197 0.025 7.0 10.0
-1.5711752 30.18197 0.026 0.0 11.0
-1.5711752 33.243557 0.026 0.0 11.0
-1.5711752 30.18197 0.027 6.0 11.0
-3.1423504 32.809654 0.027 6.0 11.0
-3.1423504 32.809654 0.028 0.0 12.0
-3.1423504 35.871243 0.028 0.0 12.0
-3.1423504 32.809654 0.029 5.0 12.0
-4.713526 35.43734 0.029 5.0 12.0
-4.713526 35.43734 0.030 1.0 13.0
-7.410527 36.886307 0.030 1.0 13.0
-7.410527 36.886307 0.031 0.0 14.0
-8.981703 39.513992 0.031 0.0 14.0
-7.410527 36.886307 0.032 0.0 14.0
-10.107529 38.335274 0.032 0.0 14.0
-10.107529 38.335274 0.033 0.0 15.0
-11.678704 40.96296 0.033 0.0 15.0
-10.107529 38.335274 0.034 0.0 15.0
-12.80453 39.78424 0.034 0.0 15.0
-4.713526 35.43734 0.035 4.0 13.0
-6.284701 38.065025 0.035 4.0 13.0
-6.284701 38.065025 0.036 0.0 14.0
-6.284701 41.126614 0.036 0.0 14.0
-6.284701 38.065025 0.037 3.0 14.0
-7.855876 40.69271 0.037 3.0 14.0
-7.855876 40.69271 0.038 0.0 15.0
-7.855876 43.7543 0.038 0.0 15.0
-7.855876 40.69271 0.039 2.0 15.0
-9.427052 43.320396 0.039 2.0 15.0
-9.427052 43.320396 0.040 1.0 16.0
-9.427052 46.381985 0.040 1.0 16.0
-9.427052 46.381985 0.041 0.0 17.0
-7.8558764 49.00967 0.041 0.0 17.0
-9.427052 46.381985 0.042 0.0 17.0
-9.427052 49.443573 0.042 0.0 17.0
-9.427052 49.443573 0.043 0.0 18.0
-7.8558764 52.07126 0.043 0.0 18.0
-9.427052 49.443573 0.044 0.0 18.0
-9.427052 52.50516 0.044 0.0 18.0
-9.427052 43.320396 0.045 1.0 16.0
-10.998227 45.948082 0.045 1.0 16.0
-10.998227 45.948082 0.046 0.0 17.0
-10.998227 49.00967 0.046 0.0 17.0
-10.998227 45.948082 0.047 0.0 17.0
-12.569403 48.575768 0.047 0.0 17.0
-12.569403 48.575768 0.048 0.0 18.0
-12.569403 51.637356 0.048 0.0 18.0
-12.569403 48.575768 0.049 0.0 18.0
-14.140578 51.203453 0.049 0.0 18.0
0.0 27.554287 0.050 70.0 10.0
0.0 30.615875 0.050 70.0 10.0
0.0 30.615875 0.051 0.0 11.0
1.5711752 33.24356 0.051 0.0 11.0
0.0 30.615875 0.052 69.0 11.0
0.0 33.677464 0.052 69.0 11.0
0.0 33.677464 0.053 0.0 12.0
1.5711752 36.30515 0.053 0.0 12.0
0.0 33.677464 0.054 68.0 12.0
0.0 36.73905 0.054 68.0 12.0
0.0 36.73905 0.055 1.0 13.0
-1.5711752 39.366737 0.055 1.0 13.0
-1.5711752 39.366737 0.056 0.0 14.0
-1.5711752 42.428326 0.056 0.0 14.0
-1.5711752 39.366737 0.057 0.0 14.0
-3.1423504 41.994423 0.057 0.0 14.0
-3.1423504 41.994423 0.058 0.0 15.0
-3.1423504 45.05601 0.058 0.0 15.0
-3.1423504 41.994423 0.059 0.0 15.0
-4.713526 44.62211 0.059 0.0 15.0
0.0 36.73905 0.060 67.0 13.0
0.0 39.80064 0.060 67.0 13.0
0.0 39.80064 0.061 0.0 14.0
1.5711752 42.428326 0.061 0.0 14.0
0.0 39.80064 0.062 66.0 14.0
0.0 42.86223 0.062 66.0 14.0
0.0 42.86223 0.063 0.0 15.0
1.5711752 45.489914 0.063 0.0 15.0
0.0 42.86223 0.064 65.0 15.0
0.0 45.923817 0.064 65.0 15.0
0.0 45.923817 0.065 1.0 16.0
1.5711752 48.551502 0.065 1.0 16.0
1.5711752 48.551502 0.066 0.0 17.0
4.2681766 50.00047 0.066 0.0 17.0
1.5711752 48.551502 0.067 0.0 17.0
3.1423504 51.179188 0.067 0.0 17.0
3.1423504 51.179188 0.068 0.0 18.0
5.8393517 52.628155 0.068 0.0 18.0
3.1423504 51.179188 0.069 0.0 18.0
4.713526 53.806873 0.069 0.0 18.0
0.0 45.923817 0.070 64.0 16.0
0.0 48.985405 0.070 64.0 16.0
0.0 48.985405 0.071 0.0 17.0
1.5711752 51.61309 0.071 0.0 17.0
0.0 48.985405 0.072 63.0 17.0
0.0 52.046993 0.072 63.0 17.0
0.0 52.046993 0.073 0.0 18.0
1.5711752 54.67468 0.073 0.0 18.0
0.0 52.046993 0.074 62.0 18.0
0.0 55.10858 0.074 62.0 18.0
0.0 55.10858 0.075 7.0 19.0
1.5711752 57.736267 0.075 7.0 19.0
1.5711752 57.736267 0.076 0.0 20.0
4.2681766 59.185234 0.076 0.0 20.0
1.5711752 57.736267 0.077 6.0 20.0
3.1423504 60.363953 0.077 6.0 20.0
3.1423504 60.363953 0.078 0.0 21.0
5.8393517 61.81292 0.078 0.0 21.0
3.1423504 60.363953 0.079 5.0 21.0
4.713526 62.99164 0.079 5.0 21.0
4.713526 62.99164 0.080 1.0 22.0
4.713526 66.05322 0.080 1.0 22.0
4.713526 66.05322 0.081 0.0 23.0
6.284701 68.68091 0.081 0.0 23.0
4.713526 66.05322 0.082 0.0 23.0
4.713526 69.11481 0.082 0.0 23.0
4.713526 69.11481 0.083 0.0 24.0
6.284701 71.74249 0.083 0.0 24.0
4.713526 69.11481 0.084 0.0 24.0
4.713526 72.17639 0.084 0.0 24.0
4.713526 62.99164 0.085 4.0 22.0
6.284701 65.61932 0.085 4.0 22.0
6.284701 65.61932 0.086 0.0 23.0
8.981703 67.06829 0.086 0.0 23.0
6.284701 65.61932 0.087 3.0 23.0
7.855876 68.24701 0.087 3.0 23.0
7.855876 68.24701 0.088 0.0 24.0
10.552877 69.69598 0.088 0.0 24.0
7.855876 68.24701 0.089 2.0 24.0
9.427052 70.874695 0.089 2.0 24.0
9.427052 70.874695 0.090 1.0 25.0
12.124053 72.32366 0.090 1.0 25.0
12.124053 72.32366 0.091 0.0 26.0
15.182417 72.1832 0.091 0.0 26.0
12.124053 72.32366 0.092 0.0 26.0
14.821054 73.77263 0.092 0.0 26.0
14.821054 73.77263 0.093 0.0 27.0
17.879417 73.632164 0.093 0.0 27.0
14.821054 73.77263 0.094 0.0 27.0
17.518055 75.221596 0.094 0.0 27.0
9.427052 70.874695 0.095 1.0 25.0
10.998227 73.50238 0.095 1.0 25.0
10.998227 73.50238 0.096 0.0 26.0
13.695229 74.95135 0.096 0.0 26.0
10.998227 73.50238 0.097 0.0 26.0
12.569403 76.130066 0.097 0.0 26.0
12.569403 76.130066 0.098 0.0 27.0
15.266404 77.57903 0.098 0.0 27.0
12.569403 76.130066 0.099 0.0 27.0
14.140578 78.75775 0.099 0.0 27.0
0.0 55.10858 0.0100 61.0 19.0
0.0 58.17017 0.0100 61.0 19.0
0.0 58.17017 0.0101 0.0 20.0
1.5711752 60.797855 0.0101 0.0 20.0
0.0 58.17017 0.0102 60.0 20.0
0.0 61.23176 0.0102 60.0 20.0
0.0 61.23176 0.0103 0.0 21.0
1.5711752 63.859444 0.0103 0.0 21.0
0.0 61.23176 0.0104 59.0 21.0
0.0 64.29334 0.0104 59.0 21.0
0.0 64.29334 0.0105 1.0 22.0
-1.5711752 66.92103 0.0105 1.0 22.0
-1.5711752 66.92103 0.0106 0.0 23.0
-1.5711752 69.98261 0.0106 0.0 23.0
-1.5711752 66.92103 0.0107 0.0 23.0
-3.1423504 69.54871 0.0107 0.0 23.0
-3.1423504 69.54871 0.0108 0.0 24.0
-3.1423504 72.6103 0.0108 0.0 24.0
-3.1423504 69.54871 0.0109 0.0 24.0
-4.713526 72.1764 0.0109 0.0 24.0
0.0 64.29334 0.0110 58.0 22.0
0.0 67.35493 0.0110 58.0 22.0
0.0 67.35493 0.0111 0.0 23.0
1.5711752 69.98261 0.0111 0.0 23.0
0.0 67.35493 0.0112 57.0 23.0
0.0 70.41651 0.0112 57.0 23.0
0.0 70.41651 0.0113 0.0 24.0
1.5711752 73.0442 0.0113 0.0 24.0
0.0 70.41651 0.0114 56.0 24.0
0.0 73.478096 0.0114 56.0 24.0
0.0 73.478096 0.0115 1.0 25.0
1.5711752 76.10578 0.0115 1.0 25.0
1.5711752 76.10578 0.0116 0.0 26.0
4.2681766 77.55475 0.0116 0.0 26.0
1.5711752 76.10578 0.0117 0.0 26.0
3.1423504 78.73347 0.0117 0.0 26.0
3.1423504 78.73347 0.0118 0.0 27.0
5.8393517 80.182434 0.0118 0.0 27.0
3.1423504 78.73347 0.0119 0.0 27.0
4.713526 81.36115 0.0119 0.0 27.0
0.0 73.478096 0.0120 55.0 25.0
0.0 76.53968 0.0120 55.0 25.0
0.0 76.53968 0.0121 0.0 26.0
1.5711752 79.167366 0.0121 0.0 26.0
0.0 76.53968 0.0122 54.0 26.0
0.0 79.601265 0.0122 54.0 26.0
0.0 79.601265 0.0123 0.0 27.0
1.5711752 82.22895 0.0123 0.0 27.0
0.0 79.601265 0.0124 53.0 27.0
0.0 82.66285 0.0124 53.0 27.0
0.0 82.66285 0.0125 25.0 28.0
-1.5711752 85.290535 0.0125 25.0 28.0
-1.5711752 85.290535 0.0126 0.0 29.0
-1.5711752 88.35212 0.0126 0.0 29.0
-1.5711752 85.290535 0.0127 24.0 29.0
-3.1423504 87.91822 0.0127 24.0 29.0
-3.1423504 87.91822 0.0128 0.0 30.0
-3.1423504 90.979805 0.0128 0.0 30.0
-3.1423504 87.91822 0.0129 23.0 30.0
-4.713526 90.545906 0.0129 23.0 30.0
-4.713526 90.545906 0.0130 1.0 31.0
-7.410527 91.99487 0.0130 1.0 31.0
-7.410527 91.99487 0.0131 0.0 32.0
-8.981703 94.62256 0.0131 0.0 32.0
-7.410527 91.99487 0.0132 0.0 32.0
-10.107529 93.44384 0.0132 0.0 32.0
-10.107529 93.44384 0.0133 0.0 33.0
-11.678704 96.071526 0.0133 0.0 33.0
-10.107529 93.44384 0.0134 0.0 33.0
-12.80453 94.89281 0.0134 0.0 33.0
-4.713526 90.545906 0.0135 22.0 31.0
-6.284701 93.17359 0.0135 22.0 31.0
-6.284701 93.17359 0.0136 0.0 32.0
-6.284701 96.235176 0.0136 0.0 32.0
-6.284701 93.17359 0.0137 21.0 32.0
-7.855876 95.80128 0.0137 21.0 32.0
-7.855876 95.80128 0.0138 0.0 33.0
-7.855876 98.86286 0.0138 0.0 33.0
-7.855876 95.80128 0.0139 20.0 33.0
-9.427052 98.42896 0.0139 20.0 33.0
-9.427052 98.42896 0.0140 1.0 34.0
-9.427052 101.49055 0.0140 1.0 34.0
-9.427052 101.49055 0.0141 0.0 35.0
-7.8558764 104.11823 0.0141 0.0 35.0
-9.427052 101.49055 0.0142 0.0 35.0
-9.427052 104.55213 0.0142 0.0 35.0
-9.427052 104.55213 0.0143 0.0 36.0
-7.8558764 107.17982 0.0143 0.0 36.0
-9.427052 104.55213 0.0144 0.0 36.0
-9.427052 107.613716 0.0144 0.0 36.0
-9.427052 98.42896 0.0145 19.0 34.0
-10.998227 101.05665 0.0145 19.0 34.0
-10.998227 101.05665 0.0146 0.0 35.0
-10.998227 104.11823 0.0146 0.0 35.0
-10.998227 101.05665 0.0147 18.0 35.0
-12.569403 103.68433 0.0147 18.0 35.0
-12.569403 103.68433 0.0148 0.0 36.0
-12.569403 106.74592 0.0148 0.0 36.0
-12.569403 103.68433 0.0149 17.0 36.0
-14.140578 106.31202 0.0149 17.0 36.0
-14.140578 106.31202 0.0150 7.0 37.0
-16.83758 107.76099 0.0150 7.0 37.0
-16.83758 107.76099 0.0151 0.0 38.0
-18.408754 110.38867 0.0151 0.0 38.0
-16.83758 107.76099 0.0152 6.0 38.0
-19.53458 109.20995 0.0152 6.0 38.0
-19.53458 109.20995 0.0153 0.0 39.0
-21.105755 111.83764 0.0153 0.0 39.0
-19.53458 109.20995 0.0154 5.0 39.0
-22.231583 110.65892 0.0154 5.0 39.0
-22.231583 110.65892 0.0155 1.0 40.0
-25.289946 110.518456 0.0155 1.0 40.0
-25.289946 110.518456 0.0156 0.0 41.0
-27.986946 111.96742 0.0156 0.0 41.0
-25.289946 110.518456 0.0157 0.0 41.0
-28.348309 110.37799 0.0157 0.0 41.0
-28.348309 110.37799 0.0158 0.0 42.0
-31.045311 111.82696 0.0158 0.0 42.0
-28.348309 110.37799 0.0159 0.0 42.0
-31.406672 110.237526 0.0159 0.0 42.0
-22.231583 110.65892 0.0160 4.0 40.0
-24.928585 112.10789 0.0160 4.0 40.0
-24.928585 112.10789 0.0161 0.0 41.0
-26.49976 114.73557 0.0161 0.0 41.0
-24.928585 112.10789 0.0162 3.0 41.0
-27.625587 113.556854 0.0162 3.0 41.0
-27.625587 113.556854 0.0163 0.0 42.0
-29.196762 116.18454 0.0163 0.0 42.0
-27.625587 113.556854 0.0164 2.0 42.0
-30.32259 115.00582 0.0164 2.0 42.0
-30.32259 115.00582 0.0165 1.0 43.0
-31.893764 117.63351 0.0165 1.0 43.0
-31.893764 117.63351 0.0166 0.0 44.0
-31.893764 120.69509 0.0166 0.0 44.0
-31.893764 117.63351 0.0167 0.0 44.0
-33.46494 120.26119 0.0167 0.0 44.0
-33.46494 120.26119 0.0168 0.0 45.0
-33.46494 123.32278 0.0168 0.0 45.0
-33.46494 120.26119 0.0169 0.0 45.0
-35.036114 122.88888 0.0169 0.0 45.0
-30.32259 115.00582 0.0170 1.0 43.0
-33.019592 116.45479 0.0170 1.0 43.0
-33.019592 116.45479 0.0171 0.0 44.0
-34.590767 119.08247 0.0171 0.0 44.0
-33.019592 116.45479 0.0172 0.0 44.0
-35.716595 117.903755 0.0172 0.0 44.0
-35.716595 117.903755 0.0173 0.0 45.0
-37.28777 120.53144 0.0173 0.0 45.0
-35.716595 117.903755 0.0174 0.0 45.0
-38.413597 119.35272 0.0174 0.0 45.0
-14.140578 106.31202 0.0175 16.0 37.0
-15.711754 108.939705 0.0175 16.0 37.0
-15.711754 108.939705 0.0176 0.0 38.0
-15.711754 112.00129 0.0176 0.0 38.0
-15.711754 108.939705 0.0177 15.0 38.0
-17.282928 111.56739 0.0177 15.0 38.0
-17.282928 111.56739 0.0178 0.0 39.0
-17.282928 114.628975 0.0178 0.0 39.0
-17.282928 111.56739 0.0179 14.0 39.0
-18.854103 114.195076 0.0179 14.0 39.0
-18.854103 114.195076 0.0180 1.0 40.0
-21.551105 115.64404 0.0180 1.0 40.0
-21.551105 115.64404 0.0181 0.0 41.0
-23.12228 118.27173 0.0181 0.0 41.0
-21.551105 115.64404 0.0182 0.0 41.0
-24.248108 117.09301 0.0182 0.0 41.0
-24.248108 117.09301 0.0183 0.0 42.0
-25.819283 119.720695 0.0183 0.0 42.0
-24.248108 117.09301 0.0184 0.0 42.0
-26.94511 118.54198 0.0184 0.0 42.0
-18.854103 114.195076 0.0185 13.0 40.0
-20.425278 116.82276 0.0185 13.0 40.0
-20.425278 116.82276 0.0186 0.0 41.0
-20.425278 119.884346 0.0186 0.0 41.0
-20.425278 116.82276 0.0187 12.0 41.0
-21.996452 119.45045 0.0187 12.0 41.0
-21.996452 119.45045 0.0188 0.0 42.0
-21.996452 122.51203 0.0188 0.0 42.0
-21.996452 119.45045 0.0189 11.0 42.0
-23.567627 122.07813 0.0189 11.0 42.0
-23.567627 122.07813 0.0190 1.0 43.0
-23.567627 125.13972 0.0190 1.0 43.0
-23.567627 125.13972 0.0191 0.0 44.0
-21.996452 127.7674 0.0191 0.0 44.0
-23.567627 125.13972 0.0192 0.0 44.0
-23.567627 128.20131 0.0192 0.0 44.0
-23.567627 128.20131 0.0193 0.0 45.0
-21.996452 130.829 0.0193 0.0 45.0
-23.567627 128.20131 0.0194 0.0 45.0
-23.567627 131.2629 0.0194 0.0 45.0
-23.567627 122.07813 0.0195 10.0 43.0
-25.138802 124.70582 0.0195 10.0 43.0
-25.138802 124.70582 0.0196 0.0 44.0
-25.138802 127.7674 0.0196 0.0 44.0
-25.138802 124.70582 0.0197 9.0 44.0
-26.709976 127.3335 0.0197 9.0 44.0
-26.709976 127.3335 0.0198 0.0 45.0
-26.709976 130.3951 0.0198 0.0 45.0
-26.709976 127.3335 0.0199 8.0 45.0
-28.28115 129.96118 0.0199 8.0 45.0
-28.28115 129.96118 0.0200 7.0 46.0
-28.28115 133.02277 0.0200 7.0 46.0
-28.28115 133.02277 0.0201 0.0 47.0
-26.709976 135.65045 0.0201 0.0 47.0
-28.28115 133.02277 0.0202 6.0 47.0
-28.28115 136.08435 0.0202 6.0 47.0
-28.28115 136.08435 0.0203 0.0 48.0
-26.709976 138.71204 0.0203 0.0 48.0
-28.28115 136.08435 0.0204 5.0 48.0
-28.28115 139.14594 0.0204 5.0 48.0
-28.28115 139.14594 0.0205 1.0 49.0
-29.852325 141.77362 0.0205 1.0 49.0
-29.852325 141.77362 0.0206 0.0 50.0
-29.852325 144.8352 0.0206 0.0 50.0
-29.852325 141.77362 0.0207 0.0 50.0
-31.4235 144.4013 0.0207 0.0 50.0
-31.4235 144.4013 0.0208 0.0 51.0
-31.4235 147.46289 0.0208 0.0 51.0
-31.4235 144.4013 0.0209 0.0 51.0
-32.994675 147.02899 0.0209 0.0 51.0
-28.28115 139.14594 0.0210 4.0 49.0
-28.28115 142.20752 0.0210 4.0 49.0
-28.28115 142.20752 0.0211 0.0 50.0
-26.709976 144.8352 0.0211 0.0 50.0
-28.28115 142.20752 0.0212 3.0 50.0
-28.28115 145.2691 0.0212 3.0 50.0
-28.28115 145.2691 0.0213 0.0 51.0
-26.709976 147.89679 0.0213 0.0 51.0
-28.28115 145.2691 0.0214 2.0 51.0
-28.28115 148.33069 0.0214 2.0 51.0
-28.28115 148.33069 0.0215 1.0 52.0
-26.709976 150.95837 0.0215 1.0 52.0
-26.709976 150.95837 0.0216 0.0 53.0
-24.012974 152.40733 0.0216 0.0 53.0
-26.709976 150.95837 0.0217 0.0 53.0
-25.138802 153.58606 0.0217 0.0 53.0
-25.138802 153.58606 0.0218 0.0 54.0
-22.4418 155.03502 0.0218 0.0 54.0
-25.138802 153.58606 0.0219 0.0 54.0
-23.567627 156.21375 0.0219 0.0 54.0
-28.28115 148.33069 0.0220 1.0 52.0
-28.28115 151.39227 0.0220 1.0 52.0
-28.28115 151.39227 0.0221 0.0 53.0
-26.709976 154.01996 0.0221 0.0 53.0
-28.28115 151.39227 0.0222 0.0 53.0
-28.28115 154.45386 0.0222 0.0 53.0
-28.28115 154.45386 0.0223 0.0 54.0
-26.709976 157.08154 0.0223 0.0 54.0
-28.28115 154.45386 0.0224 0.0 54.0
-28.28115 157.51544 0.0224 0.0 54.0
-28.28115 129.96118 0.0225 7.0 46.0
-29.852325 132.58887 0.0225 7.0 46.0
-29.852325 132.58887 0.0226 0.0 47.0
-29.852325 135.65045 0.0226 0.0 47.0
-29.852325 132.58887 0.0227 6.0 47.0
-31.4235 135.21655 0.0227 6.0 47.0
-31.4235 135.21655 0.0228 0.0 48.0
-31.4235 138.27814 0.0228 0.0 48.0
-31.4235 135.21655 0.0229 5.0 48.0
-32.994675 137.84424 0.0229 5.0 48.0
-32.994675 137.84424 0.0230 1.0 49.0
-35.691677 139.2932 0.0230 1.0 49.0
-35.691677 139.2932 0.0231 0.0 50.0
-37.26285 141.92088 0.0231 0.0 50.0
-35.691677 139.2932 0.0232 0.0 50.0
-38.38868 140.74216 0.0232 0.0 50.0
-38.38868 140.74216 0.0233 0.0 51.0
-39.959854 143.36984 0.0233 0.0 51.0
-38.38868 140.74216 0.0234 0.0 51.0
-41.085682 142.19112 0.0234 0.0 51.0
-32.994675 137.84424 0.0235 4.0 49.0
-34.56585 140.47192 0.0235 4.0 49.0
-34.56585 140.47192 0.0236 0.0 50.0
-34.56585 143.53351 0.0236 0.0 50.0
-34.56585 140.47192 0.0237 3.0 50.0
-36.137024 143.09961 0.0237 3.0 50.0
-36.137024 143.09961 0.0238 0.0 51.0
-36.137024 146.1612 0.0238 0.0 51.0
-36.137024 143.09961 0.0239 2.0 51.0
-37.7082 145.7273 0.0239 2.0 51.0
-37.7082 145.7273 0.0240 1.0 52.0
-37.7082 148.78888 0.0240 1.0 52.0
-37.7082 148.78888 0.0241 0.0 53.0
-36.137024 151.41656 0.0241 0.0 53.0
-37.7082 148.78888 0.0242 0.0 53.0
-37.7082 151.85046 0.0242 0.0 53.0
-37.7082 151.85046 0.0243 0.0 54.0
-36.137024 154.47815 0.0243 0.0 54.0
-37.7082 151.85046 0.0244 0.0 54.0
-37.7082 154.91205 0.0244 0.0 54.0
-37.7082 145.7273 0.0245 1.0 52.0
-39.279373 148.35498 0.0245 1.0 52.0
-39.279373 148.35498 0.0246 0.0 53.0
-39.279373 151.41656 0.0246 0.0 53.0
-39.279373 148.35498 0.0247 0.0 53.0
-40.850548 150.98267 0.0247 0.0 53.0
-40.850548 150.98267 0.0248 0.0 54.0
-40.850548 154.04425 0.0248 0.0 54.0
-40.850548 150.98267 0.0249 0.0 54.0
-42.421722 153.61035 0.0249 0.0 54.0
0.0 82.66285 0.0250 52.0 28.0
0.0 85.724434 0.0250 52.0 28.0
0.0 85.724434 0.0251 0.0 29.0
1.5711752 88.35212 0.0251 0.0 29.0
0.0 85.724434 0.0252 51.0 29.0
0.0 88.78602 0.0252 51.0 29.0
0.0 88.78602 0.0253 0.0 30.0
1.5711752 91.413704 0.0253 0.0 30.0
0.0 88.78602 0.0254 50.0 30.0
0.0 91.8476 0.0254 50.0 30.0
0.0 91.8476 0.0255 1.0 31.0
-1.5711752 94.47529 0.0255 1.0 31.0
-1.5711752 94.47529 0.0256 0.0 32.0
-1.5711752 97.53687 0.0256 0.0 32.0
-1.5711752 94.47529 0.0257 0.0 32.0
-3.1423504 97.102974 0.0257 0.0 32.0
-3.1423504 97.102974 0.0258 0.0 33.0
-3.1423504 100.16456 0.0258 0.0 33.0
-3.1423504 97.102974 0.0259 0.0 33.0
-4.713526 99.73066 0.0259 0.0 33.0
0.0 91.8476 0.0260 49.0 31.0
0.0 94.90919 0.0260 49.0 31.0
0.0 94.90919 0.0261 0.0 32.0
1.5711752 97.53687 0.0261 0.0 32.0
0.0 94.90919 0.0262 48.0 32.0
0.0 97.97077 0.0262 48.0 32.0
0.0 97.97077 0.0263 0.0 33.0
1.5711752 100.59846 0.0263 0.0 33.0
0.0 97.97077 0.0264 47.0 33.0
0.0 101.03236 0.0264 47.0 33.0
0.0 101.03236 0.0265 1.0 34.0
1.5711752 103.66004 0.0265 1.0 34.0
1.5711752 103.66004 0.0266 0.0 35.0
4.2681766 105.10901 0.0266 0.0 35.0
1.5711752 103.66004 0.0267 0.0 35.0
3.1423504 106.28773 0.0267 0.0 35.0
3.1423504 106.28773 0.0268 0.0 36.0
5.8393517 107.736694 0.0268 0.0 36.0
3.1423504 106.28773 0.0269 0.0 36.0
4.713526 108.91541 0.0269 0.0 36.0
0.0 101.03236 0.0270 46.0 34.0
0.0 104.09394 0.0270 46.0 34.0
0.0 104.09394 0.0271 0.0 35.0
1.5711752 106.72163 0.0271 0.0 35.0
0.0 104.09394 0.0272 45.0 35.0
0.0 107.155525 0.0272 45.0 35.0
0.0 107.155525 0.0273 0.0 36.0
1.5711752 109.78321 0.0273 0.0 36.0
0.0 107.155525 0.0274 44.0 36.0
0.0 110.21711 0.0274 44.0 36.0
0.0 110.21711 0.0275 7.0 37.0
-1.5711752 112.844795 0.0275 7.0 37.0
-1.5711752 112.844795 0.0276 0.0 38.0
-1.5711752 115.90638 0.0276 0.0 38.0
-1.5711752 112.844795 0.0277 6.0 38.0
-3.1423504 115.47248 0.0277 6.0 38.0
-3.1423504 115.47248 0.0278 0.0 39.0
-3.1423504 118.534065 0.0278 0.0 39.0
-3.1423504 115.47248 0.0279 5.0 39.0
-4.713526 118.10017 0.0279 5.0 39.0
-4.713526 118.10017 0.0280 1.0 40.0
-7.410527 119.54913 0.0280 1.0 40.0
-7.410527 119.54913 0.0281 0.0 41.0
-8.981703 122.17682 0.0281 0.0 41.0
-7.410527 119.54913 0.0282 0.0 41.0
-10.107529 120.9981 0.0282 0.0 41.0
-10.107529 120.9981 0.0283 0.0 42.0
-11.678704 123.625786 0.0283 0.0 42.0
-10.107529 120.9981 0.0284 0.0 42.0
-12.80453 122.44707 0.0284 0.0 42.0
-4.713526 118.10017 0.0285 4.0 40.0
-6.284701 120.72785 0.0285 4.0 40.0
-6.284701 120.72785 0.0286 0.0 41.0
-6.284701 123.78944 0.0286 0.0 41.0
-6.284701 120.72785 0.0287 3.0 41.0
-7.855876 123.35554 0.0287 3.0 41.0
-7.855876 123.35554 0.0288 0.0 42.0
-7.855876 126.41712 0.0288 0.0 42.0
-7.855876 123.35554 0.0289 2.0 42.0
-9.427052 125.98322 0.0289 2.0 42.0
-9.427052 125.98322 0.0290 1.0 43.0
-9.427052 129.04482 0.0290 1.0 43.0
-9.427052 129.04482 0.0291 0.0 44.0
-7.8558764 131.6725 0.0291 0.0 44.0
-9.427052 129.04482 0.0292 0.0 44.0
-9.427052 132.1064 0.0292 0.0 44.0
-9.427052 132.1064 0.0293 0.0 45.0
-7.8558764 134.73409 0.0293 0.0 45.0
-9.427052 132.1064 0.0294 0.0 45.0
-9.427052 135.16798 0.0294 0.0 45.0
-9.427052 125.98322 0.0295 1.0 43.0
-10.998227 128.6109 0.0295 1.0 43.0
-10.998227 128.6109 0.0296 0.0 44.0
-10.998227 131.67249 0.0296 0.0 44.0
-10.998227 128.6109 0.0297 0.0 44.0
-12.569403 131.23859 0.0297 0.0 44.0
-12.569403 131.23859 0.0298 0.0 45.0
-12.569403 134.30017 0.0298 0.0 45.0
-12.569403 131.23859 0.0299 0.0 45.0
-14.140578 133.86627 0.0299 0.0 45.0
0.0 110.21711 0.0300 43.0 37.0
0.0 113.278694 0.0300 43.0 37.0
0.0 113.278694 0.0301 0.0 38.0
1.5711752 115.90638 0.0301 0.0 38.0
0.0 113.278694 0.0302 42.0 38.0
0.0 116.34028 0.0302 42.0 38.0
0.0 116.34028 0.0303 0.0 39.0
1.5711752 118.967964 0.0303 0.0 39.0
0.0 116.34028 0.0304 41.0 39.0
0.0 119.40186 0.0304 41.0 39.0
0.0 119.40186 0.0305 1.0 40.0
-1.5711752 122.02955 0.0305 1.0 40.0
-1.5711752 122.02955 0.0306 0.0 41.0
-1.5711752 125.09113 0.0306 0.0 41.0
-1.5711752 122.02955 0.0307 0.0 41.0
-3.1423504 124.657234 0.0307 0.0 41.0
-3.1423504 124.657234 0.0308 0.0 42.0
-3.1423504 127.71882 0.0308 0.0 42.0
-3.1423504 124.657234 0.0309 0.0 42.0
-4.713526 127.28492 0.0309 0.0 42.0
0.0 119.40186 0.0310 40.0 40.0
0.0 122.46345 0.0310 40.0 40.0
0.0 122.46345 0.0311 0.0 41.0
1.5711752 125.09113 0.0311 0.0 41.0
0.0 122.46345 0.0312 39.0 41.0
0.0 125.52503 0.0312 39.0 41.0
0.0 125.52503 0.0313 0.0 42.0
1.5711752 128.15271 0.0313 0.0 42.0
0.0 125.52503 0.0314 38.0 42.0
0.0 128.58662 0.0314 38.0 42.0
0.0 128.58662 0.0315 1.0 43.0
1.5711752 131.21431 0.0315 1.0 43.0
1.5711752 131.21431 0.0316 0.0 44.0
4.2681766 132.66327 0.0316 0.0 44.0
1.5711752 131.21431 0.0317 0.0 44.0
3.1423504 133.842 0.0317 0.0 44.0
3.1423504 133.842 0.0318 0.0 45.0
5.8393517 135.29095 0.0318 0.0 45.0
3.1423504 133.842 0.0319 0.0 45.0
4.713526 136.46968 0.0319 0.0 45.0
0.0 128.58662 0.0320 37.0 43.0
0.0 131.64821 0.0320 37.0 43.0
0.0 131.64821 0.0321 0.0 44.0
1.5711752 134.2759 0.0321 0.0 44.0
0.0 131.64821 0.0322 36.0 44.0
0.0 134.7098 0.0322 36.0 44.0
0.0 134.7098 0.0323 0.0 45.0
1.5711752 137.33748 0.0323 0.0 45.0
0.0 134.7098 0.0324 35.0 45.0
0.0 137.77138 0.0324 35.0 45.0
0.0 137.77138 0.0325 7.0 46.0
1.5711752 140.39906 0.0325 7.0 46.0
1.5711752 140.39906 0.0326 0.0 47.0
4.2681766 141.84802 0.0326 0.0 47.0
1.5711752 140.39906 0.0327 6.0 47.0
3.1423504 143.02675 0.0327 6.0 47.0
3.1423504 143.02675 0.0328 0.0 48.0
5.8393517 144.47571 0.0328 0.0 48.0
3.1423504 143.02675 0.0329 5.0 48.0
4.713526 145.65443 0.0329 5.0 48.0
4.713526 145.65443 0.0330 1.0 49.0
4.713526 148.71602 0.0330 1.0 49.0
4.713526 148.71602 0.0331 0.0 50.0
6.284701 151.3437 0.0331 0.0 50.0
4.713526 148.71602 0.0332 0.0 50.0
4.713526 151.7776 0.0332 0.0 50.0
4.713526 151.7776 0.0333 0.0 51.0
6.284701 154.40529 0.0333 0.0 51.0
4.713526 151.7776 0.0334 0.0 51.0
4.713526 154.83919 0.0334 0.0 51.0
4.713526 145.65443 0.0335 4.0 49.0
6.284701 148.28212 0.0335 4.0 49.0
6.284701 148.28212 0.0336 0.0 50.0
8.981703 149.73108 0.0336 0.0 50.0
6.284701 148.28212 0.0337 3.0 50.0
7.855876 150.9098 0.0337 3.0 50.0
7.855876 150.9098 0.0338 0.0 51.0
10.552877 152.35876 0.0338 0.0 51.0
7.855876 150.9098 0.0339 2.0 51.0
9.427052 153.53749 0.0339 2.0 51.0
9.427052 153.53749 0.0340 1.0 52.0
12.124053 154.98645 0.0340 1.0 52.0
12.124053 154.98645 0.0341 0.0 53.0
15.182417 154.846 0.0341 0.0 53.0
12.124053 154.98645 0.0342 0.0 53.0
14.821054 156.43541 0.0342 0.0 53.0
14.821054 156.43541 0.0343 0.0 54.0
17.879417 156.29495 0.0343 0.0 54.0
14.821054 156.43541 0.0344 0.0 54.0
17.518055 157.88437 0.0344 0.0 54.0
9.427052 153.53749 0.0345 1.0 52.0
10.998227 156.16518 0.0345 1.0 52.0
10.998227 156.16518 0.0346 0.0 53.0
13.695229 157.61414 0.0346 0.0 53.0
10.998227 156.16518 0.0347 0.0 53.0
12.569403 158.79286 0.0347 0.0 53.0
12.569403 158.79286 0.0348 0.0 54.0
15.266404 160.24182 0.0348 0.0 54.0
12.569403 158.79286 0.0349 0.0 54.0
14.140578 161.42055 0.0349 0.0 54.0
0.0 137.77138 0.0350 34.0 46.0
0.0 140.83296 0.0350 34.0 46.0
0.0 140.83296 0.0351 0.0 47.0
1.5711752 143.46065 0.0351 0.0 47.0
0.0 140.83296 0.0352 33.0 47.0
0.0 143.89455 0.0352 33.0 47.0
0.0 143.89455 0.0353 0.0 48.0
1.5711752 146.52223 0.0353 0.0 48.0
0.0 143.89455 0.0354 32.0 48.0
0.0 146.95613 0.0354 32.0 48.0
0.0 146.95613 0.0355 1.0 49.0
-1.5711752 149.58382 0.0355 1.0 49.0
-1.5711752 149.58382 0.0356 0.0 50.0
-1.5711752 152.6454 0.0356 0.0 50.0
-1.5711752 149.58382 0.0357 0.0 50.0
-3.1423504 152.2115 0.0357 0.0 50.0
-3.1423504 152.2115 0.0358 0.0 51.0
-3.1423504 155.27309 0.0358 0.0 51.0
-3.1423504 152.2115 0.0359 0.0 51.0
-4.713526 154.83919 0.0359 0.0 51.0
0.0 146.95613 0.0360 31.0 49.0
0.0 150.01772 0.0360 31.0 49.0
0.0 150.01772 0.0361 0.0 50.0
1.5711752 152.6454 0.0361 0.0 50.0
0.0 150.01772 0.0362 30.0 50.0
0.0 153.0793 0.0362 30.0 50.0
0.0 153.0793 0.0363 0.0 51.0
1.5711752 155.70699 0.0363 0.0 51.0
0.0 153.0793 0.0364 29.0 51.0
0.0 156.14088 0.0364 29.0 51.0
0.0 156.14088 0.0365 1.0 52.0
1.5711752 158.76857 0.0365 1.0 52.0
1.5711752 158.76857 0.0366 0.0 53.0
4.2681766 160.21753 0.0366 0.0 53.0
1.5711752 158.76857 0.0367 0.0 53.0
3.1423504 161.39626 0.0367 0.0 53.0
3.1423504 161.39626 0.0368 0.0 54.0
5.8393517 162.84521 0.0368 0.0 54.0
3.1423504 161.39626 0.0369 0.0 54.0
4.713526 164.02394 0.0369 0.0 54.0
0.0 156.14088 0.0370 28.0 52.0
0.0 159.20247 0.0370 28.0 52.0
0.0 159.20247 0.0371 0.0 53.0
1.5711752 161.83015 0.0371 0.0 53.0
0.0 159.20247 0.0372 27.0 53.0
0.0 162.26405 0.0372 27.0 53.0
0.0 162.26405 0.0373 0.0 54.0
1.5711752 164.89174 0.0373 0.0 54.0
0.0 162.26405 0.0374 26.0 54.0
0.0 165.32564 0.0374 26.0 54.0
0.0 165.32564 0.0375 25.0 55.0
1.5711752 167.95332 0.0375 25.0 55.0
1.5711752 167.95332 0.0376 0.0 56.0
4.2681766 169.40228 0.0376 0.0 56.0
1.5711752 167.95332 0.0377 24.0 56.0
3.1423504 170.58101 0.0377 24.0 56.0
3.1423504 170.58101 0.0378 0.0 57.0
5.8393517 172.02997 0.0378 0.0 57.0
3.1423504 170.58101 0.0379 23.0 57.0
4.713526 173.2087 0.0379 23.0 57.0
4.713526 173.2087 0.0380 1.0 58.0
4.713526 176.27028 0.0380 1.0 58.0
4.713526 176.27028 0.0381 0.0 59.0
6.284701 178.89796 0.0381 0.0 59.0
4.713526 176.27028 0.0382 0.0 59.0
4.713526 179.33186 0.0382 0.0 59.0
4.713526 179.33186 0.0383 0.0 60.0
6.284701 181.95955 0.0383 0.0 60.0
4.713526 179.33186 0.0384 0.0 60.0
4.713526 182.39345 0.0384 0.0 60.0
4.713526 173.2087 0.0385 22.0 58.0
6.284701 175.83638 0.0385 22.0 58.0
6.284701 175.83638 0.0386 0.0 59.0
8.981703 177.28534 0.0386 0.0 59.0
6.284701 175.83638 0.0387 21.0 59.0
7.855876 178.46407 0.0387 21.0 59.0
7.855876 178.46407 0.0388 0.0 60.0
10.552877 179.91302 0.0388 0.0 60.0
7.855876 178.46407 0.0389 20.0 60.0
9.427052 181.09175 0.0389 20.0 60.0
9.427052 181.09175 0.0390 1.0 61.0
12.124053 182.54071 0.0390 1.0 61.0
12.124053 182.54071 0.0391 0.0 62.0
15.182417 182.40025 0.0391 0.0 62.0
12.124053 182.54071 0.0392 0.0 62.0
14.821054 183.98967 0.0392 0.0 62.0
14.821054 183.98967 0.0393 0.0 63.0
17.879417 183.84921 0.0393 0.0 63.0
14.821054 183.98967 0.0394 0.0 63.0
17.518055 185.43863 0.0394 0.0 63.0
9.427052 181.09175 0.0395 19.0 61.0
10.998227 183.71944 0.0395 19.0 61.0
10.998227 183.71944 0.0396 0.0 62.0
13.695229 185.1684 0.0396 0.0 62.0
10.998227 183.71944 0.0397 18.0 62.0
12.569403 186.34712 0.0397 18.0 62.0
12.569403 186.34712 0.0398 0.0 63.0
15.266404 187.79608 0.0398 0.0 63.0
12.569403 186.34712 0.0399 17.0 63.0
14.140578 188.97481 0.0399 17.0 63.0
14.140578 188.97481 0.0400 7.0 64.0
14.140578 192.03639 0.0400 7.0 64.0
14.140578 192.03639 0.0401 0.0 65.0
15.711754 194.66408 0.0401 0.0 65.0
14.140578 192.03639 0.0402 6.0 65.0
14.140578 195.09798 0.0402 6.0 65.0
14.140578 195.09798 0.0403 0.0 66.0
15.711754 197.72566 0.0403 0.0 66.0
14.140578 195.09798 0.0404 5.0 66.0
14.140578 198.15956 0.0404 5.0 66.0
14.140578 198.15956 0.0405 1.0 67.0
12.569403 200.78725 0.0405 1.0 67.0
12.569403 200.78725 0.0406 0.0 68.0
12.569403 203.84883 0.0406 0.0 68.0
12.569403 200.78725 0.0407 0.0 68.0
10.998227 203.41493 0.0407 0.0 68.0
10.998227 203.41493 0.0408 0.0 69.0
10.998227 206.47652 0.0408 0.0 69.0
10.998227 203.41493 0.0409 0.0 69.0
9.427052 206.04262 0.0409 0.0 69.0
14.140578 198.15956 0.0410 4.0 67.0
14.140578 201.22115 0.0410 4.0 67.0
14.140578 201.22115 0.0411 0.0 68.0
15.711754 203.84883 0.0411 0.0 68.0
14.140578 201.22115 0.0412 3.0 68.0
14.140578 204.28273 0.0412 3.0 68.0
14.140578 204.28273 0.0413 0.0 69.0
15.711754 206.91042 0.0413 0.0 69.0
14.140578 204.28273 0.0414 2.0 69.0
14.140578 207.34431 0.0414 2.0 69.0
14.140578 207.34431 0.0415 1.0 70.0
15.711754 209.972 0.0415 1.0 70.0
15.711754 209.972 0.0416 0.0 71.0
18.408756 211.42096 0.0416 0.0 71.0
15.711754 209.972 0.0417 0.0 71.0
17.282928 212.59969 0.0417 0.0 71.0
17.282928 212.59969 0.0418 0.0 72.0
19.97993 214.04865 0.0418 0.0 72.0
17.282928 212.59969 0.0419 0.0 72.0
18.854103 215.22737 0.0419 0.0 72.0
14.140578 207.34431 0.0420 1.0 70.0
14.140578 210.4059 0.0420 1.0 70.0
14.140578 210.4059 0.0421 0.0 71.0
15.711754 213.03358 0.0421 0.0 71.0
14.140578 210.4059 0.0422 0.0 71.0
14.140578 213.46748 0.0422 0.0 71.0
14.140578 213.46748 0.0423 0.0 72.0
15.711754 216.09517 0.0423 0.0 72.0
14.140578 213.46748 0.0424 0.0 72.0
14.140578 216.52907 0.0424 0.0 72.0
14.140578 188.97481 0.0425 16.0 64.0
15.711754 191.6025 0.0425 16.0 64.0
15.711754 191.6025 0.0426 0.0 65.0
18.408756 193.05145 0.0426 0.0 65.0
15.711754 191.6025 0.0427 15.0 65.0
17.282928 194.23018 0.0427 15.0 65.0
17.282928 194.23018 0.0428 0.0 66.0
19.97993 195.67914 0.0428 0.0 66.0
17.282928 194.23018 0.0429 14.0 66.0
18.854103 196.85786 0.0429 14.0 66.0
18.854103 196.85786 0.0430 1.0 67.0
18.854103 199.91945 0.0430 1.0 67.0
18.854103 199.91945 0.0431 0.0 68.0
20.425278 202.54713 0.0431 0.0 68.0
18.854103 199.91945 0.0432 0.0 68.0
18.854103 202.98103 0.0432 0.0 68.0
18.854103 202.98103 0.0433 0.0 69.0
20.425278 205.60872 0.0433 0.0 69.0
18.854103 202.98103 0.0434 0.0 69.0
18.854103 206.04262 0.0434 0.0 69.0
18.854103 196.85786 0.0435 13.0 67.0
20.425278 199.48555 0.0435 13.0 67.0
20.425278 199.48555 0.0436 0.0 68.0
23.12228 200.93451 0.0436 0.0 68.0
20.425278 199.48555 0.0437 12.0 68.0
21.996452 202.11324 0.0437 12.0 68.0
21.996452 202.11324 0.0438 0.0 69.0
24.693455 203.5622 0.0438 0.0 69.0
21.996452 202.11324 0.0439 11.0 69.0
23.567627 204.74092 0.0439 11.0 69.0
23.567627 204.74092 0.0440 1.0 70.0
26.26463 206.18988 0.0440 1.0 70.0
26.26463 206.18988 0.0441 0.0 71.0
29.322992 206.04942 0.0441 0.0 71.0
26.26463 206.18988 0.0442 0.0 71.0
28.961632 207.63884 0.0442 0.0 71.0
28.961632 207.63884 0.0443 0.0 72.0
32.019997 207.49838 0.0443 0.0 72.0
28.961632 207.63884 0.0444 0.0 72.0
31.658634 209.0878 0.0444 0.0 72.0
23.567627 204.74092 0.0445 10.0 70.0
25.138802 207.3686 0.0445 10.0 70.0
25.138802 207.3686 0.0446 0.0 71.0
27.835804 208.81757 0.0446 0.0 71.0
25.138802 207.3686 0.0447 9.0 71.0
26.709976 209.99629 0.0447 9.0 71.0
26.709976 209.99629 0.0448 0.0 72.0
29.406979 211.44525 0.0448 0.0 72.0
26.709976 209.99629 0.0449 8.0 72.0
28.28115 212.62398 0.0449 8.0 72.0
28.28115 212.62398 0.0450 7.0 73.0
30.978153 214.07294 0.0450 7.0 73.0
30.978153 214.07294 0.0451 0.0 74.0
34.03652 213.93248 0.0451 0.0 74.0
30.978153 214.07294 0.0452 6.0 74.0
33.675156 215.5219 0.0452 6.0 74.0
33.675156 215.5219 0.0453 0.0 75.0
36.73352 215.38144 0.0453 0.0 75.0
33.675156 215.5219 0.0454 5.0 75.0
36.372158 216.97086 0.0454 5.0 75.0
36.372158 216.97086 0.0455 1.0 76.0
37.943333 219.59854 0.0455 1.0 76.0
37.943333 219.59854 0.0456 0.0 77.0
40.640335 221.0475 0.0456 0.0 77.0
37.943333 219.59854 0.0457 0.0 77.0
39.514507 222.22623 0.0457 0.0 77.0
39.514507 222.22623 0.0458 0.0 78.0
42.21151 223.67519 0.0458 0.0 78.0
39.514507 222.22623 0.0459 0.0 78.0
41.085682 224.85391 0.0459 0.0 78.0
36.372158 216.97086 0.0460 4.0 76.0
39.06916 218.41982 0.0460 4.0 76.0
39.06916 218.41982 0.0461 0.0 77.0
42.127525 218.27936 0.0461 0.0 77.0
39.06916 218.41982 0.0462 3.0 77.0
41.766163 219.86877 0.0462 3.0 77.0
41.766163 219.86877 0.0463 0.0 78.0
44.824528 219.72832 0.0463 0.0 78.0
41.766163 219.86877 0.0464 2.0 78.0
44.463165 221.31773 0.0464 2.0 78.0
44.463165 221.31773 0.0465 1.0 79.0
47.52153 221.17728 0.0465 1.0 79.0
47.52153 221.17728 0.0466 0.0 80.0
50.074364 219.4872 0.0466 0.0 80.0
47.52153 221.17728 0.0467 0.0 80.0
50.579895 221.03682 0.0467 0.0 80.0
50.579895 221.03682 0.0468 0.0 81.0
53.13273 219.34674 0.0468 0.0 81.0
50.579895 221.03682 0.0469 0.0 81.0
53.63826 220.89636 0.0469 0.0 81.0
44.463165 221.31773 0.0470 1.0 79.0
47.160168 222.7667 0.0470 1.0 79.0
47.160168 222.7667 0.0471 0.0 80.0
50.218533 222.62624 0.0471 0.0 80.0
47.160168 222.7667 0.0472 0.0 80.0
49.85717 224.21565 0.0472 0.0 80.0
49.85717 224.21565 0.0473 0.0 81.0
52.915535 224.0752 0.0473 0.0 81.0
49.85717 224.21565 0.0474 0.0 81.0
52.554173 225.66461 0.0474 0.0 81.0
28.28115 212.62398 0.0475 7.0 73.0
29.852325 215.25166 0.0475 7.0 73.0
29.852325 215.25166 0.0476 0.0 74.0
32.549328 216.70062 0.0476 0.0 74.0
29.852325 215.25166 0.0477 6.0 74.0
31.4235 217.87935 0.0477 6.0 74.0
31.4235 217.87935 0.0478 0.0 75.0
34.120502 219.32831 0.0478 0.0 75.0
31.4235 217.87935 0.0479 5.0 75.0
32.994675 220.50703 0.0479 5.0 75.0
32.994675 220.50703 0.0480 1.0 76.0
32.994675 223.56862 0.0480 1.0 76.0
32.994675 223.56862 0.0481 0.0 77.0
34.56585 226.1963 0.0481 0.0 77.0
32.994675 223.56862 0.0482 0.0 77.0
32.994675 226.6302 0.0482 0.0 77.0
32.994675 226.6302 0.0483 0.0 78.0
34.56585 229.25789 0.0483 0.0 78.0
32.994675 226.6302 0.0484 0.0 78.0
32.994675 229.69179 0.0484 0.0 78.0
32.994675 220.50703 0.0485 4.0 76.0
34.56585 223.13472 0.0485 4.0 76.0
34.56585 223.13472 0.0486 0.0 77.0
37.26285 224.58368 0.0486 0.0 77.0
34.56585 223.13472 0.0487 3.0 77.0
36.137024 225.7624 0.0487 3.0 77.0
36.137024 225.7624 0.0488 0.0 78.0
38.834026 227.21136 0.0488 0.0 78.0
36.137024 225.7624 0.0489 2.0 78.0
37.7082 228.39009 0.0489 2.0 78.0
37.7082 228.39009 0.0490 1.0 79.0
40.4052 229.83905 0.0490 1.0 79.0
40.4052 229.83905 0.0491 0.0 80.0
43.463566 229.6986 0.0491 0.0 80.0
40.4052 229.83905 0.0492 0.0 80.0
43.102203 231.28801 0.0492 0.0 80.0
43.102203 231.28801 0.0493 0.0 81.0
46.16057 231.14755 0.0493 0.0 81.0
43.102203 231.28801 0.0494 0.0 81.0
45.799206 232.73697 0.0494 0.0 81.0
37.7082 228.39009 0.0495 1.0 79.0
39.279373 231.01778 0.0495 1.0 79.0
39.279373 231.01778 0.0496 0.0 80.0
41.976376 232.46674 0.0496 0.0 80.0
39.279373 231.01778 0.0497 0.0 80.0
40.850548 233.64546 0.0497 0.0 80.0
40.850548 233.64546 0.0498 0.0 81.0
43.54755 235.09442 0.0498 0.0 81.0
40.850548 233.64546 0.0499 0.0 81.0
42.421722 236.27315 0.0499 0.0 81.0
0.0 165.32564 0.0500 25.0 55.0
0.0 168.38722 0.0500 25.0 55.0
0.0 168.38722 0.0501 0.0 56.0
1.5711752 171.01491 0.0501 0.0 56.0
0.0 168.38722 0.0502 24.0 56.0
0.0 171.4488 0.0502 24.0 56.0
0.0 171.4488 0.0503 0.0 57.0
1.5711752 174.07649 0.0503 0.0 57.0
0.0 171.4488 0.0504 23.0 57.0
0.0 174.51039 0.0504 23.0 57.0
0.0 174.51039 0.0505 1.0 58.0
-1.5711752 177.13808 0.0505 1.0 58.0
-1.5711752 177.13808 0.0506 0.0 59.0
-1.5711752 180.19966 0.0506 0.0 59.0
-1.5711752 177.13808 0.0507 0.0 59.0
-3.1423504 179.76576 0.0507 0.0 59.0
-3.1423504 179.76576 0.0508 0.0 60.0
-3.1423504 182.82735 0.0508 0.0 60.0
-3.1423504 179.76576 0.0509 0.0 60.0
-4.713526 182.39345 0.0509 0.0 60.0
0.0 174.51039 0.0510 22.0 58.0
0.0 177.57198 0.0510 22.0 58.0
0.0 177.57198 0.0511 0.0 59.0
1.5711752 180.19966 0.0511 0.0 59.0
0.0 177.57198 0.0512 21.0 59.0
0.0 180.63356 0.0512 21.0 59.0
0.0 180.63356 0.0513 0.0 60.0
1.5711752 183.26125 0.0513 0.0 60.0
0.0 180.63356 0.0514 20.0 60.0
0.0 183.69514 0.0514 20.0 60.0
0.0 183.69514 0.0515 1.0 61.0
1.5711752 186.32283 0.0515 1.0 61.0
1.5711752 186.32283 0.0516 0.0 62.0
4.2681766 187.77179 0.0516 0.0 62.0
1.5711752 186.32283 0.0517 0.0 62.0
3.1423504 188.95052 0.0517 0.0 62.0
3.1423504 188.95052 0.0518 0.0 63.0
5.8393517 190.39948 0.0518 0.0 63.0
3.1423504 188.95052 0.0519 0.0 63.0
4.713526 191.5782 0.0519 0.0 63.0
0.0 183.69514 0.0520 19.0 61.0
0.0 186.75673 0.0520 19.0 61.0
0.0 186.75673 0.0521 0.0 62.0
1.5711752 189.38441 0.0521 0.0 62.0
0.0 186.75673 0.0522 18.0 62.0
0.0 189.81831 0.0522 18.0 62.0
0.0 189.81831 0.0523 0.0 63.0
1.5711752 192.446 0.0523 0.0 63.0
0.0 189.81831 0.0524 17.0 63.0
0.0 192.8799 0.0524 17.0 63.0
0.0 192.8799 0.0525 7.0 64.0
-1.5711752 195.50758 0.0525 7.0 64.0
-1.5711752 195.50758 0.0526 0.0 65.0
-1.5711752 198.56917 0.0526 0.0 65.0
-1.5711752 195.50758 0.0527 6.0 65.0
-3.1423504 198.13527 0.0527 6.0 65.0
-3.1423504 198.13527 0.0528 0.0 66.0
-3.1423504 201.19685 0.0528 0.0 66.0
-3.1423504 198.13527 0.0529 5.0 66.0
-4.713526 200.76295 0.0529 5.0 66.0
-4.713526 200.76295 0.0530 1.0 67.0
-7.410527 202.21191 0.0530 1.0 67.0
-7.410527 202.21191 0.0531 0.0 68.0
-8.981703 204.8396 0.0531 0.0 68.0
-7.410527 202.21191 0.0532 0.0 68.0
-10.107529 203.66087 0.0532 0.0 68.0
-10.107529 203.66087 0.0533 0.0 69.0
-11.678704 206.28856 0.0533 0.0 69.0
-10.107529 203.66087 0.0534 0.0 69.0
-12.80453 205.10983 0.0534 0.0 69.0
-4.713526 200.76295 0.0535 4.0 67.0
-6.284701 203.39064 0.0535 4.0 67.0
-6.284701 203.39064 0.0536 0.0 68.0
-6.284701 206.45222 0.0536 0.0 68.0
-6.284701 203.39064 0.0537 3.0 68.0
-7.855876 206.01833 0.0537 3.0 68.0
-7.855876 206.01833 0.0538 0.0 69.0
-7.855876 209.07991 0.0538 0.0 69.0
-7.855876 206.01833 0.0539 2.0 69.0
-9.427052 208.64601 0.0539 2.0 69.0
-9.427052 208.64601 0.0540 1.0 70.0
-9.427052 211.7076 0.0540 1.0 70.0
-9.427052 211.7076 0.0541 0.0 71.0
-7.8558764 214.33528 0.0541 0.0 71.0
-9.427052 211.7076 0.0542 0.0 71.0
-9.427052 214.76918 0.0542 0.0 71.0
-9.427052 214.76918 0.0543 0.0 72.0
-7.8558764 217.39687 0.0543 0.0 72.0
-9.427052 214.76918 0.0544 0.0 72.0
-9.427052 217.83076 0.0544 0.0 72.0
-9.427052 208.64601 0.0545 1.0 70.0
-10.998227 211.2737 0.0545 1.0 70.0
-10.998227 211.2737 0.0546 0.0 71.0
-10.998227 214.33528 0.0546 0.0 71.0
-10.998227 211.2737 0.0547 0.0 71.0
-12.569403 213.90138 0.0547 0.0 71.0
-12.569403 213.90138 0.0548 0.0 72.0
-12.569403 216.96297 0.0548 0.0 72.0
-12.569403 213.90138 0.0549 0.0 72.0
-14.140578 216.52907 0.0549 0.0 72.0
0.0 192.8799 0.0550 16.0 64.0
0.0 195.94148 0.0550 16.0 64.0
0.0 195.94148 0.0551 0.0 65.0
1.5711752 198.56917 0.0551 0.0 65.0
0.0 195.94148 0.0552 15.0 65.0
0.0 199.00307 0.0552 15.0 65.0
0.0 199.00307 0.0553 0.0 66.0
1.5711752 201.63075 0.0553 0.0 66.0
0.0 199.00307 0.0554 14.0 66.0
0.0 202.06465 0.0554 14.0 66.0
0.0 202.06465 0.0555 1.0 67.0
-1.5711752 204.69234 0.0555 1.0 67.0
-1.5711752 204.69234 0.0556 0.0 68.0
-1.5711752 207.75392 0.0556 0.0 68.0
-1.5711752 204.69234 0.0557 0.0 68.0
-3.1423504 207.32002 0.0557 0.0 68.0
-3.1423504 207.32002 0.0558 0.0 69.0
-3.1423504 210.3816 0.0558 0.0 69.0
-3.1423504 207.32002 0.0559 0.0 69.0
-4.713526 209.94771 0.0559 0.0 69.0
0.0 202.06465 0.0560 13.0 67.0
0.0 205.12624 0.0560 13.0 67.0
0.0 205.12624 0.0561 0.0 68.0
1.5711752 207.75392 0.0561 0.0 68.0
0.0 205.12624 0.0562 12.0 68.0
0.0 208.18782 0.0562 12.0 68.0
0.0 208.18782 0.0563 0.0 69.0
1.5711752 210.8155 0.0563 0.0 69.0
0.0 208.18782 0.0564 11.0 69.0
0.0 211.2494 0.0564 11.0 69.0
0.0 211.2494 0.0565 1.0 70.0
1.5711752 213.87709 0.0565 1.0 70.0
1.5711752 213.87709 0.0566 0.0 71.0
4.2681766 215.32605 0.0566 0.0 71.0
1.5711752 213.87709 0.0567 0.0 71.0
3.1423504 216.50478 0.0567 0.0 71.0
3.1423504 216.50478 0.0568 0.0 72.0
5.8393517 217.95374 0.0568 0.0 72.0
3.1423504 216.50478 0.0569 0.0 72.0
4.713526 219.13246 0.0569 0.0 72.0
0.0 211.2494 0.0570 10.0 70.0
0.0 214.31099 0.0570 10.0 70.0
0.0 214.31099 0.0571 0.0 71.0
1.5711752 216.93867 0.0571 0.0 71.0
0.0 214.31099 0.0572 9.0 71.0
0.0 217.37257 0.0572 9.0 71.0
0.0 217.37257 0.0573 0.0 72.0
1.5711752 220.00026 0.0573 0.0 72.0
0.0 217.37257 0.0574 8.0 72.0
0.0 220.43416 0.0574 8.0 72.0
0.0 220.43416 0.0575 7.0 73.0
1.5711752 223.06184 0.0575 7.0 73.0
1.5711752 223.06184 0.0576 0.0 74.0
4.2681766 224.5108 0.0576 0.0 74.0
1.5711752 223.06184 0.0577 6.0 74.0
3.1423504 225.68953 0.0577 6.0 74.0
3.1423504 225.68953 0.0578 0.0 75.0
5.8393517 227.13849 0.0578 0.0 75.0
3.1423504 225.68953 0.0579 5.0 75.0
4.713526 228.31721 0.0579 5.0 75.0
4.713526 228.31721 0.0580 1.0 76.0
4.713526 231.3788 0.0580 1.0 76.0
4.713526 231.3788 0.0581 0.0 77.0
6.284701 234.00648 0.0581 0.0 77.0
4.713526 231.3788 0.0582 0.0 77.0
4.713526 234.44038 0.0582 0.0 77.0
4.713526 234.44038 0.0583 0.0 78.0
6.284701 237.06807 0.0583 0.0 78.0
4.713526 234.44038 0.0584 0.0 78.0
4.713526 237.50197 0.0584 0.0 78.0
4.713526 228.31721 0.0585 4.0 76.0
6.284701 230.9449 0.0585 4.0 76.0
6.284701 230.9449 0.0586 0.0 77.0
8.981703 232.39386 0.0586 0.0 77.0
6.284701 230.9449 0.0587 3.0 77.0
7.855876 233.57259 0.0587 3.0 77.0
7.855876 233.57259 0.0588 0.0 78.0
10.552877 235.02155 0.0588 0.0 78.0
7.855876 233.57259 0.0589 2.0 78.0
9.427052 236.20027 0.0589 2.0 78.0
9.427052 236.20027 0.0590 1.0 79.0
12.124053 237.64923 0.0590 1.0 79.0
12.124053 237.64923 0.0591 0.0 80.0
15.182417 237.50877 0.0591 0.0 80.0
12.124053 237.64923 0.0592 0.0 80.0
14.821054 239.09819 0.0592 0.0 80.0
14.821054 239.09819 0.0593 0.0 81.0
17.879417 238.95773 0.0593 0.0 81.0
14.821054 239.09819 0.0594 0.0 81.0
17.518055 240.54715 0.0594 0.0 81.0
9.427052 236.20027 0.0595 1.0 79.0
10.998227 238.82796 0.0595 1.0 79.0
10.998227 238.82796 0.0596 0.0 80.0
13.695229 240.27692 0.0596 0.0 80.0
10.998227 238.82796 0.0597 0.0 80.0
12.569403 241.45564 0.0597 0.0 80.0
12.569403 241.45564 0.0598 0.0 81.0
15.266404 242.9046 0.0598 0.0 81.0
12.569403 241.45564 0.0599 0.0 81.0
14.140578 244.08333 0.0599 0.0 81.0
0.0 220.43416 0.0600 7.0 73.0
0.0 223.49574 0.0600 7.0 73.0
0.0 223.49574 0.0601 0.0 74.0
1.5711752 226.12343 0.0601 0.0 74.0
0.0 223.49574 0.0602 6.0 74.0
0.0 226.55733 0.0602 6.0 74.0
0.0 226.55733 0.0603 0.0 75.0
1.5711752 229.18501 0.0603 0.0 75.0
0.0 226.55733 0.0604 5.0 75.0
0.0 229.61891 0.0604 5.0 75.0
0.0 229.61891 0.0605 1.0 76.0
-1.5711752 232.2466 0.0605 1.0 76.0
-1.5711752 232.2466 0.0606 0.0 77.0
-1.5711752 235.30818 0.0606 0.0 77.0
-1.5711752 232.2466 0.0607 0.0 77.0
-3.1423504 234.87428 0.0607 0.0 77.0
-3.1423504 234.87428 0.0608 0.0 78.0
-3.1423504 237.93587 0.0608 0.0 78.0
-3.1423504 234.87428 0.0609 0.0 78.0
-4.713526 237.50197 0.0609 0.0 78.0
0.0 229.61891 0.0610 4.0 76.0
0.0 232.6805 0.0610 4.0 76.0
0.0 232.6805 0.0611 0.0 77.0
1.5711752 235.30818 0.0611 0.0 77.0
0.0 232.6805 0.0612 3.0 77.0
0.0 235.74208 0.0612 3.0 77.0
0.0 235.74208 0.0613 0.0 78.0
1.5711752 238.36977 0.0613 0.0 78.0
0.0 235.74208 0.0614 2.0 78.0
0.0 238.80367 0.0614 2.0 78.0
0.0 238.80367 0.0615 1.0 79.0
1.5711752 241.43135 0.0615 1.0 79.0
1.5711752 241.43135 0.0616 0.0 80.0
4.2681766 242.88031 0.0616 0.0 80.0
1.5711752 241.43135 0.0617 0.0 80.0
3.1423504 244.05904 0.0617 0.0 80.0
3.1423504 244.05904 0.0618 0.0 81.0
5.8393517 245.508 0.0618 0.0 81.0
3.1423504 244.05904 0.0619 0.0 81.0
4.713526 246.68672 0.0619 0.0 81.0
0.0 238.80367 0.0620 1.0 79.0
0.0 241.86525 0.0620 1.0 79.0
0.0 241.86525 0.0621 0.0 80.0
1.5711752 244.49294 0.0621 0.0 80.0
0.0 241.86525 0.0622 0.0 80.0
0.0 244.92683 0.0622 0.0 80.0
0.0 244.92683 0.0623 0.0 81.0
1.5711752 247.55452 0.0623 0.0 81.0
0.0 244.92683 0.0624 0.0 81.0
0.0 247.98842 0.0624 0.0 81.0
