0.0 0.0 0.00 60.0 1.0
0.0 1.2697507 0.00 60.0 1.0
0.0 1.2697507 0.01 59.0 2.0
0.0 2.5395014 0.01 59.0 2.0
0.0 2.5395014 0.02 58.0 3.0
0.0 3.8092523 0.02 58.0 3.0
0.0 3.8092523 0.03 57.0 4.0
0.0 5.079003 0.03 57.0 4.0
0.0 5.079003 0.04 56.0 5.0
0.0 6.3487535 0.04 56.0 5.0
0.0 6.3487535 0.05 55.0 6.0
0.0 7.618504 0.05 55.0 6.0
0.0 7.618504 0.06 54.0 7.0
0.0 8.888255 0.06 54.0 7.0
0.0 8.888255 0.07 53.0 8.0
0.0 10.158006 0.07 53.0 8.0
0.0 10.158006 0.08 52.0 9.0
0.0 11.427756 0.08 52.0 9.0
0.0 11.427756 0.09 51.0 10.0
0.0 12.697507 0.09 51.0 10.0
0.0 12.697507 0.010 50.0 11.0
0.0 13.9672575 0.010 50.0 11.0
0.0 13.9672575 0.011 49.0 12.0
0.0 15.237008 0.011 49.0 12.0
0.0 15.237008 0.012 48.0 13.0
0.0 16.50676 0.012 48.0 13.0
0.0 16.50676 0.013 47.0 14.0
0.0 17.77651 0.013 47.0 14.0
0.0 17.77651 0.014 46.0 15.0
0.0 19.04626 0.014 46.0 15.0
0.0 19.04626 0.015 45.0 16.0
0.0 20.316011 0.015 45.0 16.0
0.0 20.316011 0.016 28.0 17.0
-0.26228088 21.558378 0.016 28.0 17.0
-0.26228088 21.558378 0.017 27.0 18.0
-0.52456176 22.800745 0.017 27.0 18.0
-0.52456176 22.800745 0.018 26.0 19.0
-0.78684264 24.043112 0.018 26.0 19.0
-0.78684264 24.043112 0.019 25.0 20.0
-1.0491235 25.285479 0.019 25.0 20.0
-1.0491235 25.285479 0.020 24.0 21.0
-1.3114045 26.527845 0.020 24.0 21.0
-1.3114045 26.527845 0.021 23.0 22.0
-1.5736854 27.770212 0.021 23.0 22.0
-1.5736854 27.770212 0.022 22.0 23.0
-1.8359663 29.012579 0.022 22.0 23.0
-1.8359663 29.012579 0.023 21.0 24.0
-2.0982473 30.254946 0.023 21.0 24.0
-2.0982473 30.254946 0.024 12.0 25.0
-2.6114962 31.416342 0.024 12.0 25.0
-2.6114962 31.416342 0.025 11.0 26.0
-3.1247451 32.57774 0.025 11.0 26.0
-3.1247451 32.57774 0.026 10.0 27.0
-3.637994 33.739136 0.026 10.0 27.0
-3.637994 33.739136 0.027 9.0 28.0
-4.151243 34.90053 0.027 9.0 28.0
-4.151243 34.90053 0.028 4.0 29.0
-4.8933225 35.930862 0.028 4.0 29.0
-4.8933225 35.930862 0.029 3.0 30.0
-5.6354017 36.961197 0.029 3.0 30.0
-5.6354017 36.961197 0.030 0.0 31.0
-6.5743036 37.816025 0.030 0.0 31.0
-6.5743036 37.816025 0.031 0.0 32.0
-7.5132055 38.670853 0.031 0.0 32.0
-5.6354017 36.961197 0.032 0.0 31.0
-6.1486506 38.122593 0.032 0.0 31.0
-6.1486506 38.122593 0.033 0.0 32.0
-6.6618996 39.28399 0.033 0.0 32.0
-5.6354017 36.961197 0.034 2.0 31.0
-6.377481 37.99153 0.034 2.0 31.0
-6.377481 37.99153 0.035 1.0 32.0
-7.1195602 39.021866 0.035 1.0 32.0
-7.1195602 39.021866 0.036 0.0 33.0
-7.8616395 40.0522 0.036 0.0 33.0
-7.8616395 40.0522 0.037 0.0 34.0
-8.603719 41.082535 0.037 0.0 34.0
-4.151243 34.90053 0.038 4.0 29.0
-4.413524 36.1429 0.038 4.0 29.0
-4.413524 36.1429 0.039 3.0 30.0
-4.675805 37.385265 0.039 3.0 30.0
-4.675805 37.385265 0.040 0.0 31.0
-5.189054 38.54666 0.040 0.0 31.0
-5.189054 38.54666 0.041 0.0 32.0
-5.702303 39.708057 0.041 0.0 32.0
-4.675805 37.385265 0.042 0.0 31.0
-4.675805 38.655018 0.042 0.0 31.0
-4.675805 38.655018 0.043 0.0 32.0
-4.675805 39.92477 0.043 0.0 32.0
-4.675805 37.385265 0.044 2.0 31.0
-4.938086 38.627632 0.044 2.0 31.0
-4.938086 38.627632 0.045 1.0 32.0
-5.200367 39.87 0.045 1.0 32.0
-5.200367 39.87 0.046 0.0 33.0
-5.462648 41.112366 0.046 0.0 33.0
-5.462648 41.112366 0.047 0.0 34.0
-5.724929 42.354733 0.047 0.0 34.0
-4.151243 34.90053 0.048 8.0 29.0
-4.664492 36.061928 0.048 8.0 29.0
-4.664492 36.061928 0.049 7.0 30.0
-5.177741 37.223324 0.049 7.0 30.0
-5.177741 37.223324 0.050 6.0 31.0
-5.69099 38.38472 0.050 6.0 31.0
-5.69099 38.38472 0.051 5.0 32.0
-6.204239 39.546116 0.051 5.0 32.0
-6.204239 39.546116 0.052 4.0 33.0
-6.717488 40.70751 0.052 4.0 33.0
-6.717488 40.70751 0.053 3.0 34.0
-7.2307367 41.868908 0.053 3.0 34.0
-7.2307367 41.868908 0.054 0.0 35.0
-7.972816 42.89924 0.054 0.0 35.0
-7.972816 42.89924 0.055 0.0 36.0
-8.714895 43.929573 0.055 0.0 36.0
-7.2307367 41.868908 0.056 0.0 35.0
-7.4930177 43.111275 0.056 0.0 35.0
-7.4930177 43.111275 0.057 0.0 36.0
-7.7552986 44.35364 0.057 0.0 36.0
-7.2307367 41.868908 0.058 2.0 35.0
-7.7439857 43.030304 0.058 2.0 35.0
-7.7439857 43.030304 0.059 1.0 36.0
-8.257235 44.1917 0.059 1.0 36.0
-8.257235 44.1917 0.060 0.0 37.0
-8.770483 45.353096 0.060 0.0 37.0
-8.770483 45.353096 0.061 0.0 38.0
-9.283731 46.514492 0.061 0.0 38.0
-2.0982473 30.254946 0.062 12.0 25.0
-2.0982473 31.524696 0.062 12.0 25.0
-2.0982473 31.524696 0.063 11.0 26.0
-2.0982473 32.79445 0.063 11.0 26.0
-2.0982473 32.79445 0.064 10.0 27.0
-2.0982473 34.0642 0.064 10.0 27.0
-2.0982473 34.0642 0.065 9.0 28.0
-2.0982473 35.333954 0.065 9.0 28.0
-2.0982473 35.333954 0.066 4.0 29.0
-2.3605282 36.57632 0.066 4.0 29.0
-2.3605282 36.57632 0.067 3.0 30.0
-2.6228092 37.818687 0.067 3.0 30.0
-2.6228092 37.818687 0.068 0.0 31.0
-3.136058 38.980083 0.068 0.0 31.0
-3.136058 38.980083 0.069 0.0 32.0
-3.649307 40.14148 0.069 0.0 32.0
-2.6228092 37.818687 0.070 0.0 31.0
-2.6228092 39.08844 0.070 0.0 31.0
-2.6228092 39.08844 0.071 0.0 32.0
-2.6228092 40.358192 0.071 0.0 32.0
-2.6228092 37.818687 0.072 2.0 31.0
-2.88509 39.061054 0.072 2.0 31.0
-2.88509 39.061054 0.073 1.0 32.0
-3.147371 40.30342 0.073 1.0 32.0
-3.147371 40.30342 0.074 0.0 33.0
-3.409652 41.545788 0.074 0.0 33.0
-3.409652 41.545788 0.075 0.0 34.0
-3.671933 42.788155 0.075 0.0 34.0
-2.0982473 35.333954 0.076 4.0 29.0
-1.8359663 36.57632 0.076 4.0 29.0
-1.8359663 36.57632 0.077 3.0 30.0
-1.5736854 37.818687 0.077 3.0 30.0
-1.5736854 37.818687 0.078 0.0 31.0
-1.5736854 39.08844 0.078 0.0 31.0
-1.5736854 39.08844 0.079 0.0 32.0
-1.5736854 40.358192 0.079 0.0 32.0
-1.5736854 37.818687 0.080 0.0 31.0
-1.0604365 38.980083 0.080 0.0 31.0
-1.0604365 38.980083 0.081 0.0 32.0
-0.54718757 40.14148 0.081 0.0 32.0
-1.5736854 37.818687 0.082 2.0 31.0
-1.3114045 39.061054 0.082 2.0 31.0
-1.3114045 39.061054 0.083 1.0 32.0
-1.0491235 40.30342 0.083 1.0 32.0
-1.0491235 40.30342 0.084 0.0 33.0
-0.78684264 41.545788 0.084 0.0 33.0
-0.78684264 41.545788 0.085 0.0 34.0
-0.52456176 42.788155 0.085 0.0 34.0
-2.0982473 35.333954 0.086 8.0 29.0
-2.0982473 36.603706 0.086 8.0 29.0
-2.0982473 36.603706 0.087 7.0 30.0
-2.0982473 37.87346 0.087 7.0 30.0
-2.0982473 37.87346 0.088 6.0 31.0
-2.0982473 39.14321 0.088 6.0 31.0
-2.0982473 39.14321 0.089 5.0 32.0
-2.0982473 40.412964 0.089 5.0 32.0
-2.0982473 40.412964 0.090 4.0 33.0
-2.0982473 41.682716 0.090 4.0 33.0
-2.0982473 41.682716 0.091 3.0 34.0
-2.0982473 42.95247 0.091 3.0 34.0
-2.0982473 42.95247 0.092 0.0 35.0
-2.3605282 44.194836 0.092 0.0 35.0
-2.3605282 44.194836 0.093 0.0 36.0
-2.6228092 45.437202 0.093 0.0 36.0
-2.0982473 42.95247 0.094 0.0 35.0
-1.8359663 44.194836 0.094 0.0 35.0
-1.8359663 44.194836 0.095 0.0 36.0
-1.5736854 45.437202 0.095 0.0 36.0
-2.0982473 42.95247 0.096 2.0 35.0
-2.0982473 44.22222 0.096 2.0 35.0
-2.0982473 44.22222 0.097 1.0 36.0
-2.0982473 45.491974 0.097 1.0 36.0
-2.0982473 45.491974 0.098 0.0 37.0
-2.0982473 46.761726 0.098 0.0 37.0
-2.0982473 46.761726 0.099 0.0 38.0
-2.0982473 48.03148 0.099 0.0 38.0
-2.0982473 30.254946 0.0100 20.0 25.0
-2.3605282 31.497313 0.0100 20.0 25.0
-2.3605282 31.497313 0.0101 19.0 26.0
-2.6228092 32.73968 0.0101 19.0 26.0
-2.6228092 32.73968 0.0102 18.0 27.0
-2.88509 33.982048 0.0102 18.0 27.0
-2.88509 33.982048 0.0103 17.0 28.0
-3.147371 35.224415 0.0103 17.0 28.0
-3.147371 35.224415 0.0104 16.0 29.0
-3.409652 36.46678 0.0104 16.0 29.0
-3.409652 36.46678 0.0105 15.0 30.0
-3.671933 37.70915 0.0105 15.0 30.0
-3.671933 37.70915 0.0106 14.0 31.0
-3.9342139 38.951515 0.0106 14.0 31.0
-3.9342139 38.951515 0.0107 13.0 32.0
-4.1964946 40.193882 0.0107 13.0 32.0
-4.1964946 40.193882 0.0108 12.0 33.0
-4.4587755 41.43625 0.0108 12.0 33.0
-4.4587755 41.43625 0.0109 11.0 34.0
-4.7210565 42.678616 0.0109 11.0 34.0
-4.7210565 42.678616 0.0110 10.0 35.0
-4.9833374 43.920982 0.0110 10.0 35.0
-4.9833374 43.920982 0.0111 9.0 36.0
-5.2456183 45.16335 0.0111 9.0 36.0
-5.2456183 45.16335 0.0112 4.0 37.0
-5.7588673 46.324745 0.0112 4.0 37.0
-5.7588673 46.324745 0.0113 3.0 38.0
-6.272116 47.48614 0.0113 3.0 38.0
-6.272116 47.48614 0.0114 0.0 39.0
-7.0141954 48.51647 0.0114 0.0 39.0
-7.0141954 48.51647 0.0115 0.0 40.0
-7.7562747 49.546806 0.0115 0.0 40.0
-6.272116 47.48614 0.0116 0.0 39.0
-6.534397 48.728508 0.0116 0.0 39.0
-6.534397 48.728508 0.0117 0.0 40.0
-6.796678 49.970875 0.0117 0.0 40.0
-6.272116 47.48614 0.0118 2.0 39.0
-6.785365 48.647537 0.0118 2.0 39.0
-6.785365 48.647537 0.0119 1.0 40.0
-7.298614 49.808933 0.0119 1.0 40.0
-7.298614 49.808933 0.0120 0.0 41.0
-7.811863 50.97033 0.0120 0.0 41.0
-7.811863 50.97033 0.0121 0.0 42.0
-8.325111 52.131725 0.0121 0.0 42.0
-5.2456183 45.16335 0.0122 4.0 37.0
-5.2456183 46.4331 0.0122 4.0 37.0
-5.2456183 46.4331 0.0123 3.0 38.0
-5.2456183 47.702854 0.0123 3.0 38.0
-5.2456183 47.702854 0.0124 0.0 39.0
-5.5078993 48.94522 0.0124 0.0 39.0
-5.5078993 48.94522 0.0125 0.0 40.0
-5.77018 50.187588 0.0125 0.0 40.0
-5.2456183 47.702854 0.0126 0.0 39.0
-4.9833374 48.94522 0.0126 0.0 39.0
-4.9833374 48.94522 0.0127 0.0 40.0
-4.7210565 50.187588 0.0127 0.0 40.0
-5.2456183 47.702854 0.0128 2.0 39.0
-5.2456183 48.972607 0.0128 2.0 39.0
-5.2456183 48.972607 0.0129 1.0 40.0
-5.2456183 50.24236 0.0129 1.0 40.0
-5.2456183 50.24236 0.0130 0.0 41.0
-5.2456183 51.51211 0.0130 0.0 41.0
-5.2456183 51.51211 0.0131 0.0 42.0
-5.2456183 52.781864 0.0131 0.0 42.0
-5.2456183 45.16335 0.0132 8.0 37.0
-5.5078993 46.405716 0.0132 8.0 37.0
-5.5078993 46.405716 0.0133 7.0 38.0
-5.77018 47.648083 0.0133 7.0 38.0
-5.77018 47.648083 0.0134 6.0 39.0
-6.032461 48.89045 0.0134 6.0 39.0
-6.032461 48.89045 0.0135 5.0 40.0
-6.294742 50.132816 0.0135 5.0 40.0
-6.294742 50.132816 0.0136 4.0 41.0
-6.557023 51.375183 0.0136 4.0 41.0
-6.557023 51.375183 0.0137 3.0 42.0
-6.819304 52.61755 0.0137 3.0 42.0
-6.819304 52.61755 0.0138 0.0 43.0
-7.332553 53.778946 0.0138 0.0 43.0
-7.332553 53.778946 0.0139 0.0 44.0
-7.845802 54.940342 0.0139 0.0 44.0
-6.819304 52.61755 0.0140 0.0 43.0
-6.819304 53.887302 0.0140 0.0 43.0
-6.819304 53.887302 0.0141 0.0 44.0
-6.819304 55.157055 0.0141 0.0 44.0
-6.819304 52.61755 0.0142 2.0 43.0
-7.081585 53.859917 0.0142 2.0 43.0
-7.081585 53.859917 0.0143 1.0 44.0
-7.343866 55.102283 0.0143 1.0 44.0
-7.343866 55.102283 0.0144 0.0 45.0
-7.606147 56.34465 0.0144 0.0 45.0
-7.606147 56.34465 0.0145 0.0 46.0
-7.8684278 57.587017 0.0145 0.0 46.0
0.0 20.316011 0.0146 28.0 17.0
0.26228088 21.558378 0.0146 28.0 17.0
0.26228088 21.558378 0.0147 27.0 18.0
0.52456176 22.800745 0.0147 27.0 18.0
0.52456176 22.800745 0.0148 26.0 19.0
0.78684264 24.043112 0.0148 26.0 19.0
0.78684264 24.043112 0.0149 25.0 20.0
1.0491235 25.285479 0.0149 25.0 20.0
1.0491235 25.285479 0.0150 24.0 21.0
1.3114045 26.527845 0.0150 24.0 21.0
1.3114045 26.527845 0.0151 23.0 22.0
1.5736854 27.770212 0.0151 23.0 22.0
1.5736854 27.770212 0.0152 22.0 23.0
1.8359663 29.012579 0.0152 22.0 23.0
1.8359663 29.012579 0.0153 21.0 24.0
2.0982473 30.254946 0.0153 21.0 24.0
2.0982473 30.254946 0.0154 12.0 25.0
2.0982473 31.524696 0.0154 12.0 25.0
2.0982473 31.524696 0.0155 11.0 26.0
2.0982473 32.79445 0.0155 11.0 26.0
2.0982473 32.79445 0.0156 10.0 27.0
2.0982473 34.0642 0.0156 10.0 27.0
2.0982473 34.0642 0.0157 9.0 28.0
2.0982473 35.333954 0.0157 9.0 28.0
2.0982473 35.333954 0.0158 4.0 29.0
1.8359663 36.57632 0.0158 4.0 29.0
1.8359663 36.57632 0.0159 3.0 30.0
1.5736854 37.818687 0.0159 3.0 30.0
1.5736854 37.818687 0.0160 0.0 31.0
1.0604365 38.980083 0.0160 0.0 31.0
1.0604365 38.980083 0.0161 0.0 32.0
0.54718757 40.14148 0.0161 0.0 32.0
1.5736854 37.818687 0.0162 0.0 31.0
1.5736854 39.08844 0.0162 0.0 31.0
1.5736854 39.08844 0.0163 0.0 32.0
1.5736854 40.358192 0.0163 0.0 32.0
1.5736854 37.818687 0.0164 2.0 31.0
1.3114045 39.061054 0.0164 2.0 31.0
1.3114045 39.061054 0.0165 1.0 32.0
1.0491235 40.30342 0.0165 1.0 32.0
1.0491235 40.30342 0.0166 0.0 33.0
0.78684264 41.545788 0.0166 0.0 33.0
0.78684264 41.545788 0.0167 0.0 34.0
0.52456176 42.788155 0.0167 0.0 34.0
2.0982473 35.333954 0.0168 4.0 29.0
2.3605282 36.57632 0.0168 4.0 29.0
2.3605282 36.57632 0.0169 3.0 30.0
2.6228092 37.818687 0.0169 3.0 30.0
2.6228092 37.818687 0.0170 0.0 31.0
2.6228092 39.08844 0.0170 0.0 31.0
2.6228092 39.08844 0.0171 0.0 32.0
2.6228092 40.358192 0.0171 0.0 32.0
2.6228092 37.818687 0.0172 0.0 31.0
3.136058 38.980083 0.0172 0.0 31.0
3.136058 38.980083 0.0173 0.0 32.0
3.649307 40.14148 0.0173 0.0 32.0
2.6228092 37.818687 0.0174 2.0 31.0
2.88509 39.061054 0.0174 2.0 31.0
2.88509 39.061054 0.0175 1.0 32.0
3.147371 40.30342 0.0175 1.0 32.0
3.147371 40.30342 0.0176 0.0 33.0
3.409652 41.545788 0.0176 0.0 33.0
3.409652 41.545788 0.0177 0.0 34.0
3.671933 42.788155 0.0177 0.0 34.0
2.0982473 35.333954 0.0178 8.0 29.0
2.0982473 36.603706 0.0178 8.0 29.0
2.0982473 36.603706 0.0179 7.0 30.0
2.0982473 37.87346 0.0179 7.0 30.0
2.0982473 37.87346 0.0180 6.0 31.0
2.0982473 39.14321 0.0180 6.0 31.0
2.0982473 39.14321 0.0181 5.0 32.0
2.0982473 40.412964 0.0181 5.0 32.0
2.0982473 40.412964 0.0182 4.0 33.0
2.0982473 41.682716 0.0182 4.0 33.0
2.0982473 41.682716 0.0183 3.0 34.0
2.0982473 42.95247 0.0183 3.0 34.0
2.0982473 42.95247 0.0184 0.0 35.0
1.8359663 44.194836 0.0184 0.0 35.0
1.8359663 44.194836 0.0185 0.0 36.0
1.5736854 45.437202 0.0185 0.0 36.0
2.0982473 42.95247 0.0186 0.0 35.0
2.3605282 44.194836 0.0186 0.0 35.0
2.3605282 44.194836 0.0187 0.0 36.0
2.6228092 45.437202 0.0187 0.0 36.0
2.0982473 42.95247 0.0188 2.0 35.0
2.0982473 44.22222 0.0188 2.0 35.0
2.0982473 44.22222 0.0189 1.0 36.0
2.0982473 45.491974 0.0189 1.0 36.0
2.0982473 45.491974 0.0190 0.0 37.0
2.0982473 46.761726 0.0190 0.0 37.0
2.0982473 46.761726 0.0191 0.0 38.0
2.0982473 48.03148 0.0191 0.0 38.0
2.0982473 30.254946 0.0192 12.0 25.0
2.6114962 31.416342 0.0192 12.0 25.0
2.6114962 31.416342 0.0193 11.0 26.0
3.1247451 32.57774 0.0193 11.0 26.0
3.1247451 32.57774 0.0194 10.0 27.0
3.637994 33.739136 0.0194 10.0 27.0
3.637994 33.739136 0.0195 9.0 28.0
4.151243 34.90053 0.0195 9.0 28.0
4.151243 34.90053 0.0196 4.0 29.0
4.413524 36.1429 0.0196 4.0 29.0
4.413524 36.1429 0.0197 3.0 30.0
4.675805 37.385265 0.0197 3.0 30.0
4.675805 37.385265 0.0198 0.0 31.0
4.675805 38.655018 0.0198 0.0 31.0
4.675805 38.655018 0.0199 0.0 32.0
4.675805 39.92477 0.0199 0.0 32.0
4.675805 37.385265 0.0200 0.0 31.0
5.189054 38.54666 0.0200 0.0 31.0
5.189054 38.54666 0.0201 0.0 32.0
5.702303 39.708057 0.0201 0.0 32.0
4.675805 37.385265 0.0202 2.0 31.0
4.938086 38.627632 0.0202 2.0 31.0
4.938086 38.627632 0.0203 1.0 32.0
5.200367 39.87 0.0203 1.0 32.0
5.200367 39.87 0.0204 0.0 33.0
5.462648 41.112366 0.0204 0.0 33.0
5.462648 41.112366 0.0205 0.0 34.0
5.724929 42.354733 0.0205 0.0 34.0
4.151243 34.90053 0.0206 4.0 29.0
4.8933225 35.930862 0.0206 4.0 29.0
4.8933225 35.930862 0.0207 3.0 30.0
5.6354017 36.961197 0.0207 3.0 30.0
5.6354017 36.961197 0.0208 0.0 31.0
6.1486506 38.122593 0.0208 0.0 31.0
6.1486506 38.122593 0.0209 0.0 32.0
6.6618996 39.28399 0.0209 0.0 32.0
5.6354017 36.961197 0.0210 0.0 31.0
6.5743036 37.816025 0.0210 0.0 31.0
6.5743036 37.816025 0.0211 0.0 32.0
7.5132055 38.670853 0.0211 0.0 32.0
5.6354017 36.961197 0.0212 2.0 31.0
6.377481 37.99153 0.0212 2.0 31.0
6.377481 37.99153 0.0213 1.0 32.0
7.1195602 39.021866 0.0213 1.0 32.0
7.1195602 39.021866 0.0214 0.0 33.0
7.8616395 40.0522 0.0214 0.0 33.0
7.8616395 40.0522 0.0215 0.0 34.0
8.603719 41.082535 0.0215 0.0 34.0
4.151243 34.90053 0.0216 8.0 29.0
4.664492 36.061928 0.0216 8.0 29.0
4.664492 36.061928 0.0217 7.0 30.0
5.177741 37.223324 0.0217 7.0 30.0
5.177741 37.223324 0.0218 6.0 31.0
5.69099 38.38472 0.0218 6.0 31.0
5.69099 38.38472 0.0219 5.0 32.0
6.204239 39.546116 0.0219 5.0 32.0
6.204239 39.546116 0.0220 4.0 33.0
6.717488 40.70751 0.0220 4.0 33.0
6.717488 40.70751 0.0221 3.0 34.0
7.2307367 41.868908 0.0221 3.0 34.0
7.2307367 41.868908 0.0222 0.0 35.0
7.4930177 43.111275 0.0222 0.0 35.0
7.4930177 43.111275 0.0223 0.0 36.0
7.7552986 44.35364 0.0223 0.0 36.0
7.2307367 41.868908 0.0224 0.0 35.0
7.972816 42.89924 0.0224 0.0 35.0
7.972816 42.89924 0.0225 0.0 36.0
8.714895 43.929573 0.0225 0.0 36.0
7.2307367 41.868908 0.0226 2.0 35.0
7.7439857 43.030304 0.0226 2.0 35.0
7.7439857 43.030304 0.0227 1.0 36.0
8.257235 44.1917 0.0227 1.0 36.0
8.257235 44.1917 0.0228 0.0 37.0
8.770483 45.353096 0.0228 0.0 37.0
8.770483 45.353096 0.0229 0.0 38.0
9.283731 46.514492 0.0229 0.0 38.0
2.0982473 30.254946 0.0230 20.0 25.0
2.3605282 31.497313 0.0230 20.0 25.0
2.3605282 31.497313 0.0231 19.0 26.0
2.6228092 32.73968 0.0231 19.0 26.0
2.6228092 32.73968 0.0232 18.0 27.0
2.88509 33.982048 0.0232 18.0 27.0
2.88509 33.982048 0.0233 17.0 28.0
3.147371 35.224415 0.0233 17.0 28.0
3.147371 35.224415 0.0234 16.0 29.0
3.409652 36.46678 0.0234 16.0 29.0
3.409652 36.46678 0.0235 15.0 30.0
3.671933 37.70915 0.0235 15.0 30.0
3.671933 37.70915 0.0236 14.0 31.0
3.9342139 38.951515 0.0236 14.0 31.0
3.9342139 38.951515 0.0237 13.0 32.0
4.1964946 40.193882 0.0237 13.0 32.0
4.1964946 40.193882 0.0238 12.0 33.0
4.4587755 41.43625 0.0238 12.0 33.0
4.4587755 41.43625 0.0239 11.0 34.0
4.7210565 42.678616 0.0239 11.0 34.0
4.7210565 42.678616 0.0240 10.0 35.0
4.9833374 43.920982 0.0240 10.0 35.0
4.9833374 43.920982 0.0241 9.0 36.0
5.2456183 45.16335 0.0241 9.0 36.0
5.2456183 45.16335 0.0242 4.0 37.0
5.2456183 46.4331 0.0242 4.0 37.0
5.2456183 46.4331 0.0243 3.0 38.0
5.2456183 47.702854 0.0243 3.0 38.0
5.2456183 47.702854 0.0244 0.0 39.0
4.9833374 48.94522 0.0244 0.0 39.0
4.9833374 48.94522 0.0245 0.0 40.0
4.7210565 50.187588 0.0245 0.0 40.0
5.2456183 47.702854 0.0246 0.0 39.0
5.5078993 48.94522 0.0246 0.0 39.0
5.5078993 48.94522 0.0247 0.0 40.0
5.77018 50.187588 0.0247 0.0 40.0
5.2456183 47.702854 0.0248 2.0 39.0
5.2456183 48.972607 0.0248 2.0 39.0
5.2456183 48.972607 0.0249 1.0 40.0
5.2456183 50.24236 0.0249 1.0 40.0
5.2456183 50.24236 0.0250 0.0 41.0
5.2456183 51.51211 0.0250 0.0 41.0
5.2456183 51.51211 0.0251 0.0 42.0
5.2456183 52.781864 0.0251 0.0 42.0
5.2456183 45.16335 0.0252 4.0 37.0
5.7588673 46.324745 0.0252 4.0 37.0
5.7588673 46.324745 0.0253 3.0 38.0
6.272116 47.48614 0.0253 3.0 38.0
6.272116 47.48614 0.0254 0.0 39.0
6.534397 48.728508 0.0254 0.0 39.0
6.534397 48.728508 0.0255 0.0 40.0
6.796678 49.970875 0.0255 0.0 40.0
6.272116 47.48614 0.0256 0.0 39.0
7.0141954 48.51647 0.0256 0.0 39.0
7.0141954 48.51647 0.0257 0.0 40.0
7.7562747 49.546806 0.0257 0.0 40.0
6.272116 47.48614 0.0258 2.0 39.0
6.785365 48.647537 0.0258 2.0 39.0
6.785365 48.647537 0.0259 1.0 40.0
7.298614 49.808933 0.0259 1.0 40.0
7.298614 49.808933 0.0260 0.0 41.0
7.811863 50.97033 0.0260 0.0 41.0
7.811863 50.97033 0.0261 0.0 42.0
8.325111 52.131725 0.0261 0.0 42.0
5.2456183 45.16335 0.0262 8.0 37.0
5.5078993 46.405716 0.0262 8.0 37.0
5.5078993 46.405716 0.0263 7.0 38.0
5.77018 47.648083 0.0263 7.0 38.0
5.77018 47.648083 0.0264 6.0 39.0
6.032461 48.89045 0.0264 6.0 39.0
6.032461 48.89045 0.0265 5.0 40.0
6.294742 50.132816 0.0265 5.0 40.0
6.294742 50.132816 0.0266 4.0 41.0
6.557023 51.375183 0.0266 4.0 41.0
6.557023 51.375183 0.0267 3.0 42.0
6.819304 52.61755 0.0267 3.0 42.0
6.819304 52.61755 0.0268 0.0 43.0
6.819304 53.887302 0.0268 0.0 43.0
6.819304 53.887302 0.0269 0.0 44.0
6.819304 55.157055 0.0269 0.0 44.0
6.819304 52.61755 0.0270 0.0 43.0
7.332553 53.778946 0.0270 0.0 43.0
7.332553 53.778946 0.0271 0.0 44.0
7.845802 54.940342 0.0271 0.0 44.0
6.819304 52.61755 0.0272 2.0 43.0
7.081585 53.859917 0.0272 2.0 43.0
7.081585 53.859917 0.0273 1.0 44.0
7.343866 55.102283 0.0273 1.0 44.0
7.343866 55.102283 0.0274 0.0 45.0
7.606147 56.34465 0.0274 0.0 45.0
7.606147 56.34465 0.0275 0.0 46.0
7.8684278 57.587017 0.0275 0.0 46.0
0.0 20.316011 0.0276 44.0 17.0
0.0 21.585762 0.0276 44.0 17.0
0.0 21.585762 0.0277 43.0 18.0
0.0 22.855513 0.0277 43.0 18.0
0.0 22.855513 0.0278 42.0 19.0
0.0 24.125263 0.0278 42.0 19.0
0.0 24.125263 0.0279 41.0 20.0
0.0 25.395014 0.0279 41.0 20.0
0.0 25.395014 0.0280 40.0 21.0
0.0 26.664764 0.0280 40.0 21.0
0.0 26.664764 0.0281 39.0 22.0
0.0 27.934515 0.0281 39.0 22.0
0.0 27.934515 0.0282 38.0 23.0
0.0 29.204266 0.0282 38.0 23.0
0.0 29.204266 0.0283 37.0 24.0
0.0 30.474016 0.0283 37.0 24.0
0.0 30.474016 0.0284 36.0 25.0
0.0 31.743767 0.0284 36.0 25.0
0.0 31.743767 0.0285 35.0 26.0
0.0 33.01352 0.0285 35.0 26.0
0.0 33.01352 0.0286 34.0 27.0
0.0 34.28327 0.0286 34.0 27.0
0.0 34.28327 0.0287 33.0 28.0
0.0 35.553024 0.0287 33.0 28.0
0.0 35.553024 0.0288 32.0 29.0
0.0 36.822777 0.0288 32.0 29.0
0.0 36.822777 0.0289 31.0 30.0
0.0 38.09253 0.0289 31.0 30.0
0.0 38.09253 0.0290 30.0 31.0
0.0 39.36228 0.0290 30.0 31.0
0.0 39.36228 0.0291 29.0 32.0
0.0 40.632034 0.0291 29.0 32.0
0.0 40.632034 0.0292 28.0 33.0
0.0 41.901787 0.0292 28.0 33.0
0.0 41.901787 0.0293 27.0 34.0
0.0 43.17154 0.0293 27.0 34.0
0.0 43.17154 0.0294 26.0 35.0
0.0 44.44129 0.0294 26.0 35.0
0.0 44.44129 0.0295 25.0 36.0
0.0 45.711044 0.0295 25.0 36.0
0.0 45.711044 0.0296 24.0 37.0
0.0 46.980797 0.0296 24.0 37.0
0.0 46.980797 0.0297 23.0 38.0
0.0 48.25055 0.0297 23.0 38.0
0.0 48.25055 0.0298 22.0 39.0
0.0 49.5203 0.0298 22.0 39.0
0.0 49.5203 0.0299 21.0 40.0
0.0 50.790054 0.0299 21.0 40.0
0.0 50.790054 0.0300 12.0 41.0
-0.26228088 52.03242 0.0300 12.0 41.0
-0.26228088 52.03242 0.0301 11.0 42.0
-0.52456176 53.274788 0.0301 11.0 42.0
-0.52456176 53.274788 0.0302 10.0 43.0
-0.78684264 54.517155 0.0302 10.0 43.0
-0.78684264 54.517155 0.0303 9.0 44.0
-1.0491235 55.75952 0.0303 9.0 44.0
-1.0491235 55.75952 0.0304 4.0 45.0
-1.5623724 56.920918 0.0304 4.0 45.0
-1.5623724 56.920918 0.0305 3.0 46.0
-2.0756214 58.082314 0.0305 3.0 46.0
-2.0756214 58.082314 0.0306 0.0 47.0
-2.8177006 59.112648 0.0306 0.0 47.0
-2.8177006 59.112648 0.0307 0.0 48.0
-3.55978 60.142982 0.0307 0.0 48.0
-2.0756214 58.082314 0.0308 0.0 47.0
-2.3379023 59.32468 0.0308 0.0 47.0
-2.3379023 59.32468 0.0309 0.0 48.0
-2.6001832 60.567047 0.0309 0.0 48.0
-2.0756214 58.082314 0.0310 2.0 47.0
-2.5888703 59.24371 0.0310 2.0 47.0
-2.5888703 59.24371 0.0311 1.0 48.0
-3.1021192 60.405106 0.0311 1.0 48.0
-3.1021192 60.405106 0.0312 0.0 49.0
-3.6153681 61.5665 0.0312 0.0 49.0
-3.6153681 61.5665 0.0313 0.0 50.0
-4.1286173 62.727898 0.0313 0.0 50.0
-1.0491235 55.75952 0.0314 4.0 45.0
-1.0491235 57.029274 0.0314 4.0 45.0
-1.0491235 57.029274 0.0315 3.0 46.0
-1.0491235 58.299026 0.0315 3.0 46.0
-1.0491235 58.299026 0.0316 0.0 47.0
-1.3114045 59.541393 0.0316 0.0 47.0
-1.3114045 59.541393 0.0317 0.0 48.0
-1.5736854 60.78376 0.0317 0.0 48.0
-1.0491235 58.299026 0.0318 0.0 47.0
-0.78684264 59.541393 0.0318 0.0 47.0
-0.78684264 59.541393 0.0319 0.0 48.0
-0.52456176 60.78376 0.0319 0.0 48.0
-1.0491235 58.299026 0.0320 2.0 47.0
-1.0491235 59.56878 0.0320 2.0 47.0
-1.0491235 59.56878 0.0321 1.0 48.0
-1.0491235 60.83853 0.0321 1.0 48.0
-1.0491235 60.83853 0.0322 0.0 49.0
-1.0491235 62.108284 0.0322 0.0 49.0
-1.0491235 62.108284 0.0323 0.0 50.0
-1.0491235 63.378036 0.0323 0.0 50.0
-1.0491235 55.75952 0.0324 8.0 45.0
-1.3114045 57.00189 0.0324 8.0 45.0
-1.3114045 57.00189 0.0325 7.0 46.0
-1.5736854 58.244255 0.0325 7.0 46.0
-1.5736854 58.244255 0.0326 6.0 47.0
-1.8359663 59.48662 0.0326 6.0 47.0
-1.8359663 59.48662 0.0327 5.0 48.0
-2.0982473 60.72899 0.0327 5.0 48.0
-2.0982473 60.72899 0.0328 4.0 49.0
-2.3605282 61.971355 0.0328 4.0 49.0
-2.3605282 61.971355 0.0329 3.0 50.0
-2.6228092 63.213722 0.0329 3.0 50.0
-2.6228092 63.213722 0.0330 0.0 51.0
-3.136058 64.37512 0.0330 0.0 51.0
-3.136058 64.37512 0.0331 0.0 52.0
-3.649307 65.53652 0.0331 0.0 52.0
-2.6228092 63.213722 0.0332 0.0 51.0
-2.6228092 64.483475 0.0332 0.0 51.0
-2.6228092 64.483475 0.0333 0.0 52.0
-2.6228092 65.75323 0.0333 0.0 52.0
-2.6228092 63.213722 0.0334 2.0 51.0
-2.88509 64.45609 0.0334 2.0 51.0
-2.88509 64.45609 0.0335 1.0 52.0
-3.147371 65.69846 0.0335 1.0 52.0
-3.147371 65.69846 0.0336 0.0 53.0
-3.409652 66.940834 0.0336 0.0 53.0
-3.409652 66.940834 0.0337 0.0 54.0
-3.671933 68.183205 0.0337 0.0 54.0
0.0 50.790054 0.0338 12.0 41.0
0.26228088 52.03242 0.0338 12.0 41.0
0.26228088 52.03242 0.0339 11.0 42.0
0.52456176 53.274788 0.0339 11.0 42.0
0.52456176 53.274788 0.0340 10.0 43.0
0.78684264 54.517155 0.0340 10.0 43.0
0.78684264 54.517155 0.0341 9.0 44.0
1.0491235 55.75952 0.0341 9.0 44.0
1.0491235 55.75952 0.0342 4.0 45.0
1.0491235 57.029274 0.0342 4.0 45.0
1.0491235 57.029274 0.0343 3.0 46.0
1.0491235 58.299026 0.0343 3.0 46.0
1.0491235 58.299026 0.0344 0.0 47.0
0.78684264 59.541393 0.0344 0.0 47.0
0.78684264 59.541393 0.0345 0.0 48.0
0.52456176 60.78376 0.0345 0.0 48.0
1.0491235 58.299026 0.0346 0.0 47.0
1.3114045 59.541393 0.0346 0.0 47.0
1.3114045 59.541393 0.0347 0.0 48.0
1.5736854 60.78376 0.0347 0.0 48.0
1.0491235 58.299026 0.0348 2.0 47.0
1.0491235 59.56878 0.0348 2.0 47.0
1.0491235 59.56878 0.0349 1.0 48.0
1.0491235 60.83853 0.0349 1.0 48.0
1.0491235 60.83853 0.0350 0.0 49.0
1.0491235 62.108284 0.0350 0.0 49.0
1.0491235 62.108284 0.0351 0.0 50.0
1.0491235 63.378036 0.0351 0.0 50.0
1.0491235 55.75952 0.0352 4.0 45.0
1.5623724 56.920918 0.0352 4.0 45.0
1.5623724 56.920918 0.0353 3.0 46.0
2.0756214 58.082314 0.0353 3.0 46.0
2.0756214 58.082314 0.0354 0.0 47.0
2.3379023 59.32468 0.0354 0.0 47.0
2.3379023 59.32468 0.0355 0.0 48.0
2.6001832 60.567047 0.0355 0.0 48.0
2.0756214 58.082314 0.0356 0.0 47.0
2.8177006 59.112648 0.0356 0.0 47.0
2.8177006 59.112648 0.0357 0.0 48.0
3.55978 60.142982 0.0357 0.0 48.0
2.0756214 58.082314 0.0358 2.0 47.0
2.5888703 59.24371 0.0358 2.0 47.0
2.5888703 59.24371 0.0359 1.0 48.0
3.1021192 60.405106 0.0359 1.0 48.0
3.1021192 60.405106 0.0360 0.0 49.0
3.6153681 61.5665 0.0360 0.0 49.0
3.6153681 61.5665 0.0361 0.0 50.0
4.1286173 62.727898 0.0361 0.0 50.0
1.0491235 55.75952 0.0362 8.0 45.0
1.3114045 57.00189 0.0362 8.0 45.0
1.3114045 57.00189 0.0363 7.0 46.0
1.5736854 58.244255 0.0363 7.0 46.0
1.5736854 58.244255 0.0364 6.0 47.0
1.8359663 59.48662 0.0364 6.0 47.0
1.8359663 59.48662 0.0365 5.0 48.0
2.0982473 60.72899 0.0365 5.0 48.0
2.0982473 60.72899 0.0366 4.0 49.0
2.3605282 61.971355 0.0366 4.0 49.0
2.3605282 61.971355 0.0367 3.0 50.0
2.6228092 63.213722 0.0367 3.0 50.0
2.6228092 63.213722 0.0368 0.0 51.0
2.6228092 64.483475 0.0368 0.0 51.0
2.6228092 64.483475 0.0369 0.0 52.0
2.6228092 65.75323 0.0369 0.0 52.0
2.6228092 63.213722 0.0370 0.0 51.0
3.136058 64.37512 0.0370 0.0 51.0
3.136058 64.37512 0.0371 0.0 52.0
3.649307 65.53652 0.0371 0.0 52.0
2.6228092 63.213722 0.0372 2.0 51.0
2.88509 64.45609 0.0372 2.0 51.0
2.88509 64.45609 0.0373 1.0 52.0
3.147371 65.69846 0.0373 1.0 52.0
3.147371 65.69846 0.0374 0.0 53.0
3.409652 66.940834 0.0374 0.0 53.0
3.409652 66.940834 0.0375 0.0 54.0
3.671933 68.183205 0.0375 0.0 54.0
0.0 50.790054 0.0376 20.0 41.0
0.0 52.059807 0.0376 20.0 41.0
0.0 52.059807 0.0377 19.0 42.0
0.0 53.32956 0.0377 19.0 42.0
0.0 53.32956 0.0378 18.0 43.0
0.0 54.59931 0.0378 18.0 43.0
0.0 54.59931 0.0379 17.0 44.0
0.0 55.869064 0.0379 17.0 44.0
0.0 55.869064 0.0380 16.0 45.0
0.0 57.138817 0.0380 16.0 45.0
0.0 57.138817 0.0381 15.0 46.0
0.0 58.40857 0.0381 15.0 46.0
0.0 58.40857 0.0382 14.0 47.0
0.0 59.67832 0.0382 14.0 47.0
0.0 59.67832 0.0383 13.0 48.0
0.0 60.948074 0.0383 13.0 48.0
0.0 60.948074 0.0384 12.0 49.0
0.0 62.217827 0.0384 12.0 49.0
0.0 62.217827 0.0385 11.0 50.0
0.0 63.48758 0.0385 11.0 50.0
0.0 63.48758 0.0386 10.0 51.0
0.0 64.75733 0.0386 10.0 51.0
0.0 64.75733 0.0387 9.0 52.0
0.0 66.027084 0.0387 9.0 52.0
0.0 66.027084 0.0388 4.0 53.0
-0.26228088 67.269455 0.0388 4.0 53.0
-0.26228088 67.269455 0.0389 3.0 54.0
-0.52456176 68.511826 0.0389 3.0 54.0
-0.52456176 68.511826 0.0390 0.0 55.0
-1.0378107 69.673225 0.0390 0.0 55.0
-1.0378107 69.673225 0.0391 0.0 56.0
-1.5510596 70.834625 0.0391 0.0 56.0
-0.52456176 68.511826 0.0392 0.0 55.0
-0.52456176 69.78158 0.0392 0.0 55.0
-0.52456176 69.78158 0.0393 0.0 56.0
-0.52456176 71.05133 0.0393 0.0 56.0
-0.52456176 68.511826 0.0394 2.0 55.0
-0.78684264 69.754196 0.0394 2.0 55.0
-0.78684264 69.754196 0.0395 1.0 56.0
-1.0491235 70.99657 0.0395 1.0 56.0
-1.0491235 70.99657 0.0396 0.0 57.0
-1.3114045 72.23894 0.0396 0.0 57.0
-1.3114045 72.23894 0.0397 0.0 58.0
-1.5736854 73.48131 0.0397 0.0 58.0
0.0 66.027084 0.0398 4.0 53.0
0.26228088 67.269455 0.0398 4.0 53.0
0.26228088 67.269455 0.0399 3.0 54.0
0.52456176 68.511826 0.0399 3.0 54.0
0.52456176 68.511826 0.0400 0.0 55.0
0.52456176 69.78158 0.0400 0.0 55.0
0.52456176 69.78158 0.0401 0.0 56.0
0.52456176 71.05133 0.0401 0.0 56.0
0.52456176 68.511826 0.0402 0.0 55.0
1.0378107 69.673225 0.0402 0.0 55.0
1.0378107 69.673225 0.0403 0.0 56.0
1.5510596 70.834625 0.0403 0.0 56.0
0.52456176 68.511826 0.0404 2.0 55.0
0.78684264 69.754196 0.0404 2.0 55.0
0.78684264 69.754196 0.0405 1.0 56.0
1.0491235 70.99657 0.0405 1.0 56.0
1.0491235 70.99657 0.0406 0.0 57.0
1.3114045 72.23894 0.0406 0.0 57.0
1.3114045 72.23894 0.0407 0.0 58.0
1.5736854 73.48131 0.0407 0.0 58.0
0.0 66.027084 0.0408 8.0 53.0
0.0 67.29684 0.0408 8.0 53.0
0.0 67.29684 0.0409 7.0 54.0
0.0 68.56659 0.0409 7.0 54.0
0.0 68.56659 0.0410 6.0 55.0
0.0 69.83634 0.0410 6.0 55.0
0.0 69.83634 0.0411 5.0 56.0
0.0 71.106094 0.0411 5.0 56.0
0.0 71.106094 0.0412 4.0 57.0
0.0 72.37585 0.0412 4.0 57.0
0.0 72.37585 0.0413 3.0 58.0
0.0 73.6456 0.0413 3.0 58.0
0.0 73.6456 0.0414 0.0 59.0
-0.26228088 74.88797 0.0414 0.0 59.0
-0.26228088 74.88797 0.0415 0.0 60.0
-0.52456176 76.13034 0.0415 0.0 60.0
0.0 73.6456 0.0416 0.0 59.0
0.26228088 74.88797 0.0416 0.0 59.0
0.26228088 74.88797 0.0417 0.0 60.0
0.52456176 76.13034 0.0417 0.0 60.0
0.0 73.6456 0.0418 2.0 59.0
0.0 74.91535 0.0418 2.0 59.0
0.0 74.91535 0.0419 1.0 60.0
0.0 76.185104 0.0419 1.0 60.0
0.0 76.185104 0.0420 0.0 61.0
0.0 77.45486 0.0420 0.0 61.0
0.0 77.45486 0.0421 0.0 62.0
0.0 78.72461 0.0421 0.0 62.0
