0.0 0.0 0.00 27.0 1.0
0.0 1.4657327 0.00 27.0 1.0
0.0 1.4657327 0.01 26.0 2.0
0.0 2.9314654 0.01 26.0 2.0
0.0 2.9314654 0.02 1.0 3.0
1.4608983 3.050413 0.02 1.0 3.0
1.4608983 3.050413 0.03 0.0 4.0
2.4543839 4.1280766 0.03 0.0 4.0
2.4543839 4.1280766 0.04 0.0 5.0
2.4543839 5.593809 0.04 0.0 5.0
0.0 2.9314654 0.05 1.0 3.0
-0.99348557 4.009129 0.05 1.0 3.0
-0.99348557 4.009129 0.06 0.0 4.0
-0.99348557 5.4748616 0.06 0.0 4.0
-0.99348557 5.4748616 0.07 0.0 5.0
0.0 6.552525 0.07 0.0 5.0
0.0 2.9314654 0.08 25.0 3.0
0.0 4.397198 0.08 25.0 3.0
0.0 4.397198 0.09 24.0 4.0
0.0 5.862931 0.09 24.0 4.0
0.0 5.862931 0.010 1.0 5.0
1.4608983 5.9818783 0.010 1.0 5.0
1.4608983 5.9818783 0.011 0.0 6.0
2.4543839 7.0595417 0.011 0.0 6.0
2.4543839 7.0595417 0.012 0.0 7.0
2.4543839 8.525274 0.012 0.0 7.0
0.0 5.862931 0.013 1.0 5.0
-0.99348557 6.940594 0.013 1.0 5.0
-0.99348557 6.940594 0.014 0.0 6.0
-0.99348557 8.406327 0.014 0.0 6.0
-0.99348557 8.406327 0.015 0.0 7.0
0.0 9.483991 0.015 0.0 7.0
0.0 5.862931 0.016 7.0 5.0
0.0 7.3286633 0.016 7.0 5.0
0.0 7.3286633 0.017 6.0 6.0
0.0 8.794396 0.017 6.0 6.0
0.0 8.794396 0.018 1.0 7.0
1.4608983 8.913343 0.018 1.0 7.0
1.4608983 8.913343 0.019 0.0 8.0
2.4543839 9.991007 0.019 0.0 8.0
2.4543839 9.991007 0.020 0.0 9.0
2.4543839 11.456739 0.020 0.0 9.0
0.0 8.794396 0.021 1.0 7.0
-0.99348557 9.87206 0.021 1.0 7.0
-0.99348557 9.87206 0.022 0.0 8.0
-0.99348557 11.337792 0.022 0.0 8.0
-0.99348557 11.337792 0.023 0.0 9.0
0.0 12.415456 0.023 0.0 9.0
0.0 8.794396 0.024 5.0 7.0
-0.99348557 9.87206 0.024 5.0 7.0
-0.99348557 9.87206 0.025 4.0 8.0
-1.9869711 10.949723 0.025 4.0 8.0
-1.9869711 10.949723 0.026 1.0 9.0
-0.99348557 12.027387 0.026 1.0 9.0
-0.99348557 12.027387 0.027 0.0 10.0
-0.99348557 13.493119 0.027 0.0 10.0
-0.99348557 13.493119 0.028 0.0 11.0
-1.9869711 14.570783 0.028 0.0 11.0
-1.9869711 10.949723 0.029 1.0 9.0
-3.4478693 11.06867 0.029 1.0 9.0
-3.4478693 11.06867 0.030 0.0 10.0
-4.4413548 12.146334 0.030 0.0 10.0
-4.4413548 12.146334 0.031 0.0 11.0
-4.4413548 13.612066 0.031 0.0 11.0
-1.9869711 10.949723 0.032 3.0 9.0
-3.4478693 11.06867 0.032 3.0 9.0
-3.4478693 11.06867 0.033 2.0 10.0
-4.9087677 11.187617 0.033 2.0 10.0
-4.9087677 11.187617 0.034 1.0 11.0
-4.9087677 12.65335 0.034 1.0 11.0
-4.9087677 12.65335 0.035 0.0 12.0
-5.902253 13.731013 0.035 0.0 12.0
-5.902253 13.731013 0.036 0.0 13.0
-7.3631516 13.84996 0.036 0.0 13.0
-4.9087677 11.187617 0.037 1.0 11.0
-6.0635004 10.284863 0.037 1.0 11.0
-6.0635004 10.284863 0.038 0.0 12.0
-7.524399 10.403811 0.038 0.0 12.0
-7.524399 10.403811 0.039 0.0 13.0
-8.517884 11.481475 0.039 0.0 13.0
0.0 5.862931 0.040 7.0 5.0
-1.1547327 4.960177 0.040 7.0 5.0
-1.1547327 4.960177 0.041 6.0 6.0
-2.3094654 4.057423 0.041 6.0 6.0
-2.3094654 4.057423 0.042 1.0 7.0
-3.3029509 5.135087 0.042 1.0 7.0
-3.3029509 5.135087 0.043 0.0 8.0
-4.7638493 5.2540345 0.043 0.0 8.0
-4.7638493 5.2540345 0.044 0.0 9.0
-5.918582 4.3512807 0.044 0.0 9.0
-2.3094654 4.057423 0.045 1.0 7.0
-2.5465758 2.6109962 0.045 1.0 7.0
-2.5465758 2.6109962 0.046 0.0 8.0
-3.7013085 1.7082424 0.046 0.0 8.0
-3.7013085 1.7082424 0.047 0.0 9.0
-5.1622066 1.82719 0.047 0.0 9.0
-2.3094654 4.057423 0.048 5.0 7.0
-3.7703638 4.1763706 0.048 5.0 7.0
-3.7703638 4.1763706 0.049 4.0 8.0
-5.231262 4.295318 0.049 4.0 8.0
-5.231262 4.295318 0.050 1.0 9.0
-5.231262 5.7610507 0.050 1.0 9.0
-5.231262 5.7610507 0.051 0.0 10.0
-6.2247477 6.8387146 0.051 0.0 10.0
-6.2247477 6.8387146 0.052 0.0 11.0
-7.685646 6.957662 0.052 0.0 11.0
-5.231262 4.295318 0.053 1.0 9.0
-6.385995 3.3925643 0.053 1.0 9.0
-6.385995 3.3925643 0.054 0.0 10.0
-7.8468933 3.511512 0.054 0.0 10.0
-7.8468933 3.511512 0.055 0.0 11.0
-8.840379 4.5891757 0.055 0.0 11.0
-5.231262 4.295318 0.056 3.0 9.0
-6.2247477 5.372982 0.056 3.0 9.0
-6.2247477 5.372982 0.057 2.0 10.0
-7.218233 6.4506454 0.057 2.0 10.0
-7.218233 6.4506454 0.058 1.0 11.0
-6.2247477 7.528309 0.058 1.0 11.0
-6.2247477 7.528309 0.059 0.0 12.0
-6.2247477 8.994041 0.059 0.0 12.0
-6.2247477 8.994041 0.060 0.0 13.0
-7.218233 10.071705 0.060 0.0 13.0
-7.218233 6.4506454 0.061 1.0 11.0
-8.6791315 6.569593 0.061 1.0 11.0
-8.6791315 6.569593 0.062 0.0 12.0
-9.672617 7.647257 0.062 0.0 12.0
-9.672617 7.647257 0.063 0.0 13.0
-9.672617 9.112989 0.063 0.0 13.0
0.0 5.862931 0.064 23.0 5.0
-1.4608983 5.9818783 0.064 23.0 5.0
-1.4608983 5.9818783 0.065 22.0 6.0
-2.9217966 6.100826 0.065 22.0 6.0
-2.9217966 6.100826 0.066 1.0 7.0
-2.9217966 7.5665584 0.066 1.0 7.0
-2.9217966 7.5665584 0.067 0.0 8.0
-3.9152822 8.644222 0.067 0.0 8.0
-3.9152822 8.644222 0.068 0.0 9.0
-5.3761806 8.763169 0.068 0.0 9.0
-2.9217966 6.100826 0.069 1.0 7.0
-4.0765295 5.198072 0.069 1.0 7.0
-4.0765295 5.198072 0.070 0.0 8.0
-5.537428 5.3170195 0.070 0.0 8.0
-5.537428 5.3170195 0.071 0.0 9.0
-6.5309134 6.394683 0.071 0.0 9.0
-2.9217966 6.100826 0.072 21.0 7.0
-4.3826947 6.2197733 0.072 21.0 7.0
-4.3826947 6.2197733 0.073 20.0 8.0
-5.843593 6.338721 0.073 20.0 8.0
-5.843593 6.338721 0.074 1.0 9.0
-5.843593 7.8044534 0.074 1.0 9.0
-5.843593 7.8044534 0.075 0.0 10.0
-6.8370786 8.882117 0.075 0.0 10.0
-6.8370786 8.882117 0.076 0.0 11.0
-8.2979765 9.001064 0.076 0.0 11.0
-5.843593 6.338721 0.077 1.0 9.0
-6.998326 5.435967 0.077 1.0 9.0
-6.998326 5.435967 0.078 0.0 10.0
-8.459224 5.5549145 0.078 0.0 10.0
-8.459224 5.5549145 0.079 0.0 11.0
-9.452709 6.632578 0.079 0.0 11.0
-5.843593 6.338721 0.080 7.0 9.0
-7.3044915 6.4576683 0.080 7.0 9.0
-7.3044915 6.4576683 0.081 6.0 10.0
-8.765389 6.576616 0.081 6.0 10.0
-8.765389 6.576616 0.082 1.0 11.0
-8.765389 8.042349 0.082 1.0 11.0
-8.765389 8.042349 0.083 0.0 12.0
-9.758875 9.120012 0.083 0.0 12.0
-9.758875 9.120012 0.084 0.0 13.0
-11.219773 9.23896 0.084 0.0 13.0
-8.765389 6.576616 0.085 1.0 11.0
-9.920122 5.673862 0.085 1.0 11.0
-9.920122 5.673862 0.086 0.0 12.0
-11.381021 5.7928095 0.086 0.0 12.0
-11.381021 5.7928095 0.087 0.0 13.0
-12.374506 6.870473 0.087 0.0 13.0
-8.765389 6.576616 0.088 5.0 11.0
-9.920122 5.673862 0.088 5.0 11.0
-9.920122 5.673862 0.089 4.0 12.0
-11.074855 4.771108 0.089 4.0 12.0
-11.074855 4.771108 0.090 1.0 13.0
-12.06834 5.848772 0.090 1.0 13.0
-12.06834 5.848772 0.091 0.0 14.0
-13.529239 5.9677196 0.091 0.0 14.0
-13.529239 5.9677196 0.092 0.0 15.0
-14.683971 5.0649657 0.092 0.0 15.0
-11.074855 4.771108 0.093 1.0 13.0
-11.311965 3.3246813 0.093 1.0 13.0
-11.311965 3.3246813 0.094 0.0 14.0
-12.466698 2.4219275 0.094 0.0 14.0
-12.466698 2.4219275 0.095 0.0 15.0
-13.927596 2.5408752 0.095 0.0 15.0
-11.074855 4.771108 0.096 3.0 13.0
-11.311965 3.3246813 0.096 3.0 13.0
-11.311965 3.3246813 0.097 2.0 14.0
-11.549075 1.8782543 0.097 2.0 14.0
-11.549075 1.8782543 0.098 1.0 15.0
-13.009974 1.9972019 0.098 1.0 15.0
-13.009974 1.9972019 0.099 0.0 16.0
-14.164706 1.0944481 0.099 0.0 16.0
-14.164706 1.0944481 0.0100 0.0 17.0
-14.401816 -0.3519789 0.0100 0.0 17.0
-11.549075 1.8782543 0.0101 1.0 15.0
-10.743008 0.6540698 0.0101 1.0 15.0
-10.743008 0.6540698 0.0102 0.0 16.0
-10.980118 -0.7923572 0.0102 0.0 16.0
-10.980118 -0.7923572 0.0103 0.0 17.0
-12.1348505 -1.695111 0.0103 0.0 17.0
-5.843593 6.338721 0.0104 7.0 9.0
-5.0375257 5.1145363 0.0104 7.0 9.0
-5.0375257 5.1145363 0.0105 6.0 10.0
-4.231458 3.8903518 0.0105 6.0 10.0
-4.231458 3.8903518 0.0106 1.0 11.0
-5.386191 2.987598 0.0106 1.0 11.0
-5.386191 2.987598 0.0107 0.0 12.0
-5.623301 1.541171 0.0107 0.0 12.0
-5.623301 1.541171 0.0108 0.0 13.0
-4.8172336 0.31698644 0.0108 0.0 13.0
-4.231458 3.8903518 0.0109 1.0 11.0
-2.809044 3.5366426 0.0109 1.0 11.0
-2.809044 3.5366426 0.0110 0.0 12.0
-2.002977 2.312458 0.0110 0.0 12.0
-2.002977 2.312458 0.0111 0.0 13.0
-2.2400875 0.86603117 0.0111 0.0 13.0
-4.231458 3.8903518 0.0112 5.0 11.0
-4.4685683 2.443925 0.0112 5.0 11.0
-4.4685683 2.443925 0.0113 4.0 12.0
-4.7056785 0.9974979 0.0113 4.0 12.0
-4.7056785 0.9974979 0.0114 1.0 13.0
-6.166577 1.1164455 0.0114 1.0 13.0
-6.166577 1.1164455 0.0115 0.0 14.0
-7.3213096 0.21369165 0.0115 0.0 14.0
-7.3213096 0.21369165 0.0116 0.0 15.0
-7.5584197 -1.2327354 0.0116 0.0 15.0
-4.7056785 0.9974979 0.0117 1.0 13.0
-3.899611 -0.2266866 0.0117 1.0 13.0
-3.899611 -0.2266866 0.0118 0.0 14.0
-4.136721 -1.6731136 0.0118 0.0 14.0
-4.136721 -1.6731136 0.0119 0.0 15.0
-5.291454 -2.5758674 0.0119 0.0 15.0
-4.7056785 0.9974979 0.0120 3.0 13.0
-5.860411 0.09474403 0.0120 3.0 13.0
-5.860411 0.09474403 0.0121 2.0 14.0
-7.015144 -0.80800986 0.0121 2.0 14.0
-7.015144 -0.80800986 0.0122 1.0 15.0
-8.008629 0.2696538 0.0122 1.0 15.0
-8.008629 0.2696538 0.0123 0.0 16.0
-9.469527 0.38860142 0.0123 0.0 16.0
-9.469527 0.38860142 0.0124 0.0 17.0
-10.62426 -0.51415247 0.0124 0.0 17.0
-7.015144 -0.80800986 0.0125 1.0 15.0
-7.252254 -2.254437 0.0125 1.0 15.0
-7.252254 -2.254437 0.0126 0.0 16.0
-8.406986 -3.1571908 0.0126 0.0 16.0
-8.406986 -3.1571908 0.0127 0.0 17.0
-9.867885 -3.038243 0.0127 0.0 17.0
-5.843593 6.338721 0.0128 19.0 9.0
-6.0807033 4.892294 0.0128 19.0 9.0
-6.0807033 4.892294 0.0129 18.0 10.0
-6.3178134 3.445867 0.0129 18.0 10.0
-6.3178134 3.445867 0.0130 1.0 11.0
-7.778712 3.5648148 0.0130 1.0 11.0
-7.778712 3.5648148 0.0131 0.0 12.0
-8.933445 2.662061 0.0131 0.0 12.0
-8.933445 2.662061 0.0132 0.0 13.0
-9.170555 1.215634 0.0132 0.0 13.0
-6.3178134 3.445867 0.0133 1.0 11.0
-5.511746 2.2216825 0.0133 1.0 11.0
-5.511746 2.2216825 0.0134 0.0 12.0
-5.748856 0.77525556 0.0134 0.0 12.0
-5.748856 0.77525556 0.0135 0.0 13.0
-6.903589 -0.12749833 0.0135 0.0 13.0
-6.3178134 3.445867 0.0136 17.0 11.0
-6.5549235 1.9994401 0.0136 17.0 11.0
-6.5549235 1.9994401 0.0137 16.0 12.0
-6.7920337 0.5530131 0.0137 16.0 12.0
-6.7920337 0.5530131 0.0138 1.0 13.0
-8.252932 0.6719607 0.0138 1.0 13.0
-8.252932 0.6719607 0.0139 0.0 14.0
-9.407664 -0.23079318 0.0139 0.0 14.0
-9.407664 -0.23079318 0.0140 0.0 15.0
-9.644774 -1.6772201 0.0140 0.0 15.0
-6.7920337 0.5530131 0.0141 1.0 13.0
-5.985966 -0.6711714 0.0141 1.0 13.0
-5.985966 -0.6711714 0.0142 0.0 14.0
-6.2230763 -2.1175985 0.0142 0.0 14.0
-6.2230763 -2.1175985 0.0143 0.0 15.0
-7.377809 -3.0203524 0.0143 0.0 15.0
-6.7920337 0.5530131 0.0144 7.0 13.0
-7.029144 -0.8934139 0.0144 7.0 13.0
-7.029144 -0.8934139 0.0145 6.0 14.0
-7.266254 -2.339841 0.0145 6.0 14.0
-7.266254 -2.339841 0.0146 1.0 15.0
-8.727152 -2.2208931 0.0146 1.0 15.0
-8.727152 -2.2208931 0.0147 0.0 16.0
-9.881885 -3.123647 0.0147 0.0 16.0
-9.881885 -3.123647 0.0148 0.0 17.0
-10.118995 -4.570074 0.0148 0.0 17.0
-7.266254 -2.339841 0.0149 1.0 15.0
-6.4601865 -3.5640254 0.0149 1.0 15.0
-6.4601865 -3.5640254 0.0150 0.0 16.0
-6.6972966 -5.0104523 0.0150 0.0 16.0
-6.6972966 -5.0104523 0.0151 0.0 17.0
-7.8520293 -5.913206 0.0151 0.0 17.0
-7.266254 -2.339841 0.0152 5.0 15.0
-6.4601865 -3.5640254 0.0152 5.0 15.0
-6.4601865 -3.5640254 0.0153 4.0 16.0
-5.654119 -4.78821 0.0153 4.0 16.0
-5.654119 -4.78821 0.0154 1.0 17.0
-6.8088517 -5.6909637 0.0154 1.0 17.0
-6.8088517 -5.6909637 0.0155 0.0 18.0
-7.045962 -7.1373906 0.0155 0.0 18.0
-7.045962 -7.1373906 0.0156 0.0 19.0
-6.2398944 -8.361575 0.0156 0.0 19.0
-5.654119 -4.78821 0.0157 1.0 17.0
-4.2317047 -5.141919 0.0157 1.0 17.0
-4.2317047 -5.141919 0.0158 0.0 18.0
-3.4256377 -6.3661036 0.0158 0.0 18.0
-3.4256377 -6.3661036 0.0159 0.0 19.0
-3.6627483 -7.8125305 0.0159 0.0 19.0
-5.654119 -4.78821 0.0160 3.0 17.0
-4.2317047 -5.141919 0.0160 3.0 17.0
-4.2317047 -5.141919 0.0161 2.0 18.0
-2.8092904 -5.4956284 0.0161 2.0 18.0
-2.8092904 -5.4956284 0.0162 1.0 19.0
-3.046401 -6.942055 0.0162 1.0 19.0
-3.046401 -6.942055 0.0163 0.0 20.0
-2.240334 -8.16624 0.0163 0.0 20.0
-2.240334 -8.16624 0.0164 0.0 21.0
-0.81791985 -8.519949 0.0164 0.0 21.0
-2.8092904 -5.4956284 0.0165 1.0 19.0
-1.5237292 -4.7915654 0.0165 1.0 19.0
-1.5237292 -4.7915654 0.0166 0.0 20.0
-0.10131502 -5.1452746 0.0166 0.0 20.0
-0.10131502 -5.1452746 0.0167 0.0 21.0
0.7047521 -6.369459 0.0167 0.0 21.0
-6.7920337 0.5530131 0.0168 7.0 13.0
-5.5064726 1.257076 0.0168 7.0 13.0
-5.5064726 1.257076 0.0169 6.0 14.0
-4.2209115 1.961139 0.0169 6.0 14.0
-4.2209115 1.961139 0.0170 1.0 15.0
-3.4148445 0.73695433 0.0170 1.0 15.0
-3.4148445 0.73695433 0.0171 0.0 16.0
-1.9924303 0.38324517 0.0171 0.0 16.0
-1.9924303 0.38324517 0.0172 0.0 17.0
-0.7068691 1.0873082 0.0172 0.0 17.0
-4.2209115 1.961139 0.0173 1.0 15.0
-3.7529364 3.3501573 0.0173 1.0 15.0
-3.7529364 3.3501573 0.0174 0.0 16.0
-2.4673753 4.05422 0.0174 0.0 16.0
-2.4673753 4.05422 0.0175 0.0 17.0
-1.0449611 3.700511 0.0175 0.0 17.0
-4.2209115 1.961139 0.0176 5.0 15.0
-2.7984972 1.6074297 0.0176 5.0 15.0
-2.7984972 1.6074297 0.0177 4.0 16.0
-1.376083 1.2537205 0.0177 4.0 16.0
-1.376083 1.2537205 0.0178 1.0 17.0
-1.6131936 -0.19270635 0.0178 1.0 17.0
-1.6131936 -0.19270635 0.0179 0.0 18.0
-0.8071265 -1.416891 0.0179 0.0 18.0
-0.8071265 -1.416891 0.0180 0.0 19.0
0.61528766 -1.7706001 0.0180 0.0 19.0
-1.376083 1.2537205 0.0181 1.0 17.0
-0.09052181 1.9577835 0.0181 1.0 17.0
-0.09052181 1.9577835 0.0182 0.0 18.0
1.3318924 1.6040742 0.0182 0.0 18.0
1.3318924 1.6040742 0.0183 0.0 19.0
2.1379595 0.3798896 0.0183 0.0 19.0
-1.376083 1.2537205 0.0184 3.0 17.0
-0.5700159 0.02953589 0.0184 3.0 17.0
-0.5700159 0.02953589 0.0185 2.0 18.0
0.2360512 -1.1946487 0.0185 2.0 18.0
0.2360512 -1.1946487 0.0186 1.0 19.0
-0.91868174 -2.0974023 0.0186 1.0 19.0
-0.91868174 -2.0974023 0.0187 0.0 20.0
-1.1557924 -3.5438292 0.0187 0.0 20.0
-1.1557924 -3.5438292 0.0188 0.0 21.0
-0.34972525 -4.768014 0.0188 0.0 21.0
0.2360512 -1.1946487 0.0189 1.0 19.0
1.6584654 -1.548358 0.0189 1.0 19.0
1.6584654 -1.548358 0.0190 0.0 20.0
2.4645324 -2.7725425 0.0190 0.0 20.0
2.4645324 -2.7725425 0.0191 0.0 21.0
2.2274218 -4.2189693 0.0191 0.0 21.0
-6.7920337 0.5530131 0.0192 15.0 13.0
-5.5064726 1.257076 0.0192 15.0 13.0
-5.5064726 1.257076 0.0193 14.0 14.0
-4.2209115 1.961139 0.0193 14.0 14.0
-4.2209115 1.961139 0.0194 1.0 15.0
-3.4148445 0.73695433 0.0194 1.0 15.0
-3.4148445 0.73695433 0.0195 0.0 16.0
-1.9924303 0.38324517 0.0195 0.0 16.0
-1.9924303 0.38324517 0.0196 0.0 17.0
-0.7068691 1.0873082 0.0196 0.0 17.0
-4.2209115 1.961139 0.0197 1.0 15.0
-3.7529364 3.3501573 0.0197 1.0 15.0
-3.7529364 3.3501573 0.0198 0.0 16.0
-2.4673753 4.05422 0.0198 0.0 16.0
-2.4673753 4.05422 0.0199 0.0 17.0
-1.0449611 3.700511 0.0199 0.0 17.0
-4.2209115 1.961139 0.0200 13.0 15.0
-2.9353504 2.665202 0.0200 13.0 15.0
-2.9353504 2.665202 0.0201 12.0 16.0
-1.6497892 3.3692648 0.0201 12.0 16.0
-1.6497892 3.3692648 0.0202 1.0 17.0
-0.8437221 2.14508 0.0202 1.0 17.0
-0.8437221 2.14508 0.0203 0.0 18.0
0.5786921 1.7913709 0.0203 0.0 18.0
0.5786921 1.7913709 0.0204 0.0 19.0
1.8642533 2.4954338 0.0204 0.0 19.0
-1.6497892 3.3692648 0.0205 1.0 17.0
-1.1818141 4.758283 0.0205 1.0 17.0
-1.1818141 4.758283 0.0206 0.0 18.0
0.10374713 5.462346 0.0206 0.0 18.0
0.10374713 5.462346 0.0207 0.0 19.0
1.5261613 5.108637 0.0207 0.0 19.0
-1.6497892 3.3692648 0.0208 7.0 17.0
-0.364228 4.073328 0.0208 7.0 17.0
-0.364228 4.073328 0.0209 6.0 18.0
0.9213332 4.777391 0.0209 6.0 18.0
0.9213332 4.777391 0.0210 1.0 19.0
1.7274003 3.5532064 0.0210 1.0 19.0
1.7274003 3.5532064 0.0211 0.0 20.0
3.1498146 3.1994972 0.0211 0.0 20.0
3.1498146 3.1994972 0.0212 0.0 21.0
4.4353757 3.9035602 0.0212 0.0 21.0
0.9213332 4.777391 0.0213 1.0 19.0
1.3893083 6.166409 0.0213 1.0 19.0
1.3893083 6.166409 0.0214 0.0 20.0
2.6748695 6.870472 0.0214 0.0 20.0
2.6748695 6.870472 0.0215 0.0 21.0
4.097284 6.5167627 0.0215 0.0 21.0
0.9213332 4.777391 0.0216 5.0 19.0
1.3893083 6.166409 0.0216 5.0 19.0
1.3893083 6.166409 0.0217 4.0 20.0
1.8572835 7.555427 0.0217 4.0 20.0
1.8572835 7.555427 0.0218 1.0 21.0
3.2796977 7.201718 0.0218 1.0 21.0
3.2796977 7.201718 0.0219 0.0 22.0
4.565259 7.905781 0.0219 0.0 22.0
4.565259 7.905781 0.0220 0.0 23.0
5.033234 9.294799 0.0220 0.0 23.0
1.8572835 7.555427 0.0221 1.0 21.0
1.2598693 8.893885 0.0221 1.0 21.0
1.2598693 8.893885 0.0222 0.0 22.0
1.7278445 10.282903 0.0222 0.0 22.0
1.7278445 10.282903 0.0223 0.0 23.0
3.0134058 10.986966 0.0223 0.0 23.0
1.8572835 7.555427 0.0224 3.0 21.0
1.2598693 8.893885 0.0224 3.0 21.0
1.2598693 8.893885 0.0225 2.0 22.0
0.6624552 10.232342 0.0225 2.0 22.0
0.6624552 10.232342 0.0226 1.0 23.0
1.9480164 10.936405 0.0226 1.0 23.0
1.9480164 10.936405 0.0227 0.0 24.0
2.4159915 12.325423 0.0227 0.0 24.0
2.4159915 12.325423 0.0228 0.0 25.0
1.8185774 13.663881 0.0228 0.0 25.0
0.6624552 10.232342 0.0229 1.0 23.0
-0.6840042 10.811496 0.0229 1.0 23.0
-0.6840042 10.811496 0.0230 0.0 24.0
-1.2814183 12.149954 0.0230 0.0 24.0
-1.2814183 12.149954 0.0231 0.0 25.0
-0.8134432 13.538972 0.0231 0.0 25.0
-1.6497892 3.3692648 0.0232 7.0 17.0
-2.9962487 3.9484189 0.0232 7.0 17.0
-2.9962487 3.9484189 0.0233 6.0 18.0
-4.342708 4.5275726 0.0233 6.0 18.0
-4.342708 4.5275726 0.0234 1.0 19.0
-3.874733 5.9165907 0.0234 1.0 19.0
-3.874733 5.9165907 0.0235 0.0 20.0
-4.472147 7.2550483 0.0235 0.0 20.0
-4.472147 7.2550483 0.0236 0.0 21.0
-5.8186064 7.8342023 0.0236 0.0 21.0
-4.342708 4.5275726 0.0237 1.0 19.0
-5.7252326 4.0407476 0.0237 1.0 19.0
-5.7252326 4.0407476 0.0238 0.0 20.0
-7.0716925 4.619901 0.0238 0.0 20.0
-7.0716925 4.619901 0.0239 0.0 21.0
-7.6691074 5.9583583 0.0239 0.0 21.0
-4.342708 4.5275726 0.0240 5.0 19.0
-4.940122 5.86603 0.0240 5.0 19.0
-4.940122 5.86603 0.0241 4.0 20.0
-5.537536 7.204488 0.0241 4.0 20.0
-5.537536 7.204488 0.0242 1.0 21.0
-4.251975 7.9085507 0.0242 1.0 21.0
-4.251975 7.9085507 0.0243 0.0 22.0
-3.784 9.297569 0.0243 0.0 22.0
-3.784 9.297569 0.0244 0.0 23.0
-4.381414 10.636026 0.0244 0.0 23.0
-5.537536 7.204488 0.0245 1.0 21.0
-6.8839955 7.783642 0.0245 1.0 21.0
-6.8839955 7.783642 0.0246 0.0 22.0
-7.4814095 9.122099 0.0246 0.0 22.0
-7.4814095 9.122099 0.0247 0.0 23.0
-7.0134344 10.511117 0.0247 0.0 23.0
-5.537536 7.204488 0.0248 3.0 21.0
-5.069561 8.593506 0.0248 3.0 21.0
-5.069561 8.593506 0.0249 2.0 22.0
-4.601586 9.982524 0.0249 2.0 22.0
-4.601586 9.982524 0.0250 1.0 23.0
-3.1791716 9.628815 0.0250 1.0 23.0
-3.1791716 9.628815 0.0251 0.0 24.0
-1.8936104 10.332878 0.0251 0.0 24.0
-1.8936104 10.332878 0.0252 0.0 25.0
-1.4256352 11.721896 0.0252 0.0 25.0
-4.601586 9.982524 0.0253 1.0 23.0
-5.199 11.320982 0.0253 1.0 23.0
-5.199 11.320982 0.0254 0.0 24.0
-4.7310247 12.71 0.0254 0.0 24.0
-4.7310247 12.71 0.0255 0.0 25.0
-3.4454637 13.414063 0.0255 0.0 25.0
-1.6497892 3.3692648 0.0256 11.0 17.0
-2.9962487 3.9484189 0.0256 11.0 17.0
-2.9962487 3.9484189 0.0257 10.0 18.0
-4.342708 4.5275726 0.0257 10.0 18.0
-4.342708 4.5275726 0.0258 1.0 19.0
-3.874733 5.9165907 0.0258 1.0 19.0
-3.874733 5.9165907 0.0259 0.0 20.0
-4.472147 7.2550483 0.0259 0.0 20.0
-4.472147 7.2550483 0.0260 0.0 21.0
-5.8186064 7.8342023 0.0260 0.0 21.0
-4.342708 4.5275726 0.0261 1.0 19.0
-5.7252326 4.0407476 0.0261 1.0 19.0
-5.7252326 4.0407476 0.0262 0.0 20.0
-7.0716925 4.619901 0.0262 0.0 20.0
-7.0716925 4.619901 0.0263 0.0 21.0
-7.6691074 5.9583583 0.0263 0.0 21.0
-4.342708 4.5275726 0.0264 9.0 19.0
-5.6891675 5.1067266 0.0264 9.0 19.0
-5.6891675 5.1067266 0.0265 8.0 20.0
-7.035627 5.6858807 0.0265 8.0 20.0
-7.035627 5.6858807 0.0266 1.0 21.0
-6.5676517 7.0748987 0.0266 1.0 21.0
-6.5676517 7.0748987 0.0267 0.0 22.0
-7.165066 8.413357 0.0267 0.0 22.0
-7.165066 8.413357 0.0268 0.0 23.0
-8.511525 8.992511 0.0268 0.0 23.0
-7.035627 5.6858807 0.0269 1.0 21.0
-8.418151 5.1990557 0.0269 1.0 21.0
-8.418151 5.1990557 0.0270 0.0 22.0
-9.76461 5.778209 0.0270 0.0 22.0
-9.76461 5.778209 0.0271 0.0 23.0
-10.362025 7.1166663 0.0271 0.0 23.0
-7.035627 5.6858807 0.0272 7.0 21.0
-8.382087 6.265034 0.0272 7.0 21.0
-8.382087 6.265034 0.0273 6.0 22.0
-9.728546 6.8441877 0.0273 6.0 22.0
-9.728546 6.8441877 0.0274 1.0 23.0
-9.2605715 8.233206 0.0274 1.0 23.0
-9.2605715 8.233206 0.0275 0.0 24.0
-9.857986 9.571663 0.0275 0.0 24.0
-9.857986 9.571663 0.0276 0.0 25.0
-11.204446 10.150816 0.0276 0.0 25.0
-9.728546 6.8441877 0.0277 1.0 23.0
-11.111071 6.3573627 0.0277 1.0 23.0
-11.111071 6.3573627 0.0278 0.0 24.0
-12.45753 6.9365163 0.0278 0.0 24.0
-12.45753 6.9365163 0.0279 0.0 25.0
-13.054945 8.274974 0.0279 0.0 25.0
-9.728546 6.8441877 0.0280 5.0 23.0
-11.111071 6.3573627 0.0280 5.0 23.0
-11.111071 6.3573627 0.0281 4.0 24.0
-12.493595 5.8705378 0.0281 4.0 24.0
-12.493595 5.8705378 0.0282 1.0 25.0
-13.09101 7.208995 0.0282 1.0 25.0
-13.09101 7.208995 0.0283 0.0 26.0
-14.4374695 7.7881484 0.0283 0.0 26.0
-14.4374695 7.7881484 0.0284 0.0 27.0
-15.819994 7.3013234 0.0284 0.0 27.0
-12.493595 5.8705378 0.0285 1.0 25.0
-13.180106 4.5755186 0.0285 1.0 25.0
-13.180106 4.5755186 0.0286 0.0 26.0
-14.562631 4.0886936 0.0286 0.0 26.0
-14.562631 4.0886936 0.0287 0.0 27.0
-15.90909 4.667847 0.0287 0.0 27.0
-12.493595 5.8705378 0.0288 3.0 25.0
-13.180106 4.5755186 0.0288 3.0 25.0
-13.180106 4.5755186 0.0289 2.0 26.0
-13.866617 3.2804995 0.0289 2.0 26.0
-13.866617 3.2804995 0.0290 1.0 27.0
-15.213077 3.8596528 0.0290 1.0 27.0
-15.213077 3.8596528 0.0291 0.0 28.0
-16.5956 3.3728278 0.0291 0.0 28.0
-16.5956 3.3728278 0.0292 0.0 29.0
-17.282112 2.0778086 0.0292 0.0 29.0
-13.866617 3.2804995 0.0293 1.0 27.0
-13.493592 1.8630283 0.0293 1.0 27.0
-13.493592 1.8630283 0.0294 0.0 28.0
-14.180103 0.56800914 0.0294 0.0 28.0
-14.180103 0.56800914 0.0295 0.0 29.0
-15.562628 0.08118406 0.0295 0.0 29.0
-7.035627 5.6858807 0.0296 7.0 21.0
-6.6626015 4.2684097 0.0296 7.0 21.0
-6.6626015 4.2684097 0.0297 6.0 22.0
-6.289576 2.8509386 0.0297 6.0 22.0
-6.289576 2.8509386 0.0298 1.0 23.0
-7.6721005 2.3641136 0.0298 1.0 23.0
-7.6721005 2.3641136 0.0299 0.0 24.0
-8.358612 1.0690944 0.0299 0.0 24.0
-8.358612 1.0690944 0.0300 0.0 25.0
-7.9855866 -0.34837675 0.0300 0.0 25.0
-6.289576 2.8509386 0.0301 1.0 23.0
-5.0545397 2.0615988 0.0301 1.0 23.0
-5.0545397 2.0615988 0.0302 0.0 24.0
-4.6815143 0.6441276 0.0302 0.0 24.0
-4.6815143 0.6441276 0.0303 0.0 25.0
-5.3680253 -0.65089154 0.0303 0.0 25.0
-6.289576 2.8509386 0.0304 5.0 23.0
-6.976087 1.5559194 0.0304 5.0 23.0
-6.976087 1.5559194 0.0305 4.0 24.0
-7.662598 0.26090026 0.0305 4.0 24.0
-7.662598 0.26090026 0.0306 1.0 25.0
-9.009058 0.8400536 0.0306 1.0 25.0
-9.009058 0.8400536 0.0307 0.0 26.0
-10.3915825 0.35322854 0.0307 0.0 26.0
-10.3915825 0.35322854 0.0308 0.0 27.0
-11.078094 -0.9417906 0.0308 0.0 27.0
-7.662598 0.26090026 0.0309 1.0 25.0
-7.2895727 -1.1565709 0.0309 1.0 25.0
-7.2895727 -1.1565709 0.0310 0.0 26.0
-7.9760838 -2.45159 0.0310 0.0 26.0
-7.9760838 -2.45159 0.0311 0.0 27.0
-9.358608 -2.938415 0.0311 0.0 27.0
-7.662598 0.26090026 0.0312 3.0 25.0
-9.045122 -0.22592482 0.0312 3.0 25.0
-9.045122 -0.22592482 0.0313 2.0 26.0
-10.427647 -0.7127499 0.0313 2.0 26.0
-10.427647 -0.7127499 0.0314 1.0 27.0
-11.025062 0.6257073 0.0314 1.0 27.0
-11.025062 0.6257073 0.0315 0.0 28.0
-12.371521 1.2048607 0.0315 0.0 28.0
-12.371521 1.2048607 0.0316 0.0 29.0
-13.7540455 0.7180356 0.0316 0.0 29.0
-10.427647 -0.7127499 0.0317 1.0 27.0
-11.114158 -2.007769 0.0317 1.0 27.0
-11.114158 -2.007769 0.0318 0.0 28.0
-12.496682 -2.494594 0.0318 0.0 28.0
-12.496682 -2.494594 0.0319 0.0 29.0
-13.843142 -1.9154408 0.0319 0.0 29.0
-5.843593 6.338721 0.0320 19.0 9.0
-4.558032 7.0427837 0.0320 19.0 9.0
-4.558032 7.0427837 0.0321 18.0 10.0
-3.272471 7.7468467 0.0321 18.0 10.0
-3.272471 7.7468467 0.0322 1.0 11.0
-2.466404 6.522662 0.0322 1.0 11.0
-2.466404 6.522662 0.0323 0.0 12.0
-1.0439898 6.168953 0.0323 0.0 12.0
-1.0439898 6.168953 0.0324 0.0 13.0
0.24157143 6.873016 0.0324 0.0 13.0
-3.272471 7.7468467 0.0325 1.0 11.0
-2.8044958 9.135865 0.0325 1.0 11.0
-2.8044958 9.135865 0.0326 0.0 12.0
-1.5189346 9.839929 0.0326 0.0 12.0
-1.5189346 9.839929 0.0327 0.0 13.0
-0.096520424 9.486219 0.0327 0.0 13.0
-3.272471 7.7468467 0.0328 17.0 11.0
-1.9869097 8.45091 0.0328 17.0 11.0
-1.9869097 8.45091 0.0329 16.0 12.0
-0.70134854 9.154973 0.0329 16.0 12.0
-0.70134854 9.154973 0.0330 1.0 13.0
0.104718566 7.9307885 0.0330 1.0 13.0
0.104718566 7.9307885 0.0331 0.0 14.0
1.5271327 7.5770793 0.0331 0.0 14.0
1.5271327 7.5770793 0.0332 0.0 15.0
2.812694 8.281142 0.0332 0.0 15.0
-0.70134854 9.154973 0.0333 1.0 13.0
-0.23337343 10.543991 0.0333 1.0 13.0
-0.23337343 10.543991 0.0334 0.0 14.0
1.0521878 11.2480545 0.0334 0.0 14.0
1.0521878 11.2480545 0.0335 0.0 15.0
2.474602 10.894345 0.0335 0.0 15.0
-0.70134854 9.154973 0.0336 7.0 13.0
0.58421266 9.859036 0.0336 7.0 13.0
0.58421266 9.859036 0.0337 6.0 14.0
1.8697739 10.5631 0.0337 6.0 14.0
1.8697739 10.5631 0.0338 1.0 15.0
2.6758409 9.338915 0.0338 1.0 15.0
2.6758409 9.338915 0.0339 0.0 16.0
4.098255 8.985206 0.0339 0.0 16.0
4.098255 8.985206 0.0340 0.0 17.0
5.3838162 9.689269 0.0340 0.0 17.0
1.8697739 10.5631 0.0341 1.0 15.0
2.337749 11.952118 0.0341 1.0 15.0
2.337749 11.952118 0.0342 0.0 16.0
3.62331 12.656181 0.0342 0.0 16.0
3.62331 12.656181 0.0343 0.0 17.0
5.0457244 12.302472 0.0343 0.0 17.0
1.8697739 10.5631 0.0344 5.0 15.0
2.337749 11.952118 0.0344 5.0 15.0
2.337749 11.952118 0.0345 4.0 16.0
2.8057241 13.341136 0.0345 4.0 16.0
2.8057241 13.341136 0.0346 1.0 17.0
4.2281384 12.987427 0.0346 1.0 17.0
4.2281384 12.987427 0.0347 0.0 18.0
5.5136995 13.69149 0.0347 0.0 18.0
5.5136995 13.69149 0.0348 0.0 19.0
5.9816747 15.080508 0.0348 0.0 19.0
2.8057241 13.341136 0.0349 1.0 17.0
2.2083101 14.679594 0.0349 1.0 17.0
2.2083101 14.679594 0.0350 0.0 18.0
2.6762853 16.068613 0.0350 0.0 18.0
2.6762853 16.068613 0.0351 0.0 19.0
3.9618464 16.772676 0.0351 0.0 19.0
2.8057241 13.341136 0.0352 3.0 17.0
2.2083101 14.679594 0.0352 3.0 17.0
2.2083101 14.679594 0.0353 2.0 18.0
1.610896 16.018051 0.0353 2.0 18.0
1.610896 16.018051 0.0354 1.0 19.0
2.8964572 16.722115 0.0354 1.0 19.0
2.8964572 16.722115 0.0355 0.0 20.0
3.3644323 18.111134 0.0355 0.0 20.0
3.3644323 18.111134 0.0356 0.0 21.0
2.7670183 19.44959 0.0356 0.0 21.0
1.610896 16.018051 0.0357 1.0 19.0
0.2644366 16.597206 0.0357 1.0 19.0
0.2644366 16.597206 0.0358 0.0 20.0
-0.33297753 17.935663 0.0358 0.0 20.0
-0.33297753 17.935663 0.0359 0.0 21.0
0.13499758 19.324682 0.0359 0.0 21.0
-0.70134854 9.154973 0.0360 7.0 13.0
-2.047808 9.734127 0.0360 7.0 13.0
-2.047808 9.734127 0.0361 6.0 14.0
-3.3942673 10.313281 0.0361 6.0 14.0
-3.3942673 10.313281 0.0362 1.0 15.0
-2.9262922 11.702299 0.0362 1.0 15.0
-2.9262922 11.702299 0.0363 0.0 16.0
-3.5237064 13.040756 0.0363 0.0 16.0
-3.5237064 13.040756 0.0364 0.0 17.0
-4.870166 13.61991 0.0364 0.0 17.0
-3.3942673 10.313281 0.0365 1.0 15.0
-4.7767916 9.826456 0.0365 1.0 15.0
-4.7767916 9.826456 0.0366 0.0 16.0
-6.123251 10.405609 0.0366 0.0 16.0
-6.123251 10.405609 0.0367 0.0 17.0
-6.720666 11.744066 0.0367 0.0 17.0
-3.3942673 10.313281 0.0368 5.0 15.0
-3.9916816 11.651739 0.0368 5.0 15.0
-3.9916816 11.651739 0.0369 4.0 16.0
-4.5890956 12.990196 0.0369 4.0 16.0
-4.5890956 12.990196 0.0370 1.0 17.0
-3.3035345 13.69426 0.0370 1.0 17.0
-3.3035345 13.69426 0.0371 0.0 18.0
-2.8355594 15.083278 0.0371 0.0 18.0
-2.8355594 15.083278 0.0372 0.0 19.0
-3.4329734 16.421736 0.0372 0.0 19.0
-4.5890956 12.990196 0.0373 1.0 17.0
-5.935555 13.56935 0.0373 1.0 17.0
-5.935555 13.56935 0.0374 0.0 18.0
-6.532969 14.907808 0.0374 0.0 18.0
-6.532969 14.907808 0.0375 0.0 19.0
-6.064994 16.296827 0.0375 0.0 19.0
-4.5890956 12.990196 0.0376 3.0 17.0
-4.1211205 14.379214 0.0376 3.0 17.0
-4.1211205 14.379214 0.0377 2.0 18.0
-3.6531453 15.768232 0.0377 2.0 18.0
-3.6531453 15.768232 0.0378 1.0 19.0
-2.230731 15.414523 0.0378 1.0 19.0
-2.230731 15.414523 0.0379 0.0 20.0
-0.9451698 16.118586 0.0379 0.0 20.0
-0.9451698 16.118586 0.0380 0.0 21.0
-0.4771947 17.507605 0.0380 0.0 21.0
-3.6531453 15.768232 0.0381 1.0 19.0
-4.2505593 17.10669 0.0381 1.0 19.0
-4.2505593 17.10669 0.0382 0.0 20.0
-3.7825842 18.495708 0.0382 0.0 20.0
-3.7825842 18.495708 0.0383 0.0 21.0
-2.497023 19.199772 0.0383 0.0 21.0
-0.70134854 9.154973 0.0384 15.0 13.0
-0.23337343 10.543991 0.0384 15.0 13.0
-0.23337343 10.543991 0.0385 14.0 14.0
0.23460168 11.933009 0.0385 14.0 14.0
0.23460168 11.933009 0.0386 1.0 15.0
1.6570158 11.5793 0.0386 1.0 15.0
1.6570158 11.5793 0.0387 0.0 16.0
2.942577 12.283363 0.0387 0.0 16.0
2.942577 12.283363 0.0388 0.0 17.0
3.410552 13.672381 0.0388 0.0 17.0
0.23460168 11.933009 0.0389 1.0 15.0
-0.36281246 13.271467 0.0389 1.0 15.0
-0.36281246 13.271467 0.0390 0.0 16.0
0.10516265 14.660485 0.0390 0.0 16.0
0.10516265 14.660485 0.0391 0.0 17.0
1.3907238 15.364549 0.0391 0.0 17.0
0.23460168 11.933009 0.0392 13.0 15.0
0.70257676 13.322027 0.0392 13.0 15.0
0.70257676 13.322027 0.0393 12.0 16.0
1.1705519 14.711045 0.0393 12.0 16.0
1.1705519 14.711045 0.0394 1.0 17.0
2.592966 14.357336 0.0394 1.0 17.0
2.592966 14.357336 0.0395 0.0 18.0
3.8785272 15.061399 0.0395 0.0 18.0
3.8785272 15.061399 0.0396 0.0 19.0
4.3465023 16.450418 0.0396 0.0 19.0
1.1705519 14.711045 0.0397 1.0 17.0
0.57313776 16.049503 0.0397 1.0 17.0
0.57313776 16.049503 0.0398 0.0 18.0
1.0411129 17.438522 0.0398 0.0 18.0
1.0411129 17.438522 0.0399 0.0 19.0
2.326674 18.142586 0.0399 0.0 19.0
1.1705519 14.711045 0.0400 7.0 17.0
1.638527 16.100063 0.0400 7.0 17.0
1.638527 16.100063 0.0401 6.0 18.0
2.106502 17.489082 0.0401 6.0 18.0
2.106502 17.489082 0.0402 1.0 19.0
3.5289164 17.135374 0.0402 1.0 19.0
3.5289164 17.135374 0.0403 0.0 20.0
4.8144774 17.839437 0.0403 0.0 20.0
4.8144774 17.839437 0.0404 0.0 21.0
5.2824526 19.228456 0.0404 0.0 21.0
2.106502 17.489082 0.0405 1.0 19.0
1.5090879 18.82754 0.0405 1.0 19.0
1.5090879 18.82754 0.0406 0.0 20.0
1.9770631 20.216558 0.0406 0.0 20.0
1.9770631 20.216558 0.0407 0.0 21.0
3.2626243 20.920622 0.0407 0.0 21.0
2.106502 17.489082 0.0408 5.0 19.0
1.5090879 18.82754 0.0408 5.0 19.0
1.5090879 18.82754 0.0409 4.0 20.0
0.9116738 20.165997 0.0409 4.0 20.0
0.9116738 20.165997 0.0410 1.0 21.0
2.197235 20.87006 0.0410 1.0 21.0
2.197235 20.87006 0.0411 0.0 22.0
2.6652102 22.259079 0.0411 0.0 22.0
2.6652102 22.259079 0.0412 0.0 23.0
2.0677962 23.597536 0.0412 0.0 23.0
0.9116738 20.165997 0.0413 1.0 21.0
-0.4347856 20.745152 0.0413 1.0 21.0
-0.4347856 20.745152 0.0414 0.0 22.0
-1.0321997 22.083609 0.0414 0.0 22.0
-1.0321997 22.083609 0.0415 0.0 23.0
-0.5642246 23.472628 0.0415 0.0 23.0
0.9116738 20.165997 0.0416 3.0 21.0
-0.4347856 20.745152 0.0416 3.0 21.0
-0.4347856 20.745152 0.0417 2.0 22.0
-1.781245 21.324306 0.0417 2.0 22.0
-1.781245 21.324306 0.0418 1.0 23.0
-1.3132699 22.713326 0.0418 1.0 23.0
-1.3132699 22.713326 0.0419 0.0 24.0
-1.910684 24.051783 0.0419 0.0 24.0
-1.910684 24.051783 0.0420 0.0 25.0
-3.2571435 24.630936 0.0420 0.0 25.0
-1.781245 21.324306 0.0421 1.0 23.0
-3.1637692 20.83748 0.0421 1.0 23.0
-3.1637692 20.83748 0.0422 0.0 24.0
-4.510229 21.416634 0.0422 0.0 24.0
-4.510229 21.416634 0.0423 0.0 25.0
-5.107644 22.75509 0.0423 0.0 25.0
1.1705519 14.711045 0.0424 7.0 17.0
-0.21197248 14.22422 0.0424 7.0 17.0
-0.21197248 14.22422 0.0425 6.0 18.0
-1.5944968 13.737395 0.0425 6.0 18.0
-1.5944968 13.737395 0.0426 1.0 19.0
-2.1919117 15.075852 0.0426 1.0 19.0
-2.1919117 15.075852 0.0427 0.0 20.0
-3.5383713 15.655005 0.0427 0.0 20.0
-3.5383713 15.655005 0.0428 0.0 21.0
-4.9208956 15.16818 0.0428 0.0 21.0
-1.5944968 13.737395 0.0429 1.0 19.0
-2.281008 12.442376 0.0429 1.0 19.0
-2.281008 12.442376 0.0430 0.0 20.0
-3.6635323 11.955551 0.0430 0.0 20.0
-3.6635323 11.955551 0.0431 0.0 21.0
-5.0099916 12.534704 0.0431 0.0 21.0
-1.5944968 13.737395 0.0432 5.0 19.0
-2.9409566 14.316548 0.0432 5.0 19.0
-2.9409566 14.316548 0.0433 4.0 20.0
-4.2874165 14.895701 0.0433 4.0 20.0
-4.2874165 14.895701 0.0434 1.0 21.0
-3.819442 16.28472 0.0434 1.0 21.0
-3.819442 16.28472 0.0435 0.0 22.0
-4.416857 17.623177 0.0435 0.0 22.0
-4.416857 17.623177 0.0436 0.0 23.0
-5.763316 18.20233 0.0436 0.0 23.0
-4.2874165 14.895701 0.0437 1.0 21.0
-5.669941 14.408876 0.0437 1.0 21.0
-5.669941 14.408876 0.0438 0.0 22.0
-7.0164003 14.9880295 0.0438 0.0 22.0
-7.0164003 14.9880295 0.0439 0.0 23.0
-7.6138153 16.326487 0.0439 0.0 23.0
-4.2874165 14.895701 0.0440 3.0 21.0
-4.8848314 16.23416 0.0440 3.0 21.0
-4.8848314 16.23416 0.0441 2.0 22.0
-5.4822464 17.572617 0.0441 2.0 22.0
-5.4822464 17.572617 0.0442 1.0 23.0
-4.196686 18.27668 0.0442 1.0 23.0
-4.196686 18.27668 0.0443 0.0 24.0
-3.7287114 19.665699 0.0443 0.0 24.0
-3.7287114 19.665699 0.0444 0.0 25.0
-4.326126 21.004156 0.0444 0.0 25.0
-5.4822464 17.572617 0.0445 1.0 23.0
-6.828706 18.15177 0.0445 1.0 23.0
-6.828706 18.15177 0.0446 0.0 24.0
-7.4261208 19.490227 0.0446 0.0 24.0
-7.4261208 19.490227 0.0447 0.0 25.0
-6.958146 20.879246 0.0447 0.0 25.0
1.1705519 14.711045 0.0448 11.0 17.0
0.57313776 16.049503 0.0448 11.0 17.0
0.57313776 16.049503 0.0449 10.0 18.0
-0.024276376 17.38796 0.0449 10.0 18.0
-0.024276376 17.38796 0.0450 1.0 19.0
1.2612848 18.092024 0.0450 1.0 19.0
1.2612848 18.092024 0.0451 0.0 20.0
1.72926 19.481043 0.0451 0.0 20.0
1.72926 19.481043 0.0452 0.0 21.0
1.1318458 20.8195 0.0452 0.0 21.0
-0.024276376 17.38796 0.0453 1.0 19.0
-1.3707358 17.967113 0.0453 1.0 19.0
-1.3707358 17.967113 0.0454 0.0 20.0
-1.9681499 19.30557 0.0454 0.0 20.0
-1.9681499 19.30557 0.0455 0.0 21.0
-1.5001748 20.69459 0.0455 0.0 21.0
-0.024276376 17.38796 0.0456 9.0 19.0
-0.6216905 18.726418 0.0456 9.0 19.0
-0.6216905 18.726418 0.0457 8.0 20.0
-1.2191046 20.064875 0.0457 8.0 20.0
-1.2191046 20.064875 0.0458 1.0 21.0
0.06645656 20.768938 0.0458 1.0 21.0
0.06645656 20.768938 0.0459 0.0 22.0
0.5344317 22.157957 0.0459 0.0 22.0
0.5344317 22.157957 0.0460 0.0 23.0
-0.06298244 23.496414 0.0460 0.0 23.0
-1.2191046 20.064875 0.0461 1.0 21.0
-2.5655642 20.644028 0.0461 1.0 21.0
-2.5655642 20.644028 0.0462 0.0 22.0
-3.1629782 21.982485 0.0462 0.0 22.0
-3.1629782 21.982485 0.0463 0.0 23.0
-2.695003 23.371504 0.0463 0.0 23.0
-1.2191046 20.064875 0.0464 7.0 21.0
-1.8165188 21.403332 0.0464 7.0 21.0
-1.8165188 21.403332 0.0465 6.0 22.0
-2.4139328 22.741789 0.0465 6.0 22.0
-2.4139328 22.741789 0.0466 1.0 23.0
-1.1283716 23.445852 0.0466 1.0 23.0
-1.1283716 23.445852 0.0467 0.0 24.0
-0.66039646 24.834871 0.0467 0.0 24.0
-0.66039646 24.834871 0.0468 0.0 25.0
-1.2578106 26.173328 0.0468 0.0 25.0
-2.4139328 22.741789 0.0469 1.0 23.0
-3.7603922 23.320942 0.0469 1.0 23.0
-3.7603922 23.320942 0.0470 0.0 24.0
-4.357806 24.659399 0.0470 0.0 24.0
-4.357806 24.659399 0.0471 0.0 25.0
-3.889831 26.048418 0.0471 0.0 25.0
-2.4139328 22.741789 0.0472 5.0 23.0
-3.7603922 23.320942 0.0472 5.0 23.0
-3.7603922 23.320942 0.0473 4.0 24.0
-5.1068516 23.900097 0.0473 4.0 24.0
-5.1068516 23.900097 0.0474 1.0 25.0
-4.6388764 25.289116 0.0474 1.0 25.0
-4.6388764 25.289116 0.0475 0.0 26.0
-5.2362905 26.627573 0.0475 0.0 26.0
-5.2362905 26.627573 0.0476 0.0 27.0
-6.58275 27.206726 0.0476 0.0 27.0
-5.1068516 23.900097 0.0477 1.0 25.0
-6.489376 23.41327 0.0477 1.0 25.0
-6.489376 23.41327 0.0478 0.0 26.0
-7.8358355 23.992424 0.0478 0.0 26.0
-7.8358355 23.992424 0.0479 0.0 27.0
-8.43325 25.330881 0.0479 0.0 27.0
-5.1068516 23.900097 0.0480 3.0 25.0
-6.489376 23.41327 0.0480 3.0 25.0
-6.489376 23.41327 0.0481 2.0 26.0
-7.8719006 22.926445 0.0481 2.0 26.0
-7.8719006 22.926445 0.0482 1.0 27.0
-8.469316 24.264902 0.0482 1.0 27.0
-8.469316 24.264902 0.0483 0.0 28.0
-9.815775 24.844055 0.0483 0.0 28.0
-9.815775 24.844055 0.0484 0.0 29.0
-11.198299 24.35723 0.0484 0.0 29.0
-7.8719006 22.926445 0.0485 1.0 27.0
-8.558412 21.631426 0.0485 1.0 27.0
-8.558412 21.631426 0.0486 0.0 28.0
-9.940936 21.1446 0.0486 0.0 28.0
-9.940936 21.1446 0.0487 0.0 29.0
-11.2873955 21.723753 0.0487 0.0 29.0
-1.2191046 20.064875 0.0488 7.0 21.0
-1.9056158 18.769855 0.0488 7.0 21.0
-1.9056158 18.769855 0.0489 6.0 22.0
-2.592127 17.474836 0.0489 6.0 22.0
-2.592127 17.474836 0.0490 1.0 23.0
-3.9385867 18.05399 0.0490 1.0 23.0
-3.9385867 18.05399 0.0491 0.0 24.0
-5.321111 17.567163 0.0491 0.0 24.0
-5.321111 17.567163 0.0492 0.0 25.0
-6.0076222 16.272144 0.0492 0.0 25.0
-2.592127 17.474836 0.0493 1.0 23.0
-2.219102 16.057365 0.0493 1.0 23.0
-2.219102 16.057365 0.0494 0.0 24.0
-2.9056132 14.762346 0.0494 0.0 24.0
-2.9056132 14.762346 0.0495 0.0 25.0
-4.2881374 14.275521 0.0495 0.0 25.0
-2.592127 17.474836 0.0496 5.0 23.0
-3.9746513 16.98801 0.0496 5.0 23.0
-3.9746513 16.98801 0.0497 4.0 24.0
-5.357176 16.501184 0.0497 4.0 24.0
-5.357176 16.501184 0.0498 1.0 25.0
-5.954591 17.839642 0.0498 1.0 25.0
-5.954591 17.839642 0.0499 0.0 26.0
-7.30105 18.418795 0.0499 0.0 26.0
-7.30105 18.418795 0.0500 0.0 27.0
-8.683575 17.931969 0.0500 0.0 27.0
-5.357176 16.501184 0.0501 1.0 25.0
-6.043687 15.206165 0.0501 1.0 25.0
-6.043687 15.206165 0.0502 0.0 26.0
-7.4262114 14.71934 0.0502 0.0 26.0
-7.4262114 14.71934 0.0503 0.0 27.0
-8.772671 15.298493 0.0503 0.0 27.0
-5.357176 16.501184 0.0504 3.0 25.0
-6.703635 17.080338 0.0504 3.0 25.0
-6.703635 17.080338 0.0505 2.0 26.0
-8.050095 17.65949 0.0505 2.0 26.0
-8.050095 17.65949 0.0506 1.0 27.0
-7.58212 19.04851 0.0506 1.0 27.0
-7.58212 19.04851 0.0507 0.0 28.0
-8.179535 20.386967 0.0507 0.0 28.0
-8.179535 20.386967 0.0508 0.0 29.0
-9.525994 20.96612 0.0508 0.0 29.0
-8.050095 17.65949 0.0509 1.0 27.0
-9.432619 17.172665 0.0509 1.0 27.0
-9.432619 17.172665 0.0510 0.0 28.0
-10.7790785 17.751818 0.0510 0.0 28.0
-10.7790785 17.751818 0.0511 0.0 29.0
-11.376493 19.090275 0.0511 0.0 29.0
