0.0 0.0 0.00 29.0 1.0
0.0 4.559788 0.00 29.0 1.0
0.0 4.559788 0.01 0.0 2.0
2.5784614 8.320534 0.01 0.0 2.0
0.0 4.559788 0.02 28.0 2.0
0.0 9.119576 0.02 28.0 2.0
0.0 9.119576 0.03 0.0 3.0
2.5784614 12.8803215 0.03 0.0 3.0
0.0 9.119576 0.04 0.0 3.0
0.0 13.679365 0.04 0.0 3.0
0.0 9.119576 0.05 1.0 3.0
2.5784614 12.8803215 0.05 1.0 3.0
2.5784614 12.8803215 0.06 0.0 4.0
6.8317013 14.523982 0.06 0.0 4.0
2.5784614 12.8803215 0.07 0.0 4.0
5.156923 16.641068 0.07 0.0 4.0
5.156923 16.641068 0.08 0.0 5.0
9.410163 18.284727 0.08 0.0 5.0
5.156923 16.641068 0.09 0.0 5.0
7.735384 20.401814 0.09 0.0 5.0
0.0 9.119576 0.010 27.0 3.0
0.0 13.679365 0.010 27.0 3.0
0.0 13.679365 0.011 0.0 4.0
2.5784614 17.440111 0.011 0.0 4.0
0.0 13.679365 0.012 26.0 4.0
0.0 18.239153 0.012 26.0 4.0
0.0 18.239153 0.013 0.0 5.0
2.5784614 21.999899 0.013 0.0 5.0
0.0 18.239153 0.014 0.0 5.0
0.0 22.79894 0.014 0.0 5.0
0.0 18.239153 0.015 1.0 5.0
-2.5784614 21.999899 0.015 1.0 5.0
-2.5784614 21.999899 0.016 0.0 6.0
-2.5784614 26.559687 0.016 0.0 6.0
-2.5784614 21.999899 0.017 0.0 6.0
-5.156923 25.760645 0.017 0.0 6.0
-5.156923 25.760645 0.018 0.0 7.0
-5.156923 30.320433 0.018 0.0 7.0
-5.156923 25.760645 0.019 0.0 7.0
-7.735384 29.52139 0.019 0.0 7.0
0.0 18.239153 0.020 1.0 5.0
0.0 22.79894 0.020 1.0 5.0
0.0 22.79894 0.021 0.0 6.0
2.5784614 26.559687 0.021 0.0 6.0
0.0 22.79894 0.022 0.0 6.0
0.0 27.358728 0.022 0.0 6.0
0.0 27.358728 0.023 0.0 7.0
2.5784614 31.119474 0.023 0.0 7.0
0.0 27.358728 0.024 0.0 7.0
0.0 31.918516 0.024 0.0 7.0
0.0 18.239153 0.025 5.0 5.0
2.5784614 21.999899 0.025 5.0 5.0
2.5784614 21.999899 0.026 0.0 6.0
6.8317013 23.643559 0.026 0.0 6.0
2.5784614 21.999899 0.027 4.0 6.0
5.156923 25.760645 0.027 4.0 6.0
5.156923 25.760645 0.028 0.0 7.0
9.410163 27.404305 0.028 0.0 7.0
5.156923 25.760645 0.029 0.0 7.0
7.735384 29.52139 0.029 0.0 7.0
5.156923 25.760645 0.030 1.0 7.0
9.410163 27.404305 0.030 1.0 7.0
9.410163 27.404305 0.031 0.0 8.0
13.847532 26.35482 0.031 0.0 8.0
9.410163 27.404305 0.032 0.0 8.0
13.663403 29.047964 0.032 0.0 8.0
13.663403 29.047964 0.033 0.0 9.0
18.100773 27.99848 0.033 0.0 9.0
13.663403 29.047964 0.034 0.0 9.0
17.916643 30.691624 0.034 0.0 9.0
5.156923 25.760645 0.035 3.0 7.0
7.735384 29.52139 0.035 3.0 7.0
7.735384 29.52139 0.036 0.0 8.0
11.988625 31.16505 0.036 0.0 8.0
7.735384 29.52139 0.037 2.0 8.0
10.313846 33.282135 0.037 2.0 8.0
10.313846 33.282135 0.038 0.0 9.0
14.567085 34.925797 0.038 0.0 9.0
10.313846 33.282135 0.039 0.0 9.0
12.892307 37.04288 0.039 0.0 9.0
10.313846 33.282135 0.040 1.0 9.0
10.313846 37.841923 0.040 1.0 9.0
10.313846 37.841923 0.041 0.0 10.0
12.892307 41.60267 0.041 0.0 10.0
10.313846 37.841923 0.042 0.0 10.0
10.313846 42.40171 0.042 0.0 10.0
10.313846 42.40171 0.043 0.0 11.0
12.892307 46.162457 0.043 0.0 11.0
10.313846 42.40171 0.044 0.0 11.0
10.313846 46.9615 0.044 0.0 11.0
10.313846 33.282135 0.045 1.0 9.0
12.892307 37.04288 0.045 1.0 9.0
12.892307 37.04288 0.046 0.0 10.0
17.145548 38.686543 0.046 0.0 10.0
12.892307 37.04288 0.047 0.0 10.0
15.470769 40.803627 0.047 0.0 10.0
15.470769 40.803627 0.048 0.0 11.0
19.724009 42.44729 0.048 0.0 11.0
15.470769 40.803627 0.049 0.0 11.0
18.04923 44.564373 0.049 0.0 11.0
0.0 18.239153 0.050 25.0 5.0
0.0 22.79894 0.050 25.0 5.0
0.0 22.79894 0.051 0.0 6.0
2.5784614 26.559687 0.051 0.0 6.0
0.0 22.79894 0.052 24.0 6.0
0.0 27.358728 0.052 24.0 6.0
0.0 27.358728 0.053 0.0 7.0
2.5784614 31.119474 0.053 0.0 7.0
0.0 27.358728 0.054 0.0 7.0
0.0 31.918516 0.054 0.0 7.0
0.0 27.358728 0.055 1.0 7.0
2.5784614 31.119474 0.055 1.0 7.0
2.5784614 31.119474 0.056 0.0 8.0
6.8317013 32.763134 0.056 0.0 8.0
2.5784614 31.119474 0.057 0.0 8.0
5.156923 34.88022 0.057 0.0 8.0
5.156923 34.88022 0.058 0.0 9.0
9.410163 36.52388 0.058 0.0 9.0
5.156923 34.88022 0.059 0.0 9.0
7.735384 38.640965 0.059 0.0 9.0
0.0 27.358728 0.060 23.0 7.0
0.0 31.918516 0.060 23.0 7.0
0.0 31.918516 0.061 0.0 8.0
2.5784614 35.67926 0.061 0.0 8.0
0.0 31.918516 0.062 22.0 8.0
0.0 36.478306 0.062 22.0 8.0
0.0 36.478306 0.063 0.0 9.0
2.5784614 40.23905 0.063 0.0 9.0
0.0 36.478306 0.064 0.0 9.0
0.0 41.038094 0.064 0.0 9.0
0.0 36.478306 0.065 1.0 9.0
-2.5784614 40.23905 0.065 1.0 9.0
-2.5784614 40.23905 0.066 0.0 10.0
-2.5784614 44.79884 0.066 0.0 10.0
-2.5784614 40.23905 0.067 0.0 10.0
-5.156923 43.999798 0.067 0.0 10.0
-5.156923 43.999798 0.068 0.0 11.0
-5.156923 48.559586 0.068 0.0 11.0
-5.156923 43.999798 0.069 0.0 11.0
-7.735384 47.760544 0.069 0.0 11.0
0.0 36.478306 0.070 1.0 9.0
0.0 41.038094 0.070 1.0 9.0
0.0 41.038094 0.071 0.0 10.0
2.5784614 44.79884 0.071 0.0 10.0
0.0 41.038094 0.072 0.0 10.0
0.0 45.59788 0.072 0.0 10.0
0.0 45.59788 0.073 0.0 11.0
2.5784614 49.358627 0.073 0.0 11.0
0.0 45.59788 0.074 0.0 11.0
0.0 50.15767 0.074 0.0 11.0
0.0 36.478306 0.075 5.0 9.0
-2.5784614 40.23905 0.075 5.0 9.0
-2.5784614 40.23905 0.076 0.0 10.0
-2.5784614 44.79884 0.076 0.0 10.0
-2.5784614 40.23905 0.077 4.0 10.0
-5.156923 43.999798 0.077 4.0 10.0
-5.156923 43.999798 0.078 0.0 11.0
-5.156923 48.559586 0.078 0.0 11.0
-5.156923 43.999798 0.079 0.0 11.0
-7.735384 47.760544 0.079 0.0 11.0
-5.156923 43.999798 0.080 1.0 11.0
-5.156923 48.559586 0.080 1.0 11.0
-5.156923 48.559586 0.081 0.0 12.0
-2.5784614 52.32033 0.081 0.0 12.0
-5.156923 48.559586 0.082 0.0 12.0
-5.156923 53.119373 0.082 0.0 12.0
-5.156923 53.119373 0.083 0.0 13.0
-2.5784614 56.88012 0.083 0.0 13.0
-5.156923 53.119373 0.084 0.0 13.0
-5.156923 57.67916 0.084 0.0 13.0
-5.156923 43.999798 0.085 3.0 11.0
-7.735384 47.760544 0.085 3.0 11.0
-7.735384 47.760544 0.086 0.0 12.0
-7.735384 52.32033 0.086 0.0 12.0
-7.735384 47.760544 0.087 2.0 12.0
-10.313846 51.52129 0.087 2.0 12.0
-10.313846 51.52129 0.088 0.0 13.0
-10.313846 56.081078 0.088 0.0 13.0
-10.313846 51.52129 0.089 0.0 13.0
-12.892307 55.282036 0.089 0.0 13.0
-10.313846 51.52129 0.090 1.0 13.0
-14.567085 53.16495 0.090 1.0 13.0
-14.567085 53.16495 0.091 0.0 14.0
-17.145546 56.925697 0.091 0.0 14.0
-14.567085 53.16495 0.092 0.0 14.0
-18.820326 54.808613 0.092 0.0 14.0
-18.820326 54.808613 0.093 0.0 15.0
-21.398787 58.56936 0.093 0.0 15.0
-18.820326 54.808613 0.094 0.0 15.0
-23.073566 56.452274 0.094 0.0 15.0
-10.313846 51.52129 0.095 1.0 13.0
-12.892307 55.282036 0.095 1.0 13.0
-12.892307 55.282036 0.096 0.0 14.0
-12.892307 59.841824 0.096 0.0 14.0
-12.892307 55.282036 0.097 0.0 14.0
-15.470769 59.04278 0.097 0.0 14.0
-15.470769 59.04278 0.098 0.0 15.0
-15.470769 63.60257 0.098 0.0 15.0
-15.470769 59.04278 0.099 0.0 15.0
-18.04923 62.803528 0.099 0.0 15.0
0.0 36.478306 0.0100 5.0 9.0
0.0 41.038094 0.0100 5.0 9.0
0.0 41.038094 0.0101 0.0 10.0
2.5784614 44.79884 0.0101 0.0 10.0
0.0 41.038094 0.0102 4.0 10.0
0.0 45.59788 0.0102 4.0 10.0
0.0 45.59788 0.0103 0.0 11.0
2.5784614 49.358627 0.0103 0.0 11.0
0.0 45.59788 0.0104 0.0 11.0
0.0 50.15767 0.0104 0.0 11.0
0.0 45.59788 0.0105 1.0 11.0
2.5784614 49.358627 0.0105 1.0 11.0
2.5784614 49.358627 0.0106 0.0 12.0
6.8317013 51.00229 0.0106 0.0 12.0
2.5784614 49.358627 0.0107 0.0 12.0
5.156923 53.119373 0.0107 0.0 12.0
5.156923 53.119373 0.0108 0.0 13.0
9.410163 54.763035 0.0108 0.0 13.0
5.156923 53.119373 0.0109 0.0 13.0
7.735384 56.88012 0.0109 0.0 13.0
0.0 45.59788 0.0110 3.0 11.0
0.0 50.15767 0.0110 3.0 11.0
0.0 50.15767 0.0111 0.0 12.0
2.5784614 53.918415 0.0111 0.0 12.0
0.0 50.15767 0.0112 2.0 12.0
0.0 54.717457 0.0112 2.0 12.0
0.0 54.717457 0.0113 0.0 13.0
2.5784614 58.478203 0.0113 0.0 13.0
0.0 54.717457 0.0114 0.0 13.0
0.0 59.277245 0.0114 0.0 13.0
0.0 54.717457 0.0115 1.0 13.0
-2.5784614 58.478203 0.0115 1.0 13.0
-2.5784614 58.478203 0.0116 0.0 14.0
-2.5784614 63.03799 0.0116 0.0 14.0
-2.5784614 58.478203 0.0117 0.0 14.0
-5.156923 62.23895 0.0117 0.0 14.0
-5.156923 62.23895 0.0118 0.0 15.0
-5.156923 66.79874 0.0118 0.0 15.0
-5.156923 62.23895 0.0119 0.0 15.0
-7.735384 65.999695 0.0119 0.0 15.0
0.0 54.717457 0.0120 1.0 13.0
0.0 59.277245 0.0120 1.0 13.0
0.0 59.277245 0.0121 0.0 14.0
2.5784614 63.03799 0.0121 0.0 14.0
0.0 59.277245 0.0122 0.0 14.0
0.0 63.837032 0.0122 0.0 14.0
0.0 63.837032 0.0123 0.0 15.0
2.5784614 67.59778 0.0123 0.0 15.0
0.0 63.837032 0.0124 0.0 15.0
0.0 68.39682 0.0124 0.0 15.0
0.0 36.478306 0.0125 13.0 9.0
-2.5784614 40.23905 0.0125 13.0 9.0
-2.5784614 40.23905 0.0126 0.0 10.0
-2.5784614 44.79884 0.0126 0.0 10.0
-2.5784614 40.23905 0.0127 12.0 10.0
-5.156923 43.999798 0.0127 12.0 10.0
-5.156923 43.999798 0.0128 0.0 11.0
-5.156923 48.559586 0.0128 0.0 11.0
-5.156923 43.999798 0.0129 0.0 11.0
-7.735384 47.760544 0.0129 0.0 11.0
-5.156923 43.999798 0.0130 1.0 11.0
-5.156923 48.559586 0.0130 1.0 11.0
-5.156923 48.559586 0.0131 0.0 12.0
-2.5784614 52.32033 0.0131 0.0 12.0
-5.156923 48.559586 0.0132 0.0 12.0
-5.156923 53.119373 0.0132 0.0 12.0
-5.156923 53.119373 0.0133 0.0 13.0
-2.5784614 56.88012 0.0133 0.0 13.0
-5.156923 53.119373 0.0134 0.0 13.0
-5.156923 57.67916 0.0134 0.0 13.0
-5.156923 43.999798 0.0135 11.0 11.0
-7.735384 47.760544 0.0135 11.0 11.0
-7.735384 47.760544 0.0136 0.0 12.0
-7.735384 52.32033 0.0136 0.0 12.0
-7.735384 47.760544 0.0137 10.0 12.0
-10.313846 51.52129 0.0137 10.0 12.0
-10.313846 51.52129 0.0138 0.0 13.0
-10.313846 56.081078 0.0138 0.0 13.0
-10.313846 51.52129 0.0139 0.0 13.0
-12.892307 55.282036 0.0139 0.0 13.0
-10.313846 51.52129 0.0140 1.0 13.0
-14.567085 53.16495 0.0140 1.0 13.0
-14.567085 53.16495 0.0141 0.0 14.0
-17.145546 56.925697 0.0141 0.0 14.0
-14.567085 53.16495 0.0142 0.0 14.0
-18.820326 54.808613 0.0142 0.0 14.0
-18.820326 54.808613 0.0143 0.0 15.0
-21.398787 58.56936 0.0143 0.0 15.0
-18.820326 54.808613 0.0144 0.0 15.0
-23.073566 56.452274 0.0144 0.0 15.0
-10.313846 51.52129 0.0145 1.0 13.0
-12.892307 55.282036 0.0145 1.0 13.0
-12.892307 55.282036 0.0146 0.0 14.0
-12.892307 59.841824 0.0146 0.0 14.0
-12.892307 55.282036 0.0147 0.0 14.0
-15.470769 59.04278 0.0147 0.0 14.0
-15.470769 59.04278 0.0148 0.0 15.0
-15.470769 63.60257 0.0148 0.0 15.0
-15.470769 59.04278 0.0149 0.0 15.0
-18.04923 62.803528 0.0149 0.0 15.0
-10.313846 51.52129 0.0150 5.0 13.0
-10.313846 56.081078 0.0150 5.0 13.0
-10.313846 56.081078 0.0151 0.0 14.0
-7.735384 59.841824 0.0151 0.0 14.0
-10.313846 56.081078 0.0152 4.0 14.0
-10.313846 60.640865 0.0152 4.0 14.0
-10.313846 60.640865 0.0153 0.0 15.0
-7.735384 64.40161 0.0153 0.0 15.0
-10.313846 60.640865 0.0154 0.0 15.0
-10.313846 65.20065 0.0154 0.0 15.0
-10.313846 60.640865 0.0155 1.0 15.0
-7.735384 64.40161 0.0155 1.0 15.0
-7.735384 64.40161 0.0156 0.0 16.0
-3.4821439 66.04527 0.0156 0.0 16.0
-7.735384 64.40161 0.0157 0.0 16.0
-5.1569223 68.16235 0.0157 0.0 16.0
-5.1569223 68.16235 0.0158 0.0 17.0
-0.90368223 69.806015 0.0158 0.0 17.0
-5.1569223 68.16235 0.0159 0.0 17.0
-2.578461 71.923096 0.0159 0.0 17.0
-10.313846 60.640865 0.0160 3.0 15.0
-10.313846 65.20065 0.0160 3.0 15.0
-10.313846 65.20065 0.0161 0.0 16.0
-7.735384 68.961395 0.0161 0.0 16.0
-10.313846 65.20065 0.0162 2.0 16.0
-10.313846 69.760445 0.0162 2.0 16.0
-10.313846 69.760445 0.0163 0.0 17.0
-7.735384 73.52119 0.0163 0.0 17.0
-10.313846 69.760445 0.0164 0.0 17.0
-10.313846 74.32024 0.0164 0.0 17.0
-10.313846 69.760445 0.0165 1.0 17.0
-12.892307 73.52119 0.0165 1.0 17.0
-12.892307 73.52119 0.0166 0.0 18.0
-12.892307 78.08098 0.0166 0.0 18.0
-12.892307 73.52119 0.0167 0.0 18.0
-15.470769 77.28193 0.0167 0.0 18.0
-15.470769 77.28193 0.0168 0.0 19.0
-15.470769 81.84172 0.0168 0.0 19.0
-15.470769 77.28193 0.0169 0.0 19.0
-18.04923 81.04267 0.0169 0.0 19.0
-10.313846 69.760445 0.0170 1.0 17.0
-10.313846 74.32024 0.0170 1.0 17.0
-10.313846 74.32024 0.0171 0.0 18.0
-7.735384 78.08098 0.0171 0.0 18.0
-10.313846 74.32024 0.0172 0.0 18.0
-10.313846 78.88003 0.0172 0.0 18.0
-10.313846 78.88003 0.0173 0.0 19.0
-7.735384 82.64077 0.0173 0.0 19.0
-10.313846 78.88003 0.0174 0.0 19.0
-10.313846 83.43982 0.0174 0.0 19.0
-10.313846 51.52129 0.0175 9.0 13.0
-12.892307 55.282036 0.0175 9.0 13.0
-12.892307 55.282036 0.0176 0.0 14.0
-12.892307 59.841824 0.0176 0.0 14.0
-12.892307 55.282036 0.0177 8.0 14.0
-15.470769 59.04278 0.0177 8.0 14.0
-15.470769 59.04278 0.0178 0.0 15.0
-15.470769 63.60257 0.0178 0.0 15.0
-15.470769 59.04278 0.0179 0.0 15.0
-18.04923 62.803528 0.0179 0.0 15.0
-15.470769 59.04278 0.0180 1.0 15.0
-15.470769 63.60257 0.0180 1.0 15.0
-15.470769 63.60257 0.0181 0.0 16.0
-12.892307 67.36331 0.0181 0.0 16.0
-15.470769 63.60257 0.0182 0.0 16.0
-15.470769 68.16236 0.0182 0.0 16.0
-15.470769 68.16236 0.0183 0.0 17.0
-12.892307 71.9231 0.0183 0.0 17.0
-15.470769 68.16236 0.0184 0.0 17.0
-15.470769 72.72215 0.0184 0.0 17.0
-15.470769 59.04278 0.0185 7.0 15.0
-18.04923 62.803528 0.0185 7.0 15.0
-18.04923 62.803528 0.0186 0.0 16.0
-18.04923 67.36332 0.0186 0.0 16.0
-18.04923 62.803528 0.0187 6.0 16.0
-20.627691 66.56427 0.0187 6.0 16.0
-20.627691 66.56427 0.0188 0.0 17.0
-20.627691 71.12406 0.0188 0.0 17.0
-20.627691 66.56427 0.0189 0.0 17.0
-23.206152 70.32501 0.0189 0.0 17.0
-20.627691 66.56427 0.0190 1.0 17.0
-24.880932 68.20793 0.0190 1.0 17.0
-24.880932 68.20793 0.0191 0.0 18.0
-27.459393 71.96867 0.0191 0.0 18.0
-24.880932 68.20793 0.0192 0.0 18.0
-29.134172 69.85159 0.0192 0.0 18.0
-29.134172 69.85159 0.0193 0.0 19.0
-31.712633 73.612335 0.0193 0.0 19.0
-29.134172 69.85159 0.0194 0.0 19.0
-33.387413 71.495255 0.0194 0.0 19.0
-20.627691 66.56427 0.0195 1.0 17.0
-23.206152 70.32501 0.0195 1.0 17.0
-23.206152 70.32501 0.0196 0.0 18.0
-23.206152 74.8848 0.0196 0.0 18.0
-23.206152 70.32501 0.0197 0.0 18.0
-25.784613 74.085754 0.0197 0.0 18.0
-25.784613 74.085754 0.0198 0.0 19.0
-25.784613 78.645546 0.0198 0.0 19.0
-25.784613 74.085754 0.0199 0.0 19.0
-28.363073 77.8465 0.0199 0.0 19.0
-20.627691 66.56427 0.0200 5.0 17.0
-24.880932 68.20793 0.0200 5.0 17.0
-24.880932 68.20793 0.0201 0.0 18.0
-27.459393 71.96867 0.0201 0.0 18.0
-24.880932 68.20793 0.0202 4.0 18.0
-29.134172 69.85159 0.0202 4.0 18.0
-29.134172 69.85159 0.0203 0.0 19.0
-31.712633 73.612335 0.0203 0.0 19.0
-29.134172 69.85159 0.0204 0.0 19.0
-33.387413 71.495255 0.0204 0.0 19.0
-29.134172 69.85159 0.0205 1.0 19.0
-31.712633 73.612335 0.0205 1.0 19.0
-31.712633 73.612335 0.0206 0.0 20.0
-31.712633 78.17213 0.0206 0.0 20.0
-31.712633 73.612335 0.0207 0.0 20.0
-34.291096 77.37308 0.0207 0.0 20.0
-34.291096 77.37308 0.0208 0.0 21.0
-34.291096 81.93287 0.0208 0.0 21.0
-34.291096 77.37308 0.0209 0.0 21.0
-36.869556 81.13382 0.0209 0.0 21.0
-29.134172 69.85159 0.0210 3.0 19.0
-33.387413 71.495255 0.0210 3.0 19.0
-33.387413 71.495255 0.0211 0.0 20.0
-35.965874 75.256 0.0211 0.0 20.0
-33.387413 71.495255 0.0212 2.0 20.0
-37.64065 73.138916 0.0212 2.0 20.0
-37.64065 73.138916 0.0213 0.0 21.0
-40.219112 76.89966 0.0213 0.0 21.0
-37.64065 73.138916 0.0214 0.0 21.0
-41.89389 74.78258 0.0214 0.0 21.0
-37.64065 73.138916 0.0215 1.0 21.0
-42.078022 72.08943 0.0215 1.0 21.0
-42.078022 72.08943 0.0216 0.0 22.0
-46.33126 73.73309 0.0216 0.0 22.0
-42.078022 72.08943 0.0217 0.0 22.0
-46.515392 71.03995 0.0217 0.0 22.0
-46.515392 71.03995 0.0218 0.0 23.0
-50.76863 72.68361 0.0218 0.0 23.0
-46.515392 71.03995 0.0219 0.0 23.0
-50.952763 69.99046 0.0219 0.0 23.0
-37.64065 73.138916 0.0220 1.0 21.0
-41.89389 74.78258 0.0220 1.0 21.0
-41.89389 74.78258 0.0221 0.0 22.0
-44.47235 78.54332 0.0221 0.0 22.0
-41.89389 74.78258 0.0222 0.0 22.0
-46.14713 76.42624 0.0222 0.0 22.0
-46.14713 76.42624 0.0223 0.0 23.0
-48.72559 80.18698 0.0223 0.0 23.0
-46.14713 76.42624 0.0224 0.0 23.0
-50.400368 78.0699 0.0224 0.0 23.0
-20.627691 66.56427 0.0225 5.0 17.0
-23.206152 70.32501 0.0225 5.0 17.0
-23.206152 70.32501 0.0226 0.0 18.0
-23.206152 74.8848 0.0226 0.0 18.0
-23.206152 70.32501 0.0227 4.0 18.0
-25.784613 74.085754 0.0227 4.0 18.0
-25.784613 74.085754 0.0228 0.0 19.0
-25.784613 78.645546 0.0228 0.0 19.0
-25.784613 74.085754 0.0229 0.0 19.0
-28.363073 77.8465 0.0229 0.0 19.0
-25.784613 74.085754 0.0230 1.0 19.0
-25.784613 78.645546 0.0230 1.0 19.0
-25.784613 78.645546 0.0231 0.0 20.0
-23.206152 82.40629 0.0231 0.0 20.0
-25.784613 78.645546 0.0232 0.0 20.0
-25.784613 83.20534 0.0232 0.0 20.0
-25.784613 83.20534 0.0233 0.0 21.0
-23.206152 86.96608 0.0233 0.0 21.0
-25.784613 83.20534 0.0234 0.0 21.0
-25.784613 87.76513 0.0234 0.0 21.0
-25.784613 74.085754 0.0235 3.0 19.0
-28.363073 77.8465 0.0235 3.0 19.0
-28.363073 77.8465 0.0236 0.0 20.0
-28.363073 82.40629 0.0236 0.0 20.0
-28.363073 77.8465 0.0237 2.0 20.0
-30.941534 81.60724 0.0237 2.0 20.0
-30.941534 81.60724 0.0238 0.0 21.0
-30.941534 86.16703 0.0238 0.0 21.0
-30.941534 81.60724 0.0239 0.0 21.0
-33.519997 85.36798 0.0239 0.0 21.0
-30.941534 81.60724 0.0240 1.0 21.0
-35.194775 83.2509 0.0240 1.0 21.0
-35.194775 83.2509 0.0241 0.0 22.0
-37.773235 87.01164 0.0241 0.0 22.0
-35.194775 83.2509 0.0242 0.0 22.0
-39.448013 84.89456 0.0242 0.0 22.0
-39.448013 84.89456 0.0243 0.0 23.0
-42.026474 88.655304 0.0243 0.0 23.0
-39.448013 84.89456 0.0244 0.0 23.0
-43.701252 86.53822 0.0244 0.0 23.0
-30.941534 81.60724 0.0245 1.0 21.0
-33.519997 85.36798 0.0245 1.0 21.0
-33.519997 85.36798 0.0246 0.0 22.0
-33.519997 89.92777 0.0246 0.0 22.0
-33.519997 85.36798 0.0247 0.0 22.0
-36.098457 89.12872 0.0247 0.0 22.0
-36.098457 89.12872 0.0248 0.0 23.0
-36.098457 93.688515 0.0248 0.0 23.0
-36.098457 89.12872 0.0249 0.0 23.0
-38.676918 92.889465 0.0249 0.0 23.0
0.0 36.478306 0.0250 21.0 9.0
0.0 41.038094 0.0250 21.0 9.0
0.0 41.038094 0.0251 0.0 10.0
2.5784614 44.79884 0.0251 0.0 10.0
0.0 41.038094 0.0252 20.0 10.0
0.0 45.59788 0.0252 20.0 10.0
0.0 45.59788 0.0253 0.0 11.0
2.5784614 49.358627 0.0253 0.0 11.0
0.0 45.59788 0.0254 0.0 11.0
0.0 50.15767 0.0254 0.0 11.0
0.0 45.59788 0.0255 1.0 11.0
2.5784614 49.358627 0.0255 1.0 11.0
2.5784614 49.358627 0.0256 0.0 12.0
6.8317013 51.00229 0.0256 0.0 12.0
2.5784614 49.358627 0.0257 0.0 12.0
5.156923 53.119373 0.0257 0.0 12.0
5.156923 53.119373 0.0258 0.0 13.0
9.410163 54.763035 0.0258 0.0 13.0
5.156923 53.119373 0.0259 0.0 13.0
7.735384 56.88012 0.0259 0.0 13.0
0.0 45.59788 0.0260 19.0 11.0
0.0 50.15767 0.0260 19.0 11.0
0.0 50.15767 0.0261 0.0 12.0
2.5784614 53.918415 0.0261 0.0 12.0
0.0 50.15767 0.0262 18.0 12.0
0.0 54.717457 0.0262 18.0 12.0
0.0 54.717457 0.0263 0.0 13.0
2.5784614 58.478203 0.0263 0.0 13.0
0.0 54.717457 0.0264 0.0 13.0
0.0 59.277245 0.0264 0.0 13.0
0.0 54.717457 0.0265 1.0 13.0
-2.5784614 58.478203 0.0265 1.0 13.0
-2.5784614 58.478203 0.0266 0.0 14.0
-2.5784614 63.03799 0.0266 0.0 14.0
-2.5784614 58.478203 0.0267 0.0 14.0
-5.156923 62.23895 0.0267 0.0 14.0
-5.156923 62.23895 0.0268 0.0 15.0
-5.156923 66.79874 0.0268 0.0 15.0
-5.156923 62.23895 0.0269 0.0 15.0
-7.735384 65.999695 0.0269 0.0 15.0
0.0 54.717457 0.0270 1.0 13.0
0.0 59.277245 0.0270 1.0 13.0
0.0 59.277245 0.0271 0.0 14.0
2.5784614 63.03799 0.0271 0.0 14.0
0.0 59.277245 0.0272 0.0 14.0
0.0 63.837032 0.0272 0.0 14.0
0.0 63.837032 0.0273 0.0 15.0
2.5784614 67.59778 0.0273 0.0 15.0
0.0 63.837032 0.0274 0.0 15.0
0.0 68.39682 0.0274 0.0 15.0
0.0 54.717457 0.0275 5.0 13.0
2.5784614 58.478203 0.0275 5.0 13.0
2.5784614 58.478203 0.0276 0.0 14.0
6.8317013 60.121864 0.0276 0.0 14.0
2.5784614 58.478203 0.0277 4.0 14.0
5.156923 62.23895 0.0277 4.0 14.0
5.156923 62.23895 0.0278 0.0 15.0
9.410163 63.88261 0.0278 0.0 15.0
5.156923 62.23895 0.0279 0.0 15.0
7.735384 65.999695 0.0279 0.0 15.0
5.156923 62.23895 0.0280 1.0 15.0
9.410163 63.88261 0.0280 1.0 15.0
9.410163 63.88261 0.0281 0.0 16.0
13.847532 62.833126 0.0281 0.0 16.0
9.410163 63.88261 0.0282 0.0 16.0
13.663403 65.52627 0.0282 0.0 16.0
13.663403 65.52627 0.0283 0.0 17.0
18.100773 64.47678 0.0283 0.0 17.0
13.663403 65.52627 0.0284 0.0 17.0
17.916643 67.16993 0.0284 0.0 17.0
5.156923 62.23895 0.0285 3.0 15.0
7.735384 65.999695 0.0285 3.0 15.0
7.735384 65.999695 0.0286 0.0 16.0
11.988625 67.64336 0.0286 0.0 16.0
7.735384 65.999695 0.0287 2.0 16.0
10.313846 69.76044 0.0287 2.0 16.0
10.313846 69.76044 0.0288 0.0 17.0
14.567085 71.4041 0.0288 0.0 17.0
10.313846 69.76044 0.0289 0.0 17.0
12.892307 73.52118 0.0289 0.0 17.0
10.313846 69.76044 0.0290 1.0 17.0
10.313846 74.32023 0.0290 1.0 17.0
10.313846 74.32023 0.0291 0.0 18.0
12.892307 78.08097 0.0291 0.0 18.0
10.313846 74.32023 0.0292 0.0 18.0
10.313846 78.88002 0.0292 0.0 18.0
10.313846 78.88002 0.0293 0.0 19.0
12.892307 82.64076 0.0293 0.0 19.0
10.313846 78.88002 0.0294 0.0 19.0
10.313846 83.43981 0.0294 0.0 19.0
10.313846 69.76044 0.0295 1.0 17.0
12.892307 73.52118 0.0295 1.0 17.0
12.892307 73.52118 0.0296 0.0 18.0
17.145548 75.16484 0.0296 0.0 18.0
12.892307 73.52118 0.0297 0.0 18.0
15.470769 77.28192 0.0297 0.0 18.0
15.470769 77.28192 0.0298 0.0 19.0
19.724009 78.92558 0.0298 0.0 19.0
15.470769 77.28192 0.0299 0.0 19.0
18.04923 81.04266 0.0299 0.0 19.0
0.0 54.717457 0.0300 17.0 13.0
0.0 59.277245 0.0300 17.0 13.0
0.0 59.277245 0.0301 0.0 14.0
2.5784614 63.03799 0.0301 0.0 14.0
0.0 59.277245 0.0302 16.0 14.0
0.0 63.837032 0.0302 16.0 14.0
0.0 63.837032 0.0303 0.0 15.0
2.5784614 67.59778 0.0303 0.0 15.0
0.0 63.837032 0.0304 0.0 15.0
0.0 68.39682 0.0304 0.0 15.0
0.0 63.837032 0.0305 1.0 15.0
2.5784614 67.59778 0.0305 1.0 15.0
2.5784614 67.59778 0.0306 0.0 16.0
6.8317013 69.24144 0.0306 0.0 16.0
2.5784614 67.59778 0.0307 0.0 16.0
5.156923 71.35852 0.0307 0.0 16.0
5.156923 71.35852 0.0308 0.0 17.0
9.410163 73.00218 0.0308 0.0 17.0
5.156923 71.35852 0.0309 0.0 17.0
7.735384 75.11926 0.0309 0.0 17.0
0.0 63.837032 0.0310 15.0 15.0
0.0 68.39682 0.0310 15.0 15.0
0.0 68.39682 0.0311 0.0 16.0
2.5784614 72.15756 0.0311 0.0 16.0
0.0 68.39682 0.0312 14.0 16.0
0.0 72.95661 0.0312 14.0 16.0
0.0 72.95661 0.0313 0.0 17.0
2.5784614 76.717354 0.0313 0.0 17.0
0.0 72.95661 0.0314 0.0 17.0
0.0 77.5164 0.0314 0.0 17.0
0.0 72.95661 0.0315 1.0 17.0
-2.5784614 76.717354 0.0315 1.0 17.0
-2.5784614 76.717354 0.0316 0.0 18.0
-2.5784614 81.277145 0.0316 0.0 18.0
-2.5784614 76.717354 0.0317 0.0 18.0
-5.156923 80.478096 0.0317 0.0 18.0
-5.156923 80.478096 0.0318 0.0 19.0
-5.156923 85.03789 0.0318 0.0 19.0
-5.156923 80.478096 0.0319 0.0 19.0
-7.735384 84.23884 0.0319 0.0 19.0
0.0 72.95661 0.0320 1.0 17.0
0.0 77.5164 0.0320 1.0 17.0
0.0 77.5164 0.0321 0.0 18.0
2.5784614 81.277145 0.0321 0.0 18.0
0.0 77.5164 0.0322 0.0 18.0
0.0 82.076195 0.0322 0.0 18.0
0.0 82.076195 0.0323 0.0 19.0
2.5784614 85.83694 0.0323 0.0 19.0
0.0 82.076195 0.0324 0.0 19.0
0.0 86.63599 0.0324 0.0 19.0
0.0 72.95661 0.0325 5.0 17.0
-2.5784614 76.717354 0.0325 5.0 17.0
-2.5784614 76.717354 0.0326 0.0 18.0
-2.5784614 81.277145 0.0326 0.0 18.0
-2.5784614 76.717354 0.0327 4.0 18.0
-5.156923 80.478096 0.0327 4.0 18.0
-5.156923 80.478096 0.0328 0.0 19.0
-5.156923 85.03789 0.0328 0.0 19.0
-5.156923 80.478096 0.0329 0.0 19.0
-7.735384 84.23884 0.0329 0.0 19.0
-5.156923 80.478096 0.0330 1.0 19.0
-5.156923 85.03789 0.0330 1.0 19.0
-5.156923 85.03789 0.0331 0.0 20.0
-2.5784614 88.79863 0.0331 0.0 20.0
-5.156923 85.03789 0.0332 0.0 20.0
-5.156923 89.59768 0.0332 0.0 20.0
-5.156923 89.59768 0.0333 0.0 21.0
-2.5784614 93.35842 0.0333 0.0 21.0
-5.156923 89.59768 0.0334 0.0 21.0
-5.156923 94.15747 0.0334 0.0 21.0
-5.156923 80.478096 0.0335 3.0 19.0
-7.735384 84.23884 0.0335 3.0 19.0
-7.735384 84.23884 0.0336 0.0 20.0
-7.735384 88.79863 0.0336 0.0 20.0
-7.735384 84.23884 0.0337 2.0 20.0
-10.313846 87.99958 0.0337 2.0 20.0
-10.313846 87.99958 0.0338 0.0 21.0
-10.313846 92.55937 0.0338 0.0 21.0
-10.313846 87.99958 0.0339 0.0 21.0
-12.892307 91.76032 0.0339 0.0 21.0
-10.313846 87.99958 0.0340 1.0 21.0
-14.567085 89.64324 0.0340 1.0 21.0
-14.567085 89.64324 0.0341 0.0 22.0
-17.145546 93.403984 0.0341 0.0 22.0
-14.567085 89.64324 0.0342 0.0 22.0
-18.820326 91.2869 0.0342 0.0 22.0
-18.820326 91.2869 0.0343 0.0 23.0
-21.398787 95.047646 0.0343 0.0 23.0
-18.820326 91.2869 0.0344 0.0 23.0
-23.073566 92.930565 0.0344 0.0 23.0
-10.313846 87.99958 0.0345 1.0 21.0
-12.892307 91.76032 0.0345 1.0 21.0
-12.892307 91.76032 0.0346 0.0 22.0
-12.892307 96.320114 0.0346 0.0 22.0
-12.892307 91.76032 0.0347 0.0 22.0
-15.470769 95.521065 0.0347 0.0 22.0
-15.470769 95.521065 0.0348 0.0 23.0
-15.470769 100.08086 0.0348 0.0 23.0
-15.470769 95.521065 0.0349 0.0 23.0
-18.04923 99.28181 0.0349 0.0 23.0
0.0 72.95661 0.0350 5.0 17.0
0.0 77.5164 0.0350 5.0 17.0
0.0 77.5164 0.0351 0.0 18.0
2.5784614 81.277145 0.0351 0.0 18.0
0.0 77.5164 0.0352 4.0 18.0
0.0 82.076195 0.0352 4.0 18.0
0.0 82.076195 0.0353 0.0 19.0
2.5784614 85.83694 0.0353 0.0 19.0
0.0 82.076195 0.0354 0.0 19.0
0.0 86.63599 0.0354 0.0 19.0
0.0 82.076195 0.0355 1.0 19.0
2.5784614 85.83694 0.0355 1.0 19.0
2.5784614 85.83694 0.0356 0.0 20.0
6.8317013 87.4806 0.0356 0.0 20.0
2.5784614 85.83694 0.0357 0.0 20.0
5.156923 89.59768 0.0357 0.0 20.0
5.156923 89.59768 0.0358 0.0 21.0
9.410163 91.24134 0.0358 0.0 21.0
5.156923 89.59768 0.0359 0.0 21.0
7.735384 93.35842 0.0359 0.0 21.0
0.0 82.076195 0.0360 3.0 19.0
0.0 86.63599 0.0360 3.0 19.0
0.0 86.63599 0.0361 0.0 20.0
2.5784614 90.39673 0.0361 0.0 20.0
0.0 86.63599 0.0362 2.0 20.0
0.0 91.19578 0.0362 2.0 20.0
0.0 91.19578 0.0363 0.0 21.0
2.5784614 94.95652 0.0363 0.0 21.0
0.0 91.19578 0.0364 0.0 21.0
0.0 95.75557 0.0364 0.0 21.0
0.0 91.19578 0.0365 1.0 21.0
-2.5784614 94.95652 0.0365 1.0 21.0
-2.5784614 94.95652 0.0366 0.0 22.0
-2.5784614 99.51631 0.0366 0.0 22.0
-2.5784614 94.95652 0.0367 0.0 22.0
-5.156923 98.71726 0.0367 0.0 22.0
-5.156923 98.71726 0.0368 0.0 23.0
-5.156923 103.277054 0.0368 0.0 23.0
-5.156923 98.71726 0.0369 0.0 23.0
-7.735384 102.478004 0.0369 0.0 23.0
0.0 91.19578 0.0370 1.0 21.0
0.0 95.75557 0.0370 1.0 21.0
0.0 95.75557 0.0371 0.0 22.0
2.5784614 99.51631 0.0371 0.0 22.0
0.0 95.75557 0.0372 0.0 22.0
0.0 100.31536 0.0372 0.0 22.0
0.0 100.31536 0.0373 0.0 23.0
2.5784614 104.0761 0.0373 0.0 23.0
0.0 100.31536 0.0374 0.0 23.0
0.0 104.87515 0.0374 0.0 23.0
0.0 72.95661 0.0375 13.0 17.0
2.5784614 76.717354 0.0375 13.0 17.0
2.5784614 76.717354 0.0376 0.0 18.0
6.8317013 78.361015 0.0376 0.0 18.0
2.5784614 76.717354 0.0377 12.0 18.0
5.156923 80.478096 0.0377 12.0 18.0
5.156923 80.478096 0.0378 0.0 19.0
9.410163 82.12176 0.0378 0.0 19.0
5.156923 80.478096 0.0379 0.0 19.0
7.735384 84.23884 0.0379 0.0 19.0
5.156923 80.478096 0.0380 1.0 19.0
9.410163 82.12176 0.0380 1.0 19.0
9.410163 82.12176 0.0381 0.0 20.0
13.847532 81.07227 0.0381 0.0 20.0
9.410163 82.12176 0.0382 0.0 20.0
13.663403 83.76542 0.0382 0.0 20.0
13.663403 83.76542 0.0383 0.0 21.0
18.100773 82.715935 0.0383 0.0 21.0
13.663403 83.76542 0.0384 0.0 21.0
17.916643 85.40908 0.0384 0.0 21.0
5.156923 80.478096 0.0385 11.0 19.0
7.735384 84.23884 0.0385 11.0 19.0
7.735384 84.23884 0.0386 0.0 20.0
11.988625 85.8825 0.0386 0.0 20.0
7.735384 84.23884 0.0387 10.0 20.0
10.313846 87.99958 0.0387 10.0 20.0
10.313846 87.99958 0.0388 0.0 21.0
14.567085 89.64324 0.0388 0.0 21.0
10.313846 87.99958 0.0389 0.0 21.0
12.892307 91.76032 0.0389 0.0 21.0
10.313846 87.99958 0.0390 1.0 21.0
10.313846 92.55937 0.0390 1.0 21.0
10.313846 92.55937 0.0391 0.0 22.0
12.892307 96.320114 0.0391 0.0 22.0
10.313846 92.55937 0.0392 0.0 22.0
10.313846 97.11916 0.0392 0.0 22.0
10.313846 97.11916 0.0393 0.0 23.0
12.892307 100.879906 0.0393 0.0 23.0
10.313846 97.11916 0.0394 0.0 23.0
10.313846 101.678955 0.0394 0.0 23.0
10.313846 87.99958 0.0395 1.0 21.0
12.892307 91.76032 0.0395 1.0 21.0
12.892307 91.76032 0.0396 0.0 22.0
17.145548 93.403984 0.0396 0.0 22.0
12.892307 91.76032 0.0397 0.0 22.0
15.470769 95.521065 0.0397 0.0 22.0
15.470769 95.521065 0.0398 0.0 23.0
19.724009 97.16473 0.0398 0.0 23.0
15.470769 95.521065 0.0399 0.0 23.0
18.04923 99.28181 0.0399 0.0 23.0
10.313846 87.99958 0.0400 5.0 21.0
14.567085 89.64324 0.0400 5.0 21.0
14.567085 89.64324 0.0401 0.0 22.0
19.004456 88.59376 0.0401 0.0 22.0
14.567085 89.64324 0.0402 4.0 22.0
18.820326 91.2869 0.0402 4.0 22.0
18.820326 91.2869 0.0403 0.0 23.0
23.257696 90.23742 0.0403 0.0 23.0
18.820326 91.2869 0.0404 0.0 23.0
23.073566 92.930565 0.0404 0.0 23.0
18.820326 91.2869 0.0405 1.0 23.0
23.257696 90.23742 0.0405 1.0 23.0
23.257696 90.23742 0.0406 0.0 24.0
26.324015 86.86261 0.0406 0.0 24.0
23.257696 90.23742 0.0407 0.0 24.0
27.695066 89.187935 0.0407 0.0 24.0
27.695066 89.187935 0.0408 0.0 25.0
30.761385 85.813126 0.0408 0.0 25.0
27.695066 89.187935 0.0409 0.0 25.0
32.132435 88.13845 0.0409 0.0 25.0
18.820326 91.2869 0.0410 3.0 23.0
23.073566 92.930565 0.0410 3.0 23.0
23.073566 92.930565 0.0411 0.0 24.0
27.510937 91.88108 0.0411 0.0 24.0
23.073566 92.930565 0.0412 2.0 24.0
27.326807 94.57423 0.0412 2.0 24.0
27.326807 94.57423 0.0413 0.0 25.0
31.764177 93.52474 0.0413 0.0 25.0
27.326807 94.57423 0.0414 0.0 25.0
31.580048 96.21789 0.0414 0.0 25.0
27.326807 94.57423 0.0415 1.0 25.0
29.905268 98.33497 0.0415 1.0 25.0
29.905268 98.33497 0.0416 0.0 26.0
34.15851 99.97863 0.0416 0.0 26.0
29.905268 98.33497 0.0417 0.0 26.0
32.48373 102.09571 0.0417 0.0 26.0
32.48373 102.09571 0.0418 0.0 27.0
36.73697 103.73937 0.0418 0.0 27.0
32.48373 102.09571 0.0419 0.0 27.0
35.06219 105.85645 0.0419 0.0 27.0
27.326807 94.57423 0.0420 1.0 25.0
31.580048 96.21789 0.0420 1.0 25.0
31.580048 96.21789 0.0421 0.0 26.0
36.017418 95.1684 0.0421 0.0 26.0
31.580048 96.21789 0.0422 0.0 26.0
35.833286 97.86155 0.0422 0.0 26.0
35.833286 97.86155 0.0423 0.0 27.0
40.270657 96.812065 0.0423 0.0 27.0
35.833286 97.86155 0.0424 0.0 27.0
40.086525 99.50521 0.0424 0.0 27.0
10.313846 87.99958 0.0425 9.0 21.0
12.892307 91.76032 0.0425 9.0 21.0
12.892307 91.76032 0.0426 0.0 22.0
17.145548 93.403984 0.0426 0.0 22.0
12.892307 91.76032 0.0427 8.0 22.0
15.470769 95.521065 0.0427 8.0 22.0
15.470769 95.521065 0.0428 0.0 23.0
19.724009 97.16473 0.0428 0.0 23.0
15.470769 95.521065 0.0429 0.0 23.0
18.04923 99.28181 0.0429 0.0 23.0
15.470769 95.521065 0.0430 1.0 23.0
19.724009 97.16473 0.0430 1.0 23.0
19.724009 97.16473 0.0431 0.0 24.0
24.161379 96.11524 0.0431 0.0 24.0
19.724009 97.16473 0.0432 0.0 24.0
23.97725 98.80839 0.0432 0.0 24.0
23.97725 98.80839 0.0433 0.0 25.0
28.41462 97.7589 0.0433 0.0 25.0
23.97725 98.80839 0.0434 0.0 25.0
28.23049 100.45205 0.0434 0.0 25.0
15.470769 95.521065 0.0435 7.0 23.0
18.04923 99.28181 0.0435 7.0 23.0
18.04923 99.28181 0.0436 0.0 24.0
22.302471 100.92547 0.0436 0.0 24.0
18.04923 99.28181 0.0437 6.0 24.0
20.627691 103.04255 0.0437 6.0 24.0
20.627691 103.04255 0.0438 0.0 25.0
24.880932 104.68621 0.0438 0.0 25.0
20.627691 103.04255 0.0439 0.0 25.0
23.206152 106.80329 0.0439 0.0 25.0
20.627691 103.04255 0.0440 1.0 25.0
20.627691 107.60234 0.0440 1.0 25.0
20.627691 107.60234 0.0441 0.0 26.0
23.206152 111.36308 0.0441 0.0 26.0
20.627691 107.60234 0.0442 0.0 26.0
20.627691 112.16213 0.0442 0.0 26.0
20.627691 112.16213 0.0443 0.0 27.0
23.206152 115.922874 0.0443 0.0 27.0
20.627691 112.16213 0.0444 0.0 27.0
20.627691 116.721924 0.0444 0.0 27.0
20.627691 103.04255 0.0445 1.0 25.0
23.206152 106.80329 0.0445 1.0 25.0
23.206152 106.80329 0.0446 0.0 26.0
27.459393 108.44695 0.0446 0.0 26.0
23.206152 106.80329 0.0447 0.0 26.0
25.784613 110.56403 0.0447 0.0 26.0
25.784613 110.56403 0.0448 0.0 27.0
30.037853 112.207695 0.0448 0.0 27.0
25.784613 110.56403 0.0449 0.0 27.0
28.363073 114.324776 0.0449 0.0 27.0
20.627691 103.04255 0.0450 5.0 25.0
20.627691 107.60234 0.0450 5.0 25.0
20.627691 107.60234 0.0451 0.0 26.0
23.206152 111.36308 0.0451 0.0 26.0
20.627691 107.60234 0.0452 4.0 26.0
20.627691 112.16213 0.0452 4.0 26.0
20.627691 112.16213 0.0453 0.0 27.0
23.206152 115.922874 0.0453 0.0 27.0
20.627691 112.16213 0.0454 0.0 27.0
20.627691 116.721924 0.0454 0.0 27.0
20.627691 112.16213 0.0455 1.0 27.0
23.206152 115.922874 0.0455 1.0 27.0
23.206152 115.922874 0.0456 0.0 28.0
27.459393 117.566536 0.0456 0.0 28.0
23.206152 115.922874 0.0457 0.0 28.0
25.784613 119.68362 0.0457 0.0 28.0
25.784613 119.68362 0.0458 0.0 29.0
30.037853 121.32728 0.0458 0.0 29.0
25.784613 119.68362 0.0459 0.0 29.0
28.363073 123.44436 0.0459 0.0 29.0
20.627691 112.16213 0.0460 3.0 27.0
20.627691 116.721924 0.0460 3.0 27.0
20.627691 116.721924 0.0461 0.0 28.0
23.206152 120.482666 0.0461 0.0 28.0
20.627691 116.721924 0.0462 2.0 28.0
20.627691 121.281715 0.0462 2.0 28.0
20.627691 121.281715 0.0463 0.0 29.0
23.206152 125.04246 0.0463 0.0 29.0
20.627691 121.281715 0.0464 0.0 29.0
20.627691 125.84151 0.0464 0.0 29.0
20.627691 121.281715 0.0465 1.0 29.0
18.04923 125.04246 0.0465 1.0 29.0
18.04923 125.04246 0.0466 0.0 30.0
18.04923 129.60225 0.0466 0.0 30.0
18.04923 125.04246 0.0467 0.0 30.0
15.470769 128.8032 0.0467 0.0 30.0
15.470769 128.8032 0.0468 0.0 31.0
15.470769 133.36299 0.0468 0.0 31.0
15.470769 128.8032 0.0469 0.0 31.0
12.892307 132.56395 0.0469 0.0 31.0
20.627691 121.281715 0.0470 1.0 29.0
20.627691 125.84151 0.0470 1.0 29.0
20.627691 125.84151 0.0471 0.0 30.0
23.206152 129.60225 0.0471 0.0 30.0
20.627691 125.84151 0.0472 0.0 30.0
20.627691 130.40129 0.0472 0.0 30.0
20.627691 130.40129 0.0473 0.0 31.0
23.206152 134.16203 0.0473 0.0 31.0
20.627691 130.40129 0.0474 0.0 31.0
20.627691 134.96107 0.0474 0.0 31.0
20.627691 103.04255 0.0475 5.0 25.0
23.206152 106.80329 0.0475 5.0 25.0
23.206152 106.80329 0.0476 0.0 26.0
27.459393 108.44695 0.0476 0.0 26.0
23.206152 106.80329 0.0477 4.0 26.0
25.784613 110.56403 0.0477 4.0 26.0
25.784613 110.56403 0.0478 0.0 27.0
30.037853 112.207695 0.0478 0.0 27.0
25.784613 110.56403 0.0479 0.0 27.0
28.363073 114.324776 0.0479 0.0 27.0
25.784613 110.56403 0.0480 1.0 27.0
30.037853 112.207695 0.0480 1.0 27.0
30.037853 112.207695 0.0481 0.0 28.0
34.475224 111.15821 0.0481 0.0 28.0
30.037853 112.207695 0.0482 0.0 28.0
34.291092 113.85136 0.0482 0.0 28.0
34.291092 113.85136 0.0483 0.0 29.0
38.728462 112.80187 0.0483 0.0 29.0
34.291092 113.85136 0.0484 0.0 29.0
38.54433 115.49502 0.0484 0.0 29.0
25.784613 110.56403 0.0485 3.0 27.0
28.363073 114.324776 0.0485 3.0 27.0
28.363073 114.324776 0.0486 0.0 28.0
32.616314 115.96844 0.0486 0.0 28.0
28.363073 114.324776 0.0487 2.0 28.0
30.941534 118.08552 0.0487 2.0 28.0
30.941534 118.08552 0.0488 0.0 29.0
35.194775 119.72918 0.0488 0.0 29.0
30.941534 118.08552 0.0489 0.0 29.0
33.519997 121.84626 0.0489 0.0 29.0
30.941534 118.08552 0.0490 1.0 29.0
30.941534 122.64531 0.0490 1.0 29.0
30.941534 122.64531 0.0491 0.0 30.0
33.519997 126.40605 0.0491 0.0 30.0
30.941534 122.64531 0.0492 0.0 30.0
30.941534 127.2051 0.0492 0.0 30.0
30.941534 127.2051 0.0493 0.0 31.0
33.519997 130.96585 0.0493 0.0 31.0
30.941534 127.2051 0.0494 0.0 31.0
30.941534 131.7649 0.0494 0.0 31.0
30.941534 118.08552 0.0495 1.0 29.0
33.519997 121.84626 0.0495 1.0 29.0
33.519997 121.84626 0.0496 0.0 30.0
37.773235 123.48992 0.0496 0.0 30.0
33.519997 121.84626 0.0497 0.0 30.0
36.098457 125.607 0.0497 0.0 30.0
36.098457 125.607 0.0498 0.0 31.0
40.351696 127.25066 0.0498 0.0 31.0
36.098457 125.607 0.0499 0.0 31.0
38.676918 129.36775 0.0499 0.0 31.0
0.0 72.95661 0.0500 13.0 17.0
0.0 77.5164 0.0500 13.0 17.0
0.0 77.5164 0.0501 0.0 18.0
2.5784614 81.277145 0.0501 0.0 18.0
0.0 77.5164 0.0502 12.0 18.0
0.0 82.076195 0.0502 12.0 18.0
0.0 82.076195 0.0503 0.0 19.0
2.5784614 85.83694 0.0503 0.0 19.0
0.0 82.076195 0.0504 0.0 19.0
0.0 86.63599 0.0504 0.0 19.0
0.0 82.076195 0.0505 1.0 19.0
2.5784614 85.83694 0.0505 1.0 19.0
2.5784614 85.83694 0.0506 0.0 20.0
6.8317013 87.4806 0.0506 0.0 20.0
2.5784614 85.83694 0.0507 0.0 20.0
5.156923 89.59768 0.0507 0.0 20.0
5.156923 89.59768 0.0508 0.0 21.0
9.410163 91.24134 0.0508 0.0 21.0
5.156923 89.59768 0.0509 0.0 21.0
7.735384 93.35842 0.0509 0.0 21.0
0.0 82.076195 0.0510 11.0 19.0
0.0 86.63599 0.0510 11.0 19.0
0.0 86.63599 0.0511 0.0 20.0
2.5784614 90.39673 0.0511 0.0 20.0
0.0 86.63599 0.0512 10.0 20.0
0.0 91.19578 0.0512 10.0 20.0
0.0 91.19578 0.0513 0.0 21.0
2.5784614 94.95652 0.0513 0.0 21.0
0.0 91.19578 0.0514 0.0 21.0
0.0 95.75557 0.0514 0.0 21.0
0.0 91.19578 0.0515 1.0 21.0
-2.5784614 94.95652 0.0515 1.0 21.0
-2.5784614 94.95652 0.0516 0.0 22.0
-2.5784614 99.51631 0.0516 0.0 22.0
-2.5784614 94.95652 0.0517 0.0 22.0
-5.156923 98.71726 0.0517 0.0 22.0
-5.156923 98.71726 0.0518 0.0 23.0
-5.156923 103.277054 0.0518 0.0 23.0
-5.156923 98.71726 0.0519 0.0 23.0
-7.735384 102.478004 0.0519 0.0 23.0
0.0 91.19578 0.0520 1.0 21.0
0.0 95.75557 0.0520 1.0 21.0
0.0 95.75557 0.0521 0.0 22.0
2.5784614 99.51631 0.0521 0.0 22.0
0.0 95.75557 0.0522 0.0 22.0
0.0 100.31536 0.0522 0.0 22.0
0.0 100.31536 0.0523 0.0 23.0
2.5784614 104.0761 0.0523 0.0 23.0
0.0 100.31536 0.0524 0.0 23.0
0.0 104.87515 0.0524 0.0 23.0
0.0 91.19578 0.0525 5.0 21.0
2.5784614 94.95652 0.0525 5.0 21.0
2.5784614 94.95652 0.0526 0.0 22.0
6.8317013 96.60018 0.0526 0.0 22.0
2.5784614 94.95652 0.0527 4.0 22.0
5.156923 98.71726 0.0527 4.0 22.0
5.156923 98.71726 0.0528 0.0 23.0
9.410163 100.36092 0.0528 0.0 23.0
5.156923 98.71726 0.0529 0.0 23.0
7.735384 102.478004 0.0529 0.0 23.0
5.156923 98.71726 0.0530 1.0 23.0
9.410163 100.36092 0.0530 1.0 23.0
9.410163 100.36092 0.0531 0.0 24.0
13.847532 99.31144 0.0531 0.0 24.0
9.410163 100.36092 0.0532 0.0 24.0
13.663403 102.004585 0.0532 0.0 24.0
13.663403 102.004585 0.0533 0.0 25.0
18.100773 100.9551 0.0533 0.0 25.0
13.663403 102.004585 0.0534 0.0 25.0
17.916643 103.64825 0.0534 0.0 25.0
5.156923 98.71726 0.0535 3.0 23.0
7.735384 102.478004 0.0535 3.0 23.0
7.735384 102.478004 0.0536 0.0 24.0
11.988625 104.121666 0.0536 0.0 24.0
7.735384 102.478004 0.0537 2.0 24.0
10.313846 106.23875 0.0537 2.0 24.0
10.313846 106.23875 0.0538 0.0 25.0
14.567085 107.88241 0.0538 0.0 25.0
10.313846 106.23875 0.0539 0.0 25.0
12.892307 109.99949 0.0539 0.0 25.0
10.313846 106.23875 0.0540 1.0 25.0
10.313846 110.79854 0.0540 1.0 25.0
10.313846 110.79854 0.0541 0.0 26.0
12.892307 114.55928 0.0541 0.0 26.0
10.313846 110.79854 0.0542 0.0 26.0
10.313846 115.35833 0.0542 0.0 26.0
10.313846 115.35833 0.0543 0.0 27.0
12.892307 119.11907 0.0543 0.0 27.0
10.313846 115.35833 0.0544 0.0 27.0
10.313846 119.91812 0.0544 0.0 27.0
10.313846 106.23875 0.0545 1.0 25.0
12.892307 109.99949 0.0545 1.0 25.0
12.892307 109.99949 0.0546 0.0 26.0
17.145548 111.64315 0.0546 0.0 26.0
12.892307 109.99949 0.0547 0.0 26.0
15.470769 113.76023 0.0547 0.0 26.0
15.470769 113.76023 0.0548 0.0 27.0
19.724009 115.40389 0.0548 0.0 27.0
15.470769 113.76023 0.0549 0.0 27.0
18.04923 117.52097 0.0549 0.0 27.0
0.0 91.19578 0.0550 9.0 21.0
0.0 95.75557 0.0550 9.0 21.0
0.0 95.75557 0.0551 0.0 22.0
2.5784614 99.51631 0.0551 0.0 22.0
0.0 95.75557 0.0552 8.0 22.0
0.0 100.31536 0.0552 8.0 22.0
0.0 100.31536 0.0553 0.0 23.0
2.5784614 104.0761 0.0553 0.0 23.0
0.0 100.31536 0.0554 0.0 23.0
0.0 104.87515 0.0554 0.0 23.0
0.0 100.31536 0.0555 1.0 23.0
2.5784614 104.0761 0.0555 1.0 23.0
2.5784614 104.0761 0.0556 0.0 24.0
6.8317013 105.719765 0.0556 0.0 24.0
2.5784614 104.0761 0.0557 0.0 24.0
5.156923 107.836845 0.0557 0.0 24.0
5.156923 107.836845 0.0558 0.0 25.0
9.410163 109.48051 0.0558 0.0 25.0
5.156923 107.836845 0.0559 0.0 25.0
7.735384 111.59759 0.0559 0.0 25.0
0.0 100.31536 0.0560 7.0 23.0
0.0 104.87515 0.0560 7.0 23.0
0.0 104.87515 0.0561 0.0 24.0
2.5784614 108.635895 0.0561 0.0 24.0
0.0 104.87515 0.0562 6.0 24.0
0.0 109.434944 0.0562 6.0 24.0
0.0 109.434944 0.0563 0.0 25.0
2.5784614 113.19569 0.0563 0.0 25.0
0.0 109.434944 0.0564 0.0 25.0
0.0 113.994736 0.0564 0.0 25.0
0.0 109.434944 0.0565 1.0 25.0
-2.5784614 113.19569 0.0565 1.0 25.0
-2.5784614 113.19569 0.0566 0.0 26.0
-2.5784614 117.75548 0.0566 0.0 26.0
-2.5784614 113.19569 0.0567 0.0 26.0
-5.156923 116.95643 0.0567 0.0 26.0
-5.156923 116.95643 0.0568 0.0 27.0
-5.156923 121.51622 0.0568 0.0 27.0
-5.156923 116.95643 0.0569 0.0 27.0
-7.735384 120.71717 0.0569 0.0 27.0
0.0 109.434944 0.0570 1.0 25.0
0.0 113.994736 0.0570 1.0 25.0
0.0 113.994736 0.0571 0.0 26.0
2.5784614 117.75548 0.0571 0.0 26.0
0.0 113.994736 0.0572 0.0 26.0
0.0 118.55453 0.0572 0.0 26.0
0.0 118.55453 0.0573 0.0 27.0
2.5784614 122.31527 0.0573 0.0 27.0
0.0 118.55453 0.0574 0.0 27.0
0.0 123.11432 0.0574 0.0 27.0
0.0 109.434944 0.0575 5.0 25.0
-2.5784614 113.19569 0.0575 5.0 25.0
-2.5784614 113.19569 0.0576 0.0 26.0
-2.5784614 117.75548 0.0576 0.0 26.0
-2.5784614 113.19569 0.0577 4.0 26.0
-5.156923 116.95643 0.0577 4.0 26.0
-5.156923 116.95643 0.0578 0.0 27.0
-5.156923 121.51622 0.0578 0.0 27.0
-5.156923 116.95643 0.0579 0.0 27.0
-7.735384 120.71717 0.0579 0.0 27.0
-5.156923 116.95643 0.0580 1.0 27.0
-5.156923 121.51622 0.0580 1.0 27.0
-5.156923 121.51622 0.0581 0.0 28.0
-2.5784614 125.27696 0.0581 0.0 28.0
-5.156923 121.51622 0.0582 0.0 28.0
-5.156923 126.07601 0.0582 0.0 28.0
-5.156923 126.07601 0.0583 0.0 29.0
-2.5784614 129.83676 0.0583 0.0 29.0
-5.156923 126.07601 0.0584 0.0 29.0
-5.156923 130.6358 0.0584 0.0 29.0
-5.156923 116.95643 0.0585 3.0 27.0
-7.735384 120.71717 0.0585 3.0 27.0
-7.735384 120.71717 0.0586 0.0 28.0
-7.735384 125.27696 0.0586 0.0 28.0
-7.735384 120.71717 0.0587 2.0 28.0
-10.313846 124.47791 0.0587 2.0 28.0
-10.313846 124.47791 0.0588 0.0 29.0
-10.313846 129.0377 0.0588 0.0 29.0
-10.313846 124.47791 0.0589 0.0 29.0
-12.892307 128.23866 0.0589 0.0 29.0
-10.313846 124.47791 0.0590 1.0 29.0
-14.567085 126.121574 0.0590 1.0 29.0
-14.567085 126.121574 0.0591 0.0 30.0
-17.145546 129.88232 0.0591 0.0 30.0
-14.567085 126.121574 0.0592 0.0 30.0
-18.820326 127.765236 0.0592 0.0 30.0
-18.820326 127.765236 0.0593 0.0 31.0
-21.398787 131.52599 0.0593 0.0 31.0
-18.820326 127.765236 0.0594 0.0 31.0
-23.073566 129.40889 0.0594 0.0 31.0
-10.313846 124.47791 0.0595 1.0 29.0
-12.892307 128.23866 0.0595 1.0 29.0
-12.892307 128.23866 0.0596 0.0 30.0
-12.892307 132.79845 0.0596 0.0 30.0
-12.892307 128.23866 0.0597 0.0 30.0
-15.470769 131.9994 0.0597 0.0 30.0
-15.470769 131.9994 0.0598 0.0 31.0
-15.470769 136.55919 0.0598 0.0 31.0
-15.470769 131.9994 0.0599 0.0 31.0
-18.04923 135.76015 0.0599 0.0 31.0
0.0 109.434944 0.0600 5.0 25.0
0.0 113.994736 0.0600 5.0 25.0
0.0 113.994736 0.0601 0.0 26.0
2.5784614 117.75548 0.0601 0.0 26.0
0.0 113.994736 0.0602 4.0 26.0
0.0 118.55453 0.0602 4.0 26.0
0.0 118.55453 0.0603 0.0 27.0
2.5784614 122.31527 0.0603 0.0 27.0
0.0 118.55453 0.0604 0.0 27.0
0.0 123.11432 0.0604 0.0 27.0
0.0 118.55453 0.0605 1.0 27.0
2.5784614 122.31527 0.0605 1.0 27.0
2.5784614 122.31527 0.0606 0.0 28.0
6.8317013 123.95893 0.0606 0.0 28.0
2.5784614 122.31527 0.0607 0.0 28.0
5.156923 126.07601 0.0607 0.0 28.0
5.156923 126.07601 0.0608 0.0 29.0
9.410163 127.71967 0.0608 0.0 29.0
5.156923 126.07601 0.0609 0.0 29.0
7.735384 129.83676 0.0609 0.0 29.0
0.0 118.55453 0.0610 3.0 27.0
0.0 123.11432 0.0610 3.0 27.0
0.0 123.11432 0.0611 0.0 28.0
2.5784614 126.87506 0.0611 0.0 28.0
0.0 123.11432 0.0612 2.0 28.0
0.0 127.67411 0.0612 2.0 28.0
0.0 127.67411 0.0613 0.0 29.0
2.5784614 131.43486 0.0613 0.0 29.0
0.0 127.67411 0.0614 0.0 29.0
0.0 132.2339 0.0614 0.0 29.0
0.0 127.67411 0.0615 1.0 29.0
-2.5784614 131.43486 0.0615 1.0 29.0
-2.5784614 131.43486 0.0616 0.0 30.0
-2.5784614 135.99464 0.0616 0.0 30.0
-2.5784614 131.43486 0.0617 0.0 30.0
-5.156923 135.1956 0.0617 0.0 30.0
-5.156923 135.1956 0.0618 0.0 31.0
-5.156923 139.75539 0.0618 0.0 31.0
-5.156923 135.1956 0.0619 0.0 31.0
-7.735384 138.95634 0.0619 0.0 31.0
0.0 127.67411 0.0620 1.0 29.0
0.0 132.2339 0.0620 1.0 29.0
0.0 132.2339 0.0621 0.0 30.0
2.5784614 135.99464 0.0621 0.0 30.0
0.0 132.2339 0.0622 0.0 30.0
0.0 136.79369 0.0622 0.0 30.0
0.0 136.79369 0.0623 0.0 31.0
2.5784614 140.55443 0.0623 0.0 31.0
0.0 136.79369 0.0624 0.0 31.0
0.0 141.35347 0.0624 0.0 31.0
