0.0 0.0 0.00 30.0 1.0
0.0 2.8403943 0.00 30.0 1.0
0.0 2.8403943 0.01 0.0 2.0
2.0405874 4.816209 0.01 0.0 2.0
0.0 2.8403943 0.02 29.0 2.0
0.0 5.6807885 0.02 29.0 2.0
0.0 5.6807885 0.03 0.0 3.0
-2.0405874 7.656603 0.03 0.0 3.0
-2.0405874 7.656603 0.04 0.0 4.0
-2.0405874 10.496997 0.04 0.0 4.0
-2.0405874 7.656603 0.05 0.0 4.0
-4.081175 9.632418 0.05 0.0 4.0
0.0 5.6807885 0.06 28.0 3.0
0.0 8.521183 0.06 28.0 3.0
0.0 8.521183 0.07 0.0 4.0
2.0405874 10.496998 0.07 0.0 4.0
0.0 8.521183 0.08 27.0 4.0
0.0 11.361577 0.08 27.0 4.0
0.0 11.361577 0.09 2.0 5.0
-2.0405874 13.337391 0.09 2.0 5.0
-2.0405874 13.337391 0.010 0.0 6.0
-2.0405874 16.177786 0.010 0.0 6.0
-2.0405874 13.337391 0.011 1.0 6.0
-4.081175 15.313206 0.011 1.0 6.0
-4.081175 15.313206 0.012 0.0 7.0
-6.9200916 15.221615 0.012 0.0 7.0
-6.9200916 15.221615 0.013 0.0 8.0
-8.960679 17.19743 0.013 0.0 8.0
-6.9200916 15.221615 0.014 0.0 8.0
-9.759008 15.130024 0.014 0.0 8.0
-4.081175 15.313206 0.015 0.0 7.0
-6.1217623 17.28902 0.015 0.0 7.0
-6.1217623 17.28902 0.016 0.0 8.0
-6.1217623 20.129416 0.016 0.0 8.0
-6.1217623 17.28902 0.017 0.0 8.0
-8.16235 19.264835 0.017 0.0 8.0
0.0 11.361577 0.018 26.0 5.0
0.0 14.201971 0.018 26.0 5.0
0.0 14.201971 0.019 0.0 6.0
2.0405874 16.177786 0.019 0.0 6.0
0.0 14.201971 0.020 25.0 6.0
0.0 17.042366 0.020 25.0 6.0
0.0 17.042366 0.021 0.0 7.0
-2.0405874 19.01818 0.021 0.0 7.0
-2.0405874 19.01818 0.022 0.0 8.0
-2.0405874 21.858576 0.022 0.0 8.0
-2.0405874 19.01818 0.023 0.0 8.0
-4.081175 20.993996 0.023 0.0 8.0
0.0 17.042366 0.024 24.0 7.0
0.0 19.882761 0.024 24.0 7.0
0.0 19.882761 0.025 0.0 8.0
2.0405874 21.858576 0.025 0.0 8.0
0.0 19.882761 0.026 23.0 8.0
0.0 22.723156 0.026 23.0 8.0
0.0 22.723156 0.027 6.0 9.0
2.0405874 24.69897 0.027 6.0 9.0
2.0405874 24.69897 0.028 0.0 10.0
4.879504 24.60738 0.028 0.0 10.0
2.0405874 24.69897 0.029 5.0 10.0
4.081175 26.674786 0.029 5.0 10.0
4.081175 26.674786 0.030 0.0 11.0
4.081175 29.51518 0.030 0.0 11.0
4.081175 29.51518 0.031 0.0 12.0
6.1217623 31.490995 0.031 0.0 12.0
4.081175 29.51518 0.032 0.0 12.0
4.081175 32.355576 0.032 0.0 12.0
4.081175 26.674786 0.033 4.0 11.0
6.1217623 28.6506 0.033 4.0 11.0
6.1217623 28.6506 0.034 0.0 12.0
8.960679 28.55901 0.034 0.0 12.0
6.1217623 28.6506 0.035 3.0 12.0
8.16235 30.626415 0.035 3.0 12.0
8.16235 30.626415 0.036 2.0 13.0
8.16235 33.46681 0.036 2.0 13.0
8.16235 33.46681 0.037 0.0 14.0
10.202937 35.442623 0.037 0.0 14.0
8.16235 33.46681 0.038 1.0 14.0
8.16235 36.3072 0.038 1.0 14.0
8.16235 36.3072 0.039 0.0 15.0
6.1217623 38.283016 0.039 0.0 15.0
6.1217623 38.283016 0.040 0.0 16.0
6.1217623 41.12341 0.040 0.0 16.0
6.1217623 38.283016 0.041 0.0 16.0
4.081175 40.25883 0.041 0.0 16.0
8.16235 36.3072 0.042 0.0 15.0
8.16235 39.147594 0.042 0.0 15.0
8.16235 39.147594 0.043 0.0 16.0
10.202937 41.12341 0.043 0.0 16.0
8.16235 39.147594 0.044 0.0 16.0
8.16235 41.987988 0.044 0.0 16.0
8.16235 30.626415 0.045 2.0 13.0
10.202937 32.60223 0.045 2.0 13.0
10.202937 32.60223 0.046 0.0 14.0
13.041854 32.51064 0.046 0.0 14.0
10.202937 32.60223 0.047 1.0 14.0
12.243525 34.578045 0.047 1.0 14.0
12.243525 34.578045 0.048 0.0 15.0
12.243525 37.418438 0.048 0.0 15.0
12.243525 37.418438 0.049 0.0 16.0
14.284112 39.394253 0.049 0.0 16.0
12.243525 37.418438 0.050 0.0 16.0
12.243525 40.25883 0.050 0.0 16.0
12.243525 34.578045 0.051 0.0 15.0
14.284112 36.55386 0.051 0.0 15.0
14.284112 36.55386 0.052 0.0 16.0
17.12303 36.46227 0.052 0.0 16.0
14.284112 36.55386 0.053 0.0 16.0
16.3247 38.529675 0.053 0.0 16.0
0.0 22.723156 0.054 22.0 9.0
0.0 25.56355 0.054 22.0 9.0
0.0 25.56355 0.055 0.0 10.0
2.0405874 27.539366 0.055 0.0 10.0
0.0 25.56355 0.056 21.0 10.0
0.0 28.403946 0.056 21.0 10.0
0.0 28.403946 0.057 0.0 11.0
-2.0405874 30.37976 0.057 0.0 11.0
-2.0405874 30.37976 0.058 0.0 12.0
-2.0405874 33.220154 0.058 0.0 12.0
-2.0405874 30.37976 0.059 0.0 12.0
-4.081175 32.355576 0.059 0.0 12.0
0.0 28.403946 0.060 20.0 11.0
0.0 31.24434 0.060 20.0 11.0
0.0 31.24434 0.061 0.0 12.0
2.0405874 33.220154 0.061 0.0 12.0
0.0 31.24434 0.062 19.0 12.0
0.0 34.084736 0.062 19.0 12.0
0.0 34.084736 0.063 2.0 13.0
-2.0405874 36.06055 0.063 2.0 13.0
-2.0405874 36.06055 0.064 0.0 14.0
-2.0405874 38.900944 0.064 0.0 14.0
-2.0405874 36.06055 0.065 1.0 14.0
-4.081175 38.036366 0.065 1.0 14.0
-4.081175 38.036366 0.066 0.0 15.0
-6.9200916 37.944775 0.066 0.0 15.0
-6.9200916 37.944775 0.067 0.0 16.0
-8.960679 39.92059 0.067 0.0 16.0
-6.9200916 37.944775 0.068 0.0 16.0
-9.759008 37.853184 0.068 0.0 16.0
-4.081175 38.036366 0.069 0.0 15.0
-6.1217623 40.01218 0.069 0.0 15.0
-6.1217623 40.01218 0.070 0.0 16.0
-6.1217623 42.852573 0.070 0.0 16.0
-6.1217623 40.01218 0.071 0.0 16.0
-8.16235 41.987995 0.071 0.0 16.0
0.0 34.084736 0.072 18.0 13.0
0.0 36.92513 0.072 18.0 13.0
0.0 36.92513 0.073 0.0 14.0
2.0405874 38.900944 0.073 0.0 14.0
0.0 36.92513 0.074 17.0 14.0
0.0 39.765522 0.074 17.0 14.0
0.0 39.765522 0.075 0.0 15.0
-2.0405874 41.741337 0.075 0.0 15.0
-2.0405874 41.741337 0.076 0.0 16.0
-2.0405874 44.58173 0.076 0.0 16.0
-2.0405874 41.741337 0.077 0.0 16.0
-4.081175 43.71715 0.077 0.0 16.0
0.0 39.765522 0.078 16.0 15.0
0.0 42.605915 0.078 16.0 15.0
0.0 42.605915 0.079 0.0 16.0
2.0405874 44.58173 0.079 0.0 16.0
0.0 42.605915 0.080 15.0 16.0
0.0 45.44631 0.080 15.0 16.0
0.0 45.44631 0.081 14.0 17.0
-2.0405874 47.422123 0.081 14.0 17.0
-2.0405874 47.422123 0.082 0.0 18.0
-2.0405874 50.262516 0.082 0.0 18.0
-2.0405874 47.422123 0.083 13.0 18.0
-4.081175 49.397938 0.083 13.0 18.0
-4.081175 49.397938 0.084 0.0 19.0
-6.9200916 49.306347 0.084 0.0 19.0
-6.9200916 49.306347 0.085 0.0 20.0
-8.960679 51.28216 0.085 0.0 20.0
-6.9200916 49.306347 0.086 0.0 20.0
-9.759008 49.214756 0.086 0.0 20.0
-4.081175 49.397938 0.087 12.0 19.0
-6.1217623 51.373753 0.087 12.0 19.0
-6.1217623 51.373753 0.088 0.0 20.0
-6.1217623 54.214146 0.088 0.0 20.0
-6.1217623 51.373753 0.089 11.0 20.0
-8.16235 53.349567 0.089 11.0 20.0
-8.16235 53.349567 0.090 2.0 21.0
-11.0012665 53.257977 0.090 2.0 21.0
-11.0012665 53.257977 0.091 0.0 22.0
-13.041854 55.23379 0.091 0.0 22.0
-11.0012665 53.257977 0.092 1.0 22.0
-13.840183 53.166386 0.092 1.0 22.0
-13.840183 53.166386 0.093 0.0 23.0
-15.749169 51.06315 0.093 0.0 23.0
-15.749169 51.06315 0.094 0.0 24.0
-18.588087 50.971558 0.094 0.0 24.0
-15.749169 51.06315 0.095 0.0 24.0
-17.658155 48.95991 0.095 0.0 24.0
-13.840183 53.166386 0.096 0.0 23.0
-16.6791 53.074795 0.096 0.0 23.0
-16.6791 53.074795 0.097 0.0 24.0
-18.719688 55.05061 0.097 0.0 24.0
-16.6791 53.074795 0.098 0.0 24.0
-19.518017 52.983204 0.098 0.0 24.0
-8.16235 53.349567 0.099 10.0 21.0
-10.202937 55.325382 0.099 10.0 21.0
-10.202937 55.325382 0.0100 0.0 22.0
-10.202937 58.165775 0.0100 0.0 22.0
-10.202937 55.325382 0.0101 9.0 22.0
-12.243525 57.301197 0.0101 9.0 22.0
-12.243525 57.301197 0.0102 0.0 23.0
-15.082441 57.209606 0.0102 0.0 23.0
-15.082441 57.209606 0.0103 0.0 24.0
-17.123028 59.18542 0.0103 0.0 24.0
-15.082441 57.209606 0.0104 0.0 24.0
-17.921358 57.118015 0.0104 0.0 24.0
-12.243525 57.301197 0.0105 8.0 23.0
-14.284112 59.27701 0.0105 8.0 23.0
-14.284112 59.27701 0.0106 0.0 24.0
-14.284112 62.117405 0.0106 0.0 24.0
-14.284112 59.27701 0.0107 7.0 24.0
-16.3247 61.252827 0.0107 7.0 24.0
-16.3247 61.252827 0.0108 6.0 25.0
-16.3247 64.09322 0.0108 6.0 25.0
-16.3247 64.09322 0.0109 0.0 26.0
-14.284112 66.06904 0.0109 0.0 26.0
-16.3247 64.09322 0.0110 5.0 26.0
-16.3247 66.93362 0.0110 5.0 26.0
-16.3247 66.93362 0.0111 0.0 27.0
-18.365288 68.90943 0.0111 0.0 27.0
-18.365288 68.90943 0.0112 0.0 28.0
-18.365288 71.749825 0.0112 0.0 28.0
-18.365288 68.90943 0.0113 0.0 28.0
-20.405876 70.88525 0.0113 0.0 28.0
-16.3247 66.93362 0.0114 4.0 27.0
-16.3247 69.77401 0.0114 4.0 27.0
-16.3247 69.77401 0.0115 0.0 28.0
-14.284112 71.749825 0.0115 0.0 28.0
-16.3247 69.77401 0.0116 3.0 28.0
-16.3247 72.6144 0.0116 3.0 28.0
-16.3247 72.6144 0.0117 2.0 29.0
-18.365288 74.59022 0.0117 2.0 29.0
-18.365288 74.59022 0.0118 0.0 30.0
-18.365288 77.43061 0.0118 0.0 30.0
-18.365288 74.59022 0.0119 1.0 30.0
-20.405876 76.56603 0.0119 1.0 30.0
-20.405876 76.56603 0.0120 0.0 31.0
-23.244793 76.47444 0.0120 0.0 31.0
-23.244793 76.47444 0.0121 0.0 32.0
-25.285381 78.45026 0.0121 0.0 32.0
-23.244793 76.47444 0.0122 0.0 32.0
-26.08371 76.38285 0.0122 0.0 32.0
-20.405876 76.56603 0.0123 0.0 31.0
-22.446465 78.54185 0.0123 0.0 31.0
-22.446465 78.54185 0.0124 0.0 32.0
-22.446465 81.38224 0.0124 0.0 32.0
-22.446465 78.54185 0.0125 0.0 32.0
-24.487053 80.51766 0.0125 0.0 32.0
-16.3247 72.6144 0.0126 2.0 29.0
-16.3247 75.454796 0.0126 2.0 29.0
-16.3247 75.454796 0.0127 0.0 30.0
-14.284112 77.43061 0.0127 0.0 30.0
-16.3247 75.454796 0.0128 1.0 30.0
-16.3247 78.29519 0.0128 1.0 30.0
-16.3247 78.29519 0.0129 0.0 31.0
-18.365288 80.271 0.0129 0.0 31.0
-18.365288 80.271 0.0130 0.0 32.0
-18.365288 83.1114 0.0130 0.0 32.0
-18.365288 80.271 0.0131 0.0 32.0
-20.405876 82.24682 0.0131 0.0 32.0
-16.3247 78.29519 0.0132 0.0 31.0
-16.3247 81.13558 0.0132 0.0 31.0
-16.3247 81.13558 0.0133 0.0 32.0
-14.284112 83.1114 0.0133 0.0 32.0
-16.3247 81.13558 0.0134 0.0 32.0
-16.3247 83.975975 0.0134 0.0 32.0
-16.3247 61.252827 0.0135 6.0 25.0
-18.365288 63.22864 0.0135 6.0 25.0
-18.365288 63.22864 0.0136 0.0 26.0
-18.365288 66.06904 0.0136 0.0 26.0
-18.365288 63.22864 0.0137 5.0 26.0
-20.405876 65.20445 0.0137 5.0 26.0
-20.405876 65.20445 0.0138 0.0 27.0
-23.244793 65.11286 0.0138 0.0 27.0
-23.244793 65.11286 0.0139 0.0 28.0
-25.285381 67.08868 0.0139 0.0 28.0
-23.244793 65.11286 0.0140 0.0 28.0
-26.08371 65.02127 0.0140 0.0 28.0
-20.405876 65.20445 0.0141 4.0 27.0
-22.446465 67.18027 0.0141 4.0 27.0
-22.446465 67.18027 0.0142 0.0 28.0
-22.446465 70.02066 0.0142 0.0 28.0
-22.446465 67.18027 0.0143 3.0 28.0
-24.487053 69.15608 0.0143 3.0 28.0
-24.487053 69.15608 0.0144 2.0 29.0
-27.32597 69.06449 0.0144 2.0 29.0
-27.32597 69.06449 0.0145 0.0 30.0
-29.366558 71.040306 0.0145 0.0 30.0
-27.32597 69.06449 0.0146 1.0 30.0
-30.164886 68.9729 0.0146 1.0 30.0
-30.164886 68.9729 0.0147 0.0 31.0
-32.07387 66.86966 0.0147 0.0 31.0
-32.07387 66.86966 0.0148 0.0 32.0
-34.91279 66.77807 0.0148 0.0 32.0
-32.07387 66.86966 0.0149 0.0 32.0
-33.982857 64.76642 0.0149 0.0 32.0
-30.164886 68.9729 0.0150 0.0 31.0
-33.003803 68.88131 0.0150 0.0 31.0
-33.003803 68.88131 0.0151 0.0 32.0
-35.04439 70.857124 0.0151 0.0 32.0
-33.003803 68.88131 0.0152 0.0 32.0
-35.84272 68.78972 0.0152 0.0 32.0
-24.487053 69.15608 0.0153 2.0 29.0
-26.527641 71.1319 0.0153 2.0 29.0
-26.527641 71.1319 0.0154 0.0 30.0
-26.527641 73.97229 0.0154 0.0 30.0
-26.527641 71.1319 0.0155 1.0 30.0
-28.56823 73.10771 0.0155 1.0 30.0
-28.56823 73.10771 0.0156 0.0 31.0
-31.407146 73.01612 0.0156 0.0 31.0
-31.407146 73.01612 0.0157 0.0 32.0
-33.447735 74.991936 0.0157 0.0 32.0
-31.407146 73.01612 0.0158 0.0 32.0
-34.246063 72.92453 0.0158 0.0 32.0
-28.56823 73.10771 0.0159 0.0 31.0
-30.608818 75.08353 0.0159 0.0 31.0
-30.608818 75.08353 0.0160 0.0 32.0
-30.608818 77.92392 0.0160 0.0 32.0
-30.608818 75.08353 0.0161 0.0 32.0
-32.649406 77.05934 0.0161 0.0 32.0
0.0 45.44631 0.0162 14.0 17.0
0.0 48.2867 0.0162 14.0 17.0
0.0 48.2867 0.0163 0.0 18.0
2.0405874 50.262516 0.0163 0.0 18.0
0.0 48.2867 0.0164 13.0 18.0
0.0 51.127094 0.0164 13.0 18.0
0.0 51.127094 0.0165 0.0 19.0
-2.0405874 53.10291 0.0165 0.0 19.0
-2.0405874 53.10291 0.0166 0.0 20.0
-2.0405874 55.943302 0.0166 0.0 20.0
-2.0405874 53.10291 0.0167 0.0 20.0
-4.081175 55.078724 0.0167 0.0 20.0
0.0 51.127094 0.0168 12.0 19.0
0.0 53.967487 0.0168 12.0 19.0
0.0 53.967487 0.0169 0.0 20.0
2.0405874 55.943302 0.0169 0.0 20.0
0.0 53.967487 0.0170 11.0 20.0
0.0 56.80788 0.0170 11.0 20.0
0.0 56.80788 0.0171 2.0 21.0
-2.0405874 58.783695 0.0171 2.0 21.0
-2.0405874 58.783695 0.0172 0.0 22.0
-2.0405874 61.62409 0.0172 0.0 22.0
-2.0405874 58.783695 0.0173 1.0 22.0
-4.081175 60.75951 0.0173 1.0 22.0
-4.081175 60.75951 0.0174 0.0 23.0
-6.9200916 60.66792 0.0174 0.0 23.0
-6.9200916 60.66792 0.0175 0.0 24.0
-8.960679 62.643734 0.0175 0.0 24.0
-6.9200916 60.66792 0.0176 0.0 24.0
-9.759008 60.57633 0.0176 0.0 24.0
-4.081175 60.75951 0.0177 0.0 23.0
-6.1217623 62.735325 0.0177 0.0 23.0
-6.1217623 62.735325 0.0178 0.0 24.0
-6.1217623 65.57572 0.0178 0.0 24.0
-6.1217623 62.735325 0.0179 0.0 24.0
-8.16235 64.711136 0.0179 0.0 24.0
0.0 56.80788 0.0180 10.0 21.0
0.0 59.648273 0.0180 10.0 21.0
0.0 59.648273 0.0181 0.0 22.0
2.0405874 61.62409 0.0181 0.0 22.0
0.0 59.648273 0.0182 9.0 22.0
0.0 62.488667 0.0182 9.0 22.0
0.0 62.488667 0.0183 0.0 23.0
-2.0405874 64.46448 0.0183 0.0 23.0
-2.0405874 64.46448 0.0184 0.0 24.0
-2.0405874 67.30487 0.0184 0.0 24.0
-2.0405874 64.46448 0.0185 0.0 24.0
-4.081175 66.44029 0.0185 0.0 24.0
0.0 62.488667 0.0186 8.0 23.0
0.0 65.32906 0.0186 8.0 23.0
0.0 65.32906 0.0187 0.0 24.0
2.0405874 67.30488 0.0187 0.0 24.0
0.0 65.32906 0.0188 7.0 24.0
0.0 68.16946 0.0188 7.0 24.0
0.0 68.16946 0.0189 6.0 25.0
2.0405874 70.14527 0.0189 6.0 25.0
2.0405874 70.14527 0.0190 0.0 26.0
4.879504 70.05368 0.0190 0.0 26.0
2.0405874 70.14527 0.0191 5.0 26.0
4.081175 72.121086 0.0191 5.0 26.0
4.081175 72.121086 0.0192 0.0 27.0
4.081175 74.96148 0.0192 0.0 27.0
4.081175 74.96148 0.0193 0.0 28.0
6.1217623 76.937294 0.0193 0.0 28.0
4.081175 74.96148 0.0194 0.0 28.0
4.081175 77.80187 0.0194 0.0 28.0
4.081175 72.121086 0.0195 4.0 27.0
6.1217623 74.0969 0.0195 4.0 27.0
6.1217623 74.0969 0.0196 0.0 28.0
8.960679 74.00531 0.0196 0.0 28.0
6.1217623 74.0969 0.0197 3.0 28.0
8.16235 76.072716 0.0197 3.0 28.0
8.16235 76.072716 0.0198 2.0 29.0
8.16235 78.91311 0.0198 2.0 29.0
8.16235 78.91311 0.0199 0.0 30.0
10.202937 80.88892 0.0199 0.0 30.0
8.16235 78.91311 0.0200 1.0 30.0
8.16235 81.7535 0.0200 1.0 30.0
8.16235 81.7535 0.0201 0.0 31.0
6.1217623 83.72932 0.0201 0.0 31.0
6.1217623 83.72932 0.0202 0.0 32.0
6.1217623 86.56971 0.0202 0.0 32.0
6.1217623 83.72932 0.0203 0.0 32.0
4.081175 85.70513 0.0203 0.0 32.0
8.16235 81.7535 0.0204 0.0 31.0
8.16235 84.593895 0.0204 0.0 31.0
8.16235 84.593895 0.0205 0.0 32.0
10.202937 86.56971 0.0205 0.0 32.0
8.16235 84.593895 0.0206 0.0 32.0
8.16235 87.43429 0.0206 0.0 32.0
8.16235 76.072716 0.0207 2.0 29.0
10.202937 78.04853 0.0207 2.0 29.0
10.202937 78.04853 0.0208 0.0 30.0
13.041854 77.95694 0.0208 0.0 30.0
10.202937 78.04853 0.0209 1.0 30.0
12.243525 80.024345 0.0209 1.0 30.0
12.243525 80.024345 0.0210 0.0 31.0
12.243525 82.86474 0.0210 0.0 31.0
12.243525 82.86474 0.0211 0.0 32.0
14.284112 84.84055 0.0211 0.0 32.0
12.243525 82.86474 0.0212 0.0 32.0
12.243525 85.70513 0.0212 0.0 32.0
12.243525 80.024345 0.0213 0.0 31.0
14.284112 82.00016 0.0213 0.0 31.0
14.284112 82.00016 0.0214 0.0 32.0
17.12303 81.90857 0.0214 0.0 32.0
14.284112 82.00016 0.0215 0.0 32.0
16.3247 83.975975 0.0215 0.0 32.0
0.0 68.16946 0.0216 6.0 25.0
0.0 71.00985 0.0216 6.0 25.0
0.0 71.00985 0.0217 0.0 26.0
2.0405874 72.985664 0.0217 0.0 26.0
0.0 71.00985 0.0218 5.0 26.0
0.0 73.85024 0.0218 5.0 26.0
0.0 73.85024 0.0219 0.0 27.0
-2.0405874 75.82606 0.0219 0.0 27.0
-2.0405874 75.82606 0.0220 0.0 28.0
-2.0405874 78.66645 0.0220 0.0 28.0
-2.0405874 75.82606 0.0221 0.0 28.0
-4.081175 77.80187 0.0221 0.0 28.0
0.0 73.85024 0.0222 4.0 27.0
0.0 76.690636 0.0222 4.0 27.0
0.0 76.690636 0.0223 0.0 28.0
2.0405874 78.66645 0.0223 0.0 28.0
0.0 76.690636 0.0224 3.0 28.0
0.0 79.53103 0.0224 3.0 28.0
0.0 79.53103 0.0225 2.0 29.0
-2.0405874 81.50684 0.0225 2.0 29.0
-2.0405874 81.50684 0.0226 0.0 30.0
-2.0405874 84.34724 0.0226 0.0 30.0
-2.0405874 81.50684 0.0227 1.0 30.0
-4.081175 83.48266 0.0227 1.0 30.0
-4.081175 83.48266 0.0228 0.0 31.0
-6.9200916 83.39107 0.0228 0.0 31.0
-6.9200916 83.39107 0.0229 0.0 32.0
-8.960679 85.36688 0.0229 0.0 32.0
-6.9200916 83.39107 0.0230 0.0 32.0
-9.759008 83.29948 0.0230 0.0 32.0
-4.081175 83.48266 0.0231 0.0 31.0
-6.1217623 85.45847 0.0231 0.0 31.0
-6.1217623 85.45847 0.0232 0.0 32.0
-6.1217623 88.29887 0.0232 0.0 32.0
-6.1217623 85.45847 0.0233 0.0 32.0
-8.16235 87.43429 0.0233 0.0 32.0
0.0 79.53103 0.0234 2.0 29.0
0.0 82.37142 0.0234 2.0 29.0
0.0 82.37142 0.0235 0.0 30.0
2.0405874 84.34724 0.0235 0.0 30.0
0.0 82.37142 0.0236 1.0 30.0
0.0 85.211815 0.0236 1.0 30.0
0.0 85.211815 0.0237 0.0 31.0
-2.0405874 87.18763 0.0237 0.0 31.0
-2.0405874 87.18763 0.0238 0.0 32.0
-2.0405874 90.02802 0.0238 0.0 32.0
-2.0405874 87.18763 0.0239 0.0 32.0
-4.081175 89.163445 0.0239 0.0 32.0
0.0 85.211815 0.0240 0.0 31.0
0.0 88.05221 0.0240 0.0 31.0
0.0 88.05221 0.0241 0.0 32.0
2.0405874 90.02802 0.0241 0.0 32.0
0.0 88.05221 0.0242 0.0 32.0
0.0 90.8926 0.0242 0.0 32.0
