0.0 0.0 0.00 79.0 1.0
0.0 3.3058753 0.00 79.0 1.0
0.0 3.3058753 0.01 0.0 2.0
1.1480217 6.4060135 0.01 0.0 2.0
0.0 3.3058753 0.02 78.0 2.0
0.0 6.6117506 0.02 78.0 2.0
0.0 6.6117506 0.03 0.0 3.0
1.1480217 9.711889 0.03 0.0 3.0
0.0 6.6117506 0.04 77.0 3.0
0.0 9.917625 0.04 77.0 3.0
0.0 9.917625 0.05 1.0 4.0
-1.1480217 13.017763 0.05 1.0 4.0
-1.1480217 13.017763 0.06 0.0 5.0
-1.1480217 16.323639 0.06 0.0 5.0
-1.1480217 13.017763 0.07 0.0 5.0
-2.2960434 16.1179 0.07 0.0 5.0
-2.2960434 16.1179 0.08 0.0 6.0
-2.2960434 19.423777 0.08 0.0 6.0
-2.2960434 16.1179 0.09 0.0 6.0
-3.444065 19.218039 0.09 0.0 6.0
0.0 9.917625 0.010 76.0 4.0
0.0 13.223501 0.010 76.0 4.0
0.0 13.223501 0.011 0.0 5.0
1.1480217 16.323639 0.011 0.0 5.0
0.0 13.223501 0.012 75.0 5.0
0.0 16.529377 0.012 75.0 5.0
0.0 16.529377 0.013 0.0 6.0
1.1480217 19.629515 0.013 0.0 6.0
0.0 16.529377 0.014 74.0 6.0
0.0 19.835253 0.014 74.0 6.0
0.0 19.835253 0.015 1.0 7.0
1.1480217 22.93539 0.015 1.0 7.0
1.1480217 22.93539 0.016 0.0 8.0
3.3011737 25.443926 0.016 0.0 8.0
1.1480217 22.93539 0.017 0.0 8.0
2.2960434 26.035528 0.017 0.0 8.0
2.2960434 26.035528 0.018 0.0 9.0
4.4491954 28.544064 0.018 0.0 9.0
2.2960434 26.035528 0.019 0.0 9.0
3.444065 29.135666 0.019 0.0 9.0
0.0 19.835253 0.020 73.0 7.0
0.0 23.141129 0.020 73.0 7.0
0.0 23.141129 0.021 0.0 8.0
1.1480217 26.241266 0.021 0.0 8.0
0.0 23.141129 0.022 72.0 8.0
0.0 26.447004 0.022 72.0 8.0
0.0 26.447004 0.023 0.0 9.0
1.1480217 29.547142 0.023 0.0 9.0
0.0 26.447004 0.024 71.0 9.0
0.0 29.75288 0.024 71.0 9.0
0.0 29.75288 0.025 7.0 10.0
1.1480217 32.85302 0.025 7.0 10.0
1.1480217 32.85302 0.026 0.0 11.0
3.3011737 35.361553 0.026 0.0 11.0
1.1480217 32.85302 0.027 6.0 11.0
2.2960434 35.95316 0.027 6.0 11.0
2.2960434 35.95316 0.028 0.0 12.0
4.4491954 38.461693 0.028 0.0 12.0
2.2960434 35.95316 0.029 5.0 12.0
3.444065 39.0533 0.029 5.0 12.0
3.444065 39.0533 0.030 1.0 13.0
3.444065 42.359173 0.030 1.0 13.0
3.444065 42.359173 0.031 0.0 14.0
4.592087 45.459312 0.031 0.0 14.0
3.444065 42.359173 0.032 0.0 14.0
3.444065 45.665047 0.032 0.0 14.0
3.444065 45.665047 0.033 0.0 15.0
4.592087 48.765186 0.033 0.0 15.0
3.444065 45.665047 0.034 0.0 15.0
3.444065 48.97092 0.034 0.0 15.0
3.444065 39.0533 0.035 4.0 13.0
4.592087 42.15344 0.035 4.0 13.0
4.592087 42.15344 0.036 0.0 14.0
6.745239 44.661972 0.036 0.0 14.0
4.592087 42.15344 0.037 3.0 14.0
5.7401085 45.25358 0.037 3.0 14.0
5.7401085 45.25358 0.038 0.0 15.0
7.8932605 47.76211 0.038 0.0 15.0
5.7401085 45.25358 0.039 2.0 15.0
6.88813 48.353718 0.039 2.0 15.0
6.88813 48.353718 0.040 1.0 16.0
9.041283 50.86225 0.040 1.0 16.0
9.041283 50.86225 0.041 0.0 17.0
11.931568 52.466953 0.041 0.0 17.0
9.041283 50.86225 0.042 0.0 17.0
11.194435 53.370785 0.042 0.0 17.0
11.194435 53.370785 0.043 0.0 18.0
14.084721 54.975487 0.043 0.0 18.0
11.194435 53.370785 0.044 0.0 18.0
13.347588 55.87932 0.044 0.0 18.0
6.88813 48.353718 0.045 1.0 16.0
8.036152 51.453857 0.045 1.0 16.0
8.036152 51.453857 0.046 0.0 17.0
10.189304 53.96239 0.046 0.0 17.0
8.036152 51.453857 0.047 0.0 17.0
9.184174 54.553997 0.047 0.0 17.0
9.184174 54.553997 0.048 0.0 18.0
11.337326 57.06253 0.048 0.0 18.0
9.184174 54.553997 0.049 0.0 18.0
10.332195 57.654137 0.049 0.0 18.0
0.0 29.75288 0.050 70.0 10.0
0.0 33.058754 0.050 70.0 10.0
0.0 33.058754 0.051 0.0 11.0
1.1480217 36.158894 0.051 0.0 11.0
0.0 33.058754 0.052 69.0 11.0
0.0 36.364628 0.052 69.0 11.0
0.0 36.364628 0.053 0.0 12.0
1.1480217 39.464767 0.053 0.0 12.0
0.0 36.364628 0.054 68.0 12.0
0.0 39.6705 0.054 68.0 12.0
0.0 39.6705 0.055 1.0 13.0
-1.1480217 42.77064 0.055 1.0 13.0
-1.1480217 42.77064 0.056 0.0 14.0
-1.1480217 46.076515 0.056 0.0 14.0
-1.1480217 42.77064 0.057 0.0 14.0
-2.2960434 45.87078 0.057 0.0 14.0
-2.2960434 45.87078 0.058 0.0 15.0
-2.2960434 49.176655 0.058 0.0 15.0
-2.2960434 45.87078 0.059 0.0 15.0
-3.444065 48.97092 0.059 0.0 15.0
0.0 39.6705 0.060 67.0 13.0
0.0 42.976376 0.060 67.0 13.0
0.0 42.976376 0.061 0.0 14.0
1.1480217 46.076515 0.061 0.0 14.0
0.0 42.976376 0.062 66.0 14.0
0.0 46.28225 0.062 66.0 14.0
0.0 46.28225 0.063 0.0 15.0
1.1480217 49.38239 0.063 0.0 15.0
0.0 46.28225 0.064 65.0 15.0
0.0 49.588123 0.064 65.0 15.0
0.0 49.588123 0.065 1.0 16.0
1.1480217 52.688263 0.065 1.0 16.0
1.1480217 52.688263 0.066 0.0 17.0
3.3011737 55.196796 0.066 0.0 17.0
1.1480217 52.688263 0.067 0.0 17.0
2.2960434 55.788403 0.067 0.0 17.0
2.2960434 55.788403 0.068 0.0 18.0
4.4491954 58.296936 0.068 0.0 18.0
2.2960434 55.788403 0.069 0.0 18.0
3.444065 58.888542 0.069 0.0 18.0
0.0 49.588123 0.070 64.0 16.0
0.0 52.893997 0.070 64.0 16.0
0.0 52.893997 0.071 0.0 17.0
1.1480217 55.994137 0.071 0.0 17.0
0.0 52.893997 0.072 63.0 17.0
0.0 56.19987 0.072 63.0 17.0
0.0 56.19987 0.073 0.0 18.0
1.1480217 59.30001 0.073 0.0 18.0
0.0 56.19987 0.074 62.0 18.0
0.0 59.505745 0.074 62.0 18.0
0.0 59.505745 0.075 7.0 19.0
1.1480217 62.605885 0.075 7.0 19.0
1.1480217 62.605885 0.076 0.0 20.0
3.3011737 65.11442 0.076 0.0 20.0
1.1480217 62.605885 0.077 6.0 20.0
2.2960434 65.706024 0.077 6.0 20.0
2.2960434 65.706024 0.078 0.0 21.0
4.4491954 68.21456 0.078 0.0 21.0
2.2960434 65.706024 0.079 5.0 21.0
3.444065 68.80616 0.079 5.0 21.0
3.444065 68.80616 0.080 1.0 22.0
3.444065 72.11204 0.080 1.0 22.0
3.444065 72.11204 0.081 0.0 23.0
4.592087 75.21217 0.081 0.0 23.0
3.444065 72.11204 0.082 0.0 23.0
3.444065 75.417915 0.082 0.0 23.0
3.444065 75.417915 0.083 0.0 24.0
4.592087 78.51805 0.083 0.0 24.0
3.444065 75.417915 0.084 0.0 24.0
3.444065 78.72379 0.084 0.0 24.0
3.444065 68.80616 0.085 4.0 22.0
4.592087 71.906296 0.085 4.0 22.0
4.592087 71.906296 0.086 0.0 23.0
6.745239 74.41483 0.086 0.0 23.0
4.592087 71.906296 0.087 3.0 23.0
5.7401085 75.00643 0.087 3.0 23.0
5.7401085 75.00643 0.088 0.0 24.0
7.8932605 77.51497 0.088 0.0 24.0
5.7401085 75.00643 0.089 2.0 24.0
6.88813 78.10657 0.089 2.0 24.0
6.88813 78.10657 0.090 1.0 25.0
9.041283 80.615105 0.090 1.0 25.0
9.041283 80.615105 0.091 0.0 26.0
11.931568 82.2198 0.091 0.0 26.0
9.041283 80.615105 0.092 0.0 26.0
11.194435 83.12364 0.092 0.0 26.0
11.194435 83.12364 0.093 0.0 27.0
14.084721 84.72834 0.093 0.0 27.0
11.194435 83.12364 0.094 0.0 27.0
13.347588 85.63218 0.094 0.0 27.0
6.88813 78.10657 0.095 1.0 25.0
8.036152 81.2067 0.095 1.0 25.0
8.036152 81.2067 0.096 0.0 26.0
10.189304 83.71524 0.096 0.0 26.0
8.036152 81.2067 0.097 0.0 26.0
9.184174 84.30684 0.097 0.0 26.0
9.184174 84.30684 0.098 0.0 27.0
11.337326 86.81538 0.098 0.0 27.0
9.184174 84.30684 0.099 0.0 27.0
10.332195 87.406975 0.099 0.0 27.0
0.0 59.505745 0.0100 61.0 19.0
0.0 62.81162 0.0100 61.0 19.0
0.0 62.81162 0.0101 0.0 20.0
1.1480217 65.91176 0.0101 0.0 20.0
0.0 62.81162 0.0102 60.0 20.0
0.0 66.11749 0.0102 60.0 20.0
0.0 66.11749 0.0103 0.0 21.0
1.1480217 69.21763 0.0103 0.0 21.0
0.0 66.11749 0.0104 59.0 21.0
0.0 69.42337 0.0104 59.0 21.0
0.0 69.42337 0.0105 1.0 22.0
-1.1480217 72.523506 0.0105 1.0 22.0
-1.1480217 72.523506 0.0106 0.0 23.0
-1.1480217 75.829384 0.0106 0.0 23.0
-1.1480217 72.523506 0.0107 0.0 23.0
-2.2960434 75.62364 0.0107 0.0 23.0
-2.2960434 75.62364 0.0108 0.0 24.0
-2.2960434 78.92952 0.0108 0.0 24.0
-2.2960434 75.62364 0.0109 0.0 24.0
-3.444065 78.72378 0.0109 0.0 24.0
0.0 69.42337 0.0110 58.0 22.0
0.0 72.72925 0.0110 58.0 22.0
0.0 72.72925 0.0111 0.0 23.0
1.1480217 75.829384 0.0111 0.0 23.0
0.0 72.72925 0.0112 57.0 23.0
0.0 76.035126 0.0112 57.0 23.0
0.0 76.035126 0.0113 0.0 24.0
1.1480217 79.13526 0.0113 0.0 24.0
0.0 76.035126 0.0114 56.0 24.0
0.0 79.341 0.0114 56.0 24.0
0.0 79.341 0.0115 1.0 25.0
1.1480217 82.44114 0.0115 1.0 25.0
1.1480217 82.44114 0.0116 0.0 26.0
3.3011737 84.94968 0.0116 0.0 26.0
1.1480217 82.44114 0.0117 0.0 26.0
2.2960434 85.541275 0.0117 0.0 26.0
2.2960434 85.541275 0.0118 0.0 27.0
4.4491954 88.04981 0.0118 0.0 27.0
2.2960434 85.541275 0.0119 0.0 27.0
3.444065 88.64141 0.0119 0.0 27.0
0.0 79.341 0.0120 55.0 25.0
0.0 82.64688 0.0120 55.0 25.0
0.0 82.64688 0.0121 0.0 26.0
1.1480217 85.74702 0.0121 0.0 26.0
0.0 82.64688 0.0122 54.0 26.0
0.0 85.95276 0.0122 54.0 26.0
0.0 85.95276 0.0123 0.0 27.0
1.1480217 89.052895 0.0123 0.0 27.0
0.0 85.95276 0.0124 53.0 27.0
0.0 89.25864 0.0124 53.0 27.0
0.0 89.25864 0.0125 25.0 28.0
1.1480217 92.35877 0.0125 25.0 28.0
1.1480217 92.35877 0.0126 0.0 29.0
3.3011737 94.86731 0.0126 0.0 29.0
1.1480217 92.35877 0.0127 24.0 29.0
2.2960434 95.45891 0.0127 24.0 29.0
2.2960434 95.45891 0.0128 0.0 30.0
4.4491954 97.967445 0.0128 0.0 30.0
2.2960434 95.45891 0.0129 23.0 30.0
3.444065 98.559044 0.0129 23.0 30.0
3.444065 98.559044 0.0130 1.0 31.0
3.444065 101.86492 0.0130 1.0 31.0
3.444065 101.86492 0.0131 0.0 32.0
4.592087 104.96506 0.0131 0.0 32.0
3.444065 101.86492 0.0132 0.0 32.0
3.444065 105.1708 0.0132 0.0 32.0
3.444065 105.1708 0.0133 0.0 33.0
4.592087 108.270935 0.0133 0.0 33.0
3.444065 105.1708 0.0134 0.0 33.0
3.444065 108.47668 0.0134 0.0 33.0
3.444065 98.559044 0.0135 22.0 31.0
4.592087 101.65918 0.0135 22.0 31.0
4.592087 101.65918 0.0136 0.0 32.0
6.745239 104.16772 0.0136 0.0 32.0
4.592087 101.65918 0.0137 21.0 32.0
5.7401085 104.759315 0.0137 21.0 32.0
5.7401085 104.759315 0.0138 0.0 33.0
7.8932605 107.26785 0.0138 0.0 33.0
5.7401085 104.759315 0.0139 20.0 33.0
6.88813 107.85945 0.0139 20.0 33.0
6.88813 107.85945 0.0140 1.0 34.0
9.041283 110.36799 0.0140 1.0 34.0
9.041283 110.36799 0.0141 0.0 35.0
11.931568 111.97269 0.0141 0.0 35.0
9.041283 110.36799 0.0142 0.0 35.0
11.194435 112.876526 0.0142 0.0 35.0
11.194435 112.876526 0.0143 0.0 36.0
14.084721 114.481224 0.0143 0.0 36.0
11.194435 112.876526 0.0144 0.0 36.0
13.347588 115.38506 0.0144 0.0 36.0
6.88813 107.85945 0.0145 19.0 34.0
8.036152 110.95959 0.0145 19.0 34.0
8.036152 110.95959 0.0146 0.0 35.0
10.189304 113.468124 0.0146 0.0 35.0
8.036152 110.95959 0.0147 18.0 35.0
9.184174 114.05972 0.0147 18.0 35.0
9.184174 114.05972 0.0148 0.0 36.0
11.337326 116.56826 0.0148 0.0 36.0
9.184174 114.05972 0.0149 17.0 36.0
10.332195 117.15986 0.0149 17.0 36.0
10.332195 117.15986 0.0150 7.0 37.0
12.485348 119.668396 0.0150 7.0 37.0
12.485348 119.668396 0.0151 0.0 38.0
15.375633 121.273094 0.0151 0.0 38.0
12.485348 119.668396 0.0152 6.0 38.0
14.6385 122.17693 0.0152 6.0 38.0
14.6385 122.17693 0.0153 0.0 39.0
17.528786 123.78163 0.0153 0.0 39.0
14.6385 122.17693 0.0154 5.0 39.0
16.791653 124.68547 0.0154 5.0 39.0
16.791653 124.68547 0.0155 1.0 40.0
17.939674 127.78561 0.0155 1.0 40.0
17.939674 127.78561 0.0156 0.0 41.0
20.092827 130.29414 0.0156 0.0 41.0
17.939674 127.78561 0.0157 0.0 41.0
19.087696 130.88574 0.0157 0.0 41.0
19.087696 130.88574 0.0158 0.0 42.0
21.240849 133.39427 0.0158 0.0 42.0
19.087696 130.88574 0.0159 0.0 42.0
20.235718 133.98589 0.0159 0.0 42.0
16.791653 124.68547 0.0160 4.0 40.0
18.944805 127.19401 0.0160 4.0 40.0
18.944805 127.19401 0.0161 0.0 41.0
21.83509 128.7987 0.0161 0.0 41.0
18.944805 127.19401 0.0162 3.0 41.0
21.097958 129.70255 0.0162 3.0 41.0
21.097958 129.70255 0.0163 0.0 42.0
23.988243 131.30725 0.0163 0.0 42.0
21.097958 129.70255 0.0164 2.0 42.0
23.25111 132.21107 0.0164 2.0 42.0
23.25111 132.21107 0.0165 1.0 43.0
26.141396 133.81578 0.0165 1.0 43.0
26.141396 133.81578 0.0166 0.0 44.0
29.409067 134.31691 0.0166 0.0 44.0
26.141396 133.81578 0.0167 0.0 44.0
29.031681 135.42049 0.0167 0.0 44.0
29.031681 135.42049 0.0168 0.0 45.0
32.299355 135.92162 0.0168 0.0 45.0
29.031681 135.42049 0.0169 0.0 45.0
31.921967 137.02519 0.0169 0.0 45.0
23.25111 132.21107 0.0170 1.0 43.0
25.404263 134.7196 0.0170 1.0 43.0
25.404263 134.7196 0.0171 0.0 44.0
28.294548 136.32431 0.0171 0.0 44.0
25.404263 134.7196 0.0172 0.0 44.0
27.557415 137.22813 0.0172 0.0 44.0
27.557415 137.22813 0.0173 0.0 45.0
30.4477 138.83284 0.0173 0.0 45.0
27.557415 137.22813 0.0174 0.0 45.0
29.710567 139.73666 0.0174 0.0 45.0
10.332195 117.15986 0.0175 16.0 37.0
11.480217 120.259995 0.0175 16.0 37.0
11.480217 120.259995 0.0176 0.0 38.0
13.633369 122.76853 0.0176 0.0 38.0
11.480217 120.259995 0.0177 15.0 38.0
12.628239 123.36013 0.0177 15.0 38.0
12.628239 123.36013 0.0178 0.0 39.0
14.781391 125.86867 0.0178 0.0 39.0
12.628239 123.36013 0.0179 14.0 39.0
13.77626 126.460266 0.0179 14.0 39.0
13.77626 126.460266 0.0180 1.0 40.0
13.77626 129.76614 0.0180 1.0 40.0
13.77626 129.76614 0.0181 0.0 41.0
14.924282 132.86629 0.0181 0.0 41.0
13.77626 129.76614 0.0182 0.0 41.0
13.77626 133.07202 0.0182 0.0 41.0
13.77626 133.07202 0.0183 0.0 42.0
14.924282 136.17216 0.0183 0.0 42.0
13.77626 133.07202 0.0184 0.0 42.0
13.77626 136.3779 0.0184 0.0 42.0
13.77626 126.460266 0.0185 13.0 40.0
14.924282 129.56041 0.0185 13.0 40.0
14.924282 129.56041 0.0186 0.0 41.0
17.077435 132.06894 0.0186 0.0 41.0
14.924282 129.56041 0.0187 12.0 41.0
16.072304 132.66055 0.0187 12.0 41.0
16.072304 132.66055 0.0188 0.0 42.0
18.225456 135.16908 0.0188 0.0 42.0
16.072304 132.66055 0.0189 11.0 42.0
17.220325 135.7607 0.0189 11.0 42.0
17.220325 135.7607 0.0190 1.0 43.0
19.373478 138.26923 0.0190 1.0 43.0
19.373478 138.26923 0.0191 0.0 44.0
22.263763 139.87393 0.0191 0.0 44.0
19.373478 138.26923 0.0192 0.0 44.0
21.52663 140.77776 0.0192 0.0 44.0
21.52663 140.77776 0.0193 0.0 45.0
24.416916 142.38246 0.0193 0.0 45.0
21.52663 140.77776 0.0194 0.0 45.0
23.679783 143.28629 0.0194 0.0 45.0
17.220325 135.7607 0.0195 10.0 43.0
18.368347 138.86084 0.0195 10.0 43.0
18.368347 138.86084 0.0196 0.0 44.0
20.5215 141.36937 0.0196 0.0 44.0
18.368347 138.86084 0.0197 9.0 44.0
19.516369 141.96098 0.0197 9.0 44.0
19.516369 141.96098 0.0198 0.0 45.0
21.669521 144.46951 0.0198 0.0 45.0
19.516369 141.96098 0.0199 8.0 45.0
20.66439 145.06113 0.0199 8.0 45.0
20.66439 145.06113 0.0200 7.0 46.0
22.817543 147.56966 0.0200 7.0 46.0
22.817543 147.56966 0.0201 0.0 47.0
25.707829 149.17436 0.0201 0.0 47.0
22.817543 147.56966 0.0202 6.0 47.0
24.970695 150.07819 0.0202 6.0 47.0
24.970695 150.07819 0.0203 0.0 48.0
27.860981 151.68289 0.0203 0.0 48.0
24.970695 150.07819 0.0204 5.0 48.0
27.123848 152.58672 0.0204 5.0 48.0
27.123848 152.58672 0.0205 1.0 49.0
28.27187 155.68686 0.0205 1.0 49.0
28.27187 155.68686 0.0206 0.0 50.0
30.425022 158.19539 0.0206 0.0 50.0
28.27187 155.68686 0.0207 0.0 50.0
29.419891 158.787 0.0207 0.0 50.0
29.419891 158.787 0.0208 0.0 51.0
31.573044 161.29553 0.0208 0.0 51.0
29.419891 158.787 0.0209 0.0 51.0
30.567913 161.88715 0.0209 0.0 51.0
27.123848 152.58672 0.0210 4.0 49.0
29.277 155.09525 0.0210 4.0 49.0
29.277 155.09525 0.0211 0.0 50.0
32.167286 156.69995 0.0211 0.0 50.0
29.277 155.09525 0.0212 3.0 50.0
31.430153 157.60378 0.0212 3.0 50.0
31.430153 157.60378 0.0213 0.0 51.0
34.32044 159.20848 0.0213 0.0 51.0
31.430153 157.60378 0.0214 2.0 51.0
33.583305 160.1123 0.0214 2.0 51.0
33.583305 160.1123 0.0215 1.0 52.0
36.47359 161.71701 0.0215 1.0 52.0
36.47359 161.71701 0.0216 0.0 53.0
39.741264 162.21814 0.0216 0.0 53.0
36.47359 161.71701 0.0217 0.0 53.0
39.363876 163.32172 0.0217 0.0 53.0
39.363876 163.32172 0.0218 0.0 54.0
42.631546 163.82285 0.0218 0.0 54.0
39.363876 163.32172 0.0219 0.0 54.0
42.25416 164.92642 0.0219 0.0 54.0
33.583305 160.1123 0.0220 1.0 52.0
35.736458 162.62083 0.0220 1.0 52.0
35.736458 162.62083 0.0221 0.0 53.0
38.626743 164.22554 0.0221 0.0 53.0
35.736458 162.62083 0.0222 0.0 53.0
37.88961 165.12936 0.0222 0.0 53.0
37.88961 165.12936 0.0223 0.0 54.0
40.779896 166.73407 0.0223 0.0 54.0
37.88961 165.12936 0.0224 0.0 54.0
40.042763 167.6379 0.0224 0.0 54.0
20.66439 145.06113 0.0225 7.0 46.0
21.812412 148.16127 0.0225 7.0 46.0
21.812412 148.16127 0.0226 0.0 47.0
23.965565 150.6698 0.0226 0.0 47.0
21.812412 148.16127 0.0227 6.0 47.0
22.960434 151.26141 0.0227 6.0 47.0
22.960434 151.26141 0.0228 0.0 48.0
25.113586 153.76994 0.0228 0.0 48.0
22.960434 151.26141 0.0229 5.0 48.0
24.108456 154.36156 0.0229 5.0 48.0
24.108456 154.36156 0.0230 1.0 49.0
24.108456 157.66743 0.0230 1.0 49.0
24.108456 157.66743 0.0231 0.0 50.0
25.256477 160.76758 0.0231 0.0 50.0
24.108456 157.66743 0.0232 0.0 50.0
24.108456 160.97331 0.0232 0.0 50.0
24.108456 160.97331 0.0233 0.0 51.0
25.256477 164.07346 0.0233 0.0 51.0
24.108456 160.97331 0.0234 0.0 51.0
24.108456 164.27919 0.0234 0.0 51.0
24.108456 154.36156 0.0235 4.0 49.0
25.256477 157.4617 0.0235 4.0 49.0
25.256477 157.4617 0.0236 0.0 50.0
27.40963 159.97023 0.0236 0.0 50.0
25.256477 157.4617 0.0237 3.0 50.0
26.4045 160.56184 0.0237 3.0 50.0
26.4045 160.56184 0.0238 0.0 51.0
28.557652 163.07037 0.0238 0.0 51.0
26.4045 160.56184 0.0239 2.0 51.0
27.55252 163.66199 0.0239 2.0 51.0
27.55252 163.66199 0.0240 1.0 52.0
29.705673 166.17052 0.0240 1.0 52.0
29.705673 166.17052 0.0241 0.0 53.0
32.59596 167.77522 0.0241 0.0 53.0
29.705673 166.17052 0.0242 0.0 53.0
31.858826 168.67905 0.0242 0.0 53.0
31.858826 168.67905 0.0243 0.0 54.0
34.74911 170.28375 0.0243 0.0 54.0
31.858826 168.67905 0.0244 0.0 54.0
34.01198 171.18758 0.0244 0.0 54.0
27.55252 163.66199 0.0245 1.0 52.0
28.700542 166.76213 0.0245 1.0 52.0
28.700542 166.76213 0.0246 0.0 53.0
30.853695 169.27066 0.0246 0.0 53.0
28.700542 166.76213 0.0247 0.0 53.0
29.848564 169.86227 0.0247 0.0 53.0
29.848564 169.86227 0.0248 0.0 54.0
32.001717 172.3708 0.0248 0.0 54.0
29.848564 169.86227 0.0249 0.0 54.0
30.996586 172.96242 0.0249 0.0 54.0
0.0 89.25864 0.0250 52.0 28.0
0.0 92.564514 0.0250 52.0 28.0
0.0 92.564514 0.0251 0.0 29.0
1.1480217 95.66465 0.0251 0.0 29.0
0.0 92.564514 0.0252 51.0 29.0
0.0 95.87039 0.0252 51.0 29.0
0.0 95.87039 0.0253 0.0 30.0
1.1480217 98.97053 0.0253 0.0 30.0
0.0 95.87039 0.0254 50.0 30.0
0.0 99.17627 0.0254 50.0 30.0
0.0 99.17627 0.0255 1.0 31.0
-1.1480217 102.276405 0.0255 1.0 31.0
-1.1480217 102.276405 0.0256 0.0 32.0
-1.1480217 105.58228 0.0256 0.0 32.0
-1.1480217 102.276405 0.0257 0.0 32.0
-2.2960434 105.37654 0.0257 0.0 32.0
-2.2960434 105.37654 0.0258 0.0 33.0
-2.2960434 108.68242 0.0258 0.0 33.0
-2.2960434 105.37654 0.0259 0.0 33.0
-3.444065 108.47668 0.0259 0.0 33.0
0.0 99.17627 0.0260 49.0 31.0
0.0 102.48215 0.0260 49.0 31.0
0.0 102.48215 0.0261 0.0 32.0
1.1480217 105.58228 0.0261 0.0 32.0
0.0 102.48215 0.0262 48.0 32.0
0.0 105.788025 0.0262 48.0 32.0
0.0 105.788025 0.0263 0.0 33.0
1.1480217 108.88816 0.0263 0.0 33.0
0.0 105.788025 0.0264 47.0 33.0
0.0 109.0939 0.0264 47.0 33.0
0.0 109.0939 0.0265 1.0 34.0
1.1480217 112.19404 0.0265 1.0 34.0
1.1480217 112.19404 0.0266 0.0 35.0
3.3011737 114.702576 0.0266 0.0 35.0
1.1480217 112.19404 0.0267 0.0 35.0
2.2960434 115.294174 0.0267 0.0 35.0
2.2960434 115.294174 0.0268 0.0 36.0
4.4491954 117.80271 0.0268 0.0 36.0
2.2960434 115.294174 0.0269 0.0 36.0
3.444065 118.39431 0.0269 0.0 36.0
0.0 109.0939 0.0270 46.0 34.0
0.0 112.39978 0.0270 46.0 34.0
0.0 112.39978 0.0271 0.0 35.0
1.1480217 115.499916 0.0271 0.0 35.0
0.0 112.39978 0.0272 45.0 35.0
0.0 115.70566 0.0272 45.0 35.0
0.0 115.70566 0.0273 0.0 36.0
1.1480217 118.80579 0.0273 0.0 36.0
0.0 115.70566 0.0274 44.0 36.0
0.0 119.011536 0.0274 44.0 36.0
0.0 119.011536 0.0275 7.0 37.0
1.1480217 122.11167 0.0275 7.0 37.0
1.1480217 122.11167 0.0276 0.0 38.0
3.3011737 124.62021 0.0276 0.0 38.0
1.1480217 122.11167 0.0277 6.0 38.0
2.2960434 125.21181 0.0277 6.0 38.0
2.2960434 125.21181 0.0278 0.0 39.0
4.4491954 127.720345 0.0278 0.0 39.0
2.2960434 125.21181 0.0279 5.0 39.0
3.444065 128.31195 0.0279 5.0 39.0
3.444065 128.31195 0.0280 1.0 40.0
3.444065 131.61783 0.0280 1.0 40.0
3.444065 131.61783 0.0281 0.0 41.0
4.592087 134.71797 0.0281 0.0 41.0
3.444065 131.61783 0.0282 0.0 41.0
3.444065 134.9237 0.0282 0.0 41.0
3.444065 134.9237 0.0283 0.0 42.0
4.592087 138.02385 0.0283 0.0 42.0
3.444065 134.9237 0.0284 0.0 42.0
3.444065 138.22958 0.0284 0.0 42.0
3.444065 128.31195 0.0285 4.0 40.0
4.592087 131.4121 0.0285 4.0 40.0
4.592087 131.4121 0.0286 0.0 41.0
6.745239 133.92062 0.0286 0.0 41.0
4.592087 131.4121 0.0287 3.0 41.0
5.7401085 134.51224 0.0287 3.0 41.0
5.7401085 134.51224 0.0288 0.0 42.0
7.8932605 137.02077 0.0288 0.0 42.0
5.7401085 134.51224 0.0289 2.0 42.0
6.88813 137.61238 0.0289 2.0 42.0
6.88813 137.61238 0.0290 1.0 43.0
9.041283 140.12091 0.0290 1.0 43.0
9.041283 140.12091 0.0291 0.0 44.0
11.931568 141.72562 0.0291 0.0 44.0
9.041283 140.12091 0.0292 0.0 44.0
11.194435 142.62944 0.0292 0.0 44.0
11.194435 142.62944 0.0293 0.0 45.0
14.084721 144.23415 0.0293 0.0 45.0
11.194435 142.62944 0.0294 0.0 45.0
13.347588 145.13797 0.0294 0.0 45.0
6.88813 137.61238 0.0295 1.0 43.0
8.036152 140.71252 0.0295 1.0 43.0
8.036152 140.71252 0.0296 0.0 44.0
10.189304 143.22105 0.0296 0.0 44.0
8.036152 140.71252 0.0297 0.0 44.0
9.184174 143.81267 0.0297 0.0 44.0
9.184174 143.81267 0.0298 0.0 45.0
11.337326 146.3212 0.0298 0.0 45.0
9.184174 143.81267 0.0299 0.0 45.0
10.332195 146.91281 0.0299 0.0 45.0
0.0 119.011536 0.0300 43.0 37.0
0.0 122.31741 0.0300 43.0 37.0
0.0 122.31741 0.0301 0.0 38.0
1.1480217 125.41755 0.0301 0.0 38.0
0.0 122.31741 0.0302 42.0 38.0
0.0 125.62329 0.0302 42.0 38.0
0.0 125.62329 0.0303 0.0 39.0
1.1480217 128.72343 0.0303 0.0 39.0
0.0 125.62329 0.0304 41.0 39.0
0.0 128.92917 0.0304 41.0 39.0
0.0 128.92917 0.0305 1.0 40.0
-1.1480217 132.02931 0.0305 1.0 40.0
-1.1480217 132.02931 0.0306 0.0 41.0
-1.1480217 135.33519 0.0306 0.0 41.0
-1.1480217 132.02931 0.0307 0.0 41.0
-2.2960434 135.12946 0.0307 0.0 41.0
-2.2960434 135.12946 0.0308 0.0 42.0
-2.2960434 138.43533 0.0308 0.0 42.0
-2.2960434 135.12946 0.0309 0.0 42.0
-3.444065 138.2296 0.0309 0.0 42.0
0.0 128.92917 0.0310 40.0 40.0
0.0 132.23505 0.0310 40.0 40.0
0.0 132.23505 0.0311 0.0 41.0
1.1480217 135.33519 0.0311 0.0 41.0
0.0 132.23505 0.0312 39.0 41.0
0.0 135.54092 0.0312 39.0 41.0
0.0 135.54092 0.0313 0.0 42.0
1.1480217 138.64107 0.0313 0.0 42.0
0.0 135.54092 0.0314 38.0 42.0
0.0 138.8468 0.0314 38.0 42.0
0.0 138.8468 0.0315 1.0 43.0
1.1480217 141.94695 0.0315 1.0 43.0
1.1480217 141.94695 0.0316 0.0 44.0
3.3011737 144.45547 0.0316 0.0 44.0
1.1480217 141.94695 0.0317 0.0 44.0
2.2960434 145.04709 0.0317 0.0 44.0
2.2960434 145.04709 0.0318 0.0 45.0
4.4491954 147.55562 0.0318 0.0 45.0
2.2960434 145.04709 0.0319 0.0 45.0
3.444065 148.14723 0.0319 0.0 45.0
0.0 138.8468 0.0320 37.0 43.0
0.0 142.15268 0.0320 37.0 43.0
0.0 142.15268 0.0321 0.0 44.0
1.1480217 145.25282 0.0321 0.0 44.0
0.0 142.15268 0.0322 36.0 44.0
0.0 145.45856 0.0322 36.0 44.0
0.0 145.45856 0.0323 0.0 45.0
1.1480217 148.5587 0.0323 0.0 45.0
0.0 145.45856 0.0324 35.0 45.0
0.0 148.76443 0.0324 35.0 45.0
0.0 148.76443 0.0325 7.0 46.0
1.1480217 151.86458 0.0325 7.0 46.0
1.1480217 151.86458 0.0326 0.0 47.0
3.3011737 154.37311 0.0326 0.0 47.0
1.1480217 151.86458 0.0327 6.0 47.0
2.2960434 154.96472 0.0327 6.0 47.0
2.2960434 154.96472 0.0328 0.0 48.0
4.4491954 157.47325 0.0328 0.0 48.0
2.2960434 154.96472 0.0329 5.0 48.0
3.444065 158.06487 0.0329 5.0 48.0
3.444065 158.06487 0.0330 1.0 49.0
3.444065 161.37074 0.0330 1.0 49.0
3.444065 161.37074 0.0331 0.0 50.0
4.592087 164.47089 0.0331 0.0 50.0
3.444065 161.37074 0.0332 0.0 50.0
3.444065 164.67662 0.0332 0.0 50.0
3.444065 164.67662 0.0333 0.0 51.0
4.592087 167.77676 0.0333 0.0 51.0
3.444065 164.67662 0.0334 0.0 51.0
3.444065 167.9825 0.0334 0.0 51.0
3.444065 158.06487 0.0335 4.0 49.0
4.592087 161.16501 0.0335 4.0 49.0
4.592087 161.16501 0.0336 0.0 50.0
6.745239 163.67354 0.0336 0.0 50.0
4.592087 161.16501 0.0337 3.0 50.0
5.7401085 164.26515 0.0337 3.0 50.0
5.7401085 164.26515 0.0338 0.0 51.0
7.8932605 166.77368 0.0338 0.0 51.0
5.7401085 164.26515 0.0339 2.0 51.0
6.88813 167.3653 0.0339 2.0 51.0
6.88813 167.3653 0.0340 1.0 52.0
9.041283 169.87383 0.0340 1.0 52.0
9.041283 169.87383 0.0341 0.0 53.0
11.931568 171.47853 0.0341 0.0 53.0
9.041283 169.87383 0.0342 0.0 53.0
11.194435 172.38235 0.0342 0.0 53.0
11.194435 172.38235 0.0343 0.0 54.0
14.084721 173.98706 0.0343 0.0 54.0
11.194435 172.38235 0.0344 0.0 54.0
13.347588 174.89088 0.0344 0.0 54.0
6.88813 167.3653 0.0345 1.0 52.0
8.036152 170.46544 0.0345 1.0 52.0
8.036152 170.46544 0.0346 0.0 53.0
10.189304 172.97397 0.0346 0.0 53.0
8.036152 170.46544 0.0347 0.0 53.0
9.184174 173.56558 0.0347 0.0 53.0
9.184174 173.56558 0.0348 0.0 54.0
11.337326 176.07411 0.0348 0.0 54.0
9.184174 173.56558 0.0349 0.0 54.0
10.332195 176.66573 0.0349 0.0 54.0
0.0 148.76443 0.0350 34.0 46.0
0.0 152.07031 0.0350 34.0 46.0
0.0 152.07031 0.0351 0.0 47.0
1.1480217 155.17046 0.0351 0.0 47.0
0.0 152.07031 0.0352 33.0 47.0
0.0 155.37619 0.0352 33.0 47.0
0.0 155.37619 0.0353 0.0 48.0
1.1480217 158.47633 0.0353 0.0 48.0
0.0 155.37619 0.0354 32.0 48.0
0.0 158.68207 0.0354 32.0 48.0
0.0 158.68207 0.0355 1.0 49.0
-1.1480217 161.78221 0.0355 1.0 49.0
-1.1480217 161.78221 0.0356 0.0 50.0
-1.1480217 165.08809 0.0356 0.0 50.0
-1.1480217 161.78221 0.0357 0.0 50.0
-2.2960434 164.88235 0.0357 0.0 50.0
-2.2960434 164.88235 0.0358 0.0 51.0
-2.2960434 168.18823 0.0358 0.0 51.0
-2.2960434 164.88235 0.0359 0.0 51.0
-3.444065 167.9825 0.0359 0.0 51.0
0.0 158.68207 0.0360 31.0 49.0
0.0 161.98795 0.0360 31.0 49.0
0.0 161.98795 0.0361 0.0 50.0
1.1480217 165.08809 0.0361 0.0 50.0
0.0 161.98795 0.0362 30.0 50.0
0.0 165.29382 0.0362 30.0 50.0
0.0 165.29382 0.0363 0.0 51.0
1.1480217 168.39397 0.0363 0.0 51.0
0.0 165.29382 0.0364 29.0 51.0
0.0 168.5997 0.0364 29.0 51.0
0.0 168.5997 0.0365 1.0 52.0
1.1480217 171.69984 0.0365 1.0 52.0
1.1480217 171.69984 0.0366 0.0 53.0
3.3011737 174.20837 0.0366 0.0 53.0
1.1480217 171.69984 0.0367 0.0 53.0
2.2960434 174.79999 0.0367 0.0 53.0
2.2960434 174.79999 0.0368 0.0 54.0
4.4491954 177.30852 0.0368 0.0 54.0
2.2960434 174.79999 0.0369 0.0 54.0
3.444065 177.90013 0.0369 0.0 54.0
0.0 168.5997 0.0370 28.0 52.0
0.0 171.90558 0.0370 28.0 52.0
0.0 171.90558 0.0371 0.0 53.0
1.1480217 175.00572 0.0371 0.0 53.0
0.0 171.90558 0.0372 27.0 53.0
0.0 175.21146 0.0372 27.0 53.0
0.0 175.21146 0.0373 0.0 54.0
1.1480217 178.3116 0.0373 0.0 54.0
0.0 175.21146 0.0374 26.0 54.0
0.0 178.51733 0.0374 26.0 54.0
0.0 178.51733 0.0375 25.0 55.0
1.1480217 181.61748 0.0375 25.0 55.0
1.1480217 181.61748 0.0376 0.0 56.0
3.3011737 184.126 0.0376 0.0 56.0
1.1480217 181.61748 0.0377 24.0 56.0
2.2960434 184.71762 0.0377 24.0 56.0
2.2960434 184.71762 0.0378 0.0 57.0
4.4491954 187.22615 0.0378 0.0 57.0
2.2960434 184.71762 0.0379 23.0 57.0
3.444065 187.81776 0.0379 23.0 57.0
3.444065 187.81776 0.0380 1.0 58.0
3.444065 191.12364 0.0380 1.0 58.0
3.444065 191.12364 0.0381 0.0 59.0
4.592087 194.22379 0.0381 0.0 59.0
3.444065 191.12364 0.0382 0.0 59.0
3.444065 194.42952 0.0382 0.0 59.0
3.444065 194.42952 0.0383 0.0 60.0
4.592087 197.52966 0.0383 0.0 60.0
3.444065 194.42952 0.0384 0.0 60.0
3.444065 197.7354 0.0384 0.0 60.0
3.444065 187.81776 0.0385 22.0 58.0
4.592087 190.91791 0.0385 22.0 58.0
4.592087 190.91791 0.0386 0.0 59.0
6.745239 193.42644 0.0386 0.0 59.0
4.592087 190.91791 0.0387 21.0 59.0
5.7401085 194.01805 0.0387 21.0 59.0
5.7401085 194.01805 0.0388 0.0 60.0
7.8932605 196.52658 0.0388 0.0 60.0
5.7401085 194.01805 0.0389 20.0 60.0
6.88813 197.1182 0.0389 20.0 60.0
6.88813 197.1182 0.0390 1.0 61.0
9.041283 199.62672 0.0390 1.0 61.0
9.041283 199.62672 0.0391 0.0 62.0
11.931568 201.23143 0.0391 0.0 62.0
9.041283 199.62672 0.0392 0.0 62.0
11.194435 202.13525 0.0392 0.0 62.0
11.194435 202.13525 0.0393 0.0 63.0
14.084721 203.73996 0.0393 0.0 63.0
11.194435 202.13525 0.0394 0.0 63.0
13.347588 204.64378 0.0394 0.0 63.0
6.88813 197.1182 0.0395 19.0 61.0
8.036152 200.21834 0.0395 19.0 61.0
8.036152 200.21834 0.0396 0.0 62.0
10.189304 202.72687 0.0396 0.0 62.0
8.036152 200.21834 0.0397 18.0 62.0
9.184174 203.31848 0.0397 18.0 62.0
9.184174 203.31848 0.0398 0.0 63.0
11.337326 205.82701 0.0398 0.0 63.0
9.184174 203.31848 0.0399 17.0 63.0
10.332195 206.41862 0.0399 17.0 63.0
10.332195 206.41862 0.0400 7.0 64.0
12.485348 208.92715 0.0400 7.0 64.0
12.485348 208.92715 0.0401 0.0 65.0
15.375633 210.53186 0.0401 0.0 65.0
12.485348 208.92715 0.0402 6.0 65.0
14.6385 211.43568 0.0402 6.0 65.0
14.6385 211.43568 0.0403 0.0 66.0
17.528786 213.04039 0.0403 0.0 66.0
14.6385 211.43568 0.0404 5.0 66.0
16.791653 213.94421 0.0404 5.0 66.0
16.791653 213.94421 0.0405 1.0 67.0
17.939674 217.04436 0.0405 1.0 67.0
17.939674 217.04436 0.0406 0.0 68.0
20.092827 219.55289 0.0406 0.0 68.0
17.939674 217.04436 0.0407 0.0 68.0
19.087696 220.1445 0.0407 0.0 68.0
19.087696 220.1445 0.0408 0.0 69.0
21.240849 222.65303 0.0408 0.0 69.0
19.087696 220.1445 0.0409 0.0 69.0
20.235718 223.24464 0.0409 0.0 69.0
16.791653 213.94421 0.0410 4.0 67.0
18.944805 216.45274 0.0410 4.0 67.0
18.944805 216.45274 0.0411 0.0 68.0
21.83509 218.05745 0.0411 0.0 68.0
18.944805 216.45274 0.0412 3.0 68.0
21.097958 218.96127 0.0412 3.0 68.0
21.097958 218.96127 0.0413 0.0 69.0
23.988243 220.56598 0.0413 0.0 69.0
21.097958 218.96127 0.0414 2.0 69.0
23.25111 221.4698 0.0414 2.0 69.0
23.25111 221.4698 0.0415 1.0 70.0
26.141396 223.07451 0.0415 1.0 70.0
26.141396 223.07451 0.0416 0.0 71.0
29.409067 223.57564 0.0416 0.0 71.0
26.141396 223.07451 0.0417 0.0 71.0
29.031681 224.67921 0.0417 0.0 71.0
29.031681 224.67921 0.0418 0.0 72.0
32.299355 225.18034 0.0418 0.0 72.0
29.031681 224.67921 0.0419 0.0 72.0
31.921967 226.28392 0.0419 0.0 72.0
23.25111 221.4698 0.0420 1.0 70.0
25.404263 223.97833 0.0420 1.0 70.0
25.404263 223.97833 0.0421 0.0 71.0
28.294548 225.58304 0.0421 0.0 71.0
25.404263 223.97833 0.0422 0.0 71.0
27.557415 226.48686 0.0422 0.0 71.0
27.557415 226.48686 0.0423 0.0 72.0
30.4477 228.09157 0.0423 0.0 72.0
27.557415 226.48686 0.0424 0.0 72.0
29.710567 228.99539 0.0424 0.0 72.0
10.332195 206.41862 0.0425 16.0 64.0
11.480217 209.51877 0.0425 16.0 64.0
11.480217 209.51877 0.0426 0.0 65.0
13.633369 212.0273 0.0426 0.0 65.0
11.480217 209.51877 0.0427 15.0 65.0
12.628239 212.61891 0.0427 15.0 65.0
12.628239 212.61891 0.0428 0.0 66.0
14.781391 215.12744 0.0428 0.0 66.0
12.628239 212.61891 0.0429 14.0 66.0
13.77626 215.71906 0.0429 14.0 66.0
13.77626 215.71906 0.0430 1.0 67.0
13.77626 219.02493 0.0430 1.0 67.0
13.77626 219.02493 0.0431 0.0 68.0
14.924282 222.12508 0.0431 0.0 68.0
13.77626 219.02493 0.0432 0.0 68.0
13.77626 222.33081 0.0432 0.0 68.0
13.77626 222.33081 0.0433 0.0 69.0
14.924282 225.43095 0.0433 0.0 69.0
13.77626 222.33081 0.0434 0.0 69.0
13.77626 225.63669 0.0434 0.0 69.0
13.77626 215.71906 0.0435 13.0 67.0
14.924282 218.8192 0.0435 13.0 67.0
14.924282 218.8192 0.0436 0.0 68.0
17.077435 221.32773 0.0436 0.0 68.0
14.924282 218.8192 0.0437 12.0 68.0
16.072304 221.91934 0.0437 12.0 68.0
16.072304 221.91934 0.0438 0.0 69.0
18.225456 224.42787 0.0438 0.0 69.0
16.072304 221.91934 0.0439 11.0 69.0
17.220325 225.01949 0.0439 11.0 69.0
17.220325 225.01949 0.0440 1.0 70.0
19.373478 227.52802 0.0440 1.0 70.0
19.373478 227.52802 0.0441 0.0 71.0
22.263763 229.13272 0.0441 0.0 71.0
19.373478 227.52802 0.0442 0.0 71.0
21.52663 230.03654 0.0442 0.0 71.0
21.52663 230.03654 0.0443 0.0 72.0
24.416916 231.64125 0.0443 0.0 72.0
21.52663 230.03654 0.0444 0.0 72.0
23.679783 232.54507 0.0444 0.0 72.0
17.220325 225.01949 0.0445 10.0 70.0
18.368347 228.11963 0.0445 10.0 70.0
18.368347 228.11963 0.0446 0.0 71.0
20.5215 230.62816 0.0446 0.0 71.0
18.368347 228.11963 0.0447 9.0 71.0
19.516369 231.21977 0.0447 9.0 71.0
19.516369 231.21977 0.0448 0.0 72.0
21.669521 233.7283 0.0448 0.0 72.0
19.516369 231.21977 0.0449 8.0 72.0
20.66439 234.31992 0.0449 8.0 72.0
20.66439 234.31992 0.0450 7.0 73.0
22.817543 236.82845 0.0450 7.0 73.0
22.817543 236.82845 0.0451 0.0 74.0
25.707829 238.43315 0.0451 0.0 74.0
22.817543 236.82845 0.0452 6.0 74.0
24.970695 239.33698 0.0452 6.0 74.0
24.970695 239.33698 0.0453 0.0 75.0
27.860981 240.94168 0.0453 0.0 75.0
24.970695 239.33698 0.0454 5.0 75.0
27.123848 241.8455 0.0454 5.0 75.0
27.123848 241.8455 0.0455 1.0 76.0
28.27187 244.94565 0.0455 1.0 76.0
28.27187 244.94565 0.0456 0.0 77.0
30.425022 247.45418 0.0456 0.0 77.0
28.27187 244.94565 0.0457 0.0 77.0
29.419891 248.04579 0.0457 0.0 77.0
29.419891 248.04579 0.0458 0.0 78.0
31.573044 250.55432 0.0458 0.0 78.0
29.419891 248.04579 0.0459 0.0 78.0
30.567913 251.14594 0.0459 0.0 78.0
27.123848 241.8455 0.0460 4.0 76.0
29.277 244.35403 0.0460 4.0 76.0
29.277 244.35403 0.0461 0.0 77.0
32.167286 245.95874 0.0461 0.0 77.0
29.277 244.35403 0.0462 3.0 77.0
31.430153 246.86256 0.0462 3.0 77.0
31.430153 246.86256 0.0463 0.0 78.0
34.32044 248.46727 0.0463 0.0 78.0
31.430153 246.86256 0.0464 2.0 78.0
33.583305 249.3711 0.0464 2.0 78.0
33.583305 249.3711 0.0465 1.0 79.0
36.47359 250.9758 0.0465 1.0 79.0
36.47359 250.9758 0.0466 0.0 80.0
39.741264 251.47693 0.0466 0.0 80.0
36.47359 250.9758 0.0467 0.0 80.0
39.363876 252.5805 0.0467 0.0 80.0
39.363876 252.5805 0.0468 0.0 81.0
42.631546 253.08163 0.0468 0.0 81.0
39.363876 252.5805 0.0469 0.0 81.0
42.25416 254.18521 0.0469 0.0 81.0
33.583305 249.3711 0.0470 1.0 79.0
35.736458 251.87962 0.0470 1.0 79.0
35.736458 251.87962 0.0471 0.0 80.0
38.626743 253.48433 0.0471 0.0 80.0
35.736458 251.87962 0.0472 0.0 80.0
37.88961 254.38815 0.0472 0.0 80.0
37.88961 254.38815 0.0473 0.0 81.0
40.779896 255.99286 0.0473 0.0 81.0
37.88961 254.38815 0.0474 0.0 81.0
40.042763 256.8967 0.0474 0.0 81.0
20.66439 234.31992 0.0475 7.0 73.0
21.812412 237.42006 0.0475 7.0 73.0
21.812412 237.42006 0.0476 0.0 74.0
23.965565 239.92859 0.0476 0.0 74.0
21.812412 237.42006 0.0477 6.0 74.0
22.960434 240.5202 0.0477 6.0 74.0
22.960434 240.5202 0.0478 0.0 75.0
25.113586 243.02873 0.0478 0.0 75.0
22.960434 240.5202 0.0479 5.0 75.0
24.108456 243.62035 0.0479 5.0 75.0
24.108456 243.62035 0.0480 1.0 76.0
24.108456 246.92622 0.0480 1.0 76.0
24.108456 246.92622 0.0481 0.0 77.0
25.256477 250.02637 0.0481 0.0 77.0
24.108456 246.92622 0.0482 0.0 77.0
24.108456 250.2321 0.0482 0.0 77.0
24.108456 250.2321 0.0483 0.0 78.0
25.256477 253.33224 0.0483 0.0 78.0
24.108456 250.2321 0.0484 0.0 78.0
24.108456 253.53798 0.0484 0.0 78.0
24.108456 243.62035 0.0485 4.0 76.0
25.256477 246.72049 0.0485 4.0 76.0
25.256477 246.72049 0.0486 0.0 77.0
27.40963 249.22902 0.0486 0.0 77.0
25.256477 246.72049 0.0487 3.0 77.0
26.4045 249.82063 0.0487 3.0 77.0
26.4045 249.82063 0.0488 0.0 78.0
28.557652 252.32916 0.0488 0.0 78.0
26.4045 249.82063 0.0489 2.0 78.0
27.55252 252.92078 0.0489 2.0 78.0
27.55252 252.92078 0.0490 1.0 79.0
29.705673 255.4293 0.0490 1.0 79.0
29.705673 255.4293 0.0491 0.0 80.0
32.59596 257.034 0.0491 0.0 80.0
29.705673 255.4293 0.0492 0.0 80.0
31.858826 257.93784 0.0492 0.0 80.0
31.858826 257.93784 0.0493 0.0 81.0
34.74911 259.54254 0.0493 0.0 81.0
31.858826 257.93784 0.0494 0.0 81.0
34.01198 260.44638 0.0494 0.0 81.0
27.55252 252.92078 0.0495 1.0 79.0
28.700542 256.0209 0.0495 1.0 79.0
28.700542 256.0209 0.0496 0.0 80.0
30.853695 258.52945 0.0496 0.0 80.0
28.700542 256.0209 0.0497 0.0 80.0
29.848564 259.12103 0.0497 0.0 80.0
29.848564 259.12103 0.0498 0.0 81.0
32.001717 261.62958 0.0498 0.0 81.0
29.848564 259.12103 0.0499 0.0 81.0
30.996586 262.22116 0.0499 0.0 81.0
0.0 178.51733 0.0500 25.0 55.0
0.0 181.82321 0.0500 25.0 55.0
0.0 181.82321 0.0501 0.0 56.0
1.1480217 184.92336 0.0501 0.0 56.0
0.0 181.82321 0.0502 24.0 56.0
0.0 185.12909 0.0502 24.0 56.0
0.0 185.12909 0.0503 0.0 57.0
1.1480217 188.22923 0.0503 0.0 57.0
0.0 185.12909 0.0504 23.0 57.0
0.0 188.43497 0.0504 23.0 57.0
0.0 188.43497 0.0505 1.0 58.0
-1.1480217 191.53511 0.0505 1.0 58.0
-1.1480217 191.53511 0.0506 0.0 59.0
-1.1480217 194.84099 0.0506 0.0 59.0
-1.1480217 191.53511 0.0507 0.0 59.0
-2.2960434 194.63525 0.0507 0.0 59.0
-2.2960434 194.63525 0.0508 0.0 60.0
-2.2960434 197.94113 0.0508 0.0 60.0
-2.2960434 194.63525 0.0509 0.0 60.0
-3.444065 197.7354 0.0509 0.0 60.0
0.0 188.43497 0.0510 22.0 58.0
0.0 191.74084 0.0510 22.0 58.0
0.0 191.74084 0.0511 0.0 59.0
1.1480217 194.84099 0.0511 0.0 59.0
0.0 191.74084 0.0512 21.0 59.0
0.0 195.04672 0.0512 21.0 59.0
0.0 195.04672 0.0513 0.0 60.0
1.1480217 198.14687 0.0513 0.0 60.0
0.0 195.04672 0.0514 20.0 60.0
0.0 198.3526 0.0514 20.0 60.0
0.0 198.3526 0.0515 1.0 61.0
1.1480217 201.45274 0.0515 1.0 61.0
1.1480217 201.45274 0.0516 0.0 62.0
3.3011737 203.96127 0.0516 0.0 62.0
1.1480217 201.45274 0.0517 0.0 62.0
2.2960434 204.55289 0.0517 0.0 62.0
2.2960434 204.55289 0.0518 0.0 63.0
4.4491954 207.06142 0.0518 0.0 63.0
2.2960434 204.55289 0.0519 0.0 63.0
3.444065 207.65303 0.0519 0.0 63.0
0.0 198.3526 0.0520 19.0 61.0
0.0 201.65848 0.0520 19.0 61.0
0.0 201.65848 0.0521 0.0 62.0
1.1480217 204.75862 0.0521 0.0 62.0
0.0 201.65848 0.0522 18.0 62.0
0.0 204.96436 0.0522 18.0 62.0
0.0 204.96436 0.0523 0.0 63.0
1.1480217 208.0645 0.0523 0.0 63.0
0.0 204.96436 0.0524 17.0 63.0
0.0 208.27023 0.0524 17.0 63.0
0.0 208.27023 0.0525 7.0 64.0
1.1480217 211.37038 0.0525 7.0 64.0
1.1480217 211.37038 0.0526 0.0 65.0
3.3011737 213.8789 0.0526 0.0 65.0
1.1480217 211.37038 0.0527 6.0 65.0
2.2960434 214.47052 0.0527 6.0 65.0
2.2960434 214.47052 0.0528 0.0 66.0
4.4491954 216.97905 0.0528 0.0 66.0
2.2960434 214.47052 0.0529 5.0 66.0
3.444065 217.57066 0.0529 5.0 66.0
3.444065 217.57066 0.0530 1.0 67.0
3.444065 220.87654 0.0530 1.0 67.0
3.444065 220.87654 0.0531 0.0 68.0
4.592087 223.97668 0.0531 0.0 68.0
3.444065 220.87654 0.0532 0.0 68.0
3.444065 224.18242 0.0532 0.0 68.0
3.444065 224.18242 0.0533 0.0 69.0
4.592087 227.28256 0.0533 0.0 69.0
3.444065 224.18242 0.0534 0.0 69.0
3.444065 227.4883 0.0534 0.0 69.0
3.444065 217.57066 0.0535 4.0 67.0
4.592087 220.6708 0.0535 4.0 67.0
4.592087 220.6708 0.0536 0.0 68.0
6.745239 223.17934 0.0536 0.0 68.0
4.592087 220.6708 0.0537 3.0 68.0
5.7401085 223.77095 0.0537 3.0 68.0
5.7401085 223.77095 0.0538 0.0 69.0
7.8932605 226.27948 0.0538 0.0 69.0
5.7401085 223.77095 0.0539 2.0 69.0
6.88813 226.8711 0.0539 2.0 69.0
6.88813 226.8711 0.0540 1.0 70.0
9.041283 229.37962 0.0540 1.0 70.0
9.041283 229.37962 0.0541 0.0 71.0
11.931568 230.98433 0.0541 0.0 71.0
9.041283 229.37962 0.0542 0.0 71.0
11.194435 231.88815 0.0542 0.0 71.0
11.194435 231.88815 0.0543 0.0 72.0
14.084721 233.49286 0.0543 0.0 72.0
11.194435 231.88815 0.0544 0.0 72.0
13.347588 234.39668 0.0544 0.0 72.0
6.88813 226.8711 0.0545 1.0 70.0
8.036152 229.97124 0.0545 1.0 70.0
8.036152 229.97124 0.0546 0.0 71.0
10.189304 232.47977 0.0546 0.0 71.0
8.036152 229.97124 0.0547 0.0 71.0
9.184174 233.07138 0.0547 0.0 71.0
9.184174 233.07138 0.0548 0.0 72.0
11.337326 235.57991 0.0548 0.0 72.0
9.184174 233.07138 0.0549 0.0 72.0
10.332195 236.17152 0.0549 0.0 72.0
0.0 208.27023 0.0550 16.0 64.0
0.0 211.57611 0.0550 16.0 64.0
0.0 211.57611 0.0551 0.0 65.0
1.1480217 214.67625 0.0551 0.0 65.0
0.0 211.57611 0.0552 15.0 65.0
0.0 214.88199 0.0552 15.0 65.0
0.0 214.88199 0.0553 0.0 66.0
1.1480217 217.98213 0.0553 0.0 66.0
0.0 214.88199 0.0554 14.0 66.0
0.0 218.18787 0.0554 14.0 66.0
0.0 218.18787 0.0555 1.0 67.0
-1.1480217 221.28801 0.0555 1.0 67.0
-1.1480217 221.28801 0.0556 0.0 68.0
-1.1480217 224.59389 0.0556 0.0 68.0
-1.1480217 221.28801 0.0557 0.0 68.0
-2.2960434 224.38815 0.0557 0.0 68.0
-2.2960434 224.38815 0.0558 0.0 69.0
-2.2960434 227.69403 0.0558 0.0 69.0
-2.2960434 224.38815 0.0559 0.0 69.0
-3.444065 227.4883 0.0559 0.0 69.0
0.0 218.18787 0.0560 13.0 67.0
0.0 221.49374 0.0560 13.0 67.0
0.0 221.49374 0.0561 0.0 68.0
1.1480217 224.59389 0.0561 0.0 68.0
0.0 221.49374 0.0562 12.0 68.0
0.0 224.79962 0.0562 12.0 68.0
0.0 224.79962 0.0563 0.0 69.0
1.1480217 227.89977 0.0563 0.0 69.0
0.0 224.79962 0.0564 11.0 69.0
0.0 228.1055 0.0564 11.0 69.0
0.0 228.1055 0.0565 1.0 70.0
1.1480217 231.20564 0.0565 1.0 70.0
1.1480217 231.20564 0.0566 0.0 71.0
3.3011737 233.71417 0.0566 0.0 71.0
1.1480217 231.20564 0.0567 0.0 71.0
2.2960434 234.30579 0.0567 0.0 71.0
2.2960434 234.30579 0.0568 0.0 72.0
4.4491954 236.81432 0.0568 0.0 72.0
2.2960434 234.30579 0.0569 0.0 72.0
3.444065 237.40593 0.0569 0.0 72.0
0.0 228.1055 0.0570 10.0 70.0
0.0 231.41138 0.0570 10.0 70.0
0.0 231.41138 0.0571 0.0 71.0
1.1480217 234.51152 0.0571 0.0 71.0
0.0 231.41138 0.0572 9.0 71.0
0.0 234.71725 0.0572 9.0 71.0
0.0 234.71725 0.0573 0.0 72.0
1.1480217 237.8174 0.0573 0.0 72.0
0.0 234.71725 0.0574 8.0 72.0
0.0 238.02313 0.0574 8.0 72.0
0.0 238.02313 0.0575 7.0 73.0
1.1480217 241.12328 0.0575 7.0 73.0
1.1480217 241.12328 0.0576 0.0 74.0
3.3011737 243.6318 0.0576 0.0 74.0
1.1480217 241.12328 0.0577 6.0 74.0
2.2960434 244.22342 0.0577 6.0 74.0
2.2960434 244.22342 0.0578 0.0 75.0
4.4491954 246.73195 0.0578 0.0 75.0
2.2960434 244.22342 0.0579 5.0 75.0
3.444065 247.32356 0.0579 5.0 75.0
3.444065 247.32356 0.0580 1.0 76.0
3.444065 250.62944 0.0580 1.0 76.0
3.444065 250.62944 0.0581 0.0 77.0
4.592087 253.72958 0.0581 0.0 77.0
3.444065 250.62944 0.0582 0.0 77.0
3.444065 253.93532 0.0582 0.0 77.0
3.444065 253.93532 0.0583 0.0 78.0
4.592087 257.03546 0.0583 0.0 78.0
3.444065 253.93532 0.0584 0.0 78.0
3.444065 257.24118 0.0584 0.0 78.0
3.444065 247.32356 0.0585 4.0 76.0
4.592087 250.4237 0.0585 4.0 76.0
4.592087 250.4237 0.0586 0.0 77.0
6.745239 252.93224 0.0586 0.0 77.0
4.592087 250.4237 0.0587 3.0 77.0
5.7401085 253.52385 0.0587 3.0 77.0
5.7401085 253.52385 0.0588 0.0 78.0
7.8932605 256.03238 0.0588 0.0 78.0
5.7401085 253.52385 0.0589 2.0 78.0
6.88813 256.624 0.0589 2.0 78.0
6.88813 256.624 0.0590 1.0 79.0
9.041283 259.13254 0.0590 1.0 79.0
9.041283 259.13254 0.0591 0.0 80.0
11.931568 260.73724 0.0591 0.0 80.0
9.041283 259.13254 0.0592 0.0 80.0
11.194435 261.64108 0.0592 0.0 80.0
11.194435 261.64108 0.0593 0.0 81.0
14.084721 263.2458 0.0593 0.0 81.0
11.194435 261.64108 0.0594 0.0 81.0
13.347588 264.14963 0.0594 0.0 81.0
6.88813 256.624 0.0595 1.0 79.0
8.036152 259.72412 0.0595 1.0 79.0
8.036152 259.72412 0.0596 0.0 80.0
10.189304 262.23267 0.0596 0.0 80.0
8.036152 259.72412 0.0597 0.0 80.0
9.184174 262.82425 0.0597 0.0 80.0
9.184174 262.82425 0.0598 0.0 81.0
11.337326 265.3328 0.0598 0.0 81.0
9.184174 262.82425 0.0599 0.0 81.0
10.332195 265.92438 0.0599 0.0 81.0
0.0 238.02313 0.0600 7.0 73.0
0.0 241.32901 0.0600 7.0 73.0
0.0 241.32901 0.0601 0.0 74.0
1.1480217 244.42915 0.0601 0.0 74.0
0.0 241.32901 0.0602 6.0 74.0
0.0 244.63489 0.0602 6.0 74.0
0.0 244.63489 0.0603 0.0 75.0
1.1480217 247.73503 0.0603 0.0 75.0
0.0 244.63489 0.0604 5.0 75.0
0.0 247.94077 0.0604 5.0 75.0
0.0 247.94077 0.0605 1.0 76.0
-1.1480217 251.04091 0.0605 1.0 76.0
-1.1480217 251.04091 0.0606 0.0 77.0
-1.1480217 254.34679 0.0606 0.0 77.0
-1.1480217 251.04091 0.0607 0.0 77.0
-2.2960434 254.14105 0.0607 0.0 77.0
-2.2960434 254.14105 0.0608 0.0 78.0
-2.2960434 257.44693 0.0608 0.0 78.0
-2.2960434 254.14105 0.0609 0.0 78.0
-3.444065 257.24118 0.0609 0.0 78.0
0.0 247.94077 0.0610 4.0 76.0
0.0 251.24664 0.0610 4.0 76.0
0.0 251.24664 0.0611 0.0 77.0
1.1480217 254.34679 0.0611 0.0 77.0
0.0 251.24664 0.0612 3.0 77.0
0.0 254.55252 0.0612 3.0 77.0
0.0 254.55252 0.0613 0.0 78.0
1.1480217 257.65265 0.0613 0.0 78.0
0.0 254.55252 0.0614 2.0 78.0
0.0 257.8584 0.0614 2.0 78.0
0.0 257.8584 0.0615 1.0 79.0
1.1480217 260.95853 0.0615 1.0 79.0
1.1480217 260.95853 0.0616 0.0 80.0
3.3011737 263.46707 0.0616 0.0 80.0
1.1480217 260.95853 0.0617 0.0 80.0
2.2960434 264.05865 0.0617 0.0 80.0
2.2960434 264.05865 0.0618 0.0 81.0
4.4491954 266.5672 0.0618 0.0 81.0
2.2960434 264.05865 0.0619 0.0 81.0
3.444065 267.15878 0.0619 0.0 81.0
0.0 257.8584 0.0620 1.0 79.0
0.0 261.16428 0.0620 1.0 79.0
0.0 261.16428 0.0621 0.0 80.0
1.1480217 264.2644 0.0621 0.0 80.0
0.0 261.16428 0.0622 0.0 80.0
0.0 264.47015 0.0622 0.0 80.0
0.0 264.47015 0.0623 0.0 81.0
1.1480217 267.57028 0.0623 0.0 81.0
0.0 264.47015 0.0624 0.0 81.0
0.0 267.77603 0.0624 0.0 81.0
