0.0 0.0 0.00 30.0 1.0
0.0 3.3515763 0.00 30.0 1.0
0.0 3.3515763 0.01 0.0 2.0
2.3474936 5.743717 0.01 0.0 2.0
0.0 3.3515763 0.02 29.0 2.0
0.0 6.7031527 0.02 29.0 2.0
0.0 6.7031527 0.03 0.0 3.0
-2.3474936 9.095293 0.03 0.0 3.0
-2.3474936 9.095293 0.04 0.0 4.0
-2.3474936 12.446869 0.04 0.0 4.0
-2.3474936 9.095293 0.05 0.0 4.0
-4.6949873 11.487433 0.05 0.0 4.0
0.0 6.7031527 0.06 28.0 3.0
0.0 10.054729 0.06 28.0 3.0
0.0 10.054729 0.07 0.0 4.0
2.3474936 12.44687 0.07 0.0 4.0
0.0 10.054729 0.08 27.0 4.0
0.0 13.406305 0.08 27.0 4.0
0.0 13.406305 0.09 2.0 5.0
2.3474936 15.798446 0.09 2.0 5.0
2.3474936 15.798446 0.010 0.0 6.0
5.6984754 15.861584 0.010 0.0 6.0
2.3474936 15.798446 0.011 1.0 6.0
4.6949873 18.190586 0.011 1.0 6.0
4.6949873 18.190586 0.012 0.0 7.0
4.6949873 21.542162 0.012 0.0 7.0
4.6949873 21.542162 0.013 0.0 8.0
7.042481 23.934303 0.013 0.0 8.0
4.6949873 21.542162 0.014 0.0 8.0
4.6949873 24.893738 0.014 0.0 8.0
4.6949873 18.190586 0.015 0.0 7.0
7.042481 20.582727 0.015 0.0 7.0
7.042481 20.582727 0.016 0.0 8.0
10.393463 20.645864 0.016 0.0 8.0
7.042481 20.582727 0.017 0.0 8.0
9.389975 22.974869 0.017 0.0 8.0
0.0 13.406305 0.018 26.0 5.0
0.0 16.757881 0.018 26.0 5.0
0.0 16.757881 0.019 0.0 6.0
2.3474936 19.150023 0.019 0.0 6.0
0.0 16.757881 0.020 25.0 6.0
0.0 20.109457 0.020 25.0 6.0
0.0 20.109457 0.021 0.0 7.0
-2.3474936 22.501598 0.021 0.0 7.0
-2.3474936 22.501598 0.022 0.0 8.0
-2.3474936 25.853174 0.022 0.0 8.0
-2.3474936 22.501598 0.023 0.0 8.0
-4.6949873 24.89374 0.023 0.0 8.0
0.0 20.109457 0.024 24.0 7.0
0.0 23.461033 0.024 24.0 7.0
0.0 23.461033 0.025 0.0 8.0
2.3474936 25.853174 0.025 0.0 8.0
0.0 23.461033 0.026 23.0 8.0
0.0 26.812609 0.026 23.0 8.0
0.0 26.812609 0.027 6.0 9.0
2.3474936 29.20475 0.027 6.0 9.0
2.3474936 29.20475 0.028 0.0 10.0
5.6984754 29.267887 0.028 0.0 10.0
2.3474936 29.20475 0.029 5.0 10.0
4.6949873 31.596891 0.029 5.0 10.0
4.6949873 31.596891 0.030 0.0 11.0
4.6949873 34.948467 0.030 0.0 11.0
4.6949873 34.948467 0.031 0.0 12.0
7.042481 37.340607 0.031 0.0 12.0
4.6949873 34.948467 0.032 0.0 12.0
4.6949873 38.300045 0.032 0.0 12.0
4.6949873 31.596891 0.033 4.0 11.0
7.042481 33.989033 0.033 4.0 11.0
7.042481 33.989033 0.034 0.0 12.0
10.393463 34.05217 0.034 0.0 12.0
7.042481 33.989033 0.035 3.0 12.0
9.389975 36.381172 0.035 3.0 12.0
9.389975 36.381172 0.036 2.0 13.0
12.740956 36.44431 0.036 2.0 13.0
12.740956 36.44431 0.037 0.0 14.0
15.176895 34.142296 0.037 0.0 14.0
12.740956 36.44431 0.038 1.0 14.0
16.091938 36.507446 0.038 1.0 14.0
16.091938 36.507446 0.039 0.0 15.0
18.439432 38.899586 0.039 0.0 15.0
18.439432 38.899586 0.040 0.0 16.0
21.790413 38.962723 0.040 0.0 16.0
18.439432 38.899586 0.041 0.0 16.0
20.786926 41.291725 0.041 0.0 16.0
16.091938 36.507446 0.042 0.0 15.0
19.44292 36.570583 0.042 0.0 15.0
19.44292 36.570583 0.043 0.0 16.0
21.87886 34.26857 0.043 0.0 16.0
19.44292 36.570583 0.044 0.0 16.0
22.793903 36.63372 0.044 0.0 16.0
9.389975 36.381172 0.045 2.0 13.0
11.737469 38.77331 0.045 2.0 13.0
11.737469 38.77331 0.046 0.0 14.0
15.08845 38.83645 0.046 0.0 14.0
11.737469 38.77331 0.047 1.0 14.0
14.084963 41.16545 0.047 1.0 14.0
14.084963 41.16545 0.048 0.0 15.0
14.084963 44.51703 0.048 0.0 15.0
14.084963 44.51703 0.049 0.0 16.0
16.432457 46.90917 0.049 0.0 16.0
14.084963 44.51703 0.050 0.0 16.0
14.084963 47.868607 0.050 0.0 16.0
14.084963 41.16545 0.051 0.0 15.0
16.432457 43.55759 0.051 0.0 15.0
16.432457 43.55759 0.052 0.0 16.0
19.78344 43.620728 0.052 0.0 16.0
16.432457 43.55759 0.053 0.0 16.0
18.779951 45.94973 0.053 0.0 16.0
0.0 26.812609 0.054 22.0 9.0
0.0 30.164185 0.054 22.0 9.0
0.0 30.164185 0.055 0.0 10.0
2.3474936 32.556324 0.055 0.0 10.0
0.0 30.164185 0.056 21.0 10.0
0.0 33.515762 0.056 21.0 10.0
0.0 33.515762 0.057 0.0 11.0
-2.3474936 35.9079 0.057 0.0 11.0
-2.3474936 35.9079 0.058 0.0 12.0
-2.3474936 39.25948 0.058 0.0 12.0
-2.3474936 35.9079 0.059 0.0 12.0
-4.6949873 38.30004 0.059 0.0 12.0
0.0 33.515762 0.060 20.0 11.0
0.0 36.86734 0.060 20.0 11.0
0.0 36.86734 0.061 0.0 12.0
2.3474936 39.25948 0.061 0.0 12.0
0.0 36.86734 0.062 19.0 12.0
0.0 40.218918 0.062 19.0 12.0
0.0 40.218918 0.063 2.0 13.0
2.3474936 42.611057 0.063 2.0 13.0
2.3474936 42.611057 0.064 0.0 14.0
5.6984754 42.674194 0.064 0.0 14.0
2.3474936 42.611057 0.065 1.0 14.0
4.6949873 45.003197 0.065 1.0 14.0
4.6949873 45.003197 0.066 0.0 15.0
4.6949873 48.354774 0.066 0.0 15.0
4.6949873 48.354774 0.067 0.0 16.0
7.042481 50.746914 0.067 0.0 16.0
4.6949873 48.354774 0.068 0.0 16.0
4.6949873 51.706352 0.068 0.0 16.0
4.6949873 45.003197 0.069 0.0 15.0
7.042481 47.395336 0.069 0.0 15.0
7.042481 47.395336 0.070 0.0 16.0
10.393463 47.458473 0.070 0.0 16.0
7.042481 47.395336 0.071 0.0 16.0
9.389975 49.787476 0.071 0.0 16.0
0.0 40.218918 0.072 18.0 13.0
0.0 43.570496 0.072 18.0 13.0
0.0 43.570496 0.073 0.0 14.0
2.3474936 45.962635 0.073 0.0 14.0
0.0 43.570496 0.074 17.0 14.0
0.0 46.922073 0.074 17.0 14.0
0.0 46.922073 0.075 0.0 15.0
-2.3474936 49.314213 0.075 0.0 15.0
-2.3474936 49.314213 0.076 0.0 16.0
-2.3474936 52.66579 0.076 0.0 16.0
-2.3474936 49.314213 0.077 0.0 16.0
-4.6949873 51.706352 0.077 0.0 16.0
0.0 46.922073 0.078 16.0 15.0
0.0 50.27365 0.078 16.0 15.0
0.0 50.27365 0.079 0.0 16.0
2.3474936 52.66579 0.079 0.0 16.0
0.0 50.27365 0.080 15.0 16.0
0.0 53.62523 0.080 15.0 16.0
0.0 53.62523 0.081 14.0 17.0
2.3474936 56.01737 0.081 14.0 17.0
2.3474936 56.01737 0.082 0.0 18.0
5.6984754 56.080505 0.082 0.0 18.0
2.3474936 56.01737 0.083 13.0 18.0
4.6949873 58.409508 0.083 13.0 18.0
4.6949873 58.409508 0.084 0.0 19.0
4.6949873 61.761086 0.084 0.0 19.0
4.6949873 61.761086 0.085 0.0 20.0
7.042481 64.15323 0.085 0.0 20.0
4.6949873 61.761086 0.086 0.0 20.0
4.6949873 65.11266 0.086 0.0 20.0
4.6949873 58.409508 0.087 12.0 19.0
7.042481 60.801647 0.087 12.0 19.0
7.042481 60.801647 0.088 0.0 20.0
10.393463 60.864784 0.088 0.0 20.0
7.042481 60.801647 0.089 11.0 20.0
9.389975 63.193787 0.089 11.0 20.0
9.389975 63.193787 0.090 2.0 21.0
12.740956 63.256924 0.090 2.0 21.0
12.740956 63.256924 0.091 0.0 22.0
15.176895 60.95491 0.091 0.0 22.0
12.740956 63.256924 0.092 1.0 22.0
16.091938 63.32006 0.092 1.0 22.0
16.091938 63.32006 0.093 0.0 23.0
18.439432 65.712204 0.093 0.0 23.0
18.439432 65.712204 0.094 0.0 24.0
21.790413 65.775345 0.094 0.0 24.0
18.439432 65.712204 0.095 0.0 24.0
20.786926 68.10435 0.095 0.0 24.0
16.091938 63.32006 0.096 0.0 23.0
19.44292 63.383198 0.096 0.0 23.0
19.44292 63.383198 0.097 0.0 24.0
21.87886 61.081184 0.097 0.0 24.0
19.44292 63.383198 0.098 0.0 24.0
22.793903 63.446335 0.098 0.0 24.0
9.389975 63.193787 0.099 10.0 21.0
11.737469 65.58593 0.099 10.0 21.0
11.737469 65.58593 0.0100 0.0 22.0
15.08845 65.64907 0.0100 0.0 22.0
11.737469 65.58593 0.0101 9.0 22.0
14.084963 67.97807 0.0101 9.0 22.0
14.084963 67.97807 0.0102 0.0 23.0
14.084963 71.32965 0.0102 0.0 23.0
14.084963 71.32965 0.0103 0.0 24.0
16.432457 73.721794 0.0103 0.0 24.0
14.084963 71.32965 0.0104 0.0 24.0
14.084963 74.68123 0.0104 0.0 24.0
14.084963 67.97807 0.0105 8.0 23.0
16.432457 70.37022 0.0105 8.0 23.0
16.432457 70.37022 0.0106 0.0 24.0
19.78344 70.43336 0.0106 0.0 24.0
16.432457 70.37022 0.0107 7.0 24.0
18.779951 72.76236 0.0107 7.0 24.0
18.779951 72.76236 0.0108 6.0 25.0
22.130932 72.8255 0.0108 6.0 25.0
22.130932 72.8255 0.0109 0.0 26.0
24.566872 70.52349 0.0109 0.0 26.0
22.130932 72.8255 0.0110 5.0 26.0
25.481915 72.88864 0.0110 5.0 26.0
25.481915 72.88864 0.0111 0.0 27.0
27.829409 75.280785 0.0111 0.0 27.0
27.829409 75.280785 0.0112 0.0 28.0
31.18039 75.343925 0.0112 0.0 28.0
27.829409 75.280785 0.0113 0.0 28.0
30.176903 77.67293 0.0113 0.0 28.0
25.481915 72.88864 0.0114 4.0 27.0
28.832897 72.95178 0.0114 4.0 27.0
28.832897 72.95178 0.0115 0.0 28.0
31.268837 70.64977 0.0115 0.0 28.0
28.832897 72.95178 0.0116 3.0 28.0
32.18388 73.01492 0.0116 3.0 28.0
32.18388 73.01492 0.0117 2.0 29.0
34.61982 70.71291 0.0117 2.0 29.0
34.61982 70.71291 0.0118 0.0 30.0
34.74607 67.363716 0.0118 0.0 30.0
34.61982 70.71291 0.0119 1.0 30.0
37.05576 68.410904 0.0119 1.0 30.0
37.05576 68.410904 0.0120 0.0 31.0
40.406742 68.474045 0.0120 0.0 31.0
40.406742 68.474045 0.0121 0.0 32.0
42.84268 66.172035 0.0121 0.0 32.0
40.406742 68.474045 0.0122 0.0 32.0
43.757725 68.537186 0.0122 0.0 32.0
37.05576 68.410904 0.0123 0.0 31.0
39.4917 66.108894 0.0123 0.0 31.0
39.4917 66.108894 0.0124 0.0 32.0
39.61795 62.759697 0.0124 0.0 32.0
39.4917 66.108894 0.0125 0.0 32.0
41.92764 63.80688 0.0125 0.0 32.0
32.18388 73.01492 0.0126 2.0 29.0
35.534863 73.078064 0.0126 2.0 29.0
35.534863 73.078064 0.0127 0.0 30.0
37.970802 70.776054 0.0127 0.0 30.0
35.534863 73.078064 0.0128 1.0 30.0
38.885845 73.141205 0.0128 1.0 30.0
38.885845 73.141205 0.0129 0.0 31.0
41.233337 75.53335 0.0129 0.0 31.0
41.233337 75.53335 0.0130 0.0 32.0
44.58432 75.59649 0.0130 0.0 32.0
41.233337 75.53335 0.0131 0.0 32.0
43.58083 77.92549 0.0131 0.0 32.0
38.885845 73.141205 0.0132 0.0 31.0
42.236828 73.204346 0.0132 0.0 31.0
42.236828 73.204346 0.0133 0.0 32.0
44.672768 70.902336 0.0133 0.0 32.0
42.236828 73.204346 0.0134 0.0 32.0
45.58781 73.26749 0.0134 0.0 32.0
18.779951 72.76236 0.0135 6.0 25.0
21.127445 75.1545 0.0135 6.0 25.0
21.127445 75.1545 0.0136 0.0 26.0
24.478428 75.21764 0.0136 0.0 26.0
21.127445 75.1545 0.0137 5.0 26.0
23.47494 77.546646 0.0137 5.0 26.0
23.47494 77.546646 0.0138 0.0 27.0
23.47494 80.898224 0.0138 0.0 27.0
23.47494 80.898224 0.0139 0.0 28.0
25.822433 83.29037 0.0139 0.0 28.0
23.47494 80.898224 0.0140 0.0 28.0
23.47494 84.2498 0.0140 0.0 28.0
23.47494 77.546646 0.0141 4.0 27.0
25.822433 79.93879 0.0141 4.0 27.0
25.822433 79.93879 0.0142 0.0 28.0
29.173416 80.00193 0.0142 0.0 28.0
25.822433 79.93879 0.0143 3.0 28.0
28.169928 82.33093 0.0143 3.0 28.0
28.169928 82.33093 0.0144 2.0 29.0
31.520908 82.39407 0.0144 2.0 29.0
31.520908 82.39407 0.0145 0.0 30.0
33.95685 80.092064 0.0145 0.0 30.0
31.520908 82.39407 0.0146 1.0 30.0
34.87189 82.457214 0.0146 1.0 30.0
34.87189 82.457214 0.0147 0.0 31.0
37.219383 84.84936 0.0147 0.0 31.0
37.219383 84.84936 0.0148 0.0 32.0
40.570366 84.9125 0.0148 0.0 32.0
37.219383 84.84936 0.0149 0.0 32.0
39.566875 87.2415 0.0149 0.0 32.0
34.87189 82.457214 0.0150 0.0 31.0
38.222874 82.520355 0.0150 0.0 31.0
38.222874 82.520355 0.0151 0.0 32.0
40.658813 80.218346 0.0151 0.0 32.0
38.222874 82.520355 0.0152 0.0 32.0
41.573856 82.583496 0.0152 0.0 32.0
28.169928 82.33093 0.0153 2.0 29.0
30.517422 84.723076 0.0153 2.0 29.0
30.517422 84.723076 0.0154 0.0 30.0
33.868404 84.78622 0.0154 0.0 30.0
30.517422 84.723076 0.0155 1.0 30.0
32.864914 87.11522 0.0155 1.0 30.0
32.864914 87.11522 0.0156 0.0 31.0
32.864914 90.4668 0.0156 0.0 31.0
32.864914 90.4668 0.0157 0.0 32.0
35.212406 92.85894 0.0157 0.0 32.0
32.864914 90.4668 0.0158 0.0 32.0
32.864914 93.818375 0.0158 0.0 32.0
32.864914 87.11522 0.0159 0.0 31.0
35.212406 89.50736 0.0159 0.0 31.0
35.212406 89.50736 0.0160 0.0 32.0
38.56339 89.5705 0.0160 0.0 32.0
35.212406 89.50736 0.0161 0.0 32.0
37.5599 91.899506 0.0161 0.0 32.0
0.0 53.62523 0.0162 14.0 17.0
0.0 56.976807 0.0162 14.0 17.0
0.0 56.976807 0.0163 0.0 18.0
2.3474936 59.368946 0.0163 0.0 18.0
0.0 56.976807 0.0164 13.0 18.0
0.0 60.328384 0.0164 13.0 18.0
0.0 60.328384 0.0165 0.0 19.0
-2.3474936 62.720524 0.0165 0.0 19.0
-2.3474936 62.720524 0.0166 0.0 20.0
-2.3474936 66.0721 0.0166 0.0 20.0
-2.3474936 62.720524 0.0167 0.0 20.0
-4.6949873 65.11266 0.0167 0.0 20.0
0.0 60.328384 0.0168 12.0 19.0
0.0 63.679962 0.0168 12.0 19.0
0.0 63.679962 0.0169 0.0 20.0
2.3474936 66.072105 0.0169 0.0 20.0
0.0 63.679962 0.0170 11.0 20.0
0.0 67.03154 0.0170 11.0 20.0
0.0 67.03154 0.0171 2.0 21.0
2.3474936 69.42368 0.0171 2.0 21.0
2.3474936 69.42368 0.0172 0.0 22.0
5.6984754 69.486824 0.0172 0.0 22.0
2.3474936 69.42368 0.0173 1.0 22.0
4.6949873 71.81583 0.0173 1.0 22.0
4.6949873 71.81583 0.0174 0.0 23.0
4.6949873 75.167404 0.0174 0.0 23.0
4.6949873 75.167404 0.0175 0.0 24.0
7.042481 77.55955 0.0175 0.0 24.0
4.6949873 75.167404 0.0176 0.0 24.0
4.6949873 78.51898 0.0176 0.0 24.0
4.6949873 71.81583 0.0177 0.0 23.0
7.042481 74.20797 0.0177 0.0 23.0
7.042481 74.20797 0.0178 0.0 24.0
10.393463 74.27111 0.0178 0.0 24.0
7.042481 74.20797 0.0179 0.0 24.0
9.389975 76.60011 0.0179 0.0 24.0
0.0 67.03154 0.0180 10.0 21.0
0.0 70.38312 0.0180 10.0 21.0
0.0 70.38312 0.0181 0.0 22.0
2.3474936 72.77526 0.0181 0.0 22.0
0.0 70.38312 0.0182 9.0 22.0
0.0 73.734695 0.0182 9.0 22.0
0.0 73.734695 0.0183 0.0 23.0
-2.3474936 76.12684 0.0183 0.0 23.0
-2.3474936 76.12684 0.0184 0.0 24.0
-2.3474936 79.47842 0.0184 0.0 24.0
-2.3474936 76.12684 0.0185 0.0 24.0
-4.6949873 78.51898 0.0185 0.0 24.0
0.0 73.734695 0.0186 8.0 23.0
0.0 77.08627 0.0186 8.0 23.0
0.0 77.08627 0.0187 0.0 24.0
2.3474936 79.47842 0.0187 0.0 24.0
0.0 77.08627 0.0188 7.0 24.0
0.0 80.43785 0.0188 7.0 24.0
0.0 80.43785 0.0189 6.0 25.0
2.3474936 82.829994 0.0189 6.0 25.0
2.3474936 82.829994 0.0190 0.0 26.0
5.6984754 82.893135 0.0190 0.0 26.0
2.3474936 82.829994 0.0191 5.0 26.0
4.6949873 85.22214 0.0191 5.0 26.0
4.6949873 85.22214 0.0192 0.0 27.0
4.6949873 88.573715 0.0192 0.0 27.0
4.6949873 88.573715 0.0193 0.0 28.0
7.042481 90.96586 0.0193 0.0 28.0
4.6949873 88.573715 0.0194 0.0 28.0
4.6949873 91.92529 0.0194 0.0 28.0
4.6949873 85.22214 0.0195 4.0 27.0
7.042481 87.61428 0.0195 4.0 27.0
7.042481 87.61428 0.0196 0.0 28.0
10.393463 87.67742 0.0196 0.0 28.0
7.042481 87.61428 0.0197 3.0 28.0
9.389975 90.006424 0.0197 3.0 28.0
9.389975 90.006424 0.0198 2.0 29.0
12.740956 90.069565 0.0198 2.0 29.0
12.740956 90.069565 0.0199 0.0 30.0
15.176895 87.767555 0.0199 0.0 30.0
12.740956 90.069565 0.0200 1.0 30.0
16.091938 90.132706 0.0200 1.0 30.0
16.091938 90.132706 0.0201 0.0 31.0
18.439432 92.52485 0.0201 0.0 31.0
18.439432 92.52485 0.0202 0.0 32.0
21.790413 92.58799 0.0202 0.0 32.0
18.439432 92.52485 0.0203 0.0 32.0
20.786926 94.91699 0.0203 0.0 32.0
16.091938 90.132706 0.0204 0.0 31.0
19.44292 90.19585 0.0204 0.0 31.0
19.44292 90.19585 0.0205 0.0 32.0
21.87886 87.89384 0.0205 0.0 32.0
19.44292 90.19585 0.0206 0.0 32.0
22.793903 90.25899 0.0206 0.0 32.0
9.389975 90.006424 0.0207 2.0 29.0
11.737469 92.39857 0.0207 2.0 29.0
11.737469 92.39857 0.0208 0.0 30.0
15.08845 92.46171 0.0208 0.0 30.0
11.737469 92.39857 0.0209 1.0 30.0
14.084963 94.79071 0.0209 1.0 30.0
14.084963 94.79071 0.0210 0.0 31.0
14.084963 98.14229 0.0210 0.0 31.0
14.084963 98.14229 0.0211 0.0 32.0
16.432457 100.53443 0.0211 0.0 32.0
14.084963 98.14229 0.0212 0.0 32.0
14.084963 101.493866 0.0212 0.0 32.0
14.084963 94.79071 0.0213 0.0 31.0
16.432457 97.18285 0.0213 0.0 31.0
16.432457 97.18285 0.0214 0.0 32.0
19.78344 97.245995 0.0214 0.0 32.0
16.432457 97.18285 0.0215 0.0 32.0
18.779951 99.575 0.0215 0.0 32.0
0.0 80.43785 0.0216 6.0 25.0
0.0 83.78943 0.0216 6.0 25.0
0.0 83.78943 0.0217 0.0 26.0
2.3474936 86.18157 0.0217 0.0 26.0
0.0 83.78943 0.0218 5.0 26.0
0.0 87.14101 0.0218 5.0 26.0
0.0 87.14101 0.0219 0.0 27.0
-2.3474936 89.53315 0.0219 0.0 27.0
-2.3474936 89.53315 0.0220 0.0 28.0
-2.3474936 92.88473 0.0220 0.0 28.0
-2.3474936 89.53315 0.0221 0.0 28.0
-4.6949873 91.92529 0.0221 0.0 28.0
0.0 87.14101 0.0222 4.0 27.0
0.0 90.492584 0.0222 4.0 27.0
0.0 90.492584 0.0223 0.0 28.0
2.3474936 92.88473 0.0223 0.0 28.0
0.0 90.492584 0.0224 3.0 28.0
0.0 93.84416 0.0224 3.0 28.0
0.0 93.84416 0.0225 2.0 29.0
2.3474936 96.236305 0.0225 2.0 29.0
2.3474936 96.236305 0.0226 0.0 30.0
5.6984754 96.299446 0.0226 0.0 30.0
2.3474936 96.236305 0.0227 1.0 30.0
4.6949873 98.62845 0.0227 1.0 30.0
4.6949873 98.62845 0.0228 0.0 31.0
4.6949873 101.98003 0.0228 0.0 31.0
4.6949873 101.98003 0.0229 0.0 32.0
7.042481 104.37217 0.0229 0.0 32.0
4.6949873 101.98003 0.0230 0.0 32.0
4.6949873 105.331604 0.0230 0.0 32.0
4.6949873 98.62845 0.0231 0.0 31.0
7.042481 101.02059 0.0231 0.0 31.0
7.042481 101.02059 0.0232 0.0 32.0
10.393463 101.08373 0.0232 0.0 32.0
7.042481 101.02059 0.0233 0.0 32.0
9.389975 103.412735 0.0233 0.0 32.0
0.0 93.84416 0.0234 2.0 29.0
0.0 97.19574 0.0234 2.0 29.0
0.0 97.19574 0.0235 0.0 30.0
2.3474936 99.58788 0.0235 0.0 30.0
0.0 97.19574 0.0236 1.0 30.0
0.0 100.54732 0.0236 1.0 30.0
0.0 100.54732 0.0237 0.0 31.0
-2.3474936 102.93946 0.0237 0.0 31.0
-2.3474936 102.93946 0.0238 0.0 32.0
-2.3474936 106.29104 0.0238 0.0 32.0
-2.3474936 102.93946 0.0239 0.0 32.0
-4.6949873 105.331604 0.0239 0.0 32.0
0.0 100.54732 0.0240 0.0 31.0
0.0 103.898895 0.0240 0.0 31.0
0.0 103.898895 0.0241 0.0 32.0
2.3474936 106.29104 0.0241 0.0 32.0
0.0 103.898895 0.0242 0.0 32.0
0.0 107.25047 0.0242 0.0 32.0
