0.0 0.0 0.00 30.0 1.0
0.0 4.163913 0.00 30.0 1.0
0.0 4.163913 0.01 0.0 2.0
0.7084578 8.267114 0.01 0.0 2.0
0.0 4.163913 0.02 29.0 2.0
0.0 8.327826 0.02 29.0 2.0
0.0 8.327826 0.03 0.0 3.0
0.7084578 12.431026 0.03 0.0 3.0
0.7084578 12.431026 0.04 0.0 4.0
2.1047142 16.353863 0.04 0.0 4.0
0.7084578 12.431026 0.05 0.0 4.0
1.4169157 16.534227 0.05 0.0 4.0
0.0 8.327826 0.06 28.0 3.0
0.0 12.491738 0.06 28.0 3.0
0.0 12.491738 0.07 0.0 4.0
0.7084578 16.59494 0.07 0.0 4.0
0.0 12.491738 0.08 27.0 4.0
0.0 16.655651 0.08 27.0 4.0
0.0 16.655651 0.09 2.0 5.0
0.7084578 20.758852 0.09 2.0 5.0
0.7084578 20.758852 0.010 0.0 6.0
2.1047142 24.681686 0.010 0.0 6.0
0.7084578 20.758852 0.011 1.0 6.0
1.4169157 24.862053 0.011 1.0 6.0
1.4169157 24.862053 0.012 0.0 7.0
2.8131719 28.78489 0.012 0.0 7.0
2.8131719 28.78489 0.013 0.0 8.0
4.85651 32.412964 0.013 0.0 8.0
2.8131719 28.78489 0.014 0.0 8.0
4.2094283 32.707726 0.014 0.0 8.0
1.4169157 24.862053 0.015 0.0 7.0
2.1253734 28.965254 0.015 0.0 7.0
2.1253734 28.965254 0.016 0.0 8.0
3.5216298 32.88809 0.016 0.0 8.0
2.1253734 28.965254 0.017 0.0 8.0
2.8338313 33.068455 0.017 0.0 8.0
0.0 16.655651 0.018 26.0 5.0
0.0 20.819565 0.018 26.0 5.0
0.0 20.819565 0.019 0.0 6.0
0.7084578 24.922766 0.019 0.0 6.0
0.0 20.819565 0.020 25.0 6.0
0.0 24.983479 0.020 25.0 6.0
0.0 24.983479 0.021 0.0 7.0
0.7084578 29.08668 0.021 0.0 7.0
0.7084578 29.08668 0.022 0.0 8.0
2.1047142 33.009514 0.022 0.0 8.0
0.7084578 29.08668 0.023 0.0 8.0
1.4169157 33.18988 0.023 0.0 8.0
0.0 24.983479 0.024 24.0 7.0
0.0 29.147392 0.024 24.0 7.0
0.0 29.147392 0.025 0.0 8.0
0.7084578 33.250595 0.025 0.0 8.0
0.0 29.147392 0.026 23.0 8.0
0.0 33.311306 0.026 23.0 8.0
0.0 33.311306 0.027 6.0 9.0
0.7084578 37.414505 0.027 6.0 9.0
0.7084578 37.414505 0.028 0.0 10.0
2.1047142 41.33734 0.028 0.0 10.0
0.7084578 37.414505 0.029 5.0 10.0
1.4169157 41.517708 0.029 5.0 10.0
1.4169157 41.517708 0.030 0.0 11.0
2.8131719 45.440544 0.030 0.0 11.0
2.8131719 45.440544 0.031 0.0 12.0
4.85651 49.06862 0.031 0.0 12.0
2.8131719 45.440544 0.032 0.0 12.0
4.2094283 49.36338 0.032 0.0 12.0
1.4169157 41.517708 0.033 4.0 11.0
2.1253734 45.62091 0.033 4.0 11.0
2.1253734 45.62091 0.034 0.0 12.0
3.5216298 49.543747 0.034 0.0 12.0
2.1253734 45.62091 0.035 3.0 12.0
2.8338313 49.724113 0.035 3.0 12.0
2.8338313 49.724113 0.036 2.0 13.0
4.2300878 53.64695 0.036 2.0 13.0
4.2300878 53.64695 0.037 0.0 14.0
6.273426 57.275024 0.037 0.0 14.0
4.2300878 53.64695 0.038 1.0 14.0
5.626344 57.569786 0.038 1.0 14.0
5.626344 57.569786 0.039 0.0 15.0
7.6696825 61.19786 0.039 0.0 15.0
7.6696825 61.19786 0.040 0.0 16.0
10.300518 64.42538 0.040 0.0 16.0
7.6696825 61.19786 0.041 0.0 16.0
9.713021 64.825935 0.041 0.0 16.0
5.626344 57.569786 0.042 0.0 15.0
7.0226007 61.492622 0.042 0.0 15.0
7.0226007 61.492622 0.043 0.0 16.0
9.065939 65.1207 0.043 0.0 16.0
7.0226007 61.492622 0.044 0.0 16.0
8.418857 65.41546 0.044 0.0 16.0
2.8338313 49.724113 0.045 2.0 13.0
3.5422893 53.827316 0.045 2.0 13.0
3.5422893 53.827316 0.046 0.0 14.0
4.9385457 57.750153 0.046 0.0 14.0
3.5422893 53.827316 0.047 1.0 14.0
4.250747 57.93052 0.047 1.0 14.0
4.250747 57.93052 0.048 0.0 15.0
5.6470037 61.853355 0.048 0.0 15.0
5.6470037 61.853355 0.049 0.0 16.0
7.690342 65.48143 0.049 0.0 16.0
5.6470037 61.853355 0.050 0.0 16.0
7.04326 65.77619 0.050 0.0 16.0
4.250747 57.93052 0.051 0.0 15.0
4.959205 62.033722 0.051 0.0 15.0
4.959205 62.033722 0.052 0.0 16.0
6.3554616 65.95656 0.052 0.0 16.0
4.959205 62.033722 0.053 0.0 16.0
5.667663 66.136925 0.053 0.0 16.0
0.0 33.311306 0.054 22.0 9.0
0.0 37.47522 0.054 22.0 9.0
0.0 37.47522 0.055 0.0 10.0
0.7084578 41.578423 0.055 0.0 10.0
0.0 37.47522 0.056 21.0 10.0
0.0 41.639133 0.056 21.0 10.0
0.0 41.639133 0.057 0.0 11.0
0.7084578 45.742332 0.057 0.0 11.0
0.7084578 45.742332 0.058 0.0 12.0
2.1047142 49.66517 0.058 0.0 12.0
0.7084578 45.742332 0.059 0.0 12.0
1.4169157 49.845535 0.059 0.0 12.0
0.0 41.639133 0.060 20.0 11.0
0.0 45.803047 0.060 20.0 11.0
0.0 45.803047 0.061 0.0 12.0
0.7084578 49.90625 0.061 0.0 12.0
0.0 45.803047 0.062 19.0 12.0
0.0 49.96696 0.062 19.0 12.0
0.0 49.96696 0.063 2.0 13.0
0.7084578 54.07016 0.063 2.0 13.0
0.7084578 54.07016 0.064 0.0 14.0
2.1047142 57.992996 0.064 0.0 14.0
0.7084578 54.07016 0.065 1.0 14.0
1.4169157 58.173363 0.065 1.0 14.0
1.4169157 58.173363 0.066 0.0 15.0
2.8131719 62.0962 0.066 0.0 15.0
2.8131719 62.0962 0.067 0.0 16.0
4.85651 65.72427 0.067 0.0 16.0
2.8131719 62.0962 0.068 0.0 16.0
4.2094283 66.019035 0.068 0.0 16.0
1.4169157 58.173363 0.069 0.0 15.0
2.1253734 62.276566 0.069 0.0 15.0
2.1253734 62.276566 0.070 0.0 16.0
3.5216298 66.1994 0.070 0.0 16.0
2.1253734 62.276566 0.071 0.0 16.0
2.8338313 66.37977 0.071 0.0 16.0
0.0 49.96696 0.072 18.0 13.0
0.0 54.130875 0.072 18.0 13.0
0.0 54.130875 0.073 0.0 14.0
0.7084578 58.234077 0.073 0.0 14.0
0.0 54.130875 0.074 17.0 14.0
0.0 58.29479 0.074 17.0 14.0
0.0 58.29479 0.075 0.0 15.0
0.7084578 62.397987 0.075 0.0 15.0
0.7084578 62.397987 0.076 0.0 16.0
2.1047142 66.32082 0.076 0.0 16.0
0.7084578 62.397987 0.077 0.0 16.0
1.4169157 66.50119 0.077 0.0 16.0
0.0 58.29479 0.078 16.0 15.0
0.0 62.458702 0.078 16.0 15.0
0.0 62.458702 0.079 0.0 16.0
0.7084578 66.561905 0.079 0.0 16.0
0.0 62.458702 0.080 15.0 16.0
0.0 66.62261 0.080 15.0 16.0
0.0 66.62261 0.081 14.0 17.0
-0.7084578 70.725815 0.081 14.0 17.0
-0.7084578 70.725815 0.082 0.0 18.0
-0.7084578 74.889725 0.082 0.0 18.0
-0.7084578 70.725815 0.083 13.0 18.0
-1.4169157 74.82902 0.083 13.0 18.0
-1.4169157 74.82902 0.084 0.0 19.0
-1.4169157 78.99293 0.084 0.0 19.0
-1.4169157 78.99293 0.085 0.0 20.0
-0.7084578 83.09613 0.085 0.0 20.0
-1.4169157 78.99293 0.086 0.0 20.0
-1.4169157 83.15684 0.086 0.0 20.0
-1.4169157 74.82902 0.087 12.0 19.0
-2.1253734 78.93222 0.087 12.0 19.0
-2.1253734 78.93222 0.088 0.0 20.0
-2.1253734 83.09613 0.088 0.0 20.0
-2.1253734 78.93222 0.089 11.0 20.0
-2.8338313 83.03542 0.089 11.0 20.0
-2.8338313 83.03542 0.090 2.0 21.0
-2.8338313 87.19933 0.090 2.0 21.0
-2.8338313 87.19933 0.091 0.0 22.0
-2.1253734 91.302536 0.091 0.0 22.0
-2.8338313 87.19933 0.092 1.0 22.0
-2.8338313 91.36324 0.092 1.0 22.0
-2.8338313 91.36324 0.093 0.0 23.0
-2.1253734 95.466446 0.093 0.0 23.0
-2.1253734 95.466446 0.094 0.0 24.0
-0.72911704 99.38928 0.094 0.0 24.0
-2.1253734 95.466446 0.095 0.0 24.0
-1.4169155 99.56965 0.095 0.0 24.0
-2.8338313 91.36324 0.096 0.0 23.0
-2.8338313 95.52715 0.096 0.0 23.0
-2.8338313 95.52715 0.097 0.0 24.0
-2.1253734 99.630356 0.097 0.0 24.0
-2.8338313 95.52715 0.098 0.0 24.0
-2.8338313 99.69106 0.098 0.0 24.0
-2.8338313 83.03542 0.099 10.0 21.0
-3.5422893 87.138626 0.099 10.0 21.0
-3.5422893 87.138626 0.0100 0.0 22.0
-3.5422893 91.302536 0.0100 0.0 22.0
-3.5422893 87.138626 0.0101 9.0 22.0
-4.250747 91.24183 0.0101 9.0 22.0
-4.250747 91.24183 0.0102 0.0 23.0
-4.250747 95.40574 0.0102 0.0 23.0
-4.250747 95.40574 0.0103 0.0 24.0
-3.5422893 99.50894 0.0103 0.0 24.0
-4.250747 95.40574 0.0104 0.0 24.0
-4.250747 99.56965 0.0104 0.0 24.0
-4.250747 91.24183 0.0105 8.0 23.0
-4.959205 95.34503 0.0105 8.0 23.0
-4.959205 95.34503 0.0106 0.0 24.0
-4.959205 99.50894 0.0106 0.0 24.0
-4.959205 95.34503 0.0107 7.0 24.0
-5.667663 99.448235 0.0107 7.0 24.0
-5.667663 99.448235 0.0108 6.0 25.0
-5.667663 103.612144 0.0108 6.0 25.0
-5.667663 103.612144 0.0109 0.0 26.0
-4.959205 107.71535 0.0109 0.0 26.0
-5.667663 103.612144 0.0110 5.0 26.0
-5.667663 107.776054 0.0110 5.0 26.0
-5.667663 107.776054 0.0111 0.0 27.0
-4.959205 111.87926 0.0111 0.0 27.0
-4.959205 111.87926 0.0112 0.0 28.0
-3.5629487 115.80209 0.0112 0.0 28.0
-4.959205 111.87926 0.0113 0.0 28.0
-4.250747 115.98246 0.0113 0.0 28.0
-5.667663 107.776054 0.0114 4.0 27.0
-5.667663 111.939964 0.0114 4.0 27.0
-5.667663 111.939964 0.0115 0.0 28.0
-4.959205 116.04317 0.0115 0.0 28.0
-5.667663 111.939964 0.0116 3.0 28.0
-5.667663 116.103874 0.0116 3.0 28.0
-5.667663 116.103874 0.0117 2.0 29.0
-4.959205 120.20708 0.0117 2.0 29.0
-4.959205 120.20708 0.0118 0.0 30.0
-3.5629487 124.12991 0.0118 0.0 30.0
-4.959205 120.20708 0.0119 1.0 30.0
-4.250747 124.31028 0.0119 1.0 30.0
-4.250747 124.31028 0.0120 0.0 31.0
-2.8544908 128.23311 0.0120 0.0 31.0
-2.8544908 128.23311 0.0121 0.0 32.0
-0.8111522 131.86119 0.0121 0.0 32.0
-2.8544908 128.23311 0.0122 0.0 32.0
-1.4582344 132.15594 0.0122 0.0 32.0
-4.250747 124.31028 0.0123 0.0 31.0
-3.5422893 128.41348 0.0123 0.0 31.0
-3.5422893 128.41348 0.0124 0.0 32.0
-2.1460328 132.33632 0.0124 0.0 32.0
-3.5422893 128.41348 0.0125 0.0 32.0
-2.8338313 132.51668 0.0125 0.0 32.0
-5.667663 116.103874 0.0126 2.0 29.0
-5.667663 120.267784 0.0126 2.0 29.0
-5.667663 120.267784 0.0127 0.0 30.0
-4.959205 124.37099 0.0127 0.0 30.0
-5.667663 120.267784 0.0128 1.0 30.0
-5.667663 124.431694 0.0128 1.0 30.0
-5.667663 124.431694 0.0129 0.0 31.0
-4.959205 128.5349 0.0129 0.0 31.0
-4.959205 128.5349 0.0130 0.0 32.0
-3.5629487 132.45773 0.0130 0.0 32.0
-4.959205 128.5349 0.0131 0.0 32.0
-4.250747 132.63809 0.0131 0.0 32.0
-5.667663 124.431694 0.0132 0.0 31.0
-5.667663 128.59561 0.0132 0.0 31.0
-5.667663 128.59561 0.0133 0.0 32.0
-4.959205 132.6988 0.0133 0.0 32.0
-5.667663 128.59561 0.0134 0.0 32.0
-5.667663 132.75952 0.0134 0.0 32.0
-5.667663 99.448235 0.0135 6.0 25.0
-6.376121 103.55144 0.0135 6.0 25.0
-6.376121 103.55144 0.0136 0.0 26.0
-6.376121 107.71535 0.0136 0.0 26.0
-6.376121 103.55144 0.0137 5.0 26.0
-7.084579 107.65464 0.0137 5.0 26.0
-7.084579 107.65464 0.0138 0.0 27.0
-7.084579 111.81855 0.0138 0.0 27.0
-7.084579 111.81855 0.0139 0.0 28.0
-6.376121 115.92175 0.0139 0.0 28.0
-7.084579 111.81855 0.0140 0.0 28.0
-7.084579 115.98246 0.0140 0.0 28.0
-7.084579 107.65464 0.0141 4.0 27.0
-7.793037 111.75784 0.0141 4.0 27.0
-7.793037 111.75784 0.0142 0.0 28.0
-7.793037 115.92175 0.0142 0.0 28.0
-7.793037 111.75784 0.0143 3.0 28.0
-8.501494 115.861046 0.0143 3.0 28.0
-8.501494 115.861046 0.0144 2.0 29.0
-8.501494 120.024956 0.0144 2.0 29.0
-8.501494 120.024956 0.0145 0.0 30.0
-7.7930365 124.12816 0.0145 0.0 30.0
-8.501494 120.024956 0.0146 1.0 30.0
-8.501494 124.188866 0.0146 1.0 30.0
-8.501494 124.188866 0.0147 0.0 31.0
-7.7930365 128.29207 0.0147 0.0 31.0
-7.7930365 128.29207 0.0148 0.0 32.0
-6.39678 132.2149 0.0148 0.0 32.0
-7.7930365 128.29207 0.0149 0.0 32.0
-7.0845785 132.39526 0.0149 0.0 32.0
-8.501494 124.188866 0.0150 0.0 31.0
-8.501494 128.35278 0.0150 0.0 31.0
-8.501494 128.35278 0.0151 0.0 32.0
-7.7930365 132.45598 0.0151 0.0 32.0
-8.501494 128.35278 0.0152 0.0 32.0
-8.501494 132.5167 0.0152 0.0 32.0
-8.501494 115.861046 0.0153 2.0 29.0
-9.209952 119.96425 0.0153 2.0 29.0
-9.209952 119.96425 0.0154 0.0 30.0
-9.209952 124.12816 0.0154 0.0 30.0
-9.209952 119.96425 0.0155 1.0 30.0
-9.91841 124.06745 0.0155 1.0 30.0
-9.91841 124.06745 0.0156 0.0 31.0
-9.91841 128.23137 0.0156 0.0 31.0
-9.91841 128.23137 0.0157 0.0 32.0
-9.209952 132.33456 0.0157 0.0 32.0
-9.91841 128.23137 0.0158 0.0 32.0
-9.91841 132.39528 0.0158 0.0 32.0
-9.91841 124.06745 0.0159 0.0 31.0
-10.626868 128.17065 0.0159 0.0 31.0
-10.626868 128.17065 0.0160 0.0 32.0
-10.626868 132.33456 0.0160 0.0 32.0
-10.626868 128.17065 0.0161 0.0 32.0
-11.335326 132.27385 0.0161 0.0 32.0
0.0 66.62261 0.0162 14.0 17.0
0.0 70.78652 0.0162 14.0 17.0
0.0 70.78652 0.0163 0.0 18.0
0.7084578 74.889725 0.0163 0.0 18.0
0.0 70.78652 0.0164 13.0 18.0
0.0 74.95043 0.0164 13.0 18.0
0.0 74.95043 0.0165 0.0 19.0
0.7084578 79.053635 0.0165 0.0 19.0
0.7084578 79.053635 0.0166 0.0 20.0
2.1047142 82.97647 0.0166 0.0 20.0
0.7084578 79.053635 0.0167 0.0 20.0
1.4169157 83.15684 0.0167 0.0 20.0
0.0 74.95043 0.0168 12.0 19.0
0.0 79.11434 0.0168 12.0 19.0
0.0 79.11434 0.0169 0.0 20.0
0.7084578 83.217545 0.0169 0.0 20.0
0.0 79.11434 0.0170 11.0 20.0
0.0 83.27825 0.0170 11.0 20.0
0.0 83.27825 0.0171 2.0 21.0
0.7084578 87.381454 0.0171 2.0 21.0
0.7084578 87.381454 0.0172 0.0 22.0
2.1047142 91.30429 0.0172 0.0 22.0
0.7084578 87.381454 0.0173 1.0 22.0
1.4169157 91.48466 0.0173 1.0 22.0
1.4169157 91.48466 0.0174 0.0 23.0
2.8131719 95.40749 0.0174 0.0 23.0
2.8131719 95.40749 0.0175 0.0 24.0
4.85651 99.03557 0.0175 0.0 24.0
2.8131719 95.40749 0.0176 0.0 24.0
4.2094283 99.33033 0.0176 0.0 24.0
1.4169157 91.48466 0.0177 0.0 23.0
2.1253734 95.58786 0.0177 0.0 23.0
2.1253734 95.58786 0.0178 0.0 24.0
3.5216298 99.5107 0.0178 0.0 24.0
2.1253734 95.58786 0.0179 0.0 24.0
2.8338313 99.69106 0.0179 0.0 24.0
0.0 83.27825 0.0180 10.0 21.0
0.0 87.44216 0.0180 10.0 21.0
0.0 87.44216 0.0181 0.0 22.0
0.7084578 91.545364 0.0181 0.0 22.0
0.0 87.44216 0.0182 9.0 22.0
0.0 91.60607 0.0182 9.0 22.0
0.0 91.60607 0.0183 0.0 23.0
0.7084578 95.709274 0.0183 0.0 23.0
0.7084578 95.709274 0.0184 0.0 24.0
2.1047142 99.63211 0.0184 0.0 24.0
0.7084578 95.709274 0.0185 0.0 24.0
1.4169157 99.81248 0.0185 0.0 24.0
0.0 91.60607 0.0186 8.0 23.0
0.0 95.76998 0.0186 8.0 23.0
0.0 95.76998 0.0187 0.0 24.0
0.7084578 99.873184 0.0187 0.0 24.0
0.0 95.76998 0.0188 7.0 24.0
0.0 99.93389 0.0188 7.0 24.0
0.0 99.93389 0.0189 6.0 25.0
0.7084578 104.037094 0.0189 6.0 25.0
0.7084578 104.037094 0.0190 0.0 26.0
2.1047142 107.95993 0.0190 0.0 26.0
0.7084578 104.037094 0.0191 5.0 26.0
1.4169157 108.1403 0.0191 5.0 26.0
1.4169157 108.1403 0.0192 0.0 27.0
2.8131719 112.06313 0.0192 0.0 27.0
2.8131719 112.06313 0.0193 0.0 28.0
4.85651 115.69121 0.0193 0.0 28.0
2.8131719 112.06313 0.0194 0.0 28.0
4.2094283 115.98597 0.0194 0.0 28.0
1.4169157 108.1403 0.0195 4.0 27.0
2.1253734 112.2435 0.0195 4.0 27.0
2.1253734 112.2435 0.0196 0.0 28.0
3.5216298 116.166336 0.0196 0.0 28.0
2.1253734 112.2435 0.0197 3.0 28.0
2.8338313 116.3467 0.0197 3.0 28.0
2.8338313 116.3467 0.0198 2.0 29.0
4.2300878 120.26954 0.0198 2.0 29.0
4.2300878 120.26954 0.0199 0.0 30.0
6.273426 123.89761 0.0199 0.0 30.0
4.2300878 120.26954 0.0200 1.0 30.0
5.626344 124.192375 0.0200 1.0 30.0
5.626344 124.192375 0.0201 0.0 31.0
7.6696825 127.82045 0.0201 0.0 31.0
7.6696825 127.82045 0.0202 0.0 32.0
10.300518 131.04797 0.0202 0.0 32.0
7.6696825 127.82045 0.0203 0.0 32.0
9.713021 131.44853 0.0203 0.0 32.0
5.626344 124.192375 0.0204 0.0 31.0
7.0226007 128.1152 0.0204 0.0 31.0
7.0226007 128.1152 0.0205 0.0 32.0
9.065939 131.74329 0.0205 0.0 32.0
7.0226007 128.1152 0.0206 0.0 32.0
8.418857 132.03804 0.0206 0.0 32.0
2.8338313 116.3467 0.0207 2.0 29.0
3.5422893 120.449905 0.0207 2.0 29.0
3.5422893 120.449905 0.0208 0.0 30.0
4.9385457 124.37274 0.0208 0.0 30.0
3.5422893 120.449905 0.0209 1.0 30.0
4.250747 124.55311 0.0209 1.0 30.0
4.250747 124.55311 0.0210 0.0 31.0
5.6470037 128.47594 0.0210 0.0 31.0
5.6470037 128.47594 0.0211 0.0 32.0
7.690342 132.10402 0.0211 0.0 32.0
5.6470037 128.47594 0.0212 0.0 32.0
7.04326 132.39877 0.0212 0.0 32.0
4.250747 124.55311 0.0213 0.0 31.0
4.959205 128.65631 0.0213 0.0 31.0
4.959205 128.65631 0.0214 0.0 32.0
6.3554616 132.57915 0.0214 0.0 32.0
4.959205 128.65631 0.0215 0.0 32.0
5.667663 132.7595 0.0215 0.0 32.0
0.0 99.93389 0.0216 6.0 25.0
0.0 104.0978 0.0216 6.0 25.0
0.0 104.0978 0.0217 0.0 26.0
0.7084578 108.201004 0.0217 0.0 26.0
0.0 104.0978 0.0218 5.0 26.0
0.0 108.26171 0.0218 5.0 26.0
0.0 108.26171 0.0219 0.0 27.0
0.7084578 112.364914 0.0219 0.0 27.0
0.7084578 112.364914 0.0220 0.0 28.0
2.1047142 116.28775 0.0220 0.0 28.0
0.7084578 112.364914 0.0221 0.0 28.0
1.4169157 116.46812 0.0221 0.0 28.0
0.0 108.26171 0.0222 4.0 27.0
0.0 112.42562 0.0222 4.0 27.0
0.0 112.42562 0.0223 0.0 28.0
0.7084578 116.528824 0.0223 0.0 28.0
0.0 112.42562 0.0224 3.0 28.0
0.0 116.58953 0.0224 3.0 28.0
0.0 116.58953 0.0225 2.0 29.0
0.7084578 120.69273 0.0225 2.0 29.0
0.7084578 120.69273 0.0226 0.0 30.0
2.1047142 124.61557 0.0226 0.0 30.0
0.7084578 120.69273 0.0227 1.0 30.0
1.4169157 124.79594 0.0227 1.0 30.0
1.4169157 124.79594 0.0228 0.0 31.0
2.8131719 128.71877 0.0228 0.0 31.0
2.8131719 128.71877 0.0229 0.0 32.0
4.85651 132.34685 0.0229 0.0 32.0
2.8131719 128.71877 0.0230 0.0 32.0
4.2094283 132.6416 0.0230 0.0 32.0
1.4169157 124.79594 0.0231 0.0 31.0
2.1253734 128.89914 0.0231 0.0 31.0
2.1253734 128.89914 0.0232 0.0 32.0
3.5216298 132.82198 0.0232 0.0 32.0
2.1253734 128.89914 0.0233 0.0 32.0
2.8338313 133.00233 0.0233 0.0 32.0
0.0 116.58953 0.0234 2.0 29.0
0.0 120.75344 0.0234 2.0 29.0
0.0 120.75344 0.0235 0.0 30.0
0.7084578 124.85664 0.0235 0.0 30.0
0.0 120.75344 0.0236 1.0 30.0
0.0 124.91735 0.0236 1.0 30.0
0.0 124.91735 0.0237 0.0 31.0
0.7084578 129.02055 0.0237 0.0 31.0
0.7084578 129.02055 0.0238 0.0 32.0
2.1047142 132.94339 0.0238 0.0 32.0
0.7084578 129.02055 0.0239 0.0 32.0
1.4169157 133.12375 0.0239 0.0 32.0
0.0 124.91735 0.0240 0.0 31.0
0.0 129.08127 0.0240 0.0 31.0
0.0 129.08127 0.0241 0.0 32.0
0.7084578 133.18446 0.0241 0.0 32.0
0.0 129.08127 0.0242 0.0 32.0
0.0 133.24518 0.0242 0.0 32.0
