0.0 0.0 0.00 79.0 1.0
0.0 3.4916654 0.00 79.0 1.0
0.0 3.4916654 0.01 0.0 2.0
1.6163086 6.5867057 0.01 0.0 2.0
0.0 3.4916654 0.02 78.0 2.0
0.0 6.9833307 0.02 78.0 2.0
0.0 6.9833307 0.03 0.0 3.0
1.6163086 10.078371 0.03 0.0 3.0
0.0 6.9833307 0.04 77.0 3.0
0.0 10.474997 0.04 77.0 3.0
0.0 10.474997 0.05 1.0 4.0
1.6163086 13.570037 0.05 1.0 4.0
1.6163086 13.570037 0.06 0.0 5.0
4.481726 15.565309 0.06 0.0 5.0
1.6163086 13.570037 0.07 0.0 5.0
3.2326171 16.665077 0.07 0.0 5.0
3.2326171 16.665077 0.08 0.0 6.0
6.098035 18.660349 0.08 0.0 6.0
3.2326171 16.665077 0.09 0.0 6.0
4.8489256 19.760117 0.09 0.0 6.0
0.0 10.474997 0.010 76.0 4.0
0.0 13.966661 0.010 76.0 4.0
0.0 13.966661 0.011 0.0 5.0
1.6163086 17.061703 0.011 0.0 5.0
0.0 13.966661 0.012 75.0 5.0
0.0 17.458326 0.012 75.0 5.0
0.0 17.458326 0.013 0.0 6.0
1.6163086 20.553368 0.013 0.0 6.0
0.0 17.458326 0.014 74.0 6.0
0.0 20.949991 0.014 74.0 6.0
0.0 20.949991 0.015 1.0 7.0
1.6163086 24.045033 0.015 1.0 7.0
1.6163086 24.045033 0.016 0.0 8.0
4.481726 26.040304 0.016 0.0 8.0
1.6163086 24.045033 0.017 0.0 8.0
3.2326171 27.140072 0.017 0.0 8.0
3.2326171 27.140072 0.018 0.0 9.0
6.098035 29.135344 0.018 0.0 9.0
3.2326171 27.140072 0.019 0.0 9.0
4.8489256 30.235111 0.019 0.0 9.0
0.0 20.949991 0.020 73.0 7.0
0.0 24.441656 0.020 73.0 7.0
0.0 24.441656 0.021 0.0 8.0
1.6163086 27.536697 0.021 0.0 8.0
0.0 24.441656 0.022 72.0 8.0
0.0 27.933321 0.022 72.0 8.0
0.0 27.933321 0.023 0.0 9.0
1.6163086 31.028362 0.023 0.0 9.0
0.0 27.933321 0.024 71.0 9.0
0.0 31.424986 0.024 71.0 9.0
0.0 31.424986 0.025 7.0 10.0
-1.6163086 34.520027 0.025 7.0 10.0
-1.6163086 34.520027 0.026 0.0 11.0
-1.6163086 38.011692 0.026 0.0 11.0
-1.6163086 34.520027 0.027 6.0 11.0
-3.2326171 37.615067 0.027 6.0 11.0
-3.2326171 37.615067 0.028 0.0 12.0
-3.2326171 41.10673 0.028 0.0 12.0
-3.2326171 37.615067 0.029 5.0 12.0
-4.8489256 40.710106 0.029 5.0 12.0
-4.8489256 40.710106 0.030 1.0 13.0
-4.8489256 44.20177 0.030 1.0 13.0
-4.8489256 44.20177 0.031 0.0 14.0
-3.232617 47.29681 0.031 0.0 14.0
-4.8489256 44.20177 0.032 0.0 14.0
-4.8489256 47.693436 0.032 0.0 14.0
-4.8489256 47.693436 0.033 0.0 15.0
-3.232617 50.788475 0.033 0.0 15.0
-4.8489256 47.693436 0.034 0.0 15.0
-4.8489256 51.1851 0.034 0.0 15.0
-4.8489256 40.710106 0.035 4.0 13.0
-6.4652343 43.805145 0.035 4.0 13.0
-6.4652343 43.805145 0.036 0.0 14.0
-6.4652343 47.29681 0.036 0.0 14.0
-6.4652343 43.805145 0.037 3.0 14.0
-8.081543 46.900185 0.037 3.0 14.0
-8.081543 46.900185 0.038 0.0 15.0
-8.081543 50.39185 0.038 0.0 15.0
-8.081543 46.900185 0.039 2.0 15.0
-9.697851 49.995224 0.039 2.0 15.0
-9.697851 49.995224 0.040 1.0 16.0
-9.697851 53.48689 0.040 1.0 16.0
-9.697851 53.48689 0.041 0.0 17.0
-8.081543 56.58193 0.041 0.0 17.0
-9.697851 53.48689 0.042 0.0 17.0
-9.697851 56.978554 0.042 0.0 17.0
-9.697851 56.978554 0.043 0.0 18.0
-8.081543 60.073593 0.043 0.0 18.0
-9.697851 56.978554 0.044 0.0 18.0
-9.697851 60.47022 0.044 0.0 18.0
-9.697851 49.995224 0.045 1.0 16.0
-11.314159 53.090263 0.045 1.0 16.0
-11.314159 53.090263 0.046 0.0 17.0
-11.314159 56.58193 0.046 0.0 17.0
-11.314159 53.090263 0.047 0.0 17.0
-12.930468 56.185303 0.047 0.0 17.0
-12.930468 56.185303 0.048 0.0 18.0
-12.930468 59.676968 0.048 0.0 18.0
-12.930468 56.185303 0.049 0.0 18.0
-14.546776 59.280342 0.049 0.0 18.0
0.0 31.424986 0.050 70.0 10.0
0.0 34.916653 0.050 70.0 10.0
0.0 34.916653 0.051 0.0 11.0
1.6163086 38.011692 0.051 0.0 11.0
0.0 34.916653 0.052 69.0 11.0
0.0 38.408318 0.052 69.0 11.0
0.0 38.408318 0.053 0.0 12.0
1.6163086 41.503357 0.053 0.0 12.0
0.0 38.408318 0.054 68.0 12.0
0.0 41.899982 0.054 68.0 12.0
0.0 41.899982 0.055 1.0 13.0
1.6163086 44.99502 0.055 1.0 13.0
1.6163086 44.99502 0.056 0.0 14.0
4.481726 46.99029 0.056 0.0 14.0
1.6163086 44.99502 0.057 0.0 14.0
3.2326171 48.09006 0.057 0.0 14.0
3.2326171 48.09006 0.058 0.0 15.0
6.098035 50.08533 0.058 0.0 15.0
3.2326171 48.09006 0.059 0.0 15.0
4.8489256 51.1851 0.059 0.0 15.0
0.0 41.899982 0.060 67.0 13.0
0.0 45.391647 0.060 67.0 13.0
0.0 45.391647 0.061 0.0 14.0
1.6163086 48.486687 0.061 0.0 14.0
0.0 45.391647 0.062 66.0 14.0
0.0 48.883312 0.062 66.0 14.0
0.0 48.883312 0.063 0.0 15.0
1.6163086 51.97835 0.063 0.0 15.0
0.0 48.883312 0.064 65.0 15.0
0.0 52.374977 0.064 65.0 15.0
0.0 52.374977 0.065 1.0 16.0
1.6163086 55.470016 0.065 1.0 16.0
1.6163086 55.470016 0.066 0.0 17.0
4.481726 57.465286 0.066 0.0 17.0
1.6163086 55.470016 0.067 0.0 17.0
3.2326171 58.565056 0.067 0.0 17.0
3.2326171 58.565056 0.068 0.0 18.0
6.098035 60.560326 0.068 0.0 18.0
3.2326171 58.565056 0.069 0.0 18.0
4.8489256 61.660095 0.069 0.0 18.0
0.0 52.374977 0.070 64.0 16.0
0.0 55.866642 0.070 64.0 16.0
0.0 55.866642 0.071 0.0 17.0
1.6163086 58.96168 0.071 0.0 17.0
0.0 55.866642 0.072 63.0 17.0
0.0 59.358307 0.072 63.0 17.0
0.0 59.358307 0.073 0.0 18.0
1.6163086 62.453346 0.073 0.0 18.0
0.0 59.358307 0.074 62.0 18.0
0.0 62.84997 0.074 62.0 18.0
0.0 62.84997 0.075 7.0 19.0
1.6163086 65.945015 0.075 7.0 19.0
1.6163086 65.945015 0.076 0.0 20.0
4.481726 67.940285 0.076 0.0 20.0
1.6163086 65.945015 0.077 6.0 20.0
3.2326171 69.040054 0.077 6.0 20.0
3.2326171 69.040054 0.078 0.0 21.0
6.098035 71.035324 0.078 0.0 21.0
3.2326171 69.040054 0.079 5.0 21.0
4.8489256 72.13509 0.079 5.0 21.0
4.8489256 72.13509 0.080 1.0 22.0
7.714343 74.13036 0.080 1.0 22.0
7.714343 74.13036 0.081 0.0 23.0
11.177893 74.57257 0.081 0.0 23.0
7.714343 74.13036 0.082 0.0 23.0
10.579761 76.12563 0.082 0.0 23.0
10.579761 76.12563 0.083 0.0 24.0
14.04331 76.56784 0.083 0.0 24.0
10.579761 76.12563 0.084 0.0 24.0
13.445178 78.1209 0.084 0.0 24.0
4.8489256 72.13509 0.085 4.0 22.0
6.4652343 75.23013 0.085 4.0 22.0
6.4652343 75.23013 0.086 0.0 23.0
9.330652 77.2254 0.086 0.0 23.0
6.4652343 75.23013 0.087 3.0 23.0
8.081543 78.32517 0.087 3.0 23.0
8.081543 78.32517 0.088 0.0 24.0
10.94696 80.32044 0.088 0.0 24.0
8.081543 78.32517 0.089 2.0 24.0
9.697851 81.42021 0.089 2.0 24.0
9.697851 81.42021 0.090 1.0 25.0
12.563269 83.41548 0.090 1.0 25.0
12.563269 83.41548 0.091 0.0 26.0
16.02682 83.85769 0.091 0.0 26.0
12.563269 83.41548 0.092 0.0 26.0
15.428686 85.41075 0.092 0.0 26.0
15.428686 85.41075 0.093 0.0 27.0
18.892237 85.85296 0.093 0.0 27.0
15.428686 85.41075 0.094 0.0 27.0
18.294104 87.40602 0.094 0.0 27.0
9.697851 81.42021 0.095 1.0 25.0
11.314159 84.51525 0.095 1.0 25.0
11.314159 84.51525 0.096 0.0 26.0
14.179577 86.51052 0.096 0.0 26.0
11.314159 84.51525 0.097 0.0 26.0
12.930468 87.61029 0.097 0.0 26.0
12.930468 87.61029 0.098 0.0 27.0
15.795885 89.60556 0.098 0.0 27.0
12.930468 87.61029 0.099 0.0 27.0
14.546776 90.70533 0.099 0.0 27.0
0.0 62.84997 0.0100 61.0 19.0
0.0 66.34164 0.0100 61.0 19.0
0.0 66.34164 0.0101 0.0 20.0
1.6163086 69.436676 0.0101 0.0 20.0
0.0 66.34164 0.0102 60.0 20.0
0.0 69.833305 0.0102 60.0 20.0
0.0 69.833305 0.0103 0.0 21.0
1.6163086 72.928345 0.0103 0.0 21.0
0.0 69.833305 0.0104 59.0 21.0
0.0 73.324974 0.0104 59.0 21.0
0.0 73.324974 0.0105 1.0 22.0
1.6163086 76.42001 0.0105 1.0 22.0
1.6163086 76.42001 0.0106 0.0 23.0
4.481726 78.41528 0.0106 0.0 23.0
1.6163086 76.42001 0.0107 0.0 23.0
3.2326171 79.51505 0.0107 0.0 23.0
3.2326171 79.51505 0.0108 0.0 24.0
6.098035 81.51032 0.0108 0.0 24.0
3.2326171 79.51505 0.0109 0.0 24.0
4.8489256 82.61009 0.0109 0.0 24.0
0.0 73.324974 0.0110 58.0 22.0
0.0 76.81664 0.0110 58.0 22.0
0.0 76.81664 0.0111 0.0 23.0
1.6163086 79.91168 0.0111 0.0 23.0
0.0 76.81664 0.0112 57.0 23.0
0.0 80.30831 0.0112 57.0 23.0
0.0 80.30831 0.0113 0.0 24.0
1.6163086 83.40335 0.0113 0.0 24.0
0.0 80.30831 0.0114 56.0 24.0
0.0 83.79998 0.0114 56.0 24.0
0.0 83.79998 0.0115 1.0 25.0
1.6163086 86.89502 0.0115 1.0 25.0
1.6163086 86.89502 0.0116 0.0 26.0
4.481726 88.89029 0.0116 0.0 26.0
1.6163086 86.89502 0.0117 0.0 26.0
3.2326171 89.99006 0.0117 0.0 26.0
3.2326171 89.99006 0.0118 0.0 27.0
6.098035 91.98533 0.0118 0.0 27.0
3.2326171 89.99006 0.0119 0.0 27.0
4.8489256 93.0851 0.0119 0.0 27.0
0.0 83.79998 0.0120 55.0 25.0
0.0 87.29165 0.0120 55.0 25.0
0.0 87.29165 0.0121 0.0 26.0
1.6163086 90.38669 0.0121 0.0 26.0
0.0 87.29165 0.0122 54.0 26.0
0.0 90.78332 0.0122 54.0 26.0
0.0 90.78332 0.0123 0.0 27.0
1.6163086 93.87836 0.0123 0.0 27.0
0.0 90.78332 0.0124 53.0 27.0
0.0 94.27499 0.0124 53.0 27.0
0.0 94.27499 0.0125 25.0 28.0
1.6163086 97.370026 0.0125 25.0 28.0
1.6163086 97.370026 0.0126 0.0 29.0
4.481726 99.365295 0.0126 0.0 29.0
1.6163086 97.370026 0.0127 24.0 29.0
3.2326171 100.465065 0.0127 24.0 29.0
3.2326171 100.465065 0.0128 0.0 30.0
6.098035 102.460335 0.0128 0.0 30.0
3.2326171 100.465065 0.0129 23.0 30.0
4.8489256 103.560104 0.0129 23.0 30.0
4.8489256 103.560104 0.0130 1.0 31.0
7.714343 105.555374 0.0130 1.0 31.0
7.714343 105.555374 0.0131 0.0 32.0
11.177893 105.99758 0.0131 0.0 32.0
7.714343 105.555374 0.0132 0.0 32.0
10.579761 107.550644 0.0132 0.0 32.0
10.579761 107.550644 0.0133 0.0 33.0
14.04331 107.99285 0.0133 0.0 33.0
10.579761 107.550644 0.0134 0.0 33.0
13.445178 109.54591 0.0134 0.0 33.0
4.8489256 103.560104 0.0135 22.0 31.0
6.4652343 106.65514 0.0135 22.0 31.0
6.4652343 106.65514 0.0136 0.0 32.0
9.330652 108.65041 0.0136 0.0 32.0
6.4652343 106.65514 0.0137 21.0 32.0
8.081543 109.75018 0.0137 21.0 32.0
8.081543 109.75018 0.0138 0.0 33.0
10.94696 111.74545 0.0138 0.0 33.0
8.081543 109.75018 0.0139 20.0 33.0
9.697851 112.84522 0.0139 20.0 33.0
9.697851 112.84522 0.0140 1.0 34.0
12.563269 114.84049 0.0140 1.0 34.0
12.563269 114.84049 0.0141 0.0 35.0
16.02682 115.2827 0.0141 0.0 35.0
12.563269 114.84049 0.0142 0.0 35.0
15.428686 116.83576 0.0142 0.0 35.0
15.428686 116.83576 0.0143 0.0 36.0
18.892237 117.27797 0.0143 0.0 36.0
15.428686 116.83576 0.0144 0.0 36.0
18.294104 118.83103 0.0144 0.0 36.0
9.697851 112.84522 0.0145 19.0 34.0
11.314159 115.94026 0.0145 19.0 34.0
11.314159 115.94026 0.0146 0.0 35.0
14.179577 117.93553 0.0146 0.0 35.0
11.314159 115.94026 0.0147 18.0 35.0
12.930468 119.0353 0.0147 18.0 35.0
12.930468 119.0353 0.0148 0.0 36.0
15.795885 121.03057 0.0148 0.0 36.0
12.930468 119.0353 0.0149 17.0 36.0
14.546776 122.13034 0.0149 17.0 36.0
14.546776 122.13034 0.0150 7.0 37.0
14.546776 125.62201 0.0150 7.0 37.0
14.546776 125.62201 0.0151 0.0 38.0
16.163084 128.71706 0.0151 0.0 38.0
14.546776 125.62201 0.0152 6.0 38.0
14.546776 129.11368 0.0152 6.0 38.0
14.546776 129.11368 0.0153 0.0 39.0
16.163084 132.20872 0.0153 0.0 39.0
14.546776 129.11368 0.0154 5.0 39.0
14.546776 132.60535 0.0154 5.0 39.0
14.546776 132.60535 0.0155 1.0 40.0
16.163084 135.7004 0.0155 1.0 40.0
16.163084 135.7004 0.0156 0.0 41.0
19.028502 137.69566 0.0156 0.0 41.0
16.163084 135.7004 0.0157 0.0 41.0
17.779392 138.79544 0.0157 0.0 41.0
17.779392 138.79544 0.0158 0.0 42.0
20.64481 140.79071 0.0158 0.0 42.0
17.779392 138.79544 0.0159 0.0 42.0
19.3957 141.89049 0.0159 0.0 42.0
14.546776 132.60535 0.0160 4.0 40.0
14.546776 136.09702 0.0160 4.0 40.0
14.546776 136.09702 0.0161 0.0 41.0
16.163084 139.19206 0.0161 0.0 41.0
14.546776 136.09702 0.0162 3.0 41.0
14.546776 139.58868 0.0162 3.0 41.0
14.546776 139.58868 0.0163 0.0 42.0
16.163084 142.68373 0.0163 0.0 42.0
14.546776 139.58868 0.0164 2.0 42.0
14.546776 143.08035 0.0164 2.0 42.0
14.546776 143.08035 0.0165 1.0 43.0
16.163084 146.1754 0.0165 1.0 43.0
16.163084 146.1754 0.0166 0.0 44.0
19.028502 148.17067 0.0166 0.0 44.0
16.163084 146.1754 0.0167 0.0 44.0
17.779392 149.27045 0.0167 0.0 44.0
17.779392 149.27045 0.0168 0.0 45.0
20.64481 151.26572 0.0168 0.0 45.0
17.779392 149.27045 0.0169 0.0 45.0
19.3957 152.3655 0.0169 0.0 45.0
14.546776 143.08035 0.0170 1.0 43.0
14.546776 146.57202 0.0170 1.0 43.0
14.546776 146.57202 0.0171 0.0 44.0
16.163084 149.66707 0.0171 0.0 44.0
14.546776 146.57202 0.0172 0.0 44.0
14.546776 150.06369 0.0172 0.0 44.0
14.546776 150.06369 0.0173 0.0 45.0
16.163084 153.15874 0.0173 0.0 45.0
14.546776 150.06369 0.0174 0.0 45.0
14.546776 153.55536 0.0174 0.0 45.0
14.546776 122.13034 0.0175 16.0 37.0
16.163084 125.22538 0.0175 16.0 37.0
16.163084 125.22538 0.0176 0.0 38.0
19.028502 127.22065 0.0176 0.0 38.0
16.163084 125.22538 0.0177 15.0 38.0
17.779392 128.32042 0.0177 15.0 38.0
17.779392 128.32042 0.0178 0.0 39.0
20.64481 130.31569 0.0178 0.0 39.0
17.779392 128.32042 0.0179 14.0 39.0
19.3957 131.41547 0.0179 14.0 39.0
19.3957 131.41547 0.0180 1.0 40.0
22.261118 133.41074 0.0180 1.0 40.0
22.261118 133.41074 0.0181 0.0 41.0
25.724669 133.85295 0.0181 0.0 41.0
22.261118 133.41074 0.0182 0.0 41.0
25.126535 135.406 0.0182 0.0 41.0
25.126535 135.406 0.0183 0.0 42.0
28.590086 135.84822 0.0183 0.0 42.0
25.126535 135.406 0.0184 0.0 42.0
27.991953 137.40128 0.0184 0.0 42.0
19.3957 131.41547 0.0185 13.0 40.0
21.012009 134.51051 0.0185 13.0 40.0
21.012009 134.51051 0.0186 0.0 41.0
23.877426 136.50578 0.0186 0.0 41.0
21.012009 134.51051 0.0187 12.0 41.0
22.628317 137.60556 0.0187 12.0 41.0
22.628317 137.60556 0.0188 0.0 42.0
25.493734 139.60083 0.0188 0.0 42.0
22.628317 137.60556 0.0189 11.0 42.0
24.244625 140.7006 0.0189 11.0 42.0
24.244625 140.7006 0.0190 1.0 43.0
27.110043 142.69588 0.0190 1.0 43.0
27.110043 142.69588 0.0191 0.0 44.0
30.573593 143.13809 0.0191 0.0 44.0
27.110043 142.69588 0.0192 0.0 44.0
29.97546 144.69115 0.0192 0.0 44.0
29.97546 144.69115 0.0193 0.0 45.0
33.43901 145.13336 0.0193 0.0 45.0
29.97546 144.69115 0.0194 0.0 45.0
32.840878 146.68642 0.0194 0.0 45.0
24.244625 140.7006 0.0195 10.0 43.0
25.860933 143.79565 0.0195 10.0 43.0
25.860933 143.79565 0.0196 0.0 44.0
28.72635 145.79092 0.0196 0.0 44.0
25.860933 143.79565 0.0197 9.0 44.0
27.477242 146.8907 0.0197 9.0 44.0
27.477242 146.8907 0.0198 0.0 45.0
30.342659 148.88597 0.0198 0.0 45.0
27.477242 146.8907 0.0199 8.0 45.0
29.09355 149.98575 0.0199 8.0 45.0
29.09355 149.98575 0.0200 7.0 46.0
31.958967 151.98102 0.0200 7.0 46.0
31.958967 151.98102 0.0201 0.0 47.0
35.422516 152.42323 0.0201 0.0 47.0
31.958967 151.98102 0.0202 6.0 47.0
34.824387 153.97629 0.0202 6.0 47.0
34.824387 153.97629 0.0203 0.0 48.0
38.287937 154.4185 0.0203 0.0 48.0
34.824387 153.97629 0.0204 5.0 48.0
37.689804 155.97156 0.0204 5.0 48.0
37.689804 155.97156 0.0205 1.0 49.0
41.153355 156.41377 0.0205 1.0 49.0
41.153355 156.41377 0.0206 0.0 50.0
44.428173 155.20245 0.0206 0.0 50.0
41.153355 156.41377 0.0207 0.0 50.0
44.616905 156.85599 0.0207 0.0 50.0
44.616905 156.85599 0.0208 0.0 51.0
47.891724 155.64467 0.0208 0.0 51.0
44.616905 156.85599 0.0209 0.0 51.0
48.080456 157.2982 0.0209 0.0 51.0
37.689804 155.97156 0.0210 4.0 49.0
40.55522 157.96683 0.0210 4.0 49.0
40.55522 157.96683 0.0211 0.0 50.0
44.018772 158.40904 0.0211 0.0 50.0
40.55522 157.96683 0.0212 3.0 50.0
43.42064 159.9621 0.0212 3.0 50.0
43.42064 159.9621 0.0213 0.0 51.0
46.88419 160.40431 0.0213 0.0 51.0
43.42064 159.9621 0.0214 2.0 51.0
46.286057 161.95737 0.0214 2.0 51.0
46.286057 161.95737 0.0215 1.0 52.0
49.749607 162.39958 0.0215 1.0 52.0
49.749607 162.39958 0.0216 0.0 53.0
53.024426 161.18826 0.0216 0.0 53.0
49.749607 162.39958 0.0217 0.0 53.0
53.213158 162.8418 0.0217 0.0 53.0
53.213158 162.8418 0.0218 0.0 54.0
56.487976 161.63048 0.0218 0.0 54.0
53.213158 162.8418 0.0219 0.0 54.0
56.67671 163.28401 0.0219 0.0 54.0
46.286057 161.95737 0.0220 1.0 52.0
49.151474 163.95264 0.0220 1.0 52.0
49.151474 163.95264 0.0221 0.0 53.0
52.615025 164.39485 0.0221 0.0 53.0
49.151474 163.95264 0.0222 0.0 53.0
52.01689 165.9479 0.0222 0.0 53.0
52.01689 165.9479 0.0223 0.0 54.0
55.480442 166.39012 0.0223 0.0 54.0
52.01689 165.9479 0.0224 0.0 54.0
54.88231 167.94318 0.0224 0.0 54.0
29.09355 149.98575 0.0225 7.0 46.0
30.709858 153.0808 0.0225 7.0 46.0
30.709858 153.0808 0.0226 0.0 47.0
33.575275 155.07607 0.0226 0.0 47.0
30.709858 153.0808 0.0227 6.0 47.0
32.326168 156.17584 0.0227 6.0 47.0
32.326168 156.17584 0.0228 0.0 48.0
35.191586 158.17111 0.0228 0.0 48.0
32.326168 156.17584 0.0229 5.0 48.0
33.94248 159.27089 0.0229 5.0 48.0
33.94248 159.27089 0.0230 1.0 49.0
36.807896 161.26616 0.0230 1.0 49.0
36.807896 161.26616 0.0231 0.0 50.0
40.271446 161.70837 0.0231 0.0 50.0
36.807896 161.26616 0.0232 0.0 50.0
39.673313 163.26143 0.0232 0.0 50.0
39.673313 163.26143 0.0233 0.0 51.0
43.136864 163.70364 0.0233 0.0 51.0
39.673313 163.26143 0.0234 0.0 51.0
42.53873 165.2567 0.0234 0.0 51.0
33.94248 159.27089 0.0235 4.0 49.0
35.55879 162.36594 0.0235 4.0 49.0
35.55879 162.36594 0.0236 0.0 50.0
38.424206 164.3612 0.0236 0.0 50.0
35.55879 162.36594 0.0237 3.0 50.0
37.1751 165.46098 0.0237 3.0 50.0
37.1751 165.46098 0.0238 0.0 51.0
40.040516 167.45625 0.0238 0.0 51.0
37.1751 165.46098 0.0239 2.0 51.0
38.79141 168.55603 0.0239 2.0 51.0
38.79141 168.55603 0.0240 1.0 52.0
41.656826 170.5513 0.0240 1.0 52.0
41.656826 170.5513 0.0241 0.0 53.0
45.120377 170.99352 0.0241 0.0 53.0
41.656826 170.5513 0.0242 0.0 53.0
44.522243 172.54657 0.0242 0.0 53.0
44.522243 172.54657 0.0243 0.0 54.0
47.985794 172.98878 0.0243 0.0 54.0
44.522243 172.54657 0.0244 0.0 54.0
47.38766 174.54184 0.0244 0.0 54.0
38.79141 168.55603 0.0245 1.0 52.0
40.40772 171.65108 0.0245 1.0 52.0
40.40772 171.65108 0.0246 0.0 53.0
43.273136 173.64635 0.0246 0.0 53.0
40.40772 171.65108 0.0247 0.0 53.0
42.02403 174.74612 0.0247 0.0 53.0
42.02403 174.74612 0.0248 0.0 54.0
44.889446 176.7414 0.0248 0.0 54.0
42.02403 174.74612 0.0249 0.0 54.0
43.64034 177.84117 0.0249 0.0 54.0
0.0 94.27499 0.0250 52.0 28.0
0.0 97.766655 0.0250 52.0 28.0
0.0 97.766655 0.0251 0.0 29.0
1.6163086 100.861694 0.0251 0.0 29.0
0.0 97.766655 0.0252 51.0 29.0
0.0 101.25832 0.0252 51.0 29.0
0.0 101.25832 0.0253 0.0 30.0
1.6163086 104.35336 0.0253 0.0 30.0
0.0 101.25832 0.0254 50.0 30.0
0.0 104.74999 0.0254 50.0 30.0
0.0 104.74999 0.0255 1.0 31.0
1.6163086 107.84503 0.0255 1.0 31.0
1.6163086 107.84503 0.0256 0.0 32.0
4.481726 109.8403 0.0256 0.0 32.0
1.6163086 107.84503 0.0257 0.0 32.0
3.2326171 110.94007 0.0257 0.0 32.0
3.2326171 110.94007 0.0258 0.0 33.0
6.098035 112.93534 0.0258 0.0 33.0
3.2326171 110.94007 0.0259 0.0 33.0
4.8489256 114.03511 0.0259 0.0 33.0
0.0 104.74999 0.0260 49.0 31.0
0.0 108.24166 0.0260 49.0 31.0
0.0 108.24166 0.0261 0.0 32.0
1.6163086 111.3367 0.0261 0.0 32.0
0.0 108.24166 0.0262 48.0 32.0
0.0 111.73333 0.0262 48.0 32.0
0.0 111.73333 0.0263 0.0 33.0
1.6163086 114.82837 0.0263 0.0 33.0
0.0 111.73333 0.0264 47.0 33.0
0.0 115.225 0.0264 47.0 33.0
0.0 115.225 0.0265 1.0 34.0
1.6163086 118.32004 0.0265 1.0 34.0
1.6163086 118.32004 0.0266 0.0 35.0
4.481726 120.31531 0.0266 0.0 35.0
1.6163086 118.32004 0.0267 0.0 35.0
3.2326171 121.41508 0.0267 0.0 35.0
3.2326171 121.41508 0.0268 0.0 36.0
6.098035 123.41035 0.0268 0.0 36.0
3.2326171 121.41508 0.0269 0.0 36.0
4.8489256 124.51012 0.0269 0.0 36.0
0.0 115.225 0.0270 46.0 34.0
0.0 118.71667 0.0270 46.0 34.0
0.0 118.71667 0.0271 0.0 35.0
1.6163086 121.81171 0.0271 0.0 35.0
0.0 118.71667 0.0272 45.0 35.0
0.0 122.208336 0.0272 45.0 35.0
0.0 122.208336 0.0273 0.0 36.0
1.6163086 125.303375 0.0273 0.0 36.0
0.0 122.208336 0.0274 44.0 36.0
0.0 125.700005 0.0274 44.0 36.0
0.0 125.700005 0.0275 7.0 37.0
-1.6163086 128.79504 0.0275 7.0 37.0
-1.6163086 128.79504 0.0276 0.0 38.0
-1.6163086 132.28671 0.0276 0.0 38.0
-1.6163086 128.79504 0.0277 6.0 38.0
-3.2326171 131.89009 0.0277 6.0 38.0
-3.2326171 131.89009 0.0278 0.0 39.0
-3.2326171 135.38176 0.0278 0.0 39.0
-3.2326171 131.89009 0.0279 5.0 39.0
-4.8489256 134.98514 0.0279 5.0 39.0
-4.8489256 134.98514 0.0280 1.0 40.0
-4.8489256 138.4768 0.0280 1.0 40.0
-4.8489256 138.4768 0.0281 0.0 41.0
-3.232617 141.57185 0.0281 0.0 41.0
-4.8489256 138.4768 0.0282 0.0 41.0
-4.8489256 141.96848 0.0282 0.0 41.0
-4.8489256 141.96848 0.0283 0.0 42.0
-3.232617 145.06352 0.0283 0.0 42.0
-4.8489256 141.96848 0.0284 0.0 42.0
-4.8489256 145.46014 0.0284 0.0 42.0
-4.8489256 134.98514 0.0285 4.0 40.0
-6.4652343 138.08018 0.0285 4.0 40.0
-6.4652343 138.08018 0.0286 0.0 41.0
-6.4652343 141.57185 0.0286 0.0 41.0
-6.4652343 138.08018 0.0287 3.0 41.0
-8.081543 141.17523 0.0287 3.0 41.0
-8.081543 141.17523 0.0288 0.0 42.0
-8.081543 144.6669 0.0288 0.0 42.0
-8.081543 141.17523 0.0289 2.0 42.0
-9.697851 144.27028 0.0289 2.0 42.0
-9.697851 144.27028 0.0290 1.0 43.0
-9.697851 147.76195 0.0290 1.0 43.0
-9.697851 147.76195 0.0291 0.0 44.0
-8.081543 150.857 0.0291 0.0 44.0
-9.697851 147.76195 0.0292 0.0 44.0
-9.697851 151.25362 0.0292 0.0 44.0
-9.697851 151.25362 0.0293 0.0 45.0
-8.081543 154.34866 0.0293 0.0 45.0
-9.697851 151.25362 0.0294 0.0 45.0
-9.697851 154.74529 0.0294 0.0 45.0
-9.697851 144.27028 0.0295 1.0 43.0
-11.314159 147.36533 0.0295 1.0 43.0
-11.314159 147.36533 0.0296 0.0 44.0
-11.314159 150.857 0.0296 0.0 44.0
-11.314159 147.36533 0.0297 0.0 44.0
-12.930468 150.46037 0.0297 0.0 44.0
-12.930468 150.46037 0.0298 0.0 45.0
-12.930468 153.95204 0.0298 0.0 45.0
-12.930468 150.46037 0.0299 0.0 45.0
-14.546776 153.55542 0.0299 0.0 45.0
0.0 125.700005 0.0300 43.0 37.0
0.0 129.19167 0.0300 43.0 37.0
0.0 129.19167 0.0301 0.0 38.0
1.6163086 132.28671 0.0301 0.0 38.0
0.0 129.19167 0.0302 42.0 38.0
0.0 132.68333 0.0302 42.0 38.0
0.0 132.68333 0.0303 0.0 39.0
1.6163086 135.77838 0.0303 0.0 39.0
0.0 132.68333 0.0304 41.0 39.0
0.0 136.175 0.0304 41.0 39.0
0.0 136.175 0.0305 1.0 40.0
1.6163086 139.27005 0.0305 1.0 40.0
1.6163086 139.27005 0.0306 0.0 41.0
4.481726 141.26532 0.0306 0.0 41.0
1.6163086 139.27005 0.0307 0.0 41.0
3.2326171 142.3651 0.0307 0.0 41.0
3.2326171 142.3651 0.0308 0.0 42.0
6.098035 144.36037 0.0308 0.0 42.0
3.2326171 142.3651 0.0309 0.0 42.0
4.8489256 145.46014 0.0309 0.0 42.0
0.0 136.175 0.0310 40.0 40.0
0.0 139.66667 0.0310 40.0 40.0
0.0 139.66667 0.0311 0.0 41.0
1.6163086 142.76172 0.0311 0.0 41.0
0.0 139.66667 0.0312 39.0 41.0
0.0 143.15834 0.0312 39.0 41.0
0.0 143.15834 0.0313 0.0 42.0
1.6163086 146.25339 0.0313 0.0 42.0
0.0 143.15834 0.0314 38.0 42.0
0.0 146.65001 0.0314 38.0 42.0
0.0 146.65001 0.0315 1.0 43.0
1.6163086 149.74506 0.0315 1.0 43.0
1.6163086 149.74506 0.0316 0.0 44.0
4.481726 151.74033 0.0316 0.0 44.0
1.6163086 149.74506 0.0317 0.0 44.0
3.2326171 152.8401 0.0317 0.0 44.0
3.2326171 152.8401 0.0318 0.0 45.0
6.098035 154.83537 0.0318 0.0 45.0
3.2326171 152.8401 0.0319 0.0 45.0
4.8489256 155.93515 0.0319 0.0 45.0
0.0 146.65001 0.0320 37.0 43.0
0.0 150.14168 0.0320 37.0 43.0
0.0 150.14168 0.0321 0.0 44.0
1.6163086 153.23672 0.0321 0.0 44.0
0.0 150.14168 0.0322 36.0 44.0
0.0 153.63335 0.0322 36.0 44.0
0.0 153.63335 0.0323 0.0 45.0
1.6163086 156.7284 0.0323 0.0 45.0
0.0 153.63335 0.0324 35.0 45.0
0.0 157.12502 0.0324 35.0 45.0
0.0 157.12502 0.0325 7.0 46.0
1.6163086 160.22006 0.0325 7.0 46.0
1.6163086 160.22006 0.0326 0.0 47.0
4.481726 162.21533 0.0326 0.0 47.0
1.6163086 160.22006 0.0327 6.0 47.0
3.2326171 163.31511 0.0327 6.0 47.0
3.2326171 163.31511 0.0328 0.0 48.0
6.098035 165.31038 0.0328 0.0 48.0
3.2326171 163.31511 0.0329 5.0 48.0
4.8489256 166.41016 0.0329 5.0 48.0
4.8489256 166.41016 0.0330 1.0 49.0
7.714343 168.40543 0.0330 1.0 49.0
7.714343 168.40543 0.0331 0.0 50.0
11.177893 168.84764 0.0331 0.0 50.0
7.714343 168.40543 0.0332 0.0 50.0
10.579761 170.4007 0.0332 0.0 50.0
10.579761 170.4007 0.0333 0.0 51.0
14.04331 170.84291 0.0333 0.0 51.0
10.579761 170.4007 0.0334 0.0 51.0
13.445178 172.39597 0.0334 0.0 51.0
4.8489256 166.41016 0.0335 4.0 49.0
6.4652343 169.5052 0.0335 4.0 49.0
6.4652343 169.5052 0.0336 0.0 50.0
9.330652 171.50047 0.0336 0.0 50.0
6.4652343 169.5052 0.0337 3.0 50.0
8.081543 172.60025 0.0337 3.0 50.0
8.081543 172.60025 0.0338 0.0 51.0
10.94696 174.59552 0.0338 0.0 51.0
8.081543 172.60025 0.0339 2.0 51.0
9.697851 175.6953 0.0339 2.0 51.0
9.697851 175.6953 0.0340 1.0 52.0
12.563269 177.69057 0.0340 1.0 52.0
12.563269 177.69057 0.0341 0.0 53.0
16.02682 178.13278 0.0341 0.0 53.0
12.563269 177.69057 0.0342 0.0 53.0
15.428686 179.68584 0.0342 0.0 53.0
15.428686 179.68584 0.0343 0.0 54.0
18.892237 180.12805 0.0343 0.0 54.0
15.428686 179.68584 0.0344 0.0 54.0
18.294104 181.6811 0.0344 0.0 54.0
9.697851 175.6953 0.0345 1.0 52.0
11.314159 178.79034 0.0345 1.0 52.0
11.314159 178.79034 0.0346 0.0 53.0
14.179577 180.78561 0.0346 0.0 53.0
11.314159 178.79034 0.0347 0.0 53.0
12.930468 181.88539 0.0347 0.0 53.0
12.930468 181.88539 0.0348 0.0 54.0
15.795885 183.88066 0.0348 0.0 54.0
12.930468 181.88539 0.0349 0.0 54.0
14.546776 184.98044 0.0349 0.0 54.0
0.0 157.12502 0.0350 34.0 46.0
0.0 160.61668 0.0350 34.0 46.0
0.0 160.61668 0.0351 0.0 47.0
1.6163086 163.71173 0.0351 0.0 47.0
0.0 160.61668 0.0352 33.0 47.0
0.0 164.10835 0.0352 33.0 47.0
0.0 164.10835 0.0353 0.0 48.0
1.6163086 167.2034 0.0353 0.0 48.0
0.0 164.10835 0.0354 32.0 48.0
0.0 167.60002 0.0354 32.0 48.0
0.0 167.60002 0.0355 1.0 49.0
1.6163086 170.69507 0.0355 1.0 49.0
1.6163086 170.69507 0.0356 0.0 50.0
4.481726 172.69034 0.0356 0.0 50.0
1.6163086 170.69507 0.0357 0.0 50.0
3.2326171 173.79012 0.0357 0.0 50.0
3.2326171 173.79012 0.0358 0.0 51.0
6.098035 175.78539 0.0358 0.0 51.0
3.2326171 173.79012 0.0359 0.0 51.0
4.8489256 176.88516 0.0359 0.0 51.0
0.0 167.60002 0.0360 31.0 49.0
0.0 171.09169 0.0360 31.0 49.0
0.0 171.09169 0.0361 0.0 50.0
1.6163086 174.18674 0.0361 0.0 50.0
0.0 171.09169 0.0362 30.0 50.0
0.0 174.58336 0.0362 30.0 50.0
0.0 174.58336 0.0363 0.0 51.0
1.6163086 177.6784 0.0363 0.0 51.0
0.0 174.58336 0.0364 29.0 51.0
0.0 178.07503 0.0364 29.0 51.0
0.0 178.07503 0.0365 1.0 52.0
1.6163086 181.17007 0.0365 1.0 52.0
1.6163086 181.17007 0.0366 0.0 53.0
4.481726 183.16534 0.0366 0.0 53.0
1.6163086 181.17007 0.0367 0.0 53.0
3.2326171 184.26512 0.0367 0.0 53.0
3.2326171 184.26512 0.0368 0.0 54.0
6.098035 186.26039 0.0368 0.0 54.0
3.2326171 184.26512 0.0369 0.0 54.0
4.8489256 187.36017 0.0369 0.0 54.0
0.0 178.07503 0.0370 28.0 52.0
0.0 181.5667 0.0370 28.0 52.0
0.0 181.5667 0.0371 0.0 53.0
1.6163086 184.66174 0.0371 0.0 53.0
0.0 181.5667 0.0372 27.0 53.0
0.0 185.05836 0.0372 27.0 53.0
0.0 185.05836 0.0373 0.0 54.0
1.6163086 188.15341 0.0373 0.0 54.0
0.0 185.05836 0.0374 26.0 54.0
0.0 188.55003 0.0374 26.0 54.0
0.0 188.55003 0.0375 25.0 55.0
-1.6163086 191.64508 0.0375 25.0 55.0
-1.6163086 191.64508 0.0376 0.0 56.0
-1.6163086 195.13675 0.0376 0.0 56.0
-1.6163086 191.64508 0.0377 24.0 56.0
-3.2326171 194.74013 0.0377 24.0 56.0
-3.2326171 194.74013 0.0378 0.0 57.0
-3.2326171 198.2318 0.0378 0.0 57.0
-3.2326171 194.74013 0.0379 23.0 57.0
-4.8489256 197.83517 0.0379 23.0 57.0
-4.8489256 197.83517 0.0380 1.0 58.0
-4.8489256 201.32684 0.0380 1.0 58.0
-4.8489256 201.32684 0.0381 0.0 59.0
-3.232617 204.42189 0.0381 0.0 59.0
-4.8489256 201.32684 0.0382 0.0 59.0
-4.8489256 204.81851 0.0382 0.0 59.0
-4.8489256 204.81851 0.0383 0.0 60.0
-3.232617 207.91356 0.0383 0.0 60.0
-4.8489256 204.81851 0.0384 0.0 60.0
-4.8489256 208.31018 0.0384 0.0 60.0
-4.8489256 197.83517 0.0385 22.0 58.0
-6.4652343 200.93022 0.0385 22.0 58.0
-6.4652343 200.93022 0.0386 0.0 59.0
-6.4652343 204.42189 0.0386 0.0 59.0
-6.4652343 200.93022 0.0387 21.0 59.0
-8.081543 204.02527 0.0387 21.0 59.0
-8.081543 204.02527 0.0388 0.0 60.0
-8.081543 207.51694 0.0388 0.0 60.0
-8.081543 204.02527 0.0389 20.0 60.0
-9.697851 207.12032 0.0389 20.0 60.0
-9.697851 207.12032 0.0390 1.0 61.0
-9.697851 210.61198 0.0390 1.0 61.0
-9.697851 210.61198 0.0391 0.0 62.0
-8.081543 213.70703 0.0391 0.0 62.0
-9.697851 210.61198 0.0392 0.0 62.0
-9.697851 214.10365 0.0392 0.0 62.0
-9.697851 214.10365 0.0393 0.0 63.0
-8.081543 217.1987 0.0393 0.0 63.0
-9.697851 214.10365 0.0394 0.0 63.0
-9.697851 217.59532 0.0394 0.0 63.0
-9.697851 207.12032 0.0395 19.0 61.0
-11.314159 210.21536 0.0395 19.0 61.0
-11.314159 210.21536 0.0396 0.0 62.0
-11.314159 213.70703 0.0396 0.0 62.0
-11.314159 210.21536 0.0397 18.0 62.0
-12.930468 213.31041 0.0397 18.0 62.0
-12.930468 213.31041 0.0398 0.0 63.0
-12.930468 216.80208 0.0398 0.0 63.0
-12.930468 213.31041 0.0399 17.0 63.0
-14.546776 216.40546 0.0399 17.0 63.0
-14.546776 216.40546 0.0400 7.0 64.0
-17.412193 218.40073 0.0400 7.0 64.0
-17.412193 218.40073 0.0401 0.0 65.0
-19.028502 221.49577 0.0401 0.0 65.0
-17.412193 218.40073 0.0402 6.0 65.0
-20.27761 220.396 0.0402 6.0 65.0
-20.27761 220.396 0.0403 0.0 66.0
-21.893919 223.49104 0.0403 0.0 66.0
-20.27761 220.396 0.0404 5.0 66.0
-23.143028 222.39127 0.0404 5.0 66.0
-23.143028 222.39127 0.0405 1.0 67.0
-24.759336 225.48631 0.0405 1.0 67.0
-24.759336 225.48631 0.0406 0.0 68.0
-24.759336 228.97798 0.0406 0.0 68.0
-24.759336 225.48631 0.0407 0.0 68.0
-26.375645 228.58136 0.0407 0.0 68.0
-26.375645 228.58136 0.0408 0.0 69.0
-26.375645 232.07303 0.0408 0.0 69.0
-26.375645 228.58136 0.0409 0.0 69.0
-27.991953 231.6764 0.0409 0.0 69.0
-23.143028 222.39127 0.0410 4.0 67.0
-26.008446 224.38654 0.0410 4.0 67.0
-26.008446 224.38654 0.0411 0.0 68.0
-27.624754 227.48158 0.0411 0.0 68.0
-26.008446 224.38654 0.0412 3.0 68.0
-28.873863 226.3818 0.0412 3.0 68.0
-28.873863 226.3818 0.0413 0.0 69.0
-30.490171 229.47685 0.0413 0.0 69.0
-28.873863 226.3818 0.0414 2.0 69.0
-31.73928 228.37708 0.0414 2.0 69.0
-31.73928 228.37708 0.0415 1.0 70.0
-33.35559 231.47212 0.0415 1.0 70.0
-33.35559 231.47212 0.0416 0.0 71.0
-33.35559 234.96379 0.0416 0.0 71.0
-33.35559 231.47212 0.0417 0.0 71.0
-34.9719 234.56717 0.0417 0.0 71.0
-34.9719 234.56717 0.0418 0.0 72.0
-34.9719 238.05884 0.0418 0.0 72.0
-34.9719 234.56717 0.0419 0.0 72.0
-36.58821 237.66222 0.0419 0.0 72.0
-31.73928 228.37708 0.0420 1.0 70.0
-34.6047 230.37234 0.0420 1.0 70.0
-34.6047 230.37234 0.0421 0.0 71.0
-36.22101 233.46739 0.0421 0.0 71.0
-34.6047 230.37234 0.0422 0.0 71.0
-37.470116 232.36761 0.0422 0.0 71.0
-37.470116 232.36761 0.0423 0.0 72.0
-39.086426 235.46266 0.0423 0.0 72.0
-37.470116 232.36761 0.0424 0.0 72.0
-40.335533 234.36288 0.0424 0.0 72.0
-14.546776 216.40546 0.0425 16.0 64.0
-16.163084 219.5005 0.0425 16.0 64.0
-16.163084 219.5005 0.0426 0.0 65.0
-16.163084 222.99217 0.0426 0.0 65.0
-16.163084 219.5005 0.0427 15.0 65.0
-17.779392 222.59555 0.0427 15.0 65.0
-17.779392 222.59555 0.0428 0.0 66.0
-17.779392 226.08722 0.0428 0.0 66.0
-17.779392 222.59555 0.0429 14.0 66.0
-19.3957 225.6906 0.0429 14.0 66.0
-19.3957 225.6906 0.0430 1.0 67.0
-19.3957 229.18227 0.0430 1.0 67.0
-19.3957 229.18227 0.0431 0.0 68.0
-17.779392 232.27731 0.0431 0.0 68.0
-19.3957 229.18227 0.0432 0.0 68.0
-19.3957 232.67393 0.0432 0.0 68.0
-19.3957 232.67393 0.0433 0.0 69.0
-17.779392 235.76898 0.0433 0.0 69.0
-19.3957 232.67393 0.0434 0.0 69.0
-19.3957 236.1656 0.0434 0.0 69.0
-19.3957 225.6906 0.0435 13.0 67.0
-21.012009 228.78564 0.0435 13.0 67.0
-21.012009 228.78564 0.0436 0.0 68.0
-21.012009 232.27731 0.0436 0.0 68.0
-21.012009 228.78564 0.0437 12.0 68.0
-22.628317 231.88069 0.0437 12.0 68.0
-22.628317 231.88069 0.0438 0.0 69.0
-22.628317 235.37236 0.0438 0.0 69.0
-22.628317 231.88069 0.0439 11.0 69.0
-24.244625 234.97574 0.0439 11.0 69.0
-24.244625 234.97574 0.0440 1.0 70.0
-24.244625 238.4674 0.0440 1.0 70.0
-24.244625 238.4674 0.0441 0.0 71.0
-22.628317 241.56245 0.0441 0.0 71.0
-24.244625 238.4674 0.0442 0.0 71.0
-24.244625 241.95908 0.0442 0.0 71.0
-24.244625 241.95908 0.0443 0.0 72.0
-22.628317 245.05412 0.0443 0.0 72.0
-24.244625 241.95908 0.0444 0.0 72.0
-24.244625 245.45074 0.0444 0.0 72.0
-24.244625 234.97574 0.0445 10.0 70.0
-25.860933 238.07079 0.0445 10.0 70.0
-25.860933 238.07079 0.0446 0.0 71.0
-25.860933 241.56245 0.0446 0.0 71.0
-25.860933 238.07079 0.0447 9.0 71.0
-27.477242 241.16583 0.0447 9.0 71.0
-27.477242 241.16583 0.0448 0.0 72.0
-27.477242 244.6575 0.0448 0.0 72.0
-27.477242 241.16583 0.0449 8.0 72.0
-29.09355 244.26088 0.0449 8.0 72.0
-29.09355 244.26088 0.0450 7.0 73.0
-29.09355 247.75255 0.0450 7.0 73.0
-29.09355 247.75255 0.0451 0.0 74.0
-27.477242 250.8476 0.0451 0.0 74.0
-29.09355 247.75255 0.0452 6.0 74.0
-29.09355 251.24422 0.0452 6.0 74.0
-29.09355 251.24422 0.0453 0.0 75.0
-27.477242 254.33926 0.0453 0.0 75.0
-29.09355 251.24422 0.0454 5.0 75.0
-29.09355 254.73589 0.0454 5.0 75.0
-29.09355 254.73589 0.0455 1.0 76.0
-27.477242 257.83093 0.0455 1.0 76.0
-27.477242 257.83093 0.0456 0.0 77.0
-24.611824 259.8262 0.0456 0.0 77.0
-27.477242 257.83093 0.0457 0.0 77.0
-25.860933 260.92596 0.0457 0.0 77.0
-25.860933 260.92596 0.0458 0.0 78.0
-22.995516 262.92123 0.0458 0.0 78.0
-25.860933 260.92596 0.0459 0.0 78.0
-24.244625 264.021 0.0459 0.0 78.0
-29.09355 254.73589 0.0460 4.0 76.0
-29.09355 258.22754 0.0460 4.0 76.0
-29.09355 258.22754 0.0461 0.0 77.0
-27.477242 261.32257 0.0461 0.0 77.0
-29.09355 258.22754 0.0462 3.0 77.0
-29.09355 261.7192 0.0462 3.0 77.0
-29.09355 261.7192 0.0463 0.0 78.0
-27.477242 264.81424 0.0463 0.0 78.0
-29.09355 261.7192 0.0464 2.0 78.0
-29.09355 265.21088 0.0464 2.0 78.0
-29.09355 265.21088 0.0465 1.0 79.0
-27.477242 268.3059 0.0465 1.0 79.0
-27.477242 268.3059 0.0466 0.0 80.0
-24.611824 270.30118 0.0466 0.0 80.0
-27.477242 268.3059 0.0467 0.0 80.0
-25.860933 271.40094 0.0467 0.0 80.0
-25.860933 271.40094 0.0468 0.0 81.0
-22.995516 273.3962 0.0468 0.0 81.0
-25.860933 271.40094 0.0469 0.0 81.0
-24.244625 274.49597 0.0469 0.0 81.0
-29.09355 265.21088 0.0470 1.0 79.0
-29.09355 268.70255 0.0470 1.0 79.0
-29.09355 268.70255 0.0471 0.0 80.0
-27.477242 271.79758 0.0471 0.0 80.0
-29.09355 268.70255 0.0472 0.0 80.0
-29.09355 272.1942 0.0472 0.0 80.0
-29.09355 272.1942 0.0473 0.0 81.0
-27.477242 275.28925 0.0473 0.0 81.0
-29.09355 272.1942 0.0474 0.0 81.0
-29.09355 275.68588 0.0474 0.0 81.0
-29.09355 244.26088 0.0475 7.0 73.0
-30.709858 247.35593 0.0475 7.0 73.0
-30.709858 247.35593 0.0476 0.0 74.0
-30.709858 250.8476 0.0476 0.0 74.0
-30.709858 247.35593 0.0477 6.0 74.0
-32.326168 250.45097 0.0477 6.0 74.0
-32.326168 250.45097 0.0478 0.0 75.0
-32.326168 253.94264 0.0478 0.0 75.0
-32.326168 250.45097 0.0479 5.0 75.0
-33.94248 253.54602 0.0479 5.0 75.0
-33.94248 253.54602 0.0480 1.0 76.0
-33.94248 257.0377 0.0480 1.0 76.0
-33.94248 257.0377 0.0481 0.0 77.0
-32.326168 260.13272 0.0481 0.0 77.0
-33.94248 257.0377 0.0482 0.0 77.0
-33.94248 260.52936 0.0482 0.0 77.0
-33.94248 260.52936 0.0483 0.0 78.0
-32.326168 263.6244 0.0483 0.0 78.0
-33.94248 260.52936 0.0484 0.0 78.0
-33.94248 264.02103 0.0484 0.0 78.0
-33.94248 253.54602 0.0485 4.0 76.0
-35.55879 256.64105 0.0485 4.0 76.0
-35.55879 256.64105 0.0486 0.0 77.0
-35.55879 260.13272 0.0486 0.0 77.0
-35.55879 256.64105 0.0487 3.0 77.0
-37.1751 259.73608 0.0487 3.0 77.0
-37.1751 259.73608 0.0488 0.0 78.0
-37.1751 263.22775 0.0488 0.0 78.0
-37.1751 259.73608 0.0489 2.0 78.0
-38.79141 262.83112 0.0489 2.0 78.0
-38.79141 262.83112 0.0490 1.0 79.0
-38.79141 266.32278 0.0490 1.0 79.0
-38.79141 266.32278 0.0491 0.0 80.0
-37.1751 269.41782 0.0491 0.0 80.0
-38.79141 266.32278 0.0492 0.0 80.0
-38.79141 269.81445 0.0492 0.0 80.0
-38.79141 269.81445 0.0493 0.0 81.0
-37.1751 272.9095 0.0493 0.0 81.0
-38.79141 269.81445 0.0494 0.0 81.0
-38.79141 273.30612 0.0494 0.0 81.0
-38.79141 262.83112 0.0495 1.0 79.0
-40.40772 265.92615 0.0495 1.0 79.0
-40.40772 265.92615 0.0496 0.0 80.0
-40.40772 269.41782 0.0496 0.0 80.0
-40.40772 265.92615 0.0497 0.0 80.0
-42.02403 269.02118 0.0497 0.0 80.0
-42.02403 269.02118 0.0498 0.0 81.0
-42.02403 272.51285 0.0498 0.0 81.0
-42.02403 269.02118 0.0499 0.0 81.0
-43.64034 272.1162 0.0499 0.0 81.0
0.0 188.55003 0.0500 25.0 55.0
0.0 192.0417 0.0500 25.0 55.0
0.0 192.0417 0.0501 0.0 56.0
1.6163086 195.13675 0.0501 0.0 56.0
0.0 192.0417 0.0502 24.0 56.0
0.0 195.53337 0.0502 24.0 56.0
0.0 195.53337 0.0503 0.0 57.0
1.6163086 198.62842 0.0503 0.0 57.0
0.0 195.53337 0.0504 23.0 57.0
0.0 199.02504 0.0504 23.0 57.0
0.0 199.02504 0.0505 1.0 58.0
1.6163086 202.12009 0.0505 1.0 58.0
1.6163086 202.12009 0.0506 0.0 59.0
4.481726 204.11536 0.0506 0.0 59.0
1.6163086 202.12009 0.0507 0.0 59.0
3.2326171 205.21513 0.0507 0.0 59.0
3.2326171 205.21513 0.0508 0.0 60.0
6.098035 207.2104 0.0508 0.0 60.0
3.2326171 205.21513 0.0509 0.0 60.0
4.8489256 208.31018 0.0509 0.0 60.0
0.0 199.02504 0.0510 22.0 58.0
0.0 202.51671 0.0510 22.0 58.0
0.0 202.51671 0.0511 0.0 59.0
1.6163086 205.61176 0.0511 0.0 59.0
0.0 202.51671 0.0512 21.0 59.0
0.0 206.00838 0.0512 21.0 59.0
0.0 206.00838 0.0513 0.0 60.0
1.6163086 209.10342 0.0513 0.0 60.0
0.0 206.00838 0.0514 20.0 60.0
0.0 209.50005 0.0514 20.0 60.0
0.0 209.50005 0.0515 1.0 61.0
1.6163086 212.5951 0.0515 1.0 61.0
1.6163086 212.5951 0.0516 0.0 62.0
4.481726 214.59036 0.0516 0.0 62.0
1.6163086 212.5951 0.0517 0.0 62.0
3.2326171 215.69014 0.0517 0.0 62.0
3.2326171 215.69014 0.0518 0.0 63.0
6.098035 217.68541 0.0518 0.0 63.0
3.2326171 215.69014 0.0519 0.0 63.0
4.8489256 218.78519 0.0519 0.0 63.0
0.0 209.50005 0.0520 19.0 61.0
0.0 212.99171 0.0520 19.0 61.0
0.0 212.99171 0.0521 0.0 62.0
1.6163086 216.08676 0.0521 0.0 62.0
0.0 212.99171 0.0522 18.0 62.0
0.0 216.48338 0.0522 18.0 62.0
0.0 216.48338 0.0523 0.0 63.0
1.6163086 219.57843 0.0523 0.0 63.0
0.0 216.48338 0.0524 17.0 63.0
0.0 219.97505 0.0524 17.0 63.0
0.0 219.97505 0.0525 7.0 64.0
-1.6163086 223.0701 0.0525 7.0 64.0
-1.6163086 223.0701 0.0526 0.0 65.0
-1.6163086 226.56177 0.0526 0.0 65.0
-1.6163086 223.0701 0.0527 6.0 65.0
-3.2326171 226.16515 0.0527 6.0 65.0
-3.2326171 226.16515 0.0528 0.0 66.0
-3.2326171 229.65681 0.0528 0.0 66.0
-3.2326171 226.16515 0.0529 5.0 66.0
-4.8489256 229.2602 0.0529 5.0 66.0
-4.8489256 229.2602 0.0530 1.0 67.0
-4.8489256 232.75186 0.0530 1.0 67.0
-4.8489256 232.75186 0.0531 0.0 68.0
-3.232617 235.84691 0.0531 0.0 68.0
-4.8489256 232.75186 0.0532 0.0 68.0
-4.8489256 236.24353 0.0532 0.0 68.0
-4.8489256 236.24353 0.0533 0.0 69.0
-3.232617 239.33858 0.0533 0.0 69.0
-4.8489256 236.24353 0.0534 0.0 69.0
-4.8489256 239.7352 0.0534 0.0 69.0
-4.8489256 229.2602 0.0535 4.0 67.0
-6.4652343 232.35524 0.0535 4.0 67.0
-6.4652343 232.35524 0.0536 0.0 68.0
-6.4652343 235.84691 0.0536 0.0 68.0
-6.4652343 232.35524 0.0537 3.0 68.0
-8.081543 235.45029 0.0537 3.0 68.0
-8.081543 235.45029 0.0538 0.0 69.0
-8.081543 238.94196 0.0538 0.0 69.0
-8.081543 235.45029 0.0539 2.0 69.0
-9.697851 238.54533 0.0539 2.0 69.0
-9.697851 238.54533 0.0540 1.0 70.0
-9.697851 242.037 0.0540 1.0 70.0
-9.697851 242.037 0.0541 0.0 71.0
-8.081543 245.13205 0.0541 0.0 71.0
-9.697851 242.037 0.0542 0.0 71.0
-9.697851 245.52867 0.0542 0.0 71.0
-9.697851 245.52867 0.0543 0.0 72.0
-8.081543 248.62372 0.0543 0.0 72.0
-9.697851 245.52867 0.0544 0.0 72.0
-9.697851 249.02034 0.0544 0.0 72.0
-9.697851 238.54533 0.0545 1.0 70.0
-11.314159 241.64038 0.0545 1.0 70.0
-11.314159 241.64038 0.0546 0.0 71.0
-11.314159 245.13205 0.0546 0.0 71.0
-11.314159 241.64038 0.0547 0.0 71.0
-12.930468 244.73543 0.0547 0.0 71.0
-12.930468 244.73543 0.0548 0.0 72.0
-12.930468 248.2271 0.0548 0.0 72.0
-12.930468 244.73543 0.0549 0.0 72.0
-14.546776 247.83047 0.0549 0.0 72.0
0.0 219.97505 0.0550 16.0 64.0
0.0 223.46672 0.0550 16.0 64.0
0.0 223.46672 0.0551 0.0 65.0
1.6163086 226.56177 0.0551 0.0 65.0
0.0 223.46672 0.0552 15.0 65.0
0.0 226.95839 0.0552 15.0 65.0
0.0 226.95839 0.0553 0.0 66.0
1.6163086 230.05344 0.0553 0.0 66.0
0.0 226.95839 0.0554 14.0 66.0
0.0 230.45006 0.0554 14.0 66.0
0.0 230.45006 0.0555 1.0 67.0
1.6163086 233.5451 0.0555 1.0 67.0
1.6163086 233.5451 0.0556 0.0 68.0
4.481726 235.54037 0.0556 0.0 68.0
1.6163086 233.5451 0.0557 0.0 68.0
3.2326171 236.64015 0.0557 0.0 68.0
3.2326171 236.64015 0.0558 0.0 69.0
6.098035 238.63542 0.0558 0.0 69.0
3.2326171 236.64015 0.0559 0.0 69.0
4.8489256 239.7352 0.0559 0.0 69.0
0.0 230.45006 0.0560 13.0 67.0
0.0 233.94173 0.0560 13.0 67.0
0.0 233.94173 0.0561 0.0 68.0
1.6163086 237.03677 0.0561 0.0 68.0
0.0 233.94173 0.0562 12.0 68.0
0.0 237.4334 0.0562 12.0 68.0
0.0 237.4334 0.0563 0.0 69.0
1.6163086 240.52844 0.0563 0.0 69.0
0.0 237.4334 0.0564 11.0 69.0
0.0 240.92506 0.0564 11.0 69.0
0.0 240.92506 0.0565 1.0 70.0
1.6163086 244.02011 0.0565 1.0 70.0
1.6163086 244.02011 0.0566 0.0 71.0
4.481726 246.01538 0.0566 0.0 71.0
1.6163086 244.02011 0.0567 0.0 71.0
3.2326171 247.11516 0.0567 0.0 71.0
3.2326171 247.11516 0.0568 0.0 72.0
6.098035 249.11043 0.0568 0.0 72.0
3.2326171 247.11516 0.0569 0.0 72.0
4.8489256 250.2102 0.0569 0.0 72.0
0.0 240.92506 0.0570 10.0 70.0
0.0 244.41673 0.0570 10.0 70.0
0.0 244.41673 0.0571 0.0 71.0
1.6163086 247.51178 0.0571 0.0 71.0
0.0 244.41673 0.0572 9.0 71.0
0.0 247.9084 0.0572 9.0 71.0
0.0 247.9084 0.0573 0.0 72.0
1.6163086 251.00345 0.0573 0.0 72.0
0.0 247.9084 0.0574 8.0 72.0
0.0 251.40007 0.0574 8.0 72.0
0.0 251.40007 0.0575 7.0 73.0
1.6163086 254.49512 0.0575 7.0 73.0
1.6163086 254.49512 0.0576 0.0 74.0
4.481726 256.4904 0.0576 0.0 74.0
1.6163086 254.49512 0.0577 6.0 74.0
3.2326171 257.59015 0.0577 6.0 74.0
3.2326171 257.59015 0.0578 0.0 75.0
6.098035 259.58542 0.0578 0.0 75.0
3.2326171 257.59015 0.0579 5.0 75.0
4.8489256 260.68518 0.0579 5.0 75.0
4.8489256 260.68518 0.0580 1.0 76.0
7.714343 262.68045 0.0580 1.0 76.0
7.714343 262.68045 0.0581 0.0 77.0
11.177893 263.12265 0.0581 0.0 77.0
7.714343 262.68045 0.0582 0.0 77.0
10.579761 264.67572 0.0582 0.0 77.0
10.579761 264.67572 0.0583 0.0 78.0
14.04331 265.11792 0.0583 0.0 78.0
10.579761 264.67572 0.0584 0.0 78.0
13.445178 266.671 0.0584 0.0 78.0
4.8489256 260.68518 0.0585 4.0 76.0
6.4652343 263.7802 0.0585 4.0 76.0
6.4652343 263.7802 0.0586 0.0 77.0
9.330652 265.77548 0.0586 0.0 77.0
6.4652343 263.7802 0.0587 3.0 77.0
8.081543 266.87524 0.0587 3.0 77.0
8.081543 266.87524 0.0588 0.0 78.0
10.94696 268.8705 0.0588 0.0 78.0
8.081543 266.87524 0.0589 2.0 78.0
9.697851 269.97028 0.0589 2.0 78.0
9.697851 269.97028 0.0590 1.0 79.0
12.563269 271.96555 0.0590 1.0 79.0
12.563269 271.96555 0.0591 0.0 80.0
16.02682 272.40775 0.0591 0.0 80.0
12.563269 271.96555 0.0592 0.0 80.0
15.428686 273.96082 0.0592 0.0 80.0
15.428686 273.96082 0.0593 0.0 81.0
18.892237 274.403 0.0593 0.0 81.0
15.428686 273.96082 0.0594 0.0 81.0
18.294104 275.9561 0.0594 0.0 81.0
9.697851 269.97028 0.0595 1.0 79.0
11.314159 273.0653 0.0595 1.0 79.0
11.314159 273.0653 0.0596 0.0 80.0
14.179577 275.06058 0.0596 0.0 80.0
11.314159 273.0653 0.0597 0.0 80.0
12.930468 276.16034 0.0597 0.0 80.0
12.930468 276.16034 0.0598 0.0 81.0
15.795885 278.1556 0.0598 0.0 81.0
12.930468 276.16034 0.0599 0.0 81.0
14.546776 279.25537 0.0599 0.0 81.0
0.0 251.40007 0.0600 7.0 73.0
0.0 254.89174 0.0600 7.0 73.0
0.0 254.89174 0.0601 0.0 74.0
1.6163086 257.9868 0.0601 0.0 74.0
0.0 254.89174 0.0602 6.0 74.0
0.0 258.3834 0.0602 6.0 74.0
0.0 258.3834 0.0603 0.0 75.0
1.6163086 261.47842 0.0603 0.0 75.0
0.0 258.3834 0.0604 5.0 75.0
0.0 261.87506 0.0604 5.0 75.0
0.0 261.87506 0.0605 1.0 76.0
1.6163086 264.9701 0.0605 1.0 76.0
1.6163086 264.9701 0.0606 0.0 77.0
4.481726 266.96536 0.0606 0.0 77.0
1.6163086 264.9701 0.0607 0.0 77.0
3.2326171 268.06512 0.0607 0.0 77.0
3.2326171 268.06512 0.0608 0.0 78.0
6.098035 270.0604 0.0608 0.0 78.0
3.2326171 268.06512 0.0609 0.0 78.0
4.8489256 271.16016 0.0609 0.0 78.0
0.0 261.87506 0.0610 4.0 76.0
0.0 265.36673 0.0610 4.0 76.0
0.0 265.36673 0.0611 0.0 77.0
1.6163086 268.46176 0.0611 0.0 77.0
0.0 265.36673 0.0612 3.0 77.0
0.0 268.8584 0.0612 3.0 77.0
0.0 268.8584 0.0613 0.0 78.0
1.6163086 271.95343 0.0613 0.0 78.0
0.0 268.8584 0.0614 2.0 78.0
0.0 272.35007 0.0614 2.0 78.0
0.0 272.35007 0.0615 1.0 79.0
1.6163086 275.4451 0.0615 1.0 79.0
1.6163086 275.4451 0.0616 0.0 80.0
4.481726 277.44037 0.0616 0.0 80.0
1.6163086 275.4451 0.0617 0.0 80.0
3.2326171 278.54013 0.0617 0.0 80.0
3.2326171 278.54013 0.0618 0.0 81.0
6.098035 280.5354 0.0618 0.0 81.0
3.2326171 278.54013 0.0619 0.0 81.0
4.8489256 281.63516 0.0619 0.0 81.0
0.0 272.35007 0.0620 1.0 79.0
0.0 275.84174 0.0620 1.0 79.0
0.0 275.84174 0.0621 0.0 80.0
1.6163086 278.93677 0.0621 0.0 80.0
0.0 275.84174 0.0622 0.0 80.0
0.0 279.3334 0.0622 0.0 80.0
0.0 279.3334 0.0623 0.0 81.0
1.6163086 282.42844 0.0623 0.0 81.0
0.0 279.3334 0.0624 0.0 81.0
0.0 282.82507 0.0624 0.0 81.0
