0.0 0.0 0.00 43.0 1.0
0.0 0.78172827 0.00 43.0 1.0
0.0 0.78172827 0.01 42.0 2.0
0.0 1.5634565 0.01 42.0 2.0
0.0 1.5634565 0.02 41.0 3.0
0.0 2.3451848 0.02 41.0 3.0
0.0 2.3451848 0.03 40.0 4.0
0.0 3.126913 0.03 40.0 4.0
0.0 3.126913 0.04 39.0 5.0
0.0 3.9086413 0.04 39.0 5.0
0.0 3.9086413 0.05 38.0 6.0
0.0 4.6903696 0.05 38.0 6.0
0.0 4.6903696 0.06 37.0 7.0
0.0 5.472098 0.06 37.0 7.0
0.0 5.472098 0.07 36.0 8.0
0.0 6.253826 0.07 36.0 8.0
0.0 6.253826 0.08 19.0 9.0
0.39409626 6.9289465 0.08 19.0 9.0
0.39409626 6.9289465 0.09 18.0 10.0
0.7881925 7.604067 0.09 18.0 10.0
0.7881925 7.604067 0.010 17.0 11.0
1.1822888 8.279187 0.010 17.0 11.0
1.1822888 8.279187 0.011 16.0 12.0
1.576385 8.954308 0.011 16.0 12.0
1.576385 8.954308 0.012 7.0 13.0
2.257088 9.33868 0.012 7.0 13.0
2.257088 9.33868 0.013 6.0 14.0
2.9377909 9.723053 0.013 6.0 14.0
2.9377909 9.723053 0.014 1.0 15.0
3.7194388 9.711842 0.014 1.0 15.0
3.7194388 9.711842 0.015 0.0 16.0
4.5010867 9.70063 0.015 0.0 16.0
4.5010867 9.70063 0.016 0.0 17.0
5.1817894 10.085004 0.016 0.0 17.0
2.9377909 9.723053 0.017 1.0 15.0
3.6184936 10.107427 0.017 1.0 15.0
3.6184936 10.107427 0.018 0.0 16.0
4.2991962 10.4918 0.018 0.0 16.0
4.2991962 10.4918 0.019 0.0 17.0
4.6932926 11.166921 0.019 0.0 17.0
2.9377909 9.723053 0.020 5.0 15.0
3.6184936 10.107427 0.020 5.0 15.0
3.6184936 10.107427 0.021 4.0 16.0
4.2991962 10.4918 0.021 4.0 16.0
4.2991962 10.4918 0.022 3.0 17.0
4.6932926 11.166921 0.022 3.0 17.0
4.6932926 11.166921 0.023 2.0 18.0
5.087389 11.842041 0.023 2.0 18.0
5.087389 11.842041 0.024 1.0 19.0
5.4814854 12.517161 0.024 1.0 19.0
5.4814854 12.517161 0.025 0.0 20.0
5.8755817 13.192282 0.025 0.0 20.0
5.8755817 13.192282 0.026 0.0 21.0
5.8755817 13.97401 0.026 0.0 21.0
4.2991962 10.4918 0.027 1.0 17.0
5.080844 10.480589 0.027 1.0 17.0
5.080844 10.480589 0.028 0.0 18.0
5.8624916 10.4693775 0.028 0.0 18.0
5.8624916 10.4693775 0.029 0.0 19.0
6.5431943 10.853751 0.029 0.0 19.0
1.576385 8.954308 0.030 7.0 13.0
2.358033 8.943096 0.030 7.0 13.0
2.358033 8.943096 0.031 6.0 14.0
3.1396809 8.931885 0.031 6.0 14.0
3.1396809 8.931885 0.032 1.0 15.0
3.8090794 8.528147 0.032 1.0 15.0
3.8090794 8.528147 0.033 0.0 16.0
4.478478 8.124409 0.033 0.0 16.0
4.478478 8.124409 0.034 0.0 17.0
5.2601256 8.113197 0.034 0.0 17.0
3.1396809 8.931885 0.035 1.0 15.0
3.9213288 8.920673 0.035 1.0 15.0
3.9213288 8.920673 0.036 0.0 16.0
4.7029767 8.909462 0.036 0.0 16.0
4.7029767 8.909462 0.037 0.0 17.0
5.3836794 9.293836 0.037 0.0 17.0
3.1396809 8.931885 0.038 5.0 15.0
3.9213288 8.920673 0.038 5.0 15.0
3.9213288 8.920673 0.039 4.0 16.0
4.7029767 8.909462 0.039 4.0 16.0
4.7029767 8.909462 0.040 3.0 17.0
5.3836794 9.293836 0.040 3.0 17.0
5.3836794 9.293836 0.041 2.0 18.0
6.064382 9.678209 0.041 2.0 18.0
6.064382 9.678209 0.042 1.0 19.0
6.745085 10.062583 0.042 1.0 19.0
6.745085 10.062583 0.043 0.0 20.0
7.4257874 10.446957 0.043 0.0 20.0
7.4257874 10.446957 0.044 0.0 21.0
7.819884 11.122077 0.044 0.0 21.0
4.7029767 8.909462 0.045 1.0 17.0
5.3723755 8.505724 0.045 1.0 17.0
5.3723755 8.505724 0.046 0.0 18.0
6.041774 8.101986 0.046 0.0 18.0
6.041774 8.101986 0.047 0.0 19.0
6.8234215 8.090775 0.047 0.0 19.0
1.576385 8.954308 0.048 15.0 13.0
1.9704813 9.629428 0.048 15.0 13.0
1.9704813 9.629428 0.049 14.0 14.0
2.3645775 10.304548 0.049 14.0 14.0
2.3645775 10.304548 0.050 13.0 15.0
2.7586737 10.979669 0.050 13.0 15.0
2.7586737 10.979669 0.051 12.0 16.0
3.15277 11.654789 0.051 12.0 16.0
3.15277 11.654789 0.052 11.0 17.0
3.833473 12.039162 0.052 11.0 17.0
3.833473 12.039162 0.053 10.0 18.0
4.514176 12.423534 0.053 10.0 18.0
4.514176 12.423534 0.054 9.0 19.0
5.1948786 12.807907 0.054 9.0 19.0
5.1948786 12.807907 0.055 8.0 20.0
5.8755813 13.19228 0.055 8.0 20.0
5.8755813 13.19228 0.056 7.0 21.0
6.556284 13.576653 0.056 7.0 21.0
6.556284 13.576653 0.057 6.0 22.0
7.2369866 13.961025 0.057 6.0 22.0
7.2369866 13.961025 0.058 1.0 23.0
8.018635 13.949814 0.058 1.0 23.0
8.018635 13.949814 0.059 0.0 24.0
8.8002825 13.938602 0.059 0.0 24.0
8.8002825 13.938602 0.060 0.0 25.0
9.480986 14.322976 0.060 0.0 25.0
7.2369866 13.961025 0.061 1.0 23.0
7.9176893 14.345399 0.061 1.0 23.0
7.9176893 14.345399 0.062 0.0 24.0
8.5983925 14.729773 0.062 0.0 24.0
8.5983925 14.729773 0.063 0.0 25.0
8.992489 15.404893 0.063 0.0 25.0
7.2369866 13.961025 0.064 5.0 23.0
7.9176893 14.345399 0.064 5.0 23.0
7.9176893 14.345399 0.065 4.0 24.0
8.5983925 14.729773 0.065 4.0 24.0
8.5983925 14.729773 0.066 3.0 25.0
8.992489 15.404893 0.066 3.0 25.0
8.992489 15.404893 0.067 2.0 26.0
9.386585 16.080013 0.067 2.0 26.0
9.386585 16.080013 0.068 1.0 27.0
9.780682 16.755133 0.068 1.0 27.0
9.780682 16.755133 0.069 0.0 28.0
10.174778 17.430252 0.069 0.0 28.0
10.174778 17.430252 0.070 0.0 29.0
10.174778 18.21198 0.070 0.0 29.0
8.5983925 14.729773 0.071 1.0 25.0
9.38004 14.718561 0.071 1.0 25.0
9.38004 14.718561 0.072 0.0 26.0
10.161688 14.70735 0.072 0.0 26.0
10.161688 14.70735 0.073 0.0 27.0
10.842391 15.091723 0.073 0.0 27.0
3.15277 11.654789 0.074 7.0 17.0
3.833473 12.039162 0.074 7.0 17.0
3.833473 12.039162 0.075 6.0 18.0
4.514176 12.423534 0.075 6.0 18.0
4.514176 12.423534 0.076 1.0 19.0
5.2958236 12.412323 0.076 1.0 19.0
5.2958236 12.412323 0.077 0.0 20.0
6.0774713 12.401112 0.077 0.0 20.0
6.0774713 12.401112 0.078 0.0 21.0
6.758174 12.785485 0.078 0.0 21.0
4.514176 12.423534 0.079 1.0 19.0
5.1948786 12.807908 0.079 1.0 19.0
5.1948786 12.807908 0.080 0.0 20.0
5.8755813 13.192282 0.080 0.0 20.0
5.8755813 13.192282 0.081 0.0 21.0
6.2696776 13.867402 0.081 0.0 21.0
4.514176 12.423534 0.082 5.0 19.0
5.1948786 12.807908 0.082 5.0 19.0
5.1948786 12.807908 0.083 4.0 20.0
5.8755813 13.192282 0.083 4.0 20.0
5.8755813 13.192282 0.084 3.0 21.0
6.2696776 13.867402 0.084 3.0 21.0
6.2696776 13.867402 0.085 2.0 22.0
6.663774 14.542522 0.085 2.0 22.0
6.663774 14.542522 0.086 1.0 23.0
7.0578704 15.217643 0.086 1.0 23.0
7.0578704 15.217643 0.087 0.0 24.0
7.451967 15.892763 0.087 0.0 24.0
7.451967 15.892763 0.088 0.0 25.0
7.451967 16.674492 0.088 0.0 25.0
5.8755813 13.192282 0.089 1.0 21.0
6.657229 13.18107 0.089 1.0 21.0
6.657229 13.18107 0.090 0.0 22.0
7.4388766 13.169859 0.090 0.0 22.0
7.4388766 13.169859 0.091 0.0 23.0
8.119579 13.554233 0.091 0.0 23.0
0.0 6.253826 0.092 19.0 9.0
0.0 7.0355544 0.092 19.0 9.0
0.0 7.0355544 0.093 18.0 10.0
0.0 7.8172827 0.093 18.0 10.0
0.0 7.8172827 0.094 17.0 11.0
0.0 8.59901 0.094 17.0 11.0
0.0 8.59901 0.095 16.0 12.0
0.0 9.380739 0.095 16.0 12.0
0.0 9.380739 0.096 7.0 13.0
0.39409626 10.05586 0.096 7.0 13.0
0.39409626 10.05586 0.097 6.0 14.0
0.7881925 10.73098 0.097 6.0 14.0
0.7881925 10.73098 0.098 1.0 15.0
1.4688954 11.115353 0.098 1.0 15.0
1.4688954 11.115353 0.099 0.0 16.0
2.1495981 11.499726 0.099 0.0 16.0
2.1495981 11.499726 0.0100 0.0 17.0
2.5436943 12.174847 0.0100 0.0 17.0
0.7881925 10.73098 0.0101 1.0 15.0
1.1822888 11.4061 0.0101 1.0 15.0
1.1822888 11.4061 0.0102 0.0 16.0
1.576385 12.081221 0.0102 0.0 16.0
1.576385 12.081221 0.0103 0.0 17.0
1.576385 12.862949 0.0103 0.0 17.0
0.7881925 10.73098 0.0104 5.0 15.0
1.1822888 11.4061 0.0104 5.0 15.0
1.1822888 11.4061 0.0105 4.0 16.0
1.576385 12.081221 0.0105 4.0 16.0
1.576385 12.081221 0.0106 3.0 17.0
1.576385 12.862949 0.0106 3.0 17.0
1.576385 12.862949 0.0107 2.0 18.0
1.576385 13.644678 0.0107 2.0 18.0
1.576385 13.644678 0.0108 1.0 19.0
1.576385 14.426407 0.0108 1.0 19.0
1.576385 14.426407 0.0109 0.0 20.0
1.576385 15.208136 0.0109 0.0 20.0
1.576385 15.208136 0.0110 0.0 21.0
1.1822888 15.883256 0.0110 0.0 21.0
1.576385 12.081221 0.0111 1.0 17.0
2.257088 12.465593 0.0111 1.0 17.0
2.257088 12.465593 0.0112 0.0 18.0
2.9377909 12.849967 0.0112 0.0 18.0
2.9377909 12.849967 0.0113 0.0 19.0
3.331887 13.525087 0.0113 0.0 19.0
0.0 9.380739 0.0114 7.0 13.0
0.68070287 9.765112 0.0114 7.0 13.0
0.68070287 9.765112 0.0115 6.0 14.0
1.3614057 10.149485 0.0115 6.0 14.0
1.3614057 10.149485 0.0116 1.0 15.0
2.1430535 10.138273 0.0116 1.0 15.0
2.1430535 10.138273 0.0117 0.0 16.0
2.9247015 10.127062 0.0117 0.0 16.0
2.9247015 10.127062 0.0118 0.0 17.0
3.6054044 10.5114355 0.0118 0.0 17.0
1.3614057 10.149485 0.0119 1.0 15.0
2.0421085 10.533858 0.0119 1.0 15.0
2.0421085 10.533858 0.0120 0.0 16.0
2.7228112 10.918232 0.0120 0.0 16.0
2.7228112 10.918232 0.0121 0.0 17.0
3.1169074 11.593352 0.0121 0.0 17.0
1.3614057 10.149485 0.0122 5.0 15.0
2.0421085 10.533858 0.0122 5.0 15.0
2.0421085 10.533858 0.0123 4.0 16.0
2.7228112 10.918232 0.0123 4.0 16.0
2.7228112 10.918232 0.0124 3.0 17.0
3.1169074 11.593352 0.0124 3.0 17.0
3.1169074 11.593352 0.0125 2.0 18.0
3.5110035 12.268473 0.0125 2.0 18.0
3.5110035 12.268473 0.0126 1.0 19.0
3.9050996 12.943593 0.0126 1.0 19.0
3.9050996 12.943593 0.0127 0.0 20.0
4.299196 13.618713 0.0127 0.0 20.0
4.299196 13.618713 0.0128 0.0 21.0
4.299196 14.400442 0.0128 0.0 21.0
2.7228112 10.918232 0.0129 1.0 17.0
3.5044591 10.907021 0.0129 1.0 17.0
3.5044591 10.907021 0.0130 0.0 18.0
4.286107 10.895809 0.0130 0.0 18.0
4.286107 10.895809 0.0131 0.0 19.0
4.9668097 11.280183 0.0131 0.0 19.0
0.0 9.380739 0.0132 15.0 13.0
0.0 10.162468 0.0132 15.0 13.0
0.0 10.162468 0.0133 14.0 14.0
0.0 10.944197 0.0133 14.0 14.0
0.0 10.944197 0.0134 13.0 15.0
0.0 11.725925 0.0134 13.0 15.0
0.0 11.725925 0.0135 12.0 16.0
0.0 12.507654 0.0135 12.0 16.0
0.0 12.507654 0.0136 11.0 17.0
0.39409626 13.182775 0.0136 11.0 17.0
0.39409626 13.182775 0.0137 10.0 18.0
0.7881925 13.857895 0.0137 10.0 18.0
0.7881925 13.857895 0.0138 9.0 19.0
1.1822888 14.533015 0.0138 9.0 19.0
1.1822888 14.533015 0.0139 8.0 20.0
1.576385 15.208136 0.0139 8.0 20.0
1.576385 15.208136 0.0140 7.0 21.0
1.9704813 15.883256 0.0140 7.0 21.0
1.9704813 15.883256 0.0141 6.0 22.0
2.3645775 16.558376 0.0141 6.0 22.0
2.3645775 16.558376 0.0142 1.0 23.0
3.0452805 16.942749 0.0142 1.0 23.0
3.0452805 16.942749 0.0143 0.0 24.0
3.7259831 17.327122 0.0143 0.0 24.0
3.7259831 17.327122 0.0144 0.0 25.0
4.1200795 18.002241 0.0144 0.0 25.0
2.3645775 16.558376 0.0145 1.0 23.0
2.7586737 17.233496 0.0145 1.0 23.0
2.7586737 17.233496 0.0146 0.0 24.0
3.15277 17.908615 0.0146 0.0 24.0
3.15277 17.908615 0.0147 0.0 25.0
3.15277 18.690344 0.0147 0.0 25.0
2.3645775 16.558376 0.0148 5.0 23.0
2.7586737 17.233496 0.0148 5.0 23.0
2.7586737 17.233496 0.0149 4.0 24.0
3.15277 17.908615 0.0149 4.0 24.0
3.15277 17.908615 0.0150 3.0 25.0
3.15277 18.690344 0.0150 3.0 25.0
3.15277 18.690344 0.0151 2.0 26.0
3.15277 19.472073 0.0151 2.0 26.0
3.15277 19.472073 0.0152 1.0 27.0
3.15277 20.253801 0.0152 1.0 27.0
3.15277 20.253801 0.0153 0.0 28.0
3.15277 21.03553 0.0153 0.0 28.0
3.15277 21.03553 0.0154 0.0 29.0
2.7586737 21.71065 0.0154 0.0 29.0
3.15277 17.908615 0.0155 1.0 25.0
3.833473 18.292988 0.0155 1.0 25.0
3.833473 18.292988 0.0156 0.0 26.0
4.514176 18.67736 0.0156 0.0 26.0
4.514176 18.67736 0.0157 0.0 27.0
4.9082723 19.35248 0.0157 0.0 27.0
0.0 12.507654 0.0158 7.0 17.0
0.39409626 13.182775 0.0158 7.0 17.0
0.39409626 13.182775 0.0159 6.0 18.0
0.7881925 13.857895 0.0159 6.0 18.0
0.7881925 13.857895 0.0160 1.0 19.0
1.4688954 14.242268 0.0160 1.0 19.0
1.4688954 14.242268 0.0161 0.0 20.0
2.1495981 14.626641 0.0161 0.0 20.0
2.1495981 14.626641 0.0162 0.0 21.0
2.5436943 15.301762 0.0162 0.0 21.0
0.7881925 13.857895 0.0163 1.0 19.0
1.1822888 14.533015 0.0163 1.0 19.0
1.1822888 14.533015 0.0164 0.0 20.0
1.576385 15.208136 0.0164 0.0 20.0
1.576385 15.208136 0.0165 0.0 21.0
1.576385 15.989864 0.0165 0.0 21.0
0.7881925 13.857895 0.0166 5.0 19.0
1.1822888 14.533015 0.0166 5.0 19.0
1.1822888 14.533015 0.0167 4.0 20.0
1.576385 15.208136 0.0167 4.0 20.0
1.576385 15.208136 0.0168 3.0 21.0
1.576385 15.989864 0.0168 3.0 21.0
1.576385 15.989864 0.0169 2.0 22.0
1.576385 16.771593 0.0169 2.0 22.0
1.576385 16.771593 0.0170 1.0 23.0
1.576385 17.553322 0.0170 1.0 23.0
1.576385 17.553322 0.0171 0.0 24.0
1.576385 18.33505 0.0171 0.0 24.0
1.576385 18.33505 0.0172 0.0 25.0
1.1822888 19.01017 0.0172 0.0 25.0
1.576385 15.208136 0.0173 1.0 21.0
2.257088 15.592508 0.0173 1.0 21.0
2.257088 15.592508 0.0174 0.0 22.0
2.9377909 15.976882 0.0174 0.0 22.0
2.9377909 15.976882 0.0175 0.0 23.0
3.331887 16.652002 0.0175 0.0 23.0
0.0 6.253826 0.0176 35.0 9.0
0.0 7.0355544 0.0176 35.0 9.0
0.0 7.0355544 0.0177 34.0 10.0
0.0 7.8172827 0.0177 34.0 10.0
0.0 7.8172827 0.0178 33.0 11.0
0.0 8.59901 0.0178 33.0 11.0
0.0 8.59901 0.0179 32.0 12.0
0.0 9.380739 0.0179 32.0 12.0
0.0 9.380739 0.0180 31.0 13.0
0.0 10.162468 0.0180 31.0 13.0
0.0 10.162468 0.0181 30.0 14.0
0.0 10.944197 0.0181 30.0 14.0
0.0 10.944197 0.0182 29.0 15.0
0.0 11.725925 0.0182 29.0 15.0
0.0 11.725925 0.0183 28.0 16.0
0.0 12.507654 0.0183 28.0 16.0
0.0 12.507654 0.0184 27.0 17.0
-0.39409626 13.182775 0.0184 27.0 17.0
-0.39409626 13.182775 0.0185 26.0 18.0
-0.7881925 13.857895 0.0185 26.0 18.0
-0.7881925 13.857895 0.0186 25.0 19.0
-1.1822888 14.533015 0.0186 25.0 19.0
-1.1822888 14.533015 0.0187 24.0 20.0
-1.576385 15.208136 0.0187 24.0 20.0
-1.576385 15.208136 0.0188 23.0 21.0
-1.9704813 15.883256 0.0188 23.0 21.0
-1.9704813 15.883256 0.0189 22.0 22.0
-2.3645775 16.558376 0.0189 22.0 22.0
-2.3645775 16.558376 0.0190 21.0 23.0
-2.7586737 17.233496 0.0190 21.0 23.0
-2.7586737 17.233496 0.0191 20.0 24.0
-3.15277 17.908615 0.0191 20.0 24.0
-3.15277 17.908615 0.0192 19.0 25.0
-3.5468664 18.583735 0.0192 19.0 25.0
-3.5468664 18.583735 0.0193 18.0 26.0
-3.9409628 19.258854 0.0193 18.0 26.0
-3.9409628 19.258854 0.0194 17.0 27.0
-4.335059 19.933973 0.0194 17.0 27.0
-4.335059 19.933973 0.0195 16.0 28.0
-4.7291555 20.609093 0.0195 16.0 28.0
-4.7291555 20.609093 0.0196 7.0 29.0
-4.7291555 21.390821 0.0196 7.0 29.0
-4.7291555 21.390821 0.0197 6.0 30.0
-4.7291555 22.17255 0.0197 6.0 30.0
-4.7291555 22.17255 0.0198 1.0 31.0
-4.335059 22.84767 0.0198 1.0 31.0
-4.335059 22.84767 0.0199 0.0 32.0
-3.9409628 23.522789 0.0199 0.0 32.0
-3.9409628 23.522789 0.0200 0.0 33.0
-3.9409628 24.304518 0.0200 0.0 33.0
-4.7291555 22.17255 0.0201 1.0 31.0
-4.7291555 22.954279 0.0201 1.0 31.0
-4.7291555 22.954279 0.0202 0.0 32.0
-4.7291555 23.736008 0.0202 0.0 32.0
-4.7291555 23.736008 0.0203 0.0 33.0
-5.123252 24.411127 0.0203 0.0 33.0
-4.7291555 22.17255 0.0204 5.0 31.0
-4.7291555 22.954279 0.0204 5.0 31.0
-4.7291555 22.954279 0.0205 4.0 32.0
-4.7291555 23.736008 0.0205 4.0 32.0
-4.7291555 23.736008 0.0206 3.0 33.0
-5.123252 24.411127 0.0206 3.0 33.0
-5.123252 24.411127 0.0207 2.0 34.0
-5.5173483 25.086246 0.0207 2.0 34.0
-5.5173483 25.086246 0.0208 1.0 35.0
-5.9114447 25.761366 0.0208 1.0 35.0
-5.9114447 25.761366 0.0209 0.0 36.0
-6.305541 26.436485 0.0209 0.0 36.0
-6.305541 26.436485 0.0210 0.0 37.0
-6.9862437 26.820858 0.0210 0.0 37.0
-4.7291555 23.736008 0.0211 1.0 33.0
-4.335059 24.411127 0.0211 1.0 33.0
-4.335059 24.411127 0.0212 0.0 34.0
-3.9409628 25.086246 0.0212 0.0 34.0
-3.9409628 25.086246 0.0213 0.0 35.0
-3.9409628 25.867975 0.0213 0.0 35.0
-4.7291555 20.609093 0.0214 7.0 29.0
-4.335059 21.284212 0.0214 7.0 29.0
-4.335059 21.284212 0.0215 6.0 30.0
-3.9409628 21.959332 0.0215 6.0 30.0
-3.9409628 21.959332 0.0216 1.0 31.0
-3.2602599 22.343704 0.0216 1.0 31.0
-3.2602599 22.343704 0.0217 0.0 32.0
-2.579557 22.728077 0.0217 0.0 32.0
-2.579557 22.728077 0.0218 0.0 33.0
-2.1854608 23.403196 0.0218 0.0 33.0
-3.9409628 21.959332 0.0219 1.0 31.0
-3.5468664 22.63445 0.0219 1.0 31.0
-3.5468664 22.63445 0.0220 0.0 32.0
-3.15277 23.30957 0.0220 0.0 32.0
-3.15277 23.30957 0.0221 0.0 33.0
-3.15277 24.0913 0.0221 0.0 33.0
-3.9409628 21.959332 0.0222 5.0 31.0
-3.5468664 22.63445 0.0222 5.0 31.0
-3.5468664 22.63445 0.0223 4.0 32.0
-3.15277 23.30957 0.0223 4.0 32.0
-3.15277 23.30957 0.0224 3.0 33.0
-3.15277 24.0913 0.0224 3.0 33.0
-3.15277 24.0913 0.0225 2.0 34.0
-3.15277 24.873028 0.0225 2.0 34.0
-3.15277 24.873028 0.0226 1.0 35.0
-3.15277 25.654757 0.0226 1.0 35.0
-3.15277 25.654757 0.0227 0.0 36.0
-3.15277 26.436485 0.0227 0.0 36.0
-3.15277 26.436485 0.0228 0.0 37.0
-3.5468664 27.111605 0.0228 0.0 37.0
-3.15277 23.30957 0.0229 1.0 33.0
-2.472067 23.693943 0.0229 1.0 33.0
-2.472067 23.693943 0.0230 0.0 34.0
-1.7913643 24.078316 0.0230 0.0 34.0
-1.7913643 24.078316 0.0231 0.0 35.0
-1.3972682 24.753435 0.0231 0.0 35.0
-4.7291555 20.609093 0.0232 15.0 29.0
-5.123252 21.284212 0.0232 15.0 29.0
-5.123252 21.284212 0.0233 14.0 30.0
-5.5173483 21.959332 0.0233 14.0 30.0
-5.5173483 21.959332 0.0234 13.0 31.0
-5.9114447 22.63445 0.0234 13.0 31.0
-5.9114447 22.63445 0.0235 12.0 32.0
-6.305541 23.30957 0.0235 12.0 32.0
-6.305541 23.30957 0.0236 11.0 33.0
-6.305541 24.0913 0.0236 11.0 33.0
-6.305541 24.0913 0.0237 10.0 34.0
-6.305541 24.873028 0.0237 10.0 34.0
-6.305541 24.873028 0.0238 9.0 35.0
-6.305541 25.654757 0.0238 9.0 35.0
-6.305541 25.654757 0.0239 8.0 36.0
-6.305541 26.436485 0.0239 8.0 36.0
-6.305541 26.436485 0.0240 7.0 37.0
-6.305541 27.218214 0.0240 7.0 37.0
-6.305541 27.218214 0.0241 6.0 38.0
-6.305541 27.999943 0.0241 6.0 38.0
-6.305541 27.999943 0.0242 1.0 39.0
-5.9114447 28.675062 0.0242 1.0 39.0
-5.9114447 28.675062 0.0243 0.0 40.0
-5.5173483 29.350182 0.0243 0.0 40.0
-5.5173483 29.350182 0.0244 0.0 41.0
-5.5173483 30.13191 0.0244 0.0 41.0
-6.305541 27.999943 0.0245 1.0 39.0
-6.305541 28.781672 0.0245 1.0 39.0
-6.305541 28.781672 0.0246 0.0 40.0
-6.305541 29.5634 0.0246 0.0 40.0
-6.305541 29.5634 0.0247 0.0 41.0
-6.6996374 30.23852 0.0247 0.0 41.0
-6.305541 27.999943 0.0248 5.0 39.0
-6.305541 28.781672 0.0248 5.0 39.0
-6.305541 28.781672 0.0249 4.0 40.0
-6.305541 29.5634 0.0249 4.0 40.0
-6.305541 29.5634 0.0250 3.0 41.0
-6.6996374 30.23852 0.0250 3.0 41.0
-6.6996374 30.23852 0.0251 2.0 42.0
-7.093734 30.91364 0.0251 2.0 42.0
-7.093734 30.91364 0.0252 1.0 43.0
-7.48783 31.588758 0.0252 1.0 43.0
-7.48783 31.588758 0.0253 0.0 44.0
-7.8819265 32.263878 0.0253 0.0 44.0
-7.8819265 32.263878 0.0254 0.0 45.0
-8.56263 32.64825 0.0254 0.0 45.0
-6.305541 29.5634 0.0255 1.0 41.0
-5.9114447 30.23852 0.0255 1.0 41.0
-5.9114447 30.23852 0.0256 0.0 42.0
-5.5173483 30.91364 0.0256 0.0 42.0
-5.5173483 30.91364 0.0257 0.0 43.0
-5.5173483 31.695368 0.0257 0.0 43.0
-6.305541 23.30957 0.0258 7.0 33.0
-6.305541 24.0913 0.0258 7.0 33.0
-6.305541 24.0913 0.0259 6.0 34.0
-6.305541 24.873028 0.0259 6.0 34.0
-6.305541 24.873028 0.0260 1.0 35.0
-5.9114447 25.548147 0.0260 1.0 35.0
-5.9114447 25.548147 0.0261 0.0 36.0
-5.5173483 26.223267 0.0261 0.0 36.0
-5.5173483 26.223267 0.0262 0.0 37.0
-5.5173483 27.004995 0.0262 0.0 37.0
-6.305541 24.873028 0.0263 1.0 35.0
-6.305541 25.654757 0.0263 1.0 35.0
-6.305541 25.654757 0.0264 0.0 36.0
-6.305541 26.436485 0.0264 0.0 36.0
-6.305541 26.436485 0.0265 0.0 37.0
-6.6996374 27.111605 0.0265 0.0 37.0
-6.305541 24.873028 0.0266 5.0 35.0
-6.305541 25.654757 0.0266 5.0 35.0
-6.305541 25.654757 0.0267 4.0 36.0
-6.305541 26.436485 0.0267 4.0 36.0
-6.305541 26.436485 0.0268 3.0 37.0
-6.6996374 27.111605 0.0268 3.0 37.0
-6.6996374 27.111605 0.0269 2.0 38.0
-7.093734 27.786724 0.0269 2.0 38.0
-7.093734 27.786724 0.0270 1.0 39.0
-7.48783 28.461843 0.0270 1.0 39.0
-7.48783 28.461843 0.0271 0.0 40.0
-7.8819265 29.136963 0.0271 0.0 40.0
-7.8819265 29.136963 0.0272 0.0 41.0
-8.56263 29.521336 0.0272 0.0 41.0
-6.305541 26.436485 0.0273 1.0 37.0
-5.9114447 27.111605 0.0273 1.0 37.0
-5.9114447 27.111605 0.0274 0.0 38.0
-5.5173483 27.786724 0.0274 0.0 38.0
-5.5173483 27.786724 0.0275 0.0 39.0
-5.5173483 28.568453 0.0275 0.0 39.0
0.0 12.507654 0.0276 19.0 17.0
0.39409626 13.182775 0.0276 19.0 17.0
0.39409626 13.182775 0.0277 18.0 18.0
0.7881925 13.857895 0.0277 18.0 18.0
0.7881925 13.857895 0.0278 17.0 19.0
1.1822888 14.533015 0.0278 17.0 19.0
1.1822888 14.533015 0.0279 16.0 20.0
1.576385 15.208136 0.0279 16.0 20.0
1.576385 15.208136 0.0280 7.0 21.0
2.257088 15.592508 0.0280 7.0 21.0
2.257088 15.592508 0.0281 6.0 22.0
2.9377909 15.976881 0.0281 6.0 22.0
2.9377909 15.976881 0.0282 1.0 23.0
3.7194388 15.96567 0.0282 1.0 23.0
3.7194388 15.96567 0.0283 0.0 24.0
4.5010867 15.954458 0.0283 0.0 24.0
4.5010867 15.954458 0.0284 0.0 25.0
5.1817894 16.33883 0.0284 0.0 25.0
2.9377909 15.976881 0.0285 1.0 23.0
3.6184936 16.361254 0.0285 1.0 23.0
3.6184936 16.361254 0.0286 0.0 24.0
4.2991962 16.745626 0.0286 0.0 24.0
4.2991962 16.745626 0.0287 0.0 25.0
4.6932926 17.420746 0.0287 0.0 25.0
2.9377909 15.976881 0.0288 5.0 23.0
3.6184936 16.361254 0.0288 5.0 23.0
3.6184936 16.361254 0.0289 4.0 24.0
4.2991962 16.745626 0.0289 4.0 24.0
4.2991962 16.745626 0.0290 3.0 25.0
4.6932926 17.420746 0.0290 3.0 25.0
4.6932926 17.420746 0.0291 2.0 26.0
5.087389 18.095865 0.0291 2.0 26.0
5.087389 18.095865 0.0292 1.0 27.0
5.4814854 18.770985 0.0292 1.0 27.0
5.4814854 18.770985 0.0293 0.0 28.0
5.8755817 19.446104 0.0293 0.0 28.0
5.8755817 19.446104 0.0294 0.0 29.0
5.8755817 20.227833 0.0294 0.0 29.0
4.2991962 16.745626 0.0295 1.0 25.0
5.080844 16.734415 0.0295 1.0 25.0
5.080844 16.734415 0.0296 0.0 26.0
5.8624916 16.723204 0.0296 0.0 26.0
5.8624916 16.723204 0.0297 0.0 27.0
6.5431943 17.107576 0.0297 0.0 27.0
1.576385 15.208136 0.0298 7.0 21.0
2.358033 15.196924 0.0298 7.0 21.0
2.358033 15.196924 0.0299 6.0 22.0
3.1396809 15.185713 0.0299 6.0 22.0
3.1396809 15.185713 0.0300 1.0 23.0
3.8090794 14.781975 0.0300 1.0 23.0
3.8090794 14.781975 0.0301 0.0 24.0
4.478478 14.378237 0.0301 0.0 24.0
4.478478 14.378237 0.0302 0.0 25.0
5.2601256 14.367025 0.0302 0.0 25.0
3.1396809 15.185713 0.0303 1.0 23.0
3.9213288 15.174501 0.0303 1.0 23.0
3.9213288 15.174501 0.0304 0.0 24.0
4.7029767 15.16329 0.0304 0.0 24.0
4.7029767 15.16329 0.0305 0.0 25.0
5.3836794 15.547664 0.0305 0.0 25.0
3.1396809 15.185713 0.0306 5.0 23.0
3.9213288 15.174501 0.0306 5.0 23.0
3.9213288 15.174501 0.0307 4.0 24.0
4.7029767 15.16329 0.0307 4.0 24.0
4.7029767 15.16329 0.0308 3.0 25.0
5.3836794 15.547664 0.0308 3.0 25.0
5.3836794 15.547664 0.0309 2.0 26.0
6.064382 15.932037 0.0309 2.0 26.0
6.064382 15.932037 0.0310 1.0 27.0
6.745085 16.31641 0.0310 1.0 27.0
6.745085 16.31641 0.0311 0.0 28.0
7.4257874 16.700783 0.0311 0.0 28.0
7.4257874 16.700783 0.0312 0.0 29.0
7.819884 17.375902 0.0312 0.0 29.0
4.7029767 15.16329 0.0313 1.0 25.0
5.3723755 14.759552 0.0313 1.0 25.0
5.3723755 14.759552 0.0314 0.0 26.0
6.041774 14.355814 0.0314 0.0 26.0
6.041774 14.355814 0.0315 0.0 27.0
6.8234215 14.344603 0.0315 0.0 27.0
1.576385 15.208136 0.0316 15.0 21.0
1.9704813 15.883256 0.0316 15.0 21.0
1.9704813 15.883256 0.0317 14.0 22.0
2.3645775 16.558376 0.0317 14.0 22.0
2.3645775 16.558376 0.0318 13.0 23.0
2.7586737 17.233496 0.0318 13.0 23.0
2.7586737 17.233496 0.0319 12.0 24.0
3.15277 17.908615 0.0319 12.0 24.0
3.15277 17.908615 0.0320 11.0 25.0
3.833473 18.292988 0.0320 11.0 25.0
3.833473 18.292988 0.0321 10.0 26.0
4.514176 18.67736 0.0321 10.0 26.0
4.514176 18.67736 0.0322 9.0 27.0
5.1948786 19.061733 0.0322 9.0 27.0
5.1948786 19.061733 0.0323 8.0 28.0
5.8755813 19.446106 0.0323 8.0 28.0
5.8755813 19.446106 0.0324 7.0 29.0
6.556284 19.830479 0.0324 7.0 29.0
6.556284 19.830479 0.0325 6.0 30.0
7.2369866 20.214851 0.0325 6.0 30.0
7.2369866 20.214851 0.0326 1.0 31.0
8.018635 20.20364 0.0326 1.0 31.0
8.018635 20.20364 0.0327 0.0 32.0
8.8002825 20.192429 0.0327 0.0 32.0
8.8002825 20.192429 0.0328 0.0 33.0
9.480986 20.576801 0.0328 0.0 33.0
7.2369866 20.214851 0.0329 1.0 31.0
7.9176893 20.599224 0.0329 1.0 31.0
7.9176893 20.599224 0.0330 0.0 32.0
8.5983925 20.983597 0.0330 0.0 32.0
8.5983925 20.983597 0.0331 0.0 33.0
8.992489 21.658716 0.0331 0.0 33.0
7.2369866 20.214851 0.0332 5.0 31.0
7.9176893 20.599224 0.0332 5.0 31.0
7.9176893 20.599224 0.0333 4.0 32.0
8.5983925 20.983597 0.0333 4.0 32.0
8.5983925 20.983597 0.0334 3.0 33.0
8.992489 21.658716 0.0334 3.0 33.0
8.992489 21.658716 0.0335 2.0 34.0
9.386585 22.333836 0.0335 2.0 34.0
9.386585 22.333836 0.0336 1.0 35.0
9.780682 23.008955 0.0336 1.0 35.0
9.780682 23.008955 0.0337 0.0 36.0
10.174778 23.684074 0.0337 0.0 36.0
10.174778 23.684074 0.0338 0.0 37.0
10.174778 24.465803 0.0338 0.0 37.0
8.5983925 20.983597 0.0339 1.0 33.0
9.38004 20.972385 0.0339 1.0 33.0
9.38004 20.972385 0.0340 0.0 34.0
10.161688 20.961174 0.0340 0.0 34.0
10.161688 20.961174 0.0341 0.0 35.0
10.842391 21.345547 0.0341 0.0 35.0
3.15277 17.908615 0.0342 7.0 25.0
3.833473 18.292988 0.0342 7.0 25.0
3.833473 18.292988 0.0343 6.0 26.0
4.514176 18.67736 0.0343 6.0 26.0
4.514176 18.67736 0.0344 1.0 27.0
5.2958236 18.66615 0.0344 1.0 27.0
5.2958236 18.66615 0.0345 0.0 28.0
6.0774713 18.654938 0.0345 0.0 28.0
6.0774713 18.654938 0.0346 0.0 29.0
6.758174 19.03931 0.0346 0.0 29.0
4.514176 18.67736 0.0347 1.0 27.0
5.1948786 19.061733 0.0347 1.0 27.0
5.1948786 19.061733 0.0348 0.0 28.0
5.8755813 19.446106 0.0348 0.0 28.0
5.8755813 19.446106 0.0349 0.0 29.0
6.2696776 20.121225 0.0349 0.0 29.0
4.514176 18.67736 0.0350 5.0 27.0
5.1948786 19.061733 0.0350 5.0 27.0
5.1948786 19.061733 0.0351 4.0 28.0
5.8755813 19.446106 0.0351 4.0 28.0
5.8755813 19.446106 0.0352 3.0 29.0
6.2696776 20.121225 0.0352 3.0 29.0
6.2696776 20.121225 0.0353 2.0 30.0
6.663774 20.796345 0.0353 2.0 30.0
6.663774 20.796345 0.0354 1.0 31.0
7.0578704 21.471464 0.0354 1.0 31.0
7.0578704 21.471464 0.0355 0.0 32.0
7.451967 22.146584 0.0355 0.0 32.0
7.451967 22.146584 0.0356 0.0 33.0
7.451967 22.928312 0.0356 0.0 33.0
5.8755813 19.446106 0.0357 1.0 29.0
6.657229 19.434895 0.0357 1.0 29.0
6.657229 19.434895 0.0358 0.0 30.0
7.4388766 19.423683 0.0358 0.0 30.0
7.4388766 19.423683 0.0359 0.0 31.0
8.119579 19.808056 0.0359 0.0 31.0
