0.0 0.0 0.00 60.0 1.0
0.0 2.9898047 0.00 60.0 1.0
0.0 2.9898047 0.01 59.0 2.0
0.0 5.9796095 0.01 59.0 2.0
0.0 5.9796095 0.02 58.0 3.0
0.0 8.969414 0.02 58.0 3.0
0.0 8.969414 0.03 57.0 4.0
0.0 11.959219 0.03 57.0 4.0
0.0 11.959219 0.04 56.0 5.0
0.0 14.949024 0.04 56.0 5.0
0.0 14.949024 0.05 55.0 6.0
0.0 17.93883 0.05 55.0 6.0
0.0 17.93883 0.06 54.0 7.0
0.0 20.928635 0.06 54.0 7.0
0.0 20.928635 0.07 53.0 8.0
0.0 23.91844 0.07 53.0 8.0
0.0 23.91844 0.08 52.0 9.0
0.0 26.908245 0.08 52.0 9.0
0.0 26.908245 0.09 51.0 10.0
0.0 29.89805 0.09 51.0 10.0
0.0 29.89805 0.010 50.0 11.0
0.0 32.887856 0.010 50.0 11.0
0.0 32.887856 0.011 49.0 12.0
0.0 35.87766 0.011 49.0 12.0
0.0 35.87766 0.012 48.0 13.0
0.0 38.867462 0.012 48.0 13.0
0.0 38.867462 0.013 47.0 14.0
0.0 41.857265 0.013 47.0 14.0
0.0 41.857265 0.014 46.0 15.0
0.0 44.84707 0.014 46.0 15.0
0.0 44.84707 0.015 45.0 16.0
0.0 47.836872 0.015 45.0 16.0
0.0 47.836872 0.016 28.0 17.0
-0.94339234 50.67394 0.016 28.0 17.0
-0.94339234 50.67394 0.017 27.0 18.0
-1.8867847 53.511005 0.017 27.0 18.0
-1.8867847 53.511005 0.018 26.0 19.0
-2.830177 56.348072 0.018 26.0 19.0
-2.830177 56.348072 0.019 25.0 20.0
-3.7735693 59.18514 0.019 25.0 20.0
-3.7735693 59.18514 0.020 24.0 21.0
-4.716962 62.022205 0.020 24.0 21.0
-4.716962 62.022205 0.021 23.0 22.0
-5.660354 64.85927 0.021 23.0 22.0
-5.660354 64.85927 0.022 22.0 23.0
-6.6037464 67.696335 0.022 22.0 23.0
-6.6037464 67.696335 0.023 21.0 24.0
-7.5471387 70.5334 0.023 21.0 24.0
-7.5471387 70.5334 0.024 12.0 25.0
-9.337534 72.92786 0.024 12.0 25.0
-9.337534 72.92786 0.025 11.0 26.0
-11.12793 75.32231 0.025 11.0 26.0
-11.12793 75.32231 0.026 10.0 27.0
-12.918325 77.71677 0.026 10.0 27.0
-12.918325 77.71677 0.027 9.0 28.0
-14.708721 80.11122 0.027 9.0 28.0
-14.708721 80.11122 0.028 4.0 29.0
-15.652114 82.94829 0.028 4.0 29.0
-15.652114 82.94829 0.029 3.0 30.0
-16.595507 85.785355 0.029 3.0 30.0
-16.595507 85.785355 0.030 0.0 31.0
-18.385902 88.17981 0.030 0.0 31.0
-18.385902 88.17981 0.031 0.0 32.0
-20.176298 90.574265 0.031 0.0 32.0
-16.595507 85.785355 0.032 2.0 31.0
-17.538898 88.62242 0.032 2.0 31.0
-17.538898 88.62242 0.033 1.0 32.0
-18.48229 91.45949 0.033 1.0 32.0
-18.48229 91.45949 0.034 0.0 33.0
-18.48229 94.449295 0.034 0.0 33.0
-18.48229 94.449295 0.035 0.0 34.0
-18.48229 97.4391 0.035 0.0 34.0
-18.48229 91.45949 0.036 0.0 33.0
-20.272686 93.85394 0.036 0.0 33.0
-20.272686 93.85394 0.037 0.0 34.0
-22.063082 96.2484 0.037 0.0 34.0
-14.708721 80.11122 0.038 8.0 29.0
-16.499117 82.50568 0.038 8.0 29.0
-16.499117 82.50568 0.039 7.0 30.0
-18.289513 84.90013 0.039 7.0 30.0
-18.289513 84.90013 0.040 6.0 31.0
-20.079908 87.294586 0.040 6.0 31.0
-20.079908 87.294586 0.041 5.0 32.0
-21.870304 89.68904 0.041 5.0 32.0
-21.870304 89.68904 0.042 4.0 33.0
-22.813696 92.52611 0.042 4.0 33.0
-22.813696 92.52611 0.043 3.0 34.0
-23.757088 95.363174 0.043 3.0 34.0
-23.757088 95.363174 0.044 0.0 35.0
-25.547483 97.75763 0.044 0.0 35.0
-25.547483 97.75763 0.045 0.0 36.0
-27.33788 100.152084 0.045 0.0 36.0
-23.757088 95.363174 0.046 2.0 35.0
-24.70048 98.20024 0.046 2.0 35.0
-24.70048 98.20024 0.047 1.0 36.0
-25.643871 101.03731 0.047 1.0 36.0
-25.643871 101.03731 0.048 0.0 37.0
-25.643871 104.027115 0.048 0.0 37.0
-25.643871 104.027115 0.049 0.0 38.0
-25.643871 107.01692 0.049 0.0 38.0
-25.643871 101.03731 0.050 0.0 37.0
-27.434267 103.43176 0.050 0.0 37.0
-27.434267 103.43176 0.051 0.0 38.0
-29.224663 105.82622 0.051 0.0 38.0
-21.870304 89.68904 0.052 4.0 33.0
-24.324772 91.39624 0.052 4.0 33.0
-24.324772 91.39624 0.053 3.0 34.0
-26.77924 93.10344 0.053 3.0 34.0
-26.77924 93.10344 0.054 0.0 35.0
-29.647 93.948944 0.054 0.0 35.0
-29.647 93.948944 0.055 0.0 36.0
-32.51476 94.79445 0.055 0.0 36.0
-26.77924 93.10344 0.056 2.0 35.0
-29.233707 94.81064 0.056 2.0 35.0
-29.233707 94.81064 0.057 1.0 36.0
-31.688175 96.51784 0.057 1.0 36.0
-31.688175 96.51784 0.058 0.0 37.0
-33.47857 98.91229 0.058 0.0 37.0
-33.47857 98.91229 0.059 0.0 38.0
-35.268963 101.30675 0.059 0.0 38.0
-31.688175 96.51784 0.060 0.0 37.0
-34.555935 97.36334 0.060 0.0 37.0
-34.555935 97.36334 0.061 0.0 38.0
-37.423695 98.20885 0.061 0.0 38.0
-7.5471387 70.5334 0.062 20.0 25.0
-8.490531 73.37047 0.062 20.0 25.0
-8.490531 73.37047 0.063 19.0 26.0
-9.433924 76.207535 0.063 19.0 26.0
-9.433924 76.207535 0.064 18.0 27.0
-10.377316 79.0446 0.064 18.0 27.0
-10.377316 79.0446 0.065 17.0 28.0
-11.320709 81.88167 0.065 17.0 28.0
-11.320709 81.88167 0.066 16.0 29.0
-12.264102 84.718735 0.066 16.0 29.0
-12.264102 84.718735 0.067 15.0 30.0
-13.207495 87.5558 0.067 15.0 30.0
-13.207495 87.5558 0.068 14.0 31.0
-14.1508875 90.39287 0.068 14.0 31.0
-14.1508875 90.39287 0.069 13.0 32.0
-15.09428 93.229935 0.069 13.0 32.0
-15.09428 93.229935 0.070 12.0 33.0
-15.09428 96.21974 0.070 12.0 33.0
-15.09428 96.21974 0.071 11.0 34.0
-15.09428 99.20955 0.071 11.0 34.0
-15.09428 99.20955 0.072 10.0 35.0
-15.09428 102.199356 0.072 10.0 35.0
-15.09428 102.199356 0.073 9.0 36.0
-15.09428 105.18916 0.073 9.0 36.0
-15.09428 105.18916 0.074 4.0 37.0
-14.1508875 108.02623 0.074 4.0 37.0
-14.1508875 108.02623 0.075 3.0 38.0
-13.207495 110.8633 0.075 3.0 38.0
-13.207495 110.8633 0.076 0.0 39.0
-13.207495 113.8531 0.076 0.0 39.0
-13.207495 113.8531 0.077 0.0 40.0
-13.207495 116.84291 0.077 0.0 40.0
-13.207495 110.8633 0.078 2.0 39.0
-12.264102 113.70036 0.078 2.0 39.0
-12.264102 113.70036 0.079 1.0 40.0
-11.320709 116.53743 0.079 1.0 40.0
-11.320709 116.53743 0.080 0.0 41.0
-9.5303135 118.931885 0.080 0.0 41.0
-9.5303135 118.931885 0.081 0.0 42.0
-7.739918 121.32634 0.081 0.0 42.0
-11.320709 116.53743 0.082 0.0 41.0
-11.320709 119.52724 0.082 0.0 41.0
-11.320709 119.52724 0.083 0.0 42.0
-11.320709 122.517044 0.083 0.0 42.0
-15.09428 105.18916 0.084 8.0 37.0
-15.09428 108.17897 0.084 8.0 37.0
-15.09428 108.17897 0.085 7.0 38.0
-15.09428 111.16878 0.085 7.0 38.0
-15.09428 111.16878 0.086 6.0 39.0
-15.09428 114.158585 0.086 6.0 39.0
-15.09428 114.158585 0.087 5.0 40.0
-15.09428 117.14839 0.087 5.0 40.0
-15.09428 117.14839 0.088 4.0 41.0
-14.1508875 119.98546 0.088 4.0 41.0
-14.1508875 119.98546 0.089 3.0 42.0
-13.207495 122.822525 0.089 3.0 42.0
-13.207495 122.822525 0.090 0.0 43.0
-13.207495 125.81233 0.090 0.0 43.0
-13.207495 125.81233 0.091 0.0 44.0
-13.207495 128.80214 0.091 0.0 44.0
-13.207495 122.822525 0.092 2.0 43.0
-12.264102 125.65959 0.092 2.0 43.0
-12.264102 125.65959 0.093 1.0 44.0
-11.320709 128.49666 0.093 1.0 44.0
-11.320709 128.49666 0.094 0.0 45.0
-9.5303135 130.89111 0.094 0.0 45.0
-9.5303135 130.89111 0.095 0.0 46.0
-7.739918 133.28557 0.095 0.0 46.0
-11.320709 128.49666 0.096 0.0 45.0
-11.320709 131.48647 0.096 0.0 45.0
-11.320709 131.48647 0.097 0.0 46.0
-11.320709 134.47627 0.097 0.0 46.0
-15.09428 117.14839 0.098 4.0 41.0
-16.037672 119.98546 0.098 4.0 41.0
-16.037672 119.98546 0.099 3.0 42.0
-16.981064 122.822525 0.099 3.0 42.0
-16.981064 122.822525 0.0100 0.0 43.0
-18.77146 125.21698 0.0100 0.0 43.0
-18.77146 125.21698 0.0101 0.0 44.0
-20.561855 127.611435 0.0101 0.0 44.0
-16.981064 122.822525 0.0102 2.0 43.0
-17.924456 125.65959 0.0102 2.0 43.0
-17.924456 125.65959 0.0103 1.0 44.0
-18.867847 128.49666 0.0103 1.0 44.0
-18.867847 128.49666 0.0104 0.0 45.0
-18.867847 131.48647 0.0104 0.0 45.0
-18.867847 131.48647 0.0105 0.0 46.0
-18.867847 134.47627 0.0105 0.0 46.0
-18.867847 128.49666 0.0106 0.0 45.0
-20.658243 130.89111 0.0106 0.0 45.0
-20.658243 130.89111 0.0107 0.0 46.0
-22.448639 133.28557 0.0107 0.0 46.0
-15.09428 93.229935 0.0108 12.0 33.0
-16.884676 95.62439 0.0108 12.0 33.0
-16.884676 95.62439 0.0109 11.0 34.0
-18.675072 98.018845 0.0109 11.0 34.0
-18.675072 98.018845 0.0110 10.0 35.0
-20.465467 100.4133 0.0110 10.0 35.0
-20.465467 100.4133 0.0111 9.0 36.0
-22.255863 102.807755 0.0111 9.0 36.0
-22.255863 102.807755 0.0112 4.0 37.0
-23.199255 105.64482 0.0112 4.0 37.0
-23.199255 105.64482 0.0113 3.0 38.0
-24.142647 108.48189 0.0113 3.0 38.0
-24.142647 108.48189 0.0114 0.0 39.0
-25.933043 110.87634 0.0114 0.0 39.0
-25.933043 110.87634 0.0115 0.0 40.0
-27.723438 113.2708 0.0115 0.0 40.0
-24.142647 108.48189 0.0116 2.0 39.0
-25.086039 111.318954 0.0116 2.0 39.0
-25.086039 111.318954 0.0117 1.0 40.0
-26.02943 114.15602 0.0117 1.0 40.0
-26.02943 114.15602 0.0118 0.0 41.0
-26.02943 117.14583 0.0118 0.0 41.0
-26.02943 117.14583 0.0119 0.0 42.0
-26.02943 120.135635 0.0119 0.0 42.0
-26.02943 114.15602 0.0120 0.0 41.0
-27.819826 116.550476 0.0120 0.0 41.0
-27.819826 116.550476 0.0121 0.0 42.0
-29.610222 118.94493 0.0121 0.0 42.0
-22.255863 102.807755 0.0122 8.0 37.0
-24.046259 105.20221 0.0122 8.0 37.0
-24.046259 105.20221 0.0123 7.0 38.0
-25.836655 107.596664 0.0123 7.0 38.0
-25.836655 107.596664 0.0124 6.0 39.0
-27.62705 109.99112 0.0124 6.0 39.0
-27.62705 109.99112 0.0125 5.0 40.0
-29.417446 112.385574 0.0125 5.0 40.0
-29.417446 112.385574 0.0126 4.0 41.0
-30.360838 115.22264 0.0126 4.0 41.0
-30.360838 115.22264 0.0127 3.0 42.0
-31.30423 118.05971 0.0127 3.0 42.0
-31.30423 118.05971 0.0128 0.0 43.0
-33.094624 120.45416 0.0128 0.0 43.0
-33.094624 120.45416 0.0129 0.0 44.0
-34.885017 122.84862 0.0129 0.0 44.0
-31.30423 118.05971 0.0130 2.0 43.0
-32.247623 120.896774 0.0130 2.0 43.0
-32.247623 120.896774 0.0131 1.0 44.0
-33.191017 123.73384 0.0131 1.0 44.0
-33.191017 123.73384 0.0132 0.0 45.0
-33.191017 126.72365 0.0132 0.0 45.0
-33.191017 126.72365 0.0133 0.0 46.0
-33.191017 129.71346 0.0133 0.0 46.0
-33.191017 123.73384 0.0134 0.0 45.0
-34.98141 126.128296 0.0134 0.0 45.0
-34.98141 126.128296 0.0135 0.0 46.0
-36.771805 128.52275 0.0135 0.0 46.0
-29.417446 112.385574 0.0136 4.0 41.0
-31.871914 114.09277 0.0136 4.0 41.0
-31.871914 114.09277 0.0137 3.0 42.0
-34.32638 115.79997 0.0137 3.0 42.0
-34.32638 115.79997 0.0138 0.0 43.0
-37.19414 116.64548 0.0138 0.0 43.0
-37.19414 116.64548 0.0139 0.0 44.0
-40.0619 117.49098 0.0139 0.0 44.0
-34.32638 115.79997 0.0140 2.0 43.0
-36.78085 117.50717 0.0140 2.0 43.0
-36.78085 117.50717 0.0141 1.0 44.0
-39.235317 119.21437 0.0141 1.0 44.0
-39.235317 119.21437 0.0142 0.0 45.0
-41.02571 121.608826 0.0142 0.0 45.0
-41.02571 121.608826 0.0143 0.0 46.0
-42.816105 124.00328 0.0143 0.0 46.0
-39.235317 119.21437 0.0144 0.0 45.0
-42.103077 120.059875 0.0144 0.0 45.0
-42.103077 120.059875 0.0145 0.0 46.0
-44.970837 120.90538 0.0145 0.0 46.0
0.0 47.836872 0.0146 44.0 17.0
0.0 50.826675 0.0146 44.0 17.0
0.0 50.826675 0.0147 43.0 18.0
0.0 53.81648 0.0147 43.0 18.0
0.0 53.81648 0.0148 42.0 19.0
0.0 56.806282 0.0148 42.0 19.0
0.0 56.806282 0.0149 41.0 20.0
0.0 59.796085 0.0149 41.0 20.0
0.0 59.796085 0.0150 40.0 21.0
0.0 62.78589 0.0150 40.0 21.0
0.0 62.78589 0.0151 39.0 22.0
0.0 65.775696 0.0151 39.0 22.0
0.0 65.775696 0.0152 38.0 23.0
0.0 68.7655 0.0152 38.0 23.0
0.0 68.7655 0.0153 37.0 24.0
0.0 71.75531 0.0153 37.0 24.0
0.0 71.75531 0.0154 36.0 25.0
0.0 74.74512 0.0154 36.0 25.0
0.0 74.74512 0.0155 35.0 26.0
0.0 77.734924 0.0155 35.0 26.0
0.0 77.734924 0.0156 34.0 27.0
0.0 80.72473 0.0156 34.0 27.0
0.0 80.72473 0.0157 33.0 28.0
0.0 83.71454 0.0157 33.0 28.0
0.0 83.71454 0.0158 32.0 29.0
0.0 86.704346 0.0158 32.0 29.0
0.0 86.704346 0.0159 31.0 30.0
0.0 89.69415 0.0159 31.0 30.0
0.0 89.69415 0.0160 30.0 31.0
0.0 92.68396 0.0160 30.0 31.0
0.0 92.68396 0.0161 29.0 32.0
0.0 95.67377 0.0161 29.0 32.0
0.0 95.67377 0.0162 28.0 33.0
0.94339234 98.51083 0.0162 28.0 33.0
0.94339234 98.51083 0.0163 27.0 34.0
1.8867847 101.3479 0.0163 27.0 34.0
1.8867847 101.3479 0.0164 26.0 35.0
2.830177 104.18497 0.0164 26.0 35.0
2.830177 104.18497 0.0165 25.0 36.0
3.7735693 107.02203 0.0165 25.0 36.0
3.7735693 107.02203 0.0166 24.0 37.0
4.716962 109.8591 0.0166 24.0 37.0
4.716962 109.8591 0.0167 23.0 38.0
5.660354 112.69617 0.0167 23.0 38.0
5.660354 112.69617 0.0168 22.0 39.0
6.6037464 115.53323 0.0168 22.0 39.0
6.6037464 115.53323 0.0169 21.0 40.0
7.5471387 118.3703 0.0169 21.0 40.0
7.5471387 118.3703 0.0170 12.0 41.0
7.5471387 121.36011 0.0170 12.0 41.0
7.5471387 121.36011 0.0171 11.0 42.0
7.5471387 124.349915 0.0171 11.0 42.0
7.5471387 124.349915 0.0172 10.0 43.0
7.5471387 127.33972 0.0172 10.0 43.0
7.5471387 127.33972 0.0173 9.0 44.0
7.5471387 130.32953 0.0173 9.0 44.0
7.5471387 130.32953 0.0174 4.0 45.0
8.490531 133.1666 0.0174 4.0 45.0
8.490531 133.1666 0.0175 3.0 46.0
9.433924 136.00366 0.0175 3.0 46.0
9.433924 136.00366 0.0176 0.0 47.0
9.433924 138.99347 0.0176 0.0 47.0
9.433924 138.99347 0.0177 0.0 48.0
9.433924 141.98328 0.0177 0.0 48.0
9.433924 136.00366 0.0178 2.0 47.0
10.377316 138.84073 0.0178 2.0 47.0
10.377316 138.84073 0.0179 1.0 48.0
11.320709 141.6778 0.0179 1.0 48.0
11.320709 141.6778 0.0180 0.0 49.0
13.111105 144.07225 0.0180 0.0 49.0
13.111105 144.07225 0.0181 0.0 50.0
14.901501 146.4667 0.0181 0.0 50.0
11.320709 141.6778 0.0182 0.0 49.0
11.320709 144.6676 0.0182 0.0 49.0
11.320709 144.6676 0.0183 0.0 50.0
11.320709 147.65741 0.0183 0.0 50.0
7.5471387 130.32953 0.0184 8.0 45.0
7.5471387 133.31934 0.0184 8.0 45.0
7.5471387 133.31934 0.0185 7.0 46.0
7.5471387 136.30914 0.0185 7.0 46.0
7.5471387 136.30914 0.0186 6.0 47.0
7.5471387 139.29895 0.0186 6.0 47.0
7.5471387 139.29895 0.0187 5.0 48.0
7.5471387 142.28876 0.0187 5.0 48.0
7.5471387 142.28876 0.0188 4.0 49.0
8.490531 145.12582 0.0188 4.0 49.0
8.490531 145.12582 0.0189 3.0 50.0
9.433924 147.96289 0.0189 3.0 50.0
9.433924 147.96289 0.0190 0.0 51.0
9.433924 150.9527 0.0190 0.0 51.0
9.433924 150.9527 0.0191 0.0 52.0
9.433924 153.9425 0.0191 0.0 52.0
9.433924 147.96289 0.0192 2.0 51.0
10.377316 150.79996 0.0192 2.0 51.0
10.377316 150.79996 0.0193 1.0 52.0
11.320709 153.63702 0.0193 1.0 52.0
11.320709 153.63702 0.0194 0.0 53.0
13.111105 156.03148 0.0194 0.0 53.0
13.111105 156.03148 0.0195 0.0 54.0
14.901501 158.42593 0.0195 0.0 54.0
11.320709 153.63702 0.0196 0.0 53.0
11.320709 156.62683 0.0196 0.0 53.0
11.320709 156.62683 0.0197 0.0 54.0
11.320709 159.61664 0.0197 0.0 54.0
7.5471387 142.28876 0.0198 4.0 49.0
6.6037464 145.12582 0.0198 4.0 49.0
6.6037464 145.12582 0.0199 3.0 50.0
5.660354 147.96289 0.0199 3.0 50.0
5.660354 147.96289 0.0200 0.0 51.0
3.8699589 150.35735 0.0200 0.0 51.0
3.8699589 150.35735 0.0201 0.0 52.0
2.0795636 152.7518 0.0201 0.0 52.0
5.660354 147.96289 0.0202 2.0 51.0
4.716962 150.79996 0.0202 2.0 51.0
4.716962 150.79996 0.0203 1.0 52.0
3.7735696 153.63702 0.0203 1.0 52.0
3.7735696 153.63702 0.0204 0.0 53.0
3.7735696 156.62683 0.0204 0.0 53.0
3.7735696 156.62683 0.0205 0.0 54.0
3.7735696 159.61664 0.0205 0.0 54.0
3.7735696 153.63702 0.0206 0.0 53.0
1.9831742 156.03148 0.0206 0.0 53.0
1.9831742 156.03148 0.0207 0.0 54.0
0.19277883 158.42593 0.0207 0.0 54.0
7.5471387 118.3703 0.0208 20.0 41.0
8.490531 121.20737 0.0208 20.0 41.0
8.490531 121.20737 0.0209 19.0 42.0
9.433924 124.04443 0.0209 19.0 42.0
9.433924 124.04443 0.0210 18.0 43.0
10.377316 126.8815 0.0210 18.0 43.0
10.377316 126.8815 0.0211 17.0 44.0
11.320709 129.71857 0.0211 17.0 44.0
11.320709 129.71857 0.0212 16.0 45.0
12.264102 132.55563 0.0212 16.0 45.0
12.264102 132.55563 0.0213 15.0 46.0
13.207495 135.3927 0.0213 15.0 46.0
13.207495 135.3927 0.0214 14.0 47.0
14.1508875 138.22977 0.0214 14.0 47.0
14.1508875 138.22977 0.0215 13.0 48.0
15.09428 141.06683 0.0215 13.0 48.0
15.09428 141.06683 0.0216 12.0 49.0
16.884676 143.46129 0.0216 12.0 49.0
16.884676 143.46129 0.0217 11.0 50.0
18.675072 145.85574 0.0217 11.0 50.0
18.675072 145.85574 0.0218 10.0 51.0
20.465467 148.2502 0.0218 10.0 51.0
20.465467 148.2502 0.0219 9.0 52.0
22.255863 150.64465 0.0219 9.0 52.0
22.255863 150.64465 0.0220 4.0 53.0
24.710331 152.35185 0.0220 4.0 53.0
24.710331 152.35185 0.0221 3.0 54.0
27.164799 154.05905 0.0221 3.0 54.0
27.164799 154.05905 0.0222 0.0 55.0
28.955194 156.4535 0.0222 0.0 55.0
28.955194 156.4535 0.0223 0.0 56.0
30.74559 158.84796 0.0223 0.0 56.0
27.164799 154.05905 0.0224 2.0 55.0
29.619267 155.76625 0.0224 2.0 55.0
29.619267 155.76625 0.0225 1.0 56.0
32.073734 157.47345 0.0225 1.0 56.0
32.073734 157.47345 0.0226 0.0 57.0
34.941494 158.31895 0.0226 0.0 57.0
34.941494 158.31895 0.0227 0.0 58.0
37.809254 159.16446 0.0227 0.0 58.0
32.073734 157.47345 0.0228 0.0 57.0
33.86413 159.8679 0.0228 0.0 57.0
33.86413 159.8679 0.0229 0.0 58.0
35.654522 162.26236 0.0229 0.0 58.0
22.255863 150.64465 0.0230 8.0 53.0
24.046259 153.03911 0.0230 8.0 53.0
24.046259 153.03911 0.0231 7.0 54.0
25.836655 155.43356 0.0231 7.0 54.0
25.836655 155.43356 0.0232 6.0 55.0
27.62705 157.82802 0.0232 6.0 55.0
27.62705 157.82802 0.0233 5.0 56.0
29.417446 160.22247 0.0233 5.0 56.0
29.417446 160.22247 0.0234 4.0 57.0
31.871914 161.92967 0.0234 4.0 57.0
31.871914 161.92967 0.0235 3.0 58.0
34.32638 163.63687 0.0235 3.0 58.0
34.32638 163.63687 0.0236 0.0 59.0
36.116776 166.03133 0.0236 0.0 59.0
36.116776 166.03133 0.0237 0.0 60.0
37.90717 168.42578 0.0237 0.0 60.0
34.32638 163.63687 0.0238 2.0 59.0
36.78085 165.34407 0.0238 2.0 59.0
36.78085 165.34407 0.0239 1.0 60.0
39.235317 167.05127 0.0239 1.0 60.0
39.235317 167.05127 0.0240 0.0 61.0
42.103077 167.89677 0.0240 0.0 61.0
42.103077 167.89677 0.0241 0.0 62.0
44.970837 168.74228 0.0241 0.0 62.0
39.235317 167.05127 0.0242 0.0 61.0
41.02571 169.44572 0.0242 0.0 61.0
41.02571 169.44572 0.0243 0.0 62.0
42.816105 171.84018 0.0243 0.0 62.0
29.417446 160.22247 0.0244 4.0 57.0
30.360838 163.05954 0.0244 4.0 57.0
30.360838 163.05954 0.0245 3.0 58.0
31.30423 165.8966 0.0245 3.0 58.0
31.30423 165.8966 0.0246 0.0 59.0
31.30423 168.88641 0.0246 0.0 59.0
31.30423 168.88641 0.0247 0.0 60.0
31.30423 171.87622 0.0247 0.0 60.0
31.30423 165.8966 0.0248 2.0 59.0
32.247623 168.73367 0.0248 2.0 59.0
32.247623 168.73367 0.0249 1.0 60.0
33.191017 171.57074 0.0249 1.0 60.0
33.191017 171.57074 0.0250 0.0 61.0
34.98141 173.9652 0.0250 0.0 61.0
34.98141 173.9652 0.0251 0.0 62.0
36.771805 176.35965 0.0251 0.0 62.0
33.191017 171.57074 0.0252 0.0 61.0
33.191017 174.56055 0.0252 0.0 61.0
33.191017 174.56055 0.0253 0.0 62.0
33.191017 177.55035 0.0253 0.0 62.0
15.09428 141.06683 0.0254 12.0 49.0
15.09428 144.05664 0.0254 12.0 49.0
15.09428 144.05664 0.0255 11.0 50.0
15.09428 147.04645 0.0255 11.0 50.0
15.09428 147.04645 0.0256 10.0 51.0
15.09428 150.03625 0.0256 10.0 51.0
15.09428 150.03625 0.0257 9.0 52.0
15.09428 153.02606 0.0257 9.0 52.0
15.09428 153.02606 0.0258 4.0 53.0
16.037672 155.86313 0.0258 4.0 53.0
16.037672 155.86313 0.0259 3.0 54.0
16.981064 158.7002 0.0259 3.0 54.0
16.981064 158.7002 0.0260 0.0 55.0
16.981064 161.69 0.0260 0.0 55.0
16.981064 161.69 0.0261 0.0 56.0
16.981064 164.67981 0.0261 0.0 56.0
16.981064 158.7002 0.0262 2.0 55.0
17.924456 161.53726 0.0262 2.0 55.0
17.924456 161.53726 0.0263 1.0 56.0
18.867847 164.37433 0.0263 1.0 56.0
18.867847 164.37433 0.0264 0.0 57.0
20.658243 166.76878 0.0264 0.0 57.0
20.658243 166.76878 0.0265 0.0 58.0
22.448639 169.16324 0.0265 0.0 58.0
18.867847 164.37433 0.0266 0.0 57.0
18.867847 167.36414 0.0266 0.0 57.0
18.867847 167.36414 0.0267 0.0 58.0
18.867847 170.35394 0.0267 0.0 58.0
15.09428 153.02606 0.0268 8.0 53.0
15.09428 156.01587 0.0268 8.0 53.0
15.09428 156.01587 0.0269 7.0 54.0
15.09428 159.00568 0.0269 7.0 54.0
15.09428 159.00568 0.0270 6.0 55.0
15.09428 161.99548 0.0270 6.0 55.0
15.09428 161.99548 0.0271 5.0 56.0
15.09428 164.98529 0.0271 5.0 56.0
15.09428 164.98529 0.0272 4.0 57.0
16.037672 167.82236 0.0272 4.0 57.0
16.037672 167.82236 0.0273 3.0 58.0
16.981064 170.65942 0.0273 3.0 58.0
16.981064 170.65942 0.0274 0.0 59.0
16.981064 173.64923 0.0274 0.0 59.0
16.981064 173.64923 0.0275 0.0 60.0
16.981064 176.63904 0.0275 0.0 60.0
16.981064 170.65942 0.0276 2.0 59.0
17.924456 173.49649 0.0276 2.0 59.0
17.924456 173.49649 0.0277 1.0 60.0
18.867847 176.33356 0.0277 1.0 60.0
18.867847 176.33356 0.0278 0.0 61.0
20.658243 178.72801 0.0278 0.0 61.0
20.658243 178.72801 0.0279 0.0 62.0
22.448639 181.12247 0.0279 0.0 62.0
18.867847 176.33356 0.0280 0.0 61.0
18.867847 179.32336 0.0280 0.0 61.0
18.867847 179.32336 0.0281 0.0 62.0
18.867847 182.31317 0.0281 0.0 62.0
15.09428 164.98529 0.0282 4.0 57.0
14.1508875 167.82236 0.0282 4.0 57.0
14.1508875 167.82236 0.0283 3.0 58.0
13.207495 170.65942 0.0283 3.0 58.0
13.207495 170.65942 0.0284 0.0 59.0
11.417099 173.05388 0.0284 0.0 59.0
11.417099 173.05388 0.0285 0.0 60.0
9.626703 175.44833 0.0285 0.0 60.0
13.207495 170.65942 0.0286 2.0 59.0
12.264102 173.49649 0.0286 2.0 59.0
12.264102 173.49649 0.0287 1.0 60.0
11.320709 176.33356 0.0287 1.0 60.0
11.320709 176.33356 0.0288 0.0 61.0
11.320709 179.32336 0.0288 0.0 61.0
11.320709 179.32336 0.0289 0.0 62.0
11.320709 182.31317 0.0289 0.0 62.0
11.320709 176.33356 0.0290 0.0 61.0
9.5303135 178.72801 0.0290 0.0 61.0
9.5303135 178.72801 0.0291 0.0 62.0
7.739918 181.12247 0.0291 0.0 62.0
0.0 95.67377 0.0292 28.0 33.0
-0.94339234 98.51083 0.0292 28.0 33.0
-0.94339234 98.51083 0.0293 27.0 34.0
-1.8867847 101.3479 0.0293 27.0 34.0
-1.8867847 101.3479 0.0294 26.0 35.0
-2.830177 104.18497 0.0294 26.0 35.0
-2.830177 104.18497 0.0295 25.0 36.0
-3.7735693 107.02203 0.0295 25.0 36.0
-3.7735693 107.02203 0.0296 24.0 37.0
-4.716962 109.8591 0.0296 24.0 37.0
-4.716962 109.8591 0.0297 23.0 38.0
-5.660354 112.69617 0.0297 23.0 38.0
-5.660354 112.69617 0.0298 22.0 39.0
-6.6037464 115.53323 0.0298 22.0 39.0
-6.6037464 115.53323 0.0299 21.0 40.0
-7.5471387 118.3703 0.0299 21.0 40.0
-7.5471387 118.3703 0.0300 12.0 41.0
-9.337534 120.764755 0.0300 12.0 41.0
-9.337534 120.764755 0.0301 11.0 42.0
-11.12793 123.15921 0.0301 11.0 42.0
-11.12793 123.15921 0.0302 10.0 43.0
-12.918325 125.553665 0.0302 10.0 43.0
-12.918325 125.553665 0.0303 9.0 44.0
-14.708721 127.94812 0.0303 9.0 44.0
-14.708721 127.94812 0.0304 4.0 45.0
-15.652114 130.78519 0.0304 4.0 45.0
-15.652114 130.78519 0.0305 3.0 46.0
-16.595507 133.62225 0.0305 3.0 46.0
-16.595507 133.62225 0.0306 0.0 47.0
-18.385902 136.01671 0.0306 0.0 47.0
-18.385902 136.01671 0.0307 0.0 48.0
-20.176298 138.41116 0.0307 0.0 48.0
-16.595507 133.62225 0.0308 2.0 47.0
-17.538898 136.45932 0.0308 2.0 47.0
-17.538898 136.45932 0.0309 1.0 48.0
-18.48229 139.29639 0.0309 1.0 48.0
-18.48229 139.29639 0.0310 0.0 49.0
-18.48229 142.2862 0.0310 0.0 49.0
-18.48229 142.2862 0.0311 0.0 50.0
-18.48229 145.276 0.0311 0.0 50.0
-18.48229 139.29639 0.0312 0.0 49.0
-20.272686 141.69084 0.0312 0.0 49.0
-20.272686 141.69084 0.0313 0.0 50.0
-22.063082 144.0853 0.0313 0.0 50.0
-14.708721 127.94812 0.0314 8.0 45.0
-16.499117 130.34258 0.0314 8.0 45.0
-16.499117 130.34258 0.0315 7.0 46.0
-18.289513 132.73703 0.0315 7.0 46.0
-18.289513 132.73703 0.0316 6.0 47.0
-20.079908 135.13148 0.0316 6.0 47.0
-20.079908 135.13148 0.0317 5.0 48.0
-21.870304 137.52594 0.0317 5.0 48.0
-21.870304 137.52594 0.0318 4.0 49.0
-22.813696 140.363 0.0318 4.0 49.0
-22.813696 140.363 0.0319 3.0 50.0
-23.757088 143.20007 0.0319 3.0 50.0
-23.757088 143.20007 0.0320 0.0 51.0
-25.547483 145.59453 0.0320 0.0 51.0
-25.547483 145.59453 0.0321 0.0 52.0
-27.33788 147.98898 0.0321 0.0 52.0
-23.757088 143.20007 0.0322 2.0 51.0
-24.70048 146.03714 0.0322 2.0 51.0
-24.70048 146.03714 0.0323 1.0 52.0
-25.643871 148.8742 0.0323 1.0 52.0
-25.643871 148.8742 0.0324 0.0 53.0
-25.643871 151.86401 0.0324 0.0 53.0
-25.643871 151.86401 0.0325 0.0 54.0
-25.643871 154.85382 0.0325 0.0 54.0
-25.643871 148.8742 0.0326 0.0 53.0
-27.434267 151.26866 0.0326 0.0 53.0
-27.434267 151.26866 0.0327 0.0 54.0
-29.224663 153.66312 0.0327 0.0 54.0
-21.870304 137.52594 0.0328 4.0 49.0
-24.324772 139.23314 0.0328 4.0 49.0
-24.324772 139.23314 0.0329 3.0 50.0
-26.77924 140.94034 0.0329 3.0 50.0
-26.77924 140.94034 0.0330 0.0 51.0
-29.647 141.78584 0.0330 0.0 51.0
-29.647 141.78584 0.0331 0.0 52.0
-32.51476 142.63135 0.0331 0.0 52.0
-26.77924 140.94034 0.0332 2.0 51.0
-29.233707 142.64754 0.0332 2.0 51.0
-29.233707 142.64754 0.0333 1.0 52.0
-31.688175 144.35474 0.0333 1.0 52.0
-31.688175 144.35474 0.0334 0.0 53.0
-33.47857 146.74919 0.0334 0.0 53.0
-33.47857 146.74919 0.0335 0.0 54.0
-35.268963 149.14365 0.0335 0.0 54.0
-31.688175 144.35474 0.0336 0.0 53.0
-34.555935 145.20024 0.0336 0.0 53.0
-34.555935 145.20024 0.0337 0.0 54.0
-37.423695 146.04575 0.0337 0.0 54.0
-7.5471387 118.3703 0.0338 20.0 41.0
-8.490531 121.20737 0.0338 20.0 41.0
-8.490531 121.20737 0.0339 19.0 42.0
-9.433924 124.04443 0.0339 19.0 42.0
-9.433924 124.04443 0.0340 18.0 43.0
-10.377316 126.8815 0.0340 18.0 43.0
-10.377316 126.8815 0.0341 17.0 44.0
-11.320709 129.71857 0.0341 17.0 44.0
-11.320709 129.71857 0.0342 16.0 45.0
-12.264102 132.55563 0.0342 16.0 45.0
-12.264102 132.55563 0.0343 15.0 46.0
-13.207495 135.3927 0.0343 15.0 46.0
-13.207495 135.3927 0.0344 14.0 47.0
-14.1508875 138.22977 0.0344 14.0 47.0
-14.1508875 138.22977 0.0345 13.0 48.0
-15.09428 141.06683 0.0345 13.0 48.0
-15.09428 141.06683 0.0346 12.0 49.0
-15.09428 144.05664 0.0346 12.0 49.0
-15.09428 144.05664 0.0347 11.0 50.0
-15.09428 147.04645 0.0347 11.0 50.0
-15.09428 147.04645 0.0348 10.0 51.0
-15.09428 150.03625 0.0348 10.0 51.0
-15.09428 150.03625 0.0349 9.0 52.0
-15.09428 153.02606 0.0349 9.0 52.0
-15.09428 153.02606 0.0350 4.0 53.0
-14.1508875 155.86313 0.0350 4.0 53.0
-14.1508875 155.86313 0.0351 3.0 54.0
-13.207495 158.7002 0.0351 3.0 54.0
-13.207495 158.7002 0.0352 0.0 55.0
-13.207495 161.69 0.0352 0.0 55.0
-13.207495 161.69 0.0353 0.0 56.0
-13.207495 164.67981 0.0353 0.0 56.0
-13.207495 158.7002 0.0354 2.0 55.0
-12.264102 161.53726 0.0354 2.0 55.0
-12.264102 161.53726 0.0355 1.0 56.0
-11.320709 164.37433 0.0355 1.0 56.0
-11.320709 164.37433 0.0356 0.0 57.0
-9.5303135 166.76878 0.0356 0.0 57.0
-9.5303135 166.76878 0.0357 0.0 58.0
-7.739918 169.16324 0.0357 0.0 58.0
-11.320709 164.37433 0.0358 0.0 57.0
-11.320709 167.36414 0.0358 0.0 57.0
-11.320709 167.36414 0.0359 0.0 58.0
-11.320709 170.35394 0.0359 0.0 58.0
-15.09428 153.02606 0.0360 8.0 53.0
-15.09428 156.01587 0.0360 8.0 53.0
-15.09428 156.01587 0.0361 7.0 54.0
-15.09428 159.00568 0.0361 7.0 54.0
-15.09428 159.00568 0.0362 6.0 55.0
-15.09428 161.99548 0.0362 6.0 55.0
-15.09428 161.99548 0.0363 5.0 56.0
-15.09428 164.98529 0.0363 5.0 56.0
-15.09428 164.98529 0.0364 4.0 57.0
-14.1508875 167.82236 0.0364 4.0 57.0
-14.1508875 167.82236 0.0365 3.0 58.0
-13.207495 170.65942 0.0365 3.0 58.0
-13.207495 170.65942 0.0366 0.0 59.0
-13.207495 173.64923 0.0366 0.0 59.0
-13.207495 173.64923 0.0367 0.0 60.0
-13.207495 176.63904 0.0367 0.0 60.0
-13.207495 170.65942 0.0368 2.0 59.0
-12.264102 173.49649 0.0368 2.0 59.0
-12.264102 173.49649 0.0369 1.0 60.0
-11.320709 176.33356 0.0369 1.0 60.0
-11.320709 176.33356 0.0370 0.0 61.0
-9.5303135 178.72801 0.0370 0.0 61.0
-9.5303135 178.72801 0.0371 0.0 62.0
-7.739918 181.12247 0.0371 0.0 62.0
-11.320709 176.33356 0.0372 0.0 61.0
-11.320709 179.32336 0.0372 0.0 61.0
-11.320709 179.32336 0.0373 0.0 62.0
-11.320709 182.31317 0.0373 0.0 62.0
-15.09428 164.98529 0.0374 4.0 57.0
-16.037672 167.82236 0.0374 4.0 57.0
-16.037672 167.82236 0.0375 3.0 58.0
-16.981064 170.65942 0.0375 3.0 58.0
-16.981064 170.65942 0.0376 0.0 59.0
-18.77146 173.05388 0.0376 0.0 59.0
-18.77146 173.05388 0.0377 0.0 60.0
-20.561855 175.44833 0.0377 0.0 60.0
-16.981064 170.65942 0.0378 2.0 59.0
-17.924456 173.49649 0.0378 2.0 59.0
-17.924456 173.49649 0.0379 1.0 60.0
-18.867847 176.33356 0.0379 1.0 60.0
-18.867847 176.33356 0.0380 0.0 61.0
-18.867847 179.32336 0.0380 0.0 61.0
-18.867847 179.32336 0.0381 0.0 62.0
-18.867847 182.31317 0.0381 0.0 62.0
-18.867847 176.33356 0.0382 0.0 61.0
-20.658243 178.72801 0.0382 0.0 61.0
-20.658243 178.72801 0.0383 0.0 62.0
-22.448639 181.12247 0.0383 0.0 62.0
-15.09428 141.06683 0.0384 12.0 49.0
-16.884676 143.46129 0.0384 12.0 49.0
-16.884676 143.46129 0.0385 11.0 50.0
-18.675072 145.85574 0.0385 11.0 50.0
-18.675072 145.85574 0.0386 10.0 51.0
-20.465467 148.2502 0.0386 10.0 51.0
-20.465467 148.2502 0.0387 9.0 52.0
-22.255863 150.64465 0.0387 9.0 52.0
-22.255863 150.64465 0.0388 4.0 53.0
-23.199255 153.48172 0.0388 4.0 53.0
-23.199255 153.48172 0.0389 3.0 54.0
-24.142647 156.31879 0.0389 3.0 54.0
-24.142647 156.31879 0.0390 0.0 55.0
-25.933043 158.71324 0.0390 0.0 55.0
-25.933043 158.71324 0.0391 0.0 56.0
-27.723438 161.1077 0.0391 0.0 56.0
-24.142647 156.31879 0.0392 2.0 55.0
-25.086039 159.15585 0.0392 2.0 55.0
-25.086039 159.15585 0.0393 1.0 56.0
-26.02943 161.99292 0.0393 1.0 56.0
-26.02943 161.99292 0.0394 0.0 57.0
-26.02943 164.98273 0.0394 0.0 57.0
-26.02943 164.98273 0.0395 0.0 58.0
-26.02943 167.97253 0.0395 0.0 58.0
-26.02943 161.99292 0.0396 0.0 57.0
-27.819826 164.38737 0.0396 0.0 57.0
-27.819826 164.38737 0.0397 0.0 58.0
-29.610222 166.78183 0.0397 0.0 58.0
-22.255863 150.64465 0.0398 8.0 53.0
-24.046259 153.03911 0.0398 8.0 53.0
-24.046259 153.03911 0.0399 7.0 54.0
-25.836655 155.43356 0.0399 7.0 54.0
-25.836655 155.43356 0.0400 6.0 55.0
-27.62705 157.82802 0.0400 6.0 55.0
-27.62705 157.82802 0.0401 5.0 56.0
-29.417446 160.22247 0.0401 5.0 56.0
-29.417446 160.22247 0.0402 4.0 57.0
-30.360838 163.05954 0.0402 4.0 57.0
-30.360838 163.05954 0.0403 3.0 58.0
-31.30423 165.8966 0.0403 3.0 58.0
-31.30423 165.8966 0.0404 0.0 59.0
-33.094624 168.29106 0.0404 0.0 59.0
-33.094624 168.29106 0.0405 0.0 60.0
-34.885017 170.68552 0.0405 0.0 60.0
-31.30423 165.8966 0.0406 2.0 59.0
-32.247623 168.73367 0.0406 2.0 59.0
-32.247623 168.73367 0.0407 1.0 60.0
-33.191017 171.57074 0.0407 1.0 60.0
-33.191017 171.57074 0.0408 0.0 61.0
-33.191017 174.56055 0.0408 0.0 61.0
-33.191017 174.56055 0.0409 0.0 62.0
-33.191017 177.55035 0.0409 0.0 62.0
-33.191017 171.57074 0.0410 0.0 61.0
-34.98141 173.9652 0.0410 0.0 61.0
-34.98141 173.9652 0.0411 0.0 62.0
-36.771805 176.35965 0.0411 0.0 62.0
-29.417446 160.22247 0.0412 4.0 57.0
-31.871914 161.92967 0.0412 4.0 57.0
-31.871914 161.92967 0.0413 3.0 58.0
-34.32638 163.63687 0.0413 3.0 58.0
-34.32638 163.63687 0.0414 0.0 59.0
-37.19414 164.48238 0.0414 0.0 59.0
-37.19414 164.48238 0.0415 0.0 60.0
-40.0619 165.32788 0.0415 0.0 60.0
-34.32638 163.63687 0.0416 2.0 59.0
-36.78085 165.34407 0.0416 2.0 59.0
-36.78085 165.34407 0.0417 1.0 60.0
-39.235317 167.05127 0.0417 1.0 60.0
-39.235317 167.05127 0.0418 0.0 61.0
-41.02571 169.44572 0.0418 0.0 61.0
-41.02571 169.44572 0.0419 0.0 62.0
-42.816105 171.84018 0.0419 0.0 62.0
-39.235317 167.05127 0.0420 0.0 61.0
-42.103077 167.89677 0.0420 0.0 61.0
-42.103077 167.89677 0.0421 0.0 62.0
-44.970837 168.74228 0.0421 0.0 62.0
