0.0 0.0 0.00 60.0 1.0
0.0 1.140135 0.00 60.0 1.0
0.0 1.140135 0.01 59.0 2.0
0.0 2.28027 0.01 59.0 2.0
0.0 2.28027 0.02 58.0 3.0
0.0 3.4204051 0.02 58.0 3.0
0.0 3.4204051 0.03 57.0 4.0
0.0 4.56054 0.03 57.0 4.0
0.0 4.56054 0.04 56.0 5.0
0.0 5.700675 0.04 56.0 5.0
0.0 5.700675 0.05 55.0 6.0
0.0 6.84081 0.05 55.0 6.0
0.0 6.84081 0.06 54.0 7.0
0.0 7.9809446 0.06 54.0 7.0
0.0 7.9809446 0.07 53.0 8.0
0.0 9.121079 0.07 53.0 8.0
0.0 9.121079 0.08 52.0 9.0
0.0 10.261214 0.08 52.0 9.0
0.0 10.261214 0.09 51.0 10.0
0.0 11.401349 0.09 51.0 10.0
0.0 11.401349 0.010 50.0 11.0
0.0 12.541484 0.010 50.0 11.0
0.0 12.541484 0.011 49.0 12.0
0.0 13.681619 0.011 49.0 12.0
0.0 13.681619 0.012 48.0 13.0
0.0 14.8217535 0.012 48.0 13.0
0.0 14.8217535 0.013 47.0 14.0
0.0 15.961888 0.013 47.0 14.0
0.0 15.961888 0.014 46.0 15.0
0.0 17.102024 0.014 46.0 15.0
0.0 17.102024 0.015 45.0 16.0
0.0 18.242159 0.015 45.0 16.0
0.0 18.242159 0.016 28.0 17.0
-0.3530451 19.326256 0.016 28.0 17.0
-0.3530451 19.326256 0.017 27.0 18.0
-0.7060902 20.410353 0.017 27.0 18.0
-0.7060902 20.410353 0.018 26.0 19.0
-1.0591353 21.49445 0.018 26.0 19.0
-1.0591353 21.49445 0.019 25.0 20.0
-1.4121804 22.578547 0.019 25.0 20.0
-1.4121804 22.578547 0.020 24.0 21.0
-1.7652255 23.662643 0.020 24.0 21.0
-1.7652255 23.662643 0.021 23.0 22.0
-2.1182706 24.74674 0.021 23.0 22.0
-2.1182706 24.74674 0.022 22.0 23.0
-2.4713159 25.830837 0.022 22.0 23.0
-2.4713159 25.830837 0.023 21.0 24.0
-2.8243608 26.914934 0.023 21.0 24.0
-2.8243608 26.914934 0.024 12.0 25.0
-3.4957466 27.836428 0.024 12.0 25.0
-3.4957466 27.836428 0.025 11.0 26.0
-4.1671324 28.757921 0.025 11.0 26.0
-4.1671324 28.757921 0.026 10.0 27.0
-4.838518 29.679415 0.026 10.0 27.0
-4.838518 29.679415 0.027 9.0 28.0
-5.509904 30.600908 0.027 9.0 28.0
-5.509904 30.600908 0.028 4.0 29.0
-6.4336333 31.269215 0.028 4.0 29.0
-6.4336333 31.269215 0.029 3.0 30.0
-7.3573627 31.937521 0.029 3.0 30.0
-7.3573627 31.937521 0.030 0.0 31.0
-8.442633 32.286945 0.030 0.0 31.0
-8.442633 32.286945 0.031 0.0 32.0
-9.527903 32.636368 0.031 0.0 32.0
-7.3573627 31.937521 0.032 0.0 31.0
-8.0287485 32.859013 0.032 0.0 31.0
-8.0287485 32.859013 0.033 0.0 32.0
-8.700134 33.780506 0.033 0.0 32.0
-7.3573627 31.937521 0.034 2.0 31.0
-8.281092 32.605827 0.034 2.0 31.0
-8.281092 32.605827 0.035 1.0 32.0
-9.204821 33.27413 0.035 1.0 32.0
-9.204821 33.27413 0.036 0.0 33.0
-10.12855 33.942436 0.036 0.0 33.0
-10.12855 33.942436 0.037 0.0 34.0
-11.0522785 34.61074 0.037 0.0 34.0
-5.509904 30.600908 0.038 4.0 29.0
-5.862949 31.685005 0.038 4.0 29.0
-5.862949 31.685005 0.039 3.0 30.0
-6.215994 32.769104 0.039 3.0 30.0
-6.215994 32.769104 0.040 0.0 31.0
-6.8873796 33.690598 0.040 0.0 31.0
-6.8873796 33.690598 0.041 0.0 32.0
-7.5587654 34.61209 0.041 0.0 32.0
-6.215994 32.769104 0.042 0.0 31.0
-6.215994 33.90924 0.042 0.0 31.0
-6.215994 33.90924 0.043 0.0 32.0
-6.215994 35.049377 0.043 0.0 32.0
-6.215994 32.769104 0.044 2.0 31.0
-6.569039 33.853203 0.044 2.0 31.0
-6.569039 33.853203 0.045 1.0 32.0
-6.922084 34.9373 0.045 1.0 32.0
-6.922084 34.9373 0.046 0.0 33.0
-7.275129 36.0214 0.046 0.0 33.0
-7.275129 36.0214 0.047 0.0 34.0
-7.628174 37.1055 0.047 0.0 34.0
-5.509904 30.600908 0.048 8.0 29.0
-6.1812897 31.522402 0.048 8.0 29.0
-6.1812897 31.522402 0.049 7.0 30.0
-6.8526754 32.443893 0.049 7.0 30.0
-6.8526754 32.443893 0.050 6.0 31.0
-7.524061 33.365387 0.050 6.0 31.0
-7.524061 33.365387 0.051 5.0 32.0
-8.195447 34.28688 0.051 5.0 32.0
-8.195447 34.28688 0.052 4.0 33.0
-8.866833 35.208374 0.052 4.0 33.0
-8.866833 35.208374 0.053 3.0 34.0
-9.5382185 36.129868 0.053 3.0 34.0
-9.5382185 36.129868 0.054 0.0 35.0
-10.461947 36.798172 0.054 0.0 35.0
-10.461947 36.798172 0.055 0.0 36.0
-11.385676 37.466476 0.055 0.0 36.0
-9.5382185 36.129868 0.056 0.0 35.0
-9.891264 37.213966 0.056 0.0 35.0
-9.891264 37.213966 0.057 0.0 36.0
-10.244309 38.298065 0.057 0.0 36.0
-9.5382185 36.129868 0.058 2.0 35.0
-10.209604 37.05136 0.058 2.0 35.0
-10.209604 37.05136 0.059 1.0 36.0
-10.88099 37.972855 0.059 1.0 36.0
-10.88099 37.972855 0.060 0.0 37.0
-11.552376 38.89435 0.060 0.0 37.0
-11.552376 38.89435 0.061 0.0 38.0
-12.223762 39.81584 0.061 0.0 38.0
-2.8243608 26.914934 0.062 12.0 25.0
-2.8243608 28.055069 0.062 12.0 25.0
-2.8243608 28.055069 0.063 11.0 26.0
-2.8243608 29.195204 0.063 11.0 26.0
-2.8243608 29.195204 0.064 10.0 27.0
-2.8243608 30.335339 0.064 10.0 27.0
-2.8243608 30.335339 0.065 9.0 28.0
-2.8243608 31.475473 0.065 9.0 28.0
-2.8243608 31.475473 0.066 4.0 29.0
-3.1774058 32.55957 0.066 4.0 29.0
-3.1774058 32.55957 0.067 3.0 30.0
-3.5304508 33.64367 0.067 3.0 30.0
-3.5304508 33.64367 0.068 0.0 31.0
-4.2018366 34.565163 0.068 0.0 31.0
-4.2018366 34.565163 0.069 0.0 32.0
-4.8732224 35.486656 0.069 0.0 32.0
-3.5304508 33.64367 0.070 0.0 31.0
-3.5304508 34.783806 0.070 0.0 31.0
-3.5304508 34.783806 0.071 0.0 32.0
-3.5304508 35.923943 0.071 0.0 32.0
-3.5304508 33.64367 0.072 2.0 31.0
-3.8834958 34.727768 0.072 2.0 31.0
-3.8834958 34.727768 0.073 1.0 32.0
-4.236541 35.811867 0.073 1.0 32.0
-4.236541 35.811867 0.074 0.0 33.0
-4.589586 36.895966 0.074 0.0 33.0
-4.589586 36.895966 0.075 0.0 34.0
-4.942631 37.980064 0.075 0.0 34.0
-2.8243608 31.475473 0.076 4.0 29.0
-2.4713159 32.55957 0.076 4.0 29.0
-2.4713159 32.55957 0.077 3.0 30.0
-2.1182709 33.64367 0.077 3.0 30.0
-2.1182709 33.64367 0.078 0.0 31.0
-2.1182709 34.783806 0.078 0.0 31.0
-2.1182709 34.783806 0.079 0.0 32.0
-2.1182709 35.923943 0.079 0.0 32.0
-2.1182709 33.64367 0.080 0.0 31.0
-1.4468851 34.565163 0.080 0.0 31.0
-1.4468851 34.565163 0.081 0.0 32.0
-0.7754993 35.486656 0.081 0.0 32.0
-2.1182709 33.64367 0.082 2.0 31.0
-1.7652258 34.727768 0.082 2.0 31.0
-1.7652258 34.727768 0.083 1.0 32.0
-1.4121807 35.811867 0.083 1.0 32.0
-1.4121807 35.811867 0.084 0.0 33.0
-1.0591356 36.895966 0.084 0.0 33.0
-1.0591356 36.895966 0.085 0.0 34.0
-0.70609045 37.980064 0.085 0.0 34.0
-2.8243608 31.475473 0.086 8.0 29.0
-2.8243608 32.61561 0.086 8.0 29.0
-2.8243608 32.61561 0.087 7.0 30.0
-2.8243608 33.755745 0.087 7.0 30.0
-2.8243608 33.755745 0.088 6.0 31.0
-2.8243608 34.89588 0.088 6.0 31.0
-2.8243608 34.89588 0.089 5.0 32.0
-2.8243608 36.03602 0.089 5.0 32.0
-2.8243608 36.03602 0.090 4.0 33.0
-2.8243608 37.176155 0.090 4.0 33.0
-2.8243608 37.176155 0.091 3.0 34.0
-2.8243608 38.31629 0.091 3.0 34.0
-2.8243608 38.31629 0.092 0.0 35.0
-3.1774058 39.40039 0.092 0.0 35.0
-3.1774058 39.40039 0.093 0.0 36.0
-3.5304508 40.48449 0.093 0.0 36.0
-2.8243608 38.31629 0.094 0.0 35.0
-2.4713159 39.40039 0.094 0.0 35.0
-2.4713159 39.40039 0.095 0.0 36.0
-2.1182709 40.48449 0.095 0.0 36.0
-2.8243608 38.31629 0.096 2.0 35.0
-2.8243608 39.45643 0.096 2.0 35.0
-2.8243608 39.45643 0.097 1.0 36.0
-2.8243608 40.596565 0.097 1.0 36.0
-2.8243608 40.596565 0.098 0.0 37.0
-2.8243608 41.736702 0.098 0.0 37.0
-2.8243608 41.736702 0.099 0.0 38.0
-2.8243608 42.87684 0.099 0.0 38.0
-2.8243608 26.914934 0.0100 20.0 25.0
-3.1774058 27.999031 0.0100 20.0 25.0
-3.1774058 27.999031 0.0101 19.0 26.0
-3.5304508 29.083128 0.0101 19.0 26.0
-3.5304508 29.083128 0.0102 18.0 27.0
-3.8834958 30.167225 0.0102 18.0 27.0
-3.8834958 30.167225 0.0103 17.0 28.0
-4.236541 31.251322 0.0103 17.0 28.0
-4.236541 31.251322 0.0104 16.0 29.0
-4.589586 32.33542 0.0104 16.0 29.0
-4.589586 32.33542 0.0105 15.0 30.0
-4.942631 33.419518 0.0105 15.0 30.0
-4.942631 33.419518 0.0106 14.0 31.0
-5.2956758 34.503616 0.0106 14.0 31.0
-5.2956758 34.503616 0.0107 13.0 32.0
-5.6487207 35.587715 0.0107 13.0 32.0
-5.6487207 35.587715 0.0108 12.0 33.0
-6.0017657 36.671814 0.0108 12.0 33.0
-6.0017657 36.671814 0.0109 11.0 34.0
-6.3548107 37.755913 0.0109 11.0 34.0
-6.3548107 37.755913 0.0110 10.0 35.0
-6.7078557 38.84001 0.0110 10.0 35.0
-6.7078557 38.84001 0.0111 9.0 36.0
-7.0609007 39.92411 0.0111 9.0 36.0
-7.0609007 39.92411 0.0112 4.0 37.0
-7.7322865 40.845604 0.0112 4.0 37.0
-7.7322865 40.845604 0.0113 3.0 38.0
-8.403672 41.767097 0.0113 3.0 38.0
-8.403672 41.767097 0.0114 0.0 39.0
-9.327401 42.435402 0.0114 0.0 39.0
-9.327401 42.435402 0.0115 0.0 40.0
-10.25113 43.103706 0.0115 0.0 40.0
-8.403672 41.767097 0.0116 0.0 39.0
-8.756718 42.851196 0.0116 0.0 39.0
-8.756718 42.851196 0.0117 0.0 40.0
-9.109763 43.935295 0.0117 0.0 40.0
-8.403672 41.767097 0.0118 2.0 39.0
-9.075058 42.68859 0.0118 2.0 39.0
-9.075058 42.68859 0.0119 1.0 40.0
-9.746444 43.610085 0.0119 1.0 40.0
-9.746444 43.610085 0.0120 0.0 41.0
-10.4178295 44.531578 0.0120 0.0 41.0
-10.4178295 44.531578 0.0121 0.0 42.0
-11.089215 45.45307 0.0121 0.0 42.0
-7.0609007 39.92411 0.0122 4.0 37.0
-7.0609007 41.064247 0.0122 4.0 37.0
-7.0609007 41.064247 0.0123 3.0 38.0
-7.0609007 42.204384 0.0123 3.0 38.0
-7.0609007 42.204384 0.0124 0.0 39.0
-7.4139457 43.288483 0.0124 0.0 39.0
-7.4139457 43.288483 0.0125 0.0 40.0
-7.7669907 44.37258 0.0125 0.0 40.0
-7.0609007 42.204384 0.0126 0.0 39.0
-6.7078557 43.288483 0.0126 0.0 39.0
-6.7078557 43.288483 0.0127 0.0 40.0
-6.3548107 44.37258 0.0127 0.0 40.0
-7.0609007 42.204384 0.0128 2.0 39.0
-7.0609007 43.34452 0.0128 2.0 39.0
-7.0609007 43.34452 0.0129 1.0 40.0
-7.0609007 44.484657 0.0129 1.0 40.0
-7.0609007 44.484657 0.0130 0.0 41.0
-7.0609007 45.624794 0.0130 0.0 41.0
-7.0609007 45.624794 0.0131 0.0 42.0
-7.0609007 46.76493 0.0131 0.0 42.0
-7.0609007 39.92411 0.0132 8.0 37.0
-7.4139457 41.00821 0.0132 8.0 37.0
-7.4139457 41.00821 0.0133 7.0 38.0
-7.7669907 42.092308 0.0133 7.0 38.0
-7.7669907 42.092308 0.0134 6.0 39.0
-8.120036 43.176407 0.0134 6.0 39.0
-8.120036 43.176407 0.0135 5.0 40.0
-8.473082 44.260506 0.0135 5.0 40.0
-8.473082 44.260506 0.0136 4.0 41.0
-8.826127 45.344604 0.0136 4.0 41.0
-8.826127 45.344604 0.0137 3.0 42.0
-9.1791725 46.428703 0.0137 3.0 42.0
-9.1791725 46.428703 0.0138 0.0 43.0
-9.850558 47.350197 0.0138 0.0 43.0
-9.850558 47.350197 0.0139 0.0 44.0
-10.521944 48.27169 0.0139 0.0 44.0
-9.1791725 46.428703 0.0140 0.0 43.0
-9.1791725 47.56884 0.0140 0.0 43.0
-9.1791725 47.56884 0.0141 0.0 44.0
-9.1791725 48.708977 0.0141 0.0 44.0
-9.1791725 46.428703 0.0142 2.0 43.0
-9.532218 47.512802 0.0142 2.0 43.0
-9.532218 47.512802 0.0143 1.0 44.0
-9.885263 48.5969 0.0143 1.0 44.0
-9.885263 48.5969 0.0144 0.0 45.0
-10.238309 49.681 0.0144 0.0 45.0
-10.238309 49.681 0.0145 0.0 46.0
-10.591354 50.7651 0.0145 0.0 46.0
0.0 18.242159 0.0146 28.0 17.0
0.3530451 19.326256 0.0146 28.0 17.0
0.3530451 19.326256 0.0147 27.0 18.0
0.7060902 20.410353 0.0147 27.0 18.0
0.7060902 20.410353 0.0148 26.0 19.0
1.0591353 21.49445 0.0148 26.0 19.0
1.0591353 21.49445 0.0149 25.0 20.0
1.4121804 22.578547 0.0149 25.0 20.0
1.4121804 22.578547 0.0150 24.0 21.0
1.7652255 23.662643 0.0150 24.0 21.0
1.7652255 23.662643 0.0151 23.0 22.0
2.1182706 24.74674 0.0151 23.0 22.0
2.1182706 24.74674 0.0152 22.0 23.0
2.4713159 25.830837 0.0152 22.0 23.0
2.4713159 25.830837 0.0153 21.0 24.0
2.8243608 26.914934 0.0153 21.0 24.0
2.8243608 26.914934 0.0154 12.0 25.0
2.8243608 28.055069 0.0154 12.0 25.0
2.8243608 28.055069 0.0155 11.0 26.0
2.8243608 29.195204 0.0155 11.0 26.0
2.8243608 29.195204 0.0156 10.0 27.0
2.8243608 30.335339 0.0156 10.0 27.0
2.8243608 30.335339 0.0157 9.0 28.0
2.8243608 31.475473 0.0157 9.0 28.0
2.8243608 31.475473 0.0158 4.0 29.0
2.4713159 32.55957 0.0158 4.0 29.0
2.4713159 32.55957 0.0159 3.0 30.0
2.1182709 33.64367 0.0159 3.0 30.0
2.1182709 33.64367 0.0160 0.0 31.0
1.4468851 34.565163 0.0160 0.0 31.0
1.4468851 34.565163 0.0161 0.0 32.0
0.7754993 35.486656 0.0161 0.0 32.0
2.1182709 33.64367 0.0162 0.0 31.0
2.1182709 34.783806 0.0162 0.0 31.0
2.1182709 34.783806 0.0163 0.0 32.0
2.1182709 35.923943 0.0163 0.0 32.0
2.1182709 33.64367 0.0164 2.0 31.0
1.7652258 34.727768 0.0164 2.0 31.0
1.7652258 34.727768 0.0165 1.0 32.0
1.4121807 35.811867 0.0165 1.0 32.0
1.4121807 35.811867 0.0166 0.0 33.0
1.0591356 36.895966 0.0166 0.0 33.0
1.0591356 36.895966 0.0167 0.0 34.0
0.70609045 37.980064 0.0167 0.0 34.0
2.8243608 31.475473 0.0168 4.0 29.0
3.1774058 32.55957 0.0168 4.0 29.0
3.1774058 32.55957 0.0169 3.0 30.0
3.5304508 33.64367 0.0169 3.0 30.0
3.5304508 33.64367 0.0170 0.0 31.0
3.5304508 34.783806 0.0170 0.0 31.0
3.5304508 34.783806 0.0171 0.0 32.0
3.5304508 35.923943 0.0171 0.0 32.0
3.5304508 33.64367 0.0172 0.0 31.0
4.2018366 34.565163 0.0172 0.0 31.0
4.2018366 34.565163 0.0173 0.0 32.0
4.8732224 35.486656 0.0173 0.0 32.0
3.5304508 33.64367 0.0174 2.0 31.0
3.8834958 34.727768 0.0174 2.0 31.0
3.8834958 34.727768 0.0175 1.0 32.0
4.236541 35.811867 0.0175 1.0 32.0
4.236541 35.811867 0.0176 0.0 33.0
4.589586 36.895966 0.0176 0.0 33.0
4.589586 36.895966 0.0177 0.0 34.0
4.942631 37.980064 0.0177 0.0 34.0
2.8243608 31.475473 0.0178 8.0 29.0
2.8243608 32.61561 0.0178 8.0 29.0
2.8243608 32.61561 0.0179 7.0 30.0
2.8243608 33.755745 0.0179 7.0 30.0
2.8243608 33.755745 0.0180 6.0 31.0
2.8243608 34.89588 0.0180 6.0 31.0
2.8243608 34.89588 0.0181 5.0 32.0
2.8243608 36.03602 0.0181 5.0 32.0
2.8243608 36.03602 0.0182 4.0 33.0
2.8243608 37.176155 0.0182 4.0 33.0
2.8243608 37.176155 0.0183 3.0 34.0
2.8243608 38.31629 0.0183 3.0 34.0
2.8243608 38.31629 0.0184 0.0 35.0
2.4713159 39.40039 0.0184 0.0 35.0
2.4713159 39.40039 0.0185 0.0 36.0
2.1182709 40.48449 0.0185 0.0 36.0
2.8243608 38.31629 0.0186 0.0 35.0
3.1774058 39.40039 0.0186 0.0 35.0
3.1774058 39.40039 0.0187 0.0 36.0
3.5304508 40.48449 0.0187 0.0 36.0
2.8243608 38.31629 0.0188 2.0 35.0
2.8243608 39.45643 0.0188 2.0 35.0
2.8243608 39.45643 0.0189 1.0 36.0
2.8243608 40.596565 0.0189 1.0 36.0
2.8243608 40.596565 0.0190 0.0 37.0
2.8243608 41.736702 0.0190 0.0 37.0
2.8243608 41.736702 0.0191 0.0 38.0
2.8243608 42.87684 0.0191 0.0 38.0
2.8243608 26.914934 0.0192 12.0 25.0
3.4957466 27.836428 0.0192 12.0 25.0
3.4957466 27.836428 0.0193 11.0 26.0
4.1671324 28.757921 0.0193 11.0 26.0
4.1671324 28.757921 0.0194 10.0 27.0
4.838518 29.679415 0.0194 10.0 27.0
4.838518 29.679415 0.0195 9.0 28.0
5.509904 30.600908 0.0195 9.0 28.0
5.509904 30.600908 0.0196 4.0 29.0
5.862949 31.685005 0.0196 4.0 29.0
5.862949 31.685005 0.0197 3.0 30.0
6.215994 32.769104 0.0197 3.0 30.0
6.215994 32.769104 0.0198 0.0 31.0
6.215994 33.90924 0.0198 0.0 31.0
6.215994 33.90924 0.0199 0.0 32.0
6.215994 35.049377 0.0199 0.0 32.0
6.215994 32.769104 0.0200 0.0 31.0
6.8873796 33.690598 0.0200 0.0 31.0
6.8873796 33.690598 0.0201 0.0 32.0
7.5587654 34.61209 0.0201 0.0 32.0
6.215994 32.769104 0.0202 2.0 31.0
6.569039 33.853203 0.0202 2.0 31.0
6.569039 33.853203 0.0203 1.0 32.0
6.922084 34.9373 0.0203 1.0 32.0
6.922084 34.9373 0.0204 0.0 33.0
7.275129 36.0214 0.0204 0.0 33.0
7.275129 36.0214 0.0205 0.0 34.0
7.628174 37.1055 0.0205 0.0 34.0
5.509904 30.600908 0.0206 4.0 29.0
6.4336333 31.269215 0.0206 4.0 29.0
6.4336333 31.269215 0.0207 3.0 30.0
7.3573627 31.937521 0.0207 3.0 30.0
7.3573627 31.937521 0.0208 0.0 31.0
8.0287485 32.859013 0.0208 0.0 31.0
8.0287485 32.859013 0.0209 0.0 32.0
8.700134 33.780506 0.0209 0.0 32.0
7.3573627 31.937521 0.0210 0.0 31.0
8.442633 32.286945 0.0210 0.0 31.0
8.442633 32.286945 0.0211 0.0 32.0
9.527903 32.636368 0.0211 0.0 32.0
7.3573627 31.937521 0.0212 2.0 31.0
8.281092 32.605827 0.0212 2.0 31.0
8.281092 32.605827 0.0213 1.0 32.0
9.204821 33.27413 0.0213 1.0 32.0
9.204821 33.27413 0.0214 0.0 33.0
10.12855 33.942436 0.0214 0.0 33.0
10.12855 33.942436 0.0215 0.0 34.0
11.0522785 34.61074 0.0215 0.0 34.0
5.509904 30.600908 0.0216 8.0 29.0
6.1812897 31.522402 0.0216 8.0 29.0
6.1812897 31.522402 0.0217 7.0 30.0
6.8526754 32.443893 0.0217 7.0 30.0
6.8526754 32.443893 0.0218 6.0 31.0
7.524061 33.365387 0.0218 6.0 31.0
7.524061 33.365387 0.0219 5.0 32.0
8.195447 34.28688 0.0219 5.0 32.0
8.195447 34.28688 0.0220 4.0 33.0
8.866833 35.208374 0.0220 4.0 33.0
8.866833 35.208374 0.0221 3.0 34.0
9.5382185 36.129868 0.0221 3.0 34.0
9.5382185 36.129868 0.0222 0.0 35.0
9.891264 37.213966 0.0222 0.0 35.0
9.891264 37.213966 0.0223 0.0 36.0
10.244309 38.298065 0.0223 0.0 36.0
9.5382185 36.129868 0.0224 0.0 35.0
10.461947 36.798172 0.0224 0.0 35.0
10.461947 36.798172 0.0225 0.0 36.0
11.385676 37.466476 0.0225 0.0 36.0
9.5382185 36.129868 0.0226 2.0 35.0
10.209604 37.05136 0.0226 2.0 35.0
10.209604 37.05136 0.0227 1.0 36.0
10.88099 37.972855 0.0227 1.0 36.0
10.88099 37.972855 0.0228 0.0 37.0
11.552376 38.89435 0.0228 0.0 37.0
11.552376 38.89435 0.0229 0.0 38.0
12.223762 39.81584 0.0229 0.0 38.0
2.8243608 26.914934 0.0230 20.0 25.0
3.1774058 27.999031 0.0230 20.0 25.0
3.1774058 27.999031 0.0231 19.0 26.0
3.5304508 29.083128 0.0231 19.0 26.0
3.5304508 29.083128 0.0232 18.0 27.0
3.8834958 30.167225 0.0232 18.0 27.0
3.8834958 30.167225 0.0233 17.0 28.0
4.236541 31.251322 0.0233 17.0 28.0
4.236541 31.251322 0.0234 16.0 29.0
4.589586 32.33542 0.0234 16.0 29.0
4.589586 32.33542 0.0235 15.0 30.0
4.942631 33.419518 0.0235 15.0 30.0
4.942631 33.419518 0.0236 14.0 31.0
5.2956758 34.503616 0.0236 14.0 31.0
5.2956758 34.503616 0.0237 13.0 32.0
5.6487207 35.587715 0.0237 13.0 32.0
5.6487207 35.587715 0.0238 12.0 33.0
6.0017657 36.671814 0.0238 12.0 33.0
6.0017657 36.671814 0.0239 11.0 34.0
6.3548107 37.755913 0.0239 11.0 34.0
6.3548107 37.755913 0.0240 10.0 35.0
6.7078557 38.84001 0.0240 10.0 35.0
6.7078557 38.84001 0.0241 9.0 36.0
7.0609007 39.92411 0.0241 9.0 36.0
7.0609007 39.92411 0.0242 4.0 37.0
7.0609007 41.064247 0.0242 4.0 37.0
7.0609007 41.064247 0.0243 3.0 38.0
7.0609007 42.204384 0.0243 3.0 38.0
7.0609007 42.204384 0.0244 0.0 39.0
6.7078557 43.288483 0.0244 0.0 39.0
6.7078557 43.288483 0.0245 0.0 40.0
6.3548107 44.37258 0.0245 0.0 40.0
7.0609007 42.204384 0.0246 0.0 39.0
7.4139457 43.288483 0.0246 0.0 39.0
7.4139457 43.288483 0.0247 0.0 40.0
7.7669907 44.37258 0.0247 0.0 40.0
7.0609007 42.204384 0.0248 2.0 39.0
7.0609007 43.34452 0.0248 2.0 39.0
7.0609007 43.34452 0.0249 1.0 40.0
7.0609007 44.484657 0.0249 1.0 40.0
7.0609007 44.484657 0.0250 0.0 41.0
7.0609007 45.624794 0.0250 0.0 41.0
7.0609007 45.624794 0.0251 0.0 42.0
7.0609007 46.76493 0.0251 0.0 42.0
7.0609007 39.92411 0.0252 4.0 37.0
7.7322865 40.845604 0.0252 4.0 37.0
7.7322865 40.845604 0.0253 3.0 38.0
8.403672 41.767097 0.0253 3.0 38.0
8.403672 41.767097 0.0254 0.0 39.0
8.756718 42.851196 0.0254 0.0 39.0
8.756718 42.851196 0.0255 0.0 40.0
9.109763 43.935295 0.0255 0.0 40.0
8.403672 41.767097 0.0256 0.0 39.0
9.327401 42.435402 0.0256 0.0 39.0
9.327401 42.435402 0.0257 0.0 40.0
10.25113 43.103706 0.0257 0.0 40.0
8.403672 41.767097 0.0258 2.0 39.0
9.075058 42.68859 0.0258 2.0 39.0
9.075058 42.68859 0.0259 1.0 40.0
9.746444 43.610085 0.0259 1.0 40.0
9.746444 43.610085 0.0260 0.0 41.0
10.4178295 44.531578 0.0260 0.0 41.0
10.4178295 44.531578 0.0261 0.0 42.0
11.089215 45.45307 0.0261 0.0 42.0
7.0609007 39.92411 0.0262 8.0 37.0
7.4139457 41.00821 0.0262 8.0 37.0
7.4139457 41.00821 0.0263 7.0 38.0
7.7669907 42.092308 0.0263 7.0 38.0
7.7669907 42.092308 0.0264 6.0 39.0
8.120036 43.176407 0.0264 6.0 39.0
8.120036 43.176407 0.0265 5.0 40.0
8.473082 44.260506 0.0265 5.0 40.0
8.473082 44.260506 0.0266 4.0 41.0
8.826127 45.344604 0.0266 4.0 41.0
8.826127 45.344604 0.0267 3.0 42.0
9.1791725 46.428703 0.0267 3.0 42.0
9.1791725 46.428703 0.0268 0.0 43.0
9.1791725 47.56884 0.0268 0.0 43.0
9.1791725 47.56884 0.0269 0.0 44.0
9.1791725 48.708977 0.0269 0.0 44.0
9.1791725 46.428703 0.0270 0.0 43.0
9.850558 47.350197 0.0270 0.0 43.0
9.850558 47.350197 0.0271 0.0 44.0
10.521944 48.27169 0.0271 0.0 44.0
9.1791725 46.428703 0.0272 2.0 43.0
9.532218 47.512802 0.0272 2.0 43.0
9.532218 47.512802 0.0273 1.0 44.0
9.885263 48.5969 0.0273 1.0 44.0
9.885263 48.5969 0.0274 0.0 45.0
10.238309 49.681 0.0274 0.0 45.0
10.238309 49.681 0.0275 0.0 46.0
10.591354 50.7651 0.0275 0.0 46.0
0.0 18.242159 0.0276 44.0 17.0
0.0 19.382294 0.0276 44.0 17.0
0.0 19.382294 0.0277 43.0 18.0
0.0 20.522429 0.0277 43.0 18.0
0.0 20.522429 0.0278 42.0 19.0
0.0 21.662563 0.0278 42.0 19.0
0.0 21.662563 0.0279 41.0 20.0
0.0 22.802698 0.0279 41.0 20.0
0.0 22.802698 0.0280 40.0 21.0
0.0 23.942833 0.0280 40.0 21.0
0.0 23.942833 0.0281 39.0 22.0
0.0 25.082968 0.0281 39.0 22.0
0.0 25.082968 0.0282 38.0 23.0
0.0 26.223103 0.0282 38.0 23.0
0.0 26.223103 0.0283 37.0 24.0
0.0 27.363237 0.0283 37.0 24.0
0.0 27.363237 0.0284 36.0 25.0
0.0 28.503372 0.0284 36.0 25.0
0.0 28.503372 0.0285 35.0 26.0
0.0 29.643507 0.0285 35.0 26.0
0.0 29.643507 0.0286 34.0 27.0
0.0 30.783642 0.0286 34.0 27.0
0.0 30.783642 0.0287 33.0 28.0
0.0 31.923777 0.0287 33.0 28.0
0.0 31.923777 0.0288 32.0 29.0
0.0 33.06391 0.0288 32.0 29.0
0.0 33.06391 0.0289 31.0 30.0
0.0 34.20405 0.0289 31.0 30.0
0.0 34.20405 0.0290 30.0 31.0
0.0 35.344185 0.0290 30.0 31.0
0.0 35.344185 0.0291 29.0 32.0
0.0 36.48432 0.0291 29.0 32.0
0.0 36.48432 0.0292 28.0 33.0
0.0 37.62446 0.0292 28.0 33.0
0.0 37.62446 0.0293 27.0 34.0
0.0 38.764595 0.0293 27.0 34.0
0.0 38.764595 0.0294 26.0 35.0
0.0 39.90473 0.0294 26.0 35.0
0.0 39.90473 0.0295 25.0 36.0
0.0 41.04487 0.0295 25.0 36.0
0.0 41.04487 0.0296 24.0 37.0
0.0 42.185005 0.0296 24.0 37.0
0.0 42.185005 0.0297 23.0 38.0
0.0 43.32514 0.0297 23.0 38.0
0.0 43.32514 0.0298 22.0 39.0
0.0 44.46528 0.0298 22.0 39.0
0.0 44.46528 0.0299 21.0 40.0
0.0 45.605415 0.0299 21.0 40.0
0.0 45.605415 0.0300 12.0 41.0
-0.3530451 46.689514 0.0300 12.0 41.0
-0.3530451 46.689514 0.0301 11.0 42.0
-0.7060902 47.773613 0.0301 11.0 42.0
-0.7060902 47.773613 0.0302 10.0 43.0
-1.0591353 48.85771 0.0302 10.0 43.0
-1.0591353 48.85771 0.0303 9.0 44.0
-1.4121804 49.94181 0.0303 9.0 44.0
-1.4121804 49.94181 0.0304 4.0 45.0
-2.0835662 50.863304 0.0304 4.0 45.0
-2.0835662 50.863304 0.0305 3.0 46.0
-2.754952 51.784798 0.0305 3.0 46.0
-2.754952 51.784798 0.0306 0.0 47.0
-3.6786814 52.453102 0.0306 0.0 47.0
-3.6786814 52.453102 0.0307 0.0 48.0
-4.602411 53.121407 0.0307 0.0 48.0
-2.754952 51.784798 0.0308 0.0 47.0
-3.107997 52.868896 0.0308 0.0 47.0
-3.107997 52.868896 0.0309 0.0 48.0
-3.461042 53.952995 0.0309 0.0 48.0
-2.754952 51.784798 0.0310 2.0 47.0
-3.4263377 52.70629 0.0310 2.0 47.0
-3.4263377 52.70629 0.0311 1.0 48.0
-4.0977235 53.627785 0.0311 1.0 48.0
-4.0977235 53.627785 0.0312 0.0 49.0
-4.7691092 54.54928 0.0312 0.0 49.0
-4.7691092 54.54928 0.0313 0.0 50.0
-5.440495 55.47077 0.0313 0.0 50.0
-1.4121804 49.94181 0.0314 4.0 45.0
-1.4121804 51.081947 0.0314 4.0 45.0
-1.4121804 51.081947 0.0315 3.0 46.0
-1.4121804 52.222084 0.0315 3.0 46.0
-1.4121804 52.222084 0.0316 0.0 47.0
-1.7652255 53.306183 0.0316 0.0 47.0
-1.7652255 53.306183 0.0317 0.0 48.0
-2.1182706 54.39028 0.0317 0.0 48.0
-1.4121804 52.222084 0.0318 0.0 47.0
-1.0591353 53.306183 0.0318 0.0 47.0
-1.0591353 53.306183 0.0319 0.0 48.0
-0.7060902 54.39028 0.0319 0.0 48.0
-1.4121804 52.222084 0.0320 2.0 47.0
-1.4121804 53.36222 0.0320 2.0 47.0
-1.4121804 53.36222 0.0321 1.0 48.0
-1.4121804 54.502357 0.0321 1.0 48.0
-1.4121804 54.502357 0.0322 0.0 49.0
-1.4121804 55.642494 0.0322 0.0 49.0
-1.4121804 55.642494 0.0323 0.0 50.0
-1.4121804 56.78263 0.0323 0.0 50.0
-1.4121804 49.94181 0.0324 8.0 45.0
-1.7652255 51.02591 0.0324 8.0 45.0
-1.7652255 51.02591 0.0325 7.0 46.0
-2.1182706 52.11001 0.0325 7.0 46.0
-2.1182706 52.11001 0.0326 6.0 47.0
-2.4713159 53.194107 0.0326 6.0 47.0
-2.4713159 53.194107 0.0327 5.0 48.0
-2.8243608 54.278206 0.0327 5.0 48.0
-2.8243608 54.278206 0.0328 4.0 49.0
-3.1774058 55.362305 0.0328 4.0 49.0
-3.1774058 55.362305 0.0329 3.0 50.0
-3.5304508 56.446404 0.0329 3.0 50.0
-3.5304508 56.446404 0.0330 0.0 51.0
-4.2018366 57.367897 0.0330 0.0 51.0
-4.2018366 57.367897 0.0331 0.0 52.0
-4.8732224 58.28939 0.0331 0.0 52.0
-3.5304508 56.446404 0.0332 0.0 51.0
-3.5304508 57.58654 0.0332 0.0 51.0
-3.5304508 57.58654 0.0333 0.0 52.0
-3.5304508 58.726677 0.0333 0.0 52.0
-3.5304508 56.446404 0.0334 2.0 51.0
-3.8834958 57.530502 0.0334 2.0 51.0
-3.8834958 57.530502 0.0335 1.0 52.0
-4.236541 58.6146 0.0335 1.0 52.0
-4.236541 58.6146 0.0336 0.0 53.0
-4.589586 59.6987 0.0336 0.0 53.0
-4.589586 59.6987 0.0337 0.0 54.0
-4.942631 60.7828 0.0337 0.0 54.0
0.0 45.605415 0.0338 12.0 41.0
0.3530451 46.689514 0.0338 12.0 41.0
0.3530451 46.689514 0.0339 11.0 42.0
0.7060902 47.773613 0.0339 11.0 42.0
0.7060902 47.773613 0.0340 10.0 43.0
1.0591353 48.85771 0.0340 10.0 43.0
1.0591353 48.85771 0.0341 9.0 44.0
1.4121804 49.94181 0.0341 9.0 44.0
1.4121804 49.94181 0.0342 4.0 45.0
1.4121804 51.081947 0.0342 4.0 45.0
1.4121804 51.081947 0.0343 3.0 46.0
1.4121804 52.222084 0.0343 3.0 46.0
1.4121804 52.222084 0.0344 0.0 47.0
1.0591353 53.306183 0.0344 0.0 47.0
1.0591353 53.306183 0.0345 0.0 48.0
0.7060902 54.39028 0.0345 0.0 48.0
1.4121804 52.222084 0.0346 0.0 47.0
1.7652255 53.306183 0.0346 0.0 47.0
1.7652255 53.306183 0.0347 0.0 48.0
2.1182706 54.39028 0.0347 0.0 48.0
1.4121804 52.222084 0.0348 2.0 47.0
1.4121804 53.36222 0.0348 2.0 47.0
1.4121804 53.36222 0.0349 1.0 48.0
1.4121804 54.502357 0.0349 1.0 48.0
1.4121804 54.502357 0.0350 0.0 49.0
1.4121804 55.642494 0.0350 0.0 49.0
1.4121804 55.642494 0.0351 0.0 50.0
1.4121804 56.78263 0.0351 0.0 50.0
1.4121804 49.94181 0.0352 4.0 45.0
2.0835662 50.863304 0.0352 4.0 45.0
2.0835662 50.863304 0.0353 3.0 46.0
2.754952 51.784798 0.0353 3.0 46.0
2.754952 51.784798 0.0354 0.0 47.0
3.107997 52.868896 0.0354 0.0 47.0
3.107997 52.868896 0.0355 0.0 48.0
3.461042 53.952995 0.0355 0.0 48.0
2.754952 51.784798 0.0356 0.0 47.0
3.6786814 52.453102 0.0356 0.0 47.0
3.6786814 52.453102 0.0357 0.0 48.0
4.602411 53.121407 0.0357 0.0 48.0
2.754952 51.784798 0.0358 2.0 47.0
3.4263377 52.70629 0.0358 2.0 47.0
3.4263377 52.70629 0.0359 1.0 48.0
4.0977235 53.627785 0.0359 1.0 48.0
4.0977235 53.627785 0.0360 0.0 49.0
4.7691092 54.54928 0.0360 0.0 49.0
4.7691092 54.54928 0.0361 0.0 50.0
5.440495 55.47077 0.0361 0.0 50.0
1.4121804 49.94181 0.0362 8.0 45.0
1.7652255 51.02591 0.0362 8.0 45.0
1.7652255 51.02591 0.0363 7.0 46.0
2.1182706 52.11001 0.0363 7.0 46.0
2.1182706 52.11001 0.0364 6.0 47.0
2.4713159 53.194107 0.0364 6.0 47.0
2.4713159 53.194107 0.0365 5.0 48.0
2.8243608 54.278206 0.0365 5.0 48.0
2.8243608 54.278206 0.0366 4.0 49.0
3.1774058 55.362305 0.0366 4.0 49.0
3.1774058 55.362305 0.0367 3.0 50.0
3.5304508 56.446404 0.0367 3.0 50.0
3.5304508 56.446404 0.0368 0.0 51.0
3.5304508 57.58654 0.0368 0.0 51.0
3.5304508 57.58654 0.0369 0.0 52.0
3.5304508 58.726677 0.0369 0.0 52.0
3.5304508 56.446404 0.0370 0.0 51.0
4.2018366 57.367897 0.0370 0.0 51.0
4.2018366 57.367897 0.0371 0.0 52.0
4.8732224 58.28939 0.0371 0.0 52.0
3.5304508 56.446404 0.0372 2.0 51.0
3.8834958 57.530502 0.0372 2.0 51.0
3.8834958 57.530502 0.0373 1.0 52.0
4.236541 58.6146 0.0373 1.0 52.0
4.236541 58.6146 0.0374 0.0 53.0
4.589586 59.6987 0.0374 0.0 53.0
4.589586 59.6987 0.0375 0.0 54.0
4.942631 60.7828 0.0375 0.0 54.0
0.0 45.605415 0.0376 20.0 41.0
0.0 46.745552 0.0376 20.0 41.0
0.0 46.745552 0.0377 19.0 42.0
0.0 47.88569 0.0377 19.0 42.0
0.0 47.88569 0.0378 18.0 43.0
0.0 49.025826 0.0378 18.0 43.0
0.0 49.025826 0.0379 17.0 44.0
0.0 50.165962 0.0379 17.0 44.0
0.0 50.165962 0.0380 16.0 45.0
0.0 51.3061 0.0380 16.0 45.0
0.0 51.3061 0.0381 15.0 46.0
0.0 52.446236 0.0381 15.0 46.0
0.0 52.446236 0.0382 14.0 47.0
0.0 53.586372 0.0382 14.0 47.0
0.0 53.586372 0.0383 13.0 48.0
0.0 54.72651 0.0383 13.0 48.0
0.0 54.72651 0.0384 12.0 49.0
0.0 55.866646 0.0384 12.0 49.0
0.0 55.866646 0.0385 11.0 50.0
0.0 57.006783 0.0385 11.0 50.0
0.0 57.006783 0.0386 10.0 51.0
0.0 58.14692 0.0386 10.0 51.0
0.0 58.14692 0.0387 9.0 52.0
0.0 59.287056 0.0387 9.0 52.0
0.0 59.287056 0.0388 4.0 53.0
-0.3530451 60.371155 0.0388 4.0 53.0
-0.3530451 60.371155 0.0389 3.0 54.0
-0.7060902 61.455254 0.0389 3.0 54.0
-0.7060902 61.455254 0.0390 0.0 55.0
-1.377476 62.376747 0.0390 0.0 55.0
-1.377476 62.376747 0.0391 0.0 56.0
-2.0488617 63.29824 0.0391 0.0 56.0
-0.7060902 61.455254 0.0392 0.0 55.0
-0.7060902 62.59539 0.0392 0.0 55.0
-0.7060902 62.59539 0.0393 0.0 56.0
-0.7060902 63.735527 0.0393 0.0 56.0
-0.7060902 61.455254 0.0394 2.0 55.0
-1.0591353 62.539352 0.0394 2.0 55.0
-1.0591353 62.539352 0.0395 1.0 56.0
-1.4121804 63.62345 0.0395 1.0 56.0
-1.4121804 63.62345 0.0396 0.0 57.0
-1.7652255 64.70755 0.0396 0.0 57.0
-1.7652255 64.70755 0.0397 0.0 58.0
-2.1182706 65.79165 0.0397 0.0 58.0
0.0 59.287056 0.0398 4.0 53.0
0.3530451 60.371155 0.0398 4.0 53.0
0.3530451 60.371155 0.0399 3.0 54.0
0.7060902 61.455254 0.0399 3.0 54.0
0.7060902 61.455254 0.0400 0.0 55.0
0.7060902 62.59539 0.0400 0.0 55.0
0.7060902 62.59539 0.0401 0.0 56.0
0.7060902 63.735527 0.0401 0.0 56.0
0.7060902 61.455254 0.0402 0.0 55.0
1.377476 62.376747 0.0402 0.0 55.0
1.377476 62.376747 0.0403 0.0 56.0
2.0488617 63.29824 0.0403 0.0 56.0
0.7060902 61.455254 0.0404 2.0 55.0
1.0591353 62.539352 0.0404 2.0 55.0
1.0591353 62.539352 0.0405 1.0 56.0
1.4121804 63.62345 0.0405 1.0 56.0
1.4121804 63.62345 0.0406 0.0 57.0
1.7652255 64.70755 0.0406 0.0 57.0
1.7652255 64.70755 0.0407 0.0 58.0
2.1182706 65.79165 0.0407 0.0 58.0
0.0 59.287056 0.0408 8.0 53.0
0.0 60.427193 0.0408 8.0 53.0
0.0 60.427193 0.0409 7.0 54.0
0.0 61.56733 0.0409 7.0 54.0
0.0 61.56733 0.0410 6.0 55.0
0.0 62.707466 0.0410 6.0 55.0
0.0 62.707466 0.0411 5.0 56.0
0.0 63.847603 0.0411 5.0 56.0
0.0 63.847603 0.0412 4.0 57.0
0.0 64.98774 0.0412 4.0 57.0
0.0 64.98774 0.0413 3.0 58.0
0.0 66.12788 0.0413 3.0 58.0
0.0 66.12788 0.0414 0.0 59.0
-0.3530451 67.211975 0.0414 0.0 59.0
-0.3530451 67.211975 0.0415 0.0 60.0
-0.7060902 68.296074 0.0415 0.0 60.0
0.0 66.12788 0.0416 0.0 59.0
0.3530451 67.211975 0.0416 0.0 59.0
0.3530451 67.211975 0.0417 0.0 60.0
0.7060902 68.296074 0.0417 0.0 60.0
0.0 66.12788 0.0418 2.0 59.0
0.0 67.26801 0.0418 2.0 59.0
0.0 67.26801 0.0419 1.0 60.0
0.0 68.40815 0.0419 1.0 60.0
0.0 68.40815 0.0420 0.0 61.0
0.0 69.54829 0.0420 0.0 61.0
0.0 69.54829 0.0421 0.0 62.0
0.0 70.68842 0.0421 0.0 62.0
