0.0 0.0 0.00 60.0 1.0
0.0 2.354889 0.00 60.0 1.0
0.0 2.354889 0.01 59.0 2.0
0.0 4.709778 0.01 59.0 2.0
0.0 4.709778 0.02 58.0 3.0
0.0 7.0646667 0.02 58.0 3.0
0.0 7.0646667 0.03 57.0 4.0
0.0 9.419556 0.03 57.0 4.0
0.0 9.419556 0.04 56.0 5.0
0.0 11.774445 0.04 56.0 5.0
0.0 11.774445 0.05 55.0 6.0
0.0 14.1293335 0.05 55.0 6.0
0.0 14.1293335 0.06 54.0 7.0
0.0 16.484222 0.06 54.0 7.0
0.0 16.484222 0.07 53.0 8.0
0.0 18.839111 0.07 53.0 8.0
0.0 18.839111 0.08 52.0 9.0
0.0 21.194 0.08 52.0 9.0
0.0 21.194 0.09 51.0 10.0
0.0 23.54889 0.09 51.0 10.0
0.0 23.54889 0.010 50.0 11.0
0.0 25.903778 0.010 50.0 11.0
0.0 25.903778 0.011 49.0 12.0
0.0 28.258667 0.011 49.0 12.0
0.0 28.258667 0.012 48.0 13.0
0.0 30.613556 0.012 48.0 13.0
0.0 30.613556 0.013 47.0 14.0
0.0 32.968445 0.013 47.0 14.0
0.0 32.968445 0.014 46.0 15.0
0.0 35.323334 0.014 46.0 15.0
0.0 35.323334 0.015 45.0 16.0
0.0 37.678223 0.015 45.0 16.0
0.0 37.678223 0.016 28.0 17.0
-0.70254433 39.925873 0.016 28.0 17.0
-0.70254433 39.925873 0.017 27.0 18.0
-1.4050887 42.173523 0.017 27.0 18.0
-1.4050887 42.173523 0.018 26.0 19.0
-2.107633 44.421173 0.018 26.0 19.0
-2.107633 44.421173 0.019 25.0 20.0
-2.8101773 46.668823 0.019 25.0 20.0
-2.8101773 46.668823 0.020 24.0 21.0
-3.5127215 48.916473 0.020 24.0 21.0
-3.5127215 48.916473 0.021 23.0 22.0
-4.2152658 51.164124 0.021 23.0 22.0
-4.2152658 51.164124 0.022 22.0 23.0
-4.91781 53.411774 0.022 22.0 23.0
-4.91781 53.411774 0.023 21.0 24.0
-5.620354 55.659424 0.023 21.0 24.0
-5.620354 55.659424 0.024 12.0 25.0
-6.9614573 57.595127 0.024 12.0 25.0
-6.9614573 57.595127 0.025 11.0 26.0
-8.30256 59.53083 0.025 11.0 26.0
-8.30256 59.53083 0.026 10.0 27.0
-9.643662 61.466534 0.026 10.0 27.0
-9.643662 61.466534 0.027 9.0 28.0
-10.984765 63.402237 0.027 9.0 28.0
-10.984765 63.402237 0.028 4.0 29.0
-12.842283 64.84969 0.028 4.0 29.0
-12.842283 64.84969 0.029 3.0 30.0
-14.6998005 66.29715 0.029 3.0 30.0
-14.6998005 66.29715 0.030 0.0 31.0
-16.904556 67.12453 0.030 0.0 31.0
-16.904556 67.12453 0.031 0.0 32.0
-19.109312 67.951904 0.031 0.0 32.0
-14.6998005 66.29715 0.032 0.0 31.0
-16.040903 68.23285 0.032 0.0 31.0
-16.040903 68.23285 0.033 0.0 32.0
-17.382006 70.16855 0.033 0.0 32.0
-14.6998005 66.29715 0.034 2.0 31.0
-16.557318 67.744606 0.034 2.0 31.0
-16.557318 67.744606 0.035 1.0 32.0
-18.414835 69.19206 0.035 1.0 32.0
-18.414835 69.19206 0.036 0.0 33.0
-20.272352 70.63952 0.036 0.0 33.0
-20.272352 70.63952 0.037 0.0 34.0
-22.12987 72.086975 0.037 0.0 34.0
-10.984765 63.402237 0.038 4.0 29.0
-11.687309 65.64989 0.038 4.0 29.0
-11.687309 65.64989 0.039 3.0 30.0
-12.3898535 67.89754 0.039 3.0 30.0
-12.3898535 67.89754 0.040 0.0 31.0
-13.730956 69.83324 0.040 0.0 31.0
-13.730956 69.83324 0.041 0.0 32.0
-15.072059 71.768936 0.041 0.0 32.0
-12.3898535 67.89754 0.042 0.0 31.0
-12.3898535 70.252426 0.042 0.0 31.0
-12.3898535 70.252426 0.043 0.0 32.0
-12.3898535 72.607315 0.043 0.0 32.0
-12.3898535 67.89754 0.044 2.0 31.0
-13.092398 70.14519 0.044 2.0 31.0
-13.092398 70.14519 0.045 1.0 32.0
-13.794942 72.39284 0.045 1.0 32.0
-13.794942 72.39284 0.046 0.0 33.0
-14.497486 74.64049 0.046 0.0 33.0
-14.497486 74.64049 0.047 0.0 34.0
-15.20003 76.88814 0.047 0.0 34.0
-10.984765 63.402237 0.048 8.0 29.0
-12.325868 65.33794 0.048 8.0 29.0
-12.325868 65.33794 0.049 7.0 30.0
-13.66697 67.273636 0.049 7.0 30.0
-13.66697 67.273636 0.050 6.0 31.0
-15.008073 69.209335 0.050 6.0 31.0
-15.008073 69.209335 0.051 5.0 32.0
-16.349176 71.145035 0.051 5.0 32.0
-16.349176 71.145035 0.052 4.0 33.0
-17.690279 73.080734 0.052 4.0 33.0
-17.690279 73.080734 0.053 3.0 34.0
-19.031382 75.01643 0.053 3.0 34.0
-19.031382 75.01643 0.054 0.0 35.0
-20.888899 76.46389 0.054 0.0 35.0
-20.888899 76.46389 0.055 0.0 36.0
-22.746416 77.91135 0.055 0.0 36.0
-19.031382 75.01643 0.056 0.0 35.0
-19.733927 77.264084 0.056 0.0 35.0
-19.733927 77.264084 0.057 0.0 36.0
-20.436472 79.511734 0.057 0.0 36.0
-19.031382 75.01643 0.058 2.0 35.0
-20.372484 76.95213 0.058 2.0 35.0
-20.372484 76.95213 0.059 1.0 36.0
-21.713587 78.88783 0.059 1.0 36.0
-21.713587 78.88783 0.060 0.0 37.0
-23.05469 80.82353 0.060 0.0 37.0
-23.05469 80.82353 0.061 0.0 38.0
-24.395792 82.75923 0.061 0.0 38.0
-5.620354 55.659424 0.062 12.0 25.0
-5.620354 58.014313 0.062 12.0 25.0
-5.620354 58.014313 0.063 11.0 26.0
-5.620354 60.3692 0.063 11.0 26.0
-5.620354 60.3692 0.064 10.0 27.0
-5.620354 62.72409 0.064 10.0 27.0
-5.620354 62.72409 0.065 9.0 28.0
-5.620354 65.07898 0.065 9.0 28.0
-5.620354 65.07898 0.066 4.0 29.0
-6.3228984 67.32663 0.066 4.0 29.0
-6.3228984 67.32663 0.067 3.0 30.0
-7.0254426 69.57428 0.067 3.0 30.0
-7.0254426 69.57428 0.068 0.0 31.0
-8.366546 71.50998 0.068 0.0 31.0
-8.366546 71.50998 0.069 0.0 32.0
-9.707648 73.44568 0.069 0.0 32.0
-7.0254426 69.57428 0.070 0.0 31.0
-7.0254426 71.92917 0.070 0.0 31.0
-7.0254426 71.92917 0.071 0.0 32.0
-7.0254426 74.28406 0.071 0.0 32.0
-7.0254426 69.57428 0.072 2.0 31.0
-7.727987 71.82193 0.072 2.0 31.0
-7.727987 71.82193 0.073 1.0 32.0
-8.4305315 74.06958 0.073 1.0 32.0
-8.4305315 74.06958 0.074 0.0 33.0
-9.133076 76.31723 0.074 0.0 33.0
-9.133076 76.31723 0.075 0.0 34.0
-9.83562 78.56488 0.075 0.0 34.0
-5.620354 65.07898 0.076 4.0 29.0
-4.91781 67.32663 0.076 4.0 29.0
-4.91781 67.32663 0.077 3.0 30.0
-4.2152658 69.57428 0.077 3.0 30.0
-4.2152658 69.57428 0.078 0.0 31.0
-4.2152658 71.92917 0.078 0.0 31.0
-4.2152658 71.92917 0.079 0.0 32.0
-4.2152658 74.28406 0.079 0.0 32.0
-4.2152658 69.57428 0.080 0.0 31.0
-2.8741627 71.50998 0.080 0.0 31.0
-2.8741627 71.50998 0.081 0.0 32.0
-1.5330597 73.44568 0.081 0.0 32.0
-4.2152658 69.57428 0.082 2.0 31.0
-3.5127215 71.82193 0.082 2.0 31.0
-3.5127215 71.82193 0.083 1.0 32.0
-2.8101773 74.06958 0.083 1.0 32.0
-2.8101773 74.06958 0.084 0.0 33.0
-2.107633 76.31723 0.084 0.0 33.0
-2.107633 76.31723 0.085 0.0 34.0
-1.4050888 78.56488 0.085 0.0 34.0
-5.620354 65.07898 0.086 8.0 29.0
-5.620354 67.43387 0.086 8.0 29.0
-5.620354 67.43387 0.087 7.0 30.0
-5.620354 69.78876 0.087 7.0 30.0
-5.620354 69.78876 0.088 6.0 31.0
-5.620354 72.14365 0.088 6.0 31.0
-5.620354 72.14365 0.089 5.0 32.0
-5.620354 74.498535 0.089 5.0 32.0
-5.620354 74.498535 0.090 4.0 33.0
-5.620354 76.853424 0.090 4.0 33.0
-5.620354 76.853424 0.091 3.0 34.0
-5.620354 79.20831 0.091 3.0 34.0
-5.620354 79.20831 0.092 0.0 35.0
-6.3228984 81.45596 0.092 0.0 35.0
-6.3228984 81.45596 0.093 0.0 36.0
-7.0254426 83.70361 0.093 0.0 36.0
-5.620354 79.20831 0.094 0.0 35.0
-4.91781 81.45596 0.094 0.0 35.0
-4.91781 81.45596 0.095 0.0 36.0
-4.2152658 83.70361 0.095 0.0 36.0
-5.620354 79.20831 0.096 2.0 35.0
-5.620354 81.5632 0.096 2.0 35.0
-5.620354 81.5632 0.097 1.0 36.0
-5.620354 83.91809 0.097 1.0 36.0
-5.620354 83.91809 0.098 0.0 37.0
-5.620354 86.27298 0.098 0.0 37.0
-5.620354 86.27298 0.099 0.0 38.0
-5.620354 88.62787 0.099 0.0 38.0
-5.620354 55.659424 0.0100 20.0 25.0
-6.3228984 57.907074 0.0100 20.0 25.0
-6.3228984 57.907074 0.0101 19.0 26.0
-7.0254426 60.154724 0.0101 19.0 26.0
-7.0254426 60.154724 0.0102 18.0 27.0
-7.727987 62.402374 0.0102 18.0 27.0
-7.727987 62.402374 0.0103 17.0 28.0
-8.4305315 64.650024 0.0103 17.0 28.0
-8.4305315 64.650024 0.0104 16.0 29.0
-9.133076 66.897675 0.0104 16.0 29.0
-9.133076 66.897675 0.0105 15.0 30.0
-9.83562 69.145325 0.0105 15.0 30.0
-9.83562 69.145325 0.0106 14.0 31.0
-10.538164 71.392975 0.0106 14.0 31.0
-10.538164 71.392975 0.0107 13.0 32.0
-11.240708 73.640625 0.0107 13.0 32.0
-11.240708 73.640625 0.0108 12.0 33.0
-11.943253 75.888275 0.0108 12.0 33.0
-11.943253 75.888275 0.0109 11.0 34.0
-12.645797 78.135925 0.0109 11.0 34.0
-12.645797 78.135925 0.0110 10.0 35.0
-13.348341 80.383575 0.0110 10.0 35.0
-13.348341 80.383575 0.0111 9.0 36.0
-14.050885 82.631226 0.0111 9.0 36.0
-14.050885 82.631226 0.0112 4.0 37.0
-15.391988 84.566925 0.0112 4.0 37.0
-15.391988 84.566925 0.0113 3.0 38.0
-16.733091 86.502625 0.0113 3.0 38.0
-16.733091 86.502625 0.0114 0.0 39.0
-18.590609 87.95008 0.0114 0.0 39.0
-18.590609 87.95008 0.0115 0.0 40.0
-20.448126 89.39754 0.0115 0.0 40.0
-16.733091 86.502625 0.0116 0.0 39.0
-17.435637 88.750275 0.0116 0.0 39.0
-17.435637 88.750275 0.0117 0.0 40.0
-18.138182 90.997925 0.0117 0.0 40.0
-16.733091 86.502625 0.0118 2.0 39.0
-18.074194 88.438324 0.0118 2.0 39.0
-18.074194 88.438324 0.0119 1.0 40.0
-19.415297 90.37402 0.0119 1.0 40.0
-19.415297 90.37402 0.0120 0.0 41.0
-20.7564 92.30972 0.0120 0.0 41.0
-20.7564 92.30972 0.0121 0.0 42.0
-22.097502 94.24542 0.0121 0.0 42.0
-14.050885 82.631226 0.0122 4.0 37.0
-14.050885 84.986115 0.0122 4.0 37.0
-14.050885 84.986115 0.0123 3.0 38.0
-14.050885 87.341 0.0123 3.0 38.0
-14.050885 87.341 0.0124 0.0 39.0
-14.753429 89.58865 0.0124 0.0 39.0
-14.753429 89.58865 0.0125 0.0 40.0
-15.455974 91.8363 0.0125 0.0 40.0
-14.050885 87.341 0.0126 0.0 39.0
-13.348341 89.58865 0.0126 0.0 39.0
-13.348341 89.58865 0.0127 0.0 40.0
-12.645797 91.8363 0.0127 0.0 40.0
-14.050885 87.341 0.0128 2.0 39.0
-14.050885 89.69589 0.0128 2.0 39.0
-14.050885 89.69589 0.0129 1.0 40.0
-14.050885 92.05078 0.0129 1.0 40.0
-14.050885 92.05078 0.0130 0.0 41.0
-14.050885 94.40567 0.0130 0.0 41.0
-14.050885 94.40567 0.0131 0.0 42.0
-14.050885 96.76056 0.0131 0.0 42.0
-14.050885 82.631226 0.0132 8.0 37.0
-14.753429 84.878876 0.0132 8.0 37.0
-14.753429 84.878876 0.0133 7.0 38.0
-15.455974 87.126526 0.0133 7.0 38.0
-15.455974 87.126526 0.0134 6.0 39.0
-16.158518 89.374176 0.0134 6.0 39.0
-16.158518 89.374176 0.0135 5.0 40.0
-16.861063 91.621826 0.0135 5.0 40.0
-16.861063 91.621826 0.0136 4.0 41.0
-17.563608 93.86948 0.0136 4.0 41.0
-17.563608 93.86948 0.0137 3.0 42.0
-18.266153 96.11713 0.0137 3.0 42.0
-18.266153 96.11713 0.0138 0.0 43.0
-19.607256 98.052826 0.0138 0.0 43.0
-19.607256 98.052826 0.0139 0.0 44.0
-20.948359 99.988525 0.0139 0.0 44.0
-18.266153 96.11713 0.0140 0.0 43.0
-18.266153 98.472015 0.0140 0.0 43.0
-18.266153 98.472015 0.0141 0.0 44.0
-18.266153 100.826904 0.0141 0.0 44.0
-18.266153 96.11713 0.0142 2.0 43.0
-18.968699 98.36478 0.0142 2.0 43.0
-18.968699 98.36478 0.0143 1.0 44.0
-19.671244 100.61243 0.0143 1.0 44.0
-19.671244 100.61243 0.0144 0.0 45.0
-20.373789 102.86008 0.0144 0.0 45.0
-20.373789 102.86008 0.0145 0.0 46.0
-21.076334 105.10773 0.0145 0.0 46.0
0.0 37.678223 0.0146 28.0 17.0
0.70254433 39.925873 0.0146 28.0 17.0
0.70254433 39.925873 0.0147 27.0 18.0
1.4050887 42.173523 0.0147 27.0 18.0
1.4050887 42.173523 0.0148 26.0 19.0
2.107633 44.421173 0.0148 26.0 19.0
2.107633 44.421173 0.0149 25.0 20.0
2.8101773 46.668823 0.0149 25.0 20.0
2.8101773 46.668823 0.0150 24.0 21.0
3.5127215 48.916473 0.0150 24.0 21.0
3.5127215 48.916473 0.0151 23.0 22.0
4.2152658 51.164124 0.0151 23.0 22.0
4.2152658 51.164124 0.0152 22.0 23.0
4.91781 53.411774 0.0152 22.0 23.0
4.91781 53.411774 0.0153 21.0 24.0
5.620354 55.659424 0.0153 21.0 24.0
5.620354 55.659424 0.0154 12.0 25.0
5.620354 58.014313 0.0154 12.0 25.0
5.620354 58.014313 0.0155 11.0 26.0
5.620354 60.3692 0.0155 11.0 26.0
5.620354 60.3692 0.0156 10.0 27.0
5.620354 62.72409 0.0156 10.0 27.0
5.620354 62.72409 0.0157 9.0 28.0
5.620354 65.07898 0.0157 9.0 28.0
5.620354 65.07898 0.0158 4.0 29.0
4.91781 67.32663 0.0158 4.0 29.0
4.91781 67.32663 0.0159 3.0 30.0
4.2152658 69.57428 0.0159 3.0 30.0
4.2152658 69.57428 0.0160 0.0 31.0
2.8741627 71.50998 0.0160 0.0 31.0
2.8741627 71.50998 0.0161 0.0 32.0
1.5330597 73.44568 0.0161 0.0 32.0
4.2152658 69.57428 0.0162 0.0 31.0
4.2152658 71.92917 0.0162 0.0 31.0
4.2152658 71.92917 0.0163 0.0 32.0
4.2152658 74.28406 0.0163 0.0 32.0
4.2152658 69.57428 0.0164 2.0 31.0
3.5127215 71.82193 0.0164 2.0 31.0
3.5127215 71.82193 0.0165 1.0 32.0
2.8101773 74.06958 0.0165 1.0 32.0
2.8101773 74.06958 0.0166 0.0 33.0
2.107633 76.31723 0.0166 0.0 33.0
2.107633 76.31723 0.0167 0.0 34.0
1.4050888 78.56488 0.0167 0.0 34.0
5.620354 65.07898 0.0168 4.0 29.0
6.3228984 67.32663 0.0168 4.0 29.0
6.3228984 67.32663 0.0169 3.0 30.0
7.0254426 69.57428 0.0169 3.0 30.0
7.0254426 69.57428 0.0170 0.0 31.0
7.0254426 71.92917 0.0170 0.0 31.0
7.0254426 71.92917 0.0171 0.0 32.0
7.0254426 74.28406 0.0171 0.0 32.0
7.0254426 69.57428 0.0172 0.0 31.0
8.366546 71.50998 0.0172 0.0 31.0
8.366546 71.50998 0.0173 0.0 32.0
9.707648 73.44568 0.0173 0.0 32.0
7.0254426 69.57428 0.0174 2.0 31.0
7.727987 71.82193 0.0174 2.0 31.0
7.727987 71.82193 0.0175 1.0 32.0
8.4305315 74.06958 0.0175 1.0 32.0
8.4305315 74.06958 0.0176 0.0 33.0
9.133076 76.31723 0.0176 0.0 33.0
9.133076 76.31723 0.0177 0.0 34.0
9.83562 78.56488 0.0177 0.0 34.0
5.620354 65.07898 0.0178 8.0 29.0
5.620354 67.43387 0.0178 8.0 29.0
5.620354 67.43387 0.0179 7.0 30.0
5.620354 69.78876 0.0179 7.0 30.0
5.620354 69.78876 0.0180 6.0 31.0
5.620354 72.14365 0.0180 6.0 31.0
5.620354 72.14365 0.0181 5.0 32.0
5.620354 74.498535 0.0181 5.0 32.0
5.620354 74.498535 0.0182 4.0 33.0
5.620354 76.853424 0.0182 4.0 33.0
5.620354 76.853424 0.0183 3.0 34.0
5.620354 79.20831 0.0183 3.0 34.0
5.620354 79.20831 0.0184 0.0 35.0
4.91781 81.45596 0.0184 0.0 35.0
4.91781 81.45596 0.0185 0.0 36.0
4.2152658 83.70361 0.0185 0.0 36.0
5.620354 79.20831 0.0186 0.0 35.0
6.3228984 81.45596 0.0186 0.0 35.0
6.3228984 81.45596 0.0187 0.0 36.0
7.0254426 83.70361 0.0187 0.0 36.0
5.620354 79.20831 0.0188 2.0 35.0
5.620354 81.5632 0.0188 2.0 35.0
5.620354 81.5632 0.0189 1.0 36.0
5.620354 83.91809 0.0189 1.0 36.0
5.620354 83.91809 0.0190 0.0 37.0
5.620354 86.27298 0.0190 0.0 37.0
5.620354 86.27298 0.0191 0.0 38.0
5.620354 88.62787 0.0191 0.0 38.0
5.620354 55.659424 0.0192 12.0 25.0
6.9614573 57.595127 0.0192 12.0 25.0
6.9614573 57.595127 0.0193 11.0 26.0
8.30256 59.53083 0.0193 11.0 26.0
8.30256 59.53083 0.0194 10.0 27.0
9.643662 61.466534 0.0194 10.0 27.0
9.643662 61.466534 0.0195 9.0 28.0
10.984765 63.402237 0.0195 9.0 28.0
10.984765 63.402237 0.0196 4.0 29.0
11.687309 65.64989 0.0196 4.0 29.0
11.687309 65.64989 0.0197 3.0 30.0
12.3898535 67.89754 0.0197 3.0 30.0
12.3898535 67.89754 0.0198 0.0 31.0
12.3898535 70.252426 0.0198 0.0 31.0
12.3898535 70.252426 0.0199 0.0 32.0
12.3898535 72.607315 0.0199 0.0 32.0
12.3898535 67.89754 0.0200 0.0 31.0
13.730956 69.83324 0.0200 0.0 31.0
13.730956 69.83324 0.0201 0.0 32.0
15.072059 71.768936 0.0201 0.0 32.0
12.3898535 67.89754 0.0202 2.0 31.0
13.092398 70.14519 0.0202 2.0 31.0
13.092398 70.14519 0.0203 1.0 32.0
13.794942 72.39284 0.0203 1.0 32.0
13.794942 72.39284 0.0204 0.0 33.0
14.497486 74.64049 0.0204 0.0 33.0
14.497486 74.64049 0.0205 0.0 34.0
15.20003 76.88814 0.0205 0.0 34.0
10.984765 63.402237 0.0206 4.0 29.0
12.842283 64.84969 0.0206 4.0 29.0
12.842283 64.84969 0.0207 3.0 30.0
14.6998005 66.29715 0.0207 3.0 30.0
14.6998005 66.29715 0.0208 0.0 31.0
16.040903 68.23285 0.0208 0.0 31.0
16.040903 68.23285 0.0209 0.0 32.0
17.382006 70.16855 0.0209 0.0 32.0
14.6998005 66.29715 0.0210 0.0 31.0
16.904556 67.12453 0.0210 0.0 31.0
16.904556 67.12453 0.0211 0.0 32.0
19.109312 67.951904 0.0211 0.0 32.0
14.6998005 66.29715 0.0212 2.0 31.0
16.557318 67.744606 0.0212 2.0 31.0
16.557318 67.744606 0.0213 1.0 32.0
18.414835 69.19206 0.0213 1.0 32.0
18.414835 69.19206 0.0214 0.0 33.0
20.272352 70.63952 0.0214 0.0 33.0
20.272352 70.63952 0.0215 0.0 34.0
22.12987 72.086975 0.0215 0.0 34.0
10.984765 63.402237 0.0216 8.0 29.0
12.325868 65.33794 0.0216 8.0 29.0
12.325868 65.33794 0.0217 7.0 30.0
13.66697 67.273636 0.0217 7.0 30.0
13.66697 67.273636 0.0218 6.0 31.0
15.008073 69.209335 0.0218 6.0 31.0
15.008073 69.209335 0.0219 5.0 32.0
16.349176 71.145035 0.0219 5.0 32.0
16.349176 71.145035 0.0220 4.0 33.0
17.690279 73.080734 0.0220 4.0 33.0
17.690279 73.080734 0.0221 3.0 34.0
19.031382 75.01643 0.0221 3.0 34.0
19.031382 75.01643 0.0222 0.0 35.0
19.733927 77.264084 0.0222 0.0 35.0
19.733927 77.264084 0.0223 0.0 36.0
20.436472 79.511734 0.0223 0.0 36.0
19.031382 75.01643 0.0224 0.0 35.0
20.888899 76.46389 0.0224 0.0 35.0
20.888899 76.46389 0.0225 0.0 36.0
22.746416 77.91135 0.0225 0.0 36.0
19.031382 75.01643 0.0226 2.0 35.0
20.372484 76.95213 0.0226 2.0 35.0
20.372484 76.95213 0.0227 1.0 36.0
21.713587 78.88783 0.0227 1.0 36.0
21.713587 78.88783 0.0228 0.0 37.0
23.05469 80.82353 0.0228 0.0 37.0
23.05469 80.82353 0.0229 0.0 38.0
24.395792 82.75923 0.0229 0.0 38.0
5.620354 55.659424 0.0230 20.0 25.0
6.3228984 57.907074 0.0230 20.0 25.0
6.3228984 57.907074 0.0231 19.0 26.0
7.0254426 60.154724 0.0231 19.0 26.0
7.0254426 60.154724 0.0232 18.0 27.0
7.727987 62.402374 0.0232 18.0 27.0
7.727987 62.402374 0.0233 17.0 28.0
8.4305315 64.650024 0.0233 17.0 28.0
8.4305315 64.650024 0.0234 16.0 29.0
9.133076 66.897675 0.0234 16.0 29.0
9.133076 66.897675 0.0235 15.0 30.0
9.83562 69.145325 0.0235 15.0 30.0
9.83562 69.145325 0.0236 14.0 31.0
10.538164 71.392975 0.0236 14.0 31.0
10.538164 71.392975 0.0237 13.0 32.0
11.240708 73.640625 0.0237 13.0 32.0
11.240708 73.640625 0.0238 12.0 33.0
11.943253 75.888275 0.0238 12.0 33.0
11.943253 75.888275 0.0239 11.0 34.0
12.645797 78.135925 0.0239 11.0 34.0
12.645797 78.135925 0.0240 10.0 35.0
13.348341 80.383575 0.0240 10.0 35.0
13.348341 80.383575 0.0241 9.0 36.0
14.050885 82.631226 0.0241 9.0 36.0
14.050885 82.631226 0.0242 4.0 37.0
14.050885 84.986115 0.0242 4.0 37.0
14.050885 84.986115 0.0243 3.0 38.0
14.050885 87.341 0.0243 3.0 38.0
14.050885 87.341 0.0244 0.0 39.0
13.348341 89.58865 0.0244 0.0 39.0
13.348341 89.58865 0.0245 0.0 40.0
12.645797 91.8363 0.0245 0.0 40.0
14.050885 87.341 0.0246 0.0 39.0
14.753429 89.58865 0.0246 0.0 39.0
14.753429 89.58865 0.0247 0.0 40.0
15.455974 91.8363 0.0247 0.0 40.0
14.050885 87.341 0.0248 2.0 39.0
14.050885 89.69589 0.0248 2.0 39.0
14.050885 89.69589 0.0249 1.0 40.0
14.050885 92.05078 0.0249 1.0 40.0
14.050885 92.05078 0.0250 0.0 41.0
14.050885 94.40567 0.0250 0.0 41.0
14.050885 94.40567 0.0251 0.0 42.0
14.050885 96.76056 0.0251 0.0 42.0
14.050885 82.631226 0.0252 4.0 37.0
15.391988 84.566925 0.0252 4.0 37.0
15.391988 84.566925 0.0253 3.0 38.0
16.733091 86.502625 0.0253 3.0 38.0
16.733091 86.502625 0.0254 0.0 39.0
17.435637 88.750275 0.0254 0.0 39.0
17.435637 88.750275 0.0255 0.0 40.0
18.138182 90.997925 0.0255 0.0 40.0
16.733091 86.502625 0.0256 0.0 39.0
18.590609 87.95008 0.0256 0.0 39.0
18.590609 87.95008 0.0257 0.0 40.0
20.448126 89.39754 0.0257 0.0 40.0
16.733091 86.502625 0.0258 2.0 39.0
18.074194 88.438324 0.0258 2.0 39.0
18.074194 88.438324 0.0259 1.0 40.0
19.415297 90.37402 0.0259 1.0 40.0
19.415297 90.37402 0.0260 0.0 41.0
20.7564 92.30972 0.0260 0.0 41.0
20.7564 92.30972 0.0261 0.0 42.0
22.097502 94.24542 0.0261 0.0 42.0
14.050885 82.631226 0.0262 8.0 37.0
14.753429 84.878876 0.0262 8.0 37.0
14.753429 84.878876 0.0263 7.0 38.0
15.455974 87.126526 0.0263 7.0 38.0
15.455974 87.126526 0.0264 6.0 39.0
16.158518 89.374176 0.0264 6.0 39.0
16.158518 89.374176 0.0265 5.0 40.0
16.861063 91.621826 0.0265 5.0 40.0
16.861063 91.621826 0.0266 4.0 41.0
17.563608 93.86948 0.0266 4.0 41.0
17.563608 93.86948 0.0267 3.0 42.0
18.266153 96.11713 0.0267 3.0 42.0
18.266153 96.11713 0.0268 0.0 43.0
18.266153 98.472015 0.0268 0.0 43.0
18.266153 98.472015 0.0269 0.0 44.0
18.266153 100.826904 0.0269 0.0 44.0
18.266153 96.11713 0.0270 0.0 43.0
19.607256 98.052826 0.0270 0.0 43.0
19.607256 98.052826 0.0271 0.0 44.0
20.948359 99.988525 0.0271 0.0 44.0
18.266153 96.11713 0.0272 2.0 43.0
18.968699 98.36478 0.0272 2.0 43.0
18.968699 98.36478 0.0273 1.0 44.0
19.671244 100.61243 0.0273 1.0 44.0
19.671244 100.61243 0.0274 0.0 45.0
20.373789 102.86008 0.0274 0.0 45.0
20.373789 102.86008 0.0275 0.0 46.0
21.076334 105.10773 0.0275 0.0 46.0
0.0 37.678223 0.0276 44.0 17.0
0.0 40.03311 0.0276 44.0 17.0
0.0 40.03311 0.0277 43.0 18.0
0.0 42.388 0.0277 43.0 18.0
0.0 42.388 0.0278 42.0 19.0
0.0 44.74289 0.0278 42.0 19.0
0.0 44.74289 0.0279 41.0 20.0
0.0 47.09778 0.0279 41.0 20.0
0.0 47.09778 0.0280 40.0 21.0
0.0 49.452667 0.0280 40.0 21.0
0.0 49.452667 0.0281 39.0 22.0
0.0 51.807556 0.0281 39.0 22.0
0.0 51.807556 0.0282 38.0 23.0
0.0 54.162445 0.0282 38.0 23.0
0.0 54.162445 0.0283 37.0 24.0
0.0 56.517334 0.0283 37.0 24.0
0.0 56.517334 0.0284 36.0 25.0
0.0 58.872223 0.0284 36.0 25.0
0.0 58.872223 0.0285 35.0 26.0
0.0 61.22711 0.0285 35.0 26.0
0.0 61.22711 0.0286 34.0 27.0
0.0 63.582 0.0286 34.0 27.0
0.0 63.582 0.0287 33.0 28.0
0.0 65.93689 0.0287 33.0 28.0
0.0 65.93689 0.0288 32.0 29.0
0.0 68.29178 0.0288 32.0 29.0
0.0 68.29178 0.0289 31.0 30.0
0.0 70.64667 0.0289 31.0 30.0
0.0 70.64667 0.0290 30.0 31.0
0.0 73.00156 0.0290 30.0 31.0
0.0 73.00156 0.0291 29.0 32.0
0.0 75.356445 0.0291 29.0 32.0
0.0 75.356445 0.0292 28.0 33.0
0.0 77.711334 0.0292 28.0 33.0
0.0 77.711334 0.0293 27.0 34.0
0.0 80.06622 0.0293 27.0 34.0
0.0 80.06622 0.0294 26.0 35.0
0.0 82.42111 0.0294 26.0 35.0
0.0 82.42111 0.0295 25.0 36.0
0.0 84.776 0.0295 25.0 36.0
0.0 84.776 0.0296 24.0 37.0
0.0 87.13089 0.0296 24.0 37.0
0.0 87.13089 0.0297 23.0 38.0
0.0 89.48578 0.0297 23.0 38.0
0.0 89.48578 0.0298 22.0 39.0
0.0 91.84067 0.0298 22.0 39.0
0.0 91.84067 0.0299 21.0 40.0
0.0 94.19556 0.0299 21.0 40.0
0.0 94.19556 0.0300 12.0 41.0
-0.70254433 96.44321 0.0300 12.0 41.0
-0.70254433 96.44321 0.0301 11.0 42.0
-1.4050887 98.69086 0.0301 11.0 42.0
-1.4050887 98.69086 0.0302 10.0 43.0
-2.107633 100.93851 0.0302 10.0 43.0
-2.107633 100.93851 0.0303 9.0 44.0
-2.8101773 103.18616 0.0303 9.0 44.0
-2.8101773 103.18616 0.0304 4.0 45.0
-4.1512804 105.12186 0.0304 4.0 45.0
-4.1512804 105.12186 0.0305 3.0 46.0
-5.4923835 107.057556 0.0305 3.0 46.0
-5.4923835 107.057556 0.0306 0.0 47.0
-7.349901 108.50501 0.0306 0.0 47.0
-7.349901 108.50501 0.0307 0.0 48.0
-9.207418 109.95247 0.0307 0.0 48.0
-5.4923835 107.057556 0.0308 0.0 47.0
-6.1949277 109.30521 0.0308 0.0 47.0
-6.1949277 109.30521 0.0309 0.0 48.0
-6.897472 111.55286 0.0309 0.0 48.0
-5.4923835 107.057556 0.0310 2.0 47.0
-6.8334866 108.993256 0.0310 2.0 47.0
-6.8334866 108.993256 0.0311 1.0 48.0
-8.174589 110.928955 0.0311 1.0 48.0
-8.174589 110.928955 0.0312 0.0 49.0
-9.515692 112.864655 0.0312 0.0 49.0
-9.515692 112.864655 0.0313 0.0 50.0
-10.856794 114.800354 0.0313 0.0 50.0
-2.8101773 103.18616 0.0314 4.0 45.0
-2.8101773 105.541046 0.0314 4.0 45.0
-2.8101773 105.541046 0.0315 3.0 46.0
-2.8101773 107.895935 0.0315 3.0 46.0
-2.8101773 107.895935 0.0316 0.0 47.0
-3.5127215 110.143585 0.0316 0.0 47.0
-3.5127215 110.143585 0.0317 0.0 48.0
-4.2152658 112.391235 0.0317 0.0 48.0
-2.8101773 107.895935 0.0318 0.0 47.0
-2.107633 110.143585 0.0318 0.0 47.0
-2.107633 110.143585 0.0319 0.0 48.0
-1.4050888 112.391235 0.0319 0.0 48.0
-2.8101773 107.895935 0.0320 2.0 47.0
-2.8101773 110.250824 0.0320 2.0 47.0
-2.8101773 110.250824 0.0321 1.0 48.0
-2.8101773 112.60571 0.0321 1.0 48.0
-2.8101773 112.60571 0.0322 0.0 49.0
-2.8101773 114.9606 0.0322 0.0 49.0
-2.8101773 114.9606 0.0323 0.0 50.0
-2.8101773 117.31549 0.0323 0.0 50.0
-2.8101773 103.18616 0.0324 8.0 45.0
-3.5127215 105.43381 0.0324 8.0 45.0
-3.5127215 105.43381 0.0325 7.0 46.0
-4.2152658 107.68146 0.0325 7.0 46.0
-4.2152658 107.68146 0.0326 6.0 47.0
-4.91781 109.92911 0.0326 6.0 47.0
-4.91781 109.92911 0.0327 5.0 48.0
-5.620354 112.17676 0.0327 5.0 48.0
-5.620354 112.17676 0.0328 4.0 49.0
-6.3228984 114.42441 0.0328 4.0 49.0
-6.3228984 114.42441 0.0329 3.0 50.0
-7.0254426 116.67206 0.0329 3.0 50.0
-7.0254426 116.67206 0.0330 0.0 51.0
-8.366546 118.60776 0.0330 0.0 51.0
-8.366546 118.60776 0.0331 0.0 52.0
-9.707648 120.54346 0.0331 0.0 52.0
-7.0254426 116.67206 0.0332 0.0 51.0
-7.0254426 119.02695 0.0332 0.0 51.0
-7.0254426 119.02695 0.0333 0.0 52.0
-7.0254426 121.381836 0.0333 0.0 52.0
-7.0254426 116.67206 0.0334 2.0 51.0
-7.727987 118.91971 0.0334 2.0 51.0
-7.727987 118.91971 0.0335 1.0 52.0
-8.4305315 121.16736 0.0335 1.0 52.0
-8.4305315 121.16736 0.0336 0.0 53.0
-9.133076 123.41501 0.0336 0.0 53.0
-9.133076 123.41501 0.0337 0.0 54.0
-9.83562 125.66266 0.0337 0.0 54.0
0.0 94.19556 0.0338 12.0 41.0
0.70254433 96.44321 0.0338 12.0 41.0
0.70254433 96.44321 0.0339 11.0 42.0
1.4050887 98.69086 0.0339 11.0 42.0
1.4050887 98.69086 0.0340 10.0 43.0
2.107633 100.93851 0.0340 10.0 43.0
2.107633 100.93851 0.0341 9.0 44.0
2.8101773 103.18616 0.0341 9.0 44.0
2.8101773 103.18616 0.0342 4.0 45.0
2.8101773 105.541046 0.0342 4.0 45.0
2.8101773 105.541046 0.0343 3.0 46.0
2.8101773 107.895935 0.0343 3.0 46.0
2.8101773 107.895935 0.0344 0.0 47.0
2.107633 110.143585 0.0344 0.0 47.0
2.107633 110.143585 0.0345 0.0 48.0
1.4050888 112.391235 0.0345 0.0 48.0
2.8101773 107.895935 0.0346 0.0 47.0
3.5127215 110.143585 0.0346 0.0 47.0
3.5127215 110.143585 0.0347 0.0 48.0
4.2152658 112.391235 0.0347 0.0 48.0
2.8101773 107.895935 0.0348 2.0 47.0
2.8101773 110.250824 0.0348 2.0 47.0
2.8101773 110.250824 0.0349 1.0 48.0
2.8101773 112.60571 0.0349 1.0 48.0
2.8101773 112.60571 0.0350 0.0 49.0
2.8101773 114.9606 0.0350 0.0 49.0
2.8101773 114.9606 0.0351 0.0 50.0
2.8101773 117.31549 0.0351 0.0 50.0
2.8101773 103.18616 0.0352 4.0 45.0
4.1512804 105.12186 0.0352 4.0 45.0
4.1512804 105.12186 0.0353 3.0 46.0
5.4923835 107.057556 0.0353 3.0 46.0
5.4923835 107.057556 0.0354 0.0 47.0
6.1949277 109.30521 0.0354 0.0 47.0
6.1949277 109.30521 0.0355 0.0 48.0
6.897472 111.55286 0.0355 0.0 48.0
5.4923835 107.057556 0.0356 0.0 47.0
7.349901 108.50501 0.0356 0.0 47.0
7.349901 108.50501 0.0357 0.0 48.0
9.207418 109.95247 0.0357 0.0 48.0
5.4923835 107.057556 0.0358 2.0 47.0
6.8334866 108.993256 0.0358 2.0 47.0
6.8334866 108.993256 0.0359 1.0 48.0
8.174589 110.928955 0.0359 1.0 48.0
8.174589 110.928955 0.0360 0.0 49.0
9.515692 112.864655 0.0360 0.0 49.0
9.515692 112.864655 0.0361 0.0 50.0
10.856794 114.800354 0.0361 0.0 50.0
2.8101773 103.18616 0.0362 8.0 45.0
3.5127215 105.43381 0.0362 8.0 45.0
3.5127215 105.43381 0.0363 7.0 46.0
4.2152658 107.68146 0.0363 7.0 46.0
4.2152658 107.68146 0.0364 6.0 47.0
4.91781 109.92911 0.0364 6.0 47.0
4.91781 109.92911 0.0365 5.0 48.0
5.620354 112.17676 0.0365 5.0 48.0
5.620354 112.17676 0.0366 4.0 49.0
6.3228984 114.42441 0.0366 4.0 49.0
6.3228984 114.42441 0.0367 3.0 50.0
7.0254426 116.67206 0.0367 3.0 50.0
7.0254426 116.67206 0.0368 0.0 51.0
7.0254426 119.02695 0.0368 0.0 51.0
7.0254426 119.02695 0.0369 0.0 52.0
7.0254426 121.381836 0.0369 0.0 52.0
7.0254426 116.67206 0.0370 0.0 51.0
8.366546 118.60776 0.0370 0.0 51.0
8.366546 118.60776 0.0371 0.0 52.0
9.707648 120.54346 0.0371 0.0 52.0
7.0254426 116.67206 0.0372 2.0 51.0
7.727987 118.91971 0.0372 2.0 51.0
7.727987 118.91971 0.0373 1.0 52.0
8.4305315 121.16736 0.0373 1.0 52.0
8.4305315 121.16736 0.0374 0.0 53.0
9.133076 123.41501 0.0374 0.0 53.0
9.133076 123.41501 0.0375 0.0 54.0
9.83562 125.66266 0.0375 0.0 54.0
0.0 94.19556 0.0376 20.0 41.0
0.0 96.550446 0.0376 20.0 41.0
0.0 96.550446 0.0377 19.0 42.0
0.0 98.905334 0.0377 19.0 42.0
0.0 98.905334 0.0378 18.0 43.0
0.0 101.26022 0.0378 18.0 43.0
0.0 101.26022 0.0379 17.0 44.0
0.0 103.61511 0.0379 17.0 44.0
0.0 103.61511 0.0380 16.0 45.0
0.0 105.97 0.0380 16.0 45.0
0.0 105.97 0.0381 15.0 46.0
0.0 108.32489 0.0381 15.0 46.0
0.0 108.32489 0.0382 14.0 47.0
0.0 110.67978 0.0382 14.0 47.0
0.0 110.67978 0.0383 13.0 48.0
0.0 113.03467 0.0383 13.0 48.0
0.0 113.03467 0.0384 12.0 49.0
0.0 115.38956 0.0384 12.0 49.0
0.0 115.38956 0.0385 11.0 50.0
0.0 117.744446 0.0385 11.0 50.0
0.0 117.744446 0.0386 10.0 51.0
0.0 120.099335 0.0386 10.0 51.0
0.0 120.099335 0.0387 9.0 52.0
0.0 122.45422 0.0387 9.0 52.0
0.0 122.45422 0.0388 4.0 53.0
-0.70254433 124.70187 0.0388 4.0 53.0
-0.70254433 124.70187 0.0389 3.0 54.0
-1.4050887 126.949524 0.0389 3.0 54.0
-1.4050887 126.949524 0.0390 0.0 55.0
-2.7461915 128.88522 0.0390 0.0 55.0
-2.7461915 128.88522 0.0391 0.0 56.0
-4.0872946 130.82092 0.0391 0.0 56.0
-1.4050887 126.949524 0.0392 0.0 55.0
-1.4050887 129.30441 0.0392 0.0 55.0
-1.4050887 129.30441 0.0393 0.0 56.0
-1.4050887 131.6593 0.0393 0.0 56.0
-1.4050887 126.949524 0.0394 2.0 55.0
-2.107633 129.19717 0.0394 2.0 55.0
-2.107633 129.19717 0.0395 1.0 56.0
-2.8101773 131.44482 0.0395 1.0 56.0
-2.8101773 131.44482 0.0396 0.0 57.0
-3.5127215 133.69247 0.0396 0.0 57.0
-3.5127215 133.69247 0.0397 0.0 58.0
-4.2152658 135.94012 0.0397 0.0 58.0
0.0 122.45422 0.0398 4.0 53.0
0.70254433 124.70187 0.0398 4.0 53.0
0.70254433 124.70187 0.0399 3.0 54.0
1.4050887 126.949524 0.0399 3.0 54.0
1.4050887 126.949524 0.0400 0.0 55.0
1.4050887 129.30441 0.0400 0.0 55.0
1.4050887 129.30441 0.0401 0.0 56.0
1.4050887 131.6593 0.0401 0.0 56.0
1.4050887 126.949524 0.0402 0.0 55.0
2.7461915 128.88522 0.0402 0.0 55.0
2.7461915 128.88522 0.0403 0.0 56.0
4.0872946 130.82092 0.0403 0.0 56.0
1.4050887 126.949524 0.0404 2.0 55.0
2.107633 129.19717 0.0404 2.0 55.0
2.107633 129.19717 0.0405 1.0 56.0
2.8101773 131.44482 0.0405 1.0 56.0
2.8101773 131.44482 0.0406 0.0 57.0
3.5127215 133.69247 0.0406 0.0 57.0
3.5127215 133.69247 0.0407 0.0 58.0
4.2152658 135.94012 0.0407 0.0 58.0
0.0 122.45422 0.0408 8.0 53.0
0.0 124.80911 0.0408 8.0 53.0
0.0 124.80911 0.0409 7.0 54.0
0.0 127.164 0.0409 7.0 54.0
0.0 127.164 0.0410 6.0 55.0
0.0 129.51889 0.0410 6.0 55.0
0.0 129.51889 0.0411 5.0 56.0
0.0 131.87378 0.0411 5.0 56.0
0.0 131.87378 0.0412 4.0 57.0
0.0 134.22867 0.0412 4.0 57.0
0.0 134.22867 0.0413 3.0 58.0
0.0 136.58356 0.0413 3.0 58.0
0.0 136.58356 0.0414 0.0 59.0
-0.70254433 138.8312 0.0414 0.0 59.0
-0.70254433 138.8312 0.0415 0.0 60.0
-1.4050887 141.07886 0.0415 0.0 60.0
0.0 136.58356 0.0416 0.0 59.0
0.70254433 138.8312 0.0416 0.0 59.0
0.70254433 138.8312 0.0417 0.0 60.0
1.4050887 141.07886 0.0417 0.0 60.0
0.0 136.58356 0.0418 2.0 59.0
0.0 138.93845 0.0418 2.0 59.0
0.0 138.93845 0.0419 1.0 60.0
0.0 141.29333 0.0419 1.0 60.0
0.0 141.29333 0.0420 0.0 61.0
0.0 143.64822 0.0420 0.0 61.0
0.0 143.64822 0.0421 0.0 62.0
0.0 146.00311 0.0421 0.0 62.0
