0.0 0.0 0.00 60.0 1.0
0.0 0.55439913 0.00 60.0 1.0
0.0 0.55439913 0.01 59.0 2.0
0.0 1.1087983 0.01 59.0 2.0
0.0 1.1087983 0.02 58.0 3.0
0.0 1.6631974 0.02 58.0 3.0
0.0 1.6631974 0.03 57.0 4.0
0.0 2.2175965 0.03 57.0 4.0
0.0 2.2175965 0.04 56.0 5.0
0.0 2.7719955 0.04 56.0 5.0
0.0 2.7719955 0.05 55.0 6.0
0.0 3.3263946 0.05 55.0 6.0
0.0 3.3263946 0.06 54.0 7.0
0.0 3.8807936 0.06 54.0 7.0
0.0 3.8807936 0.07 53.0 8.0
0.0 4.4351926 0.07 53.0 8.0
0.0 4.4351926 0.08 52.0 9.0
0.0 4.9895916 0.08 52.0 9.0
0.0 4.9895916 0.09 51.0 10.0
0.0 5.5439906 0.09 51.0 10.0
0.0 5.5439906 0.010 50.0 11.0
0.0 6.0983896 0.010 50.0 11.0
0.0 6.0983896 0.011 49.0 12.0
0.0 6.6527886 0.011 49.0 12.0
0.0 6.6527886 0.012 48.0 13.0
0.0 7.2071877 0.012 48.0 13.0
0.0 7.2071877 0.013 47.0 14.0
0.0 7.7615867 0.013 47.0 14.0
0.0 7.7615867 0.014 46.0 15.0
0.0 8.315986 0.014 46.0 15.0
0.0 8.315986 0.015 45.0 16.0
0.0 8.870385 0.015 45.0 16.0
0.0 8.870385 0.016 28.0 17.0
-0.23285136 9.373514 0.016 28.0 17.0
-0.23285136 9.373514 0.017 27.0 18.0
-0.4657027 9.876643 0.017 27.0 18.0
-0.4657027 9.876643 0.018 26.0 19.0
-0.69855404 10.379772 0.018 26.0 19.0
-0.69855404 10.379772 0.019 25.0 20.0
-0.9314054 10.882901 0.019 25.0 20.0
-0.9314054 10.882901 0.020 24.0 21.0
-1.1642568 11.38603 0.020 24.0 21.0
-1.1642568 11.38603 0.021 23.0 22.0
-1.3971082 11.889159 0.021 23.0 22.0
-1.3971082 11.889159 0.022 22.0 23.0
-1.6299596 12.392288 0.022 22.0 23.0
-1.6299596 12.392288 0.023 21.0 24.0
-1.862811 12.895417 0.023 21.0 24.0
-1.862811 12.895417 0.024 12.0 25.0
-2.285446 13.254218 0.024 12.0 25.0
-2.285446 13.254218 0.025 11.0 26.0
-2.708081 13.613019 0.025 11.0 26.0
-2.708081 13.613019 0.026 10.0 27.0
-3.130716 13.97182 0.026 10.0 27.0
-3.130716 13.97182 0.027 9.0 28.0
-3.5533512 14.330621 0.027 9.0 28.0
-3.5533512 14.330621 0.028 4.0 29.0
-4.0876 14.47873 0.028 4.0 29.0
-4.0876 14.47873 0.029 3.0 30.0
-4.621849 14.62684 0.029 3.0 30.0
-4.621849 14.62684 0.030 0.0 31.0
-5.168898 14.536864 0.030 0.0 31.0
-5.168898 14.536864 0.031 0.0 32.0
-5.715947 14.446889 0.031 0.0 32.0
-4.621849 14.62684 0.032 0.0 31.0
-5.044484 14.985641 0.032 0.0 31.0
-5.044484 14.985641 0.033 0.0 32.0
-5.467119 15.344441 0.033 0.0 32.0
-4.621849 14.62684 0.034 2.0 31.0
-5.156098 14.774949 0.034 2.0 31.0
-5.156098 14.774949 0.035 1.0 32.0
-5.6903467 14.9230585 0.035 1.0 32.0
-5.6903467 14.9230585 0.036 0.0 33.0
-6.2245955 15.071168 0.036 0.0 33.0
-6.2245955 15.071168 0.037 0.0 34.0
-6.7588444 15.219277 0.037 0.0 34.0
-3.5533512 14.330621 0.038 4.0 29.0
-3.7862024 14.83375 0.038 4.0 29.0
-3.7862024 14.83375 0.039 3.0 30.0
-4.019054 15.336879 0.039 3.0 30.0
-4.019054 15.336879 0.040 0.0 31.0
-4.441689 15.69568 0.040 0.0 31.0
-4.441689 15.69568 0.041 0.0 32.0
-4.864324 16.05448 0.041 0.0 32.0
-4.019054 15.336879 0.042 0.0 31.0
-4.019054 15.891278 0.042 0.0 31.0
-4.019054 15.891278 0.043 0.0 32.0
-4.019054 16.445677 0.043 0.0 32.0
-4.019054 15.336879 0.044 2.0 31.0
-4.2519054 15.840008 0.044 2.0 31.0
-4.2519054 15.840008 0.045 1.0 32.0
-4.484757 16.343136 0.045 1.0 32.0
-4.484757 16.343136 0.046 0.0 33.0
-4.7176085 16.846264 0.046 0.0 33.0
-4.7176085 16.846264 0.047 0.0 34.0
-4.95046 17.349392 0.047 0.0 34.0
-3.5533512 14.330621 0.048 8.0 29.0
-3.9759862 14.689422 0.048 8.0 29.0
-3.9759862 14.689422 0.049 7.0 30.0
-4.398621 15.048223 0.049 7.0 30.0
-4.398621 15.048223 0.050 6.0 31.0
-4.821256 15.407023 0.050 6.0 31.0
-4.821256 15.407023 0.051 5.0 32.0
-5.2438912 15.765824 0.051 5.0 32.0
-5.2438912 15.765824 0.052 4.0 33.0
-5.6665263 16.124624 0.052 4.0 33.0
-5.6665263 16.124624 0.053 3.0 34.0
-6.0891614 16.483425 0.053 3.0 34.0
-6.0891614 16.483425 0.054 0.0 35.0
-6.62341 16.631535 0.054 0.0 35.0
-6.62341 16.631535 0.055 0.0 36.0
-7.157659 16.779644 0.055 0.0 36.0
-6.0891614 16.483425 0.056 0.0 35.0
-6.322013 16.986553 0.056 0.0 35.0
-6.322013 16.986553 0.057 0.0 36.0
-6.5548644 17.489681 0.057 0.0 36.0
-6.0891614 16.483425 0.058 2.0 35.0
-6.5117965 16.842226 0.058 2.0 35.0
-6.5117965 16.842226 0.059 1.0 36.0
-6.9344316 17.201027 0.059 1.0 36.0
-6.9344316 17.201027 0.060 0.0 37.0
-7.3570666 17.559828 0.060 0.0 37.0
-7.3570666 17.559828 0.061 0.0 38.0
-7.7797017 17.918629 0.061 0.0 38.0
-1.862811 12.895417 0.062 12.0 25.0
-1.862811 13.449817 0.062 12.0 25.0
-1.862811 13.449817 0.063 11.0 26.0
-1.862811 14.004216 0.063 11.0 26.0
-1.862811 14.004216 0.064 10.0 27.0
-1.862811 14.558616 0.064 10.0 27.0
-1.862811 14.558616 0.065 9.0 28.0
-1.862811 15.113015 0.065 9.0 28.0
-1.862811 15.113015 0.066 4.0 29.0
-2.0956624 15.616144 0.066 4.0 29.0
-2.0956624 15.616144 0.067 3.0 30.0
-2.3285136 16.119272 0.067 3.0 30.0
-2.3285136 16.119272 0.068 0.0 31.0
-2.7511487 16.478073 0.068 0.0 31.0
-2.7511487 16.478073 0.069 0.0 32.0
-3.1737838 16.836874 0.069 0.0 32.0
-2.3285136 16.119272 0.070 0.0 31.0
-2.3285136 16.673672 0.070 0.0 31.0
-2.3285136 16.673672 0.071 0.0 32.0
-2.3285136 17.228071 0.071 0.0 32.0
-2.3285136 16.119272 0.072 2.0 31.0
-2.561365 16.6224 0.072 2.0 31.0
-2.561365 16.6224 0.073 1.0 32.0
-2.7942162 17.125528 0.073 1.0 32.0
-2.7942162 17.125528 0.074 0.0 33.0
-3.0270674 17.628656 0.074 0.0 33.0
-3.0270674 17.628656 0.075 0.0 34.0
-3.2599187 18.131784 0.075 0.0 34.0
-1.862811 15.113015 0.076 4.0 29.0
-1.6299596 15.616144 0.076 4.0 29.0
-1.6299596 15.616144 0.077 3.0 30.0
-1.3971082 16.119272 0.077 3.0 30.0
-1.3971082 16.119272 0.078 0.0 31.0
-1.3971082 16.673672 0.078 0.0 31.0
-1.3971082 16.673672 0.079 0.0 32.0
-1.3971082 17.228071 0.079 0.0 32.0
-1.3971082 16.119272 0.080 0.0 31.0
-0.97447324 16.478073 0.080 0.0 31.0
-0.97447324 16.478073 0.081 0.0 32.0
-0.5518383 16.836874 0.081 0.0 32.0
-1.3971082 16.119272 0.082 2.0 31.0
-1.1642568 16.6224 0.082 2.0 31.0
-1.1642568 16.6224 0.083 1.0 32.0
-0.9314054 17.125528 0.083 1.0 32.0
-0.9314054 17.125528 0.084 0.0 33.0
-0.69855404 17.628656 0.084 0.0 33.0
-0.69855404 17.628656 0.085 0.0 34.0
-0.46570268 18.131784 0.085 0.0 34.0
-1.862811 15.113015 0.086 8.0 29.0
-1.862811 15.667415 0.086 8.0 29.0
-1.862811 15.667415 0.087 7.0 30.0
-1.862811 16.221813 0.087 7.0 30.0
-1.862811 16.221813 0.088 6.0 31.0
-1.862811 16.776213 0.088 6.0 31.0
-1.862811 16.776213 0.089 5.0 32.0
-1.862811 17.330612 0.089 5.0 32.0
-1.862811 17.330612 0.090 4.0 33.0
-1.862811 17.885012 0.090 4.0 33.0
-1.862811 17.885012 0.091 3.0 34.0
-1.862811 18.439411 0.091 3.0 34.0
-1.862811 18.439411 0.092 0.0 35.0
-2.0956624 18.94254 0.092 0.0 35.0
-2.0956624 18.94254 0.093 0.0 36.0
-2.3285136 19.445667 0.093 0.0 36.0
-1.862811 18.439411 0.094 0.0 35.0
-1.6299596 18.94254 0.094 0.0 35.0
-1.6299596 18.94254 0.095 0.0 36.0
-1.3971082 19.445667 0.095 0.0 36.0
-1.862811 18.439411 0.096 2.0 35.0
-1.862811 18.99381 0.096 2.0 35.0
-1.862811 18.99381 0.097 1.0 36.0
-1.862811 19.54821 0.097 1.0 36.0
-1.862811 19.54821 0.098 0.0 37.0
-1.862811 20.10261 0.098 0.0 37.0
-1.862811 20.10261 0.099 0.0 38.0
-1.862811 20.65701 0.099 0.0 38.0
-1.862811 12.895417 0.0100 20.0 25.0
-2.0956624 13.398546 0.0100 20.0 25.0
-2.0956624 13.398546 0.0101 19.0 26.0
-2.3285136 13.901675 0.0101 19.0 26.0
-2.3285136 13.901675 0.0102 18.0 27.0
-2.561365 14.404804 0.0102 18.0 27.0
-2.561365 14.404804 0.0103 17.0 28.0
-2.7942162 14.907933 0.0103 17.0 28.0
-2.7942162 14.907933 0.0104 16.0 29.0
-3.0270674 15.411062 0.0104 16.0 29.0
-3.0270674 15.411062 0.0105 15.0 30.0
-3.2599187 15.914191 0.0105 15.0 30.0
-3.2599187 15.914191 0.0106 14.0 31.0
-3.49277 16.41732 0.0106 14.0 31.0
-3.49277 16.41732 0.0107 13.0 32.0
-3.7256212 16.920448 0.0107 13.0 32.0
-3.7256212 16.920448 0.0108 12.0 33.0
-3.9584725 17.423576 0.0108 12.0 33.0
-3.9584725 17.423576 0.0109 11.0 34.0
-4.1913238 17.926704 0.0109 11.0 34.0
-4.1913238 17.926704 0.0110 10.0 35.0
-4.4241753 18.429832 0.0110 10.0 35.0
-4.4241753 18.429832 0.0111 9.0 36.0
-4.657027 18.93296 0.0111 9.0 36.0
-4.657027 18.93296 0.0112 4.0 37.0
-5.079662 19.291761 0.0112 4.0 37.0
-5.079662 19.291761 0.0113 3.0 38.0
-5.502297 19.650562 0.0113 3.0 38.0
-5.502297 19.650562 0.0114 0.0 39.0
-6.0365458 19.798672 0.0114 0.0 39.0
-6.0365458 19.798672 0.0115 0.0 40.0
-6.5707946 19.946781 0.0115 0.0 40.0
-5.502297 19.650562 0.0116 0.0 39.0
-5.7351484 20.15369 0.0116 0.0 39.0
-5.7351484 20.15369 0.0117 0.0 40.0
-5.968 20.656818 0.0117 0.0 40.0
-5.502297 19.650562 0.0118 2.0 39.0
-5.924932 20.009363 0.0118 2.0 39.0
-5.924932 20.009363 0.0119 1.0 40.0
-6.347567 20.368164 0.0119 1.0 40.0
-6.347567 20.368164 0.0120 0.0 41.0
-6.770202 20.726965 0.0120 0.0 41.0
-6.770202 20.726965 0.0121 0.0 42.0
-7.192837 21.085766 0.0121 0.0 42.0
-4.657027 18.93296 0.0122 4.0 37.0
-4.657027 19.48736 0.0122 4.0 37.0
-4.657027 19.48736 0.0123 3.0 38.0
-4.657027 20.04176 0.0123 3.0 38.0
-4.657027 20.04176 0.0124 0.0 39.0
-4.8898783 20.544888 0.0124 0.0 39.0
-4.8898783 20.544888 0.0125 0.0 40.0
-5.12273 21.048016 0.0125 0.0 40.0
-4.657027 20.04176 0.0126 0.0 39.0
-4.4241753 20.544888 0.0126 0.0 39.0
-4.4241753 20.544888 0.0127 0.0 40.0
-4.1913238 21.048016 0.0127 0.0 40.0
-4.657027 20.04176 0.0128 2.0 39.0
-4.657027 20.596159 0.0128 2.0 39.0
-4.657027 20.596159 0.0129 1.0 40.0
-4.657027 21.150558 0.0129 1.0 40.0
-4.657027 21.150558 0.0130 0.0 41.0
-4.657027 21.704958 0.0130 0.0 41.0
-4.657027 21.704958 0.0131 0.0 42.0
-4.657027 22.259357 0.0131 0.0 42.0
-4.657027 18.93296 0.0132 8.0 37.0
-4.8898783 19.436089 0.0132 8.0 37.0
-4.8898783 19.436089 0.0133 7.0 38.0
-5.12273 19.939217 0.0133 7.0 38.0
-5.12273 19.939217 0.0134 6.0 39.0
-5.3555813 20.442345 0.0134 6.0 39.0
-5.3555813 20.442345 0.0135 5.0 40.0
-5.588433 20.945473 0.0135 5.0 40.0
-5.588433 20.945473 0.0136 4.0 41.0
-5.8212843 21.4486 0.0136 4.0 41.0
-5.8212843 21.4486 0.0137 3.0 42.0
-6.054136 21.951729 0.0137 3.0 42.0
-6.054136 21.951729 0.0138 0.0 43.0
-6.476771 22.31053 0.0138 0.0 43.0
-6.476771 22.31053 0.0139 0.0 44.0
-6.899406 22.66933 0.0139 0.0 44.0
-6.054136 21.951729 0.0140 0.0 43.0
-6.054136 22.506128 0.0140 0.0 43.0
-6.054136 22.506128 0.0141 0.0 44.0
-6.054136 23.060528 0.0141 0.0 44.0
-6.054136 21.951729 0.0142 2.0 43.0
-6.2869873 22.454857 0.0142 2.0 43.0
-6.2869873 22.454857 0.0143 1.0 44.0
-6.519839 22.957985 0.0143 1.0 44.0
-6.519839 22.957985 0.0144 0.0 45.0
-6.7526903 23.461113 0.0144 0.0 45.0
-6.7526903 23.461113 0.0145 0.0 46.0
-6.985542 23.964241 0.0145 0.0 46.0
0.0 8.870385 0.0146 28.0 17.0
0.23285136 9.373514 0.0146 28.0 17.0
0.23285136 9.373514 0.0147 27.0 18.0
0.4657027 9.876643 0.0147 27.0 18.0
0.4657027 9.876643 0.0148 26.0 19.0
0.69855404 10.379772 0.0148 26.0 19.0
0.69855404 10.379772 0.0149 25.0 20.0
0.9314054 10.882901 0.0149 25.0 20.0
0.9314054 10.882901 0.0150 24.0 21.0
1.1642568 11.38603 0.0150 24.0 21.0
1.1642568 11.38603 0.0151 23.0 22.0
1.3971082 11.889159 0.0151 23.0 22.0
1.3971082 11.889159 0.0152 22.0 23.0
1.6299596 12.392288 0.0152 22.0 23.0
1.6299596 12.392288 0.0153 21.0 24.0
1.862811 12.895417 0.0153 21.0 24.0
1.862811 12.895417 0.0154 12.0 25.0
1.862811 13.449817 0.0154 12.0 25.0
1.862811 13.449817 0.0155 11.0 26.0
1.862811 14.004216 0.0155 11.0 26.0
1.862811 14.004216 0.0156 10.0 27.0
1.862811 14.558616 0.0156 10.0 27.0
1.862811 14.558616 0.0157 9.0 28.0
1.862811 15.113015 0.0157 9.0 28.0
1.862811 15.113015 0.0158 4.0 29.0
1.6299596 15.616144 0.0158 4.0 29.0
1.6299596 15.616144 0.0159 3.0 30.0
1.3971082 16.119272 0.0159 3.0 30.0
1.3971082 16.119272 0.0160 0.0 31.0
0.97447324 16.478073 0.0160 0.0 31.0
0.97447324 16.478073 0.0161 0.0 32.0
0.5518383 16.836874 0.0161 0.0 32.0
1.3971082 16.119272 0.0162 0.0 31.0
1.3971082 16.673672 0.0162 0.0 31.0
1.3971082 16.673672 0.0163 0.0 32.0
1.3971082 17.228071 0.0163 0.0 32.0
1.3971082 16.119272 0.0164 2.0 31.0
1.1642568 16.6224 0.0164 2.0 31.0
1.1642568 16.6224 0.0165 1.0 32.0
0.9314054 17.125528 0.0165 1.0 32.0
0.9314054 17.125528 0.0166 0.0 33.0
0.69855404 17.628656 0.0166 0.0 33.0
0.69855404 17.628656 0.0167 0.0 34.0
0.46570268 18.131784 0.0167 0.0 34.0
1.862811 15.113015 0.0168 4.0 29.0
2.0956624 15.616144 0.0168 4.0 29.0
2.0956624 15.616144 0.0169 3.0 30.0
2.3285136 16.119272 0.0169 3.0 30.0
2.3285136 16.119272 0.0170 0.0 31.0
2.3285136 16.673672 0.0170 0.0 31.0
2.3285136 16.673672 0.0171 0.0 32.0
2.3285136 17.228071 0.0171 0.0 32.0
2.3285136 16.119272 0.0172 0.0 31.0
2.7511487 16.478073 0.0172 0.0 31.0
2.7511487 16.478073 0.0173 0.0 32.0
3.1737838 16.836874 0.0173 0.0 32.0
2.3285136 16.119272 0.0174 2.0 31.0
2.561365 16.6224 0.0174 2.0 31.0
2.561365 16.6224 0.0175 1.0 32.0
2.7942162 17.125528 0.0175 1.0 32.0
2.7942162 17.125528 0.0176 0.0 33.0
3.0270674 17.628656 0.0176 0.0 33.0
3.0270674 17.628656 0.0177 0.0 34.0
3.2599187 18.131784 0.0177 0.0 34.0
1.862811 15.113015 0.0178 8.0 29.0
1.862811 15.667415 0.0178 8.0 29.0
1.862811 15.667415 0.0179 7.0 30.0
1.862811 16.221813 0.0179 7.0 30.0
1.862811 16.221813 0.0180 6.0 31.0
1.862811 16.776213 0.0180 6.0 31.0
1.862811 16.776213 0.0181 5.0 32.0
1.862811 17.330612 0.0181 5.0 32.0
1.862811 17.330612 0.0182 4.0 33.0
1.862811 17.885012 0.0182 4.0 33.0
1.862811 17.885012 0.0183 3.0 34.0
1.862811 18.439411 0.0183 3.0 34.0
1.862811 18.439411 0.0184 0.0 35.0
1.6299596 18.94254 0.0184 0.0 35.0
1.6299596 18.94254 0.0185 0.0 36.0
1.3971082 19.445667 0.0185 0.0 36.0
1.862811 18.439411 0.0186 0.0 35.0
2.0956624 18.94254 0.0186 0.0 35.0
2.0956624 18.94254 0.0187 0.0 36.0
2.3285136 19.445667 0.0187 0.0 36.0
1.862811 18.439411 0.0188 2.0 35.0
1.862811 18.99381 0.0188 2.0 35.0
1.862811 18.99381 0.0189 1.0 36.0
1.862811 19.54821 0.0189 1.0 36.0
1.862811 19.54821 0.0190 0.0 37.0
1.862811 20.10261 0.0190 0.0 37.0
1.862811 20.10261 0.0191 0.0 38.0
1.862811 20.65701 0.0191 0.0 38.0
1.862811 12.895417 0.0192 12.0 25.0
2.285446 13.254218 0.0192 12.0 25.0
2.285446 13.254218 0.0193 11.0 26.0
2.708081 13.613019 0.0193 11.0 26.0
2.708081 13.613019 0.0194 10.0 27.0
3.130716 13.97182 0.0194 10.0 27.0
3.130716 13.97182 0.0195 9.0 28.0
3.5533512 14.330621 0.0195 9.0 28.0
3.5533512 14.330621 0.0196 4.0 29.0
3.7862024 14.83375 0.0196 4.0 29.0
3.7862024 14.83375 0.0197 3.0 30.0
4.019054 15.336879 0.0197 3.0 30.0
4.019054 15.336879 0.0198 0.0 31.0
4.019054 15.891278 0.0198 0.0 31.0
4.019054 15.891278 0.0199 0.0 32.0
4.019054 16.445677 0.0199 0.0 32.0
4.019054 15.336879 0.0200 0.0 31.0
4.441689 15.69568 0.0200 0.0 31.0
4.441689 15.69568 0.0201 0.0 32.0
4.864324 16.05448 0.0201 0.0 32.0
4.019054 15.336879 0.0202 2.0 31.0
4.2519054 15.840008 0.0202 2.0 31.0
4.2519054 15.840008 0.0203 1.0 32.0
4.484757 16.343136 0.0203 1.0 32.0
4.484757 16.343136 0.0204 0.0 33.0
4.7176085 16.846264 0.0204 0.0 33.0
4.7176085 16.846264 0.0205 0.0 34.0
4.95046 17.349392 0.0205 0.0 34.0
3.5533512 14.330621 0.0206 4.0 29.0
4.0876 14.47873 0.0206 4.0 29.0
4.0876 14.47873 0.0207 3.0 30.0
4.621849 14.62684 0.0207 3.0 30.0
4.621849 14.62684 0.0208 0.0 31.0
5.044484 14.985641 0.0208 0.0 31.0
5.044484 14.985641 0.0209 0.0 32.0
5.467119 15.344441 0.0209 0.0 32.0
4.621849 14.62684 0.0210 0.0 31.0
5.168898 14.536864 0.0210 0.0 31.0
5.168898 14.536864 0.0211 0.0 32.0
5.715947 14.446889 0.0211 0.0 32.0
4.621849 14.62684 0.0212 2.0 31.0
5.156098 14.774949 0.0212 2.0 31.0
5.156098 14.774949 0.0213 1.0 32.0
5.6903467 14.9230585 0.0213 1.0 32.0
5.6903467 14.9230585 0.0214 0.0 33.0
6.2245955 15.071168 0.0214 0.0 33.0
6.2245955 15.071168 0.0215 0.0 34.0
6.7588444 15.219277 0.0215 0.0 34.0
3.5533512 14.330621 0.0216 8.0 29.0
3.9759862 14.689422 0.0216 8.0 29.0
3.9759862 14.689422 0.0217 7.0 30.0
4.398621 15.048223 0.0217 7.0 30.0
4.398621 15.048223 0.0218 6.0 31.0
4.821256 15.407023 0.0218 6.0 31.0
4.821256 15.407023 0.0219 5.0 32.0
5.2438912 15.765824 0.0219 5.0 32.0
5.2438912 15.765824 0.0220 4.0 33.0
5.6665263 16.124624 0.0220 4.0 33.0
5.6665263 16.124624 0.0221 3.0 34.0
6.0891614 16.483425 0.0221 3.0 34.0
6.0891614 16.483425 0.0222 0.0 35.0
6.322013 16.986553 0.0222 0.0 35.0
6.322013 16.986553 0.0223 0.0 36.0
6.5548644 17.489681 0.0223 0.0 36.0
6.0891614 16.483425 0.0224 0.0 35.0
6.62341 16.631535 0.0224 0.0 35.0
6.62341 16.631535 0.0225 0.0 36.0
7.157659 16.779644 0.0225 0.0 36.0
6.0891614 16.483425 0.0226 2.0 35.0
6.5117965 16.842226 0.0226 2.0 35.0
6.5117965 16.842226 0.0227 1.0 36.0
6.9344316 17.201027 0.0227 1.0 36.0
6.9344316 17.201027 0.0228 0.0 37.0
7.3570666 17.559828 0.0228 0.0 37.0
7.3570666 17.559828 0.0229 0.0 38.0
7.7797017 17.918629 0.0229 0.0 38.0
1.862811 12.895417 0.0230 20.0 25.0
2.0956624 13.398546 0.0230 20.0 25.0
2.0956624 13.398546 0.0231 19.0 26.0
2.3285136 13.901675 0.0231 19.0 26.0
2.3285136 13.901675 0.0232 18.0 27.0
2.561365 14.404804 0.0232 18.0 27.0
2.561365 14.404804 0.0233 17.0 28.0
2.7942162 14.907933 0.0233 17.0 28.0
2.7942162 14.907933 0.0234 16.0 29.0
3.0270674 15.411062 0.0234 16.0 29.0
3.0270674 15.411062 0.0235 15.0 30.0
3.2599187 15.914191 0.0235 15.0 30.0
3.2599187 15.914191 0.0236 14.0 31.0
3.49277 16.41732 0.0236 14.0 31.0
3.49277 16.41732 0.0237 13.0 32.0
3.7256212 16.920448 0.0237 13.0 32.0
3.7256212 16.920448 0.0238 12.0 33.0
3.9584725 17.423576 0.0238 12.0 33.0
3.9584725 17.423576 0.0239 11.0 34.0
4.1913238 17.926704 0.0239 11.0 34.0
4.1913238 17.926704 0.0240 10.0 35.0
4.4241753 18.429832 0.0240 10.0 35.0
4.4241753 18.429832 0.0241 9.0 36.0
4.657027 18.93296 0.0241 9.0 36.0
4.657027 18.93296 0.0242 4.0 37.0
4.657027 19.48736 0.0242 4.0 37.0
4.657027 19.48736 0.0243 3.0 38.0
4.657027 20.04176 0.0243 3.0 38.0
4.657027 20.04176 0.0244 0.0 39.0
4.4241753 20.544888 0.0244 0.0 39.0
4.4241753 20.544888 0.0245 0.0 40.0
4.1913238 21.048016 0.0245 0.0 40.0
4.657027 20.04176 0.0246 0.0 39.0
4.8898783 20.544888 0.0246 0.0 39.0
4.8898783 20.544888 0.0247 0.0 40.0
5.12273 21.048016 0.0247 0.0 40.0
4.657027 20.04176 0.0248 2.0 39.0
4.657027 20.596159 0.0248 2.0 39.0
4.657027 20.596159 0.0249 1.0 40.0
4.657027 21.150558 0.0249 1.0 40.0
4.657027 21.150558 0.0250 0.0 41.0
4.657027 21.704958 0.0250 0.0 41.0
4.657027 21.704958 0.0251 0.0 42.0
4.657027 22.259357 0.0251 0.0 42.0
4.657027 18.93296 0.0252 4.0 37.0
5.079662 19.291761 0.0252 4.0 37.0
5.079662 19.291761 0.0253 3.0 38.0
5.502297 19.650562 0.0253 3.0 38.0
5.502297 19.650562 0.0254 0.0 39.0
5.7351484 20.15369 0.0254 0.0 39.0
5.7351484 20.15369 0.0255 0.0 40.0
5.968 20.656818 0.0255 0.0 40.0
5.502297 19.650562 0.0256 0.0 39.0
6.0365458 19.798672 0.0256 0.0 39.0
6.0365458 19.798672 0.0257 0.0 40.0
6.5707946 19.946781 0.0257 0.0 40.0
5.502297 19.650562 0.0258 2.0 39.0
5.924932 20.009363 0.0258 2.0 39.0
5.924932 20.009363 0.0259 1.0 40.0
6.347567 20.368164 0.0259 1.0 40.0
6.347567 20.368164 0.0260 0.0 41.0
6.770202 20.726965 0.0260 0.0 41.0
6.770202 20.726965 0.0261 0.0 42.0
7.192837 21.085766 0.0261 0.0 42.0
4.657027 18.93296 0.0262 8.0 37.0
4.8898783 19.436089 0.0262 8.0 37.0
4.8898783 19.436089 0.0263 7.0 38.0
5.12273 19.939217 0.0263 7.0 38.0
5.12273 19.939217 0.0264 6.0 39.0
5.3555813 20.442345 0.0264 6.0 39.0
5.3555813 20.442345 0.0265 5.0 40.0
5.588433 20.945473 0.0265 5.0 40.0
5.588433 20.945473 0.0266 4.0 41.0
5.8212843 21.4486 0.0266 4.0 41.0
5.8212843 21.4486 0.0267 3.0 42.0
6.054136 21.951729 0.0267 3.0 42.0
6.054136 21.951729 0.0268 0.0 43.0
6.054136 22.506128 0.0268 0.0 43.0
6.054136 22.506128 0.0269 0.0 44.0
6.054136 23.060528 0.0269 0.0 44.0
6.054136 21.951729 0.0270 0.0 43.0
6.476771 22.31053 0.0270 0.0 43.0
6.476771 22.31053 0.0271 0.0 44.0
6.899406 22.66933 0.0271 0.0 44.0
6.054136 21.951729 0.0272 2.0 43.0
6.2869873 22.454857 0.0272 2.0 43.0
6.2869873 22.454857 0.0273 1.0 44.0
6.519839 22.957985 0.0273 1.0 44.0
6.519839 22.957985 0.0274 0.0 45.0
6.7526903 23.461113 0.0274 0.0 45.0
6.7526903 23.461113 0.0275 0.0 46.0
6.985542 23.964241 0.0275 0.0 46.0
0.0 8.870385 0.0276 44.0 17.0
0.0 9.424785 0.0276 44.0 17.0
0.0 9.424785 0.0277 43.0 18.0
0.0 9.979184 0.0277 43.0 18.0
0.0 9.979184 0.0278 42.0 19.0
0.0 10.533584 0.0278 42.0 19.0
0.0 10.533584 0.0279 41.0 20.0
0.0 11.087983 0.0279 41.0 20.0
0.0 11.087983 0.0280 40.0 21.0
0.0 11.642383 0.0280 40.0 21.0
0.0 11.642383 0.0281 39.0 22.0
0.0 12.196782 0.0281 39.0 22.0
0.0 12.196782 0.0282 38.0 23.0
0.0 12.751182 0.0282 38.0 23.0
0.0 12.751182 0.0283 37.0 24.0
0.0 13.305581 0.0283 37.0 24.0
0.0 13.305581 0.0284 36.0 25.0
0.0 13.859981 0.0284 36.0 25.0
0.0 13.859981 0.0285 35.0 26.0
0.0 14.41438 0.0285 35.0 26.0
0.0 14.41438 0.0286 34.0 27.0
0.0 14.96878 0.0286 34.0 27.0
0.0 14.96878 0.0287 33.0 28.0
0.0 15.523179 0.0287 33.0 28.0
0.0 15.523179 0.0288 32.0 29.0
0.0 16.077578 0.0288 32.0 29.0
0.0 16.077578 0.0289 31.0 30.0
0.0 16.631977 0.0289 31.0 30.0
0.0 16.631977 0.0290 30.0 31.0
0.0 17.186377 0.0290 30.0 31.0
0.0 17.186377 0.0291 29.0 32.0
0.0 17.740776 0.0291 29.0 32.0
0.0 17.740776 0.0292 28.0 33.0
0.0 18.295176 0.0292 28.0 33.0
0.0 18.295176 0.0293 27.0 34.0
0.0 18.849575 0.0293 27.0 34.0
0.0 18.849575 0.0294 26.0 35.0
0.0 19.403975 0.0294 26.0 35.0
0.0 19.403975 0.0295 25.0 36.0
0.0 19.958374 0.0295 25.0 36.0
0.0 19.958374 0.0296 24.0 37.0
0.0 20.512774 0.0296 24.0 37.0
0.0 20.512774 0.0297 23.0 38.0
0.0 21.067173 0.0297 23.0 38.0
0.0 21.067173 0.0298 22.0 39.0
0.0 21.621572 0.0298 22.0 39.0
0.0 21.621572 0.0299 21.0 40.0
0.0 22.175972 0.0299 21.0 40.0
0.0 22.175972 0.0300 12.0 41.0
-0.23285136 22.6791 0.0300 12.0 41.0
-0.23285136 22.6791 0.0301 11.0 42.0
-0.4657027 23.182228 0.0301 11.0 42.0
-0.4657027 23.182228 0.0302 10.0 43.0
-0.69855404 23.685356 0.0302 10.0 43.0
-0.69855404 23.685356 0.0303 9.0 44.0
-0.9314054 24.188484 0.0303 9.0 44.0
-0.9314054 24.188484 0.0304 4.0 45.0
-1.3540404 24.547285 0.0304 4.0 45.0
-1.3540404 24.547285 0.0305 3.0 46.0
-1.7766753 24.906086 0.0305 3.0 46.0
-1.7766753 24.906086 0.0306 0.0 47.0
-2.3109243 25.054195 0.0306 0.0 47.0
-2.3109243 25.054195 0.0307 0.0 48.0
-2.8451731 25.202305 0.0307 0.0 48.0
-1.7766753 24.906086 0.0308 0.0 47.0
-2.0095267 25.409214 0.0308 0.0 47.0
-2.0095267 25.409214 0.0309 0.0 48.0
-2.242378 25.912342 0.0309 0.0 48.0
-1.7766753 24.906086 0.0310 2.0 47.0
-2.1993103 25.264887 0.0310 2.0 47.0
-2.1993103 25.264887 0.0311 1.0 48.0
-2.6219454 25.623688 0.0311 1.0 48.0
-2.6219454 25.623688 0.0312 0.0 49.0
-3.0445805 25.982489 0.0312 0.0 49.0
-3.0445805 25.982489 0.0313 0.0 50.0
-3.4672155 26.34129 0.0313 0.0 50.0
-0.9314054 24.188484 0.0314 4.0 45.0
-0.9314054 24.742884 0.0314 4.0 45.0
-0.9314054 24.742884 0.0315 3.0 46.0
-0.9314054 25.297283 0.0315 3.0 46.0
-0.9314054 25.297283 0.0316 0.0 47.0
-1.1642568 25.800411 0.0316 0.0 47.0
-1.1642568 25.800411 0.0317 0.0 48.0
-1.3971082 26.30354 0.0317 0.0 48.0
-0.9314054 25.297283 0.0318 0.0 47.0
-0.69855404 25.800411 0.0318 0.0 47.0
-0.69855404 25.800411 0.0319 0.0 48.0
-0.46570268 26.30354 0.0319 0.0 48.0
-0.9314054 25.297283 0.0320 2.0 47.0
-0.9314054 25.851683 0.0320 2.0 47.0
-0.9314054 25.851683 0.0321 1.0 48.0
-0.9314054 26.406082 0.0321 1.0 48.0
-0.9314054 26.406082 0.0322 0.0 49.0
-0.9314054 26.960482 0.0322 0.0 49.0
-0.9314054 26.960482 0.0323 0.0 50.0
-0.9314054 27.514881 0.0323 0.0 50.0
-0.9314054 24.188484 0.0324 8.0 45.0
-1.1642568 24.691612 0.0324 8.0 45.0
-1.1642568 24.691612 0.0325 7.0 46.0
-1.3971082 25.19474 0.0325 7.0 46.0
-1.3971082 25.19474 0.0326 6.0 47.0
-1.6299596 25.697868 0.0326 6.0 47.0
-1.6299596 25.697868 0.0327 5.0 48.0
-1.862811 26.200996 0.0327 5.0 48.0
-1.862811 26.200996 0.0328 4.0 49.0
-2.0956624 26.704124 0.0328 4.0 49.0
-2.0956624 26.704124 0.0329 3.0 50.0
-2.3285136 27.207253 0.0329 3.0 50.0
-2.3285136 27.207253 0.0330 0.0 51.0
-2.7511487 27.566053 0.0330 0.0 51.0
-2.7511487 27.566053 0.0331 0.0 52.0
-3.1737838 27.924854 0.0331 0.0 52.0
-2.3285136 27.207253 0.0332 0.0 51.0
-2.3285136 27.761652 0.0332 0.0 51.0
-2.3285136 27.761652 0.0333 0.0 52.0
-2.3285136 28.316051 0.0333 0.0 52.0
-2.3285136 27.207253 0.0334 2.0 51.0
-2.561365 27.71038 0.0334 2.0 51.0
-2.561365 27.71038 0.0335 1.0 52.0
-2.7942162 28.213509 0.0335 1.0 52.0
-2.7942162 28.213509 0.0336 0.0 53.0
-3.0270674 28.716637 0.0336 0.0 53.0
-3.0270674 28.716637 0.0337 0.0 54.0
-3.2599187 29.219765 0.0337 0.0 54.0
0.0 22.175972 0.0338 12.0 41.0
0.23285136 22.6791 0.0338 12.0 41.0
0.23285136 22.6791 0.0339 11.0 42.0
0.4657027 23.182228 0.0339 11.0 42.0
0.4657027 23.182228 0.0340 10.0 43.0
0.69855404 23.685356 0.0340 10.0 43.0
0.69855404 23.685356 0.0341 9.0 44.0
0.9314054 24.188484 0.0341 9.0 44.0
0.9314054 24.188484 0.0342 4.0 45.0
0.9314054 24.742884 0.0342 4.0 45.0
0.9314054 24.742884 0.0343 3.0 46.0
0.9314054 25.297283 0.0343 3.0 46.0
0.9314054 25.297283 0.0344 0.0 47.0
0.69855404 25.800411 0.0344 0.0 47.0
0.69855404 25.800411 0.0345 0.0 48.0
0.46570268 26.30354 0.0345 0.0 48.0
0.9314054 25.297283 0.0346 0.0 47.0
1.1642568 25.800411 0.0346 0.0 47.0
1.1642568 25.800411 0.0347 0.0 48.0
1.3971082 26.30354 0.0347 0.0 48.0
0.9314054 25.297283 0.0348 2.0 47.0
0.9314054 25.851683 0.0348 2.0 47.0
0.9314054 25.851683 0.0349 1.0 48.0
0.9314054 26.406082 0.0349 1.0 48.0
0.9314054 26.406082 0.0350 0.0 49.0
0.9314054 26.960482 0.0350 0.0 49.0
0.9314054 26.960482 0.0351 0.0 50.0
0.9314054 27.514881 0.0351 0.0 50.0
0.9314054 24.188484 0.0352 4.0 45.0
1.3540404 24.547285 0.0352 4.0 45.0
1.3540404 24.547285 0.0353 3.0 46.0
1.7766753 24.906086 0.0353 3.0 46.0
1.7766753 24.906086 0.0354 0.0 47.0
2.0095267 25.409214 0.0354 0.0 47.0
2.0095267 25.409214 0.0355 0.0 48.0
2.242378 25.912342 0.0355 0.0 48.0
1.7766753 24.906086 0.0356 0.0 47.0
2.3109243 25.054195 0.0356 0.0 47.0
2.3109243 25.054195 0.0357 0.0 48.0
2.8451731 25.202305 0.0357 0.0 48.0
1.7766753 24.906086 0.0358 2.0 47.0
2.1993103 25.264887 0.0358 2.0 47.0
2.1993103 25.264887 0.0359 1.0 48.0
2.6219454 25.623688 0.0359 1.0 48.0
2.6219454 25.623688 0.0360 0.0 49.0
3.0445805 25.982489 0.0360 0.0 49.0
3.0445805 25.982489 0.0361 0.0 50.0
3.4672155 26.34129 0.0361 0.0 50.0
0.9314054 24.188484 0.0362 8.0 45.0
1.1642568 24.691612 0.0362 8.0 45.0
1.1642568 24.691612 0.0363 7.0 46.0
1.3971082 25.19474 0.0363 7.0 46.0
1.3971082 25.19474 0.0364 6.0 47.0
1.6299596 25.697868 0.0364 6.0 47.0
1.6299596 25.697868 0.0365 5.0 48.0
1.862811 26.200996 0.0365 5.0 48.0
1.862811 26.200996 0.0366 4.0 49.0
2.0956624 26.704124 0.0366 4.0 49.0
2.0956624 26.704124 0.0367 3.0 50.0
2.3285136 27.207253 0.0367 3.0 50.0
2.3285136 27.207253 0.0368 0.0 51.0
2.3285136 27.761652 0.0368 0.0 51.0
2.3285136 27.761652 0.0369 0.0 52.0
2.3285136 28.316051 0.0369 0.0 52.0
2.3285136 27.207253 0.0370 0.0 51.0
2.7511487 27.566053 0.0370 0.0 51.0
2.7511487 27.566053 0.0371 0.0 52.0
3.1737838 27.924854 0.0371 0.0 52.0
2.3285136 27.207253 0.0372 2.0 51.0
2.561365 27.71038 0.0372 2.0 51.0
2.561365 27.71038 0.0373 1.0 52.0
2.7942162 28.213509 0.0373 1.0 52.0
2.7942162 28.213509 0.0374 0.0 53.0
3.0270674 28.716637 0.0374 0.0 53.0
3.0270674 28.716637 0.0375 0.0 54.0
3.2599187 29.219765 0.0375 0.0 54.0
0.0 22.175972 0.0376 20.0 41.0
0.0 22.730371 0.0376 20.0 41.0
0.0 22.730371 0.0377 19.0 42.0
0.0 23.284771 0.0377 19.0 42.0
0.0 23.284771 0.0378 18.0 43.0
0.0 23.83917 0.0378 18.0 43.0
0.0 23.83917 0.0379 17.0 44.0
0.0 24.39357 0.0379 17.0 44.0
0.0 24.39357 0.0380 16.0 45.0
0.0 24.94797 0.0380 16.0 45.0
0.0 24.94797 0.0381 15.0 46.0
0.0 25.502369 0.0381 15.0 46.0
0.0 25.502369 0.0382 14.0 47.0
0.0 26.056768 0.0382 14.0 47.0
0.0 26.056768 0.0383 13.0 48.0
0.0 26.611168 0.0383 13.0 48.0
0.0 26.611168 0.0384 12.0 49.0
0.0 27.165567 0.0384 12.0 49.0
0.0 27.165567 0.0385 11.0 50.0
0.0 27.719967 0.0385 11.0 50.0
0.0 27.719967 0.0386 10.0 51.0
0.0 28.274366 0.0386 10.0 51.0
0.0 28.274366 0.0387 9.0 52.0
0.0 28.828766 0.0387 9.0 52.0
0.0 28.828766 0.0388 4.0 53.0
-0.23285136 29.331894 0.0388 4.0 53.0
-0.23285136 29.331894 0.0389 3.0 54.0
-0.4657027 29.835022 0.0389 3.0 54.0
-0.4657027 29.835022 0.0390 0.0 55.0
-0.88833773 30.193823 0.0390 0.0 55.0
-0.88833773 30.193823 0.0391 0.0 56.0
-1.3109727 30.552624 0.0391 0.0 56.0
-0.4657027 29.835022 0.0392 0.0 55.0
-0.4657027 30.389421 0.0392 0.0 55.0
-0.4657027 30.389421 0.0393 0.0 56.0
-0.4657027 30.94382 0.0393 0.0 56.0
-0.4657027 29.835022 0.0394 2.0 55.0
-0.69855404 30.33815 0.0394 2.0 55.0
-0.69855404 30.33815 0.0395 1.0 56.0
-0.9314054 30.841278 0.0395 1.0 56.0
-0.9314054 30.841278 0.0396 0.0 57.0
-1.1642568 31.344406 0.0396 0.0 57.0
-1.1642568 31.344406 0.0397 0.0 58.0
-1.3971082 31.847534 0.0397 0.0 58.0
0.0 28.828766 0.0398 4.0 53.0
0.23285136 29.331894 0.0398 4.0 53.0
0.23285136 29.331894 0.0399 3.0 54.0
0.4657027 29.835022 0.0399 3.0 54.0
0.4657027 29.835022 0.0400 0.0 55.0
0.4657027 30.389421 0.0400 0.0 55.0
0.4657027 30.389421 0.0401 0.0 56.0
0.4657027 30.94382 0.0401 0.0 56.0
0.4657027 29.835022 0.0402 0.0 55.0
0.88833773 30.193823 0.0402 0.0 55.0
0.88833773 30.193823 0.0403 0.0 56.0
1.3109727 30.552624 0.0403 0.0 56.0
0.4657027 29.835022 0.0404 2.0 55.0
0.69855404 30.33815 0.0404 2.0 55.0
0.69855404 30.33815 0.0405 1.0 56.0
0.9314054 30.841278 0.0405 1.0 56.0
0.9314054 30.841278 0.0406 0.0 57.0
1.1642568 31.344406 0.0406 0.0 57.0
1.1642568 31.344406 0.0407 0.0 58.0
1.3971082 31.847534 0.0407 0.0 58.0
0.0 28.828766 0.0408 8.0 53.0
0.0 29.383165 0.0408 8.0 53.0
0.0 29.383165 0.0409 7.0 54.0
0.0 29.937565 0.0409 7.0 54.0
0.0 29.937565 0.0410 6.0 55.0
0.0 30.491964 0.0410 6.0 55.0
0.0 30.491964 0.0411 5.0 56.0
0.0 31.046364 0.0411 5.0 56.0
0.0 31.046364 0.0412 4.0 57.0
0.0 31.600763 0.0412 4.0 57.0
0.0 31.600763 0.0413 3.0 58.0
0.0 32.155163 0.0413 3.0 58.0
0.0 32.155163 0.0414 0.0 59.0
-0.23285136 32.65829 0.0414 0.0 59.0
-0.23285136 32.65829 0.0415 0.0 60.0
-0.4657027 33.16142 0.0415 0.0 60.0
0.0 32.155163 0.0416 0.0 59.0
0.23285136 32.65829 0.0416 0.0 59.0
0.23285136 32.65829 0.0417 0.0 60.0
0.4657027 33.16142 0.0417 0.0 60.0
0.0 32.155163 0.0418 2.0 59.0
0.0 32.70956 0.0418 2.0 59.0
0.0 32.70956 0.0419 1.0 60.0
0.0 33.263958 0.0419 1.0 60.0
0.0 33.263958 0.0420 0.0 61.0
0.0 33.818356 0.0420 0.0 61.0
0.0 33.818356 0.0421 0.0 62.0
0.0 34.372753 0.0421 0.0 62.0
