0.0 0.0 0.00 27.0 1.0
0.0 1.4474329 0.00 27.0 1.0
0.0 1.4474329 0.01 26.0 2.0
0.0 2.8948658 0.01 26.0 2.0
0.0 2.8948658 0.02 1.0 3.0
1.2795068 3.5715668 0.02 1.0 3.0
1.2795068 3.5715668 0.03 0.0 4.0
2.026361 4.811434 0.03 0.0 4.0
2.026361 4.811434 0.04 0.0 5.0
2.026361 6.258867 0.04 0.0 5.0
0.0 2.8948658 0.05 1.0 3.0
-0.74685425 4.134733 0.05 1.0 3.0
-0.74685425 4.134733 0.06 0.0 4.0
-0.74685425 5.582166 0.06 0.0 4.0
-0.74685425 5.582166 0.07 0.0 5.0
0.0 6.8220334 0.07 0.0 5.0
0.0 2.8948658 0.08 25.0 3.0
0.0 4.3422985 0.08 25.0 3.0
0.0 4.3422985 0.09 24.0 4.0
0.0 5.7897315 0.09 24.0 4.0
0.0 5.7897315 0.010 1.0 5.0
1.2795068 6.4664326 0.010 1.0 5.0
1.2795068 6.4664326 0.011 0.0 6.0
2.026361 7.7063 0.011 0.0 6.0
2.026361 7.7063 0.012 0.0 7.0
2.026361 9.153732 0.012 0.0 7.0
0.0 5.7897315 0.013 1.0 5.0
-0.74685425 7.0295987 0.013 1.0 5.0
-0.74685425 7.0295987 0.014 0.0 6.0
-0.74685425 8.477032 0.014 0.0 6.0
-0.74685425 8.477032 0.015 0.0 7.0
0.0 9.716899 0.015 0.0 7.0
0.0 5.7897315 0.016 7.0 5.0
0.0 7.2371645 0.016 7.0 5.0
0.0 7.2371645 0.017 6.0 6.0
0.0 8.684597 0.017 6.0 6.0
0.0 8.684597 0.018 1.0 7.0
1.2795068 9.361298 0.018 1.0 7.0
1.2795068 9.361298 0.019 0.0 8.0
2.026361 10.601165 0.019 0.0 8.0
2.026361 10.601165 0.020 0.0 9.0
2.026361 12.048597 0.020 0.0 9.0
0.0 8.684597 0.021 1.0 7.0
-0.74685425 9.924464 0.021 1.0 7.0
-0.74685425 9.924464 0.022 0.0 8.0
-0.74685425 11.371897 0.022 0.0 8.0
-0.74685425 11.371897 0.023 0.0 9.0
0.0 12.611764 0.023 0.0 9.0
0.0 8.684597 0.024 5.0 7.0
-0.74685425 9.924464 0.024 5.0 7.0
-0.74685425 9.924464 0.025 4.0 8.0
-1.4937085 11.164331 0.025 4.0 8.0
-1.4937085 11.164331 0.026 1.0 9.0
-0.74685425 12.404199 0.026 1.0 9.0
-0.74685425 12.404199 0.027 0.0 10.0
-0.74685425 13.851631 0.027 0.0 10.0
-0.74685425 13.851631 0.028 0.0 11.0
-1.4937085 15.091498 0.028 0.0 11.0
-1.4937085 11.164331 0.029 1.0 9.0
-2.7732153 11.841032 0.029 1.0 9.0
-2.7732153 11.841032 0.030 0.0 10.0
-3.5200696 13.080899 0.030 0.0 10.0
-3.5200696 13.080899 0.031 0.0 11.0
-3.5200696 14.528332 0.031 0.0 11.0
-1.4937085 11.164331 0.032 3.0 9.0
-2.7732153 11.841032 0.032 3.0 9.0
-2.7732153 11.841032 0.033 2.0 10.0
-4.052722 12.517733 0.033 2.0 10.0
-4.052722 12.517733 0.034 1.0 11.0
-4.052722 13.965165 0.034 1.0 11.0
-4.052722 13.965165 0.035 0.0 12.0
-4.7995763 15.205032 0.035 0.0 12.0
-4.7995763 15.205032 0.036 0.0 13.0
-6.079083 15.881733 0.036 0.0 13.0
-4.052722 12.517733 0.037 1.0 11.0
-5.497912 12.437186 0.037 1.0 11.0
-5.497912 12.437186 0.038 0.0 12.0
-6.7774186 13.113887 0.038 0.0 12.0
-6.7774186 13.113887 0.039 0.0 13.0
-7.524273 14.353754 0.039 0.0 13.0
0.0 5.7897315 0.040 7.0 5.0
-1.4451901 5.709185 0.040 7.0 5.0
-1.4451901 5.709185 0.041 6.0 6.0
-2.8903801 5.6286387 0.041 6.0 6.0
-2.8903801 5.6286387 0.042 1.0 7.0
-3.6372344 6.868506 0.042 1.0 7.0
-3.6372344 6.868506 0.043 0.0 8.0
-4.9167414 7.545207 0.043 0.0 8.0
-4.9167414 7.545207 0.044 0.0 9.0
-6.3619313 7.4646606 0.044 0.0 9.0
-2.8903801 5.6286387 0.045 1.0 7.0
-4.0867653 4.813946 0.045 1.0 7.0
-4.0867653 4.813946 0.046 0.0 8.0
-5.5319552 4.7333994 0.046 0.0 8.0
-5.5319552 4.7333994 0.047 0.0 9.0
-6.811462 5.4101005 0.047 0.0 9.0
-2.8903801 5.6286387 0.048 5.0 7.0
-4.169887 6.30534 0.048 5.0 7.0
-4.169887 6.30534 0.049 4.0 8.0
-5.4493937 6.982041 0.049 4.0 8.0
-5.4493937 6.982041 0.050 1.0 9.0
-5.4493937 8.429474 0.050 1.0 9.0
-5.4493937 8.429474 0.051 0.0 10.0
-6.196248 9.669341 0.051 0.0 10.0
-6.196248 9.669341 0.052 0.0 11.0
-7.4757547 10.346042 0.052 0.0 11.0
-5.4493937 6.982041 0.053 1.0 9.0
-6.8945837 6.9014945 0.053 1.0 9.0
-6.8945837 6.9014945 0.054 0.0 10.0
-8.17409 7.5781956 0.054 0.0 10.0
-8.17409 7.5781956 0.055 0.0 11.0
-8.920944 8.818063 0.055 0.0 11.0
-5.4493937 6.982041 0.056 3.0 9.0
-6.196248 8.221909 0.056 3.0 9.0
-6.196248 8.221909 0.057 2.0 10.0
-6.9431024 9.461776 0.057 2.0 10.0
-6.9431024 9.461776 0.058 1.0 11.0
-6.196248 10.701643 0.058 1.0 11.0
-6.196248 10.701643 0.059 0.0 12.0
-6.196248 12.1490755 0.059 0.0 12.0
-6.196248 12.1490755 0.060 0.0 13.0
-6.9431024 13.388943 0.060 0.0 13.0
-6.9431024 9.461776 0.061 1.0 11.0
-8.2226095 10.138476 0.061 1.0 11.0
-8.2226095 10.138476 0.062 0.0 12.0
-8.969463 11.378344 0.062 0.0 12.0
-8.969463 11.378344 0.063 0.0 13.0
-8.969463 12.825776 0.063 0.0 13.0
0.0 5.7897315 0.064 23.0 5.0
-1.2795068 6.4664326 0.064 23.0 5.0
-1.2795068 6.4664326 0.065 22.0 6.0
-2.5590136 7.1431336 0.065 22.0 6.0
-2.5590136 7.1431336 0.066 1.0 7.0
-2.5590136 8.590567 0.066 1.0 7.0
-2.5590136 8.590567 0.067 0.0 8.0
-3.305868 9.830434 0.067 0.0 8.0
-3.305868 9.830434 0.068 0.0 9.0
-4.585375 10.507134 0.068 0.0 9.0
-2.5590136 7.1431336 0.069 1.0 7.0
-4.004204 7.0625873 0.069 1.0 7.0
-4.004204 7.0625873 0.070 0.0 8.0
-5.2837105 7.7392883 0.070 0.0 8.0
-5.2837105 7.7392883 0.071 0.0 9.0
-6.030565 8.979156 0.071 0.0 9.0
-2.5590136 7.1431336 0.072 21.0 7.0
-3.8385205 7.8198347 0.072 21.0 7.0
-3.8385205 7.8198347 0.073 20.0 8.0
-5.118027 8.496535 0.073 20.0 8.0
-5.118027 8.496535 0.074 1.0 9.0
-5.118027 9.943968 0.074 1.0 9.0
-5.118027 9.943968 0.075 0.0 10.0
-5.8648815 11.183835 0.075 0.0 10.0
-5.8648815 11.183835 0.076 0.0 11.0
-7.144388 11.860536 0.076 0.0 11.0
-5.118027 8.496535 0.077 1.0 9.0
-6.563217 8.415989 0.077 1.0 9.0
-6.563217 8.415989 0.078 0.0 10.0
-7.842724 9.0926895 0.078 0.0 10.0
-7.842724 9.0926895 0.079 0.0 11.0
-8.589578 10.332557 0.079 0.0 11.0
-5.118027 8.496535 0.080 7.0 9.0
-6.397534 9.173236 0.080 7.0 9.0
-6.397534 9.173236 0.081 6.0 10.0
-7.6770406 9.8499365 0.081 6.0 10.0
-7.6770406 9.8499365 0.082 1.0 11.0
-7.6770406 11.297369 0.082 1.0 11.0
-7.6770406 11.297369 0.083 0.0 12.0
-8.423895 12.537236 0.083 0.0 12.0
-8.423895 12.537236 0.084 0.0 13.0
-9.703402 13.213937 0.084 0.0 13.0
-7.6770406 9.8499365 0.085 1.0 11.0
-9.122231 9.76939 0.085 1.0 11.0
-9.122231 9.76939 0.086 0.0 12.0
-10.401737 10.446091 0.086 0.0 12.0
-10.401737 10.446091 0.087 0.0 13.0
-11.148591 11.685958 0.087 0.0 13.0
-7.6770406 9.8499365 0.088 5.0 11.0
-9.122231 9.76939 0.088 5.0 11.0
-9.122231 9.76939 0.089 4.0 12.0
-10.567421 9.688844 0.089 4.0 12.0
-10.567421 9.688844 0.090 1.0 13.0
-11.314275 10.928711 0.090 1.0 13.0
-11.314275 10.928711 0.091 0.0 14.0
-12.593781 11.605412 0.091 0.0 14.0
-12.593781 11.605412 0.092 0.0 15.0
-14.038972 11.524865 0.092 0.0 15.0
-10.567421 9.688844 0.093 1.0 13.0
-11.763806 8.874151 0.093 1.0 13.0
-11.763806 8.874151 0.094 0.0 14.0
-13.208997 8.793605 0.094 0.0 14.0
-13.208997 8.793605 0.095 0.0 15.0
-14.488503 9.470305 0.095 0.0 15.0
-10.567421 9.688844 0.096 3.0 13.0
-11.763806 8.874151 0.096 3.0 13.0
-11.763806 8.874151 0.097 2.0 14.0
-12.960192 8.059459 0.097 2.0 14.0
-12.960192 8.059459 0.098 1.0 15.0
-14.239698 8.736159 0.098 1.0 15.0
-14.239698 8.736159 0.099 0.0 16.0
-15.684889 8.655613 0.099 0.0 16.0
-15.684889 8.655613 0.0100 0.0 17.0
-16.881273 7.84092 0.0100 0.0 17.0
-12.960192 8.059459 0.0101 1.0 15.0
-13.564642 6.7442775 0.0101 1.0 15.0
-13.564642 6.7442775 0.0102 0.0 16.0
-14.761027 5.9295845 0.0102 0.0 16.0
-14.761027 5.9295845 0.0103 0.0 17.0
-16.206217 5.849038 0.0103 0.0 17.0
-5.118027 8.496535 0.0104 7.0 9.0
-5.722478 7.181354 0.0104 7.0 9.0
-5.722478 7.181354 0.0105 6.0 10.0
-6.3269286 5.866173 0.0105 6.0 10.0
-6.3269286 5.866173 0.0106 1.0 11.0
-7.7721186 5.7856264 0.0106 1.0 11.0
-7.7721186 5.7856264 0.0107 0.0 12.0
-8.968504 4.9709334 0.0107 0.0 12.0
-8.968504 4.9709334 0.0108 0.0 13.0
-9.572954 3.6557522 0.0108 0.0 13.0
-6.3269286 5.866173 0.0109 1.0 11.0
-6.1660852 4.4277043 0.0109 1.0 11.0
-6.1660852 4.4277043 0.0110 0.0 12.0
-6.770536 3.112523 0.0110 0.0 12.0
-6.770536 3.112523 0.0111 0.0 13.0
-7.966921 2.29783 0.0111 0.0 13.0
-6.3269286 5.866173 0.0112 5.0 11.0
-7.5233135 5.05148 0.0112 5.0 11.0
-7.5233135 5.05148 0.0113 4.0 12.0
-8.719699 4.236787 0.0113 4.0 12.0
-8.719699 4.236787 0.0114 1.0 13.0
-9.999206 4.913488 0.0114 1.0 13.0
-9.999206 4.913488 0.0115 0.0 14.0
-11.444396 4.8329415 0.0115 0.0 14.0
-11.444396 4.8329415 0.0116 0.0 15.0
-12.640781 4.0182486 0.0116 0.0 15.0
-8.719699 4.236787 0.0117 1.0 13.0
-9.324149 2.9216056 0.0117 1.0 13.0
-9.324149 2.9216056 0.0118 0.0 14.0
-10.5205345 2.1069126 0.0118 0.0 14.0
-10.5205345 2.1069126 0.0119 0.0 15.0
-11.965725 2.026366 0.0119 0.0 15.0
-8.719699 4.236787 0.0120 3.0 13.0
-10.164889 4.1562405 0.0120 3.0 13.0
-10.164889 4.1562405 0.0121 2.0 14.0
-11.61008 4.075694 0.0121 2.0 14.0
-11.61008 4.075694 0.0122 1.0 15.0
-12.356934 5.3155613 0.0122 1.0 15.0
-12.356934 5.3155613 0.0123 0.0 16.0
-13.63644 5.9922624 0.0123 0.0 16.0
-13.63644 5.9922624 0.0124 0.0 17.0
-15.081631 5.911716 0.0124 0.0 17.0
-11.61008 4.075694 0.0125 1.0 15.0
-12.806465 3.261001 0.0125 1.0 15.0
-12.806465 3.261001 0.0126 0.0 16.0
-14.251656 3.1804545 0.0126 0.0 16.0
-14.251656 3.1804545 0.0127 0.0 17.0
-15.531162 3.8571556 0.0127 0.0 17.0
-5.118027 8.496535 0.0128 19.0 9.0
-6.314412 7.6818423 0.0128 19.0 9.0
-6.314412 7.6818423 0.0129 18.0 10.0
-7.5107975 6.8671494 0.0129 18.0 10.0
-7.5107975 6.8671494 0.0130 1.0 11.0
-8.790304 7.5438504 0.0130 1.0 11.0
-8.790304 7.5438504 0.0131 0.0 12.0
-10.235495 7.463304 0.0131 0.0 12.0
-10.235495 7.463304 0.0132 0.0 13.0
-11.43188 6.648611 0.0132 0.0 13.0
-7.5107975 6.8671494 0.0133 1.0 11.0
-8.115248 5.551968 0.0133 1.0 11.0
-8.115248 5.551968 0.0134 0.0 12.0
-9.311633 4.737275 0.0134 0.0 12.0
-9.311633 4.737275 0.0135 0.0 13.0
-10.756824 4.6567287 0.0135 0.0 13.0
-7.5107975 6.8671494 0.0136 17.0 11.0
-8.707183 6.0524564 0.0136 17.0 11.0
-8.707183 6.0524564 0.0137 16.0 12.0
-9.903568 5.2377634 0.0137 16.0 12.0
-9.903568 5.2377634 0.0138 1.0 13.0
-11.183075 5.9144645 0.0138 1.0 13.0
-11.183075 5.9144645 0.0139 0.0 14.0
-12.628265 5.833918 0.0139 0.0 14.0
-12.628265 5.833918 0.0140 0.0 15.0
-13.824651 5.019225 0.0140 0.0 15.0
-9.903568 5.2377634 0.0141 1.0 13.0
-10.5080185 3.9225821 0.0141 1.0 13.0
-10.5080185 3.9225821 0.0142 0.0 14.0
-11.704404 3.1078892 0.0142 0.0 14.0
-11.704404 3.1078892 0.0143 0.0 15.0
-13.149594 3.0273426 0.0143 0.0 15.0
-9.903568 5.2377634 0.0144 7.0 13.0
-11.099954 4.4230704 0.0144 7.0 13.0
-11.099954 4.4230704 0.0145 6.0 14.0
-12.296339 3.6083775 0.0145 6.0 14.0
-12.296339 3.6083775 0.0146 1.0 15.0
-13.575846 4.2850785 0.0146 1.0 15.0
-13.575846 4.2850785 0.0147 0.0 16.0
-15.021036 4.204532 0.0147 0.0 16.0
-15.021036 4.204532 0.0148 0.0 17.0
-16.21742 3.3898392 0.0148 0.0 17.0
-12.296339 3.6083775 0.0149 1.0 15.0
-12.900789 2.2931962 0.0149 1.0 15.0
-12.900789 2.2931962 0.0150 0.0 16.0
-14.097175 1.4785032 0.0150 0.0 16.0
-14.097175 1.4785032 0.0151 0.0 17.0
-15.542365 1.3979567 0.0151 0.0 17.0
-12.296339 3.6083775 0.0152 5.0 15.0
-12.900789 2.2931962 0.0152 5.0 15.0
-12.900789 2.2931962 0.0153 4.0 16.0
-13.5052395 0.97801507 0.0153 4.0 16.0
-13.5052395 0.97801507 0.0154 1.0 17.0
-14.95043 0.8974685 0.0154 1.0 17.0
-14.95043 0.8974685 0.0155 0.0 18.0
-16.146814 0.08277559 0.0155 0.0 18.0
-16.146814 0.08277559 0.0156 0.0 19.0
-16.751265 -1.2324055 0.0156 0.0 19.0
-13.5052395 0.97801507 0.0157 1.0 17.0
-13.344396 -0.4604534 0.0157 1.0 17.0
-13.344396 -0.4604534 0.0158 0.0 18.0
-13.948846 -1.7756345 0.0158 0.0 18.0
-13.948846 -1.7756345 0.0159 0.0 19.0
-15.145231 -2.5903275 0.0159 0.0 19.0
-13.5052395 0.97801507 0.0160 3.0 17.0
-13.344396 -0.4604534 0.0160 3.0 17.0
-13.344396 -0.4604534 0.0161 2.0 18.0
-13.183552 -1.8989218 0.0161 2.0 18.0
-13.183552 -1.8989218 0.0162 1.0 19.0
-14.379937 -2.7136147 0.0162 1.0 19.0
-14.379937 -2.7136147 0.0163 0.0 20.0
-14.984387 -4.0287957 0.0163 0.0 20.0
-14.984387 -4.0287957 0.0164 0.0 21.0
-14.823544 -5.467264 0.0164 0.0 21.0
-13.183552 -1.8989218 0.0165 1.0 19.0
-12.303545 -3.0481172 0.0165 1.0 19.0
-12.303545 -3.0481172 0.0166 0.0 20.0
-12.142701 -4.4865856 0.0166 0.0 20.0
-12.142701 -4.4865856 0.0167 0.0 21.0
-12.747151 -5.801767 0.0167 0.0 21.0
-9.903568 5.2377634 0.0168 7.0 13.0
-9.0235615 4.088568 0.0168 7.0 13.0
-9.0235615 4.088568 0.0169 6.0 14.0
-8.143555 2.939373 0.0169 6.0 14.0
-8.143555 2.939373 0.0170 1.0 15.0
-8.748005 1.6241919 0.0170 1.0 15.0
-8.748005 1.6241919 0.0171 0.0 16.0
-8.587161 0.18572342 0.0171 0.0 16.0
-8.587161 0.18572342 0.0172 0.0 17.0
-7.7071543 -0.9634719 0.0172 0.0 17.0
-8.143555 2.939373 0.0173 1.0 15.0
-6.796775 2.4090462 0.0173 1.0 15.0
-6.796775 2.4090462 0.0174 0.0 16.0
-5.916768 1.2598509 0.0174 0.0 16.0
-5.916768 1.2598509 0.0175 0.0 17.0
-5.7559247 -0.1786176 0.0175 0.0 17.0
-8.143555 2.939373 0.0176 5.0 15.0
-7.9827113 1.5009046 0.0176 5.0 15.0
-7.9827113 1.5009046 0.0177 4.0 16.0
-7.821868 0.062436104 0.0177 4.0 16.0
-7.821868 0.062436104 0.0178 1.0 17.0
-9.018253 -0.7522568 0.0178 1.0 17.0
-9.018253 -0.7522568 0.0179 0.0 18.0
-9.622704 -2.067438 0.0179 0.0 18.0
-9.622704 -2.067438 0.0180 0.0 19.0
-9.46186 -3.5059063 0.0180 0.0 19.0
-7.821868 0.062436104 0.0181 1.0 17.0
-6.941861 -1.0867592 0.0181 1.0 17.0
-6.941861 -1.0867592 0.0182 0.0 18.0
-6.781018 -2.5252275 0.0182 0.0 18.0
-6.781018 -2.5252275 0.0183 0.0 19.0
-7.3854685 -3.8404088 0.0183 0.0 19.0
-7.821868 0.062436104 0.0184 3.0 17.0
-8.426318 -1.252745 0.0184 3.0 17.0
-8.426318 -1.252745 0.0185 2.0 18.0
-9.030768 -2.5679262 0.0185 2.0 18.0
-9.030768 -2.5679262 0.0186 1.0 19.0
-10.475959 -2.6484728 0.0186 1.0 19.0
-10.475959 -2.6484728 0.0187 0.0 20.0
-11.672344 -3.4631658 0.0187 0.0 20.0
-11.672344 -3.4631658 0.0188 0.0 21.0
-12.276794 -4.778347 0.0188 0.0 21.0
-9.030768 -2.5679262 0.0189 1.0 19.0
-8.869925 -4.0063944 0.0189 1.0 19.0
-8.869925 -4.0063944 0.0190 0.0 20.0
-9.474375 -5.3215756 0.0190 0.0 20.0
-9.474375 -5.3215756 0.0191 0.0 21.0
-10.67076 -6.1362686 0.0191 0.0 21.0
-9.903568 5.2377634 0.0192 15.0 13.0
-9.0235615 4.088568 0.0192 15.0 13.0
-9.0235615 4.088568 0.0193 14.0 14.0
-8.143555 2.939373 0.0193 14.0 14.0
-8.143555 2.939373 0.0194 1.0 15.0
-8.748005 1.6241919 0.0194 1.0 15.0
-8.748005 1.6241919 0.0195 0.0 16.0
-8.587161 0.18572342 0.0195 0.0 16.0
-8.587161 0.18572342 0.0196 0.0 17.0
-7.7071543 -0.9634719 0.0196 0.0 17.0
-8.143555 2.939373 0.0197 1.0 15.0
-6.796775 2.4090462 0.0197 1.0 15.0
-6.796775 2.4090462 0.0198 0.0 16.0
-5.916768 1.2598509 0.0198 0.0 16.0
-5.916768 1.2598509 0.0199 0.0 17.0
-5.7559247 -0.1786176 0.0199 0.0 17.0
-8.143555 2.939373 0.0200 13.0 15.0
-7.263548 1.7901777 0.0200 13.0 15.0
-7.263548 1.7901777 0.0201 12.0 16.0
-6.383541 0.6409824 0.0201 12.0 16.0
-6.383541 0.6409824 0.0202 1.0 17.0
-6.987992 -0.67419875 0.0202 1.0 17.0
-6.987992 -0.67419875 0.0203 0.0 18.0
-6.8271484 -2.112667 0.0203 0.0 18.0
-6.8271484 -2.112667 0.0204 0.0 19.0
-5.9471416 -3.2618623 0.0204 0.0 19.0
-6.383541 0.6409824 0.0205 1.0 17.0
-5.0367613 0.11065543 0.0205 1.0 17.0
-5.0367613 0.11065543 0.0206 0.0 18.0
-4.1567545 -1.0385399 0.0206 0.0 18.0
-4.1567545 -1.0385399 0.0207 0.0 19.0
-3.9959111 -2.4770083 0.0207 0.0 19.0
-6.383541 0.6409824 0.0208 7.0 17.0
-5.5035343 -0.5082129 0.0208 7.0 17.0
-5.5035343 -0.5082129 0.0209 6.0 18.0
-4.6235275 -1.6574082 0.0209 6.0 18.0
-4.6235275 -1.6574082 0.0210 1.0 19.0
-5.227978 -2.9725895 0.0210 1.0 19.0
-5.227978 -2.9725895 0.0211 0.0 20.0
-5.067135 -4.411058 0.0211 0.0 20.0
-5.067135 -4.411058 0.0212 0.0 21.0
-4.187128 -5.560253 0.0212 0.0 21.0
-4.6235275 -1.6574082 0.0213 1.0 19.0
-3.276748 -2.187735 0.0213 1.0 19.0
-3.276748 -2.187735 0.0214 0.0 20.0
-2.3967412 -3.3369303 0.0214 0.0 20.0
-2.3967412 -3.3369303 0.0215 0.0 21.0
-2.2358978 -4.7753987 0.0215 0.0 21.0
-4.6235275 -1.6574082 0.0216 5.0 19.0
-3.276748 -2.187735 0.0216 5.0 19.0
-3.276748 -2.187735 0.0217 4.0 20.0
-1.9299684 -2.718062 0.0217 4.0 20.0
-1.9299684 -2.718062 0.0218 1.0 21.0
-1.7691249 -4.1565304 0.0218 1.0 21.0
-1.7691249 -4.1565304 0.0219 0.0 22.0
-0.8891181 -5.3057256 0.0219 0.0 22.0
-0.8891181 -5.3057256 0.0220 0.0 23.0
0.4576615 -5.8360524 0.0220 0.0 23.0
-1.9299684 -2.718062 0.0221 1.0 21.0
-0.5026796 -2.47742 0.0221 1.0 21.0
-0.5026796 -2.47742 0.0222 0.0 22.0
0.8441 -3.0077472 0.0222 0.0 22.0
0.8441 -3.0077472 0.0223 0.0 23.0
1.7241068 -4.1569424 0.0223 0.0 23.0
-1.9299684 -2.718062 0.0224 3.0 21.0
-0.5026796 -2.47742 0.0224 3.0 21.0
-0.5026796 -2.47742 0.0225 2.0 22.0
0.9246092 -2.2367783 0.0225 2.0 22.0
0.9246092 -2.2367783 0.0226 1.0 23.0
1.804616 -3.3859735 0.0226 1.0 23.0
1.804616 -3.3859735 0.0227 0.0 24.0
3.1513956 -3.9163003 0.0227 0.0 24.0
3.1513956 -3.9163003 0.0228 0.0 25.0
4.5786843 -3.6756585 0.0228 0.0 25.0
0.9246092 -2.2367783 0.0229 1.0 23.0
2.0230532 -1.2941848 0.0229 1.0 23.0
2.0230532 -1.2941848 0.0230 0.0 24.0
3.450342 -1.0535429 0.0230 0.0 24.0
3.450342 -1.0535429 0.0231 0.0 25.0
4.7971215 -1.5838698 0.0231 0.0 25.0
-6.383541 0.6409824 0.0232 7.0 17.0
-5.285097 1.5835758 0.0232 7.0 17.0
-5.285097 1.5835758 0.0233 6.0 18.0
-4.186653 2.5261693 0.0233 6.0 18.0
-4.186653 2.5261693 0.0234 1.0 19.0
-2.8398736 1.9958423 0.0234 1.0 19.0
-2.8398736 1.9958423 0.0235 0.0 20.0
-1.4125848 2.2364843 0.0235 0.0 20.0
-1.4125848 2.2364843 0.0236 0.0 21.0
-0.31414068 3.1790776 0.0236 0.0 21.0
-4.186653 2.5261693 0.0237 1.0 19.0
-3.7320933 3.9003735 0.0237 1.0 19.0
-3.7320933 3.9003735 0.0238 0.0 20.0
-2.6336493 4.842967 0.0238 0.0 20.0
-2.6336493 4.842967 0.0239 0.0 21.0
-1.2063606 5.083609 0.0239 0.0 21.0
-4.186653 2.5261693 0.0240 5.0 19.0
-2.7593644 2.7668111 0.0240 5.0 19.0
-2.7593644 2.7668111 0.0241 4.0 20.0
-1.3320756 3.007453 0.0241 4.0 20.0
-1.3320756 3.007453 0.0242 1.0 21.0
-0.4520688 1.8582577 0.0242 1.0 21.0
-0.4520688 1.8582577 0.0243 0.0 22.0
0.8947108 1.3279307 0.0243 0.0 22.0
0.8947108 1.3279307 0.0244 0.0 23.0
2.3219995 1.5685726 0.0244 0.0 23.0
-1.3320756 3.007453 0.0245 1.0 21.0
-0.23363149 3.9500465 0.0245 1.0 21.0
-0.23363149 3.9500465 0.0246 0.0 22.0
1.1936573 4.1906886 0.0246 0.0 22.0
1.1936573 4.1906886 0.0247 0.0 23.0
2.5404367 3.6603618 0.0247 0.0 23.0
-1.3320756 3.007453 0.0248 3.0 21.0
0.014703989 2.4771261 0.0248 3.0 21.0
0.014703989 2.4771261 0.0249 2.0 22.0
1.3614836 1.9467992 0.0249 2.0 22.0
1.3614836 1.9467992 0.0250 1.0 23.0
1.5223271 0.5083307 0.0250 1.0 23.0
1.5223271 0.5083307 0.0251 0.0 24.0
2.4023337 -0.6408646 0.0251 0.0 24.0
2.4023337 -0.6408646 0.0252 0.0 25.0
3.7491133 -1.1711916 0.0252 0.0 25.0
1.3614836 1.9467992 0.0253 1.0 23.0
2.7887723 2.187441 0.0253 1.0 23.0
2.7887723 2.187441 0.0254 0.0 24.0
4.135552 1.6571141 0.0254 0.0 24.0
4.135552 1.6571141 0.0255 0.0 25.0
5.0155587 0.50791883 0.0255 0.0 25.0
-6.383541 0.6409824 0.0256 11.0 17.0
-5.285097 1.5835758 0.0256 11.0 17.0
-5.285097 1.5835758 0.0257 10.0 18.0
-4.186653 2.5261693 0.0257 10.0 18.0
-4.186653 2.5261693 0.0258 1.0 19.0
-2.8398736 1.9958423 0.0258 1.0 19.0
-2.8398736 1.9958423 0.0259 0.0 20.0
-1.4125848 2.2364843 0.0259 0.0 20.0
-1.4125848 2.2364843 0.0260 0.0 21.0
-0.31414068 3.1790776 0.0260 0.0 21.0
-4.186653 2.5261693 0.0261 1.0 19.0
-3.7320933 3.9003735 0.0261 1.0 19.0
-3.7320933 3.9003735 0.0262 0.0 20.0
-2.6336493 4.842967 0.0262 0.0 20.0
-2.6336493 4.842967 0.0263 0.0 21.0
-1.2063606 5.083609 0.0263 0.0 21.0
-4.186653 2.5261693 0.0264 9.0 19.0
-3.0882092 3.4687629 0.0264 9.0 19.0
-3.0882092 3.4687629 0.0265 8.0 20.0
-1.989765 4.4113564 0.0265 8.0 20.0
-1.989765 4.4113564 0.0266 1.0 21.0
-0.64298546 3.8810296 0.0266 1.0 21.0
-0.64298546 3.8810296 0.0267 0.0 22.0
0.7843033 4.1216717 0.0267 0.0 22.0
0.7843033 4.1216717 0.0268 0.0 23.0
1.8827474 5.0642653 0.0268 0.0 23.0
-1.989765 4.4113564 0.0269 1.0 21.0
-1.5352052 5.7855606 0.0269 1.0 21.0
-1.5352052 5.7855606 0.0270 0.0 22.0
-0.43676114 6.728154 0.0270 0.0 22.0
-0.43676114 6.728154 0.0271 0.0 23.0
0.99052763 6.9687963 0.0271 0.0 23.0
-1.989765 4.4113564 0.0272 7.0 21.0
-0.89132094 5.35395 0.0272 7.0 21.0
-0.89132094 5.35395 0.0273 6.0 22.0
0.20712316 6.2965436 0.0273 6.0 22.0
0.20712316 6.2965436 0.0274 1.0 23.0
1.5539027 5.7662168 0.0274 1.0 23.0
1.5539027 5.7662168 0.0275 0.0 24.0
2.9811916 6.006859 0.0275 0.0 24.0
2.9811916 6.006859 0.0276 0.0 25.0
4.0796356 6.9494524 0.0276 0.0 25.0
0.20712316 6.2965436 0.0277 1.0 23.0
0.66168296 7.6707478 0.0277 1.0 23.0
0.66168296 7.6707478 0.0278 0.0 24.0
1.7601271 8.613341 0.0278 0.0 24.0
1.7601271 8.613341 0.0279 0.0 25.0
3.1874158 8.853983 0.0279 0.0 25.0
0.20712316 6.2965436 0.0280 5.0 23.0
0.66168296 7.6707478 0.0280 5.0 23.0
0.66168296 7.6707478 0.0281 4.0 24.0
1.1162428 9.044952 0.0281 4.0 24.0
1.1162428 9.044952 0.0282 1.0 25.0
2.5435314 9.285594 0.0282 1.0 25.0
2.5435314 9.285594 0.0283 0.0 26.0
3.6419754 10.228188 0.0283 0.0 26.0
3.6419754 10.228188 0.0284 0.0 27.0
4.096535 11.602392 0.0284 0.0 27.0
1.1162428 9.044952 0.0285 1.0 25.0
0.7965481 10.456638 0.0285 1.0 25.0
0.7965481 10.456638 0.0286 0.0 26.0
1.2511079 11.830843 0.0286 0.0 26.0
1.2511079 11.830843 0.0287 0.0 27.0
2.3495522 12.773437 0.0287 0.0 27.0
1.1162428 9.044952 0.0288 3.0 25.0
0.7965481 10.456638 0.0288 3.0 25.0
0.7965481 10.456638 0.0289 2.0 26.0
0.47685352 11.868324 0.0289 2.0 26.0
0.47685352 11.868324 0.0290 1.0 27.0
1.5752976 12.810918 0.0290 1.0 27.0
1.5752976 12.810918 0.0291 0.0 28.0
2.0298574 14.1851225 0.0291 0.0 28.0
2.0298574 14.1851225 0.0292 0.0 29.0
1.7101628 15.596808 0.0292 0.0 29.0
0.47685352 11.868324 0.0293 1.0 27.0
-0.5254054 12.912613 0.0293 1.0 27.0
-0.5254054 12.912613 0.0294 0.0 28.0
-0.84510005 14.324299 0.0294 0.0 28.0
-0.84510005 14.324299 0.0295 0.0 29.0
-0.39054024 15.6985035 0.0295 0.0 29.0
-1.989765 4.4113564 0.0296 7.0 21.0
-2.992024 5.455645 0.0296 7.0 21.0
-2.992024 5.455645 0.0297 6.0 22.0
-3.9942827 6.4999337 0.0297 6.0 22.0
-3.9942827 6.4999337 0.0298 1.0 23.0
-3.539723 7.874138 0.0298 1.0 23.0
-3.539723 7.874138 0.0299 0.0 24.0
-3.8594174 9.285824 0.0299 0.0 24.0
-3.8594174 9.285824 0.0300 0.0 25.0
-4.861676 10.330112 0.0300 0.0 25.0
-3.9942827 6.4999337 0.0301 1.0 23.0
-5.391653 6.8773174 0.0301 1.0 23.0
-5.391653 6.8773174 0.0302 0.0 24.0
-6.393912 7.921606 0.0302 0.0 24.0
-6.393912 7.921606 0.0303 0.0 25.0
-6.7136064 9.333292 0.0303 0.0 25.0
-3.9942827 6.4999337 0.0304 5.0 23.0
-4.3139772 7.9116197 0.0304 5.0 23.0
-4.3139772 7.9116197 0.0305 4.0 24.0
-4.6336718 9.323305 0.0305 4.0 24.0
-4.6336718 9.323305 0.0306 1.0 25.0
-3.5352278 10.265899 0.0306 1.0 25.0
-3.5352278 10.265899 0.0307 0.0 26.0
-3.080668 11.640103 0.0307 0.0 26.0
-3.080668 11.640103 0.0308 0.0 27.0
-3.4003625 13.051789 0.0308 0.0 27.0
-4.6336718 9.323305 0.0309 1.0 25.0
-5.6359305 10.367594 0.0309 1.0 25.0
-5.6359305 10.367594 0.0310 0.0 26.0
-5.955625 11.77928 0.0310 0.0 26.0
-5.955625 11.77928 0.0311 0.0 27.0
-5.5010653 13.153484 0.0311 0.0 27.0
-4.6336718 9.323305 0.0312 3.0 25.0
-4.179112 10.69751 0.0312 3.0 25.0
-4.179112 10.69751 0.0313 2.0 26.0
-3.7245522 12.071714 0.0313 2.0 26.0
-3.7245522 12.071714 0.0314 1.0 27.0
-2.2972634 12.312356 0.0314 1.0 27.0
-2.2972634 12.312356 0.0315 0.0 28.0
-1.1988193 13.25495 0.0315 0.0 28.0
-1.1988193 13.25495 0.0316 0.0 29.0
-0.7442595 14.629154 0.0316 0.0 29.0
-3.7245522 12.071714 0.0317 1.0 27.0
-4.0442467 13.4834 0.0317 1.0 27.0
-4.0442467 13.4834 0.0318 0.0 28.0
-3.5896869 14.857605 0.0318 0.0 28.0
-3.5896869 14.857605 0.0319 0.0 29.0
-2.491243 15.800199 0.0319 0.0 29.0
-5.118027 8.496535 0.0320 19.0 9.0
-4.2380204 7.34734 0.0320 19.0 9.0
-4.2380204 7.34734 0.0321 18.0 10.0
-3.3580136 6.198145 0.0321 18.0 10.0
-3.3580136 6.198145 0.0322 1.0 11.0
-3.9624643 4.8829637 0.0322 1.0 11.0
-3.9624643 4.8829637 0.0323 0.0 12.0
-3.801621 3.4444952 0.0323 0.0 12.0
-3.801621 3.4444952 0.0324 0.0 13.0
-2.9216142 2.2953 0.0324 0.0 13.0
-3.3580136 6.198145 0.0325 1.0 11.0
-2.011234 5.667818 0.0325 1.0 11.0
-2.011234 5.667818 0.0326 0.0 12.0
-1.1312273 4.518623 0.0326 0.0 12.0
-1.1312273 4.518623 0.0327 0.0 13.0
-0.97038376 3.0801544 0.0327 0.0 13.0
-3.3580136 6.198145 0.0328 17.0 11.0
-2.4780068 5.0489497 0.0328 17.0 11.0
-2.4780068 5.0489497 0.0329 16.0 12.0
-1.598 3.8997545 0.0329 16.0 12.0
-1.598 3.8997545 0.0330 1.0 13.0
-2.2024508 2.5845733 0.0330 1.0 13.0
-2.2024508 2.5845733 0.0331 0.0 14.0
-2.0416074 1.1461048 0.0331 0.0 14.0
-2.0416074 1.1461048 0.0332 0.0 15.0
-1.1616006 -0.0030905008 0.0332 0.0 15.0
-1.598 3.8997545 0.0333 1.0 13.0
-0.25122046 3.3694277 0.0333 1.0 13.0
-0.25122046 3.3694277 0.0334 0.0 14.0
0.6287863 2.2202325 0.0334 0.0 14.0
0.6287863 2.2202325 0.0335 0.0 15.0
0.7896298 0.78176403 0.0335 0.0 15.0
-1.598 3.8997545 0.0336 7.0 13.0
-0.71799326 2.7505593 0.0336 7.0 13.0
-0.71799326 2.7505593 0.0337 6.0 14.0
0.16201353 1.601364 0.0337 6.0 14.0
0.16201353 1.601364 0.0338 1.0 15.0
-0.4424371 0.28618288 0.0338 1.0 15.0
-0.4424371 0.28618288 0.0339 0.0 16.0
-0.28159365 -1.1522856 0.0339 0.0 16.0
-0.28159365 -1.1522856 0.0340 0.0 17.0
0.5984131 -2.3014808 0.0340 0.0 17.0
0.16201353 1.601364 0.0341 1.0 15.0
1.5087931 1.071037 0.0341 1.0 15.0
1.5087931 1.071037 0.0342 0.0 16.0
2.3888 -0.07815826 0.0342 0.0 16.0
2.3888 -0.07815826 0.0343 0.0 17.0
2.5496433 -1.5166267 0.0343 0.0 17.0
0.16201353 1.601364 0.0344 5.0 15.0
1.5087931 1.071037 0.0344 5.0 15.0
1.5087931 1.071037 0.0345 4.0 16.0
2.8555727 0.5407101 0.0345 4.0 16.0
2.8555727 0.5407101 0.0346 1.0 17.0
3.016416 -0.89775836 0.0346 1.0 17.0
3.016416 -0.89775836 0.0347 0.0 18.0
3.8964229 -2.0469537 0.0347 0.0 18.0
3.8964229 -2.0469537 0.0348 0.0 19.0
5.243202 -2.5772805 0.0348 0.0 19.0
2.8555727 0.5407101 0.0349 1.0 17.0
4.2828617 0.78135204 0.0349 1.0 17.0
4.2828617 0.78135204 0.0350 0.0 18.0
5.6296415 0.25102508 0.0350 0.0 18.0
5.6296415 0.25102508 0.0351 0.0 19.0
6.5096483 -0.89817023 0.0351 0.0 19.0
2.8555727 0.5407101 0.0352 3.0 17.0
4.2828617 0.78135204 0.0352 3.0 17.0
4.2828617 0.78135204 0.0353 2.0 18.0
5.7101507 1.021994 0.0353 2.0 18.0
5.7101507 1.021994 0.0354 1.0 19.0
6.5901575 -0.12720132 0.0354 1.0 19.0
6.5901575 -0.12720132 0.0355 0.0 20.0
7.9369373 -0.6575283 0.0355 0.0 20.0
7.9369373 -0.6575283 0.0356 0.0 21.0
9.364226 -0.41688633 0.0356 0.0 21.0
5.7101507 1.021994 0.0357 1.0 19.0
6.8085947 1.9645875 0.0357 1.0 19.0
6.8085947 1.9645875 0.0358 0.0 20.0
8.235884 2.2052293 0.0358 0.0 20.0
8.235884 2.2052293 0.0359 0.0 21.0
9.582664 1.6749023 0.0359 0.0 21.0
-1.598 3.8997545 0.0360 7.0 13.0
-0.49955595 4.842348 0.0360 7.0 13.0
-0.49955595 4.842348 0.0361 6.0 14.0
0.59888816 5.7849417 0.0361 6.0 14.0
0.59888816 5.7849417 0.0362 1.0 15.0
1.9456677 5.254615 0.0362 1.0 15.0
1.9456677 5.254615 0.0363 0.0 16.0
3.3729565 5.495257 0.0363 0.0 16.0
3.3729565 5.495257 0.0364 0.0 17.0
4.4714007 6.4378505 0.0364 0.0 17.0
0.59888816 5.7849417 0.0365 1.0 15.0
1.053448 7.159146 0.0365 1.0 15.0
1.053448 7.159146 0.0366 0.0 16.0
2.1518922 8.101739 0.0366 0.0 16.0
2.1518922 8.101739 0.0367 0.0 17.0
3.579181 8.342381 0.0367 0.0 17.0
0.59888816 5.7849417 0.0368 5.0 15.0
2.026177 6.0255837 0.0368 5.0 15.0
2.026177 6.0255837 0.0369 4.0 16.0
3.4534657 6.266226 0.0369 4.0 16.0
3.4534657 6.266226 0.0370 1.0 17.0
4.3334723 5.1170306 0.0370 1.0 17.0
4.3334723 5.1170306 0.0371 0.0 18.0
5.680252 4.586704 0.0371 0.0 18.0
5.680252 4.586704 0.0372 0.0 19.0
7.107541 4.827346 0.0372 0.0 19.0
3.4534657 6.266226 0.0373 1.0 17.0
4.55191 7.2088194 0.0373 1.0 17.0
4.55191 7.2088194 0.0374 0.0 18.0
5.9791985 7.4494615 0.0374 0.0 18.0
5.9791985 7.4494615 0.0375 0.0 19.0
7.3259783 6.9191346 0.0375 0.0 19.0
3.4534657 6.266226 0.0376 3.0 17.0
4.8002453 5.735899 0.0376 3.0 17.0
4.8002453 5.735899 0.0377 2.0 18.0
6.147025 5.205572 0.0377 2.0 18.0
6.147025 5.205572 0.0378 1.0 19.0
6.3078685 3.7671037 0.0378 1.0 19.0
6.3078685 3.7671037 0.0379 0.0 20.0
7.1878753 2.6179085 0.0379 0.0 20.0
7.1878753 2.6179085 0.0380 0.0 21.0
8.534655 2.0875816 0.0380 0.0 21.0
6.147025 5.205572 0.0381 1.0 19.0
7.574314 5.446214 0.0381 1.0 19.0
7.574314 5.446214 0.0382 0.0 20.0
8.921094 4.9158874 0.0382 0.0 20.0
8.921094 4.9158874 0.0383 0.0 21.0
9.801101 3.7666922 0.0383 0.0 21.0
-1.598 3.8997545 0.0384 15.0 13.0
-0.25122046 3.3694277 0.0384 15.0 13.0
-0.25122046 3.3694277 0.0385 14.0 14.0
1.0955591 2.8391008 0.0385 14.0 14.0
1.0955591 2.8391008 0.0386 1.0 15.0
1.2564026 1.4006324 0.0386 1.0 15.0
1.2564026 1.4006324 0.0387 0.0 16.0
2.1364093 0.25143707 0.0387 0.0 16.0
2.1364093 0.25143707 0.0388 0.0 17.0
3.4831889 -0.2788899 0.0388 0.0 17.0
1.0955591 2.8391008 0.0389 1.0 15.0
2.522848 3.0797427 0.0389 1.0 15.0
2.522848 3.0797427 0.0390 0.0 16.0
3.8696275 2.5494156 0.0390 0.0 16.0
3.8696275 2.5494156 0.0391 0.0 17.0
4.7496343 1.4002203 0.0391 0.0 17.0
1.0955591 2.8391008 0.0392 13.0 15.0
2.4423387 2.308774 0.0392 13.0 15.0
2.4423387 2.308774 0.0393 12.0 16.0
3.7891183 1.778447 0.0393 12.0 16.0
3.7891183 1.778447 0.0394 1.0 17.0
3.9499617 0.33997858 0.0394 1.0 17.0
3.9499617 0.33997858 0.0395 0.0 18.0
4.8299685 -0.80921674 0.0395 0.0 18.0
4.8299685 -0.80921674 0.0396 0.0 19.0
6.1767483 -1.3395437 0.0396 0.0 19.0
3.7891183 1.778447 0.0397 1.0 17.0
5.216407 2.019089 0.0397 1.0 17.0
5.216407 2.019089 0.0398 0.0 18.0
6.5631866 1.488762 0.0398 0.0 18.0
6.5631866 1.488762 0.0399 0.0 19.0
7.4431934 0.3395667 0.0399 0.0 19.0
3.7891183 1.778447 0.0400 7.0 17.0
5.1358976 1.2481201 0.0400 7.0 17.0
5.1358976 1.2481201 0.0401 6.0 18.0
6.4826775 0.7177931 0.0401 6.0 18.0
6.4826775 0.7177931 0.0402 1.0 19.0
6.643521 -0.72067535 0.0402 1.0 19.0
6.643521 -0.72067535 0.0403 0.0 20.0
7.5235276 -1.8698707 0.0403 0.0 20.0
7.5235276 -1.8698707 0.0404 0.0 21.0
8.870307 -2.4001975 0.0404 0.0 21.0
6.4826775 0.7177931 0.0405 1.0 19.0
7.9099665 0.95843506 0.0405 1.0 19.0
7.9099665 0.95843506 0.0406 0.0 20.0
9.256746 0.4281081 0.0406 0.0 20.0
9.256746 0.4281081 0.0407 0.0 21.0
10.136753 -0.7210872 0.0407 0.0 21.0
6.4826775 0.7177931 0.0408 5.0 19.0
7.9099665 0.95843506 0.0408 5.0 19.0
7.9099665 0.95843506 0.0409 4.0 20.0
9.3372555 1.199077 0.0409 4.0 20.0
9.3372555 1.199077 0.0410 1.0 21.0
10.217262 0.049881697 0.0410 1.0 21.0
10.217262 0.049881697 0.0411 0.0 22.0
11.564042 -0.48044527 0.0411 0.0 22.0
11.564042 -0.48044527 0.0412 0.0 23.0
12.991331 -0.23980333 0.0412 0.0 23.0
9.3372555 1.199077 0.0413 1.0 21.0
10.435699 2.1416705 0.0413 1.0 21.0
10.435699 2.1416705 0.0414 0.0 22.0
11.862988 2.3823123 0.0414 0.0 22.0
11.862988 2.3823123 0.0415 0.0 23.0
13.209768 1.8519853 0.0415 0.0 23.0
9.3372555 1.199077 0.0416 3.0 21.0
10.435699 2.1416705 0.0416 3.0 21.0
10.435699 2.1416705 0.0417 2.0 22.0
11.534143 3.0842638 0.0417 2.0 22.0
11.534143 3.0842638 0.0418 1.0 23.0
12.880923 2.553937 0.0418 1.0 23.0
12.880923 2.553937 0.0419 0.0 24.0
14.308212 2.7945788 0.0419 0.0 24.0
14.308212 2.7945788 0.0420 0.0 25.0
15.406656 3.7371721 0.0420 0.0 25.0
11.534143 3.0842638 0.0421 1.0 23.0
11.988703 4.458468 0.0421 1.0 23.0
11.988703 4.458468 0.0422 0.0 24.0
13.087147 5.4010615 0.0422 0.0 24.0
13.087147 5.4010615 0.0423 0.0 25.0
14.514436 5.6417036 0.0423 0.0 25.0
3.7891183 1.778447 0.0424 7.0 17.0
4.243678 3.1526513 0.0424 7.0 17.0
4.243678 3.1526513 0.0425 6.0 18.0
4.698238 4.5268555 0.0425 6.0 18.0
4.698238 4.5268555 0.0426 1.0 19.0
6.1255264 4.7674975 0.0426 1.0 19.0
6.1255264 4.7674975 0.0427 0.0 20.0
7.2239704 5.710091 0.0427 0.0 20.0
7.2239704 5.710091 0.0428 0.0 21.0
7.67853 7.0842953 0.0428 0.0 21.0
4.698238 4.5268555 0.0429 1.0 19.0
4.3785434 5.9385414 0.0429 1.0 19.0
4.3785434 5.9385414 0.0430 0.0 20.0
4.833103 7.3127456 0.0430 0.0 20.0
4.833103 7.3127456 0.0431 0.0 21.0
5.931547 8.255339 0.0431 0.0 21.0
4.698238 4.5268555 0.0432 5.0 19.0
5.796682 5.469449 0.0432 5.0 19.0
5.796682 5.469449 0.0433 4.0 20.0
6.895126 6.4120426 0.0433 4.0 20.0
6.895126 6.4120426 0.0434 1.0 21.0
8.241905 5.881716 0.0434 1.0 21.0
8.241905 5.881716 0.0435 0.0 22.0
9.669194 6.122358 0.0435 0.0 22.0
9.669194 6.122358 0.0436 0.0 23.0
10.767638 7.0649514 0.0436 0.0 23.0
6.895126 6.4120426 0.0437 1.0 21.0
7.3496857 7.786247 0.0437 1.0 21.0
7.3496857 7.786247 0.0438 0.0 22.0
8.44813 8.72884 0.0438 0.0 22.0
8.44813 8.72884 0.0439 0.0 23.0
9.875419 8.969481 0.0439 0.0 23.0
6.895126 6.4120426 0.0440 3.0 21.0
8.322414 6.6526847 0.0440 3.0 21.0
8.322414 6.6526847 0.0441 2.0 22.0
9.749703 6.8933268 0.0441 2.0 22.0
9.749703 6.8933268 0.0442 1.0 23.0
10.62971 5.7441316 0.0442 1.0 23.0
10.62971 5.7441316 0.0443 0.0 24.0
11.97649 5.2138047 0.0443 0.0 24.0
11.97649 5.2138047 0.0444 0.0 25.0
13.403779 5.454447 0.0444 0.0 25.0
9.749703 6.8933268 0.0445 1.0 23.0
10.848147 7.8359203 0.0445 1.0 23.0
10.848147 7.8359203 0.0446 0.0 24.0
12.275436 8.076562 0.0446 0.0 24.0
12.275436 8.076562 0.0447 0.0 25.0
13.622216 7.546235 0.0447 0.0 25.0
3.7891183 1.778447 0.0448 11.0 17.0
5.216407 2.019089 0.0448 11.0 17.0
5.216407 2.019089 0.0449 10.0 18.0
6.643696 2.2597308 0.0449 10.0 18.0
6.643696 2.2597308 0.0450 1.0 19.0
7.5237026 1.1105355 0.0450 1.0 19.0
7.5237026 1.1105355 0.0451 0.0 20.0
8.870482 0.58020854 0.0451 0.0 20.0
8.870482 0.58020854 0.0452 0.0 21.0
10.297771 0.8208505 0.0452 0.0 21.0
6.643696 2.2597308 0.0453 1.0 19.0
7.74214 3.2023244 0.0453 1.0 19.0
7.74214 3.2023244 0.0454 0.0 20.0
9.169429 3.4429662 0.0454 0.0 20.0
9.169429 3.4429662 0.0455 0.0 21.0
10.516209 2.9126391 0.0455 0.0 21.0
6.643696 2.2597308 0.0456 9.0 19.0
8.070985 2.5003726 0.0456 9.0 19.0
8.070985 2.5003726 0.0457 8.0 20.0
9.498274 2.7410145 0.0457 8.0 20.0
9.498274 2.7410145 0.0458 1.0 21.0
10.378281 1.5918192 0.0458 1.0 21.0
10.378281 1.5918192 0.0459 0.0 22.0
11.72506 1.0614922 0.0459 0.0 22.0
11.72506 1.0614922 0.0460 0.0 23.0
13.152349 1.3021342 0.0460 0.0 23.0
9.498274 2.7410145 0.0461 1.0 21.0
10.596718 3.683608 0.0461 1.0 21.0
10.596718 3.683608 0.0462 0.0 22.0
12.024007 3.92425 0.0462 0.0 22.0
12.024007 3.92425 0.0463 0.0 23.0
13.370787 3.3939228 0.0463 0.0 23.0
9.498274 2.7410145 0.0464 7.0 21.0
10.925563 2.9816563 0.0464 7.0 21.0
10.925563 2.9816563 0.0465 6.0 22.0
12.352852 3.2222981 0.0465 6.0 22.0
12.352852 3.2222981 0.0466 1.0 23.0
13.232859 2.073103 0.0466 1.0 23.0
13.232859 2.073103 0.0467 0.0 24.0
14.5796385 1.542776 0.0467 0.0 24.0
14.5796385 1.542776 0.0468 0.0 25.0
16.006927 1.7834179 0.0468 0.0 25.0
12.352852 3.2222981 0.0469 1.0 23.0
13.451296 4.1648917 0.0469 1.0 23.0
13.451296 4.1648917 0.0470 0.0 24.0
14.878585 4.405534 0.0470 0.0 24.0
14.878585 4.405534 0.0471 0.0 25.0
16.225365 3.875207 0.0471 0.0 25.0
12.352852 3.2222981 0.0472 5.0 23.0
13.451296 4.1648917 0.0472 5.0 23.0
13.451296 4.1648917 0.0473 4.0 24.0
14.54974 5.1074853 0.0473 4.0 24.0
14.54974 5.1074853 0.0474 1.0 25.0
15.89652 4.5771585 0.0474 1.0 25.0
15.89652 4.5771585 0.0475 0.0 26.0
17.323809 4.8178005 0.0475 0.0 26.0
17.323809 4.8178005 0.0476 0.0 27.0
18.422253 5.760394 0.0476 0.0 27.0
14.54974 5.1074853 0.0477 1.0 25.0
15.004299 6.4816895 0.0477 1.0 25.0
15.004299 6.4816895 0.0478 0.0 26.0
16.102743 7.424283 0.0478 0.0 26.0
16.102743 7.424283 0.0479 0.0 27.0
17.530031 7.664925 0.0479 0.0 27.0
14.54974 5.1074853 0.0480 3.0 25.0
15.004299 6.4816895 0.0480 3.0 25.0
15.004299 6.4816895 0.0481 2.0 26.0
15.4588585 7.8558936 0.0481 2.0 26.0
15.4588585 7.8558936 0.0482 1.0 27.0
16.886147 8.096536 0.0482 1.0 27.0
16.886147 8.096536 0.0483 0.0 28.0
17.98459 9.039129 0.0483 0.0 28.0
17.98459 9.039129 0.0484 0.0 29.0
18.43915 10.413334 0.0484 0.0 29.0
15.4588585 7.8558936 0.0485 1.0 27.0
15.139164 9.26758 0.0485 1.0 27.0
15.139164 9.26758 0.0486 0.0 28.0
15.593723 10.641785 0.0486 0.0 28.0
15.593723 10.641785 0.0487 0.0 29.0
16.692167 11.584378 0.0487 0.0 29.0
9.498274 2.7410145 0.0488 7.0 21.0
9.178579 4.1527004 0.0488 7.0 21.0
9.178579 4.1527004 0.0489 6.0 22.0
8.858885 5.5643864 0.0489 6.0 22.0
8.858885 5.5643864 0.0490 1.0 23.0
9.957329 6.50698 0.0490 1.0 23.0
9.957329 6.50698 0.0491 0.0 24.0
10.411888 7.881184 0.0491 0.0 24.0
10.411888 7.881184 0.0492 0.0 25.0
10.092194 9.29287 0.0492 0.0 25.0
8.858885 5.5643864 0.0493 1.0 23.0
7.856626 6.608675 0.0493 1.0 23.0
7.856626 6.608675 0.0494 0.0 24.0
7.5369315 8.020361 0.0494 0.0 24.0
7.5369315 8.020361 0.0495 0.0 25.0
7.9914913 9.394566 0.0495 0.0 25.0
8.858885 5.5643864 0.0496 5.0 23.0
9.313444 6.9385905 0.0496 5.0 23.0
9.313444 6.9385905 0.0497 4.0 24.0
9.768003 8.312795 0.0497 4.0 24.0
9.768003 8.312795 0.0498 1.0 25.0
11.195292 8.553436 0.0498 1.0 25.0
11.195292 8.553436 0.0499 0.0 26.0
12.293736 9.49603 0.0499 0.0 26.0
12.293736 9.49603 0.0500 0.0 27.0
12.748297 10.8702345 0.0500 0.0 27.0
9.768003 8.312795 0.0501 1.0 25.0
9.448309 9.724481 0.0501 1.0 25.0
9.448309 9.724481 0.0502 0.0 26.0
9.902868 11.098685 0.0502 0.0 26.0
9.902868 11.098685 0.0503 0.0 27.0
11.001312 12.041279 0.0503 0.0 27.0
9.768003 8.312795 0.0504 3.0 25.0
10.866447 9.255388 0.0504 3.0 25.0
10.866447 9.255388 0.0505 2.0 26.0
11.964891 10.197982 0.0505 2.0 26.0
11.964891 10.197982 0.0506 1.0 27.0
13.311671 9.667655 0.0506 1.0 27.0
13.311671 9.667655 0.0507 0.0 28.0
14.73896 9.908297 0.0507 0.0 28.0
14.73896 9.908297 0.0508 0.0 29.0
15.837404 10.85089 0.0508 0.0 29.0
11.964891 10.197982 0.0509 1.0 27.0
12.419451 11.572186 0.0509 1.0 27.0
12.419451 11.572186 0.0510 0.0 28.0
13.517895 12.51478 0.0510 0.0 28.0
13.517895 12.51478 0.0511 0.0 29.0
14.945184 12.755422 0.0511 0.0 29.0
