0.0 0.0 0.00 60.0 1.0
0.0 3.4652524 0.00 60.0 1.0
0.0 3.4652524 0.01 59.0 2.0
0.0 6.930505 0.01 59.0 2.0
0.0 6.930505 0.02 58.0 3.0
0.0 10.395758 0.02 58.0 3.0
0.0 10.395758 0.03 57.0 4.0
0.0 13.86101 0.03 57.0 4.0
0.0 13.86101 0.04 56.0 5.0
0.0 17.326262 0.04 56.0 5.0
0.0 17.326262 0.05 55.0 6.0
0.0 20.791513 0.05 55.0 6.0
0.0 20.791513 0.06 54.0 7.0
0.0 24.256765 0.06 54.0 7.0
0.0 24.256765 0.07 53.0 8.0
0.0 27.722017 0.07 53.0 8.0
0.0 27.722017 0.08 52.0 9.0
0.0 31.18727 0.08 52.0 9.0
0.0 31.18727 0.09 51.0 10.0
0.0 34.652523 0.09 51.0 10.0
0.0 34.652523 0.010 50.0 11.0
0.0 38.117775 0.010 50.0 11.0
0.0 38.117775 0.011 49.0 12.0
0.0 41.583027 0.011 49.0 12.0
0.0 41.583027 0.012 48.0 13.0
0.0 45.04828 0.012 48.0 13.0
0.0 45.04828 0.013 47.0 14.0
0.0 48.51353 0.013 47.0 14.0
0.0 48.51353 0.014 46.0 15.0
0.0 51.978783 0.014 46.0 15.0
0.0 51.978783 0.015 45.0 16.0
0.0 55.444035 0.015 45.0 16.0
0.0 55.444035 0.016 28.0 17.0
-1.5061519 58.56485 0.016 28.0 17.0
-1.5061519 58.56485 0.017 27.0 18.0
-3.0123038 61.685665 0.017 27.0 18.0
-3.0123038 61.685665 0.018 26.0 19.0
-4.5184555 64.80648 0.018 26.0 19.0
-4.5184555 64.80648 0.019 25.0 20.0
-6.0246077 67.92729 0.019 25.0 20.0
-6.0246077 67.92729 0.020 24.0 21.0
-7.53076 71.0481 0.020 24.0 21.0
-7.53076 71.0481 0.021 23.0 22.0
-9.036912 74.168915 0.021 23.0 22.0
-9.036912 74.168915 0.022 22.0 23.0
-10.543064 77.28973 0.022 22.0 23.0
-10.543064 77.28973 0.023 21.0 24.0
-12.049216 80.41054 0.023 21.0 24.0
-12.049216 80.41054 0.024 12.0 25.0
-14.762104 82.56651 0.024 12.0 25.0
-14.762104 82.56651 0.025 11.0 26.0
-17.47499 84.72249 0.025 11.0 26.0
-17.47499 84.72249 0.026 10.0 27.0
-20.187878 86.87846 0.026 10.0 27.0
-20.187878 86.87846 0.027 9.0 28.0
-22.900764 89.03444 0.027 9.0 28.0
-22.900764 89.03444 0.028 4.0 29.0
-24.406916 92.15525 0.028 4.0 29.0
-24.406916 92.15525 0.029 3.0 30.0
-25.913067 95.27606 0.029 3.0 30.0
-25.913067 95.27606 0.030 0.0 31.0
-28.625954 97.43204 0.030 0.0 31.0
-28.625954 97.43204 0.031 0.0 32.0
-31.33884 99.58801 0.031 0.0 32.0
-25.913067 95.27606 0.032 2.0 31.0
-27.419218 98.39687 0.032 2.0 31.0
-27.419218 98.39687 0.033 1.0 32.0
-28.92537 101.517685 0.033 1.0 32.0
-28.92537 101.517685 0.034 0.0 33.0
-28.92537 104.98294 0.034 0.0 33.0
-28.92537 104.98294 0.035 0.0 34.0
-28.92537 108.4482 0.035 0.0 34.0
-28.92537 101.517685 0.036 0.0 33.0
-31.638256 103.67366 0.036 0.0 33.0
-31.638256 103.67366 0.037 0.0 34.0
-34.351143 105.829636 0.037 0.0 34.0
-22.900764 89.03444 0.038 8.0 29.0
-25.613651 91.190414 0.038 8.0 29.0
-25.613651 91.190414 0.039 7.0 30.0
-28.326538 93.34639 0.039 7.0 30.0
-28.326538 93.34639 0.040 6.0 31.0
-31.039425 95.502365 0.040 6.0 31.0
-31.039425 95.502365 0.041 5.0 32.0
-33.75231 97.65834 0.041 5.0 32.0
-33.75231 97.65834 0.042 4.0 33.0
-35.258465 100.77915 0.042 4.0 33.0
-35.258465 100.77915 0.043 3.0 34.0
-36.764618 103.89996 0.043 3.0 34.0
-36.764618 103.89996 0.044 0.0 35.0
-39.477505 106.05594 0.044 0.0 35.0
-39.477505 106.05594 0.045 0.0 36.0
-42.19039 108.211914 0.045 0.0 36.0
-36.764618 103.89996 0.046 2.0 35.0
-38.27077 107.020775 0.046 2.0 35.0
-38.27077 107.020775 0.047 1.0 36.0
-39.776924 110.14159 0.047 1.0 36.0
-39.776924 110.14159 0.048 0.0 37.0
-39.776924 113.60684 0.048 0.0 37.0
-39.776924 113.60684 0.049 0.0 38.0
-39.776924 117.0721 0.049 0.0 38.0
-39.776924 110.14159 0.050 0.0 37.0
-42.48981 112.29756 0.050 0.0 37.0
-42.48981 112.29756 0.051 0.0 38.0
-45.202698 114.45354 0.051 0.0 38.0
-33.75231 97.65834 0.052 4.0 33.0
-37.132626 98.420876 0.052 4.0 33.0
-37.132626 98.420876 0.053 3.0 34.0
-40.51294 99.18341 0.053 3.0 34.0
-40.51294 99.18341 0.054 0.0 35.0
-43.888687 98.40092 0.054 0.0 35.0
-43.888687 98.40092 0.055 0.0 36.0
-47.264435 97.61842 0.055 0.0 36.0
-40.51294 99.18341 0.056 2.0 35.0
-43.893253 99.945946 0.056 2.0 35.0
-43.893253 99.945946 0.057 1.0 36.0
-47.273567 100.70848 0.057 1.0 36.0
-47.273567 100.70848 0.058 0.0 37.0
-49.986454 102.864456 0.058 0.0 37.0
-49.986454 102.864456 0.059 0.0 38.0
-52.69934 105.02043 0.059 0.0 38.0
-47.273567 100.70848 0.060 0.0 37.0
-50.649315 99.92599 0.060 0.0 37.0
-50.649315 99.92599 0.061 0.0 38.0
-54.025063 99.14349 0.061 0.0 38.0
-12.049216 80.41054 0.062 20.0 25.0
-13.555368 83.53135 0.062 20.0 25.0
-13.555368 83.53135 0.063 19.0 26.0
-15.061521 86.65216 0.063 19.0 26.0
-15.061521 86.65216 0.064 18.0 27.0
-16.567673 89.77297 0.064 18.0 27.0
-16.567673 89.77297 0.065 17.0 28.0
-18.073824 92.89378 0.065 17.0 28.0
-18.073824 92.89378 0.066 16.0 29.0
-19.579975 96.014595 0.066 16.0 29.0
-19.579975 96.014595 0.067 15.0 30.0
-21.086126 99.13541 0.067 15.0 30.0
-21.086126 99.13541 0.068 14.0 31.0
-22.592278 102.25622 0.068 14.0 31.0
-22.592278 102.25622 0.069 13.0 32.0
-24.098429 105.37703 0.069 13.0 32.0
-24.098429 105.37703 0.070 12.0 33.0
-24.098429 108.842285 0.070 12.0 33.0
-24.098429 108.842285 0.071 11.0 34.0
-24.098429 112.30754 0.071 11.0 34.0
-24.098429 112.30754 0.072 10.0 35.0
-24.098429 115.7728 0.072 10.0 35.0
-24.098429 115.7728 0.073 9.0 36.0
-24.098429 119.23805 0.073 9.0 36.0
-24.098429 119.23805 0.074 4.0 37.0
-22.592278 122.358864 0.074 4.0 37.0
-22.592278 122.358864 0.075 3.0 38.0
-21.086126 125.479675 0.075 3.0 38.0
-21.086126 125.479675 0.076 0.0 39.0
-21.086126 128.94493 0.076 0.0 39.0
-21.086126 128.94493 0.077 0.0 40.0
-21.086126 132.41019 0.077 0.0 40.0
-21.086126 125.479675 0.078 2.0 39.0
-19.579975 128.6005 0.078 2.0 39.0
-19.579975 128.6005 0.079 1.0 40.0
-18.073824 131.72131 0.079 1.0 40.0
-18.073824 131.72131 0.080 0.0 41.0
-15.360936 133.87729 0.080 0.0 41.0
-15.360936 133.87729 0.081 0.0 42.0
-12.648048 136.03326 0.081 0.0 42.0
-18.073824 131.72131 0.082 0.0 41.0
-18.073824 135.18657 0.082 0.0 41.0
-18.073824 135.18657 0.083 0.0 42.0
-18.073824 138.65182 0.083 0.0 42.0
-24.098429 119.23805 0.084 8.0 37.0
-24.098429 122.70331 0.084 8.0 37.0
-24.098429 122.70331 0.085 7.0 38.0
-24.098429 126.168564 0.085 7.0 38.0
-24.098429 126.168564 0.086 6.0 39.0
-24.098429 129.63382 0.086 6.0 39.0
-24.098429 129.63382 0.087 5.0 40.0
-24.098429 133.09908 0.087 5.0 40.0
-24.098429 133.09908 0.088 4.0 41.0
-22.592278 136.2199 0.088 4.0 41.0
-22.592278 136.2199 0.089 3.0 42.0
-21.086126 139.34071 0.089 3.0 42.0
-21.086126 139.34071 0.090 0.0 43.0
-21.086126 142.80597 0.090 0.0 43.0
-21.086126 142.80597 0.091 0.0 44.0
-21.086126 146.27122 0.091 0.0 44.0
-21.086126 139.34071 0.092 2.0 43.0
-19.579975 142.46153 0.092 2.0 43.0
-19.579975 142.46153 0.093 1.0 44.0
-18.073824 145.58235 0.093 1.0 44.0
-18.073824 145.58235 0.094 0.0 45.0
-15.360936 147.73833 0.094 0.0 45.0
-15.360936 147.73833 0.095 0.0 46.0
-12.648048 149.8943 0.095 0.0 46.0
-18.073824 145.58235 0.096 0.0 45.0
-18.073824 149.0476 0.096 0.0 45.0
-18.073824 149.0476 0.097 0.0 46.0
-18.073824 152.51286 0.097 0.0 46.0
-24.098429 133.09908 0.098 4.0 41.0
-25.60458 136.2199 0.098 4.0 41.0
-25.60458 136.2199 0.099 3.0 42.0
-27.110731 139.34071 0.099 3.0 42.0
-27.110731 139.34071 0.0100 0.0 43.0
-29.823618 141.49669 0.0100 0.0 43.0
-29.823618 141.49669 0.0101 0.0 44.0
-32.536507 143.65266 0.0101 0.0 44.0
-27.110731 139.34071 0.0102 2.0 43.0
-28.616882 142.46153 0.0102 2.0 43.0
-28.616882 142.46153 0.0103 1.0 44.0
-30.123034 145.58235 0.0103 1.0 44.0
-30.123034 145.58235 0.0104 0.0 45.0
-30.123034 149.0476 0.0104 0.0 45.0
-30.123034 149.0476 0.0105 0.0 46.0
-30.123034 152.51286 0.0105 0.0 46.0
-30.123034 145.58235 0.0106 0.0 45.0
-32.835922 147.73833 0.0106 0.0 45.0
-32.835922 147.73833 0.0107 0.0 46.0
-35.54881 149.8943 0.0107 0.0 46.0
-24.098429 105.37703 0.0108 12.0 33.0
-26.811316 107.533005 0.0108 12.0 33.0
-26.811316 107.533005 0.0109 11.0 34.0
-29.524202 109.68898 0.0109 11.0 34.0
-29.524202 109.68898 0.0110 10.0 35.0
-32.23709 111.844955 0.0110 10.0 35.0
-32.23709 111.844955 0.0111 9.0 36.0
-34.949978 114.00093 0.0111 9.0 36.0
-34.949978 114.00093 0.0112 4.0 37.0
-36.45613 117.12174 0.0112 4.0 37.0
-36.45613 117.12174 0.0113 3.0 38.0
-37.962284 120.24255 0.0113 3.0 38.0
-37.962284 120.24255 0.0114 0.0 39.0
-40.67517 122.39853 0.0114 0.0 39.0
-40.67517 122.39853 0.0115 0.0 40.0
-43.388058 124.554504 0.0115 0.0 40.0
-37.962284 120.24255 0.0116 2.0 39.0
-39.468437 123.363365 0.0116 2.0 39.0
-39.468437 123.363365 0.0117 1.0 40.0
-40.97459 126.48418 0.0117 1.0 40.0
-40.97459 126.48418 0.0118 0.0 41.0
-40.97459 129.94943 0.0118 0.0 41.0
-40.97459 129.94943 0.0119 0.0 42.0
-40.97459 133.41469 0.0119 0.0 42.0
-40.97459 126.48418 0.0120 0.0 41.0
-43.687477 128.64015 0.0120 0.0 41.0
-43.687477 128.64015 0.0121 0.0 42.0
-46.400364 130.79613 0.0121 0.0 42.0
-34.949978 114.00093 0.0122 8.0 37.0
-37.662865 116.156906 0.0122 8.0 37.0
-37.662865 116.156906 0.0123 7.0 38.0
-40.37575 118.31288 0.0123 7.0 38.0
-40.37575 118.31288 0.0124 6.0 39.0
-43.08864 120.46886 0.0124 6.0 39.0
-43.08864 120.46886 0.0125 5.0 40.0
-45.801525 122.62483 0.0125 5.0 40.0
-45.801525 122.62483 0.0126 4.0 41.0
-47.30768 125.74564 0.0126 4.0 41.0
-47.30768 125.74564 0.0127 3.0 42.0
-48.81383 128.86646 0.0127 3.0 42.0
-48.81383 128.86646 0.0128 0.0 43.0
-51.52672 131.02243 0.0128 0.0 43.0
-51.52672 131.02243 0.0129 0.0 44.0
-54.239605 133.1784 0.0129 0.0 44.0
-48.81383 128.86646 0.0130 2.0 43.0
-50.319984 131.98727 0.0130 2.0 43.0
-50.319984 131.98727 0.0131 1.0 44.0
-51.826138 135.1081 0.0131 1.0 44.0
-51.826138 135.1081 0.0132 0.0 45.0
-51.826138 138.57335 0.0132 0.0 45.0
-51.826138 138.57335 0.0133 0.0 46.0
-51.826138 142.0386 0.0133 0.0 46.0
-51.826138 135.1081 0.0134 0.0 45.0
-54.539024 137.26407 0.0134 0.0 45.0
-54.539024 137.26407 0.0135 0.0 46.0
-57.25191 139.42004 0.0135 0.0 46.0
-45.801525 122.62483 0.0136 4.0 41.0
-49.18184 123.38737 0.0136 4.0 41.0
-49.18184 123.38737 0.0137 3.0 42.0
-52.562153 124.1499 0.0137 3.0 42.0
-52.562153 124.1499 0.0138 0.0 43.0
-55.9379 123.36741 0.0138 0.0 43.0
-55.9379 123.36741 0.0139 0.0 44.0
-59.31365 122.584915 0.0139 0.0 44.0
-52.562153 124.1499 0.0140 2.0 43.0
-55.942467 124.91244 0.0140 2.0 43.0
-55.942467 124.91244 0.0141 1.0 44.0
-59.32278 125.67497 0.0141 1.0 44.0
-59.32278 125.67497 0.0142 0.0 45.0
-62.035667 127.83095 0.0142 0.0 45.0
-62.035667 127.83095 0.0143 0.0 46.0
-64.74856 129.98692 0.0143 0.0 46.0
-59.32278 125.67497 0.0144 0.0 45.0
-62.69853 124.89248 0.0144 0.0 45.0
-62.69853 124.89248 0.0145 0.0 46.0
-66.07428 124.109985 0.0145 0.0 46.0
0.0 55.444035 0.0146 44.0 17.0
0.0 58.909286 0.0146 44.0 17.0
0.0 58.909286 0.0147 43.0 18.0
0.0 62.37454 0.0147 43.0 18.0
0.0 62.37454 0.0148 42.0 19.0
0.0 65.83979 0.0148 42.0 19.0
0.0 65.83979 0.0149 41.0 20.0
0.0 69.305046 0.0149 41.0 20.0
0.0 69.305046 0.0150 40.0 21.0
0.0 72.7703 0.0150 40.0 21.0
0.0 72.7703 0.0151 39.0 22.0
0.0 76.23556 0.0151 39.0 22.0
0.0 76.23556 0.0152 38.0 23.0
0.0 79.70081 0.0152 38.0 23.0
0.0 79.70081 0.0153 37.0 24.0
0.0 83.16607 0.0153 37.0 24.0
0.0 83.16607 0.0154 36.0 25.0
0.0 86.631325 0.0154 36.0 25.0
0.0 86.631325 0.0155 35.0 26.0
0.0 90.09658 0.0155 35.0 26.0
0.0 90.09658 0.0156 34.0 27.0
0.0 93.56184 0.0156 34.0 27.0
0.0 93.56184 0.0157 33.0 28.0
0.0 97.02709 0.0157 33.0 28.0
0.0 97.02709 0.0158 32.0 29.0
0.0 100.49235 0.0158 32.0 29.0
0.0 100.49235 0.0159 31.0 30.0
0.0 103.9576 0.0159 31.0 30.0
0.0 103.9576 0.0160 30.0 31.0
0.0 107.42286 0.0160 30.0 31.0
0.0 107.42286 0.0161 29.0 32.0
0.0 110.888115 0.0161 29.0 32.0
0.0 110.888115 0.0162 28.0 33.0
1.5061519 114.00893 0.0162 28.0 33.0
1.5061519 114.00893 0.0163 27.0 34.0
3.0123038 117.12974 0.0163 27.0 34.0
3.0123038 117.12974 0.0164 26.0 35.0
4.5184555 120.25055 0.0164 26.0 35.0
4.5184555 120.25055 0.0165 25.0 36.0
6.0246077 123.37136 0.0165 25.0 36.0
6.0246077 123.37136 0.0166 24.0 37.0
7.53076 126.49217 0.0166 24.0 37.0
7.53076 126.49217 0.0167 23.0 38.0
9.036912 129.61299 0.0167 23.0 38.0
9.036912 129.61299 0.0168 22.0 39.0
10.543064 132.73381 0.0168 22.0 39.0
10.543064 132.73381 0.0169 21.0 40.0
12.049216 135.85463 0.0169 21.0 40.0
12.049216 135.85463 0.0170 12.0 41.0
12.049216 139.31989 0.0170 12.0 41.0
12.049216 139.31989 0.0171 11.0 42.0
12.049216 142.78514 0.0171 11.0 42.0
12.049216 142.78514 0.0172 10.0 43.0
12.049216 146.2504 0.0172 10.0 43.0
12.049216 146.2504 0.0173 9.0 44.0
12.049216 149.71565 0.0173 9.0 44.0
12.049216 149.71565 0.0174 4.0 45.0
13.555368 152.83647 0.0174 4.0 45.0
13.555368 152.83647 0.0175 3.0 46.0
15.061521 155.95729 0.0175 3.0 46.0
15.061521 155.95729 0.0176 0.0 47.0
15.061521 159.42255 0.0176 0.0 47.0
15.061521 159.42255 0.0177 0.0 48.0
15.061521 162.8878 0.0177 0.0 48.0
15.061521 155.95729 0.0178 2.0 47.0
16.567673 159.07811 0.0178 2.0 47.0
16.567673 159.07811 0.0179 1.0 48.0
18.073824 162.19893 0.0179 1.0 48.0
18.073824 162.19893 0.0180 0.0 49.0
20.78671 164.3549 0.0180 0.0 49.0
20.78671 164.3549 0.0181 0.0 50.0
23.499598 166.51088 0.0181 0.0 50.0
18.073824 162.19893 0.0182 0.0 49.0
18.073824 165.66418 0.0182 0.0 49.0
18.073824 165.66418 0.0183 0.0 50.0
18.073824 169.12944 0.0183 0.0 50.0
12.049216 149.71565 0.0184 8.0 45.0
12.049216 153.18091 0.0184 8.0 45.0
12.049216 153.18091 0.0185 7.0 46.0
12.049216 156.64616 0.0185 7.0 46.0
12.049216 156.64616 0.0186 6.0 47.0
12.049216 160.11142 0.0186 6.0 47.0
12.049216 160.11142 0.0187 5.0 48.0
12.049216 163.57668 0.0187 5.0 48.0
12.049216 163.57668 0.0188 4.0 49.0
13.555368 166.6975 0.0188 4.0 49.0
13.555368 166.6975 0.0189 3.0 50.0
15.061521 169.81831 0.0189 3.0 50.0
15.061521 169.81831 0.0190 0.0 51.0
15.061521 173.28357 0.0190 0.0 51.0
15.061521 173.28357 0.0191 0.0 52.0
15.061521 176.74883 0.0191 0.0 52.0
15.061521 169.81831 0.0192 2.0 51.0
16.567673 172.93913 0.0192 2.0 51.0
16.567673 172.93913 0.0193 1.0 52.0
18.073824 176.05995 0.0193 1.0 52.0
18.073824 176.05995 0.0194 0.0 53.0
20.78671 178.21593 0.0194 0.0 53.0
20.78671 178.21593 0.0195 0.0 54.0
23.499598 180.3719 0.0195 0.0 54.0
18.073824 176.05995 0.0196 0.0 53.0
18.073824 179.5252 0.0196 0.0 53.0
18.073824 179.5252 0.0197 0.0 54.0
18.073824 182.99046 0.0197 0.0 54.0
12.049216 163.57668 0.0198 4.0 49.0
10.543064 166.6975 0.0198 4.0 49.0
10.543064 166.6975 0.0199 3.0 50.0
9.036912 169.81831 0.0199 3.0 50.0
9.036912 169.81831 0.0200 0.0 51.0
6.324024 171.97429 0.0200 0.0 51.0
6.324024 171.97429 0.0201 0.0 52.0
3.6111367 174.13026 0.0201 0.0 52.0
9.036912 169.81831 0.0202 2.0 51.0
7.53076 172.93913 0.0202 2.0 51.0
7.53076 172.93913 0.0203 1.0 52.0
6.0246077 176.05995 0.0203 1.0 52.0
6.0246077 176.05995 0.0204 0.0 53.0
6.0246077 179.5252 0.0204 0.0 53.0
6.0246077 179.5252 0.0205 0.0 54.0
6.0246077 182.99046 0.0205 0.0 54.0
6.0246077 176.05995 0.0206 0.0 53.0
3.3117201 178.21593 0.0206 0.0 53.0
3.3117201 178.21593 0.0207 0.0 54.0
0.5988326 180.3719 0.0207 0.0 54.0
12.049216 135.85463 0.0208 20.0 41.0
13.555368 138.97545 0.0208 20.0 41.0
13.555368 138.97545 0.0209 19.0 42.0
15.061521 142.09627 0.0209 19.0 42.0
15.061521 142.09627 0.0210 18.0 43.0
16.567673 145.21709 0.0210 18.0 43.0
16.567673 145.21709 0.0211 17.0 44.0
18.073824 148.3379 0.0211 17.0 44.0
18.073824 148.3379 0.0212 16.0 45.0
19.579975 151.45872 0.0212 16.0 45.0
19.579975 151.45872 0.0213 15.0 46.0
21.086126 154.57954 0.0213 15.0 46.0
21.086126 154.57954 0.0214 14.0 47.0
22.592278 157.70036 0.0214 14.0 47.0
22.592278 157.70036 0.0215 13.0 48.0
24.098429 160.82118 0.0215 13.0 48.0
24.098429 160.82118 0.0216 12.0 49.0
26.811316 162.97716 0.0216 12.0 49.0
26.811316 162.97716 0.0217 11.0 50.0
29.524202 165.13313 0.0217 11.0 50.0
29.524202 165.13313 0.0218 10.0 51.0
32.23709 167.28911 0.0218 10.0 51.0
32.23709 167.28911 0.0219 9.0 52.0
34.949978 169.44508 0.0219 9.0 52.0
34.949978 169.44508 0.0220 4.0 53.0
38.33029 170.20761 0.0220 4.0 53.0
38.33029 170.20761 0.0221 3.0 54.0
41.710606 170.97014 0.0221 3.0 54.0
41.710606 170.97014 0.0222 0.0 55.0
44.423492 173.12611 0.0222 0.0 55.0
44.423492 173.12611 0.0223 0.0 56.0
47.13638 175.28209 0.0223 0.0 56.0
41.710606 170.97014 0.0224 2.0 55.0
45.09092 171.73267 0.0224 2.0 55.0
45.09092 171.73267 0.0225 1.0 56.0
48.471233 172.4952 0.0225 1.0 56.0
48.471233 172.4952 0.0226 0.0 57.0
51.84698 171.71269 0.0226 0.0 57.0
51.84698 171.71269 0.0227 0.0 58.0
55.22273 170.93019 0.0227 0.0 58.0
48.471233 172.4952 0.0228 0.0 57.0
51.18412 174.65117 0.0228 0.0 57.0
51.18412 174.65117 0.0229 0.0 58.0
53.897007 176.80714 0.0229 0.0 58.0
34.949978 169.44508 0.0230 8.0 53.0
37.662865 171.60106 0.0230 8.0 53.0
37.662865 171.60106 0.0231 7.0 54.0
40.37575 173.75703 0.0231 7.0 54.0
40.37575 173.75703 0.0232 6.0 55.0
43.08864 175.91301 0.0232 6.0 55.0
43.08864 175.91301 0.0233 5.0 56.0
45.801525 178.06898 0.0233 5.0 56.0
45.801525 178.06898 0.0234 4.0 57.0
49.18184 178.83151 0.0234 4.0 57.0
49.18184 178.83151 0.0235 3.0 58.0
52.562153 179.59404 0.0235 3.0 58.0
52.562153 179.59404 0.0236 0.0 59.0
55.27504 181.75002 0.0236 0.0 59.0
55.27504 181.75002 0.0237 0.0 60.0
57.987926 183.90599 0.0237 0.0 60.0
52.562153 179.59404 0.0238 2.0 59.0
55.942467 180.35657 0.0238 2.0 59.0
55.942467 180.35657 0.0239 1.0 60.0
59.32278 181.1191 0.0239 1.0 60.0
59.32278 181.1191 0.0240 0.0 61.0
62.69853 180.3366 0.0240 0.0 61.0
62.69853 180.3366 0.0241 0.0 62.0
66.07428 179.5541 0.0241 0.0 62.0
59.32278 181.1191 0.0242 0.0 61.0
62.035667 183.27507 0.0242 0.0 61.0
62.035667 183.27507 0.0243 0.0 62.0
64.74856 185.43105 0.0243 0.0 62.0
45.801525 178.06898 0.0244 4.0 57.0
47.30768 181.1898 0.0244 4.0 57.0
47.30768 181.1898 0.0245 3.0 58.0
48.81383 184.31062 0.0245 3.0 58.0
48.81383 184.31062 0.0246 0.0 59.0
48.81383 187.77588 0.0246 0.0 59.0
48.81383 187.77588 0.0247 0.0 60.0
48.81383 191.24113 0.0247 0.0 60.0
48.81383 184.31062 0.0248 2.0 59.0
50.319984 187.43144 0.0248 2.0 59.0
50.319984 187.43144 0.0249 1.0 60.0
51.826138 190.55226 0.0249 1.0 60.0
51.826138 190.55226 0.0250 0.0 61.0
54.539024 192.70824 0.0250 0.0 61.0
54.539024 192.70824 0.0251 0.0 62.0
57.25191 194.86421 0.0251 0.0 62.0
51.826138 190.55226 0.0252 0.0 61.0
51.826138 194.01752 0.0252 0.0 61.0
51.826138 194.01752 0.0253 0.0 62.0
51.826138 197.48277 0.0253 0.0 62.0
24.098429 160.82118 0.0254 12.0 49.0
24.098429 164.28644 0.0254 12.0 49.0
24.098429 164.28644 0.0255 11.0 50.0
24.098429 167.7517 0.0255 11.0 50.0
24.098429 167.7517 0.0256 10.0 51.0
24.098429 171.21695 0.0256 10.0 51.0
24.098429 171.21695 0.0257 9.0 52.0
24.098429 174.6822 0.0257 9.0 52.0
24.098429 174.6822 0.0258 4.0 53.0
25.60458 177.80302 0.0258 4.0 53.0
25.60458 177.80302 0.0259 3.0 54.0
27.110731 180.92384 0.0259 3.0 54.0
27.110731 180.92384 0.0260 0.0 55.0
27.110731 184.3891 0.0260 0.0 55.0
27.110731 184.3891 0.0261 0.0 56.0
27.110731 187.85435 0.0261 0.0 56.0
27.110731 180.92384 0.0262 2.0 55.0
28.616882 184.04466 0.0262 2.0 55.0
28.616882 184.04466 0.0263 1.0 56.0
30.123034 187.16548 0.0263 1.0 56.0
30.123034 187.16548 0.0264 0.0 57.0
32.835922 189.32146 0.0264 0.0 57.0
32.835922 189.32146 0.0265 0.0 58.0
35.54881 191.47743 0.0265 0.0 58.0
30.123034 187.16548 0.0266 0.0 57.0
30.123034 190.63074 0.0266 0.0 57.0
30.123034 190.63074 0.0267 0.0 58.0
30.123034 194.096 0.0267 0.0 58.0
24.098429 174.6822 0.0268 8.0 53.0
24.098429 178.14746 0.0268 8.0 53.0
24.098429 178.14746 0.0269 7.0 54.0
24.098429 181.61272 0.0269 7.0 54.0
24.098429 181.61272 0.0270 6.0 55.0
24.098429 185.07797 0.0270 6.0 55.0
24.098429 185.07797 0.0271 5.0 56.0
24.098429 188.54323 0.0271 5.0 56.0
24.098429 188.54323 0.0272 4.0 57.0
25.60458 191.66405 0.0272 4.0 57.0
25.60458 191.66405 0.0273 3.0 58.0
27.110731 194.78487 0.0273 3.0 58.0
27.110731 194.78487 0.0274 0.0 59.0
27.110731 198.25012 0.0274 0.0 59.0
27.110731 198.25012 0.0275 0.0 60.0
27.110731 201.71538 0.0275 0.0 60.0
27.110731 194.78487 0.0276 2.0 59.0
28.616882 197.90569 0.0276 2.0 59.0
28.616882 197.90569 0.0277 1.0 60.0
30.123034 201.0265 0.0277 1.0 60.0
30.123034 201.0265 0.0278 0.0 61.0
32.835922 203.18248 0.0278 0.0 61.0
32.835922 203.18248 0.0279 0.0 62.0
35.54881 205.33846 0.0279 0.0 62.0
30.123034 201.0265 0.0280 0.0 61.0
30.123034 204.49176 0.0280 0.0 61.0
30.123034 204.49176 0.0281 0.0 62.0
30.123034 207.95702 0.0281 0.0 62.0
24.098429 188.54323 0.0282 4.0 57.0
22.592278 191.66405 0.0282 4.0 57.0
22.592278 191.66405 0.0283 3.0 58.0
21.086126 194.78487 0.0283 3.0 58.0
21.086126 194.78487 0.0284 0.0 59.0
18.37324 196.94084 0.0284 0.0 59.0
18.37324 196.94084 0.0285 0.0 60.0
15.660352 199.09682 0.0285 0.0 60.0
21.086126 194.78487 0.0286 2.0 59.0
19.579975 197.90569 0.0286 2.0 59.0
19.579975 197.90569 0.0287 1.0 60.0
18.073824 201.0265 0.0287 1.0 60.0
18.073824 201.0265 0.0288 0.0 61.0
18.073824 204.49176 0.0288 0.0 61.0
18.073824 204.49176 0.0289 0.0 62.0
18.073824 207.95702 0.0289 0.0 62.0
18.073824 201.0265 0.0290 0.0 61.0
15.360936 203.18248 0.0290 0.0 61.0
15.360936 203.18248 0.0291 0.0 62.0
12.648048 205.33846 0.0291 0.0 62.0
0.0 110.888115 0.0292 28.0 33.0
-1.5061519 114.00893 0.0292 28.0 33.0
-1.5061519 114.00893 0.0293 27.0 34.0
-3.0123038 117.12974 0.0293 27.0 34.0
-3.0123038 117.12974 0.0294 26.0 35.0
-4.5184555 120.25055 0.0294 26.0 35.0
-4.5184555 120.25055 0.0295 25.0 36.0
-6.0246077 123.37136 0.0295 25.0 36.0
-6.0246077 123.37136 0.0296 24.0 37.0
-7.53076 126.49217 0.0296 24.0 37.0
-7.53076 126.49217 0.0297 23.0 38.0
-9.036912 129.61299 0.0297 23.0 38.0
-9.036912 129.61299 0.0298 22.0 39.0
-10.543064 132.73381 0.0298 22.0 39.0
-10.543064 132.73381 0.0299 21.0 40.0
-12.049216 135.85463 0.0299 21.0 40.0
-12.049216 135.85463 0.0300 12.0 41.0
-14.762104 138.0106 0.0300 12.0 41.0
-14.762104 138.0106 0.0301 11.0 42.0
-17.47499 140.16658 0.0301 11.0 42.0
-17.47499 140.16658 0.0302 10.0 43.0
-20.187878 142.32256 0.0302 10.0 43.0
-20.187878 142.32256 0.0303 9.0 44.0
-22.900764 144.47853 0.0303 9.0 44.0
-22.900764 144.47853 0.0304 4.0 45.0
-24.406916 147.59935 0.0304 4.0 45.0
-24.406916 147.59935 0.0305 3.0 46.0
-25.913067 150.72017 0.0305 3.0 46.0
-25.913067 150.72017 0.0306 0.0 47.0
-28.625954 152.87614 0.0306 0.0 47.0
-28.625954 152.87614 0.0307 0.0 48.0
-31.33884 155.03212 0.0307 0.0 48.0
-25.913067 150.72017 0.0308 2.0 47.0
-27.419218 153.84099 0.0308 2.0 47.0
-27.419218 153.84099 0.0309 1.0 48.0
-28.92537 156.9618 0.0309 1.0 48.0
-28.92537 156.9618 0.0310 0.0 49.0
-28.92537 160.42706 0.0310 0.0 49.0
-28.92537 160.42706 0.0311 0.0 50.0
-28.92537 163.89232 0.0311 0.0 50.0
-28.92537 156.9618 0.0312 0.0 49.0
-31.638256 159.11778 0.0312 0.0 49.0
-31.638256 159.11778 0.0313 0.0 50.0
-34.351143 161.27376 0.0313 0.0 50.0
-22.900764 144.47853 0.0314 8.0 45.0
-25.613651 146.6345 0.0314 8.0 45.0
-25.613651 146.6345 0.0315 7.0 46.0
-28.326538 148.79048 0.0315 7.0 46.0
-28.326538 148.79048 0.0316 6.0 47.0
-31.039425 150.94646 0.0316 6.0 47.0
-31.039425 150.94646 0.0317 5.0 48.0
-33.75231 153.10243 0.0317 5.0 48.0
-33.75231 153.10243 0.0318 4.0 49.0
-35.258465 156.22325 0.0318 4.0 49.0
-35.258465 156.22325 0.0319 3.0 50.0
-36.764618 159.34407 0.0319 3.0 50.0
-36.764618 159.34407 0.0320 0.0 51.0
-39.477505 161.50005 0.0320 0.0 51.0
-39.477505 161.50005 0.0321 0.0 52.0
-42.19039 163.65602 0.0321 0.0 52.0
-36.764618 159.34407 0.0322 2.0 51.0
-38.27077 162.46489 0.0322 2.0 51.0
-38.27077 162.46489 0.0323 1.0 52.0
-39.776924 165.58571 0.0323 1.0 52.0
-39.776924 165.58571 0.0324 0.0 53.0
-39.776924 169.05096 0.0324 0.0 53.0
-39.776924 169.05096 0.0325 0.0 54.0
-39.776924 172.51622 0.0325 0.0 54.0
-39.776924 165.58571 0.0326 0.0 53.0
-42.48981 167.74168 0.0326 0.0 53.0
-42.48981 167.74168 0.0327 0.0 54.0
-45.202698 169.89766 0.0327 0.0 54.0
-33.75231 153.10243 0.0328 4.0 49.0
-37.132626 153.86496 0.0328 4.0 49.0
-37.132626 153.86496 0.0329 3.0 50.0
-40.51294 154.62749 0.0329 3.0 50.0
-40.51294 154.62749 0.0330 0.0 51.0
-43.888687 153.84499 0.0330 0.0 51.0
-43.888687 153.84499 0.0331 0.0 52.0
-47.264435 153.06248 0.0331 0.0 52.0
-40.51294 154.62749 0.0332 2.0 51.0
-43.893253 155.39001 0.0332 2.0 51.0
-43.893253 155.39001 0.0333 1.0 52.0
-47.273567 156.15254 0.0333 1.0 52.0
-47.273567 156.15254 0.0334 0.0 53.0
-49.986454 158.30852 0.0334 0.0 53.0
-49.986454 158.30852 0.0335 0.0 54.0
-52.69934 160.4645 0.0335 0.0 54.0
-47.273567 156.15254 0.0336 0.0 53.0
-50.649315 155.37004 0.0336 0.0 53.0
-50.649315 155.37004 0.0337 0.0 54.0
-54.025063 154.58754 0.0337 0.0 54.0
-12.049216 135.85463 0.0338 20.0 41.0
-13.555368 138.97545 0.0338 20.0 41.0
-13.555368 138.97545 0.0339 19.0 42.0
-15.061521 142.09627 0.0339 19.0 42.0
-15.061521 142.09627 0.0340 18.0 43.0
-16.567673 145.21709 0.0340 18.0 43.0
-16.567673 145.21709 0.0341 17.0 44.0
-18.073824 148.3379 0.0341 17.0 44.0
-18.073824 148.3379 0.0342 16.0 45.0
-19.579975 151.45872 0.0342 16.0 45.0
-19.579975 151.45872 0.0343 15.0 46.0
-21.086126 154.57954 0.0343 15.0 46.0
-21.086126 154.57954 0.0344 14.0 47.0
-22.592278 157.70036 0.0344 14.0 47.0
-22.592278 157.70036 0.0345 13.0 48.0
-24.098429 160.82118 0.0345 13.0 48.0
-24.098429 160.82118 0.0346 12.0 49.0
-24.098429 164.28644 0.0346 12.0 49.0
-24.098429 164.28644 0.0347 11.0 50.0
-24.098429 167.7517 0.0347 11.0 50.0
-24.098429 167.7517 0.0348 10.0 51.0
-24.098429 171.21695 0.0348 10.0 51.0
-24.098429 171.21695 0.0349 9.0 52.0
-24.098429 174.6822 0.0349 9.0 52.0
-24.098429 174.6822 0.0350 4.0 53.0
-22.592278 177.80302 0.0350 4.0 53.0
-22.592278 177.80302 0.0351 3.0 54.0
-21.086126 180.92384 0.0351 3.0 54.0
-21.086126 180.92384 0.0352 0.0 55.0
-21.086126 184.3891 0.0352 0.0 55.0
-21.086126 184.3891 0.0353 0.0 56.0
-21.086126 187.85435 0.0353 0.0 56.0
-21.086126 180.92384 0.0354 2.0 55.0
-19.579975 184.04466 0.0354 2.0 55.0
-19.579975 184.04466 0.0355 1.0 56.0
-18.073824 187.16548 0.0355 1.0 56.0
-18.073824 187.16548 0.0356 0.0 57.0
-15.360936 189.32146 0.0356 0.0 57.0
-15.360936 189.32146 0.0357 0.0 58.0
-12.648048 191.47743 0.0357 0.0 58.0
-18.073824 187.16548 0.0358 0.0 57.0
-18.073824 190.63074 0.0358 0.0 57.0
-18.073824 190.63074 0.0359 0.0 58.0
-18.073824 194.096 0.0359 0.0 58.0
-24.098429 174.6822 0.0360 8.0 53.0
-24.098429 178.14746 0.0360 8.0 53.0
-24.098429 178.14746 0.0361 7.0 54.0
-24.098429 181.61272 0.0361 7.0 54.0
-24.098429 181.61272 0.0362 6.0 55.0
-24.098429 185.07797 0.0362 6.0 55.0
-24.098429 185.07797 0.0363 5.0 56.0
-24.098429 188.54323 0.0363 5.0 56.0
-24.098429 188.54323 0.0364 4.0 57.0
-22.592278 191.66405 0.0364 4.0 57.0
-22.592278 191.66405 0.0365 3.0 58.0
-21.086126 194.78487 0.0365 3.0 58.0
-21.086126 194.78487 0.0366 0.0 59.0
-21.086126 198.25012 0.0366 0.0 59.0
-21.086126 198.25012 0.0367 0.0 60.0
-21.086126 201.71538 0.0367 0.0 60.0
-21.086126 194.78487 0.0368 2.0 59.0
-19.579975 197.90569 0.0368 2.0 59.0
-19.579975 197.90569 0.0369 1.0 60.0
-18.073824 201.0265 0.0369 1.0 60.0
-18.073824 201.0265 0.0370 0.0 61.0
-15.360936 203.18248 0.0370 0.0 61.0
-15.360936 203.18248 0.0371 0.0 62.0
-12.648048 205.33846 0.0371 0.0 62.0
-18.073824 201.0265 0.0372 0.0 61.0
-18.073824 204.49176 0.0372 0.0 61.0
-18.073824 204.49176 0.0373 0.0 62.0
-18.073824 207.95702 0.0373 0.0 62.0
-24.098429 188.54323 0.0374 4.0 57.0
-25.60458 191.66405 0.0374 4.0 57.0
-25.60458 191.66405 0.0375 3.0 58.0
-27.110731 194.78487 0.0375 3.0 58.0
-27.110731 194.78487 0.0376 0.0 59.0
-29.823618 196.94084 0.0376 0.0 59.0
-29.823618 196.94084 0.0377 0.0 60.0
-32.536507 199.09682 0.0377 0.0 60.0
-27.110731 194.78487 0.0378 2.0 59.0
-28.616882 197.90569 0.0378 2.0 59.0
-28.616882 197.90569 0.0379 1.0 60.0
-30.123034 201.0265 0.0379 1.0 60.0
-30.123034 201.0265 0.0380 0.0 61.0
-30.123034 204.49176 0.0380 0.0 61.0
-30.123034 204.49176 0.0381 0.0 62.0
-30.123034 207.95702 0.0381 0.0 62.0
-30.123034 201.0265 0.0382 0.0 61.0
-32.835922 203.18248 0.0382 0.0 61.0
-32.835922 203.18248 0.0383 0.0 62.0
-35.54881 205.33846 0.0383 0.0 62.0
-24.098429 160.82118 0.0384 12.0 49.0
-26.811316 162.97716 0.0384 12.0 49.0
-26.811316 162.97716 0.0385 11.0 50.0
-29.524202 165.13313 0.0385 11.0 50.0
-29.524202 165.13313 0.0386 10.0 51.0
-32.23709 167.28911 0.0386 10.0 51.0
-32.23709 167.28911 0.0387 9.0 52.0
-34.949978 169.44508 0.0387 9.0 52.0
-34.949978 169.44508 0.0388 4.0 53.0
-36.45613 172.5659 0.0388 4.0 53.0
-36.45613 172.5659 0.0389 3.0 54.0
-37.962284 175.68672 0.0389 3.0 54.0
-37.962284 175.68672 0.0390 0.0 55.0
-40.67517 177.8427 0.0390 0.0 55.0
-40.67517 177.8427 0.0391 0.0 56.0
-43.388058 179.99867 0.0391 0.0 56.0
-37.962284 175.68672 0.0392 2.0 55.0
-39.468437 178.80754 0.0392 2.0 55.0
-39.468437 178.80754 0.0393 1.0 56.0
-40.97459 181.92836 0.0393 1.0 56.0
-40.97459 181.92836 0.0394 0.0 57.0
-40.97459 185.39362 0.0394 0.0 57.0
-40.97459 185.39362 0.0395 0.0 58.0
-40.97459 188.85887 0.0395 0.0 58.0
-40.97459 181.92836 0.0396 0.0 57.0
-43.687477 184.08434 0.0396 0.0 57.0
-43.687477 184.08434 0.0397 0.0 58.0
-46.400364 186.24031 0.0397 0.0 58.0
-34.949978 169.44508 0.0398 8.0 53.0
-37.662865 171.60106 0.0398 8.0 53.0
-37.662865 171.60106 0.0399 7.0 54.0
-40.37575 173.75703 0.0399 7.0 54.0
-40.37575 173.75703 0.0400 6.0 55.0
-43.08864 175.91301 0.0400 6.0 55.0
-43.08864 175.91301 0.0401 5.0 56.0
-45.801525 178.06898 0.0401 5.0 56.0
-45.801525 178.06898 0.0402 4.0 57.0
-47.30768 181.1898 0.0402 4.0 57.0
-47.30768 181.1898 0.0403 3.0 58.0
-48.81383 184.31062 0.0403 3.0 58.0
-48.81383 184.31062 0.0404 0.0 59.0
-51.52672 186.4666 0.0404 0.0 59.0
-51.52672 186.4666 0.0405 0.0 60.0
-54.239605 188.62257 0.0405 0.0 60.0
-48.81383 184.31062 0.0406 2.0 59.0
-50.319984 187.43144 0.0406 2.0 59.0
-50.319984 187.43144 0.0407 1.0 60.0
-51.826138 190.55226 0.0407 1.0 60.0
-51.826138 190.55226 0.0408 0.0 61.0
-51.826138 194.01752 0.0408 0.0 61.0
-51.826138 194.01752 0.0409 0.0 62.0
-51.826138 197.48277 0.0409 0.0 62.0
-51.826138 190.55226 0.0410 0.0 61.0
-54.539024 192.70824 0.0410 0.0 61.0
-54.539024 192.70824 0.0411 0.0 62.0
-57.25191 194.86421 0.0411 0.0 62.0
-45.801525 178.06898 0.0412 4.0 57.0
-49.18184 178.83151 0.0412 4.0 57.0
-49.18184 178.83151 0.0413 3.0 58.0
-52.562153 179.59404 0.0413 3.0 58.0
-52.562153 179.59404 0.0414 0.0 59.0
-55.9379 178.81154 0.0414 0.0 59.0
-55.9379 178.81154 0.0415 0.0 60.0
-59.31365 178.02904 0.0415 0.0 60.0
-52.562153 179.59404 0.0416 2.0 59.0
-55.942467 180.35657 0.0416 2.0 59.0
-55.942467 180.35657 0.0417 1.0 60.0
-59.32278 181.1191 0.0417 1.0 60.0
-59.32278 181.1191 0.0418 0.0 61.0
-62.035667 183.27507 0.0418 0.0 61.0
-62.035667 183.27507 0.0419 0.0 62.0
-64.74856 185.43105 0.0419 0.0 62.0
-59.32278 181.1191 0.0420 0.0 61.0
-62.69853 180.3366 0.0420 0.0 61.0
-62.69853 180.3366 0.0421 0.0 62.0
-66.07428 179.5541 0.0421 0.0 62.0
