0.0 0.0 0.00 43.0 1.0
0.0 3.9065416 0.00 43.0 1.0
0.0 3.9065416 0.01 42.0 2.0
0.0 7.813083 0.01 42.0 2.0
0.0 7.813083 0.02 41.0 3.0
0.0 11.7196245 0.02 41.0 3.0
0.0 11.7196245 0.03 40.0 4.0
0.0 15.626166 0.03 40.0 4.0
0.0 15.626166 0.04 39.0 5.0
0.0 19.532707 0.04 39.0 5.0
0.0 19.532707 0.05 38.0 6.0
0.0 23.439249 0.05 38.0 6.0
0.0 23.439249 0.06 37.0 7.0
0.0 27.34579 0.06 37.0 7.0
0.0 27.34579 0.07 36.0 8.0
0.0 31.252333 0.07 36.0 8.0
0.0 31.252333 0.08 19.0 9.0
1.7081686 34.765625 0.08 19.0 9.0
1.7081686 34.765625 0.09 18.0 10.0
3.4163373 38.27892 0.09 18.0 10.0
3.4163373 38.27892 0.010 17.0 11.0
5.124506 41.792213 0.010 17.0 11.0
5.124506 41.792213 0.011 16.0 12.0
6.8326745 45.305508 0.011 16.0 12.0
6.8326745 45.305508 0.012 7.0 13.0
9.905109 47.718227 0.012 7.0 13.0
9.905109 47.718227 0.013 6.0 14.0
12.977544 50.130947 0.013 6.0 14.0
12.977544 50.130947 0.014 1.0 15.0
16.795677 50.957344 0.014 1.0 15.0
16.795677 50.957344 0.015 0.0 16.0
20.61381 51.78374 0.015 0.0 16.0
20.61381 51.78374 0.016 0.0 17.0
23.686245 54.19646 0.016 0.0 17.0
12.977544 50.130947 0.017 1.0 15.0
16.049978 52.543667 0.017 1.0 15.0
16.049978 52.543667 0.018 0.0 16.0
19.122414 54.956387 0.018 0.0 16.0
19.122414 54.956387 0.019 0.0 17.0
20.830582 58.46968 0.019 0.0 17.0
12.977544 50.130947 0.020 5.0 15.0
16.049978 52.543667 0.020 5.0 15.0
16.049978 52.543667 0.021 4.0 16.0
19.122414 54.956387 0.021 4.0 16.0
19.122414 54.956387 0.022 3.0 17.0
20.830582 58.46968 0.022 3.0 17.0
20.830582 58.46968 0.023 2.0 18.0
22.53875 61.982975 0.023 2.0 18.0
22.53875 61.982975 0.024 1.0 19.0
24.246918 65.49627 0.024 1.0 19.0
24.246918 65.49627 0.025 0.0 20.0
25.955086 69.00956 0.025 0.0 20.0
25.955086 69.00956 0.026 0.0 21.0
25.955086 72.9161 0.026 0.0 21.0
19.122414 54.956387 0.027 1.0 17.0
22.940546 55.782784 0.027 1.0 17.0
22.940546 55.782784 0.028 0.0 18.0
26.758678 56.60918 0.028 0.0 18.0
26.758678 56.60918 0.029 0.0 19.0
29.831114 59.0219 0.029 0.0 19.0
6.8326745 45.305508 0.030 7.0 13.0
8.540843 48.8188 0.030 7.0 13.0
8.540843 48.8188 0.031 6.0 14.0
10.249012 52.332096 0.031 6.0 14.0
10.249012 52.332096 0.032 1.0 15.0
13.321446 54.744816 0.032 1.0 15.0
13.321446 54.744816 0.033 0.0 16.0
16.39388 57.157536 0.033 0.0 16.0
16.39388 57.157536 0.034 0.0 17.0
18.102049 60.67083 0.034 0.0 17.0
10.249012 52.332096 0.035 1.0 15.0
11.957181 55.84539 0.035 1.0 15.0
11.957181 55.84539 0.036 0.0 16.0
13.66535 59.358685 0.036 0.0 16.0
13.66535 59.358685 0.037 0.0 17.0
13.66535 63.265224 0.037 0.0 17.0
10.249012 52.332096 0.038 5.0 15.0
11.957181 55.84539 0.038 5.0 15.0
11.957181 55.84539 0.039 4.0 16.0
13.66535 59.358685 0.039 4.0 16.0
13.66535 59.358685 0.040 3.0 17.0
13.66535 63.265224 0.040 3.0 17.0
13.66535 63.265224 0.041 2.0 18.0
13.66535 67.17177 0.041 2.0 18.0
13.66535 67.17177 0.042 1.0 19.0
13.66535 71.07831 0.042 1.0 19.0
13.66535 71.07831 0.043 0.0 20.0
13.66535 74.98485 0.043 0.0 20.0
13.66535 74.98485 0.044 0.0 21.0
11.957181 78.49814 0.044 0.0 21.0
13.66535 59.358685 0.045 1.0 17.0
16.737785 61.771404 0.045 1.0 17.0
16.737785 61.771404 0.046 0.0 18.0
19.81022 64.18412 0.046 0.0 18.0
19.81022 64.18412 0.047 0.0 19.0
21.518389 67.69741 0.047 0.0 19.0
6.8326745 45.305508 0.048 15.0 13.0
8.540843 48.8188 0.048 15.0 13.0
8.540843 48.8188 0.049 14.0 14.0
10.249012 52.332096 0.049 14.0 14.0
10.249012 52.332096 0.050 13.0 15.0
11.957181 55.84539 0.050 13.0 15.0
11.957181 55.84539 0.051 12.0 16.0
13.66535 59.358685 0.051 12.0 16.0
13.66535 59.358685 0.052 11.0 17.0
13.66535 63.265224 0.052 11.0 17.0
13.66535 63.265224 0.053 10.0 18.0
13.66535 67.17177 0.053 10.0 18.0
13.66535 67.17177 0.054 9.0 19.0
13.66535 71.07831 0.054 9.0 19.0
13.66535 71.07831 0.055 8.0 20.0
13.66535 74.98485 0.055 8.0 20.0
13.66535 74.98485 0.056 7.0 21.0
13.66535 78.89139 0.056 7.0 21.0
13.66535 78.89139 0.057 6.0 22.0
13.66535 82.79793 0.057 6.0 22.0
13.66535 82.79793 0.058 1.0 23.0
15.373519 86.31122 0.058 1.0 23.0
15.373519 86.31122 0.059 0.0 24.0
17.081688 89.82451 0.059 0.0 24.0
17.081688 89.82451 0.060 0.0 25.0
17.081688 93.73105 0.060 0.0 25.0
13.66535 82.79793 0.061 1.0 23.0
13.66535 86.70447 0.061 1.0 23.0
13.66535 86.70447 0.062 0.0 24.0
13.66535 90.61101 0.062 0.0 24.0
13.66535 90.61101 0.063 0.0 25.0
11.957181 94.1243 0.063 0.0 25.0
13.66535 82.79793 0.064 5.0 23.0
13.66535 86.70447 0.064 5.0 23.0
13.66535 86.70447 0.065 4.0 24.0
13.66535 90.61101 0.065 4.0 24.0
13.66535 90.61101 0.066 3.0 25.0
11.957181 94.1243 0.066 3.0 25.0
11.957181 94.1243 0.067 2.0 26.0
10.249012 97.63759 0.067 2.0 26.0
10.249012 97.63759 0.068 1.0 27.0
8.540843 101.15088 0.068 1.0 27.0
8.540843 101.15088 0.069 0.0 28.0
6.8326745 104.66417 0.069 0.0 28.0
6.8326745 104.66417 0.070 0.0 29.0
3.7602398 107.07689 0.070 0.0 29.0
13.66535 90.61101 0.071 1.0 25.0
15.373519 94.1243 0.071 1.0 25.0
15.373519 94.1243 0.072 0.0 26.0
17.081688 97.63759 0.072 0.0 26.0
17.081688 97.63759 0.073 0.0 27.0
17.081688 101.54413 0.073 0.0 27.0
13.66535 59.358685 0.074 7.0 17.0
16.737785 61.771404 0.074 7.0 17.0
16.737785 61.771404 0.075 6.0 18.0
19.81022 64.18412 0.075 6.0 18.0
19.81022 64.18412 0.076 1.0 19.0
23.628353 65.01051 0.076 1.0 19.0
23.628353 65.01051 0.077 0.0 20.0
27.446486 65.83691 0.077 0.0 20.0
27.446486 65.83691 0.078 0.0 21.0
30.51892 68.249626 0.078 0.0 21.0
19.81022 64.18412 0.079 1.0 19.0
22.882656 66.59684 0.079 1.0 19.0
22.882656 66.59684 0.080 0.0 20.0
25.955091 69.00956 0.080 0.0 20.0
25.955091 69.00956 0.081 0.0 21.0
27.66326 72.52285 0.081 0.0 21.0
19.81022 64.18412 0.082 5.0 19.0
22.882656 66.59684 0.082 5.0 19.0
22.882656 66.59684 0.083 4.0 20.0
25.955091 69.00956 0.083 4.0 20.0
25.955091 69.00956 0.084 3.0 21.0
27.66326 72.52285 0.084 3.0 21.0
27.66326 72.52285 0.085 2.0 22.0
29.371428 76.03614 0.085 2.0 22.0
29.371428 76.03614 0.086 1.0 23.0
31.079596 79.54943 0.086 1.0 23.0
31.079596 79.54943 0.087 0.0 24.0
32.787766 83.06272 0.087 0.0 24.0
32.787766 83.06272 0.088 0.0 25.0
32.787766 86.96926 0.088 0.0 25.0
25.955091 69.00956 0.089 1.0 21.0
29.773224 69.83595 0.089 1.0 21.0
29.773224 69.83595 0.090 0.0 22.0
33.59136 70.662346 0.090 0.0 22.0
33.59136 70.662346 0.091 0.0 23.0
36.66379 73.075066 0.091 0.0 23.0
0.0 31.252333 0.092 19.0 9.0
3.0724347 33.66505 0.092 19.0 9.0
3.0724347 33.66505 0.093 18.0 10.0
6.1448693 36.07777 0.093 18.0 10.0
6.1448693 36.07777 0.094 17.0 11.0
9.217304 38.49049 0.094 17.0 11.0
9.217304 38.49049 0.095 16.0 12.0
12.289739 40.90321 0.095 16.0 12.0
12.289739 40.90321 0.096 7.0 13.0
16.107872 41.729607 0.096 7.0 13.0
16.107872 41.729607 0.097 6.0 14.0
19.926004 42.556004 0.097 6.0 14.0
19.926004 42.556004 0.098 1.0 15.0
23.721136 41.6297 0.098 1.0 15.0
23.721136 41.6297 0.099 0.0 16.0
27.516268 40.703396 0.099 0.0 16.0
27.516268 40.703396 0.0100 0.0 17.0
31.3344 41.529793 0.0100 0.0 17.0
19.926004 42.556004 0.0101 1.0 15.0
23.744137 43.3824 0.0101 1.0 15.0
23.744137 43.3824 0.0102 0.0 16.0
27.56227 44.208797 0.0102 0.0 16.0
27.56227 44.208797 0.0103 0.0 17.0
30.634705 46.621517 0.0103 0.0 17.0
19.926004 42.556004 0.0104 5.0 15.0
23.744137 43.3824 0.0104 5.0 15.0
23.744137 43.3824 0.0105 4.0 16.0
27.56227 44.208797 0.0105 4.0 16.0
27.56227 44.208797 0.0106 3.0 17.0
30.634705 46.621517 0.0106 3.0 17.0
30.634705 46.621517 0.0107 2.0 18.0
33.707138 49.034237 0.0107 2.0 18.0
33.707138 49.034237 0.0108 1.0 19.0
36.77957 51.446957 0.0108 1.0 19.0
36.77957 51.446957 0.0109 0.0 20.0
39.852005 53.859676 0.0109 0.0 20.0
39.852005 53.859676 0.0110 0.0 21.0
41.560173 57.37297 0.0110 0.0 21.0
27.56227 44.208797 0.0111 1.0 17.0
31.3574 43.282494 0.0111 1.0 17.0
31.3574 43.282494 0.0112 0.0 18.0
35.152534 42.35619 0.0112 0.0 18.0
35.152534 42.35619 0.0113 0.0 19.0
38.97067 43.182587 0.0113 0.0 19.0
12.289739 40.90321 0.0114 7.0 13.0
15.362173 43.31593 0.0114 7.0 13.0
15.362173 43.31593 0.0115 6.0 14.0
18.434608 45.72865 0.0115 6.0 14.0
18.434608 45.72865 0.0116 1.0 15.0
22.25274 46.555046 0.0116 1.0 15.0
22.25274 46.555046 0.0117 0.0 16.0
26.070873 47.381443 0.0117 0.0 16.0
26.070873 47.381443 0.0118 0.0 17.0
29.143309 49.794163 0.0118 0.0 17.0
18.434608 45.72865 0.0119 1.0 15.0
21.507044 48.14137 0.0119 1.0 15.0
21.507044 48.14137 0.0120 0.0 16.0
24.57948 50.55409 0.0120 0.0 16.0
24.57948 50.55409 0.0121 0.0 17.0
26.287647 54.067383 0.0121 0.0 17.0
18.434608 45.72865 0.0122 5.0 15.0
21.507044 48.14137 0.0122 5.0 15.0
21.507044 48.14137 0.0123 4.0 16.0
24.57948 50.55409 0.0123 4.0 16.0
24.57948 50.55409 0.0124 3.0 17.0
26.287647 54.067383 0.0124 3.0 17.0
26.287647 54.067383 0.0125 2.0 18.0
27.995815 57.580677 0.0125 2.0 18.0
27.995815 57.580677 0.0126 1.0 19.0
29.703983 61.09397 0.0126 1.0 19.0
29.703983 61.09397 0.0127 0.0 20.0
31.412151 64.60726 0.0127 0.0 20.0
31.412151 64.60726 0.0128 0.0 21.0
31.412151 68.5138 0.0128 0.0 21.0
24.57948 50.55409 0.0129 1.0 17.0
28.397612 51.380486 0.0129 1.0 17.0
28.397612 51.380486 0.0130 0.0 18.0
32.215744 52.206882 0.0130 0.0 18.0
32.215744 52.206882 0.0131 0.0 19.0
35.288177 54.619602 0.0131 0.0 19.0
12.289739 40.90321 0.0132 15.0 13.0
15.362173 43.31593 0.0132 15.0 13.0
15.362173 43.31593 0.0133 14.0 14.0
18.434608 45.72865 0.0133 14.0 14.0
18.434608 45.72865 0.0134 13.0 15.0
21.507044 48.14137 0.0134 13.0 15.0
21.507044 48.14137 0.0135 12.0 16.0
24.57948 50.55409 0.0135 12.0 16.0
24.57948 50.55409 0.0136 11.0 17.0
26.287647 54.067383 0.0136 11.0 17.0
26.287647 54.067383 0.0137 10.0 18.0
27.995815 57.580677 0.0137 10.0 18.0
27.995815 57.580677 0.0138 9.0 19.0
29.703983 61.09397 0.0138 9.0 19.0
29.703983 61.09397 0.0139 8.0 20.0
31.412151 64.60726 0.0139 8.0 20.0
31.412151 64.60726 0.0140 7.0 21.0
33.12032 68.12055 0.0140 7.0 21.0
33.12032 68.12055 0.0141 6.0 22.0
34.828487 71.63384 0.0141 6.0 22.0
34.828487 71.63384 0.0142 1.0 23.0
37.90092 74.04656 0.0142 1.0 23.0
37.90092 74.04656 0.0143 0.0 24.0
40.973354 76.45928 0.0143 0.0 24.0
40.973354 76.45928 0.0144 0.0 25.0
42.681522 79.97257 0.0144 0.0 25.0
34.828487 71.63384 0.0145 1.0 23.0
36.536655 75.14713 0.0145 1.0 23.0
36.536655 75.14713 0.0146 0.0 24.0
38.244823 78.66042 0.0146 0.0 24.0
38.244823 78.66042 0.0147 0.0 25.0
38.244823 82.56696 0.0147 0.0 25.0
34.828487 71.63384 0.0148 5.0 23.0
36.536655 75.14713 0.0148 5.0 23.0
36.536655 75.14713 0.0149 4.0 24.0
38.244823 78.66042 0.0149 4.0 24.0
38.244823 78.66042 0.0150 3.0 25.0
38.244823 82.56696 0.0150 3.0 25.0
38.244823 82.56696 0.0151 2.0 26.0
38.244823 86.4735 0.0151 2.0 26.0
38.244823 86.4735 0.0152 1.0 27.0
38.244823 90.38004 0.0152 1.0 27.0
38.244823 90.38004 0.0153 0.0 28.0
38.244823 94.28658 0.0153 0.0 28.0
38.244823 94.28658 0.0154 0.0 29.0
36.536655 97.79987 0.0154 0.0 29.0
38.244823 78.66042 0.0155 1.0 25.0
41.317257 81.07314 0.0155 1.0 25.0
41.317257 81.07314 0.0156 0.0 26.0
44.38969 83.48586 0.0156 0.0 26.0
44.38969 83.48586 0.0157 0.0 27.0
46.09786 86.99915 0.0157 0.0 27.0
24.57948 50.55409 0.0158 7.0 17.0
28.397612 51.380486 0.0158 7.0 17.0
28.397612 51.380486 0.0159 6.0 18.0
32.215744 52.206882 0.0159 6.0 18.0
32.215744 52.206882 0.0160 1.0 19.0
36.010876 51.28058 0.0160 1.0 19.0
36.010876 51.28058 0.0161 0.0 20.0
39.806007 50.354275 0.0161 0.0 20.0
39.806007 50.354275 0.0162 0.0 21.0
43.62414 51.18067 0.0162 0.0 21.0
32.215744 52.206882 0.0163 1.0 19.0
36.03388 53.03328 0.0163 1.0 19.0
36.03388 53.03328 0.0164 0.0 20.0
39.852013 53.859676 0.0164 0.0 20.0
39.852013 53.859676 0.0165 0.0 21.0
42.924446 56.272396 0.0165 0.0 21.0
32.215744 52.206882 0.0166 5.0 19.0
36.03388 53.03328 0.0166 5.0 19.0
36.03388 53.03328 0.0167 4.0 20.0
39.852013 53.859676 0.0167 4.0 20.0
39.852013 53.859676 0.0168 3.0 21.0
42.924446 56.272396 0.0168 3.0 21.0
42.924446 56.272396 0.0169 2.0 22.0
45.99688 58.685116 0.0169 2.0 22.0
45.99688 58.685116 0.0170 1.0 23.0
49.069313 61.097836 0.0170 1.0 23.0
49.069313 61.097836 0.0171 0.0 24.0
52.141747 63.510555 0.0171 0.0 24.0
52.141747 63.510555 0.0172 0.0 25.0
53.849915 67.02385 0.0172 0.0 25.0
39.852013 53.859676 0.0173 1.0 21.0
43.647144 52.933372 0.0173 1.0 21.0
43.647144 52.933372 0.0174 0.0 22.0
47.442276 52.00707 0.0174 0.0 22.0
47.442276 52.00707 0.0175 0.0 23.0
51.26041 52.833466 0.0175 0.0 23.0
0.0 31.252333 0.0176 35.0 9.0
0.0 35.158875 0.0176 35.0 9.0
0.0 35.158875 0.0177 34.0 10.0
0.0 39.065414 0.0177 34.0 10.0
0.0 39.065414 0.0178 33.0 11.0
0.0 42.971954 0.0178 33.0 11.0
0.0 42.971954 0.0179 32.0 12.0
0.0 46.878494 0.0179 32.0 12.0
0.0 46.878494 0.0180 31.0 13.0
0.0 50.785034 0.0180 31.0 13.0
0.0 50.785034 0.0181 30.0 14.0
0.0 54.691574 0.0181 30.0 14.0
0.0 54.691574 0.0182 29.0 15.0
0.0 58.598114 0.0182 29.0 15.0
0.0 58.598114 0.0183 28.0 16.0
0.0 62.504654 0.0183 28.0 16.0
0.0 62.504654 0.0184 27.0 17.0
1.7081686 66.017944 0.0184 27.0 17.0
1.7081686 66.017944 0.0185 26.0 18.0
3.4163373 69.531235 0.0185 26.0 18.0
3.4163373 69.531235 0.0186 25.0 19.0
5.124506 73.044525 0.0186 25.0 19.0
5.124506 73.044525 0.0187 24.0 20.0
6.8326745 76.557816 0.0187 24.0 20.0
6.8326745 76.557816 0.0188 23.0 21.0
8.540843 80.071106 0.0188 23.0 21.0
8.540843 80.071106 0.0189 22.0 22.0
10.249012 83.5844 0.0189 22.0 22.0
10.249012 83.5844 0.0190 21.0 23.0
11.957181 87.09769 0.0190 21.0 23.0
11.957181 87.09769 0.0191 20.0 24.0
13.66535 90.61098 0.0191 20.0 24.0
13.66535 90.61098 0.0192 19.0 25.0
15.373519 94.12427 0.0192 19.0 25.0
15.373519 94.12427 0.0193 18.0 26.0
17.081688 97.63756 0.0193 18.0 26.0
17.081688 97.63756 0.0194 17.0 27.0
18.789856 101.15085 0.0194 17.0 27.0
18.789856 101.15085 0.0195 16.0 28.0
20.498024 104.66414 0.0195 16.0 28.0
20.498024 104.66414 0.0196 7.0 29.0
23.57046 107.07686 0.0196 7.0 29.0
23.57046 107.07686 0.0197 6.0 30.0
26.642895 109.48958 0.0197 6.0 30.0
26.642895 109.48958 0.0198 1.0 31.0
30.461027 110.31597 0.0198 1.0 31.0
30.461027 110.31597 0.0199 0.0 32.0
34.27916 111.142365 0.0199 0.0 32.0
34.27916 111.142365 0.0200 0.0 33.0
37.351593 113.555084 0.0200 0.0 33.0
26.642895 109.48958 0.0201 1.0 31.0
29.71533 111.9023 0.0201 1.0 31.0
29.71533 111.9023 0.0202 0.0 32.0
32.787766 114.31502 0.0202 0.0 32.0
32.787766 114.31502 0.0203 0.0 33.0
34.495934 117.82831 0.0203 0.0 33.0
26.642895 109.48958 0.0204 5.0 31.0
29.71533 111.9023 0.0204 5.0 31.0
29.71533 111.9023 0.0205 4.0 32.0
32.787766 114.31502 0.0205 4.0 32.0
32.787766 114.31502 0.0206 3.0 33.0
34.495934 117.82831 0.0206 3.0 33.0
34.495934 117.82831 0.0207 2.0 34.0
36.2041 121.3416 0.0207 2.0 34.0
36.2041 121.3416 0.0208 1.0 35.0
37.91227 124.85489 0.0208 1.0 35.0
37.91227 124.85489 0.0209 0.0 36.0
39.620438 128.36818 0.0209 0.0 36.0
39.620438 128.36818 0.0210 0.0 37.0
39.620438 132.27472 0.0210 0.0 37.0
32.787766 114.31502 0.0211 1.0 33.0
36.6059 115.14141 0.0211 1.0 33.0
36.6059 115.14141 0.0212 0.0 34.0
40.424034 115.967804 0.0212 0.0 34.0
40.424034 115.967804 0.0213 0.0 35.0
43.496468 118.38052 0.0213 0.0 35.0
20.498024 104.66414 0.0214 7.0 29.0
22.206192 108.17743 0.0214 7.0 29.0
22.206192 108.17743 0.0215 6.0 30.0
23.91436 111.69072 0.0215 6.0 30.0
23.91436 111.69072 0.0216 1.0 31.0
26.986795 114.10344 0.0216 1.0 31.0
26.986795 114.10344 0.0217 0.0 32.0
30.05923 116.51616 0.0217 0.0 32.0
30.05923 116.51616 0.0218 0.0 33.0
31.767399 120.02945 0.0218 0.0 33.0
23.91436 111.69072 0.0219 1.0 31.0
25.622528 115.20401 0.0219 1.0 31.0
25.622528 115.20401 0.0220 0.0 32.0
27.330696 118.7173 0.0220 0.0 32.0
27.330696 118.7173 0.0221 0.0 33.0
27.330696 122.62384 0.0221 0.0 33.0
23.91436 111.69072 0.0222 5.0 31.0
25.622528 115.20401 0.0222 5.0 31.0
25.622528 115.20401 0.0223 4.0 32.0
27.330696 118.7173 0.0223 4.0 32.0
27.330696 118.7173 0.0224 3.0 33.0
27.330696 122.62384 0.0224 3.0 33.0
27.330696 122.62384 0.0225 2.0 34.0
27.330696 126.53038 0.0225 2.0 34.0
27.330696 126.53038 0.0226 1.0 35.0
27.330696 130.43692 0.0226 1.0 35.0
27.330696 130.43692 0.0227 0.0 36.0
27.330696 134.34346 0.0227 0.0 36.0
27.330696 134.34346 0.0228 0.0 37.0
25.622528 137.85675 0.0228 0.0 37.0
27.330696 118.7173 0.0229 1.0 33.0
30.403131 121.13002 0.0229 1.0 33.0
30.403131 121.13002 0.0230 0.0 34.0
33.475567 123.54274 0.0230 0.0 34.0
33.475567 123.54274 0.0231 0.0 35.0
35.183735 127.05603 0.0231 0.0 35.0
20.498024 104.66414 0.0232 15.0 29.0
22.206192 108.17743 0.0232 15.0 29.0
22.206192 108.17743 0.0233 14.0 30.0
23.91436 111.69072 0.0233 14.0 30.0
23.91436 111.69072 0.0234 13.0 31.0
25.622528 115.20401 0.0234 13.0 31.0
25.622528 115.20401 0.0235 12.0 32.0
27.330696 118.7173 0.0235 12.0 32.0
27.330696 118.7173 0.0236 11.0 33.0
27.330696 122.62384 0.0236 11.0 33.0
27.330696 122.62384 0.0237 10.0 34.0
27.330696 126.53038 0.0237 10.0 34.0
27.330696 126.53038 0.0238 9.0 35.0
27.330696 130.43692 0.0238 9.0 35.0
27.330696 130.43692 0.0239 8.0 36.0
27.330696 134.34346 0.0239 8.0 36.0
27.330696 134.34346 0.0240 7.0 37.0
27.330696 138.25 0.0240 7.0 37.0
27.330696 138.25 0.0241 6.0 38.0
27.330696 142.15654 0.0241 6.0 38.0
27.330696 142.15654 0.0242 1.0 39.0
29.038864 145.66983 0.0242 1.0 39.0
29.038864 145.66983 0.0243 0.0 40.0
30.747032 149.18312 0.0243 0.0 40.0
30.747032 149.18312 0.0244 0.0 41.0
30.747032 153.08966 0.0244 0.0 41.0
27.330696 142.15654 0.0245 1.0 39.0
27.330696 146.06308 0.0245 1.0 39.0
27.330696 146.06308 0.0246 0.0 40.0
27.330696 149.96962 0.0246 0.0 40.0
27.330696 149.96962 0.0247 0.0 41.0
25.622528 153.48291 0.0247 0.0 41.0
27.330696 142.15654 0.0248 5.0 39.0
27.330696 146.06308 0.0248 5.0 39.0
27.330696 146.06308 0.0249 4.0 40.0
27.330696 149.96962 0.0249 4.0 40.0
27.330696 149.96962 0.0250 3.0 41.0
25.622528 153.48291 0.0250 3.0 41.0
25.622528 153.48291 0.0251 2.0 42.0
23.91436 156.9962 0.0251 2.0 42.0
23.91436 156.9962 0.0252 1.0 43.0
22.206192 160.50949 0.0252 1.0 43.0
22.206192 160.50949 0.0253 0.0 44.0
20.498024 164.02278 0.0253 0.0 44.0
20.498024 164.02278 0.0254 0.0 45.0
17.425589 166.4355 0.0254 0.0 45.0
27.330696 149.96962 0.0255 1.0 41.0
29.038864 153.48291 0.0255 1.0 41.0
29.038864 153.48291 0.0256 0.0 42.0
30.747032 156.9962 0.0256 0.0 42.0
30.747032 156.9962 0.0257 0.0 43.0
30.747032 160.90274 0.0257 0.0 43.0
27.330696 118.7173 0.0258 7.0 33.0
30.403131 121.13002 0.0258 7.0 33.0
30.403131 121.13002 0.0259 6.0 34.0
33.475567 123.54274 0.0259 6.0 34.0
33.475567 123.54274 0.0260 1.0 35.0
37.2937 124.36913 0.0260 1.0 35.0
37.2937 124.36913 0.0261 0.0 36.0
41.111835 125.195526 0.0261 0.0 36.0
41.111835 125.195526 0.0262 0.0 37.0
44.18427 127.608246 0.0262 0.0 37.0
33.475567 123.54274 0.0263 1.0 35.0
36.548 125.95546 0.0263 1.0 35.0
36.548 125.95546 0.0264 0.0 36.0
39.620434 128.36818 0.0264 0.0 36.0
39.620434 128.36818 0.0265 0.0 37.0
41.3286 131.88147 0.0265 0.0 37.0
33.475567 123.54274 0.0266 5.0 35.0
36.548 125.95546 0.0266 5.0 35.0
36.548 125.95546 0.0267 4.0 36.0
39.620434 128.36818 0.0267 4.0 36.0
39.620434 128.36818 0.0268 3.0 37.0
41.3286 131.88147 0.0268 3.0 37.0
41.3286 131.88147 0.0269 2.0 38.0
43.03677 135.39476 0.0269 2.0 38.0
43.03677 135.39476 0.0270 1.0 39.0
44.744938 138.90805 0.0270 1.0 39.0
44.744938 138.90805 0.0271 0.0 40.0
46.453106 142.42134 0.0271 0.0 40.0
46.453106 142.42134 0.0272 0.0 41.0
46.453106 146.32788 0.0272 0.0 41.0
39.620434 128.36818 0.0273 1.0 37.0
43.43857 129.19458 0.0273 1.0 37.0
43.43857 129.19458 0.0274 0.0 38.0
47.256702 130.02098 0.0274 0.0 38.0
47.256702 130.02098 0.0275 0.0 39.0
50.329136 132.4337 0.0275 0.0 39.0
0.0 62.504654 0.0276 19.0 17.0
1.7081686 66.017944 0.0276 19.0 17.0
1.7081686 66.017944 0.0277 18.0 18.0
3.4163373 69.531235 0.0277 18.0 18.0
3.4163373 69.531235 0.0278 17.0 19.0
5.124506 73.044525 0.0278 17.0 19.0
5.124506 73.044525 0.0279 16.0 20.0
6.8326745 76.557816 0.0279 16.0 20.0
6.8326745 76.557816 0.0280 7.0 21.0
9.905109 78.970535 0.0280 7.0 21.0
9.905109 78.970535 0.0281 6.0 22.0
12.977544 81.383255 0.0281 6.0 22.0
12.977544 81.383255 0.0282 1.0 23.0
16.795677 82.20965 0.0282 1.0 23.0
16.795677 82.20965 0.0283 0.0 24.0
20.61381 83.03604 0.0283 0.0 24.0
20.61381 83.03604 0.0284 0.0 25.0
23.686245 85.44876 0.0284 0.0 25.0
12.977544 81.383255 0.0285 1.0 23.0
16.049978 83.795975 0.0285 1.0 23.0
16.049978 83.795975 0.0286 0.0 24.0
19.122414 86.208694 0.0286 0.0 24.0
19.122414 86.208694 0.0287 0.0 25.0
20.830582 89.721985 0.0287 0.0 25.0
12.977544 81.383255 0.0288 5.0 23.0
16.049978 83.795975 0.0288 5.0 23.0
16.049978 83.795975 0.0289 4.0 24.0
19.122414 86.208694 0.0289 4.0 24.0
19.122414 86.208694 0.0290 3.0 25.0
20.830582 89.721985 0.0290 3.0 25.0
20.830582 89.721985 0.0291 2.0 26.0
22.53875 93.235275 0.0291 2.0 26.0
22.53875 93.235275 0.0292 1.0 27.0
24.246918 96.748566 0.0292 1.0 27.0
24.246918 96.748566 0.0293 0.0 28.0
25.955086 100.261856 0.0293 0.0 28.0
25.955086 100.261856 0.0294 0.0 29.0
25.955086 104.168396 0.0294 0.0 29.0
19.122414 86.208694 0.0295 1.0 25.0
22.940546 87.03509 0.0295 1.0 25.0
22.940546 87.03509 0.0296 0.0 26.0
26.758678 87.86148 0.0296 0.0 26.0
26.758678 87.86148 0.0297 0.0 27.0
29.831114 90.2742 0.0297 0.0 27.0
6.8326745 76.557816 0.0298 7.0 21.0
8.540843 80.071106 0.0298 7.0 21.0
8.540843 80.071106 0.0299 6.0 22.0
10.249012 83.5844 0.0299 6.0 22.0
10.249012 83.5844 0.0300 1.0 23.0
13.321446 85.997116 0.0300 1.0 23.0
13.321446 85.997116 0.0301 0.0 24.0
16.39388 88.409836 0.0301 0.0 24.0
16.39388 88.409836 0.0302 0.0 25.0
18.102049 91.92313 0.0302 0.0 25.0
10.249012 83.5844 0.0303 1.0 23.0
11.957181 87.09769 0.0303 1.0 23.0
11.957181 87.09769 0.0304 0.0 24.0
13.66535 90.61098 0.0304 0.0 24.0
13.66535 90.61098 0.0305 0.0 25.0
13.66535 94.51752 0.0305 0.0 25.0
10.249012 83.5844 0.0306 5.0 23.0
11.957181 87.09769 0.0306 5.0 23.0
11.957181 87.09769 0.0307 4.0 24.0
13.66535 90.61098 0.0307 4.0 24.0
13.66535 90.61098 0.0308 3.0 25.0
13.66535 94.51752 0.0308 3.0 25.0
13.66535 94.51752 0.0309 2.0 26.0
13.66535 98.42406 0.0309 2.0 26.0
13.66535 98.42406 0.0310 1.0 27.0
13.66535 102.3306 0.0310 1.0 27.0
13.66535 102.3306 0.0311 0.0 28.0
13.66535 106.23714 0.0311 0.0 28.0
13.66535 106.23714 0.0312 0.0 29.0
11.957181 109.75043 0.0312 0.0 29.0
13.66535 90.61098 0.0313 1.0 25.0
16.737785 93.0237 0.0313 1.0 25.0
16.737785 93.0237 0.0314 0.0 26.0
19.81022 95.43642 0.0314 0.0 26.0
19.81022 95.43642 0.0315 0.0 27.0
21.518389 98.94971 0.0315 0.0 27.0
6.8326745 76.557816 0.0316 15.0 21.0
8.540843 80.071106 0.0316 15.0 21.0
8.540843 80.071106 0.0317 14.0 22.0
10.249012 83.5844 0.0317 14.0 22.0
10.249012 83.5844 0.0318 13.0 23.0
11.957181 87.09769 0.0318 13.0 23.0
11.957181 87.09769 0.0319 12.0 24.0
13.66535 90.61098 0.0319 12.0 24.0
13.66535 90.61098 0.0320 11.0 25.0
13.66535 94.51752 0.0320 11.0 25.0
13.66535 94.51752 0.0321 10.0 26.0
13.66535 98.42406 0.0321 10.0 26.0
13.66535 98.42406 0.0322 9.0 27.0
13.66535 102.3306 0.0322 9.0 27.0
13.66535 102.3306 0.0323 8.0 28.0
13.66535 106.23714 0.0323 8.0 28.0
13.66535 106.23714 0.0324 7.0 29.0
13.66535 110.14368 0.0324 7.0 29.0
13.66535 110.14368 0.0325 6.0 30.0
13.66535 114.05022 0.0325 6.0 30.0
13.66535 114.05022 0.0326 1.0 31.0
15.373519 117.56351 0.0326 1.0 31.0
15.373519 117.56351 0.0327 0.0 32.0
17.081688 121.0768 0.0327 0.0 32.0
17.081688 121.0768 0.0328 0.0 33.0
17.081688 124.98334 0.0328 0.0 33.0
13.66535 114.05022 0.0329 1.0 31.0
13.66535 117.95676 0.0329 1.0 31.0
13.66535 117.95676 0.0330 0.0 32.0
13.66535 121.8633 0.0330 0.0 32.0
13.66535 121.8633 0.0331 0.0 33.0
11.957181 125.37659 0.0331 0.0 33.0
13.66535 114.05022 0.0332 5.0 31.0
13.66535 117.95676 0.0332 5.0 31.0
13.66535 117.95676 0.0333 4.0 32.0
13.66535 121.8633 0.0333 4.0 32.0
13.66535 121.8633 0.0334 3.0 33.0
11.957181 125.37659 0.0334 3.0 33.0
11.957181 125.37659 0.0335 2.0 34.0
10.249012 128.88988 0.0335 2.0 34.0
10.249012 128.88988 0.0336 1.0 35.0
8.540843 132.40317 0.0336 1.0 35.0
8.540843 132.40317 0.0337 0.0 36.0
6.8326745 135.91646 0.0337 0.0 36.0
6.8326745 135.91646 0.0338 0.0 37.0
3.7602398 138.32918 0.0338 0.0 37.0
13.66535 121.8633 0.0339 1.0 33.0
15.373519 125.37659 0.0339 1.0 33.0
15.373519 125.37659 0.0340 0.0 34.0
17.081688 128.88988 0.0340 0.0 34.0
17.081688 128.88988 0.0341 0.0 35.0
17.081688 132.79642 0.0341 0.0 35.0
13.66535 90.61098 0.0342 7.0 25.0
16.737785 93.0237 0.0342 7.0 25.0
16.737785 93.0237 0.0343 6.0 26.0
19.81022 95.43642 0.0343 6.0 26.0
19.81022 95.43642 0.0344 1.0 27.0
23.628353 96.26281 0.0344 1.0 27.0
23.628353 96.26281 0.0345 0.0 28.0
27.446486 97.0892 0.0345 0.0 28.0
27.446486 97.0892 0.0346 0.0 29.0
30.51892 99.50192 0.0346 0.0 29.0
19.81022 95.43642 0.0347 1.0 27.0
22.882656 97.84914 0.0347 1.0 27.0
22.882656 97.84914 0.0348 0.0 28.0
25.955091 100.261856 0.0348 0.0 28.0
25.955091 100.261856 0.0349 0.0 29.0
27.66326 103.77515 0.0349 0.0 29.0
19.81022 95.43642 0.0350 5.0 27.0
22.882656 97.84914 0.0350 5.0 27.0
22.882656 97.84914 0.0351 4.0 28.0
25.955091 100.261856 0.0351 4.0 28.0
25.955091 100.261856 0.0352 3.0 29.0
27.66326 103.77515 0.0352 3.0 29.0
27.66326 103.77515 0.0353 2.0 30.0
29.371428 107.28844 0.0353 2.0 30.0
29.371428 107.28844 0.0354 1.0 31.0
31.079596 110.80173 0.0354 1.0 31.0
31.079596 110.80173 0.0355 0.0 32.0
32.787766 114.31502 0.0355 0.0 32.0
32.787766 114.31502 0.0356 0.0 33.0
32.787766 118.22156 0.0356 0.0 33.0
25.955091 100.261856 0.0357 1.0 29.0
29.773224 101.08825 0.0357 1.0 29.0
29.773224 101.08825 0.0358 0.0 30.0
33.59136 101.91464 0.0358 0.0 30.0
33.59136 101.91464 0.0359 0.0 31.0
36.66379 104.32736 0.0359 0.0 31.0
