0.0 0.0 0.00 29.0 1.0
0.0 3.9964519 0.00 29.0 1.0
0.0 3.9964519 0.01 0.0 2.0
-1.8045801 7.5622783 0.01 0.0 2.0
0.0 3.9964519 0.02 28.0 2.0
0.0 7.9929037 0.02 28.0 2.0
0.0 7.9929037 0.03 0.0 3.0
1.8045801 11.55873 0.03 0.0 3.0
0.0 7.9929037 0.04 0.0 3.0
0.0 11.989355 0.04 0.0 3.0
0.0 7.9929037 0.05 1.0 3.0
1.8045801 11.55873 0.05 1.0 3.0
1.8045801 11.55873 0.06 0.0 4.0
1.8045801 15.5551815 0.06 0.0 4.0
1.8045801 11.55873 0.07 0.0 4.0
3.6091602 15.124557 0.07 0.0 4.0
3.6091602 15.124557 0.08 0.0 5.0
6.8294263 17.491308 0.08 0.0 5.0
3.6091602 15.124557 0.09 0.0 5.0
5.41374 18.690384 0.09 0.0 5.0
0.0 7.9929037 0.010 27.0 3.0
0.0 11.989355 0.010 27.0 3.0
0.0 11.989355 0.011 0.0 4.0
-1.8045801 15.5551815 0.011 0.0 4.0
0.0 11.989355 0.012 26.0 4.0
0.0 15.985807 0.012 26.0 4.0
0.0 15.985807 0.013 0.0 5.0
1.8045801 19.551634 0.013 0.0 5.0
0.0 15.985807 0.014 0.0 5.0
0.0 19.98226 0.014 0.0 5.0
0.0 15.985807 0.015 1.0 5.0
1.8045801 19.551634 0.015 1.0 5.0
1.8045801 19.551634 0.016 0.0 6.0
1.8045801 23.548086 0.016 0.0 6.0
1.8045801 19.551634 0.017 0.0 6.0
3.6091602 23.11746 0.017 0.0 6.0
3.6091602 23.11746 0.018 0.0 7.0
6.8294263 25.484211 0.018 0.0 7.0
3.6091602 23.11746 0.019 0.0 7.0
5.41374 26.683287 0.019 0.0 7.0
0.0 15.985807 0.020 1.0 5.0
0.0 19.98226 0.020 1.0 5.0
0.0 19.98226 0.021 0.0 6.0
-1.8045801 23.548086 0.021 0.0 6.0
0.0 19.98226 0.022 0.0 6.0
0.0 23.978712 0.022 0.0 6.0
0.0 23.978712 0.023 0.0 7.0
1.8045801 27.544538 0.023 0.0 7.0
0.0 23.978712 0.024 0.0 7.0
0.0 27.975164 0.024 0.0 7.0
0.0 15.985807 0.025 5.0 5.0
1.8045801 19.551634 0.025 5.0 5.0
1.8045801 19.551634 0.026 0.0 6.0
1.8045801 23.548086 0.026 0.0 6.0
1.8045801 19.551634 0.027 4.0 6.0
3.6091602 23.11746 0.027 4.0 6.0
3.6091602 23.11746 0.028 0.0 7.0
6.8294263 25.484211 0.028 0.0 7.0
3.6091602 23.11746 0.029 0.0 7.0
5.41374 26.683287 0.029 0.0 7.0
3.6091602 23.11746 0.030 1.0 7.0
6.8294263 25.484211 0.030 1.0 7.0
6.8294263 25.484211 0.031 0.0 8.0
8.6340065 29.050037 0.031 0.0 8.0
6.8294263 25.484211 0.032 0.0 8.0
10.049692 27.850964 0.032 0.0 8.0
10.049692 27.850964 0.033 0.0 9.0
13.991665 28.508596 0.033 0.0 9.0
10.049692 27.850964 0.034 0.0 9.0
13.2699585 30.217716 0.034 0.0 9.0
3.6091602 23.11746 0.035 3.0 7.0
5.41374 26.683287 0.035 3.0 7.0
5.41374 26.683287 0.036 0.0 8.0
5.41374 30.679739 0.036 0.0 8.0
5.41374 26.683287 0.037 2.0 8.0
7.2183204 30.249113 0.037 2.0 8.0
7.2183204 30.249113 0.038 0.0 9.0
10.438586 32.615864 0.038 0.0 9.0
7.2183204 30.249113 0.039 0.0 9.0
9.022901 33.81494 0.039 0.0 9.0
7.2183204 30.249113 0.040 1.0 9.0
10.438586 32.615864 0.040 1.0 9.0
10.438586 32.615864 0.041 0.0 10.0
12.243166 36.18169 0.041 0.0 10.0
10.438586 32.615864 0.042 0.0 10.0
13.658853 34.982616 0.042 0.0 10.0
13.658853 34.982616 0.043 0.0 11.0
17.600824 35.640247 0.043 0.0 11.0
13.658853 34.982616 0.044 0.0 11.0
16.879118 37.34937 0.044 0.0 11.0
7.2183204 30.249113 0.045 1.0 9.0
9.022901 33.81494 0.045 1.0 9.0
9.022901 33.81494 0.046 0.0 10.0
9.022901 37.811394 0.046 0.0 10.0
9.022901 33.81494 0.047 0.0 10.0
10.82748 37.380768 0.047 0.0 10.0
10.82748 37.380768 0.048 0.0 11.0
14.047747 39.74752 0.048 0.0 11.0
10.82748 37.380768 0.049 0.0 11.0
12.63206 40.946594 0.049 0.0 11.0
0.0 15.985807 0.050 25.0 5.0
0.0 19.98226 0.050 25.0 5.0
0.0 19.98226 0.051 0.0 6.0
-1.8045801 23.548086 0.051 0.0 6.0
0.0 19.98226 0.052 24.0 6.0
0.0 23.978712 0.052 24.0 6.0
0.0 23.978712 0.053 0.0 7.0
1.8045801 27.544538 0.053 0.0 7.0
0.0 23.978712 0.054 0.0 7.0
0.0 27.975164 0.054 0.0 7.0
0.0 23.978712 0.055 1.0 7.0
1.8045801 27.544538 0.055 1.0 7.0
1.8045801 27.544538 0.056 0.0 8.0
1.8045801 31.54099 0.056 0.0 8.0
1.8045801 27.544538 0.057 0.0 8.0
3.6091602 31.110365 0.057 0.0 8.0
3.6091602 31.110365 0.058 0.0 9.0
6.8294263 33.477116 0.058 0.0 9.0
3.6091602 31.110365 0.059 0.0 9.0
5.41374 34.676193 0.059 0.0 9.0
0.0 23.978712 0.060 23.0 7.0
0.0 27.975164 0.060 23.0 7.0
0.0 27.975164 0.061 0.0 8.0
-1.8045801 31.54099 0.061 0.0 8.0
0.0 27.975164 0.062 22.0 8.0
0.0 31.971617 0.062 22.0 8.0
0.0 31.971617 0.063 0.0 9.0
1.8045801 35.537445 0.063 0.0 9.0
0.0 31.971617 0.064 0.0 9.0
0.0 35.968067 0.064 0.0 9.0
0.0 31.971617 0.065 1.0 9.0
1.8045801 35.537445 0.065 1.0 9.0
1.8045801 35.537445 0.066 0.0 10.0
1.8045801 39.533897 0.066 0.0 10.0
1.8045801 35.537445 0.067 0.0 10.0
3.6091602 39.10327 0.067 0.0 10.0
3.6091602 39.10327 0.068 0.0 11.0
6.8294263 41.470024 0.068 0.0 11.0
3.6091602 39.10327 0.069 0.0 11.0
5.41374 42.669098 0.069 0.0 11.0
0.0 31.971617 0.070 1.0 9.0
0.0 35.968067 0.070 1.0 9.0
0.0 35.968067 0.071 0.0 10.0
-1.8045801 39.533894 0.071 0.0 10.0
0.0 35.968067 0.072 0.0 10.0
0.0 39.96452 0.072 0.0 10.0
0.0 39.96452 0.073 0.0 11.0
1.8045801 43.530346 0.073 0.0 11.0
0.0 39.96452 0.074 0.0 11.0
0.0 43.96097 0.074 0.0 11.0
0.0 31.971617 0.075 5.0 9.0
-1.8045801 35.537445 0.075 5.0 9.0
-1.8045801 35.537445 0.076 0.0 10.0
-5.024846 37.904198 0.076 0.0 10.0
-1.8045801 35.537445 0.077 4.0 10.0
-3.6091602 39.10327 0.077 4.0 10.0
-3.6091602 39.10327 0.078 0.0 11.0
-3.6091602 43.099724 0.078 0.0 11.0
-3.6091602 39.10327 0.079 0.0 11.0
-5.41374 42.669098 0.079 0.0 11.0
-3.6091602 39.10327 0.080 1.0 11.0
-3.6091602 43.099724 0.080 1.0 11.0
-3.6091602 43.099724 0.081 0.0 12.0
-5.41374 46.66555 0.081 0.0 12.0
-3.6091602 43.099724 0.082 0.0 12.0
-3.6091602 47.096176 0.082 0.0 12.0
-3.6091602 47.096176 0.083 0.0 13.0
-1.8045801 50.662003 0.083 0.0 13.0
-3.6091602 47.096176 0.084 0.0 13.0
-3.6091602 51.09263 0.084 0.0 13.0
-3.6091602 39.10327 0.085 3.0 11.0
-5.41374 42.669098 0.085 3.0 11.0
-5.41374 42.669098 0.086 0.0 12.0
-8.6340065 45.03585 0.086 0.0 12.0
-5.41374 42.669098 0.087 2.0 12.0
-7.2183204 46.234924 0.087 2.0 12.0
-7.2183204 46.234924 0.088 0.0 13.0
-7.2183204 50.231377 0.088 0.0 13.0
-7.2183204 46.234924 0.089 0.0 13.0
-9.022901 49.80075 0.089 0.0 13.0
-7.2183204 46.234924 0.090 1.0 13.0
-7.2183204 50.231377 0.090 1.0 13.0
-7.2183204 50.231377 0.091 0.0 14.0
-9.022901 53.797203 0.091 0.0 14.0
-7.2183204 50.231377 0.092 0.0 14.0
-7.2183204 54.22783 0.092 0.0 14.0
-7.2183204 54.22783 0.093 0.0 15.0
-5.41374 57.793655 0.093 0.0 15.0
-7.2183204 54.22783 0.094 0.0 15.0
-7.2183204 58.22428 0.094 0.0 15.0
-7.2183204 46.234924 0.095 1.0 13.0
-9.022901 49.80075 0.095 1.0 13.0
-9.022901 49.80075 0.096 0.0 14.0
-12.243167 52.167503 0.096 0.0 14.0
-9.022901 49.80075 0.097 0.0 14.0
-10.82748 53.366577 0.097 0.0 14.0
-10.82748 53.366577 0.098 0.0 15.0
-10.82748 57.36303 0.098 0.0 15.0
-10.82748 53.366577 0.099 0.0 15.0
-12.63206 56.932404 0.099 0.0 15.0
0.0 31.971617 0.0100 5.0 9.0
0.0 35.968067 0.0100 5.0 9.0
0.0 35.968067 0.0101 0.0 10.0
-1.8045801 39.533894 0.0101 0.0 10.0
0.0 35.968067 0.0102 4.0 10.0
0.0 39.96452 0.0102 4.0 10.0
0.0 39.96452 0.0103 0.0 11.0
1.8045801 43.530346 0.0103 0.0 11.0
0.0 39.96452 0.0104 0.0 11.0
0.0 43.96097 0.0104 0.0 11.0
0.0 39.96452 0.0105 1.0 11.0
1.8045801 43.530346 0.0105 1.0 11.0
1.8045801 43.530346 0.0106 0.0 12.0
1.8045801 47.5268 0.0106 0.0 12.0
1.8045801 43.530346 0.0107 0.0 12.0
3.6091602 47.096172 0.0107 0.0 12.0
3.6091602 47.096172 0.0108 0.0 13.0
6.8294263 49.462925 0.0108 0.0 13.0
3.6091602 47.096172 0.0109 0.0 13.0
5.41374 50.662 0.0109 0.0 13.0
0.0 39.96452 0.0110 3.0 11.0
0.0 43.96097 0.0110 3.0 11.0
0.0 43.96097 0.0111 0.0 12.0
-1.8045801 47.5268 0.0111 0.0 12.0
0.0 43.96097 0.0112 2.0 12.0
0.0 47.957424 0.0112 2.0 12.0
0.0 47.957424 0.0113 0.0 13.0
1.8045801 51.52325 0.0113 0.0 13.0
0.0 47.957424 0.0114 0.0 13.0
0.0 51.953876 0.0114 0.0 13.0
0.0 47.957424 0.0115 1.0 13.0
1.8045801 51.52325 0.0115 1.0 13.0
1.8045801 51.52325 0.0116 0.0 14.0
1.8045801 55.519703 0.0116 0.0 14.0
1.8045801 51.52325 0.0117 0.0 14.0
3.6091602 55.089077 0.0117 0.0 14.0
3.6091602 55.089077 0.0118 0.0 15.0
6.8294263 57.45583 0.0118 0.0 15.0
3.6091602 55.089077 0.0119 0.0 15.0
5.41374 58.654903 0.0119 0.0 15.0
0.0 47.957424 0.0120 1.0 13.0
0.0 51.953876 0.0120 1.0 13.0
0.0 51.953876 0.0121 0.0 14.0
-1.8045801 55.519703 0.0121 0.0 14.0
0.0 51.953876 0.0122 0.0 14.0
0.0 55.95033 0.0122 0.0 14.0
0.0 55.95033 0.0123 0.0 15.0
1.8045801 59.516155 0.0123 0.0 15.0
0.0 55.95033 0.0124 0.0 15.0
0.0 59.94678 0.0124 0.0 15.0
0.0 31.971617 0.0125 13.0 9.0
1.8045801 35.537445 0.0125 13.0 9.0
1.8045801 35.537445 0.0126 0.0 10.0
1.8045801 39.533897 0.0126 0.0 10.0
1.8045801 35.537445 0.0127 12.0 10.0
3.6091602 39.10327 0.0127 12.0 10.0
3.6091602 39.10327 0.0128 0.0 11.0
6.8294263 41.470024 0.0128 0.0 11.0
3.6091602 39.10327 0.0129 0.0 11.0
5.41374 42.669098 0.0129 0.0 11.0
3.6091602 39.10327 0.0130 1.0 11.0
6.8294263 41.470024 0.0130 1.0 11.0
6.8294263 41.470024 0.0131 0.0 12.0
8.6340065 45.03585 0.0131 0.0 12.0
6.8294263 41.470024 0.0132 0.0 12.0
10.049692 43.836777 0.0132 0.0 12.0
10.049692 43.836777 0.0133 0.0 13.0
13.991665 44.494408 0.0133 0.0 13.0
10.049692 43.836777 0.0134 0.0 13.0
13.2699585 46.20353 0.0134 0.0 13.0
3.6091602 39.10327 0.0135 11.0 11.0
5.41374 42.669098 0.0135 11.0 11.0
5.41374 42.669098 0.0136 0.0 12.0
5.41374 46.66555 0.0136 0.0 12.0
5.41374 42.669098 0.0137 10.0 12.0
7.2183204 46.234924 0.0137 10.0 12.0
7.2183204 46.234924 0.0138 0.0 13.0
10.438586 48.601677 0.0138 0.0 13.0
7.2183204 46.234924 0.0139 0.0 13.0
9.022901 49.80075 0.0139 0.0 13.0
7.2183204 46.234924 0.0140 1.0 13.0
10.438586 48.601677 0.0140 1.0 13.0
10.438586 48.601677 0.0141 0.0 14.0
12.243166 52.167503 0.0141 0.0 14.0
10.438586 48.601677 0.0142 0.0 14.0
13.658853 50.96843 0.0142 0.0 14.0
13.658853 50.96843 0.0143 0.0 15.0
17.600824 51.62606 0.0143 0.0 15.0
13.658853 50.96843 0.0144 0.0 15.0
16.879118 53.335182 0.0144 0.0 15.0
7.2183204 46.234924 0.0145 1.0 13.0
9.022901 49.80075 0.0145 1.0 13.0
9.022901 49.80075 0.0146 0.0 14.0
9.022901 53.797203 0.0146 0.0 14.0
9.022901 49.80075 0.0147 0.0 14.0
10.82748 53.366577 0.0147 0.0 14.0
10.82748 53.366577 0.0148 0.0 15.0
14.047747 55.73333 0.0148 0.0 15.0
10.82748 53.366577 0.0149 0.0 15.0
12.63206 56.932404 0.0149 0.0 15.0
7.2183204 46.234924 0.0150 5.0 13.0
10.438586 48.601677 0.0150 5.0 13.0
10.438586 48.601677 0.0151 0.0 14.0
12.243166 52.167503 0.0151 0.0 14.0
10.438586 48.601677 0.0152 4.0 14.0
13.658853 50.96843 0.0152 4.0 14.0
13.658853 50.96843 0.0153 0.0 15.0
17.600824 51.62606 0.0153 0.0 15.0
13.658853 50.96843 0.0154 0.0 15.0
16.879118 53.335182 0.0154 0.0 15.0
13.658853 50.96843 0.0155 1.0 15.0
17.600824 51.62606 0.0155 1.0 15.0
17.600824 51.62606 0.0156 0.0 16.0
20.82109 53.992813 0.0156 0.0 16.0
17.600824 51.62606 0.0157 0.0 16.0
21.542797 52.28369 0.0157 0.0 16.0
21.542797 52.28369 0.0158 0.0 17.0
25.356966 51.09048 0.0158 0.0 17.0
21.542797 52.28369 0.0159 0.0 17.0
25.48477 52.941322 0.0159 0.0 17.0
13.658853 50.96843 0.0160 3.0 15.0
16.879118 53.335182 0.0160 3.0 15.0
16.879118 53.335182 0.0161 0.0 16.0
18.683699 56.90101 0.0161 0.0 16.0
16.879118 53.335182 0.0162 2.0 16.0
20.099384 55.701935 0.0162 2.0 16.0
20.099384 55.701935 0.0163 0.0 17.0
24.041357 56.359566 0.0163 0.0 17.0
20.099384 55.701935 0.0164 0.0 17.0
23.31965 58.068687 0.0164 0.0 17.0
20.099384 55.701935 0.0165 1.0 17.0
24.041357 56.359566 0.0165 1.0 17.0
24.041357 56.359566 0.0166 0.0 18.0
27.261623 58.72632 0.0166 0.0 18.0
24.041357 56.359566 0.0167 0.0 18.0
27.98333 57.017197 0.0167 0.0 18.0
27.98333 57.017197 0.0168 0.0 19.0
31.797499 55.823986 0.0168 0.0 19.0
27.98333 57.017197 0.0169 0.0 19.0
31.925303 57.674828 0.0169 0.0 19.0
20.099384 55.701935 0.0170 1.0 17.0
23.31965 58.068687 0.0170 1.0 17.0
23.31965 58.068687 0.0171 0.0 18.0
25.124231 61.634514 0.0171 0.0 18.0
23.31965 58.068687 0.0172 0.0 18.0
26.539917 60.43544 0.0172 0.0 18.0
26.539917 60.43544 0.0173 0.0 19.0
30.48189 61.09307 0.0173 0.0 19.0
26.539917 60.43544 0.0174 0.0 19.0
29.760183 62.802193 0.0174 0.0 19.0
7.2183204 46.234924 0.0175 9.0 13.0
9.022901 49.80075 0.0175 9.0 13.0
9.022901 49.80075 0.0176 0.0 14.0
9.022901 53.797203 0.0176 0.0 14.0
9.022901 49.80075 0.0177 8.0 14.0
10.82748 53.366577 0.0177 8.0 14.0
10.82748 53.366577 0.0178 0.0 15.0
14.047747 55.73333 0.0178 0.0 15.0
10.82748 53.366577 0.0179 0.0 15.0
12.63206 56.932404 0.0179 0.0 15.0
10.82748 53.366577 0.0180 1.0 15.0
14.047747 55.73333 0.0180 1.0 15.0
14.047747 55.73333 0.0181 0.0 16.0
15.852326 59.299156 0.0181 0.0 16.0
14.047747 55.73333 0.0182 0.0 16.0
17.268013 58.100082 0.0182 0.0 16.0
17.268013 58.100082 0.0183 0.0 17.0
21.209986 58.757713 0.0183 0.0 17.0
17.268013 58.100082 0.0184 0.0 17.0
20.48828 60.466835 0.0184 0.0 17.0
10.82748 53.366577 0.0185 7.0 15.0
12.63206 56.932404 0.0185 7.0 15.0
12.63206 56.932404 0.0186 0.0 16.0
12.63206 60.928856 0.0186 0.0 16.0
12.63206 56.932404 0.0187 6.0 16.0
14.43664 60.49823 0.0187 6.0 16.0
14.43664 60.49823 0.0188 0.0 17.0
17.656906 62.864983 0.0188 0.0 17.0
14.43664 60.49823 0.0189 0.0 17.0
16.24122 64.06406 0.0189 0.0 17.0
14.43664 60.49823 0.0190 1.0 17.0
17.656906 62.864983 0.0190 1.0 17.0
17.656906 62.864983 0.0191 0.0 18.0
19.461487 66.43081 0.0191 0.0 18.0
17.656906 62.864983 0.0192 0.0 18.0
20.877172 65.231735 0.0192 0.0 18.0
20.877172 65.231735 0.0193 0.0 19.0
24.819145 65.889366 0.0193 0.0 19.0
20.877172 65.231735 0.0194 0.0 19.0
24.097439 67.59849 0.0194 0.0 19.0
14.43664 60.49823 0.0195 1.0 17.0
16.24122 64.06406 0.0195 1.0 17.0
16.24122 64.06406 0.0196 0.0 18.0
16.24122 68.06051 0.0196 0.0 18.0
16.24122 64.06406 0.0197 0.0 18.0
18.045801 67.62988 0.0197 0.0 18.0
18.045801 67.62988 0.0198 0.0 19.0
21.266068 69.996635 0.0198 0.0 19.0
18.045801 67.62988 0.0199 0.0 19.0
19.850382 71.19571 0.0199 0.0 19.0
14.43664 60.49823 0.0200 5.0 17.0
14.43664 64.49468 0.0200 5.0 17.0
14.43664 64.49468 0.0201 0.0 18.0
12.63206 68.06051 0.0201 0.0 18.0
14.43664 64.49468 0.0202 4.0 18.0
14.43664 68.491135 0.0202 4.0 18.0
14.43664 68.491135 0.0203 0.0 19.0
16.24122 72.05696 0.0203 0.0 19.0
14.43664 68.491135 0.0204 0.0 19.0
14.43664 72.48759 0.0204 0.0 19.0
14.43664 68.491135 0.0205 1.0 19.0
16.24122 72.05696 0.0205 1.0 19.0
16.24122 72.05696 0.0206 0.0 20.0
16.24122 76.05341 0.0206 0.0 20.0
16.24122 72.05696 0.0207 0.0 20.0
18.045801 75.62279 0.0207 0.0 20.0
18.045801 75.62279 0.0208 0.0 21.0
21.266068 77.98954 0.0208 0.0 21.0
18.045801 75.62279 0.0209 0.0 21.0
19.850382 79.188614 0.0209 0.0 21.0
14.43664 68.491135 0.0210 3.0 19.0
14.43664 72.48759 0.0210 3.0 19.0
14.43664 72.48759 0.0211 0.0 20.0
12.63206 76.05341 0.0211 0.0 20.0
14.43664 72.48759 0.0212 2.0 20.0
14.43664 76.48404 0.0212 2.0 20.0
14.43664 76.48404 0.0213 0.0 21.0
16.24122 80.049866 0.0213 0.0 21.0
14.43664 76.48404 0.0214 0.0 21.0
14.43664 80.48049 0.0214 0.0 21.0
14.43664 76.48404 0.0215 1.0 21.0
16.24122 80.049866 0.0215 1.0 21.0
16.24122 80.049866 0.0216 0.0 22.0
16.24122 84.04632 0.0216 0.0 22.0
16.24122 80.049866 0.0217 0.0 22.0
18.045801 83.61569 0.0217 0.0 22.0
18.045801 83.61569 0.0218 0.0 23.0
21.266068 85.982445 0.0218 0.0 23.0
18.045801 83.61569 0.0219 0.0 23.0
19.850382 87.18152 0.0219 0.0 23.0
14.43664 76.48404 0.0220 1.0 21.0
14.43664 80.48049 0.0220 1.0 21.0
14.43664 80.48049 0.0221 0.0 22.0
12.63206 84.04632 0.0221 0.0 22.0
14.43664 80.48049 0.0222 0.0 22.0
14.43664 84.476944 0.0222 0.0 22.0
14.43664 84.476944 0.0223 0.0 23.0
16.24122 88.04277 0.0223 0.0 23.0
14.43664 84.476944 0.0224 0.0 23.0
14.43664 88.4734 0.0224 0.0 23.0
14.43664 60.49823 0.0225 5.0 17.0
16.24122 64.06406 0.0225 5.0 17.0
16.24122 64.06406 0.0226 0.0 18.0
16.24122 68.06051 0.0226 0.0 18.0
16.24122 64.06406 0.0227 4.0 18.0
18.045801 67.62988 0.0227 4.0 18.0
18.045801 67.62988 0.0228 0.0 19.0
21.266068 69.996635 0.0228 0.0 19.0
18.045801 67.62988 0.0229 0.0 19.0
19.850382 71.19571 0.0229 0.0 19.0
18.045801 67.62988 0.0230 1.0 19.0
21.266068 69.996635 0.0230 1.0 19.0
21.266068 69.996635 0.0231 0.0 20.0
23.070648 73.56246 0.0231 0.0 20.0
21.266068 69.996635 0.0232 0.0 20.0
24.486334 72.36339 0.0232 0.0 20.0
24.486334 72.36339 0.0233 0.0 21.0
28.428307 73.02102 0.0233 0.0 21.0
24.486334 72.36339 0.0234 0.0 21.0
27.7066 74.73014 0.0234 0.0 21.0
18.045801 67.62988 0.0235 3.0 19.0
19.850382 71.19571 0.0235 3.0 19.0
19.850382 71.19571 0.0236 0.0 20.0
19.850382 75.19216 0.0236 0.0 20.0
19.850382 71.19571 0.0237 2.0 20.0
21.654963 74.761536 0.0237 2.0 20.0
21.654963 74.761536 0.0238 0.0 21.0
24.875229 77.12829 0.0238 0.0 21.0
21.654963 74.761536 0.0239 0.0 21.0
23.459543 78.32736 0.0239 0.0 21.0
21.654963 74.761536 0.0240 1.0 21.0
24.875229 77.12829 0.0240 1.0 21.0
24.875229 77.12829 0.0241 0.0 22.0
26.67981 80.694115 0.0241 0.0 22.0
24.875229 77.12829 0.0242 0.0 22.0
28.095495 79.49504 0.0242 0.0 22.0
28.095495 79.49504 0.0243 0.0 23.0
32.037468 80.15267 0.0243 0.0 23.0
28.095495 79.49504 0.0244 0.0 23.0
31.315762 81.86179 0.0244 0.0 23.0
21.654963 74.761536 0.0245 1.0 21.0
23.459543 78.32736 0.0245 1.0 21.0
23.459543 78.32736 0.0246 0.0 22.0
23.459543 82.323814 0.0246 0.0 22.0
23.459543 78.32736 0.0247 0.0 22.0
25.264124 81.89319 0.0247 0.0 22.0
25.264124 81.89319 0.0248 0.0 23.0
28.48439 84.25994 0.0248 0.0 23.0
25.264124 81.89319 0.0249 0.0 23.0
27.068705 85.459015 0.0249 0.0 23.0
0.0 31.971617 0.0250 21.0 9.0
0.0 35.968067 0.0250 21.0 9.0
0.0 35.968067 0.0251 0.0 10.0
-1.8045801 39.533894 0.0251 0.0 10.0
0.0 35.968067 0.0252 20.0 10.0
0.0 39.96452 0.0252 20.0 10.0
0.0 39.96452 0.0253 0.0 11.0
1.8045801 43.530346 0.0253 0.0 11.0
0.0 39.96452 0.0254 0.0 11.0
0.0 43.96097 0.0254 0.0 11.0
0.0 39.96452 0.0255 1.0 11.0
1.8045801 43.530346 0.0255 1.0 11.0
1.8045801 43.530346 0.0256 0.0 12.0
1.8045801 47.5268 0.0256 0.0 12.0
1.8045801 43.530346 0.0257 0.0 12.0
3.6091602 47.096172 0.0257 0.0 12.0
3.6091602 47.096172 0.0258 0.0 13.0
6.8294263 49.462925 0.0258 0.0 13.0
3.6091602 47.096172 0.0259 0.0 13.0
5.41374 50.662 0.0259 0.0 13.0
0.0 39.96452 0.0260 19.0 11.0
0.0 43.96097 0.0260 19.0 11.0
0.0 43.96097 0.0261 0.0 12.0
-1.8045801 47.5268 0.0261 0.0 12.0
0.0 43.96097 0.0262 18.0 12.0
0.0 47.957424 0.0262 18.0 12.0
0.0 47.957424 0.0263 0.0 13.0
1.8045801 51.52325 0.0263 0.0 13.0
0.0 47.957424 0.0264 0.0 13.0
0.0 51.953876 0.0264 0.0 13.0
0.0 47.957424 0.0265 1.0 13.0
1.8045801 51.52325 0.0265 1.0 13.0
1.8045801 51.52325 0.0266 0.0 14.0
1.8045801 55.519703 0.0266 0.0 14.0
1.8045801 51.52325 0.0267 0.0 14.0
3.6091602 55.089077 0.0267 0.0 14.0
3.6091602 55.089077 0.0268 0.0 15.0
6.8294263 57.45583 0.0268 0.0 15.0
3.6091602 55.089077 0.0269 0.0 15.0
5.41374 58.654903 0.0269 0.0 15.0
0.0 47.957424 0.0270 1.0 13.0
0.0 51.953876 0.0270 1.0 13.0
0.0 51.953876 0.0271 0.0 14.0
-1.8045801 55.519703 0.0271 0.0 14.0
0.0 51.953876 0.0272 0.0 14.0
0.0 55.95033 0.0272 0.0 14.0
0.0 55.95033 0.0273 0.0 15.0
1.8045801 59.516155 0.0273 0.0 15.0
0.0 55.95033 0.0274 0.0 15.0
0.0 59.94678 0.0274 0.0 15.0
0.0 47.957424 0.0275 5.0 13.0
1.8045801 51.52325 0.0275 5.0 13.0
1.8045801 51.52325 0.0276 0.0 14.0
1.8045801 55.519703 0.0276 0.0 14.0
1.8045801 51.52325 0.0277 4.0 14.0
3.6091602 55.089077 0.0277 4.0 14.0
3.6091602 55.089077 0.0278 0.0 15.0
6.8294263 57.45583 0.0278 0.0 15.0
3.6091602 55.089077 0.0279 0.0 15.0
5.41374 58.654903 0.0279 0.0 15.0
3.6091602 55.089077 0.0280 1.0 15.0
6.8294263 57.45583 0.0280 1.0 15.0
6.8294263 57.45583 0.0281 0.0 16.0
8.6340065 61.021656 0.0281 0.0 16.0
6.8294263 57.45583 0.0282 0.0 16.0
10.049692 59.822582 0.0282 0.0 16.0
10.049692 59.822582 0.0283 0.0 17.0
13.991665 60.480213 0.0283 0.0 17.0
10.049692 59.822582 0.0284 0.0 17.0
13.2699585 62.189335 0.0284 0.0 17.0
3.6091602 55.089077 0.0285 3.0 15.0
5.41374 58.654903 0.0285 3.0 15.0
5.41374 58.654903 0.0286 0.0 16.0
5.41374 62.651356 0.0286 0.0 16.0
5.41374 58.654903 0.0287 2.0 16.0
7.2183204 62.22073 0.0287 2.0 16.0
7.2183204 62.22073 0.0288 0.0 17.0
10.438586 64.58748 0.0288 0.0 17.0
7.2183204 62.22073 0.0289 0.0 17.0
9.022901 65.78656 0.0289 0.0 17.0
7.2183204 62.22073 0.0290 1.0 17.0
10.438586 64.58748 0.0290 1.0 17.0
10.438586 64.58748 0.0291 0.0 18.0
12.243166 68.153305 0.0291 0.0 18.0
10.438586 64.58748 0.0292 0.0 18.0
13.658853 66.95423 0.0292 0.0 18.0
13.658853 66.95423 0.0293 0.0 19.0
17.600824 67.61186 0.0293 0.0 19.0
13.658853 66.95423 0.0294 0.0 19.0
16.879118 69.320984 0.0294 0.0 19.0
7.2183204 62.22073 0.0295 1.0 17.0
9.022901 65.78656 0.0295 1.0 17.0
9.022901 65.78656 0.0296 0.0 18.0
9.022901 69.78301 0.0296 0.0 18.0
9.022901 65.78656 0.0297 0.0 18.0
10.82748 69.35239 0.0297 0.0 18.0
10.82748 69.35239 0.0298 0.0 19.0
14.047747 71.71914 0.0298 0.0 19.0
10.82748 69.35239 0.0299 0.0 19.0
12.63206 72.91821 0.0299 0.0 19.0
0.0 47.957424 0.0300 17.0 13.0
0.0 51.953876 0.0300 17.0 13.0
0.0 51.953876 0.0301 0.0 14.0
-1.8045801 55.519703 0.0301 0.0 14.0
0.0 51.953876 0.0302 16.0 14.0
0.0 55.95033 0.0302 16.0 14.0
0.0 55.95033 0.0303 0.0 15.0
1.8045801 59.516155 0.0303 0.0 15.0
0.0 55.95033 0.0304 0.0 15.0
0.0 59.94678 0.0304 0.0 15.0
0.0 55.95033 0.0305 1.0 15.0
1.8045801 59.516155 0.0305 1.0 15.0
1.8045801 59.516155 0.0306 0.0 16.0
1.8045801 63.512608 0.0306 0.0 16.0
1.8045801 59.516155 0.0307 0.0 16.0
3.6091602 63.08198 0.0307 0.0 16.0
3.6091602 63.08198 0.0308 0.0 17.0
6.8294263 65.44873 0.0308 0.0 17.0
3.6091602 63.08198 0.0309 0.0 17.0
5.41374 66.64781 0.0309 0.0 17.0
0.0 55.95033 0.0310 15.0 15.0
0.0 59.94678 0.0310 15.0 15.0
0.0 59.94678 0.0311 0.0 16.0
-1.8045801 63.512608 0.0311 0.0 16.0
0.0 59.94678 0.0312 14.0 16.0
0.0 63.943233 0.0312 14.0 16.0
0.0 63.943233 0.0313 0.0 17.0
1.8045801 67.50906 0.0313 0.0 17.0
0.0 63.943233 0.0314 0.0 17.0
0.0 67.93968 0.0314 0.0 17.0
0.0 63.943233 0.0315 1.0 17.0
1.8045801 67.50906 0.0315 1.0 17.0
1.8045801 67.50906 0.0316 0.0 18.0
1.8045801 71.505516 0.0316 0.0 18.0
1.8045801 67.50906 0.0317 0.0 18.0
3.6091602 71.07489 0.0317 0.0 18.0
3.6091602 71.07489 0.0318 0.0 19.0
6.8294263 73.44164 0.0318 0.0 19.0
3.6091602 71.07489 0.0319 0.0 19.0
5.41374 74.64072 0.0319 0.0 19.0
0.0 63.943233 0.0320 1.0 17.0
0.0 67.93968 0.0320 1.0 17.0
0.0 67.93968 0.0321 0.0 18.0
-1.8045801 71.50551 0.0321 0.0 18.0
0.0 67.93968 0.0322 0.0 18.0
0.0 71.936134 0.0322 0.0 18.0
0.0 71.936134 0.0323 0.0 19.0
1.8045801 75.50196 0.0323 0.0 19.0
0.0 71.936134 0.0324 0.0 19.0
0.0 75.93259 0.0324 0.0 19.0
0.0 63.943233 0.0325 5.0 17.0
-1.8045801 67.50906 0.0325 5.0 17.0
-1.8045801 67.50906 0.0326 0.0 18.0
-5.024846 69.87582 0.0326 0.0 18.0
-1.8045801 67.50906 0.0327 4.0 18.0
-3.6091602 71.07489 0.0327 4.0 18.0
-3.6091602 71.07489 0.0328 0.0 19.0
-3.6091602 75.07134 0.0328 0.0 19.0
-3.6091602 71.07489 0.0329 0.0 19.0
-5.41374 74.64072 0.0329 0.0 19.0
-3.6091602 71.07489 0.0330 1.0 19.0
-3.6091602 75.07134 0.0330 1.0 19.0
-3.6091602 75.07134 0.0331 0.0 20.0
-5.41374 78.63717 0.0331 0.0 20.0
-3.6091602 75.07134 0.0332 0.0 20.0
-3.6091602 79.067795 0.0332 0.0 20.0
-3.6091602 79.067795 0.0333 0.0 21.0
-1.8045801 82.63362 0.0333 0.0 21.0
-3.6091602 79.067795 0.0334 0.0 21.0
-3.6091602 83.06425 0.0334 0.0 21.0
-3.6091602 71.07489 0.0335 3.0 19.0
-5.41374 74.64072 0.0335 3.0 19.0
-5.41374 74.64072 0.0336 0.0 20.0
-8.6340065 77.00747 0.0336 0.0 20.0
-5.41374 74.64072 0.0337 2.0 20.0
-7.2183204 78.20654 0.0337 2.0 20.0
-7.2183204 78.20654 0.0338 0.0 21.0
-7.2183204 82.202995 0.0338 0.0 21.0
-7.2183204 78.20654 0.0339 0.0 21.0
-9.022901 81.77237 0.0339 0.0 21.0
-7.2183204 78.20654 0.0340 1.0 21.0
-7.2183204 82.202995 0.0340 1.0 21.0
-7.2183204 82.202995 0.0341 0.0 22.0
-9.022901 85.76882 0.0341 0.0 22.0
-7.2183204 82.202995 0.0342 0.0 22.0
-7.2183204 86.19945 0.0342 0.0 22.0
-7.2183204 86.19945 0.0343 0.0 23.0
-5.41374 89.765274 0.0343 0.0 23.0
-7.2183204 86.19945 0.0344 0.0 23.0
-7.2183204 90.1959 0.0344 0.0 23.0
-7.2183204 78.20654 0.0345 1.0 21.0
-9.022901 81.77237 0.0345 1.0 21.0
-9.022901 81.77237 0.0346 0.0 22.0
-12.243167 84.13912 0.0346 0.0 22.0
-9.022901 81.77237 0.0347 0.0 22.0
-10.82748 85.338196 0.0347 0.0 22.0
-10.82748 85.338196 0.0348 0.0 23.0
-10.82748 89.33465 0.0348 0.0 23.0
-10.82748 85.338196 0.0349 0.0 23.0
-12.63206 88.90402 0.0349 0.0 23.0
0.0 63.943233 0.0350 5.0 17.0
0.0 67.93968 0.0350 5.0 17.0
0.0 67.93968 0.0351 0.0 18.0
-1.8045801 71.50551 0.0351 0.0 18.0
0.0 67.93968 0.0352 4.0 18.0
0.0 71.936134 0.0352 4.0 18.0
0.0 71.936134 0.0353 0.0 19.0
1.8045801 75.50196 0.0353 0.0 19.0
0.0 71.936134 0.0354 0.0 19.0
0.0 75.93259 0.0354 0.0 19.0
0.0 71.936134 0.0355 1.0 19.0
1.8045801 75.50196 0.0355 1.0 19.0
1.8045801 75.50196 0.0356 0.0 20.0
1.8045801 79.49841 0.0356 0.0 20.0
1.8045801 75.50196 0.0357 0.0 20.0
3.6091602 79.06779 0.0357 0.0 20.0
3.6091602 79.06779 0.0358 0.0 21.0
6.8294263 81.43454 0.0358 0.0 21.0
3.6091602 79.06779 0.0359 0.0 21.0
5.41374 82.63361 0.0359 0.0 21.0
0.0 71.936134 0.0360 3.0 19.0
0.0 75.93259 0.0360 3.0 19.0
0.0 75.93259 0.0361 0.0 20.0
-1.8045801 79.49841 0.0361 0.0 20.0
0.0 75.93259 0.0362 2.0 20.0
0.0 79.92904 0.0362 2.0 20.0
0.0 79.92904 0.0363 0.0 21.0
1.8045801 83.494865 0.0363 0.0 21.0
0.0 79.92904 0.0364 0.0 21.0
0.0 83.92549 0.0364 0.0 21.0
0.0 79.92904 0.0365 1.0 21.0
1.8045801 83.494865 0.0365 1.0 21.0
1.8045801 83.494865 0.0366 0.0 22.0
1.8045801 87.49132 0.0366 0.0 22.0
1.8045801 83.494865 0.0367 0.0 22.0
3.6091602 87.06069 0.0367 0.0 22.0
3.6091602 87.06069 0.0368 0.0 23.0
6.8294263 89.427444 0.0368 0.0 23.0
3.6091602 87.06069 0.0369 0.0 23.0
5.41374 90.62652 0.0369 0.0 23.0
0.0 79.92904 0.0370 1.0 21.0
0.0 83.92549 0.0370 1.0 21.0
0.0 83.92549 0.0371 0.0 22.0
-1.8045801 87.49132 0.0371 0.0 22.0
0.0 83.92549 0.0372 0.0 22.0
0.0 87.92194 0.0372 0.0 22.0
0.0 87.92194 0.0373 0.0 23.0
1.8045801 91.48777 0.0373 0.0 23.0
0.0 87.92194 0.0374 0.0 23.0
0.0 91.918396 0.0374 0.0 23.0
0.0 63.943233 0.0375 13.0 17.0
1.8045801 67.50906 0.0375 13.0 17.0
1.8045801 67.50906 0.0376 0.0 18.0
1.8045801 71.505516 0.0376 0.0 18.0
1.8045801 67.50906 0.0377 12.0 18.0
3.6091602 71.07489 0.0377 12.0 18.0
3.6091602 71.07489 0.0378 0.0 19.0
6.8294263 73.44164 0.0378 0.0 19.0
3.6091602 71.07489 0.0379 0.0 19.0
5.41374 74.64072 0.0379 0.0 19.0
3.6091602 71.07489 0.0380 1.0 19.0
6.8294263 73.44164 0.0380 1.0 19.0
6.8294263 73.44164 0.0381 0.0 20.0
8.6340065 77.00747 0.0381 0.0 20.0
6.8294263 73.44164 0.0382 0.0 20.0
10.049692 75.808395 0.0382 0.0 20.0
10.049692 75.808395 0.0383 0.0 21.0
13.991665 76.46603 0.0383 0.0 21.0
10.049692 75.808395 0.0384 0.0 21.0
13.2699585 78.17515 0.0384 0.0 21.0
3.6091602 71.07489 0.0385 11.0 19.0
5.41374 74.64072 0.0385 11.0 19.0
5.41374 74.64072 0.0386 0.0 20.0
5.41374 78.63717 0.0386 0.0 20.0
5.41374 74.64072 0.0387 10.0 20.0
7.2183204 78.20654 0.0387 10.0 20.0
7.2183204 78.20654 0.0388 0.0 21.0
10.438586 80.573296 0.0388 0.0 21.0
7.2183204 78.20654 0.0389 0.0 21.0
9.022901 81.77237 0.0389 0.0 21.0
7.2183204 78.20654 0.0390 1.0 21.0
10.438586 80.573296 0.0390 1.0 21.0
10.438586 80.573296 0.0391 0.0 22.0
12.243166 84.13912 0.0391 0.0 22.0
10.438586 80.573296 0.0392 0.0 22.0
13.658853 82.94005 0.0392 0.0 22.0
13.658853 82.94005 0.0393 0.0 23.0
17.600824 83.59768 0.0393 0.0 23.0
13.658853 82.94005 0.0394 0.0 23.0
16.879118 85.3068 0.0394 0.0 23.0
7.2183204 78.20654 0.0395 1.0 21.0
9.022901 81.77237 0.0395 1.0 21.0
9.022901 81.77237 0.0396 0.0 22.0
9.022901 85.76882 0.0396 0.0 22.0
9.022901 81.77237 0.0397 0.0 22.0
10.82748 85.338196 0.0397 0.0 22.0
10.82748 85.338196 0.0398 0.0 23.0
14.047747 87.70495 0.0398 0.0 23.0
10.82748 85.338196 0.0399 0.0 23.0
12.63206 88.90402 0.0399 0.0 23.0
7.2183204 78.20654 0.0400 5.0 21.0
10.438586 80.573296 0.0400 5.0 21.0
10.438586 80.573296 0.0401 0.0 22.0
12.243166 84.13912 0.0401 0.0 22.0
10.438586 80.573296 0.0402 4.0 22.0
13.658853 82.94005 0.0402 4.0 22.0
13.658853 82.94005 0.0403 0.0 23.0
17.600824 83.59768 0.0403 0.0 23.0
13.658853 82.94005 0.0404 0.0 23.0
16.879118 85.3068 0.0404 0.0 23.0
13.658853 82.94005 0.0405 1.0 23.0
17.600824 83.59768 0.0405 1.0 23.0
17.600824 83.59768 0.0406 0.0 24.0
20.82109 85.96443 0.0406 0.0 24.0
17.600824 83.59768 0.0407 0.0 24.0
21.542797 84.25531 0.0407 0.0 24.0
21.542797 84.25531 0.0408 0.0 25.0
25.356966 83.0621 0.0408 0.0 25.0
21.542797 84.25531 0.0409 0.0 25.0
25.48477 84.91294 0.0409 0.0 25.0
13.658853 82.94005 0.0410 3.0 23.0
16.879118 85.3068 0.0410 3.0 23.0
16.879118 85.3068 0.0411 0.0 24.0
18.683699 88.87263 0.0411 0.0 24.0
16.879118 85.3068 0.0412 2.0 24.0
20.099384 87.67355 0.0412 2.0 24.0
20.099384 87.67355 0.0413 0.0 25.0
24.041357 88.331184 0.0413 0.0 25.0
20.099384 87.67355 0.0414 0.0 25.0
23.31965 90.040306 0.0414 0.0 25.0
20.099384 87.67355 0.0415 1.0 25.0
24.041357 88.331184 0.0415 1.0 25.0
24.041357 88.331184 0.0416 0.0 26.0
27.261623 90.69794 0.0416 0.0 26.0
24.041357 88.331184 0.0417 0.0 26.0
27.98333 88.988815 0.0417 0.0 26.0
27.98333 88.988815 0.0418 0.0 27.0
31.797499 87.79561 0.0418 0.0 27.0
27.98333 88.988815 0.0419 0.0 27.0
31.925303 89.64645 0.0419 0.0 27.0
20.099384 87.67355 0.0420 1.0 25.0
23.31965 90.040306 0.0420 1.0 25.0
23.31965 90.040306 0.0421 0.0 26.0
25.124231 93.60613 0.0421 0.0 26.0
23.31965 90.040306 0.0422 0.0 26.0
26.539917 92.40706 0.0422 0.0 26.0
26.539917 92.40706 0.0423 0.0 27.0
30.48189 93.06469 0.0423 0.0 27.0
26.539917 92.40706 0.0424 0.0 27.0
29.760183 94.77381 0.0424 0.0 27.0
7.2183204 78.20654 0.0425 9.0 21.0
9.022901 81.77237 0.0425 9.0 21.0
9.022901 81.77237 0.0426 0.0 22.0
9.022901 85.76882 0.0426 0.0 22.0
9.022901 81.77237 0.0427 8.0 22.0
10.82748 85.338196 0.0427 8.0 22.0
10.82748 85.338196 0.0428 0.0 23.0
14.047747 87.70495 0.0428 0.0 23.0
10.82748 85.338196 0.0429 0.0 23.0
12.63206 88.90402 0.0429 0.0 23.0
10.82748 85.338196 0.0430 1.0 23.0
14.047747 87.70495 0.0430 1.0 23.0
14.047747 87.70495 0.0431 0.0 24.0
15.852326 91.270775 0.0431 0.0 24.0
14.047747 87.70495 0.0432 0.0 24.0
17.268013 90.0717 0.0432 0.0 24.0
17.268013 90.0717 0.0433 0.0 25.0
21.209986 90.72933 0.0433 0.0 25.0
17.268013 90.0717 0.0434 0.0 25.0
20.48828 92.43845 0.0434 0.0 25.0
10.82748 85.338196 0.0435 7.0 23.0
12.63206 88.90402 0.0435 7.0 23.0
12.63206 88.90402 0.0436 0.0 24.0
12.63206 92.900475 0.0436 0.0 24.0
12.63206 88.90402 0.0437 6.0 24.0
14.43664 92.46985 0.0437 6.0 24.0
14.43664 92.46985 0.0438 0.0 25.0
17.656906 94.8366 0.0438 0.0 25.0
14.43664 92.46985 0.0439 0.0 25.0
16.24122 96.035675 0.0439 0.0 25.0
14.43664 92.46985 0.0440 1.0 25.0
17.656906 94.8366 0.0440 1.0 25.0
17.656906 94.8366 0.0441 0.0 26.0
19.461487 98.40243 0.0441 0.0 26.0
17.656906 94.8366 0.0442 0.0 26.0
20.877172 97.203354 0.0442 0.0 26.0
20.877172 97.203354 0.0443 0.0 27.0
24.819145 97.860985 0.0443 0.0 27.0
20.877172 97.203354 0.0444 0.0 27.0
24.097439 99.57011 0.0444 0.0 27.0
14.43664 92.46985 0.0445 1.0 25.0
16.24122 96.035675 0.0445 1.0 25.0
16.24122 96.035675 0.0446 0.0 26.0
16.24122 100.03213 0.0446 0.0 26.0
16.24122 96.035675 0.0447 0.0 26.0
18.045801 99.6015 0.0447 0.0 26.0
18.045801 99.6015 0.0448 0.0 27.0
21.266068 101.968254 0.0448 0.0 27.0
18.045801 99.6015 0.0449 0.0 27.0
19.850382 103.16733 0.0449 0.0 27.0
14.43664 92.46985 0.0450 5.0 25.0
14.43664 96.4663 0.0450 5.0 25.0
14.43664 96.4663 0.0451 0.0 26.0
12.63206 100.03213 0.0451 0.0 26.0
14.43664 96.4663 0.0452 4.0 26.0
14.43664 100.46275 0.0452 4.0 26.0
14.43664 100.46275 0.0453 0.0 27.0
16.24122 104.02858 0.0453 0.0 27.0
14.43664 100.46275 0.0454 0.0 27.0
14.43664 104.459206 0.0454 0.0 27.0
14.43664 100.46275 0.0455 1.0 27.0
16.24122 104.02858 0.0455 1.0 27.0
16.24122 104.02858 0.0456 0.0 28.0
16.24122 108.02503 0.0456 0.0 28.0
16.24122 104.02858 0.0457 0.0 28.0
18.045801 107.594406 0.0457 0.0 28.0
18.045801 107.594406 0.0458 0.0 29.0
21.266068 109.96116 0.0458 0.0 29.0
18.045801 107.594406 0.0459 0.0 29.0
19.850382 111.16023 0.0459 0.0 29.0
14.43664 100.46275 0.0460 3.0 27.0
14.43664 104.459206 0.0460 3.0 27.0
14.43664 104.459206 0.0461 0.0 28.0
12.63206 108.02503 0.0461 0.0 28.0
14.43664 104.459206 0.0462 2.0 28.0
14.43664 108.45566 0.0462 2.0 28.0
14.43664 108.45566 0.0463 0.0 29.0
16.24122 112.021484 0.0463 0.0 29.0
14.43664 108.45566 0.0464 0.0 29.0
14.43664 112.45211 0.0464 0.0 29.0
14.43664 108.45566 0.0465 1.0 29.0
16.24122 112.021484 0.0465 1.0 29.0
16.24122 112.021484 0.0466 0.0 30.0
16.24122 116.01794 0.0466 0.0 30.0
16.24122 112.021484 0.0467 0.0 30.0
18.045801 115.58731 0.0467 0.0 30.0
18.045801 115.58731 0.0468 0.0 31.0
21.266068 117.95406 0.0468 0.0 31.0
18.045801 115.58731 0.0469 0.0 31.0
19.850382 119.15314 0.0469 0.0 31.0
14.43664 108.45566 0.0470 1.0 29.0
14.43664 112.45211 0.0470 1.0 29.0
14.43664 112.45211 0.0471 0.0 30.0
12.63206 116.01794 0.0471 0.0 30.0
14.43664 112.45211 0.0472 0.0 30.0
14.43664 116.44856 0.0472 0.0 30.0
14.43664 116.44856 0.0473 0.0 31.0
16.24122 120.01439 0.0473 0.0 31.0
14.43664 116.44856 0.0474 0.0 31.0
14.43664 120.445015 0.0474 0.0 31.0
14.43664 92.46985 0.0475 5.0 25.0
16.24122 96.035675 0.0475 5.0 25.0
16.24122 96.035675 0.0476 0.0 26.0
16.24122 100.03213 0.0476 0.0 26.0
16.24122 96.035675 0.0477 4.0 26.0
18.045801 99.6015 0.0477 4.0 26.0
18.045801 99.6015 0.0478 0.0 27.0
21.266068 101.968254 0.0478 0.0 27.0
18.045801 99.6015 0.0479 0.0 27.0
19.850382 103.16733 0.0479 0.0 27.0
18.045801 99.6015 0.0480 1.0 27.0
21.266068 101.968254 0.0480 1.0 27.0
21.266068 101.968254 0.0481 0.0 28.0
23.070648 105.53408 0.0481 0.0 28.0
21.266068 101.968254 0.0482 0.0 28.0
24.486334 104.33501 0.0482 0.0 28.0
24.486334 104.33501 0.0483 0.0 29.0
28.428307 104.99264 0.0483 0.0 29.0
24.486334 104.33501 0.0484 0.0 29.0
27.7066 106.70176 0.0484 0.0 29.0
18.045801 99.6015 0.0485 3.0 27.0
19.850382 103.16733 0.0485 3.0 27.0
19.850382 103.16733 0.0486 0.0 28.0
19.850382 107.16378 0.0486 0.0 28.0
19.850382 103.16733 0.0487 2.0 28.0
21.654963 106.733154 0.0487 2.0 28.0
21.654963 106.733154 0.0488 0.0 29.0
24.875229 109.09991 0.0488 0.0 29.0
21.654963 106.733154 0.0489 0.0 29.0
23.459543 110.29898 0.0489 0.0 29.0
21.654963 106.733154 0.0490 1.0 29.0
24.875229 109.09991 0.0490 1.0 29.0
24.875229 109.09991 0.0491 0.0 30.0
26.67981 112.66573 0.0491 0.0 30.0
24.875229 109.09991 0.0492 0.0 30.0
28.095495 111.46666 0.0492 0.0 30.0
28.095495 111.46666 0.0493 0.0 31.0
32.037468 112.12429 0.0493 0.0 31.0
28.095495 111.46666 0.0494 0.0 31.0
31.315762 113.83341 0.0494 0.0 31.0
21.654963 106.733154 0.0495 1.0 29.0
23.459543 110.29898 0.0495 1.0 29.0
23.459543 110.29898 0.0496 0.0 30.0
23.459543 114.29543 0.0496 0.0 30.0
23.459543 110.29898 0.0497 0.0 30.0
25.264124 113.86481 0.0497 0.0 30.0
25.264124 113.86481 0.0498 0.0 31.0
28.48439 116.23156 0.0498 0.0 31.0
25.264124 113.86481 0.0499 0.0 31.0
27.068705 117.43063 0.0499 0.0 31.0
0.0 63.943233 0.0500 13.0 17.0
0.0 67.93968 0.0500 13.0 17.0
0.0 67.93968 0.0501 0.0 18.0
-1.8045801 71.50551 0.0501 0.0 18.0
0.0 67.93968 0.0502 12.0 18.0
0.0 71.936134 0.0502 12.0 18.0
0.0 71.936134 0.0503 0.0 19.0
1.8045801 75.50196 0.0503 0.0 19.0
0.0 71.936134 0.0504 0.0 19.0
0.0 75.93259 0.0504 0.0 19.0
0.0 71.936134 0.0505 1.0 19.0
1.8045801 75.50196 0.0505 1.0 19.0
1.8045801 75.50196 0.0506 0.0 20.0
1.8045801 79.49841 0.0506 0.0 20.0
1.8045801 75.50196 0.0507 0.0 20.0
3.6091602 79.06779 0.0507 0.0 20.0
3.6091602 79.06779 0.0508 0.0 21.0
6.8294263 81.43454 0.0508 0.0 21.0
3.6091602 79.06779 0.0509 0.0 21.0
5.41374 82.63361 0.0509 0.0 21.0
0.0 71.936134 0.0510 11.0 19.0
0.0 75.93259 0.0510 11.0 19.0
0.0 75.93259 0.0511 0.0 20.0
-1.8045801 79.49841 0.0511 0.0 20.0
0.0 75.93259 0.0512 10.0 20.0
0.0 79.92904 0.0512 10.0 20.0
0.0 79.92904 0.0513 0.0 21.0
1.8045801 83.494865 0.0513 0.0 21.0
0.0 79.92904 0.0514 0.0 21.0
0.0 83.92549 0.0514 0.0 21.0
0.0 79.92904 0.0515 1.0 21.0
1.8045801 83.494865 0.0515 1.0 21.0
1.8045801 83.494865 0.0516 0.0 22.0
1.8045801 87.49132 0.0516 0.0 22.0
1.8045801 83.494865 0.0517 0.0 22.0
3.6091602 87.06069 0.0517 0.0 22.0
3.6091602 87.06069 0.0518 0.0 23.0
6.8294263 89.427444 0.0518 0.0 23.0
3.6091602 87.06069 0.0519 0.0 23.0
5.41374 90.62652 0.0519 0.0 23.0
0.0 79.92904 0.0520 1.0 21.0
0.0 83.92549 0.0520 1.0 21.0
0.0 83.92549 0.0521 0.0 22.0
-1.8045801 87.49132 0.0521 0.0 22.0
0.0 83.92549 0.0522 0.0 22.0
0.0 87.92194 0.0522 0.0 22.0
0.0 87.92194 0.0523 0.0 23.0
1.8045801 91.48777 0.0523 0.0 23.0
0.0 87.92194 0.0524 0.0 23.0
0.0 91.918396 0.0524 0.0 23.0
0.0 79.92904 0.0525 5.0 21.0
1.8045801 83.494865 0.0525 5.0 21.0
1.8045801 83.494865 0.0526 0.0 22.0
1.8045801 87.49132 0.0526 0.0 22.0
1.8045801 83.494865 0.0527 4.0 22.0
3.6091602 87.06069 0.0527 4.0 22.0
3.6091602 87.06069 0.0528 0.0 23.0
6.8294263 89.427444 0.0528 0.0 23.0
3.6091602 87.06069 0.0529 0.0 23.0
5.41374 90.62652 0.0529 0.0 23.0
3.6091602 87.06069 0.0530 1.0 23.0
6.8294263 89.427444 0.0530 1.0 23.0
6.8294263 89.427444 0.0531 0.0 24.0
8.6340065 92.99327 0.0531 0.0 24.0
6.8294263 89.427444 0.0532 0.0 24.0
10.049692 91.7942 0.0532 0.0 24.0
10.049692 91.7942 0.0533 0.0 25.0
13.991665 92.45183 0.0533 0.0 25.0
10.049692 91.7942 0.0534 0.0 25.0
13.2699585 94.16095 0.0534 0.0 25.0
3.6091602 87.06069 0.0535 3.0 23.0
5.41374 90.62652 0.0535 3.0 23.0
5.41374 90.62652 0.0536 0.0 24.0
5.41374 94.62297 0.0536 0.0 24.0
5.41374 90.62652 0.0537 2.0 24.0
7.2183204 94.192345 0.0537 2.0 24.0
7.2183204 94.192345 0.0538 0.0 25.0
10.438586 96.5591 0.0538 0.0 25.0
7.2183204 94.192345 0.0539 0.0 25.0
9.022901 97.75817 0.0539 0.0 25.0
7.2183204 94.192345 0.0540 1.0 25.0
10.438586 96.5591 0.0540 1.0 25.0
10.438586 96.5591 0.0541 0.0 26.0
12.243166 100.12492 0.0541 0.0 26.0
10.438586 96.5591 0.0542 0.0 26.0
13.658853 98.92585 0.0542 0.0 26.0
13.658853 98.92585 0.0543 0.0 27.0
17.600824 99.58348 0.0543 0.0 27.0
13.658853 98.92585 0.0544 0.0 27.0
16.879118 101.2926 0.0544 0.0 27.0
7.2183204 94.192345 0.0545 1.0 25.0
9.022901 97.75817 0.0545 1.0 25.0
9.022901 97.75817 0.0546 0.0 26.0
9.022901 101.75462 0.0546 0.0 26.0
9.022901 97.75817 0.0547 0.0 26.0
10.82748 101.324 0.0547 0.0 26.0
10.82748 101.324 0.0548 0.0 27.0
14.047747 103.69075 0.0548 0.0 27.0
10.82748 101.324 0.0549 0.0 27.0
12.63206 104.889824 0.0549 0.0 27.0
0.0 79.92904 0.0550 9.0 21.0
0.0 83.92549 0.0550 9.0 21.0
0.0 83.92549 0.0551 0.0 22.0
-1.8045801 87.49132 0.0551 0.0 22.0
0.0 83.92549 0.0552 8.0 22.0
0.0 87.92194 0.0552 8.0 22.0
0.0 87.92194 0.0553 0.0 23.0
1.8045801 91.48777 0.0553 0.0 23.0
0.0 87.92194 0.0554 0.0 23.0
0.0 91.918396 0.0554 0.0 23.0
0.0 87.92194 0.0555 1.0 23.0
1.8045801 91.48777 0.0555 1.0 23.0
1.8045801 91.48777 0.0556 0.0 24.0
1.8045801 95.48422 0.0556 0.0 24.0
1.8045801 91.48777 0.0557 0.0 24.0
3.6091602 95.0536 0.0557 0.0 24.0
3.6091602 95.0536 0.0558 0.0 25.0
6.8294263 97.42035 0.0558 0.0 25.0
3.6091602 95.0536 0.0559 0.0 25.0
5.41374 98.61942 0.0559 0.0 25.0
0.0 87.92194 0.0560 7.0 23.0
0.0 91.918396 0.0560 7.0 23.0
0.0 91.918396 0.0561 0.0 24.0
-1.8045801 95.48422 0.0561 0.0 24.0
0.0 91.918396 0.0562 6.0 24.0
0.0 95.91485 0.0562 6.0 24.0
0.0 95.91485 0.0563 0.0 25.0
1.8045801 99.480675 0.0563 0.0 25.0
0.0 95.91485 0.0564 0.0 25.0
0.0 99.9113 0.0564 0.0 25.0
0.0 95.91485 0.0565 1.0 25.0
1.8045801 99.480675 0.0565 1.0 25.0
1.8045801 99.480675 0.0566 0.0 26.0
1.8045801 103.47713 0.0566 0.0 26.0
1.8045801 99.480675 0.0567 0.0 26.0
3.6091602 103.0465 0.0567 0.0 26.0
3.6091602 103.0465 0.0568 0.0 27.0
6.8294263 105.41325 0.0568 0.0 27.0
3.6091602 103.0465 0.0569 0.0 27.0
5.41374 106.61233 0.0569 0.0 27.0
0.0 95.91485 0.0570 1.0 25.0
0.0 99.9113 0.0570 1.0 25.0
0.0 99.9113 0.0571 0.0 26.0
-1.8045801 103.47713 0.0571 0.0 26.0
0.0 99.9113 0.0572 0.0 26.0
0.0 103.90775 0.0572 0.0 26.0
0.0 103.90775 0.0573 0.0 27.0
1.8045801 107.47358 0.0573 0.0 27.0
0.0 103.90775 0.0574 0.0 27.0
0.0 107.904205 0.0574 0.0 27.0
0.0 95.91485 0.0575 5.0 25.0
-1.8045801 99.480675 0.0575 5.0 25.0
-1.8045801 99.480675 0.0576 0.0 26.0
-5.024846 101.84743 0.0576 0.0 26.0
-1.8045801 99.480675 0.0577 4.0 26.0
-3.6091602 103.0465 0.0577 4.0 26.0
-3.6091602 103.0465 0.0578 0.0 27.0
-3.6091602 107.04295 0.0578 0.0 27.0
-3.6091602 103.0465 0.0579 0.0 27.0
-5.41374 106.61233 0.0579 0.0 27.0
-3.6091602 103.0465 0.0580 1.0 27.0
-3.6091602 107.04295 0.0580 1.0 27.0
-3.6091602 107.04295 0.0581 0.0 28.0
-5.41374 110.60878 0.0581 0.0 28.0
-3.6091602 107.04295 0.0582 0.0 28.0
-3.6091602 111.039406 0.0582 0.0 28.0
-3.6091602 111.039406 0.0583 0.0 29.0
-1.8045801 114.60523 0.0583 0.0 29.0
-3.6091602 111.039406 0.0584 0.0 29.0
-3.6091602 115.03586 0.0584 0.0 29.0
-3.6091602 103.0465 0.0585 3.0 27.0
-5.41374 106.61233 0.0585 3.0 27.0
-5.41374 106.61233 0.0586 0.0 28.0
-8.6340065 108.97908 0.0586 0.0 28.0
-5.41374 106.61233 0.0587 2.0 28.0
-7.2183204 110.178154 0.0587 2.0 28.0
-7.2183204 110.178154 0.0588 0.0 29.0
-7.2183204 114.17461 0.0588 0.0 29.0
-7.2183204 110.178154 0.0589 0.0 29.0
-9.022901 113.74398 0.0589 0.0 29.0
-7.2183204 110.178154 0.0590 1.0 29.0
-7.2183204 114.17461 0.0590 1.0 29.0
-7.2183204 114.17461 0.0591 0.0 30.0
-9.022901 117.74043 0.0591 0.0 30.0
-7.2183204 114.17461 0.0592 0.0 30.0
-7.2183204 118.17106 0.0592 0.0 30.0
-7.2183204 118.17106 0.0593 0.0 31.0
-5.41374 121.736885 0.0593 0.0 31.0
-7.2183204 118.17106 0.0594 0.0 31.0
-7.2183204 122.16751 0.0594 0.0 31.0
-7.2183204 110.178154 0.0595 1.0 29.0
-9.022901 113.74398 0.0595 1.0 29.0
-9.022901 113.74398 0.0596 0.0 30.0
-12.243167 116.11073 0.0596 0.0 30.0
-9.022901 113.74398 0.0597 0.0 30.0
-10.82748 117.30981 0.0597 0.0 30.0
-10.82748 117.30981 0.0598 0.0 31.0
-10.82748 121.30626 0.0598 0.0 31.0
-10.82748 117.30981 0.0599 0.0 31.0
-12.63206 120.87563 0.0599 0.0 31.0
0.0 95.91485 0.0600 5.0 25.0
0.0 99.9113 0.0600 5.0 25.0
0.0 99.9113 0.0601 0.0 26.0
-1.8045801 103.47713 0.0601 0.0 26.0
0.0 99.9113 0.0602 4.0 26.0
0.0 103.90775 0.0602 4.0 26.0
0.0 103.90775 0.0603 0.0 27.0
1.8045801 107.47358 0.0603 0.0 27.0
0.0 103.90775 0.0604 0.0 27.0
0.0 107.904205 0.0604 0.0 27.0
0.0 103.90775 0.0605 1.0 27.0
1.8045801 107.47358 0.0605 1.0 27.0
1.8045801 107.47358 0.0606 0.0 28.0
1.8045801 111.47003 0.0606 0.0 28.0
1.8045801 107.47358 0.0607 0.0 28.0
3.6091602 111.039406 0.0607 0.0 28.0
3.6091602 111.039406 0.0608 0.0 29.0
6.8294263 113.40616 0.0608 0.0 29.0
3.6091602 111.039406 0.0609 0.0 29.0
5.41374 114.60523 0.0609 0.0 29.0
0.0 103.90775 0.0610 3.0 27.0
0.0 107.904205 0.0610 3.0 27.0
0.0 107.904205 0.0611 0.0 28.0
-1.8045801 111.47003 0.0611 0.0 28.0
0.0 107.904205 0.0612 2.0 28.0
0.0 111.90066 0.0612 2.0 28.0
0.0 111.90066 0.0613 0.0 29.0
1.8045801 115.466484 0.0613 0.0 29.0
0.0 111.90066 0.0614 0.0 29.0
0.0 115.89711 0.0614 0.0 29.0
0.0 111.90066 0.0615 1.0 29.0
1.8045801 115.466484 0.0615 1.0 29.0
1.8045801 115.466484 0.0616 0.0 30.0
1.8045801 119.46294 0.0616 0.0 30.0
1.8045801 115.466484 0.0617 0.0 30.0
3.6091602 119.03231 0.0617 0.0 30.0
3.6091602 119.03231 0.0618 0.0 31.0
6.8294263 121.39906 0.0618 0.0 31.0
3.6091602 119.03231 0.0619 0.0 31.0
5.41374 122.59814 0.0619 0.0 31.0
0.0 111.90066 0.0620 1.0 29.0
0.0 115.89711 0.0620 1.0 29.0
0.0 115.89711 0.0621 0.0 30.0
-1.8045801 119.46294 0.0621 0.0 30.0
0.0 115.89711 0.0622 0.0 30.0
0.0 119.89356 0.0622 0.0 30.0
0.0 119.89356 0.0623 0.0 31.0
1.8045801 123.45939 0.0623 0.0 31.0
0.0 119.89356 0.0624 0.0 31.0
0.0 123.890015 0.0624 0.0 31.0
