0.0 0.0 0.00 79.0 1.0
0.0 4.570635 0.00 79.0 1.0
0.0 4.570635 0.01 0.0 2.0
1.8273267 8.760096 0.01 0.0 2.0
0.0 4.570635 0.02 78.0 2.0
0.0 9.14127 0.02 78.0 2.0
0.0 9.14127 0.03 0.0 3.0
1.8273267 13.33073 0.03 0.0 3.0
0.0 9.14127 0.04 77.0 3.0
0.0 13.711905 0.04 77.0 3.0
0.0 13.711905 0.05 1.0 4.0
1.8273267 17.901365 0.05 1.0 4.0
1.8273267 17.901365 0.06 0.0 5.0
5.177195 21.01088 0.06 0.0 5.0
1.8273267 17.901365 0.07 0.0 5.0
3.6546533 22.090826 0.07 0.0 5.0
3.6546533 22.090826 0.08 0.0 6.0
7.004522 25.20034 0.08 0.0 6.0
3.6546533 22.090826 0.09 0.0 6.0
5.48198 26.280287 0.09 0.0 6.0
0.0 13.711905 0.010 76.0 4.0
0.0 18.28254 0.010 76.0 4.0
0.0 18.28254 0.011 0.0 5.0
1.8273267 22.472 0.011 0.0 5.0
0.0 18.28254 0.012 75.0 5.0
0.0 22.853174 0.012 75.0 5.0
0.0 22.853174 0.013 0.0 6.0
1.8273267 27.042635 0.013 0.0 6.0
0.0 22.853174 0.014 74.0 6.0
0.0 27.42381 0.014 74.0 6.0
0.0 27.42381 0.015 1.0 7.0
-1.8273267 31.61327 0.015 1.0 7.0
-1.8273267 31.61327 0.016 0.0 8.0
-1.8273267 36.183907 0.016 0.0 8.0
-1.8273267 31.61327 0.017 0.0 8.0
-3.6546533 35.80273 0.017 0.0 8.0
-3.6546533 35.80273 0.018 0.0 9.0
-3.6546533 40.373367 0.018 0.0 9.0
-3.6546533 35.80273 0.019 0.0 9.0
-5.48198 39.99219 0.019 0.0 9.0
0.0 27.42381 0.020 73.0 7.0
0.0 31.994444 0.020 73.0 7.0
0.0 31.994444 0.021 0.0 8.0
1.8273267 36.183903 0.021 0.0 8.0
0.0 31.994444 0.022 72.0 8.0
0.0 36.56508 0.022 72.0 8.0
0.0 36.56508 0.023 0.0 9.0
1.8273267 40.75454 0.023 0.0 9.0
0.0 36.56508 0.024 71.0 9.0
0.0 41.13571 0.024 71.0 9.0
0.0 41.13571 0.025 7.0 10.0
1.8273267 45.325172 0.025 7.0 10.0
1.8273267 45.325172 0.026 0.0 11.0
5.177195 48.43469 0.026 0.0 11.0
1.8273267 45.325172 0.027 6.0 11.0
3.6546533 49.514633 0.027 6.0 11.0
3.6546533 49.514633 0.028 0.0 12.0
7.004522 52.62415 0.028 0.0 12.0
3.6546533 49.514633 0.029 5.0 12.0
5.48198 53.704094 0.029 5.0 12.0
5.48198 53.704094 0.030 1.0 13.0
8.831848 56.81361 0.030 1.0 13.0
8.831848 56.81361 0.031 0.0 14.0
13.145525 58.324535 0.031 0.0 14.0
8.831848 56.81361 0.032 0.0 14.0
12.181717 59.923126 0.032 0.0 14.0
12.181717 59.923126 0.033 0.0 15.0
16.495394 61.43405 0.033 0.0 15.0
12.181717 59.923126 0.034 0.0 15.0
15.531586 63.032642 0.034 0.0 15.0
5.48198 53.704094 0.035 4.0 13.0
7.3093066 57.893555 0.035 4.0 13.0
7.3093066 57.893555 0.036 0.0 14.0
10.659175 61.00307 0.036 0.0 14.0
7.3093066 57.893555 0.037 3.0 14.0
9.136633 62.083015 0.037 3.0 14.0
9.136633 62.083015 0.038 0.0 15.0
12.486502 65.19253 0.038 0.0 15.0
9.136633 62.083015 0.039 2.0 15.0
10.96396 66.27248 0.039 2.0 15.0
10.96396 66.27248 0.040 1.0 16.0
10.96396 70.84311 0.040 1.0 16.0
10.96396 70.84311 0.041 0.0 17.0
12.791286 75.03257 0.041 0.0 17.0
10.96396 70.84311 0.042 0.0 17.0
10.96396 75.41374 0.042 0.0 17.0
10.96396 75.41374 0.043 0.0 18.0
12.791286 79.6032 0.043 0.0 18.0
10.96396 75.41374 0.044 0.0 18.0
10.96396 79.984375 0.044 0.0 18.0
10.96396 66.27248 0.045 1.0 16.0
12.791286 70.46194 0.045 1.0 16.0
12.791286 70.46194 0.046 0.0 17.0
16.141155 73.57145 0.046 0.0 17.0
12.791286 70.46194 0.047 0.0 17.0
14.618613 74.6514 0.047 0.0 17.0
14.618613 74.6514 0.048 0.0 18.0
17.968481 77.76091 0.048 0.0 18.0
14.618613 74.6514 0.049 0.0 18.0
16.44594 78.84086 0.049 0.0 18.0
0.0 41.13571 0.050 70.0 10.0
0.0 45.706345 0.050 70.0 10.0
0.0 45.706345 0.051 0.0 11.0
1.8273267 49.895805 0.051 0.0 11.0
0.0 45.706345 0.052 69.0 11.0
0.0 50.276978 0.052 69.0 11.0
0.0 50.276978 0.053 0.0 12.0
1.8273267 54.46644 0.053 0.0 12.0
0.0 50.276978 0.054 68.0 12.0
0.0 54.84761 0.054 68.0 12.0
0.0 54.84761 0.055 1.0 13.0
1.8273267 59.03707 0.055 1.0 13.0
1.8273267 59.03707 0.056 0.0 14.0
5.177195 62.146587 0.056 0.0 14.0
1.8273267 59.03707 0.057 0.0 14.0
3.6546533 63.226532 0.057 0.0 14.0
3.6546533 63.226532 0.058 0.0 15.0
7.004522 66.336044 0.058 0.0 15.0
3.6546533 63.226532 0.059 0.0 15.0
5.48198 67.41599 0.059 0.0 15.0
0.0 54.84761 0.060 67.0 13.0
0.0 59.418243 0.060 67.0 13.0
0.0 59.418243 0.061 0.0 14.0
1.8273267 63.607704 0.061 0.0 14.0
0.0 59.418243 0.062 66.0 14.0
0.0 63.988876 0.062 66.0 14.0
0.0 63.988876 0.063 0.0 15.0
1.8273267 68.17834 0.063 0.0 15.0
0.0 63.988876 0.064 65.0 15.0
0.0 68.55951 0.064 65.0 15.0
0.0 68.55951 0.065 1.0 16.0
-1.8273267 72.74897 0.065 1.0 16.0
-1.8273267 72.74897 0.066 0.0 17.0
-1.8273267 77.3196 0.066 0.0 17.0
-1.8273267 72.74897 0.067 0.0 17.0
-3.6546533 76.93843 0.067 0.0 17.0
-3.6546533 76.93843 0.068 0.0 18.0
-3.6546533 81.50906 0.068 0.0 18.0
-3.6546533 76.93843 0.069 0.0 18.0
-5.48198 81.12789 0.069 0.0 18.0
0.0 68.55951 0.070 64.0 16.0
0.0 73.13014 0.070 64.0 16.0
0.0 73.13014 0.071 0.0 17.0
1.8273267 77.3196 0.071 0.0 17.0
0.0 73.13014 0.072 63.0 17.0
0.0 77.700775 0.072 63.0 17.0
0.0 77.700775 0.073 0.0 18.0
1.8273267 81.890236 0.073 0.0 18.0
0.0 77.700775 0.074 62.0 18.0
0.0 82.27141 0.074 62.0 18.0
0.0 82.27141 0.075 7.0 19.0
-1.8273267 86.46087 0.075 7.0 19.0
-1.8273267 86.46087 0.076 0.0 20.0
-1.8273267 91.0315 0.076 0.0 20.0
-1.8273267 86.46087 0.077 6.0 20.0
-3.6546533 90.65033 0.077 6.0 20.0
-3.6546533 90.65033 0.078 0.0 21.0
-3.6546533 95.22096 0.078 0.0 21.0
-3.6546533 90.65033 0.079 5.0 21.0
-5.48198 94.83979 0.079 5.0 21.0
-5.48198 94.83979 0.080 1.0 22.0
-5.48198 99.41042 0.080 1.0 22.0
-5.48198 99.41042 0.081 0.0 23.0
-3.654653 103.599884 0.081 0.0 23.0
-5.48198 99.41042 0.082 0.0 23.0
-5.48198 103.98106 0.082 0.0 23.0
-5.48198 103.98106 0.083 0.0 24.0
-3.654653 108.17052 0.083 0.0 24.0
-5.48198 103.98106 0.084 0.0 24.0
-5.48198 108.55169 0.084 0.0 24.0
-5.48198 94.83979 0.085 4.0 22.0
-7.3093066 99.02925 0.085 4.0 22.0
-7.3093066 99.02925 0.086 0.0 23.0
-7.3093066 103.599884 0.086 0.0 23.0
-7.3093066 99.02925 0.087 3.0 23.0
-9.136633 103.21871 0.087 3.0 23.0
-9.136633 103.21871 0.088 0.0 24.0
-9.136633 107.789345 0.088 0.0 24.0
-9.136633 103.21871 0.089 2.0 24.0
-10.96396 107.40817 0.089 2.0 24.0
-10.96396 107.40817 0.090 1.0 25.0
-14.313828 110.517685 0.090 1.0 25.0
-14.313828 110.517685 0.091 0.0 26.0
-16.141155 114.707146 0.091 0.0 26.0
-14.313828 110.517685 0.092 0.0 26.0
-17.663696 113.6272 0.092 0.0 26.0
-17.663696 113.6272 0.093 0.0 27.0
-19.491022 117.81666 0.093 0.0 27.0
-17.663696 113.6272 0.094 0.0 27.0
-21.013565 116.73671 0.094 0.0 27.0
-10.96396 107.40817 0.095 1.0 25.0
-12.791286 111.59763 0.095 1.0 25.0
-12.791286 111.59763 0.096 0.0 26.0
-12.791286 116.16827 0.096 0.0 26.0
-12.791286 111.59763 0.097 0.0 26.0
-14.618613 115.787094 0.097 0.0 26.0
-14.618613 115.787094 0.098 0.0 27.0
-14.618613 120.35773 0.098 0.0 27.0
-14.618613 115.787094 0.099 0.0 27.0
-16.44594 119.976555 0.099 0.0 27.0
0.0 82.27141 0.0100 61.0 19.0
0.0 86.84204 0.0100 61.0 19.0
0.0 86.84204 0.0101 0.0 20.0
1.8273267 91.0315 0.0101 0.0 20.0
0.0 86.84204 0.0102 60.0 20.0
0.0 91.412674 0.0102 60.0 20.0
0.0 91.412674 0.0103 0.0 21.0
1.8273267 95.602135 0.0103 0.0 21.0
0.0 91.412674 0.0104 59.0 21.0
0.0 95.98331 0.0104 59.0 21.0
0.0 95.98331 0.0105 1.0 22.0
1.8273267 100.17277 0.0105 1.0 22.0
1.8273267 100.17277 0.0106 0.0 23.0
5.177195 103.28228 0.0106 0.0 23.0
1.8273267 100.17277 0.0107 0.0 23.0
3.6546533 104.36223 0.0107 0.0 23.0
3.6546533 104.36223 0.0108 0.0 24.0
7.004522 107.47174 0.0108 0.0 24.0
3.6546533 104.36223 0.0109 0.0 24.0
5.48198 108.55169 0.0109 0.0 24.0
0.0 95.98331 0.0110 58.0 22.0
0.0 100.55394 0.0110 58.0 22.0
0.0 100.55394 0.0111 0.0 23.0
1.8273267 104.7434 0.0111 0.0 23.0
0.0 100.55394 0.0112 57.0 23.0
0.0 105.12457 0.0112 57.0 23.0
0.0 105.12457 0.0113 0.0 24.0
1.8273267 109.31403 0.0113 0.0 24.0
0.0 105.12457 0.0114 56.0 24.0
0.0 109.695206 0.0114 56.0 24.0
0.0 109.695206 0.0115 1.0 25.0
-1.8273267 113.88467 0.0115 1.0 25.0
-1.8273267 113.88467 0.0116 0.0 26.0
-1.8273267 118.4553 0.0116 0.0 26.0
-1.8273267 113.88467 0.0117 0.0 26.0
-3.6546533 118.07413 0.0117 0.0 26.0
-3.6546533 118.07413 0.0118 0.0 27.0
-3.6546533 122.64476 0.0118 0.0 27.0
-3.6546533 118.07413 0.0119 0.0 27.0
-5.48198 122.26359 0.0119 0.0 27.0
0.0 109.695206 0.0120 55.0 25.0
0.0 114.26584 0.0120 55.0 25.0
0.0 114.26584 0.0121 0.0 26.0
1.8273267 118.4553 0.0121 0.0 26.0
0.0 114.26584 0.0122 54.0 26.0
0.0 118.83647 0.0122 54.0 26.0
0.0 118.83647 0.0123 0.0 27.0
1.8273267 123.02593 0.0123 0.0 27.0
0.0 118.83647 0.0124 53.0 27.0
0.0 123.407104 0.0124 53.0 27.0
0.0 123.407104 0.0125 25.0 28.0
-1.8273267 127.596565 0.0125 25.0 28.0
-1.8273267 127.596565 0.0126 0.0 29.0
-1.8273267 132.1672 0.0126 0.0 29.0
-1.8273267 127.596565 0.0127 24.0 29.0
-3.6546533 131.78603 0.0127 24.0 29.0
-3.6546533 131.78603 0.0128 0.0 30.0
-3.6546533 136.35666 0.0128 0.0 30.0
-3.6546533 131.78603 0.0129 23.0 30.0
-5.48198 135.97548 0.0129 23.0 30.0
-5.48198 135.97548 0.0130 1.0 31.0
-5.48198 140.54611 0.0130 1.0 31.0
-5.48198 140.54611 0.0131 0.0 32.0
-3.654653 144.73557 0.0131 0.0 32.0
-5.48198 140.54611 0.0132 0.0 32.0
-5.48198 145.11674 0.0132 0.0 32.0
-5.48198 145.11674 0.0133 0.0 33.0
-3.654653 149.3062 0.0133 0.0 33.0
-5.48198 145.11674 0.0134 0.0 33.0
-5.48198 149.68738 0.0134 0.0 33.0
-5.48198 135.97548 0.0135 22.0 31.0
-7.3093066 140.16493 0.0135 22.0 31.0
-7.3093066 140.16493 0.0136 0.0 32.0
-7.3093066 144.73557 0.0136 0.0 32.0
-7.3093066 140.16493 0.0137 21.0 32.0
-9.136633 144.35439 0.0137 21.0 32.0
-9.136633 144.35439 0.0138 0.0 33.0
-9.136633 148.92502 0.0138 0.0 33.0
-9.136633 144.35439 0.0139 20.0 33.0
-10.96396 148.54384 0.0139 20.0 33.0
-10.96396 148.54384 0.0140 1.0 34.0
-14.313828 151.65335 0.0140 1.0 34.0
-14.313828 151.65335 0.0141 0.0 35.0
-16.141155 155.8428 0.0141 0.0 35.0
-14.313828 151.65335 0.0142 0.0 35.0
-17.663696 154.76286 0.0142 0.0 35.0
-17.663696 154.76286 0.0143 0.0 36.0
-19.491022 158.95232 0.0143 0.0 36.0
-17.663696 154.76286 0.0144 0.0 36.0
-21.013565 157.87238 0.0144 0.0 36.0
-10.96396 148.54384 0.0145 19.0 34.0
-12.791286 152.73329 0.0145 19.0 34.0
-12.791286 152.73329 0.0146 0.0 35.0
-12.791286 157.30392 0.0146 0.0 35.0
-12.791286 152.73329 0.0147 18.0 35.0
-14.618613 156.92274 0.0147 18.0 35.0
-14.618613 156.92274 0.0148 0.0 36.0
-14.618613 161.49338 0.0148 0.0 36.0
-14.618613 156.92274 0.0149 17.0 36.0
-16.44594 161.1122 0.0149 17.0 36.0
-16.44594 161.1122 0.0150 7.0 37.0
-16.44594 165.68283 0.0150 7.0 37.0
-16.44594 165.68283 0.0151 0.0 38.0
-14.618613 169.87228 0.0151 0.0 38.0
-16.44594 165.68283 0.0152 6.0 38.0
-16.44594 170.25346 0.0152 6.0 38.0
-16.44594 170.25346 0.0153 0.0 39.0
-14.618613 174.44292 0.0153 0.0 39.0
-16.44594 170.25346 0.0154 5.0 39.0
-16.44594 174.8241 0.0154 5.0 39.0
-16.44594 174.8241 0.0155 1.0 40.0
-14.618613 179.01355 0.0155 1.0 40.0
-14.618613 179.01355 0.0156 0.0 41.0
-11.268744 182.12306 0.0156 0.0 41.0
-14.618613 179.01355 0.0157 0.0 41.0
-12.791286 183.203 0.0157 0.0 41.0
-12.791286 183.203 0.0158 0.0 42.0
-9.441418 186.31252 0.0158 0.0 42.0
-12.791286 183.203 0.0159 0.0 42.0
-10.96396 187.39246 0.0159 0.0 42.0
-16.44594 174.8241 0.0160 4.0 40.0
-16.44594 179.39473 0.0160 4.0 40.0
-16.44594 179.39473 0.0161 0.0 41.0
-14.618613 183.58418 0.0161 0.0 41.0
-16.44594 179.39473 0.0162 3.0 41.0
-16.44594 183.96536 0.0162 3.0 41.0
-16.44594 183.96536 0.0163 0.0 42.0
-14.618613 188.15482 0.0163 0.0 42.0
-16.44594 183.96536 0.0164 2.0 42.0
-16.44594 188.536 0.0164 2.0 42.0
-16.44594 188.536 0.0165 1.0 43.0
-18.273266 192.72545 0.0165 1.0 43.0
-18.273266 192.72545 0.0166 0.0 44.0
-18.273266 197.29608 0.0166 0.0 44.0
-18.273266 192.72545 0.0167 0.0 44.0
-20.100592 196.9149 0.0167 0.0 44.0
-20.100592 196.9149 0.0168 0.0 45.0
-20.100592 201.48553 0.0168 0.0 45.0
-20.100592 196.9149 0.0169 0.0 45.0
-21.927917 201.10435 0.0169 0.0 45.0
-16.44594 188.536 0.0170 1.0 43.0
-16.44594 193.10663 0.0170 1.0 43.0
-16.44594 193.10663 0.0171 0.0 44.0
-14.618613 197.29608 0.0171 0.0 44.0
-16.44594 193.10663 0.0172 0.0 44.0
-16.44594 197.67726 0.0172 0.0 44.0
-16.44594 197.67726 0.0173 0.0 45.0
-14.618613 201.86671 0.0173 0.0 45.0
-16.44594 197.67726 0.0174 0.0 45.0
-16.44594 202.2479 0.0174 0.0 45.0
-16.44594 161.1122 0.0175 16.0 37.0
-18.273266 165.30165 0.0175 16.0 37.0
-18.273266 165.30165 0.0176 0.0 38.0
-18.273266 169.87228 0.0176 0.0 38.0
-18.273266 165.30165 0.0177 15.0 38.0
-20.100592 169.4911 0.0177 15.0 38.0
-20.100592 169.4911 0.0178 0.0 39.0
-20.100592 174.06174 0.0178 0.0 39.0
-20.100592 169.4911 0.0179 14.0 39.0
-21.927917 173.68056 0.0179 14.0 39.0
-21.927917 173.68056 0.0180 1.0 40.0
-21.927917 178.25119 0.0180 1.0 40.0
-21.927917 178.25119 0.0181 0.0 41.0
-20.100592 182.44064 0.0181 0.0 41.0
-21.927917 178.25119 0.0182 0.0 41.0
-21.927917 182.82182 0.0182 0.0 41.0
-21.927917 182.82182 0.0183 0.0 42.0
-20.100592 187.01128 0.0183 0.0 42.0
-21.927917 182.82182 0.0184 0.0 42.0
-21.927917 187.39246 0.0184 0.0 42.0
-21.927917 173.68056 0.0185 13.0 40.0
-23.755243 177.87001 0.0185 13.0 40.0
-23.755243 177.87001 0.0186 0.0 41.0
-23.755243 182.44064 0.0186 0.0 41.0
-23.755243 177.87001 0.0187 12.0 41.0
-25.58257 182.05946 0.0187 12.0 41.0
-25.58257 182.05946 0.0188 0.0 42.0
-25.58257 186.6301 0.0188 0.0 42.0
-25.58257 182.05946 0.0189 11.0 42.0
-27.409895 186.24892 0.0189 11.0 42.0
-27.409895 186.24892 0.0190 1.0 43.0
-30.759764 189.35843 0.0190 1.0 43.0
-30.759764 189.35843 0.0191 0.0 44.0
-32.58709 193.54788 0.0191 0.0 44.0
-30.759764 189.35843 0.0192 0.0 44.0
-34.10963 192.46794 0.0192 0.0 44.0
-34.10963 192.46794 0.0193 0.0 45.0
-35.93696 196.6574 0.0193 0.0 45.0
-34.10963 192.46794 0.0194 0.0 45.0
-37.4595 195.57745 0.0194 0.0 45.0
-27.409895 186.24892 0.0195 10.0 43.0
-29.23722 190.43837 0.0195 10.0 43.0
-29.23722 190.43837 0.0196 0.0 44.0
-29.23722 195.009 0.0196 0.0 44.0
-29.23722 190.43837 0.0197 9.0 44.0
-31.064547 194.62782 0.0197 9.0 44.0
-31.064547 194.62782 0.0198 0.0 45.0
-31.064547 199.19846 0.0198 0.0 45.0
-31.064547 194.62782 0.0199 8.0 45.0
-32.891872 198.81728 0.0199 8.0 45.0
-32.891872 198.81728 0.0200 7.0 46.0
-36.24174 201.92679 0.0200 7.0 46.0
-36.24174 201.92679 0.0201 0.0 47.0
-38.06907 206.11624 0.0201 0.0 47.0
-36.24174 201.92679 0.0202 6.0 47.0
-39.59161 205.0363 0.0202 6.0 47.0
-39.59161 205.0363 0.0203 0.0 48.0
-41.418938 209.22575 0.0203 0.0 48.0
-39.59161 205.0363 0.0204 5.0 48.0
-42.94148 208.14581 0.0204 5.0 48.0
-42.94148 208.14581 0.0205 1.0 49.0
-44.768806 212.33527 0.0205 1.0 49.0
-44.768806 212.33527 0.0206 0.0 50.0
-44.768806 216.9059 0.0206 0.0 50.0
-44.768806 212.33527 0.0207 0.0 50.0
-46.596134 216.52472 0.0207 0.0 50.0
-46.596134 216.52472 0.0208 0.0 51.0
-46.596134 221.09535 0.0208 0.0 51.0
-46.596134 216.52472 0.0209 0.0 51.0
-48.423462 220.71417 0.0209 0.0 51.0
-42.94148 208.14581 0.0210 4.0 49.0
-46.291348 211.25533 0.0210 4.0 49.0
-46.291348 211.25533 0.0211 0.0 50.0
-48.118675 215.44478 0.0211 0.0 50.0
-46.291348 211.25533 0.0212 3.0 50.0
-49.641216 214.36484 0.0212 3.0 50.0
-49.641216 214.36484 0.0213 0.0 51.0
-51.468544 218.55429 0.0213 0.0 51.0
-49.641216 214.36484 0.0214 2.0 51.0
-52.991085 217.47435 0.0214 2.0 51.0
-52.991085 217.47435 0.0215 1.0 52.0
-57.304764 218.98528 0.0215 1.0 52.0
-57.304764 218.98528 0.0216 0.0 53.0
-60.654633 222.09479 0.0216 0.0 53.0
-57.304764 218.98528 0.0217 0.0 53.0
-61.61844 220.4962 0.0217 0.0 53.0
-61.61844 220.4962 0.0218 0.0 54.0
-64.96831 223.60571 0.0218 0.0 54.0
-61.61844 220.4962 0.0219 0.0 54.0
-65.93211 222.00713 0.0219 0.0 54.0
-52.991085 217.47435 0.0220 1.0 52.0
-56.340954 220.58386 0.0220 1.0 52.0
-56.340954 220.58386 0.0221 0.0 53.0
-58.16828 224.77332 0.0221 0.0 53.0
-56.340954 220.58386 0.0222 0.0 53.0
-59.690823 223.69337 0.0222 0.0 53.0
-59.690823 223.69337 0.0223 0.0 54.0
-61.51815 227.88283 0.0223 0.0 54.0
-59.690823 223.69337 0.0224 0.0 54.0
-63.04069 226.80289 0.0224 0.0 54.0
-32.891872 198.81728 0.0225 7.0 46.0
-34.7192 203.00673 0.0225 7.0 46.0
-34.7192 203.00673 0.0226 0.0 47.0
-34.7192 207.57736 0.0226 0.0 47.0
-34.7192 203.00673 0.0227 6.0 47.0
-36.546528 207.19618 0.0227 6.0 47.0
-36.546528 207.19618 0.0228 0.0 48.0
-36.546528 211.76682 0.0228 0.0 48.0
-36.546528 207.19618 0.0229 5.0 48.0
-38.373856 211.38564 0.0229 5.0 48.0
-38.373856 211.38564 0.0230 1.0 49.0
-38.373856 215.95627 0.0230 1.0 49.0
-38.373856 215.95627 0.0231 0.0 50.0
-36.546528 220.14572 0.0231 0.0 50.0
-38.373856 215.95627 0.0232 0.0 50.0
-38.373856 220.5269 0.0232 0.0 50.0
-38.373856 220.5269 0.0233 0.0 51.0
-36.546528 224.71635 0.0233 0.0 51.0
-38.373856 220.5269 0.0234 0.0 51.0
-38.373856 225.09753 0.0234 0.0 51.0
-38.373856 211.38564 0.0235 4.0 49.0
-40.201183 215.57509 0.0235 4.0 49.0
-40.201183 215.57509 0.0236 0.0 50.0
-40.201183 220.14572 0.0236 0.0 50.0
-40.201183 215.57509 0.0237 3.0 50.0
-42.02851 219.76454 0.0237 3.0 50.0
-42.02851 219.76454 0.0238 0.0 51.0
-42.02851 224.33517 0.0238 0.0 51.0
-42.02851 219.76454 0.0239 2.0 51.0
-43.85584 223.954 0.0239 2.0 51.0
-43.85584 223.954 0.0240 1.0 52.0
-47.205708 227.0635 0.0240 1.0 52.0
-47.205708 227.0635 0.0241 0.0 53.0
-49.033035 231.25296 0.0241 0.0 53.0
-47.205708 227.0635 0.0242 0.0 53.0
-50.555576 230.17302 0.0242 0.0 53.0
-50.555576 230.17302 0.0243 0.0 54.0
-52.382904 234.36247 0.0243 0.0 54.0
-50.555576 230.17302 0.0244 0.0 54.0
-53.905445 233.28253 0.0244 0.0 54.0
-43.85584 223.954 0.0245 1.0 52.0
-45.683167 228.14345 0.0245 1.0 52.0
-45.683167 228.14345 0.0246 0.0 53.0
-45.683167 232.71408 0.0246 0.0 53.0
-45.683167 228.14345 0.0247 0.0 53.0
-47.510494 232.3329 0.0247 0.0 53.0
-47.510494 232.3329 0.0248 0.0 54.0
-47.510494 236.90353 0.0248 0.0 54.0
-47.510494 232.3329 0.0249 0.0 54.0
-49.337822 236.52235 0.0249 0.0 54.0
0.0 123.407104 0.0250 52.0 28.0
0.0 127.97774 0.0250 52.0 28.0
0.0 127.97774 0.0251 0.0 29.0
1.8273267 132.16719 0.0251 0.0 29.0
0.0 127.97774 0.0252 51.0 29.0
0.0 132.54837 0.0252 51.0 29.0
0.0 132.54837 0.0253 0.0 30.0
1.8273267 136.73782 0.0253 0.0 30.0
0.0 132.54837 0.0254 50.0 30.0
0.0 137.119 0.0254 50.0 30.0
0.0 137.119 0.0255 1.0 31.0
1.8273267 141.30846 0.0255 1.0 31.0
1.8273267 141.30846 0.0256 0.0 32.0
5.177195 144.41797 0.0256 0.0 32.0
1.8273267 141.30846 0.0257 0.0 32.0
3.6546533 145.49791 0.0257 0.0 32.0
3.6546533 145.49791 0.0258 0.0 33.0
7.004522 148.60742 0.0258 0.0 33.0
3.6546533 145.49791 0.0259 0.0 33.0
5.48198 149.68736 0.0259 0.0 33.0
0.0 137.119 0.0260 49.0 31.0
0.0 141.68964 0.0260 49.0 31.0
0.0 141.68964 0.0261 0.0 32.0
1.8273267 145.87909 0.0261 0.0 32.0
0.0 141.68964 0.0262 48.0 32.0
0.0 146.26027 0.0262 48.0 32.0
0.0 146.26027 0.0263 0.0 33.0
1.8273267 150.44972 0.0263 0.0 33.0
0.0 146.26027 0.0264 47.0 33.0
0.0 150.8309 0.0264 47.0 33.0
0.0 150.8309 0.0265 1.0 34.0
-1.8273267 155.02036 0.0265 1.0 34.0
-1.8273267 155.02036 0.0266 0.0 35.0
-1.8273267 159.59099 0.0266 0.0 35.0
-1.8273267 155.02036 0.0267 0.0 35.0
-3.6546533 159.20981 0.0267 0.0 35.0
-3.6546533 159.20981 0.0268 0.0 36.0
-3.6546533 163.78044 0.0268 0.0 36.0
-3.6546533 159.20981 0.0269 0.0 36.0
-5.48198 163.39926 0.0269 0.0 36.0
0.0 150.8309 0.0270 46.0 34.0
0.0 155.40154 0.0270 46.0 34.0
0.0 155.40154 0.0271 0.0 35.0
1.8273267 159.59099 0.0271 0.0 35.0
0.0 155.40154 0.0272 45.0 35.0
0.0 159.97217 0.0272 45.0 35.0
0.0 159.97217 0.0273 0.0 36.0
1.8273267 164.16162 0.0273 0.0 36.0
0.0 159.97217 0.0274 44.0 36.0
0.0 164.5428 0.0274 44.0 36.0
0.0 164.5428 0.0275 7.0 37.0
1.8273267 168.73225 0.0275 7.0 37.0
1.8273267 168.73225 0.0276 0.0 38.0
5.177195 171.84177 0.0276 0.0 38.0
1.8273267 168.73225 0.0277 6.0 38.0
3.6546533 172.9217 0.0277 6.0 38.0
3.6546533 172.9217 0.0278 0.0 39.0
7.004522 176.03122 0.0278 0.0 39.0
3.6546533 172.9217 0.0279 5.0 39.0
5.48198 177.11116 0.0279 5.0 39.0
5.48198 177.11116 0.0280 1.0 40.0
8.831848 180.22067 0.0280 1.0 40.0
8.831848 180.22067 0.0281 0.0 41.0
13.145525 181.7316 0.0281 0.0 41.0
8.831848 180.22067 0.0282 0.0 41.0
12.181717 183.33018 0.0282 0.0 41.0
12.181717 183.33018 0.0283 0.0 42.0
16.495394 184.84111 0.0283 0.0 42.0
12.181717 183.33018 0.0284 0.0 42.0
15.531586 186.4397 0.0284 0.0 42.0
5.48198 177.11116 0.0285 4.0 40.0
7.3093066 181.30061 0.0285 4.0 40.0
7.3093066 181.30061 0.0286 0.0 41.0
10.659175 184.41013 0.0286 0.0 41.0
7.3093066 181.30061 0.0287 3.0 41.0
9.136633 185.49007 0.0287 3.0 41.0
9.136633 185.49007 0.0288 0.0 42.0
12.486502 188.59958 0.0288 0.0 42.0
9.136633 185.49007 0.0289 2.0 42.0
10.96396 189.67952 0.0289 2.0 42.0
10.96396 189.67952 0.0290 1.0 43.0
10.96396 194.25015 0.0290 1.0 43.0
10.96396 194.25015 0.0291 0.0 44.0
12.791286 198.4396 0.0291 0.0 44.0
10.96396 194.25015 0.0292 0.0 44.0
10.96396 198.82079 0.0292 0.0 44.0
10.96396 198.82079 0.0293 0.0 45.0
12.791286 203.01024 0.0293 0.0 45.0
10.96396 198.82079 0.0294 0.0 45.0
10.96396 203.39142 0.0294 0.0 45.0
10.96396 189.67952 0.0295 1.0 43.0
12.791286 193.86897 0.0295 1.0 43.0
12.791286 193.86897 0.0296 0.0 44.0
16.141155 196.97849 0.0296 0.0 44.0
12.791286 193.86897 0.0297 0.0 44.0
14.618613 198.05843 0.0297 0.0 44.0
14.618613 198.05843 0.0298 0.0 45.0
17.968481 201.16794 0.0298 0.0 45.0
14.618613 198.05843 0.0299 0.0 45.0
16.44594 202.24788 0.0299 0.0 45.0
0.0 164.5428 0.0300 43.0 37.0
0.0 169.11343 0.0300 43.0 37.0
0.0 169.11343 0.0301 0.0 38.0
1.8273267 173.30289 0.0301 0.0 38.0
0.0 169.11343 0.0302 42.0 38.0
0.0 173.68407 0.0302 42.0 38.0
0.0 173.68407 0.0303 0.0 39.0
1.8273267 177.87352 0.0303 0.0 39.0
0.0 173.68407 0.0304 41.0 39.0
0.0 178.2547 0.0304 41.0 39.0
0.0 178.2547 0.0305 1.0 40.0
1.8273267 182.44415 0.0305 1.0 40.0
1.8273267 182.44415 0.0306 0.0 41.0
5.177195 185.55367 0.0306 0.0 41.0
1.8273267 182.44415 0.0307 0.0 41.0
3.6546533 186.6336 0.0307 0.0 41.0
3.6546533 186.6336 0.0308 0.0 42.0
7.004522 189.74312 0.0308 0.0 42.0
3.6546533 186.6336 0.0309 0.0 42.0
5.48198 190.82306 0.0309 0.0 42.0
0.0 178.2547 0.0310 40.0 40.0
0.0 182.82533 0.0310 40.0 40.0
0.0 182.82533 0.0311 0.0 41.0
1.8273267 187.01479 0.0311 0.0 41.0
0.0 182.82533 0.0312 39.0 41.0
0.0 187.39597 0.0312 39.0 41.0
0.0 187.39597 0.0313 0.0 42.0
1.8273267 191.58542 0.0313 0.0 42.0
0.0 187.39597 0.0314 38.0 42.0
0.0 191.9666 0.0314 38.0 42.0
0.0 191.9666 0.0315 1.0 43.0
-1.8273267 196.15605 0.0315 1.0 43.0
-1.8273267 196.15605 0.0316 0.0 44.0
-1.8273267 200.72668 0.0316 0.0 44.0
-1.8273267 196.15605 0.0317 0.0 44.0
-3.6546533 200.3455 0.0317 0.0 44.0
-3.6546533 200.3455 0.0318 0.0 45.0
-3.6546533 204.91614 0.0318 0.0 45.0
-3.6546533 200.3455 0.0319 0.0 45.0
-5.48198 204.53496 0.0319 0.0 45.0
0.0 191.9666 0.0320 37.0 43.0
0.0 196.53723 0.0320 37.0 43.0
0.0 196.53723 0.0321 0.0 44.0
1.8273267 200.72668 0.0321 0.0 44.0
0.0 196.53723 0.0322 36.0 44.0
0.0 201.10786 0.0322 36.0 44.0
0.0 201.10786 0.0323 0.0 45.0
1.8273267 205.29732 0.0323 0.0 45.0
0.0 201.10786 0.0324 35.0 45.0
0.0 205.6785 0.0324 35.0 45.0
0.0 205.6785 0.0325 7.0 46.0
-1.8273267 209.86795 0.0325 7.0 46.0
-1.8273267 209.86795 0.0326 0.0 47.0
-1.8273267 214.43858 0.0326 0.0 47.0
-1.8273267 209.86795 0.0327 6.0 47.0
-3.6546533 214.0574 0.0327 6.0 47.0
-3.6546533 214.0574 0.0328 0.0 48.0
-3.6546533 218.62804 0.0328 0.0 48.0
-3.6546533 214.0574 0.0329 5.0 48.0
-5.48198 218.24686 0.0329 5.0 48.0
-5.48198 218.24686 0.0330 1.0 49.0
-5.48198 222.81749 0.0330 1.0 49.0
-5.48198 222.81749 0.0331 0.0 50.0
-3.654653 227.00694 0.0331 0.0 50.0
-5.48198 222.81749 0.0332 0.0 50.0
-5.48198 227.38812 0.0332 0.0 50.0
-5.48198 227.38812 0.0333 0.0 51.0
-3.654653 231.57758 0.0333 0.0 51.0
-5.48198 227.38812 0.0334 0.0 51.0
-5.48198 231.95876 0.0334 0.0 51.0
-5.48198 218.24686 0.0335 4.0 49.0
-7.3093066 222.43631 0.0335 4.0 49.0
-7.3093066 222.43631 0.0336 0.0 50.0
-7.3093066 227.00694 0.0336 0.0 50.0
-7.3093066 222.43631 0.0337 3.0 50.0
-9.136633 226.62576 0.0337 3.0 50.0
-9.136633 226.62576 0.0338 0.0 51.0
-9.136633 231.1964 0.0338 0.0 51.0
-9.136633 226.62576 0.0339 2.0 51.0
-10.96396 230.81522 0.0339 2.0 51.0
-10.96396 230.81522 0.0340 1.0 52.0
-14.313828 233.92473 0.0340 1.0 52.0
-14.313828 233.92473 0.0341 0.0 53.0
-16.141155 238.11418 0.0341 0.0 53.0
-14.313828 233.92473 0.0342 0.0 53.0
-17.663696 237.03424 0.0342 0.0 53.0
-17.663696 237.03424 0.0343 0.0 54.0
-19.491022 241.2237 0.0343 0.0 54.0
-17.663696 237.03424 0.0344 0.0 54.0
-21.013565 240.14375 0.0344 0.0 54.0
-10.96396 230.81522 0.0345 1.0 52.0
-12.791286 235.00467 0.0345 1.0 52.0
-12.791286 235.00467 0.0346 0.0 53.0
-12.791286 239.5753 0.0346 0.0 53.0
-12.791286 235.00467 0.0347 0.0 53.0
-14.618613 239.19412 0.0347 0.0 53.0
-14.618613 239.19412 0.0348 0.0 54.0
-14.618613 243.76476 0.0348 0.0 54.0
-14.618613 239.19412 0.0349 0.0 54.0
-16.44594 243.38358 0.0349 0.0 54.0
0.0 205.6785 0.0350 34.0 46.0
0.0 210.24913 0.0350 34.0 46.0
0.0 210.24913 0.0351 0.0 47.0
1.8273267 214.43858 0.0351 0.0 47.0
0.0 210.24913 0.0352 33.0 47.0
0.0 214.81976 0.0352 33.0 47.0
0.0 214.81976 0.0353 0.0 48.0
1.8273267 219.00922 0.0353 0.0 48.0
0.0 214.81976 0.0354 32.0 48.0
0.0 219.3904 0.0354 32.0 48.0
0.0 219.3904 0.0355 1.0 49.0
1.8273267 223.57985 0.0355 1.0 49.0
1.8273267 223.57985 0.0356 0.0 50.0
5.177195 226.68936 0.0356 0.0 50.0
1.8273267 223.57985 0.0357 0.0 50.0
3.6546533 227.7693 0.0357 0.0 50.0
3.6546533 227.7693 0.0358 0.0 51.0
7.004522 230.87881 0.0358 0.0 51.0
3.6546533 227.7693 0.0359 0.0 51.0
5.48198 231.95876 0.0359 0.0 51.0
0.0 219.3904 0.0360 31.0 49.0
0.0 223.96103 0.0360 31.0 49.0
0.0 223.96103 0.0361 0.0 50.0
1.8273267 228.15048 0.0361 0.0 50.0
0.0 223.96103 0.0362 30.0 50.0
0.0 228.53166 0.0362 30.0 50.0
0.0 228.53166 0.0363 0.0 51.0
1.8273267 232.72112 0.0363 0.0 51.0
0.0 228.53166 0.0364 29.0 51.0
0.0 233.1023 0.0364 29.0 51.0
0.0 233.1023 0.0365 1.0 52.0
-1.8273267 237.29175 0.0365 1.0 52.0
-1.8273267 237.29175 0.0366 0.0 53.0
-1.8273267 241.86238 0.0366 0.0 53.0
-1.8273267 237.29175 0.0367 0.0 53.0
-3.6546533 241.4812 0.0367 0.0 53.0
-3.6546533 241.4812 0.0368 0.0 54.0
-3.6546533 246.05183 0.0368 0.0 54.0
-3.6546533 241.4812 0.0369 0.0 54.0
-5.48198 245.67065 0.0369 0.0 54.0
0.0 233.1023 0.0370 28.0 52.0
0.0 237.67293 0.0370 28.0 52.0
0.0 237.67293 0.0371 0.0 53.0
1.8273267 241.86238 0.0371 0.0 53.0
0.0 237.67293 0.0372 27.0 53.0
0.0 242.24356 0.0372 27.0 53.0
0.0 242.24356 0.0373 0.0 54.0
1.8273267 246.43301 0.0373 0.0 54.0
0.0 242.24356 0.0374 26.0 54.0
0.0 246.8142 0.0374 26.0 54.0
0.0 246.8142 0.0375 25.0 55.0
1.8273267 251.00365 0.0375 25.0 55.0
1.8273267 251.00365 0.0376 0.0 56.0
5.177195 254.11316 0.0376 0.0 56.0
1.8273267 251.00365 0.0377 24.0 56.0
3.6546533 255.1931 0.0377 24.0 56.0
3.6546533 255.1931 0.0378 0.0 57.0
7.004522 258.3026 0.0378 0.0 57.0
3.6546533 255.1931 0.0379 23.0 57.0
5.48198 259.38257 0.0379 23.0 57.0
5.48198 259.38257 0.0380 1.0 58.0
8.831848 262.4921 0.0380 1.0 58.0
8.831848 262.4921 0.0381 0.0 59.0
13.145525 264.00302 0.0381 0.0 59.0
8.831848 262.4921 0.0382 0.0 59.0
12.181717 265.60162 0.0382 0.0 59.0
12.181717 265.60162 0.0383 0.0 60.0
16.495394 267.11255 0.0383 0.0 60.0
12.181717 265.60162 0.0384 0.0 60.0
15.531586 268.71115 0.0384 0.0 60.0
5.48198 259.38257 0.0385 22.0 58.0
7.3093066 263.57202 0.0385 22.0 58.0
7.3093066 263.57202 0.0386 0.0 59.0
10.659175 266.68155 0.0386 0.0 59.0
7.3093066 263.57202 0.0387 21.0 59.0
9.136633 267.76147 0.0387 21.0 59.0
9.136633 267.76147 0.0388 0.0 60.0
12.486502 270.871 0.0388 0.0 60.0
9.136633 267.76147 0.0389 20.0 60.0
10.96396 271.95093 0.0389 20.0 60.0
10.96396 271.95093 0.0390 1.0 61.0
10.96396 276.52158 0.0390 1.0 61.0
10.96396 276.52158 0.0391 0.0 62.0
12.791286 280.71103 0.0391 0.0 62.0
10.96396 276.52158 0.0392 0.0 62.0
10.96396 281.09222 0.0392 0.0 62.0
10.96396 281.09222 0.0393 0.0 63.0
12.791286 285.28168 0.0393 0.0 63.0
10.96396 281.09222 0.0394 0.0 63.0
10.96396 285.66287 0.0394 0.0 63.0
10.96396 271.95093 0.0395 19.0 61.0
12.791286 276.14038 0.0395 19.0 61.0
12.791286 276.14038 0.0396 0.0 62.0
16.141155 279.2499 0.0396 0.0 62.0
12.791286 276.14038 0.0397 18.0 62.0
14.618613 280.32983 0.0397 18.0 62.0
14.618613 280.32983 0.0398 0.0 63.0
17.968481 283.43936 0.0398 0.0 63.0
14.618613 280.32983 0.0399 17.0 63.0
16.44594 284.5193 0.0399 17.0 63.0
16.44594 284.5193 0.0400 7.0 64.0
19.795809 287.6288 0.0400 7.0 64.0
19.795809 287.6288 0.0401 0.0 65.0
24.109486 289.13974 0.0401 0.0 65.0
19.795809 287.6288 0.0402 6.0 65.0
23.145678 290.73834 0.0402 6.0 65.0
23.145678 290.73834 0.0403 0.0 66.0
27.459354 292.24927 0.0403 0.0 66.0
23.145678 290.73834 0.0404 5.0 66.0
26.495546 293.84787 0.0404 5.0 66.0
26.495546 293.84787 0.0405 1.0 67.0
30.809223 295.3588 0.0405 1.0 67.0
30.809223 295.3588 0.0406 0.0 68.0
35.367218 295.0191 0.0406 0.0 68.0
30.809223 295.3588 0.0407 0.0 68.0
35.122902 296.86972 0.0407 0.0 68.0
35.122902 296.86972 0.0408 0.0 69.0
39.680897 296.53003 0.0408 0.0 69.0
35.122902 296.86972 0.0409 0.0 69.0
39.436577 298.38065 0.0409 0.0 69.0
26.495546 293.84787 0.0410 4.0 67.0
29.845415 296.9574 0.0410 4.0 67.0
29.845415 296.9574 0.0411 0.0 68.0
34.159092 298.46832 0.0411 0.0 68.0
29.845415 296.9574 0.0412 3.0 68.0
33.195282 300.06693 0.0412 3.0 68.0
33.195282 300.06693 0.0413 0.0 69.0
37.508957 301.57785 0.0413 0.0 69.0
33.195282 300.06693 0.0414 2.0 69.0
36.54515 303.17645 0.0414 2.0 69.0
36.54515 303.17645 0.0415 1.0 70.0
38.37248 307.3659 0.0415 1.0 70.0
38.37248 307.3659 0.0416 0.0 71.0
41.722347 310.47543 0.0416 0.0 71.0
38.37248 307.3659 0.0417 0.0 71.0
40.199806 311.55536 0.0417 0.0 71.0
40.199806 311.55536 0.0418 0.0 72.0
43.549675 314.6649 0.0418 0.0 72.0
40.199806 311.55536 0.0419 0.0 72.0
42.027134 315.7448 0.0419 0.0 72.0
36.54515 303.17645 0.0420 1.0 70.0
39.89502 306.28598 0.0420 1.0 70.0
39.89502 306.28598 0.0421 0.0 71.0
44.208694 307.7969 0.0421 0.0 71.0
39.89502 306.28598 0.0422 0.0 71.0
43.24489 309.3955 0.0422 0.0 71.0
43.24489 309.3955 0.0423 0.0 72.0
47.558563 310.90643 0.0423 0.0 72.0
43.24489 309.3955 0.0424 0.0 72.0
46.594757 312.50504 0.0424 0.0 72.0
16.44594 284.5193 0.0425 16.0 64.0
18.273266 288.70874 0.0425 16.0 64.0
18.273266 288.70874 0.0426 0.0 65.0
21.623135 291.81827 0.0426 0.0 65.0
18.273266 288.70874 0.0427 15.0 65.0
20.100592 292.8982 0.0427 15.0 65.0
20.100592 292.8982 0.0428 0.0 66.0
23.45046 296.00772 0.0428 0.0 66.0
20.100592 292.8982 0.0429 14.0 66.0
21.927917 297.08765 0.0429 14.0 66.0
21.927917 297.08765 0.0430 1.0 67.0
25.277786 300.19717 0.0430 1.0 67.0
25.277786 300.19717 0.0431 0.0 68.0
29.591463 301.7081 0.0431 0.0 68.0
25.277786 300.19717 0.0432 0.0 68.0
28.627655 303.3067 0.0432 0.0 68.0
28.627655 303.3067 0.0433 0.0 69.0
32.94133 304.81763 0.0433 0.0 69.0
28.627655 303.3067 0.0434 0.0 69.0
31.977524 306.41623 0.0434 0.0 69.0
21.927917 297.08765 0.0435 13.0 67.0
23.755243 301.2771 0.0435 13.0 67.0
23.755243 301.2771 0.0436 0.0 68.0
27.105112 304.38663 0.0436 0.0 68.0
23.755243 301.2771 0.0437 12.0 68.0
25.58257 305.46655 0.0437 12.0 68.0
25.58257 305.46655 0.0438 0.0 69.0
28.932438 308.57608 0.0438 0.0 69.0
25.58257 305.46655 0.0439 11.0 69.0
27.409895 309.656 0.0439 11.0 69.0
27.409895 309.656 0.0440 1.0 70.0
27.409895 314.22665 0.0440 1.0 70.0
27.409895 314.22665 0.0441 0.0 71.0
29.23722 318.4161 0.0441 0.0 71.0
27.409895 314.22665 0.0442 0.0 71.0
27.409895 318.7973 0.0442 0.0 71.0
27.409895 318.7973 0.0443 0.0 72.0
29.23722 322.98676 0.0443 0.0 72.0
27.409895 318.7973 0.0444 0.0 72.0
27.409895 323.36795 0.0444 0.0 72.0
27.409895 309.656 0.0445 10.0 70.0
29.23722 313.84546 0.0445 10.0 70.0
29.23722 313.84546 0.0446 0.0 71.0
32.58709 316.955 0.0446 0.0 71.0
29.23722 313.84546 0.0447 9.0 71.0
31.064547 318.0349 0.0447 9.0 71.0
31.064547 318.0349 0.0448 0.0 72.0
34.414413 321.14444 0.0448 0.0 72.0
31.064547 318.0349 0.0449 8.0 72.0
32.891872 322.22437 0.0449 8.0 72.0
32.891872 322.22437 0.0450 7.0 73.0
32.891872 326.795 0.0450 7.0 73.0
32.891872 326.795 0.0451 0.0 74.0
34.7192 330.98447 0.0451 0.0 74.0
32.891872 326.795 0.0452 6.0 74.0
32.891872 331.36566 0.0452 6.0 74.0
32.891872 331.36566 0.0453 0.0 75.0
34.7192 335.5551 0.0453 0.0 75.0
32.891872 331.36566 0.0454 5.0 75.0
32.891872 335.9363 0.0454 5.0 75.0
32.891872 335.9363 0.0455 1.0 76.0
34.7192 340.12576 0.0455 1.0 76.0
34.7192 340.12576 0.0456 0.0 77.0
38.06907 343.2353 0.0456 0.0 77.0
34.7192 340.12576 0.0457 0.0 77.0
36.546528 344.31522 0.0457 0.0 77.0
36.546528 344.31522 0.0458 0.0 78.0
39.896397 347.42474 0.0458 0.0 78.0
36.546528 344.31522 0.0459 0.0 78.0
38.373856 348.50467 0.0459 0.0 78.0
32.891872 335.9363 0.0460 4.0 76.0
32.891872 340.50696 0.0460 4.0 76.0
32.891872 340.50696 0.0461 0.0 77.0
34.7192 344.6964 0.0461 0.0 77.0
32.891872 340.50696 0.0462 3.0 77.0
32.891872 345.0776 0.0462 3.0 77.0
32.891872 345.0776 0.0463 0.0 78.0
34.7192 349.26706 0.0463 0.0 78.0
32.891872 345.0776 0.0464 2.0 78.0
32.891872 349.64825 0.0464 2.0 78.0
32.891872 349.64825 0.0465 1.0 79.0
31.064547 353.8377 0.0465 1.0 79.0
31.064547 353.8377 0.0466 0.0 80.0
31.064547 358.40836 0.0466 0.0 80.0
31.064547 353.8377 0.0467 0.0 80.0
29.23722 358.02716 0.0467 0.0 80.0
29.23722 358.02716 0.0468 0.0 81.0
29.23722 362.5978 0.0468 0.0 81.0
29.23722 358.02716 0.0469 0.0 81.0
27.409895 362.2166 0.0469 0.0 81.0
32.891872 349.64825 0.0470 1.0 79.0
32.891872 354.2189 0.0470 1.0 79.0
32.891872 354.2189 0.0471 0.0 80.0
34.7192 358.40836 0.0471 0.0 80.0
32.891872 354.2189 0.0472 0.0 80.0
32.891872 358.78955 0.0472 0.0 80.0
32.891872 358.78955 0.0473 0.0 81.0
34.7192 362.979 0.0473 0.0 81.0
32.891872 358.78955 0.0474 0.0 81.0
32.891872 363.3602 0.0474 0.0 81.0
32.891872 322.22437 0.0475 7.0 73.0
34.7192 326.41382 0.0475 7.0 73.0
34.7192 326.41382 0.0476 0.0 74.0
38.06907 329.52335 0.0476 0.0 74.0
34.7192 326.41382 0.0477 6.0 74.0
36.546528 330.60327 0.0477 6.0 74.0
36.546528 330.60327 0.0478 0.0 75.0
39.896397 333.7128 0.0478 0.0 75.0
36.546528 330.60327 0.0479 5.0 75.0
38.373856 334.79272 0.0479 5.0 75.0
38.373856 334.79272 0.0480 1.0 76.0
41.723724 337.90225 0.0480 1.0 76.0
41.723724 337.90225 0.0481 0.0 77.0
46.0374 339.41318 0.0481 0.0 77.0
41.723724 337.90225 0.0482 0.0 77.0
45.073593 341.01178 0.0482 0.0 77.0
45.073593 341.01178 0.0483 0.0 78.0
49.387268 342.5227 0.0483 0.0 78.0
45.073593 341.01178 0.0484 0.0 78.0
48.423462 344.1213 0.0484 0.0 78.0
38.373856 334.79272 0.0485 4.0 76.0
40.201183 338.98218 0.0485 4.0 76.0
40.201183 338.98218 0.0486 0.0 77.0
43.551052 342.0917 0.0486 0.0 77.0
40.201183 338.98218 0.0487 3.0 77.0
42.02851 343.17163 0.0487 3.0 77.0
42.02851 343.17163 0.0488 0.0 78.0
45.37838 346.28116 0.0488 0.0 78.0
42.02851 343.17163 0.0489 2.0 78.0
43.85584 347.36108 0.0489 2.0 78.0
43.85584 347.36108 0.0490 1.0 79.0
43.85584 351.93173 0.0490 1.0 79.0
43.85584 351.93173 0.0491 0.0 80.0
45.683167 356.1212 0.0491 0.0 80.0
43.85584 351.93173 0.0492 0.0 80.0
43.85584 356.50238 0.0492 0.0 80.0
43.85584 356.50238 0.0493 0.0 81.0
45.683167 360.69183 0.0493 0.0 81.0
43.85584 356.50238 0.0494 0.0 81.0
43.85584 361.07303 0.0494 0.0 81.0
43.85584 347.36108 0.0495 1.0 79.0
45.683167 351.55054 0.0495 1.0 79.0
45.683167 351.55054 0.0496 0.0 80.0
49.033035 354.66006 0.0496 0.0 80.0
45.683167 351.55054 0.0497 0.0 80.0
47.510494 355.74 0.0497 0.0 80.0
47.510494 355.74 0.0498 0.0 81.0
50.860363 358.84952 0.0498 0.0 81.0
47.510494 355.74 0.0499 0.0 81.0
49.337822 359.92944 0.0499 0.0 81.0
0.0 246.8142 0.0500 25.0 55.0
0.0 251.38483 0.0500 25.0 55.0
0.0 251.38483 0.0501 0.0 56.0
1.8273267 255.57428 0.0501 0.0 56.0
0.0 251.38483 0.0502 24.0 56.0
0.0 255.95546 0.0502 24.0 56.0
0.0 255.95546 0.0503 0.0 57.0
1.8273267 260.14493 0.0503 0.0 57.0
0.0 255.95546 0.0504 23.0 57.0
0.0 260.5261 0.0504 23.0 57.0
0.0 260.5261 0.0505 1.0 58.0
1.8273267 264.71555 0.0505 1.0 58.0
1.8273267 264.71555 0.0506 0.0 59.0
5.177195 267.82507 0.0506 0.0 59.0
1.8273267 264.71555 0.0507 0.0 59.0
3.6546533 268.905 0.0507 0.0 59.0
3.6546533 268.905 0.0508 0.0 60.0
7.004522 272.01453 0.0508 0.0 60.0
3.6546533 268.905 0.0509 0.0 60.0
5.48198 273.09445 0.0509 0.0 60.0
0.0 260.5261 0.0510 22.0 58.0
0.0 265.09674 0.0510 22.0 58.0
0.0 265.09674 0.0511 0.0 59.0
1.8273267 269.2862 0.0511 0.0 59.0
0.0 265.09674 0.0512 21.0 59.0
0.0 269.6674 0.0512 21.0 59.0
0.0 269.6674 0.0513 0.0 60.0
1.8273267 273.85684 0.0513 0.0 60.0
0.0 269.6674 0.0514 20.0 60.0
0.0 274.23804 0.0514 20.0 60.0
0.0 274.23804 0.0515 1.0 61.0
-1.8273267 278.4275 0.0515 1.0 61.0
-1.8273267 278.4275 0.0516 0.0 62.0
-1.8273267 282.99814 0.0516 0.0 62.0
-1.8273267 278.4275 0.0517 0.0 62.0
-3.6546533 282.61694 0.0517 0.0 62.0
-3.6546533 282.61694 0.0518 0.0 63.0
-3.6546533 287.1876 0.0518 0.0 63.0
-3.6546533 282.61694 0.0519 0.0 63.0
-5.48198 286.8064 0.0519 0.0 63.0
0.0 274.23804 0.0520 19.0 61.0
0.0 278.8087 0.0520 19.0 61.0
0.0 278.8087 0.0521 0.0 62.0
1.8273267 282.99814 0.0521 0.0 62.0
0.0 278.8087 0.0522 18.0 62.0
0.0 283.37933 0.0522 18.0 62.0
0.0 283.37933 0.0523 0.0 63.0
1.8273267 287.5688 0.0523 0.0 63.0
0.0 283.37933 0.0524 17.0 63.0
0.0 287.94998 0.0524 17.0 63.0
0.0 287.94998 0.0525 7.0 64.0
1.8273267 292.13943 0.0525 7.0 64.0
1.8273267 292.13943 0.0526 0.0 65.0
5.177195 295.24896 0.0526 0.0 65.0
1.8273267 292.13943 0.0527 6.0 65.0
3.6546533 296.3289 0.0527 6.0 65.0
3.6546533 296.3289 0.0528 0.0 66.0
7.004522 299.43842 0.0528 0.0 66.0
3.6546533 296.3289 0.0529 5.0 66.0
5.48198 300.51834 0.0529 5.0 66.0
5.48198 300.51834 0.0530 1.0 67.0
8.831848 303.62787 0.0530 1.0 67.0
8.831848 303.62787 0.0531 0.0 68.0
13.145525 305.1388 0.0531 0.0 68.0
8.831848 303.62787 0.0532 0.0 68.0
12.181717 306.7374 0.0532 0.0 68.0
12.181717 306.7374 0.0533 0.0 69.0
16.495394 308.24832 0.0533 0.0 69.0
12.181717 306.7374 0.0534 0.0 69.0
15.531586 309.84692 0.0534 0.0 69.0
5.48198 300.51834 0.0535 4.0 67.0
7.3093066 304.7078 0.0535 4.0 67.0
7.3093066 304.7078 0.0536 0.0 68.0
10.659175 307.81732 0.0536 0.0 68.0
7.3093066 304.7078 0.0537 3.0 68.0
9.136633 308.89725 0.0537 3.0 68.0
9.136633 308.89725 0.0538 0.0 69.0
12.486502 312.00677 0.0538 0.0 69.0
9.136633 308.89725 0.0539 2.0 69.0
10.96396 313.0867 0.0539 2.0 69.0
10.96396 313.0867 0.0540 1.0 70.0
10.96396 317.65735 0.0540 1.0 70.0
10.96396 317.65735 0.0541 0.0 71.0
12.791286 321.8468 0.0541 0.0 71.0
10.96396 317.65735 0.0542 0.0 71.0
10.96396 322.228 0.0542 0.0 71.0
10.96396 322.228 0.0543 0.0 72.0
12.791286 326.41745 0.0543 0.0 72.0
10.96396 322.228 0.0544 0.0 72.0
10.96396 326.79865 0.0544 0.0 72.0
10.96396 313.0867 0.0545 1.0 70.0
12.791286 317.27615 0.0545 1.0 70.0
12.791286 317.27615 0.0546 0.0 71.0
16.141155 320.38568 0.0546 0.0 71.0
12.791286 317.27615 0.0547 0.0 71.0
14.618613 321.4656 0.0547 0.0 71.0
14.618613 321.4656 0.0548 0.0 72.0
17.968481 324.57513 0.0548 0.0 72.0
14.618613 321.4656 0.0549 0.0 72.0
16.44594 325.65506 0.0549 0.0 72.0
0.0 287.94998 0.0550 16.0 64.0
0.0 292.52063 0.0550 16.0 64.0
0.0 292.52063 0.0551 0.0 65.0
1.8273267 296.71008 0.0551 0.0 65.0
0.0 292.52063 0.0552 15.0 65.0
0.0 297.09128 0.0552 15.0 65.0
0.0 297.09128 0.0553 0.0 66.0
1.8273267 301.28073 0.0553 0.0 66.0
0.0 297.09128 0.0554 14.0 66.0
0.0 301.66193 0.0554 14.0 66.0
0.0 301.66193 0.0555 1.0 67.0
1.8273267 305.85138 0.0555 1.0 67.0
1.8273267 305.85138 0.0556 0.0 68.0
5.177195 308.9609 0.0556 0.0 68.0
1.8273267 305.85138 0.0557 0.0 68.0
3.6546533 310.04083 0.0557 0.0 68.0
3.6546533 310.04083 0.0558 0.0 69.0
7.004522 313.15036 0.0558 0.0 69.0
3.6546533 310.04083 0.0559 0.0 69.0
5.48198 314.2303 0.0559 0.0 69.0
0.0 301.66193 0.0560 13.0 67.0
0.0 306.23257 0.0560 13.0 67.0
0.0 306.23257 0.0561 0.0 68.0
1.8273267 310.42203 0.0561 0.0 68.0
0.0 306.23257 0.0562 12.0 68.0
0.0 310.80322 0.0562 12.0 68.0
0.0 310.80322 0.0563 0.0 69.0
1.8273267 314.99268 0.0563 0.0 69.0
0.0 310.80322 0.0564 11.0 69.0
0.0 315.37387 0.0564 11.0 69.0
0.0 315.37387 0.0565 1.0 70.0
-1.8273267 319.56332 0.0565 1.0 70.0
-1.8273267 319.56332 0.0566 0.0 71.0
-1.8273267 324.13397 0.0566 0.0 71.0
-1.8273267 319.56332 0.0567 0.0 71.0
-3.6546533 323.75278 0.0567 0.0 71.0
-3.6546533 323.75278 0.0568 0.0 72.0
-3.6546533 328.32343 0.0568 0.0 72.0
-3.6546533 323.75278 0.0569 0.0 72.0
-5.48198 327.94223 0.0569 0.0 72.0
0.0 315.37387 0.0570 10.0 70.0
0.0 319.94452 0.0570 10.0 70.0
0.0 319.94452 0.0571 0.0 71.0
1.8273267 324.13397 0.0571 0.0 71.0
0.0 319.94452 0.0572 9.0 71.0
0.0 324.51517 0.0572 9.0 71.0
0.0 324.51517 0.0573 0.0 72.0
1.8273267 328.70462 0.0573 0.0 72.0
0.0 324.51517 0.0574 8.0 72.0
0.0 329.08582 0.0574 8.0 72.0
0.0 329.08582 0.0575 7.0 73.0
-1.8273267 333.27527 0.0575 7.0 73.0
-1.8273267 333.27527 0.0576 0.0 74.0
-1.8273267 337.84592 0.0576 0.0 74.0
-1.8273267 333.27527 0.0577 6.0 74.0
-3.6546533 337.46472 0.0577 6.0 74.0
-3.6546533 337.46472 0.0578 0.0 75.0
-3.6546533 342.03537 0.0578 0.0 75.0
-3.6546533 337.46472 0.0579 5.0 75.0
-5.48198 341.65417 0.0579 5.0 75.0
-5.48198 341.65417 0.0580 1.0 76.0
-5.48198 346.22482 0.0580 1.0 76.0
-5.48198 346.22482 0.0581 0.0 77.0
-3.654653 350.41428 0.0581 0.0 77.0
-5.48198 346.22482 0.0582 0.0 77.0
-5.48198 350.79547 0.0582 0.0 77.0
-5.48198 350.79547 0.0583 0.0 78.0
-3.654653 354.98492 0.0583 0.0 78.0
-5.48198 350.79547 0.0584 0.0 78.0
-5.48198 355.36612 0.0584 0.0 78.0
-5.48198 341.65417 0.0585 4.0 76.0
-7.3093066 345.84363 0.0585 4.0 76.0
-7.3093066 345.84363 0.0586 0.0 77.0
-7.3093066 350.41428 0.0586 0.0 77.0
-7.3093066 345.84363 0.0587 3.0 77.0
-9.136633 350.03308 0.0587 3.0 77.0
-9.136633 350.03308 0.0588 0.0 78.0
-9.136633 354.60373 0.0588 0.0 78.0
-9.136633 350.03308 0.0589 2.0 78.0
-10.96396 354.22253 0.0589 2.0 78.0
-10.96396 354.22253 0.0590 1.0 79.0
-14.313828 357.33206 0.0590 1.0 79.0
-14.313828 357.33206 0.0591 0.0 80.0
-16.141155 361.5215 0.0591 0.0 80.0
-14.313828 357.33206 0.0592 0.0 80.0
-17.663696 360.4416 0.0592 0.0 80.0
-17.663696 360.4416 0.0593 0.0 81.0
-19.491022 364.63104 0.0593 0.0 81.0
-17.663696 360.4416 0.0594 0.0 81.0
-21.013565 363.55112 0.0594 0.0 81.0
-10.96396 354.22253 0.0595 1.0 79.0
-12.791286 358.412 0.0595 1.0 79.0
-12.791286 358.412 0.0596 0.0 80.0
-12.791286 362.98264 0.0596 0.0 80.0
-12.791286 358.412 0.0597 0.0 80.0
-14.618613 362.60144 0.0597 0.0 80.0
-14.618613 362.60144 0.0598 0.0 81.0
-14.618613 367.1721 0.0598 0.0 81.0
-14.618613 362.60144 0.0599 0.0 81.0
-16.44594 366.7909 0.0599 0.0 81.0
0.0 329.08582 0.0600 7.0 73.0
0.0 333.65646 0.0600 7.0 73.0
0.0 333.65646 0.0601 0.0 74.0
1.8273267 337.84592 0.0601 0.0 74.0
0.0 333.65646 0.0602 6.0 74.0
0.0 338.2271 0.0602 6.0 74.0
0.0 338.2271 0.0603 0.0 75.0
1.8273267 342.41656 0.0603 0.0 75.0
0.0 338.2271 0.0604 5.0 75.0
0.0 342.79776 0.0604 5.0 75.0
0.0 342.79776 0.0605 1.0 76.0
1.8273267 346.9872 0.0605 1.0 76.0
1.8273267 346.9872 0.0606 0.0 77.0
5.177195 350.09674 0.0606 0.0 77.0
1.8273267 346.9872 0.0607 0.0 77.0
3.6546533 351.17667 0.0607 0.0 77.0
3.6546533 351.17667 0.0608 0.0 78.0
7.004522 354.2862 0.0608 0.0 78.0
3.6546533 351.17667 0.0609 0.0 78.0
5.48198 355.36612 0.0609 0.0 78.0
0.0 342.79776 0.0610 4.0 76.0
0.0 347.3684 0.0610 4.0 76.0
0.0 347.3684 0.0611 0.0 77.0
1.8273267 351.55786 0.0611 0.0 77.0
0.0 347.3684 0.0612 3.0 77.0
0.0 351.93906 0.0612 3.0 77.0
0.0 351.93906 0.0613 0.0 78.0
1.8273267 356.1285 0.0613 0.0 78.0
0.0 351.93906 0.0614 2.0 78.0
0.0 356.5097 0.0614 2.0 78.0
0.0 356.5097 0.0615 1.0 79.0
-1.8273267 360.69916 0.0615 1.0 79.0
-1.8273267 360.69916 0.0616 0.0 80.0
-1.8273267 365.2698 0.0616 0.0 80.0
-1.8273267 360.69916 0.0617 0.0 80.0
-3.6546533 364.8886 0.0617 0.0 80.0
-3.6546533 364.8886 0.0618 0.0 81.0
-3.6546533 369.45926 0.0618 0.0 81.0
-3.6546533 364.8886 0.0619 0.0 81.0
-5.48198 369.07806 0.0619 0.0 81.0
0.0 356.5097 0.0620 1.0 79.0
0.0 361.08035 0.0620 1.0 79.0
0.0 361.08035 0.0621 0.0 80.0
1.8273267 365.2698 0.0621 0.0 80.0
0.0 361.08035 0.0622 0.0 80.0
0.0 365.651 0.0622 0.0 80.0
0.0 365.651 0.0623 0.0 81.0
1.8273267 369.84045 0.0623 0.0 81.0
0.0 365.651 0.0624 0.0 81.0
0.0 370.22165 0.0624 0.0 81.0
