0.0 0.0 0.00 79.0 1.0
0.0 3.2556176 0.00 79.0 1.0
0.0 3.2556176 0.01 0.0 2.0
1.276609 6.2504992 0.01 0.0 2.0
0.0 3.2556176 0.02 78.0 2.0
0.0 6.511235 0.02 78.0 2.0
0.0 6.511235 0.03 0.0 3.0
-1.276609 9.506117 0.03 0.0 3.0
0.0 6.511235 0.04 77.0 3.0
0.0 9.766853 0.04 77.0 3.0
0.0 9.766853 0.05 1.0 4.0
1.276609 12.761735 0.05 1.0 4.0
1.276609 12.761735 0.06 0.0 5.0
3.6253448 15.016172 0.06 0.0 5.0
1.276609 12.761735 0.07 0.0 5.0
2.553218 15.756617 0.07 0.0 5.0
2.553218 15.756617 0.08 0.0 6.0
2.553218 19.012234 0.08 0.0 6.0
2.553218 15.756617 0.09 0.0 6.0
3.8298268 18.7515 0.09 0.0 6.0
0.0 9.766853 0.010 76.0 4.0
0.0 13.02247 0.010 76.0 4.0
0.0 13.02247 0.011 0.0 5.0
1.276609 16.017353 0.011 0.0 5.0
0.0 13.02247 0.012 75.0 5.0
0.0 16.278088 0.012 75.0 5.0
0.0 16.278088 0.013 0.0 6.0
-1.276609 19.272968 0.013 0.0 6.0
0.0 16.278088 0.014 74.0 6.0
0.0 19.533705 0.014 74.0 6.0
0.0 19.533705 0.015 1.0 7.0
-1.276609 22.528587 0.015 1.0 7.0
-1.276609 22.528587 0.016 0.0 8.0
-1.276609 25.784204 0.016 0.0 8.0
-1.276609 22.528587 0.017 0.0 8.0
-2.553218 25.523468 0.017 0.0 8.0
-2.553218 25.523468 0.018 0.0 9.0
-4.9019537 27.777905 0.018 0.0 9.0
-2.553218 25.523468 0.019 0.0 9.0
-3.8298268 28.518349 0.019 0.0 9.0
0.0 19.533705 0.020 73.0 7.0
0.0 22.789322 0.020 73.0 7.0
0.0 22.789322 0.021 0.0 8.0
1.276609 25.784203 0.021 0.0 8.0
0.0 22.789322 0.022 72.0 8.0
0.0 26.044939 0.022 72.0 8.0
0.0 26.044939 0.023 0.0 9.0
-1.276609 29.039822 0.023 0.0 9.0
0.0 26.044939 0.024 71.0 9.0
0.0 29.300556 0.024 71.0 9.0
0.0 29.300556 0.025 7.0 10.0
1.276609 32.295437 0.025 7.0 10.0
1.276609 32.295437 0.026 0.0 11.0
3.6253448 34.549873 0.026 0.0 11.0
1.276609 32.295437 0.027 6.0 11.0
2.553218 35.290318 0.027 6.0 11.0
2.553218 35.290318 0.028 0.0 12.0
2.553218 38.545937 0.028 0.0 12.0
2.553218 35.290318 0.029 5.0 12.0
3.8298268 38.2852 0.029 5.0 12.0
3.8298268 38.2852 0.030 1.0 13.0
6.1785626 40.539635 0.030 1.0 13.0
6.1785626 40.539635 0.031 0.0 14.0
9.223214 41.69252 0.031 0.0 14.0
6.1785626 40.539635 0.032 0.0 14.0
8.527298 42.79407 0.032 0.0 14.0
8.527298 42.79407 0.033 0.0 15.0
9.803907 45.78895 0.033 0.0 15.0
8.527298 42.79407 0.034 0.0 15.0
10.876034 45.048508 0.034 0.0 15.0
3.8298268 38.2852 0.035 4.0 13.0
5.106436 41.28008 0.035 4.0 13.0
5.106436 41.28008 0.036 0.0 14.0
7.4551716 43.534515 0.036 0.0 14.0
5.106436 41.28008 0.037 3.0 14.0
6.3830447 44.27496 0.037 3.0 14.0
6.3830447 44.27496 0.038 0.0 15.0
6.3830447 47.53058 0.038 0.0 15.0
6.3830447 44.27496 0.039 2.0 15.0
7.6596537 47.26984 0.039 2.0 15.0
7.6596537 47.26984 0.040 1.0 16.0
7.6596537 50.52546 0.040 1.0 16.0
7.6596537 50.52546 0.041 0.0 17.0
8.936262 53.52034 0.041 0.0 17.0
7.6596537 50.52546 0.042 0.0 17.0
7.6596537 53.78108 0.042 0.0 17.0
7.6596537 53.78108 0.043 0.0 18.0
6.3830447 56.77596 0.043 0.0 18.0
7.6596537 53.78108 0.044 0.0 18.0
7.6596537 57.036697 0.044 0.0 18.0
7.6596537 47.26984 0.045 1.0 16.0
8.936262 50.26472 0.045 1.0 16.0
8.936262 50.26472 0.046 0.0 17.0
11.284998 52.519157 0.046 0.0 17.0
8.936262 50.26472 0.047 0.0 17.0
10.212872 53.2596 0.047 0.0 17.0
10.212872 53.2596 0.048 0.0 18.0
10.212872 56.51522 0.048 0.0 18.0
10.212872 53.2596 0.049 0.0 18.0
11.489481 56.254482 0.049 0.0 18.0
0.0 29.300556 0.050 70.0 10.0
0.0 32.556175 0.050 70.0 10.0
0.0 32.556175 0.051 0.0 11.0
1.276609 35.551056 0.051 0.0 11.0
0.0 32.556175 0.052 69.0 11.0
0.0 35.811794 0.052 69.0 11.0
0.0 35.811794 0.053 0.0 12.0
-1.276609 38.806675 0.053 0.0 12.0
0.0 35.811794 0.054 68.0 12.0
0.0 39.067413 0.054 68.0 12.0
0.0 39.067413 0.055 1.0 13.0
1.276609 42.062294 0.055 1.0 13.0
1.276609 42.062294 0.056 0.0 14.0
3.6253448 44.31673 0.056 0.0 14.0
1.276609 42.062294 0.057 0.0 14.0
2.553218 45.057175 0.057 0.0 14.0
2.553218 45.057175 0.058 0.0 15.0
2.553218 48.312794 0.058 0.0 15.0
2.553218 45.057175 0.059 0.0 15.0
3.8298268 48.052055 0.059 0.0 15.0
0.0 39.067413 0.060 67.0 13.0
0.0 42.323032 0.060 67.0 13.0
0.0 42.323032 0.061 0.0 14.0
1.276609 45.317913 0.061 0.0 14.0
0.0 42.323032 0.062 66.0 14.0
0.0 45.57865 0.062 66.0 14.0
0.0 45.57865 0.063 0.0 15.0
-1.276609 48.573532 0.063 0.0 15.0
0.0 45.57865 0.064 65.0 15.0
0.0 48.83427 0.064 65.0 15.0
0.0 48.83427 0.065 1.0 16.0
-1.276609 51.82915 0.065 1.0 16.0
-1.276609 51.82915 0.066 0.0 17.0
-1.276609 55.08477 0.066 0.0 17.0
-1.276609 51.82915 0.067 0.0 17.0
-2.553218 54.82403 0.067 0.0 17.0
-2.553218 54.82403 0.068 0.0 18.0
-4.9019537 57.07847 0.068 0.0 18.0
-2.553218 54.82403 0.069 0.0 18.0
-3.8298268 57.818913 0.069 0.0 18.0
0.0 48.83427 0.070 64.0 16.0
0.0 52.08989 0.070 64.0 16.0
0.0 52.08989 0.071 0.0 17.0
1.276609 55.08477 0.071 0.0 17.0
0.0 52.08989 0.072 63.0 17.0
0.0 55.34551 0.072 63.0 17.0
0.0 55.34551 0.073 0.0 18.0
-1.276609 58.34039 0.073 0.0 18.0
0.0 55.34551 0.074 62.0 18.0
0.0 58.601128 0.074 62.0 18.0
0.0 58.601128 0.075 7.0 19.0
1.276609 61.59601 0.075 7.0 19.0
1.276609 61.59601 0.076 0.0 20.0
3.6253448 63.850445 0.076 0.0 20.0
1.276609 61.59601 0.077 6.0 20.0
2.553218 64.59089 0.077 6.0 20.0
2.553218 64.59089 0.078 0.0 21.0
2.553218 67.846504 0.078 0.0 21.0
2.553218 64.59089 0.079 5.0 21.0
3.8298268 67.58577 0.079 5.0 21.0
3.8298268 67.58577 0.080 1.0 22.0
6.1785626 69.84021 0.080 1.0 22.0
6.1785626 69.84021 0.081 0.0 23.0
9.223214 70.993095 0.081 0.0 23.0
6.1785626 69.84021 0.082 0.0 23.0
8.527298 72.09465 0.082 0.0 23.0
8.527298 72.09465 0.083 0.0 24.0
9.803907 75.08953 0.083 0.0 24.0
8.527298 72.09465 0.084 0.0 24.0
10.876034 74.34909 0.084 0.0 24.0
3.8298268 67.58577 0.085 4.0 22.0
5.106436 70.58065 0.085 4.0 22.0
5.106436 70.58065 0.086 0.0 23.0
7.4551716 72.83509 0.086 0.0 23.0
5.106436 70.58065 0.087 3.0 23.0
6.3830447 73.57553 0.087 3.0 23.0
6.3830447 73.57553 0.088 0.0 24.0
6.3830447 76.83115 0.088 0.0 24.0
6.3830447 73.57553 0.089 2.0 24.0
7.6596537 76.57041 0.089 2.0 24.0
7.6596537 76.57041 0.090 1.0 25.0
7.6596537 79.82603 0.090 1.0 25.0
7.6596537 79.82603 0.091 0.0 26.0
8.936262 82.82091 0.091 0.0 26.0
7.6596537 79.82603 0.092 0.0 26.0
7.6596537 83.08164 0.092 0.0 26.0
7.6596537 83.08164 0.093 0.0 27.0
6.3830447 86.07652 0.093 0.0 27.0
7.6596537 83.08164 0.094 0.0 27.0
7.6596537 86.33726 0.094 0.0 27.0
7.6596537 76.57041 0.095 1.0 25.0
8.936262 79.56529 0.095 1.0 25.0
8.936262 79.56529 0.096 0.0 26.0
11.284998 81.81973 0.096 0.0 26.0
8.936262 79.56529 0.097 0.0 26.0
10.212872 82.56017 0.097 0.0 26.0
10.212872 82.56017 0.098 0.0 27.0
10.212872 85.81579 0.098 0.0 27.0
10.212872 82.56017 0.099 0.0 27.0
11.489481 85.55505 0.099 0.0 27.0
0.0 58.601128 0.0100 61.0 19.0
0.0 61.856747 0.0100 61.0 19.0
0.0 61.856747 0.0101 0.0 20.0
1.276609 64.85163 0.0101 0.0 20.0
0.0 61.856747 0.0102 60.0 20.0
0.0 65.112366 0.0102 60.0 20.0
0.0 65.112366 0.0103 0.0 21.0
-1.276609 68.10725 0.0103 0.0 21.0
0.0 65.112366 0.0104 59.0 21.0
0.0 68.36798 0.0104 59.0 21.0
0.0 68.36798 0.0105 1.0 22.0
1.276609 71.36286 0.0105 1.0 22.0
1.276609 71.36286 0.0106 0.0 23.0
3.6253448 73.6173 0.0106 0.0 23.0
1.276609 71.36286 0.0107 0.0 23.0
2.553218 74.35774 0.0107 0.0 23.0
2.553218 74.35774 0.0108 0.0 24.0
2.553218 77.61336 0.0108 0.0 24.0
2.553218 74.35774 0.0109 0.0 24.0
3.8298268 77.35262 0.0109 0.0 24.0
0.0 68.36798 0.0110 58.0 22.0
0.0 71.6236 0.0110 58.0 22.0
0.0 71.6236 0.0111 0.0 23.0
1.276609 74.61848 0.0111 0.0 23.0
0.0 71.6236 0.0112 57.0 23.0
0.0 74.87921 0.0112 57.0 23.0
0.0 74.87921 0.0113 0.0 24.0
-1.276609 77.87409 0.0113 0.0 24.0
0.0 74.87921 0.0114 56.0 24.0
0.0 78.13483 0.0114 56.0 24.0
0.0 78.13483 0.0115 1.0 25.0
-1.276609 81.12971 0.0115 1.0 25.0
-1.276609 81.12971 0.0116 0.0 26.0
-1.276609 84.38532 0.0116 0.0 26.0
-1.276609 81.12971 0.0117 0.0 26.0
-2.553218 84.12459 0.0117 0.0 26.0
-2.553218 84.12459 0.0118 0.0 27.0
-4.9019537 86.37903 0.0118 0.0 27.0
-2.553218 84.12459 0.0119 0.0 27.0
-3.8298268 87.11947 0.0119 0.0 27.0
0.0 78.13483 0.0120 55.0 25.0
0.0 81.39044 0.0120 55.0 25.0
0.0 81.39044 0.0121 0.0 26.0
1.276609 84.38532 0.0121 0.0 26.0
0.0 81.39044 0.0122 54.0 26.0
0.0 84.64606 0.0122 54.0 26.0
0.0 84.64606 0.0123 0.0 27.0
-1.276609 87.64094 0.0123 0.0 27.0
0.0 84.64606 0.0124 53.0 27.0
0.0 87.90167 0.0124 53.0 27.0
0.0 87.90167 0.0125 25.0 28.0
-1.276609 90.89655 0.0125 25.0 28.0
-1.276609 90.89655 0.0126 0.0 29.0
-1.276609 94.15217 0.0126 0.0 29.0
-1.276609 90.89655 0.0127 24.0 29.0
-2.553218 93.89143 0.0127 24.0 29.0
-2.553218 93.89143 0.0128 0.0 30.0
-4.9019537 96.145874 0.0128 0.0 30.0
-2.553218 93.89143 0.0129 23.0 30.0
-3.8298268 96.886314 0.0129 23.0 30.0
-3.8298268 96.886314 0.0130 1.0 31.0
-3.8298268 100.14193 0.0130 1.0 31.0
-3.8298268 100.14193 0.0131 0.0 32.0
-2.553218 103.13681 0.0131 0.0 32.0
-3.8298268 100.14193 0.0132 0.0 32.0
-3.8298268 103.397545 0.0132 0.0 32.0
-3.8298268 103.397545 0.0133 0.0 33.0
-5.106436 106.392426 0.0133 0.0 33.0
-3.8298268 103.397545 0.0134 0.0 33.0
-3.8298268 106.65316 0.0134 0.0 33.0
-3.8298268 96.886314 0.0135 22.0 31.0
-5.106436 99.881195 0.0135 22.0 31.0
-5.106436 99.881195 0.0136 0.0 32.0
-5.106436 103.13681 0.0136 0.0 32.0
-5.106436 99.881195 0.0137 21.0 32.0
-6.3830447 102.876076 0.0137 21.0 32.0
-6.3830447 102.876076 0.0138 0.0 33.0
-8.731781 105.130516 0.0138 0.0 33.0
-6.3830447 102.876076 0.0139 20.0 33.0
-7.6596537 105.87096 0.0139 20.0 33.0
-7.6596537 105.87096 0.0140 1.0 34.0
-10.008389 108.1254 0.0140 1.0 34.0
-10.008389 108.1254 0.0141 0.0 35.0
-11.284998 111.12028 0.0141 0.0 35.0
-10.008389 108.1254 0.0142 0.0 35.0
-12.357125 110.37984 0.0142 0.0 35.0
-12.357125 110.37984 0.0143 0.0 36.0
-15.401776 111.53272 0.0143 0.0 36.0
-12.357125 110.37984 0.0144 0.0 36.0
-14.705861 112.63428 0.0144 0.0 36.0
-7.6596537 105.87096 0.0145 19.0 34.0
-8.936262 108.86584 0.0145 19.0 34.0
-8.936262 108.86584 0.0146 0.0 35.0
-8.936262 112.12145 0.0146 0.0 35.0
-8.936262 108.86584 0.0147 18.0 35.0
-10.212872 111.86072 0.0147 18.0 35.0
-10.212872 111.86072 0.0148 0.0 36.0
-12.561607 114.11516 0.0148 0.0 36.0
-10.212872 111.86072 0.0149 17.0 36.0
-11.489481 114.8556 0.0149 17.0 36.0
-11.489481 114.8556 0.0150 7.0 37.0
-11.489481 118.11121 0.0150 7.0 37.0
-11.489481 118.11121 0.0151 0.0 38.0
-10.212872 121.106094 0.0151 0.0 38.0
-11.489481 118.11121 0.0152 6.0 38.0
-11.489481 121.36683 0.0152 6.0 38.0
-11.489481 121.36683 0.0153 0.0 39.0
-12.76609 124.36171 0.0153 0.0 39.0
-11.489481 121.36683 0.0154 5.0 39.0
-11.489481 124.622444 0.0154 5.0 39.0
-11.489481 124.622444 0.0155 1.0 40.0
-10.212872 127.617325 0.0155 1.0 40.0
-10.212872 127.617325 0.0156 0.0 41.0
-7.8641357 129.87177 0.0156 0.0 41.0
-10.212872 127.617325 0.0157 0.0 41.0
-8.936262 130.61221 0.0157 0.0 41.0
-8.936262 130.61221 0.0158 0.0 42.0
-8.936262 133.86783 0.0158 0.0 42.0
-8.936262 130.61221 0.0159 0.0 42.0
-7.659653 133.6071 0.0159 0.0 42.0
-11.489481 124.622444 0.0160 4.0 40.0
-11.489481 127.87806 0.0160 4.0 40.0
-11.489481 127.87806 0.0161 0.0 41.0
-10.212872 130.87294 0.0161 0.0 41.0
-11.489481 127.87806 0.0162 3.0 41.0
-11.489481 131.13368 0.0162 3.0 41.0
-11.489481 131.13368 0.0163 0.0 42.0
-12.76609 134.12857 0.0163 0.0 42.0
-11.489481 131.13368 0.0164 2.0 42.0
-11.489481 134.3893 0.0164 2.0 42.0
-11.489481 134.3893 0.0165 1.0 43.0
-12.76609 137.38419 0.0165 1.0 43.0
-12.76609 137.38419 0.0166 0.0 44.0
-12.76609 140.6398 0.0166 0.0 44.0
-12.76609 137.38419 0.0167 0.0 44.0
-14.0427 140.37907 0.0167 0.0 44.0
-14.0427 140.37907 0.0168 0.0 45.0
-16.391436 142.63351 0.0168 0.0 45.0
-14.0427 140.37907 0.0169 0.0 45.0
-15.319309 143.37396 0.0169 0.0 45.0
-11.489481 134.3893 0.0170 1.0 43.0
-11.489481 137.64491 0.0170 1.0 43.0
-11.489481 137.64491 0.0171 0.0 44.0
-10.212872 140.6398 0.0171 0.0 44.0
-11.489481 137.64491 0.0172 0.0 44.0
-11.489481 140.90053 0.0172 0.0 44.0
-11.489481 140.90053 0.0173 0.0 45.0
-12.76609 143.89542 0.0173 0.0 45.0
-11.489481 140.90053 0.0174 0.0 45.0
-11.489481 144.15614 0.0174 0.0 45.0
-11.489481 114.8556 0.0175 16.0 37.0
-12.76609 117.85048 0.0175 16.0 37.0
-12.76609 117.85048 0.0176 0.0 38.0
-12.76609 121.106094 0.0176 0.0 38.0
-12.76609 117.85048 0.0177 15.0 38.0
-14.0427 120.84536 0.0177 15.0 38.0
-14.0427 120.84536 0.0178 0.0 39.0
-16.391436 123.0998 0.0178 0.0 39.0
-14.0427 120.84536 0.0179 14.0 39.0
-15.319309 123.84024 0.0179 14.0 39.0
-15.319309 123.84024 0.0180 1.0 40.0
-15.319309 127.095856 0.0180 1.0 40.0
-15.319309 127.095856 0.0181 0.0 41.0
-14.0427 130.09074 0.0181 0.0 41.0
-15.319309 127.095856 0.0182 0.0 41.0
-15.319309 130.35147 0.0182 0.0 41.0
-15.319309 130.35147 0.0183 0.0 42.0
-16.595919 133.34636 0.0183 0.0 42.0
-15.319309 130.35147 0.0184 0.0 42.0
-15.319309 133.60709 0.0184 0.0 42.0
-15.319309 123.84024 0.0185 13.0 40.0
-16.595919 126.83512 0.0185 13.0 40.0
-16.595919 126.83512 0.0186 0.0 41.0
-16.595919 130.09074 0.0186 0.0 41.0
-16.595919 126.83512 0.0187 12.0 41.0
-17.872528 129.83 0.0187 12.0 41.0
-17.872528 129.83 0.0188 0.0 42.0
-20.221264 132.08444 0.0188 0.0 42.0
-17.872528 129.83 0.0189 11.0 42.0
-19.149137 132.82489 0.0189 11.0 42.0
-19.149137 132.82489 0.0190 1.0 43.0
-21.497873 135.07933 0.0190 1.0 43.0
-21.497873 135.07933 0.0191 0.0 44.0
-22.774483 138.07422 0.0191 0.0 44.0
-21.497873 135.07933 0.0192 0.0 44.0
-23.84661 137.33377 0.0192 0.0 44.0
-23.84661 137.33377 0.0193 0.0 45.0
-26.89126 138.48666 0.0193 0.0 45.0
-23.84661 137.33377 0.0194 0.0 45.0
-26.195345 139.58821 0.0194 0.0 45.0
-19.149137 132.82489 0.0195 10.0 43.0
-20.425747 135.81978 0.0195 10.0 43.0
-20.425747 135.81978 0.0196 0.0 44.0
-20.425747 139.0754 0.0196 0.0 44.0
-20.425747 135.81978 0.0197 9.0 44.0
-21.702356 138.81467 0.0197 9.0 44.0
-21.702356 138.81467 0.0198 0.0 45.0
-24.051092 141.0691 0.0198 0.0 45.0
-21.702356 138.81467 0.0199 8.0 45.0
-22.978966 141.80956 0.0199 8.0 45.0
-22.978966 141.80956 0.0200 7.0 46.0
-22.978966 145.06517 0.0200 7.0 46.0
-22.978966 145.06517 0.0201 0.0 47.0
-21.702356 148.06006 0.0201 0.0 47.0
-22.978966 145.06517 0.0202 6.0 47.0
-22.978966 148.32079 0.0202 6.0 47.0
-22.978966 148.32079 0.0203 0.0 48.0
-24.255575 151.31567 0.0203 0.0 48.0
-22.978966 148.32079 0.0204 5.0 48.0
-22.978966 151.5764 0.0204 5.0 48.0
-22.978966 151.5764 0.0205 1.0 49.0
-21.702356 154.57129 0.0205 1.0 49.0
-21.702356 154.57129 0.0206 0.0 50.0
-19.35362 156.82573 0.0206 0.0 50.0
-21.702356 154.57129 0.0207 0.0 50.0
-20.425747 157.56618 0.0207 0.0 50.0
-20.425747 157.56618 0.0208 0.0 51.0
-20.425747 160.8218 0.0208 0.0 51.0
-20.425747 157.56618 0.0209 0.0 51.0
-19.149137 160.56107 0.0209 0.0 51.0
-22.978966 151.5764 0.0210 4.0 49.0
-22.978966 154.83202 0.0210 4.0 49.0
-22.978966 154.83202 0.0211 0.0 50.0
-21.702356 157.8269 0.0211 0.0 50.0
-22.978966 154.83202 0.0212 3.0 50.0
-22.978966 158.08763 0.0212 3.0 50.0
-22.978966 158.08763 0.0213 0.0 51.0
-24.255575 161.08252 0.0213 0.0 51.0
-22.978966 158.08763 0.0214 2.0 51.0
-22.978966 161.34325 0.0214 2.0 51.0
-22.978966 161.34325 0.0215 1.0 52.0
-24.255575 164.33813 0.0215 1.0 52.0
-24.255575 164.33813 0.0216 0.0 53.0
-24.255575 167.59375 0.0216 0.0 53.0
-24.255575 164.33813 0.0217 0.0 53.0
-25.532185 167.33302 0.0217 0.0 53.0
-25.532185 167.33302 0.0218 0.0 54.0
-27.88092 169.58746 0.0218 0.0 54.0
-25.532185 167.33302 0.0219 0.0 54.0
-26.808794 170.32791 0.0219 0.0 54.0
-22.978966 161.34325 0.0220 1.0 52.0
-22.978966 164.59886 0.0220 1.0 52.0
-22.978966 164.59886 0.0221 0.0 53.0
-21.702356 167.59375 0.0221 0.0 53.0
-22.978966 164.59886 0.0222 0.0 53.0
-22.978966 167.85448 0.0222 0.0 53.0
-22.978966 167.85448 0.0223 0.0 54.0
-24.255575 170.84937 0.0223 0.0 54.0
-22.978966 167.85448 0.0224 0.0 54.0
-22.978966 171.11009 0.0224 0.0 54.0
-22.978966 141.80956 0.0225 7.0 46.0
-24.255575 144.80444 0.0225 7.0 46.0
-24.255575 144.80444 0.0226 0.0 47.0
-24.255575 148.06006 0.0226 0.0 47.0
-24.255575 144.80444 0.0227 6.0 47.0
-25.532185 147.79933 0.0227 6.0 47.0
-25.532185 147.79933 0.0228 0.0 48.0
-27.88092 150.05377 0.0228 0.0 48.0
-25.532185 147.79933 0.0229 5.0 48.0
-26.808794 150.79422 0.0229 5.0 48.0
-26.808794 150.79422 0.0230 1.0 49.0
-26.808794 154.04984 0.0230 1.0 49.0
-26.808794 154.04984 0.0231 0.0 50.0
-25.532185 157.04472 0.0231 0.0 50.0
-26.808794 154.04984 0.0232 0.0 50.0
-26.808794 157.30545 0.0232 0.0 50.0
-26.808794 157.30545 0.0233 0.0 51.0
-28.085403 160.30034 0.0233 0.0 51.0
-26.808794 157.30545 0.0234 0.0 51.0
-26.808794 160.56107 0.0234 0.0 51.0
-26.808794 150.79422 0.0235 4.0 49.0
-28.085403 153.78911 0.0235 4.0 49.0
-28.085403 153.78911 0.0236 0.0 50.0
-28.085403 157.04472 0.0236 0.0 50.0
-28.085403 153.78911 0.0237 3.0 50.0
-29.362013 156.784 0.0237 3.0 50.0
-29.362013 156.784 0.0238 0.0 51.0
-31.710749 159.03844 0.0238 0.0 51.0
-29.362013 156.784 0.0239 2.0 51.0
-30.638622 159.77888 0.0239 2.0 51.0
-30.638622 159.77888 0.0240 1.0 52.0
-32.98736 162.03333 0.0240 1.0 52.0
-32.98736 162.03333 0.0241 0.0 53.0
-34.263966 165.02821 0.0241 0.0 53.0
-32.98736 162.03333 0.0242 0.0 53.0
-35.336094 164.28777 0.0242 0.0 53.0
-35.336094 164.28777 0.0243 0.0 54.0
-38.380745 165.44066 0.0243 0.0 54.0
-35.336094 164.28777 0.0244 0.0 54.0
-37.68483 166.5422 0.0244 0.0 54.0
-30.638622 159.77888 0.0245 1.0 52.0
-31.915232 162.77377 0.0245 1.0 52.0
-31.915232 162.77377 0.0246 0.0 53.0
-31.915232 166.02939 0.0246 0.0 53.0
-31.915232 162.77377 0.0247 0.0 53.0
-33.19184 165.76866 0.0247 0.0 53.0
-33.19184 165.76866 0.0248 0.0 54.0
-35.540577 168.0231 0.0248 0.0 54.0
-33.19184 165.76866 0.0249 0.0 54.0
-34.46845 168.76355 0.0249 0.0 54.0
0.0 87.90167 0.0250 52.0 28.0
0.0 91.15729 0.0250 52.0 28.0
0.0 91.15729 0.0251 0.0 29.0
1.276609 94.15217 0.0251 0.0 29.0
0.0 91.15729 0.0252 51.0 29.0
0.0 94.4129 0.0252 51.0 29.0
0.0 94.4129 0.0253 0.0 30.0
-1.276609 97.40778 0.0253 0.0 30.0
0.0 94.4129 0.0254 50.0 30.0
0.0 97.66852 0.0254 50.0 30.0
0.0 97.66852 0.0255 1.0 31.0
1.276609 100.6634 0.0255 1.0 31.0
1.276609 100.6634 0.0256 0.0 32.0
3.6253448 102.91784 0.0256 0.0 32.0
1.276609 100.6634 0.0257 0.0 32.0
2.553218 103.65828 0.0257 0.0 32.0
2.553218 103.65828 0.0258 0.0 33.0
2.553218 106.913895 0.0258 0.0 33.0
2.553218 103.65828 0.0259 0.0 33.0
3.8298268 106.65316 0.0259 0.0 33.0
0.0 97.66852 0.0260 49.0 31.0
0.0 100.92413 0.0260 49.0 31.0
0.0 100.92413 0.0261 0.0 32.0
1.276609 103.919014 0.0261 0.0 32.0
0.0 100.92413 0.0262 48.0 32.0
0.0 104.17975 0.0262 48.0 32.0
0.0 104.17975 0.0263 0.0 33.0
-1.276609 107.17463 0.0263 0.0 33.0
0.0 104.17975 0.0264 47.0 33.0
0.0 107.43536 0.0264 47.0 33.0
0.0 107.43536 0.0265 1.0 34.0
-1.276609 110.430244 0.0265 1.0 34.0
-1.276609 110.430244 0.0266 0.0 35.0
-1.276609 113.68586 0.0266 0.0 35.0
-1.276609 110.430244 0.0267 0.0 35.0
-2.553218 113.425125 0.0267 0.0 35.0
-2.553218 113.425125 0.0268 0.0 36.0
-4.9019537 115.679565 0.0268 0.0 36.0
-2.553218 113.425125 0.0269 0.0 36.0
-3.8298268 116.420006 0.0269 0.0 36.0
0.0 107.43536 0.0270 46.0 34.0
0.0 110.69098 0.0270 46.0 34.0
0.0 110.69098 0.0271 0.0 35.0
1.276609 113.68586 0.0271 0.0 35.0
0.0 110.69098 0.0272 45.0 35.0
0.0 113.946594 0.0272 45.0 35.0
0.0 113.946594 0.0273 0.0 36.0
-1.276609 116.941475 0.0273 0.0 36.0
0.0 113.946594 0.0274 44.0 36.0
0.0 117.20221 0.0274 44.0 36.0
0.0 117.20221 0.0275 7.0 37.0
1.276609 120.19709 0.0275 7.0 37.0
1.276609 120.19709 0.0276 0.0 38.0
3.6253448 122.45153 0.0276 0.0 38.0
1.276609 120.19709 0.0277 6.0 38.0
2.553218 123.19197 0.0277 6.0 38.0
2.553218 123.19197 0.0278 0.0 39.0
2.553218 126.447586 0.0278 0.0 39.0
2.553218 123.19197 0.0279 5.0 39.0
3.8298268 126.18685 0.0279 5.0 39.0
3.8298268 126.18685 0.0280 1.0 40.0
6.1785626 128.44128 0.0280 1.0 40.0
6.1785626 128.44128 0.0281 0.0 41.0
9.223214 129.59418 0.0281 0.0 41.0
6.1785626 128.44128 0.0282 0.0 41.0
8.527298 130.69572 0.0282 0.0 41.0
8.527298 130.69572 0.0283 0.0 42.0
9.803907 133.69061 0.0283 0.0 42.0
8.527298 130.69572 0.0284 0.0 42.0
10.876034 132.95016 0.0284 0.0 42.0
3.8298268 126.18685 0.0285 4.0 40.0
5.106436 129.18173 0.0285 4.0 40.0
5.106436 129.18173 0.0286 0.0 41.0
7.4551716 131.43617 0.0286 0.0 41.0
5.106436 129.18173 0.0287 3.0 41.0
6.3830447 132.17662 0.0287 3.0 41.0
6.3830447 132.17662 0.0288 0.0 42.0
6.3830447 135.43224 0.0288 0.0 42.0
6.3830447 132.17662 0.0289 2.0 42.0
7.6596537 135.17151 0.0289 2.0 42.0
7.6596537 135.17151 0.0290 1.0 43.0
7.6596537 138.42712 0.0290 1.0 43.0
7.6596537 138.42712 0.0291 0.0 44.0
8.936262 141.42201 0.0291 0.0 44.0
7.6596537 138.42712 0.0292 0.0 44.0
7.6596537 141.68274 0.0292 0.0 44.0
7.6596537 141.68274 0.0293 0.0 45.0
6.3830447 144.67763 0.0293 0.0 45.0
7.6596537 141.68274 0.0294 0.0 45.0
7.6596537 144.93835 0.0294 0.0 45.0
7.6596537 135.17151 0.0295 1.0 43.0
8.936262 138.1664 0.0295 1.0 43.0
8.936262 138.1664 0.0296 0.0 44.0
11.284998 140.42084 0.0296 0.0 44.0
8.936262 138.1664 0.0297 0.0 44.0
10.212872 141.16129 0.0297 0.0 44.0
10.212872 141.16129 0.0298 0.0 45.0
10.212872 144.4169 0.0298 0.0 45.0
10.212872 141.16129 0.0299 0.0 45.0
11.489481 144.15617 0.0299 0.0 45.0
0.0 117.20221 0.0300 43.0 37.0
0.0 120.457825 0.0300 43.0 37.0
0.0 120.457825 0.0301 0.0 38.0
1.276609 123.452705 0.0301 0.0 38.0
0.0 120.457825 0.0302 42.0 38.0
0.0 123.71344 0.0302 42.0 38.0
0.0 123.71344 0.0303 0.0 39.0
-1.276609 126.70832 0.0303 0.0 39.0
0.0 123.71344 0.0304 41.0 39.0
0.0 126.969055 0.0304 41.0 39.0
0.0 126.969055 0.0305 1.0 40.0
1.276609 129.96394 0.0305 1.0 40.0
1.276609 129.96394 0.0306 0.0 41.0
3.6253448 132.21838 0.0306 0.0 41.0
1.276609 129.96394 0.0307 0.0 41.0
2.553218 132.95883 0.0307 0.0 41.0
2.553218 132.95883 0.0308 0.0 42.0
2.553218 136.21445 0.0308 0.0 42.0
2.553218 132.95883 0.0309 0.0 42.0
3.8298268 135.95372 0.0309 0.0 42.0
0.0 126.969055 0.0310 40.0 40.0
0.0 130.22467 0.0310 40.0 40.0
0.0 130.22467 0.0311 0.0 41.0
1.276609 133.21956 0.0311 0.0 41.0
0.0 130.22467 0.0312 39.0 41.0
0.0 133.48029 0.0312 39.0 41.0
0.0 133.48029 0.0313 0.0 42.0
-1.276609 136.47517 0.0313 0.0 42.0
0.0 133.48029 0.0314 38.0 42.0
0.0 136.7359 0.0314 38.0 42.0
0.0 136.7359 0.0315 1.0 43.0
-1.276609 139.73079 0.0315 1.0 43.0
-1.276609 139.73079 0.0316 0.0 44.0
-1.276609 142.9864 0.0316 0.0 44.0
-1.276609 139.73079 0.0317 0.0 44.0
-2.553218 142.72568 0.0317 0.0 44.0
-2.553218 142.72568 0.0318 0.0 45.0
-4.9019537 144.98012 0.0318 0.0 45.0
-2.553218 142.72568 0.0319 0.0 45.0
-3.8298268 145.72057 0.0319 0.0 45.0
0.0 136.7359 0.0320 37.0 43.0
0.0 139.99152 0.0320 37.0 43.0
0.0 139.99152 0.0321 0.0 44.0
1.276609 142.9864 0.0321 0.0 44.0
0.0 139.99152 0.0322 36.0 44.0
0.0 143.24713 0.0322 36.0 44.0
0.0 143.24713 0.0323 0.0 45.0
-1.276609 146.24202 0.0323 0.0 45.0
0.0 143.24713 0.0324 35.0 45.0
0.0 146.50275 0.0324 35.0 45.0
0.0 146.50275 0.0325 7.0 46.0
1.276609 149.49763 0.0325 7.0 46.0
1.276609 149.49763 0.0326 0.0 47.0
3.6253448 151.75208 0.0326 0.0 47.0
1.276609 149.49763 0.0327 6.0 47.0
2.553218 152.49252 0.0327 6.0 47.0
2.553218 152.49252 0.0328 0.0 48.0
2.553218 155.74814 0.0328 0.0 48.0
2.553218 152.49252 0.0329 5.0 48.0
3.8298268 155.48741 0.0329 5.0 48.0
3.8298268 155.48741 0.0330 1.0 49.0
6.1785626 157.74185 0.0330 1.0 49.0
6.1785626 157.74185 0.0331 0.0 50.0
9.223214 158.89474 0.0331 0.0 50.0
6.1785626 157.74185 0.0332 0.0 50.0
8.527298 159.99629 0.0332 0.0 50.0
8.527298 159.99629 0.0333 0.0 51.0
9.803907 162.99118 0.0333 0.0 51.0
8.527298 159.99629 0.0334 0.0 51.0
10.876034 162.25073 0.0334 0.0 51.0
3.8298268 155.48741 0.0335 4.0 49.0
5.106436 158.4823 0.0335 4.0 49.0
5.106436 158.4823 0.0336 0.0 50.0
7.4551716 160.73674 0.0336 0.0 50.0
5.106436 158.4823 0.0337 3.0 50.0
6.3830447 161.47719 0.0337 3.0 50.0
6.3830447 161.47719 0.0338 0.0 51.0
6.3830447 164.7328 0.0338 0.0 51.0
6.3830447 161.47719 0.0339 2.0 51.0
7.6596537 164.47208 0.0339 2.0 51.0
7.6596537 164.47208 0.0340 1.0 52.0
7.6596537 167.72769 0.0340 1.0 52.0
7.6596537 167.72769 0.0341 0.0 53.0
8.936262 170.72258 0.0341 0.0 53.0
7.6596537 167.72769 0.0342 0.0 53.0
7.6596537 170.9833 0.0342 0.0 53.0
7.6596537 170.9833 0.0343 0.0 54.0
6.3830447 173.9782 0.0343 0.0 54.0
7.6596537 170.9833 0.0344 0.0 54.0
7.6596537 174.23892 0.0344 0.0 54.0
7.6596537 164.47208 0.0345 1.0 52.0
8.936262 167.46696 0.0345 1.0 52.0
8.936262 167.46696 0.0346 0.0 53.0
11.284998 169.7214 0.0346 0.0 53.0
8.936262 167.46696 0.0347 0.0 53.0
10.212872 170.46185 0.0347 0.0 53.0
10.212872 170.46185 0.0348 0.0 54.0
10.212872 173.71747 0.0348 0.0 54.0
10.212872 170.46185 0.0349 0.0 54.0
11.489481 173.45674 0.0349 0.0 54.0
0.0 146.50275 0.0350 34.0 46.0
0.0 149.75836 0.0350 34.0 46.0
0.0 149.75836 0.0351 0.0 47.0
1.276609 152.75325 0.0351 0.0 47.0
0.0 149.75836 0.0352 33.0 47.0
0.0 153.01398 0.0352 33.0 47.0
0.0 153.01398 0.0353 0.0 48.0
-1.276609 156.00887 0.0353 0.0 48.0
0.0 153.01398 0.0354 32.0 48.0
0.0 156.26959 0.0354 32.0 48.0
0.0 156.26959 0.0355 1.0 49.0
1.276609 159.26448 0.0355 1.0 49.0
1.276609 159.26448 0.0356 0.0 50.0
3.6253448 161.51892 0.0356 0.0 50.0
1.276609 159.26448 0.0357 0.0 50.0
2.553218 162.25937 0.0357 0.0 50.0
2.553218 162.25937 0.0358 0.0 51.0
2.553218 165.51498 0.0358 0.0 51.0
2.553218 162.25937 0.0359 0.0 51.0
3.8298268 165.25426 0.0359 0.0 51.0
0.0 156.26959 0.0360 31.0 49.0
0.0 159.5252 0.0360 31.0 49.0
0.0 159.5252 0.0361 0.0 50.0
1.276609 162.5201 0.0361 0.0 50.0
0.0 159.5252 0.0362 30.0 50.0
0.0 162.78082 0.0362 30.0 50.0
0.0 162.78082 0.0363 0.0 51.0
-1.276609 165.77571 0.0363 0.0 51.0
0.0 162.78082 0.0364 29.0 51.0
0.0 166.03644 0.0364 29.0 51.0
0.0 166.03644 0.0365 1.0 52.0
-1.276609 169.03133 0.0365 1.0 52.0
-1.276609 169.03133 0.0366 0.0 53.0
-1.276609 172.28694 0.0366 0.0 53.0
-1.276609 169.03133 0.0367 0.0 53.0
-2.553218 172.02621 0.0367 0.0 53.0
-2.553218 172.02621 0.0368 0.0 54.0
-4.9019537 174.28065 0.0368 0.0 54.0
-2.553218 172.02621 0.0369 0.0 54.0
-3.8298268 175.0211 0.0369 0.0 54.0
0.0 166.03644 0.0370 28.0 52.0
0.0 169.29205 0.0370 28.0 52.0
0.0 169.29205 0.0371 0.0 53.0
1.276609 172.28694 0.0371 0.0 53.0
0.0 169.29205 0.0372 27.0 53.0
0.0 172.54767 0.0372 27.0 53.0
0.0 172.54767 0.0373 0.0 54.0
-1.276609 175.54256 0.0373 0.0 54.0
0.0 172.54767 0.0374 26.0 54.0
0.0 175.80328 0.0374 26.0 54.0
0.0 175.80328 0.0375 25.0 55.0
1.276609 178.79817 0.0375 25.0 55.0
1.276609 178.79817 0.0376 0.0 56.0
3.6253448 181.05261 0.0376 0.0 56.0
1.276609 178.79817 0.0377 24.0 56.0
2.553218 181.79306 0.0377 24.0 56.0
2.553218 181.79306 0.0378 0.0 57.0
2.553218 185.04868 0.0378 0.0 57.0
2.553218 181.79306 0.0379 23.0 57.0
3.8298268 184.78795 0.0379 23.0 57.0
3.8298268 184.78795 0.0380 1.0 58.0
6.1785626 187.04239 0.0380 1.0 58.0
6.1785626 187.04239 0.0381 0.0 59.0
9.223214 188.19528 0.0381 0.0 59.0
6.1785626 187.04239 0.0382 0.0 59.0
8.527298 189.29683 0.0382 0.0 59.0
8.527298 189.29683 0.0383 0.0 60.0
9.803907 192.29172 0.0383 0.0 60.0
8.527298 189.29683 0.0384 0.0 60.0
10.876034 191.55127 0.0384 0.0 60.0
3.8298268 184.78795 0.0385 22.0 58.0
5.106436 187.78284 0.0385 22.0 58.0
5.106436 187.78284 0.0386 0.0 59.0
7.4551716 190.03728 0.0386 0.0 59.0
5.106436 187.78284 0.0387 21.0 59.0
6.3830447 190.77773 0.0387 21.0 59.0
6.3830447 190.77773 0.0388 0.0 60.0
6.3830447 194.03334 0.0388 0.0 60.0
6.3830447 190.77773 0.0389 20.0 60.0
7.6596537 193.77261 0.0389 20.0 60.0
7.6596537 193.77261 0.0390 1.0 61.0
7.6596537 197.02823 0.0390 1.0 61.0
7.6596537 197.02823 0.0391 0.0 62.0
8.936262 200.02312 0.0391 0.0 62.0
7.6596537 197.02823 0.0392 0.0 62.0
7.6596537 200.28384 0.0392 0.0 62.0
7.6596537 200.28384 0.0393 0.0 63.0
6.3830447 203.27873 0.0393 0.0 63.0
7.6596537 200.28384 0.0394 0.0 63.0
7.6596537 203.53946 0.0394 0.0 63.0
7.6596537 193.77261 0.0395 19.0 61.0
8.936262 196.7675 0.0395 19.0 61.0
8.936262 196.7675 0.0396 0.0 62.0
11.284998 199.02194 0.0396 0.0 62.0
8.936262 196.7675 0.0397 18.0 62.0
10.212872 199.76239 0.0397 18.0 62.0
10.212872 199.76239 0.0398 0.0 63.0
10.212872 203.018 0.0398 0.0 63.0
10.212872 199.76239 0.0399 17.0 63.0
11.489481 202.75728 0.0399 17.0 63.0
11.489481 202.75728 0.0400 7.0 64.0
13.838217 205.01172 0.0400 7.0 64.0
13.838217 205.01172 0.0401 0.0 65.0
16.882868 206.16461 0.0401 0.0 65.0
13.838217 205.01172 0.0402 6.0 65.0
16.186953 207.26616 0.0402 6.0 65.0
16.186953 207.26616 0.0403 0.0 66.0
17.463562 210.26105 0.0403 0.0 66.0
16.186953 207.26616 0.0404 5.0 66.0
18.535688 209.5206 0.0404 5.0 66.0
18.535688 209.5206 0.0405 1.0 67.0
21.58034 210.6735 0.0405 1.0 67.0
21.58034 210.6735 0.0406 0.0 68.0
24.833225 210.54016 0.0406 0.0 68.0
21.58034 210.6735 0.0407 0.0 68.0
24.62499 211.82639 0.0407 0.0 68.0
24.62499 211.82639 0.0408 0.0 69.0
26.973726 214.08083 0.0408 0.0 69.0
24.62499 211.82639 0.0409 0.0 69.0
27.669641 212.97928 0.0409 0.0 69.0
18.535688 209.5206 0.0410 4.0 67.0
20.884424 211.77504 0.0410 4.0 67.0
20.884424 211.77504 0.0411 0.0 68.0
23.929075 212.92793 0.0411 0.0 68.0
20.884424 211.77504 0.0412 3.0 68.0
23.23316 214.02948 0.0412 3.0 68.0
23.23316 214.02948 0.0413 0.0 69.0
24.50977 217.02437 0.0413 0.0 69.0
23.23316 214.02948 0.0414 2.0 69.0
25.581896 216.28392 0.0414 2.0 69.0
25.581896 216.28392 0.0415 1.0 70.0
26.858505 219.27881 0.0415 1.0 70.0
26.858505 219.27881 0.0416 0.0 71.0
29.207241 221.53325 0.0416 0.0 71.0
26.858505 219.27881 0.0417 0.0 71.0
28.135115 222.2737 0.0417 0.0 71.0
28.135115 222.2737 0.0418 0.0 72.0
28.135115 225.52931 0.0418 0.0 72.0
28.135115 222.2737 0.0419 0.0 72.0
29.411724 225.26859 0.0419 0.0 72.0
25.581896 216.28392 0.0420 1.0 70.0
27.930632 218.53836 0.0420 1.0 70.0
27.930632 218.53836 0.0421 0.0 71.0
30.975283 219.69125 0.0421 0.0 71.0
27.930632 218.53836 0.0422 0.0 71.0
30.279367 220.7928 0.0422 0.0 71.0
30.279367 220.7928 0.0423 0.0 72.0
31.555977 223.78769 0.0423 0.0 72.0
30.279367 220.7928 0.0424 0.0 72.0
32.628105 223.04724 0.0424 0.0 72.0
11.489481 202.75728 0.0425 16.0 64.0
12.76609 205.75217 0.0425 16.0 64.0
12.76609 205.75217 0.0426 0.0 65.0
15.114826 208.0066 0.0426 0.0 65.0
12.76609 205.75217 0.0427 15.0 65.0
14.0427 208.74706 0.0427 15.0 65.0
14.0427 208.74706 0.0428 0.0 66.0
14.0427 212.00267 0.0428 0.0 66.0
14.0427 208.74706 0.0429 14.0 66.0
15.319309 211.74194 0.0429 14.0 66.0
15.319309 211.74194 0.0430 1.0 67.0
17.668045 213.99638 0.0430 1.0 67.0
17.668045 213.99638 0.0431 0.0 68.0
20.712696 215.14928 0.0431 0.0 68.0
17.668045 213.99638 0.0432 0.0 68.0
20.01678 216.25082 0.0432 0.0 68.0
20.01678 216.25082 0.0433 0.0 69.0
21.29339 219.24571 0.0433 0.0 69.0
20.01678 216.25082 0.0434 0.0 69.0
22.365517 218.50526 0.0434 0.0 69.0
15.319309 211.74194 0.0435 13.0 67.0
16.595919 214.73683 0.0435 13.0 67.0
16.595919 214.73683 0.0436 0.0 68.0
18.944654 216.99127 0.0436 0.0 68.0
16.595919 214.73683 0.0437 12.0 68.0
17.872528 217.73172 0.0437 12.0 68.0
17.872528 217.73172 0.0438 0.0 69.0
17.872528 220.98734 0.0438 0.0 69.0
17.872528 217.73172 0.0439 11.0 69.0
19.149137 220.72661 0.0439 11.0 69.0
19.149137 220.72661 0.0440 1.0 70.0
19.149137 223.98222 0.0440 1.0 70.0
19.149137 223.98222 0.0441 0.0 71.0
20.425747 226.97711 0.0441 0.0 71.0
19.149137 223.98222 0.0442 0.0 71.0
19.149137 227.23784 0.0442 0.0 71.0
19.149137 227.23784 0.0443 0.0 72.0
17.872528 230.23273 0.0443 0.0 72.0
19.149137 227.23784 0.0444 0.0 72.0
19.149137 230.49345 0.0444 0.0 72.0
19.149137 220.72661 0.0445 10.0 70.0
20.425747 223.7215 0.0445 10.0 70.0
20.425747 223.7215 0.0446 0.0 71.0
22.774483 225.97594 0.0446 0.0 71.0
20.425747 223.7215 0.0447 9.0 71.0
21.702356 226.71638 0.0447 9.0 71.0
21.702356 226.71638 0.0448 0.0 72.0
21.702356 229.972 0.0448 0.0 72.0
21.702356 226.71638 0.0449 8.0 72.0
22.978966 229.71127 0.0449 8.0 72.0
22.978966 229.71127 0.0450 7.0 73.0
25.327702 231.96571 0.0450 7.0 73.0
25.327702 231.96571 0.0451 0.0 74.0
28.372353 233.1186 0.0451 0.0 74.0
25.327702 231.96571 0.0452 6.0 74.0
27.676437 234.22015 0.0452 6.0 74.0
27.676437 234.22015 0.0453 0.0 75.0
28.953047 237.21504 0.0453 0.0 75.0
27.676437 234.22015 0.0454 5.0 75.0
30.025173 236.4746 0.0454 5.0 75.0
30.025173 236.4746 0.0455 1.0 76.0
33.069824 237.62749 0.0455 1.0 76.0
33.069824 237.62749 0.0456 0.0 77.0
36.322712 237.49416 0.0456 0.0 77.0
33.069824 237.62749 0.0457 0.0 77.0
36.114475 238.78038 0.0457 0.0 77.0
36.114475 238.78038 0.0458 0.0 78.0
38.46321 241.03482 0.0458 0.0 78.0
36.114475 238.78038 0.0459 0.0 78.0
39.159126 239.93327 0.0459 0.0 78.0
30.025173 236.4746 0.0460 4.0 76.0
32.37391 238.72903 0.0460 4.0 76.0
32.37391 238.72903 0.0461 0.0 77.0
35.41856 239.88193 0.0461 0.0 77.0
32.37391 238.72903 0.0462 3.0 77.0
34.722645 240.98347 0.0462 3.0 77.0
34.722645 240.98347 0.0463 0.0 78.0
35.999252 243.97836 0.0463 0.0 78.0
34.722645 240.98347 0.0464 2.0 78.0
37.07138 243.23792 0.0464 2.0 78.0
37.07138 243.23792 0.0465 1.0 79.0
38.34799 246.2328 0.0465 1.0 79.0
38.34799 246.2328 0.0466 0.0 80.0
40.696724 248.48724 0.0466 0.0 80.0
38.34799 246.2328 0.0467 0.0 80.0
39.624596 249.22769 0.0467 0.0 80.0
39.624596 249.22769 0.0468 0.0 81.0
39.624596 252.4833 0.0468 0.0 81.0
39.624596 249.22769 0.0469 0.0 81.0
40.901203 252.22258 0.0469 0.0 81.0
37.07138 243.23792 0.0470 1.0 79.0
39.420116 245.49236 0.0470 1.0 79.0
39.420116 245.49236 0.0471 0.0 80.0
42.464767 246.64525 0.0471 0.0 80.0
39.420116 245.49236 0.0472 0.0 80.0
41.768852 247.7468 0.0472 0.0 80.0
41.768852 247.7468 0.0473 0.0 81.0
43.04546 250.74168 0.0473 0.0 81.0
41.768852 247.7468 0.0474 0.0 81.0
44.117588 250.00124 0.0474 0.0 81.0
22.978966 229.71127 0.0475 7.0 73.0
24.255575 232.70616 0.0475 7.0 73.0
24.255575 232.70616 0.0476 0.0 74.0
26.604311 234.9606 0.0476 0.0 74.0
24.255575 232.70616 0.0477 6.0 74.0
25.532185 235.70105 0.0477 6.0 74.0
25.532185 235.70105 0.0478 0.0 75.0
25.532185 238.95667 0.0478 0.0 75.0
25.532185 235.70105 0.0479 5.0 75.0
26.808794 238.69594 0.0479 5.0 75.0
26.808794 238.69594 0.0480 1.0 76.0
29.15753 240.95038 0.0480 1.0 76.0
29.15753 240.95038 0.0481 0.0 77.0
32.202183 242.10327 0.0481 0.0 77.0
29.15753 240.95038 0.0482 0.0 77.0
31.506266 243.20482 0.0482 0.0 77.0
31.506266 243.20482 0.0483 0.0 78.0
32.782875 246.1997 0.0483 0.0 78.0
31.506266 243.20482 0.0484 0.0 78.0
33.855003 245.45926 0.0484 0.0 78.0
26.808794 238.69594 0.0485 4.0 76.0
28.085403 241.69083 0.0485 4.0 76.0
28.085403 241.69083 0.0486 0.0 77.0
30.43414 243.94527 0.0486 0.0 77.0
28.085403 241.69083 0.0487 3.0 77.0
29.362013 244.68571 0.0487 3.0 77.0
29.362013 244.68571 0.0488 0.0 78.0
29.362013 247.94133 0.0488 0.0 78.0
29.362013 244.68571 0.0489 2.0 78.0
30.638622 247.6806 0.0489 2.0 78.0
30.638622 247.6806 0.0490 1.0 79.0
30.638622 250.93622 0.0490 1.0 79.0
30.638622 250.93622 0.0491 0.0 80.0
31.915232 253.9311 0.0491 0.0 80.0
30.638622 250.93622 0.0492 0.0 80.0
30.638622 254.19183 0.0492 0.0 80.0
30.638622 254.19183 0.0493 0.0 81.0
29.362013 257.1867 0.0493 0.0 81.0
30.638622 254.19183 0.0494 0.0 81.0
30.638622 257.44745 0.0494 0.0 81.0
30.638622 247.6806 0.0495 1.0 79.0
31.915232 250.67549 0.0495 1.0 79.0
31.915232 250.67549 0.0496 0.0 80.0
34.26397 252.92993 0.0496 0.0 80.0
31.915232 250.67549 0.0497 0.0 80.0
33.19184 253.67038 0.0497 0.0 80.0
33.19184 253.67038 0.0498 0.0 81.0
33.19184 256.926 0.0498 0.0 81.0
33.19184 253.67038 0.0499 0.0 81.0
34.46845 256.66525 0.0499 0.0 81.0
0.0 175.80328 0.0500 25.0 55.0
0.0 179.0589 0.0500 25.0 55.0
0.0 179.0589 0.0501 0.0 56.0
1.276609 182.05379 0.0501 0.0 56.0
0.0 179.0589 0.0502 24.0 56.0
0.0 182.31451 0.0502 24.0 56.0
0.0 182.31451 0.0503 0.0 57.0
-1.276609 185.3094 0.0503 0.0 57.0
0.0 182.31451 0.0504 23.0 57.0
0.0 185.57013 0.0504 23.0 57.0
0.0 185.57013 0.0505 1.0 58.0
1.276609 188.56502 0.0505 1.0 58.0
1.276609 188.56502 0.0506 0.0 59.0
3.6253448 190.81946 0.0506 0.0 59.0
1.276609 188.56502 0.0507 0.0 59.0
2.553218 191.5599 0.0507 0.0 59.0
2.553218 191.5599 0.0508 0.0 60.0
2.553218 194.81552 0.0508 0.0 60.0
2.553218 191.5599 0.0509 0.0 60.0
3.8298268 194.5548 0.0509 0.0 60.0
0.0 185.57013 0.0510 22.0 58.0
0.0 188.82574 0.0510 22.0 58.0
0.0 188.82574 0.0511 0.0 59.0
1.276609 191.82063 0.0511 0.0 59.0
0.0 188.82574 0.0512 21.0 59.0
0.0 192.08136 0.0512 21.0 59.0
0.0 192.08136 0.0513 0.0 60.0
-1.276609 195.07625 0.0513 0.0 60.0
0.0 192.08136 0.0514 20.0 60.0
0.0 195.33698 0.0514 20.0 60.0
0.0 195.33698 0.0515 1.0 61.0
-1.276609 198.33186 0.0515 1.0 61.0
-1.276609 198.33186 0.0516 0.0 62.0
-1.276609 201.58748 0.0516 0.0 62.0
-1.276609 198.33186 0.0517 0.0 62.0
-2.553218 201.32675 0.0517 0.0 62.0
-2.553218 201.32675 0.0518 0.0 63.0
-4.9019537 203.58119 0.0518 0.0 63.0
-2.553218 201.32675 0.0519 0.0 63.0
-3.8298268 204.32164 0.0519 0.0 63.0
0.0 195.33698 0.0520 19.0 61.0
0.0 198.59259 0.0520 19.0 61.0
0.0 198.59259 0.0521 0.0 62.0
1.276609 201.58748 0.0521 0.0 62.0
0.0 198.59259 0.0522 18.0 62.0
0.0 201.8482 0.0522 18.0 62.0
0.0 201.8482 0.0523 0.0 63.0
-1.276609 204.8431 0.0523 0.0 63.0
0.0 201.8482 0.0524 17.0 63.0
0.0 205.10382 0.0524 17.0 63.0
0.0 205.10382 0.0525 7.0 64.0
1.276609 208.09871 0.0525 7.0 64.0
1.276609 208.09871 0.0526 0.0 65.0
3.6253448 210.35315 0.0526 0.0 65.0
1.276609 208.09871 0.0527 6.0 65.0
2.553218 211.0936 0.0527 6.0 65.0
2.553218 211.0936 0.0528 0.0 66.0
2.553218 214.34921 0.0528 0.0 66.0
2.553218 211.0936 0.0529 5.0 66.0
3.8298268 214.08849 0.0529 5.0 66.0
3.8298268 214.08849 0.0530 1.0 67.0
6.1785626 216.34293 0.0530 1.0 67.0
6.1785626 216.34293 0.0531 0.0 68.0
9.223214 217.49582 0.0531 0.0 68.0
6.1785626 216.34293 0.0532 0.0 68.0
8.527298 218.59737 0.0532 0.0 68.0
8.527298 218.59737 0.0533 0.0 69.0
9.803907 221.59225 0.0533 0.0 69.0
8.527298 218.59737 0.0534 0.0 69.0
10.876034 220.8518 0.0534 0.0 69.0
3.8298268 214.08849 0.0535 4.0 67.0
5.106436 217.08337 0.0535 4.0 67.0
5.106436 217.08337 0.0536 0.0 68.0
7.4551716 219.33781 0.0536 0.0 68.0
5.106436 217.08337 0.0537 3.0 68.0
6.3830447 220.07826 0.0537 3.0 68.0
6.3830447 220.07826 0.0538 0.0 69.0
6.3830447 223.33388 0.0538 0.0 69.0
6.3830447 220.07826 0.0539 2.0 69.0
7.6596537 223.07315 0.0539 2.0 69.0
7.6596537 223.07315 0.0540 1.0 70.0
7.6596537 226.32877 0.0540 1.0 70.0
7.6596537 226.32877 0.0541 0.0 71.0
8.936262 229.32365 0.0541 0.0 71.0
7.6596537 226.32877 0.0542 0.0 71.0
7.6596537 229.58438 0.0542 0.0 71.0
7.6596537 229.58438 0.0543 0.0 72.0
6.3830447 232.57927 0.0543 0.0 72.0
7.6596537 229.58438 0.0544 0.0 72.0
7.6596537 232.84 0.0544 0.0 72.0
7.6596537 223.07315 0.0545 1.0 70.0
8.936262 226.06804 0.0545 1.0 70.0
8.936262 226.06804 0.0546 0.0 71.0
11.284998 228.32248 0.0546 0.0 71.0
8.936262 226.06804 0.0547 0.0 71.0
10.212872 229.06293 0.0547 0.0 71.0
10.212872 229.06293 0.0548 0.0 72.0
10.212872 232.31854 0.0548 0.0 72.0
10.212872 229.06293 0.0549 0.0 72.0
11.489481 232.05782 0.0549 0.0 72.0
0.0 205.10382 0.0550 16.0 64.0
0.0 208.35944 0.0550 16.0 64.0
0.0 208.35944 0.0551 0.0 65.0
1.276609 211.35432 0.0551 0.0 65.0
0.0 208.35944 0.0552 15.0 65.0
0.0 211.61505 0.0552 15.0 65.0
0.0 211.61505 0.0553 0.0 66.0
-1.276609 214.60994 0.0553 0.0 66.0
0.0 211.61505 0.0554 14.0 66.0
0.0 214.87067 0.0554 14.0 66.0
0.0 214.87067 0.0555 1.0 67.0
1.276609 217.86555 0.0555 1.0 67.0
1.276609 217.86555 0.0556 0.0 68.0
3.6253448 220.12 0.0556 0.0 68.0
1.276609 217.86555 0.0557 0.0 68.0
2.553218 220.86044 0.0557 0.0 68.0
2.553218 220.86044 0.0558 0.0 69.0
2.553218 224.11606 0.0558 0.0 69.0
2.553218 220.86044 0.0559 0.0 69.0
3.8298268 223.85533 0.0559 0.0 69.0
0.0 214.87067 0.0560 13.0 67.0
0.0 218.12628 0.0560 13.0 67.0
0.0 218.12628 0.0561 0.0 68.0
1.276609 221.12117 0.0561 0.0 68.0
0.0 218.12628 0.0562 12.0 68.0
0.0 221.3819 0.0562 12.0 68.0
0.0 221.3819 0.0563 0.0 69.0
-1.276609 224.37679 0.0563 0.0 69.0
0.0 221.3819 0.0564 11.0 69.0
0.0 224.63751 0.0564 11.0 69.0
0.0 224.63751 0.0565 1.0 70.0
-1.276609 227.6324 0.0565 1.0 70.0
-1.276609 227.6324 0.0566 0.0 71.0
-1.276609 230.88802 0.0566 0.0 71.0
-1.276609 227.6324 0.0567 0.0 71.0
-2.553218 230.62729 0.0567 0.0 71.0
-2.553218 230.62729 0.0568 0.0 72.0
-4.9019537 232.88173 0.0568 0.0 72.0
-2.553218 230.62729 0.0569 0.0 72.0
-3.8298268 233.62218 0.0569 0.0 72.0
0.0 224.63751 0.0570 10.0 70.0
0.0 227.89313 0.0570 10.0 70.0
0.0 227.89313 0.0571 0.0 71.0
1.276609 230.88802 0.0571 0.0 71.0
0.0 227.89313 0.0572 9.0 71.0
0.0 231.14874 0.0572 9.0 71.0
0.0 231.14874 0.0573 0.0 72.0
-1.276609 234.14363 0.0573 0.0 72.0
0.0 231.14874 0.0574 8.0 72.0
0.0 234.40436 0.0574 8.0 72.0
0.0 234.40436 0.0575 7.0 73.0
1.276609 237.39925 0.0575 7.0 73.0
1.276609 237.39925 0.0576 0.0 74.0
3.6253448 239.65369 0.0576 0.0 74.0
1.276609 237.39925 0.0577 6.0 74.0
2.553218 240.39413 0.0577 6.0 74.0
2.553218 240.39413 0.0578 0.0 75.0
2.553218 243.64975 0.0578 0.0 75.0
2.553218 240.39413 0.0579 5.0 75.0
3.8298268 243.38902 0.0579 5.0 75.0
3.8298268 243.38902 0.0580 1.0 76.0
6.1785626 245.64346 0.0580 1.0 76.0
6.1785626 245.64346 0.0581 0.0 77.0
9.223214 246.79636 0.0581 0.0 77.0
6.1785626 245.64346 0.0582 0.0 77.0
8.527298 247.8979 0.0582 0.0 77.0
8.527298 247.8979 0.0583 0.0 78.0
9.803907 250.89279 0.0583 0.0 78.0
8.527298 247.8979 0.0584 0.0 78.0
10.876034 250.15234 0.0584 0.0 78.0
3.8298268 243.38902 0.0585 4.0 76.0
5.106436 246.38391 0.0585 4.0 76.0
5.106436 246.38391 0.0586 0.0 77.0
7.4551716 248.63835 0.0586 0.0 77.0
5.106436 246.38391 0.0587 3.0 77.0
6.3830447 249.3788 0.0587 3.0 77.0
6.3830447 249.3788 0.0588 0.0 78.0
6.3830447 252.63441 0.0588 0.0 78.0
6.3830447 249.3788 0.0589 2.0 78.0
7.6596537 252.37369 0.0589 2.0 78.0
7.6596537 252.37369 0.0590 1.0 79.0
7.6596537 255.6293 0.0590 1.0 79.0
7.6596537 255.6293 0.0591 0.0 80.0
8.936262 258.62418 0.0591 0.0 80.0
7.6596537 255.6293 0.0592 0.0 80.0
7.6596537 258.88492 0.0592 0.0 80.0
7.6596537 258.88492 0.0593 0.0 81.0
6.3830447 261.8798 0.0593 0.0 81.0
7.6596537 258.88492 0.0594 0.0 81.0
7.6596537 262.14053 0.0594 0.0 81.0
7.6596537 252.37369 0.0595 1.0 79.0
8.936262 255.36858 0.0595 1.0 79.0
8.936262 255.36858 0.0596 0.0 80.0
11.284998 257.62302 0.0596 0.0 80.0
8.936262 255.36858 0.0597 0.0 80.0
10.212872 258.36346 0.0597 0.0 80.0
10.212872 258.36346 0.0598 0.0 81.0
10.212872 261.61908 0.0598 0.0 81.0
10.212872 258.36346 0.0599 0.0 81.0
11.489481 261.35834 0.0599 0.0 81.0
0.0 234.40436 0.0600 7.0 73.0
0.0 237.65997 0.0600 7.0 73.0
0.0 237.65997 0.0601 0.0 74.0
1.276609 240.65486 0.0601 0.0 74.0
0.0 237.65997 0.0602 6.0 74.0
0.0 240.91559 0.0602 6.0 74.0
0.0 240.91559 0.0603 0.0 75.0
-1.276609 243.91048 0.0603 0.0 75.0
0.0 240.91559 0.0604 5.0 75.0
0.0 244.1712 0.0604 5.0 75.0
0.0 244.1712 0.0605 1.0 76.0
1.276609 247.16609 0.0605 1.0 76.0
1.276609 247.16609 0.0606 0.0 77.0
3.6253448 249.42053 0.0606 0.0 77.0
1.276609 247.16609 0.0607 0.0 77.0
2.553218 250.16098 0.0607 0.0 77.0
2.553218 250.16098 0.0608 0.0 78.0
2.553218 253.4166 0.0608 0.0 78.0
2.553218 250.16098 0.0609 0.0 78.0
3.8298268 253.15587 0.0609 0.0 78.0
0.0 244.1712 0.0610 4.0 76.0
0.0 247.42682 0.0610 4.0 76.0
0.0 247.42682 0.0611 0.0 77.0
1.276609 250.4217 0.0611 0.0 77.0
0.0 247.42682 0.0612 3.0 77.0
0.0 250.68243 0.0612 3.0 77.0
0.0 250.68243 0.0613 0.0 78.0
-1.276609 253.67732 0.0613 0.0 78.0
0.0 250.68243 0.0614 2.0 78.0
0.0 253.93805 0.0614 2.0 78.0
0.0 253.93805 0.0615 1.0 79.0
-1.276609 256.93292 0.0615 1.0 79.0
-1.276609 256.93292 0.0616 0.0 80.0
-1.276609 260.18854 0.0616 0.0 80.0
-1.276609 256.93292 0.0617 0.0 80.0
-2.553218 259.9278 0.0617 0.0 80.0
-2.553218 259.9278 0.0618 0.0 81.0
-4.9019537 262.18222 0.0618 0.0 81.0
-2.553218 259.9278 0.0619 0.0 81.0
-3.8298268 262.92267 0.0619 0.0 81.0
0.0 253.93805 0.0620 1.0 79.0
0.0 257.19366 0.0620 1.0 79.0
0.0 257.19366 0.0621 0.0 80.0
1.276609 260.18854 0.0621 0.0 80.0
0.0 257.19366 0.0622 0.0 80.0
0.0 260.44928 0.0622 0.0 80.0
0.0 260.44928 0.0623 0.0 81.0
-1.276609 263.44415 0.0623 0.0 81.0
0.0 260.44928 0.0624 0.0 81.0
0.0 263.7049 0.0624 0.0 81.0
