0.0 0.0 0.00 29.0 1.0
0.0 3.3949766 0.00 29.0 1.0
0.0 3.3949766 0.01 0.0 2.0
-2.2522905 5.9352627 0.01 0.0 2.0
0.0 3.3949766 0.02 28.0 2.0
0.0 6.789953 0.02 28.0 2.0
0.0 6.789953 0.03 0.0 3.0
2.2522905 9.330239 0.03 0.0 3.0
0.0 6.789953 0.04 0.0 3.0
0.0 10.18493 0.04 0.0 3.0
0.0 6.789953 0.05 1.0 3.0
-2.2522905 9.330239 0.05 1.0 3.0
-2.2522905 9.330239 0.06 0.0 4.0
-5.622836 9.7367935 0.06 0.0 4.0
-2.2522905 9.330239 0.07 0.0 4.0
-4.504581 11.870525 0.07 0.0 4.0
-4.504581 11.870525 0.08 0.0 5.0
-4.504581 15.265502 0.08 0.0 5.0
-4.504581 11.870525 0.09 0.0 5.0
-6.756871 14.410811 0.09 0.0 5.0
0.0 6.789953 0.010 27.0 3.0
0.0 10.18493 0.010 27.0 3.0
0.0 10.18493 0.011 0.0 4.0
-2.2522905 12.725216 0.011 0.0 4.0
0.0 10.18493 0.012 26.0 4.0
0.0 13.579906 0.012 26.0 4.0
0.0 13.579906 0.013 0.0 5.0
2.2522905 16.120193 0.013 0.0 5.0
0.0 13.579906 0.014 0.0 5.0
0.0 16.974884 0.014 0.0 5.0
0.0 13.579906 0.015 1.0 5.0
2.2522905 16.120193 0.015 1.0 5.0
2.2522905 16.120193 0.016 0.0 6.0
2.2522905 19.515171 0.016 0.0 6.0
2.2522905 16.120193 0.017 0.0 6.0
4.504581 18.66048 0.017 0.0 6.0
4.504581 18.66048 0.018 0.0 7.0
7.875127 19.067036 0.018 0.0 7.0
4.504581 18.66048 0.019 0.0 7.0
6.756871 21.200768 0.019 0.0 7.0
0.0 13.579906 0.020 1.0 5.0
0.0 16.974884 0.020 1.0 5.0
0.0 16.974884 0.021 0.0 6.0
-2.2522905 19.515171 0.021 0.0 6.0
0.0 16.974884 0.022 0.0 6.0
0.0 20.369862 0.022 0.0 6.0
0.0 20.369862 0.023 0.0 7.0
2.2522905 22.910149 0.023 0.0 7.0
0.0 20.369862 0.024 0.0 7.0
0.0 23.76484 0.024 0.0 7.0
0.0 13.579906 0.025 5.0 5.0
2.2522905 16.120193 0.025 5.0 5.0
2.2522905 16.120193 0.026 0.0 6.0
2.2522905 19.515171 0.026 0.0 6.0
2.2522905 16.120193 0.027 4.0 6.0
4.504581 18.66048 0.027 4.0 6.0
4.504581 18.66048 0.028 0.0 7.0
7.875127 19.067036 0.028 0.0 7.0
4.504581 18.66048 0.029 0.0 7.0
6.756871 21.200768 0.029 0.0 7.0
4.504581 18.66048 0.030 1.0 7.0
4.504581 22.055458 0.030 1.0 7.0
4.504581 22.055458 0.031 0.0 8.0
2.2522905 24.595745 0.031 0.0 8.0
4.504581 22.055458 0.032 0.0 8.0
4.504581 25.450436 0.032 0.0 8.0
4.504581 25.450436 0.033 0.0 9.0
6.756871 27.990723 0.033 0.0 9.0
4.504581 25.450436 0.034 0.0 9.0
4.504581 28.845413 0.034 0.0 9.0
4.504581 18.66048 0.035 3.0 7.0
6.756871 21.200768 0.035 3.0 7.0
6.756871 21.200768 0.036 0.0 8.0
6.756871 24.595745 0.036 0.0 8.0
6.756871 21.200768 0.037 2.0 8.0
9.009162 23.741055 0.037 2.0 8.0
9.009162 23.741055 0.038 0.0 9.0
12.379707 24.14761 0.038 0.0 9.0
9.009162 23.741055 0.039 0.0 9.0
11.261453 26.281342 0.039 0.0 9.0
9.009162 23.741055 0.040 1.0 9.0
12.379707 24.14761 0.040 1.0 9.0
12.379707 24.14761 0.041 0.0 10.0
14.631998 26.687897 0.041 0.0 10.0
12.379707 24.14761 0.042 0.0 10.0
15.750254 24.554165 0.042 0.0 10.0
15.750254 24.554165 0.043 0.0 11.0
18.541975 22.622286 0.043 0.0 11.0
15.750254 24.554165 0.044 0.0 11.0
19.1208 24.96072 0.044 0.0 11.0
9.009162 23.741055 0.045 1.0 9.0
11.261453 26.281342 0.045 1.0 9.0
11.261453 26.281342 0.046 0.0 10.0
11.261453 29.67632 0.046 0.0 10.0
11.261453 26.281342 0.047 0.0 10.0
13.513743 28.821629 0.047 0.0 10.0
13.513743 28.821629 0.048 0.0 11.0
16.884289 29.228184 0.048 0.0 11.0
13.513743 28.821629 0.049 0.0 11.0
15.766034 31.361916 0.049 0.0 11.0
0.0 13.579906 0.050 25.0 5.0
0.0 16.974884 0.050 25.0 5.0
0.0 16.974884 0.051 0.0 6.0
-2.2522905 19.515171 0.051 0.0 6.0
0.0 16.974884 0.052 24.0 6.0
0.0 20.369862 0.052 24.0 6.0
0.0 20.369862 0.053 0.0 7.0
2.2522905 22.910149 0.053 0.0 7.0
0.0 20.369862 0.054 0.0 7.0
0.0 23.76484 0.054 0.0 7.0
0.0 20.369862 0.055 1.0 7.0
-2.2522905 22.910149 0.055 1.0 7.0
-2.2522905 22.910149 0.056 0.0 8.0
-5.622836 23.316704 0.056 0.0 8.0
-2.2522905 22.910149 0.057 0.0 8.0
-4.504581 25.450436 0.057 0.0 8.0
-4.504581 25.450436 0.058 0.0 9.0
-4.504581 28.845413 0.058 0.0 9.0
-4.504581 25.450436 0.059 0.0 9.0
-6.756871 27.990723 0.059 0.0 9.0
0.0 20.369862 0.060 23.0 7.0
0.0 23.76484 0.060 23.0 7.0
0.0 23.76484 0.061 0.0 8.0
-2.2522905 26.305126 0.061 0.0 8.0
0.0 23.76484 0.062 22.0 8.0
0.0 27.159817 0.062 22.0 8.0
0.0 27.159817 0.063 0.0 9.0
2.2522905 29.700104 0.063 0.0 9.0
0.0 27.159817 0.064 0.0 9.0
0.0 30.554794 0.064 0.0 9.0
0.0 27.159817 0.065 1.0 9.0
2.2522905 29.700104 0.065 1.0 9.0
2.2522905 29.700104 0.066 0.0 10.0
2.2522905 33.09508 0.066 0.0 10.0
2.2522905 29.700104 0.067 0.0 10.0
4.504581 32.24039 0.067 0.0 10.0
4.504581 32.24039 0.068 0.0 11.0
7.875127 32.646946 0.068 0.0 11.0
4.504581 32.24039 0.069 0.0 11.0
6.756871 34.780678 0.069 0.0 11.0
0.0 27.159817 0.070 1.0 9.0
0.0 30.554794 0.070 1.0 9.0
0.0 30.554794 0.071 0.0 10.0
-2.2522905 33.09508 0.071 0.0 10.0
0.0 30.554794 0.072 0.0 10.0
0.0 33.94977 0.072 0.0 10.0
0.0 33.94977 0.073 0.0 11.0
2.2522905 36.49006 0.073 0.0 11.0
0.0 33.94977 0.074 0.0 11.0
0.0 37.34475 0.074 0.0 11.0
0.0 27.159817 0.075 5.0 9.0
2.2522905 29.700104 0.075 5.0 9.0
2.2522905 29.700104 0.076 0.0 10.0
2.2522905 33.09508 0.076 0.0 10.0
2.2522905 29.700104 0.077 4.0 10.0
4.504581 32.24039 0.077 4.0 10.0
4.504581 32.24039 0.078 0.0 11.0
7.875127 32.646946 0.078 0.0 11.0
4.504581 32.24039 0.079 0.0 11.0
6.756871 34.780678 0.079 0.0 11.0
4.504581 32.24039 0.080 1.0 11.0
4.504581 35.63537 0.080 1.0 11.0
4.504581 35.63537 0.081 0.0 12.0
2.2522905 38.175655 0.081 0.0 12.0
4.504581 35.63537 0.082 0.0 12.0
4.504581 39.030346 0.082 0.0 12.0
4.504581 39.030346 0.083 0.0 13.0
6.756871 41.570633 0.083 0.0 13.0
4.504581 39.030346 0.084 0.0 13.0
4.504581 42.425323 0.084 0.0 13.0
4.504581 32.24039 0.085 3.0 11.0
6.756871 34.780678 0.085 3.0 11.0
6.756871 34.780678 0.086 0.0 12.0
6.756871 38.175655 0.086 0.0 12.0
6.756871 34.780678 0.087 2.0 12.0
9.009162 37.320965 0.087 2.0 12.0
9.009162 37.320965 0.088 0.0 13.0
12.379707 37.72752 0.088 0.0 13.0
9.009162 37.320965 0.089 0.0 13.0
11.261453 39.86125 0.089 0.0 13.0
9.009162 37.320965 0.090 1.0 13.0
12.379707 37.72752 0.090 1.0 13.0
12.379707 37.72752 0.091 0.0 14.0
14.631998 40.267807 0.091 0.0 14.0
12.379707 37.72752 0.092 0.0 14.0
15.750254 38.134075 0.092 0.0 14.0
15.750254 38.134075 0.093 0.0 15.0
18.541975 36.202194 0.093 0.0 15.0
15.750254 38.134075 0.094 0.0 15.0
19.1208 38.54063 0.094 0.0 15.0
9.009162 37.320965 0.095 1.0 13.0
11.261453 39.86125 0.095 1.0 13.0
11.261453 39.86125 0.096 0.0 14.0
11.261453 43.25623 0.096 0.0 14.0
11.261453 39.86125 0.097 0.0 14.0
13.513743 42.40154 0.097 0.0 14.0
13.513743 42.40154 0.098 0.0 15.0
16.884289 42.808094 0.098 0.0 15.0
13.513743 42.40154 0.099 0.0 15.0
15.766034 44.941826 0.099 0.0 15.0
0.0 27.159817 0.0100 5.0 9.0
0.0 30.554794 0.0100 5.0 9.0
0.0 30.554794 0.0101 0.0 10.0
-2.2522905 33.09508 0.0101 0.0 10.0
0.0 30.554794 0.0102 4.0 10.0
0.0 33.94977 0.0102 4.0 10.0
0.0 33.94977 0.0103 0.0 11.0
2.2522905 36.49006 0.0103 0.0 11.0
0.0 33.94977 0.0104 0.0 11.0
0.0 37.34475 0.0104 0.0 11.0
0.0 33.94977 0.0105 1.0 11.0
-2.2522905 36.49006 0.0105 1.0 11.0
-2.2522905 36.49006 0.0106 0.0 12.0
-5.622836 36.896614 0.0106 0.0 12.0
-2.2522905 36.49006 0.0107 0.0 12.0
-4.504581 39.030346 0.0107 0.0 12.0
-4.504581 39.030346 0.0108 0.0 13.0
-4.504581 42.425323 0.0108 0.0 13.0
-4.504581 39.030346 0.0109 0.0 13.0
-6.756871 41.570633 0.0109 0.0 13.0
0.0 33.94977 0.0110 3.0 11.0
0.0 37.34475 0.0110 3.0 11.0
0.0 37.34475 0.0111 0.0 12.0
-2.2522905 39.885036 0.0111 0.0 12.0
0.0 37.34475 0.0112 2.0 12.0
0.0 40.739727 0.0112 2.0 12.0
0.0 40.739727 0.0113 0.0 13.0
2.2522905 43.280014 0.0113 0.0 13.0
0.0 40.739727 0.0114 0.0 13.0
0.0 44.134705 0.0114 0.0 13.0
0.0 40.739727 0.0115 1.0 13.0
2.2522905 43.280014 0.0115 1.0 13.0
2.2522905 43.280014 0.0116 0.0 14.0
2.2522905 46.67499 0.0116 0.0 14.0
2.2522905 43.280014 0.0117 0.0 14.0
4.504581 45.8203 0.0117 0.0 14.0
4.504581 45.8203 0.0118 0.0 15.0
7.875127 46.226856 0.0118 0.0 15.0
4.504581 45.8203 0.0119 0.0 15.0
6.756871 48.360588 0.0119 0.0 15.0
0.0 40.739727 0.0120 1.0 13.0
0.0 44.134705 0.0120 1.0 13.0
0.0 44.134705 0.0121 0.0 14.0
-2.2522905 46.67499 0.0121 0.0 14.0
0.0 44.134705 0.0122 0.0 14.0
0.0 47.529682 0.0122 0.0 14.0
0.0 47.529682 0.0123 0.0 15.0
2.2522905 50.06997 0.0123 0.0 15.0
0.0 47.529682 0.0124 0.0 15.0
0.0 50.92466 0.0124 0.0 15.0
0.0 27.159817 0.0125 13.0 9.0
-2.2522905 29.700104 0.0125 13.0 9.0
-2.2522905 29.700104 0.0126 0.0 10.0
-5.622836 30.106659 0.0126 0.0 10.0
-2.2522905 29.700104 0.0127 12.0 10.0
-4.504581 32.24039 0.0127 12.0 10.0
-4.504581 32.24039 0.0128 0.0 11.0
-4.504581 35.63537 0.0128 0.0 11.0
-4.504581 32.24039 0.0129 0.0 11.0
-6.756871 34.780678 0.0129 0.0 11.0
-4.504581 32.24039 0.0130 1.0 11.0
-7.875127 32.646946 0.0130 1.0 11.0
-7.875127 32.646946 0.0131 0.0 12.0
-10.666849 30.715067 0.0131 0.0 12.0
-7.875127 32.646946 0.0132 0.0 12.0
-11.245672 33.0535 0.0132 0.0 12.0
-11.245672 33.0535 0.0133 0.0 13.0
-13.497963 35.59379 0.0133 0.0 13.0
-11.245672 33.0535 0.0134 0.0 13.0
-14.616219 33.460056 0.0134 0.0 13.0
-4.504581 32.24039 0.0135 11.0 11.0
-6.756871 34.780678 0.0135 11.0 11.0
-6.756871 34.780678 0.0136 0.0 12.0
-10.127417 35.187233 0.0136 0.0 12.0
-6.756871 34.780678 0.0137 10.0 12.0
-9.009162 37.320965 0.0137 10.0 12.0
-9.009162 37.320965 0.0138 0.0 13.0
-9.009162 40.715942 0.0138 0.0 13.0
-9.009162 37.320965 0.0139 0.0 13.0
-11.261453 39.86125 0.0139 0.0 13.0
-9.009162 37.320965 0.0140 1.0 13.0
-9.009162 40.715942 0.0140 1.0 13.0
-9.009162 40.715942 0.0141 0.0 14.0
-11.261453 43.25623 0.0141 0.0 14.0
-9.009162 40.715942 0.0142 0.0 14.0
-9.009162 44.11092 0.0142 0.0 14.0
-9.009162 44.11092 0.0143 0.0 15.0
-6.756871 46.651207 0.0143 0.0 15.0
-9.009162 44.11092 0.0144 0.0 15.0
-9.009162 47.505898 0.0144 0.0 15.0
-9.009162 37.320965 0.0145 1.0 13.0
-11.261453 39.86125 0.0145 1.0 13.0
-11.261453 39.86125 0.0146 0.0 14.0
-14.631998 40.267807 0.0146 0.0 14.0
-11.261453 39.86125 0.0147 0.0 14.0
-13.513743 42.40154 0.0147 0.0 14.0
-13.513743 42.40154 0.0148 0.0 15.0
-13.513743 45.796516 0.0148 0.0 15.0
-13.513743 42.40154 0.0149 0.0 15.0
-15.766034 44.941826 0.0149 0.0 15.0
-9.009162 37.320965 0.0150 5.0 13.0
-9.009162 40.715942 0.0150 5.0 13.0
-9.009162 40.715942 0.0151 0.0 14.0
-11.261453 43.25623 0.0151 0.0 14.0
-9.009162 40.715942 0.0152 4.0 14.0
-9.009162 44.11092 0.0152 4.0 14.0
-9.009162 44.11092 0.0153 0.0 15.0
-6.756871 46.651207 0.0153 0.0 15.0
-9.009162 44.11092 0.0154 0.0 15.0
-9.009162 47.505898 0.0154 0.0 15.0
-9.009162 44.11092 0.0155 1.0 15.0
-11.261453 46.651207 0.0155 1.0 15.0
-11.261453 46.651207 0.0156 0.0 16.0
-14.631998 47.057762 0.0156 0.0 16.0
-11.261453 46.651207 0.0157 0.0 16.0
-13.513743 49.191494 0.0157 0.0 16.0
-13.513743 49.191494 0.0158 0.0 17.0
-13.513743 52.58647 0.0158 0.0 17.0
-13.513743 49.191494 0.0159 0.0 17.0
-15.766034 51.73178 0.0159 0.0 17.0
-9.009162 44.11092 0.0160 3.0 15.0
-9.009162 47.505898 0.0160 3.0 15.0
-9.009162 47.505898 0.0161 0.0 16.0
-11.261453 50.046185 0.0161 0.0 16.0
-9.009162 47.505898 0.0162 2.0 16.0
-9.009162 50.900875 0.0162 2.0 16.0
-9.009162 50.900875 0.0163 0.0 17.0
-6.756871 53.441162 0.0163 0.0 17.0
-9.009162 50.900875 0.0164 0.0 17.0
-9.009162 54.295853 0.0164 0.0 17.0
-9.009162 50.900875 0.0165 1.0 17.0
-6.756871 53.441162 0.0165 1.0 17.0
-6.756871 53.441162 0.0166 0.0 18.0
-6.756871 56.83614 0.0166 0.0 18.0
-6.756871 53.441162 0.0167 0.0 18.0
-4.5045805 55.98145 0.0167 0.0 18.0
-4.5045805 55.98145 0.0168 0.0 19.0
-1.1340346 56.388004 0.0168 0.0 19.0
-4.5045805 55.98145 0.0169 0.0 19.0
-2.25229 58.521736 0.0169 0.0 19.0
-9.009162 50.900875 0.0170 1.0 17.0
-9.009162 54.295853 0.0170 1.0 17.0
-9.009162 54.295853 0.0171 0.0 18.0
-11.261453 56.83614 0.0171 0.0 18.0
-9.009162 54.295853 0.0172 0.0 18.0
-9.009162 57.69083 0.0172 0.0 18.0
-9.009162 57.69083 0.0173 0.0 19.0
-6.756871 60.231117 0.0173 0.0 19.0
-9.009162 57.69083 0.0174 0.0 19.0
-9.009162 61.085808 0.0174 0.0 19.0
-9.009162 37.320965 0.0175 9.0 13.0
-11.261453 39.86125 0.0175 9.0 13.0
-11.261453 39.86125 0.0176 0.0 14.0
-14.631998 40.267807 0.0176 0.0 14.0
-11.261453 39.86125 0.0177 8.0 14.0
-13.513743 42.40154 0.0177 8.0 14.0
-13.513743 42.40154 0.0178 0.0 15.0
-13.513743 45.796516 0.0178 0.0 15.0
-13.513743 42.40154 0.0179 0.0 15.0
-15.766034 44.941826 0.0179 0.0 15.0
-13.513743 42.40154 0.0180 1.0 15.0
-16.884289 42.808094 0.0180 1.0 15.0
-16.884289 42.808094 0.0181 0.0 16.0
-19.67601 40.876213 0.0181 0.0 16.0
-16.884289 42.808094 0.0182 0.0 16.0
-20.254835 43.21465 0.0182 0.0 16.0
-20.254835 43.21465 0.0183 0.0 17.0
-22.507126 45.754936 0.0183 0.0 17.0
-20.254835 43.21465 0.0184 0.0 17.0
-23.625381 43.621204 0.0184 0.0 17.0
-13.513743 42.40154 0.0185 7.0 15.0
-15.766034 44.941826 0.0185 7.0 15.0
-15.766034 44.941826 0.0186 0.0 16.0
-19.13658 45.34838 0.0186 0.0 16.0
-15.766034 44.941826 0.0187 6.0 16.0
-18.018324 47.482113 0.0187 6.0 16.0
-18.018324 47.482113 0.0188 0.0 17.0
-18.018324 50.87709 0.0188 0.0 17.0
-18.018324 47.482113 0.0189 0.0 17.0
-20.270615 50.0224 0.0189 0.0 17.0
-18.018324 47.482113 0.0190 1.0 17.0
-18.018324 50.87709 0.0190 1.0 17.0
-18.018324 50.87709 0.0191 0.0 18.0
-20.270615 53.417377 0.0191 0.0 18.0
-18.018324 50.87709 0.0192 0.0 18.0
-18.018324 54.272068 0.0192 0.0 18.0
-18.018324 54.272068 0.0193 0.0 19.0
-15.766033 56.812355 0.0193 0.0 19.0
-18.018324 54.272068 0.0194 0.0 19.0
-18.018324 57.667046 0.0194 0.0 19.0
-18.018324 47.482113 0.0195 1.0 17.0
-20.270615 50.0224 0.0195 1.0 17.0
-20.270615 50.0224 0.0196 0.0 18.0
-23.641161 50.428955 0.0196 0.0 18.0
-20.270615 50.0224 0.0197 0.0 18.0
-22.522905 52.562687 0.0197 0.0 18.0
-22.522905 52.562687 0.0198 0.0 19.0
-22.522905 55.957664 0.0198 0.0 19.0
-22.522905 52.562687 0.0199 0.0 19.0
-24.775196 55.102974 0.0199 0.0 19.0
-18.018324 47.482113 0.0200 5.0 17.0
-18.018324 50.87709 0.0200 5.0 17.0
-18.018324 50.87709 0.0201 0.0 18.0
-20.270615 53.417377 0.0201 0.0 18.0
-18.018324 50.87709 0.0202 4.0 18.0
-18.018324 54.272068 0.0202 4.0 18.0
-18.018324 54.272068 0.0203 0.0 19.0
-15.766033 56.812355 0.0203 0.0 19.0
-18.018324 54.272068 0.0204 0.0 19.0
-18.018324 57.667046 0.0204 0.0 19.0
-18.018324 54.272068 0.0205 1.0 19.0
-20.270615 56.812355 0.0205 1.0 19.0
-20.270615 56.812355 0.0206 0.0 20.0
-23.641161 57.21891 0.0206 0.0 20.0
-20.270615 56.812355 0.0207 0.0 20.0
-22.522905 59.352642 0.0207 0.0 20.0
-22.522905 59.352642 0.0208 0.0 21.0
-22.522905 62.74762 0.0208 0.0 21.0
-22.522905 59.352642 0.0209 0.0 21.0
-24.775196 61.89293 0.0209 0.0 21.0
-18.018324 54.272068 0.0210 3.0 19.0
-18.018324 57.667046 0.0210 3.0 19.0
-18.018324 57.667046 0.0211 0.0 20.0
-20.270615 60.207333 0.0211 0.0 20.0
-18.018324 57.667046 0.0212 2.0 20.0
-18.018324 61.062023 0.0212 2.0 20.0
-18.018324 61.062023 0.0213 0.0 21.0
-15.766033 63.60231 0.0213 0.0 21.0
-18.018324 61.062023 0.0214 0.0 21.0
-18.018324 64.457 0.0214 0.0 21.0
-18.018324 61.062023 0.0215 1.0 21.0
-15.766033 63.60231 0.0215 1.0 21.0
-15.766033 63.60231 0.0216 0.0 22.0
-15.766033 66.997284 0.0216 0.0 22.0
-15.766033 63.60231 0.0217 0.0 22.0
-13.513742 66.14259 0.0217 0.0 22.0
-13.513742 66.14259 0.0218 0.0 23.0
-10.143196 66.54915 0.0218 0.0 23.0
-13.513742 66.14259 0.0219 0.0 23.0
-11.261452 68.68288 0.0219 0.0 23.0
-18.018324 61.062023 0.0220 1.0 21.0
-18.018324 64.457 0.0220 1.0 21.0
-18.018324 64.457 0.0221 0.0 22.0
-20.270615 66.997284 0.0221 0.0 22.0
-18.018324 64.457 0.0222 0.0 22.0
-18.018324 67.851974 0.0222 0.0 22.0
-18.018324 67.851974 0.0223 0.0 23.0
-15.766033 70.39226 0.0223 0.0 23.0
-18.018324 67.851974 0.0224 0.0 23.0
-18.018324 71.24695 0.0224 0.0 23.0
-18.018324 47.482113 0.0225 5.0 17.0
-20.270615 50.0224 0.0225 5.0 17.0
-20.270615 50.0224 0.0226 0.0 18.0
-23.641161 50.428955 0.0226 0.0 18.0
-20.270615 50.0224 0.0227 4.0 18.0
-22.522905 52.562687 0.0227 4.0 18.0
-22.522905 52.562687 0.0228 0.0 19.0
-22.522905 55.957664 0.0228 0.0 19.0
-22.522905 52.562687 0.0229 0.0 19.0
-24.775196 55.102974 0.0229 0.0 19.0
-22.522905 52.562687 0.0230 1.0 19.0
-25.893452 52.969242 0.0230 1.0 19.0
-25.893452 52.969242 0.0231 0.0 20.0
-28.685173 51.03736 0.0231 0.0 20.0
-25.893452 52.969242 0.0232 0.0 20.0
-29.263998 53.375797 0.0232 0.0 20.0
-29.263998 53.375797 0.0233 0.0 21.0
-31.516289 55.916084 0.0233 0.0 21.0
-29.263998 53.375797 0.0234 0.0 21.0
-32.634544 53.782352 0.0234 0.0 21.0
-22.522905 52.562687 0.0235 3.0 19.0
-24.775196 55.102974 0.0235 3.0 19.0
-24.775196 55.102974 0.0236 0.0 20.0
-28.145742 55.50953 0.0236 0.0 20.0
-24.775196 55.102974 0.0237 2.0 20.0
-27.027487 57.64326 0.0237 2.0 20.0
-27.027487 57.64326 0.0238 0.0 21.0
-27.027487 61.03824 0.0238 0.0 21.0
-27.027487 57.64326 0.0239 0.0 21.0
-29.279778 60.183548 0.0239 0.0 21.0
-27.027487 57.64326 0.0240 1.0 21.0
-27.027487 61.03824 0.0240 1.0 21.0
-27.027487 61.03824 0.0241 0.0 22.0
-29.279778 63.578526 0.0241 0.0 22.0
-27.027487 61.03824 0.0242 0.0 22.0
-27.027487 64.43321 0.0242 0.0 22.0
-27.027487 64.43321 0.0243 0.0 23.0
-24.775196 66.973495 0.0243 0.0 23.0
-27.027487 64.43321 0.0244 0.0 23.0
-27.027487 67.828186 0.0244 0.0 23.0
-27.027487 57.64326 0.0245 1.0 21.0
-29.279778 60.183548 0.0245 1.0 21.0
-29.279778 60.183548 0.0246 0.0 22.0
-32.650322 60.590103 0.0246 0.0 22.0
-29.279778 60.183548 0.0247 0.0 22.0
-31.532068 62.723835 0.0247 0.0 22.0
-31.532068 62.723835 0.0248 0.0 23.0
-31.532068 66.11881 0.0248 0.0 23.0
-31.532068 62.723835 0.0249 0.0 23.0
-33.78436 65.26412 0.0249 0.0 23.0
0.0 27.159817 0.0250 21.0 9.0
0.0 30.554794 0.0250 21.0 9.0
0.0 30.554794 0.0251 0.0 10.0
-2.2522905 33.09508 0.0251 0.0 10.0
0.0 30.554794 0.0252 20.0 10.0
0.0 33.94977 0.0252 20.0 10.0
0.0 33.94977 0.0253 0.0 11.0
2.2522905 36.49006 0.0253 0.0 11.0
0.0 33.94977 0.0254 0.0 11.0
0.0 37.34475 0.0254 0.0 11.0
0.0 33.94977 0.0255 1.0 11.0
-2.2522905 36.49006 0.0255 1.0 11.0
-2.2522905 36.49006 0.0256 0.0 12.0
-5.622836 36.896614 0.0256 0.0 12.0
-2.2522905 36.49006 0.0257 0.0 12.0
-4.504581 39.030346 0.0257 0.0 12.0
-4.504581 39.030346 0.0258 0.0 13.0
-4.504581 42.425323 0.0258 0.0 13.0
-4.504581 39.030346 0.0259 0.0 13.0
-6.756871 41.570633 0.0259 0.0 13.0
0.0 33.94977 0.0260 19.0 11.0
0.0 37.34475 0.0260 19.0 11.0
0.0 37.34475 0.0261 0.0 12.0
-2.2522905 39.885036 0.0261 0.0 12.0
0.0 37.34475 0.0262 18.0 12.0
0.0 40.739727 0.0262 18.0 12.0
0.0 40.739727 0.0263 0.0 13.0
2.2522905 43.280014 0.0263 0.0 13.0
0.0 40.739727 0.0264 0.0 13.0
0.0 44.134705 0.0264 0.0 13.0
0.0 40.739727 0.0265 1.0 13.0
2.2522905 43.280014 0.0265 1.0 13.0
2.2522905 43.280014 0.0266 0.0 14.0
2.2522905 46.67499 0.0266 0.0 14.0
2.2522905 43.280014 0.0267 0.0 14.0
4.504581 45.8203 0.0267 0.0 14.0
4.504581 45.8203 0.0268 0.0 15.0
7.875127 46.226856 0.0268 0.0 15.0
4.504581 45.8203 0.0269 0.0 15.0
6.756871 48.360588 0.0269 0.0 15.0
0.0 40.739727 0.0270 1.0 13.0
0.0 44.134705 0.0270 1.0 13.0
0.0 44.134705 0.0271 0.0 14.0
-2.2522905 46.67499 0.0271 0.0 14.0
0.0 44.134705 0.0272 0.0 14.0
0.0 47.529682 0.0272 0.0 14.0
0.0 47.529682 0.0273 0.0 15.0
2.2522905 50.06997 0.0273 0.0 15.0
0.0 47.529682 0.0274 0.0 15.0
0.0 50.92466 0.0274 0.0 15.0
0.0 40.739727 0.0275 5.0 13.0
2.2522905 43.280014 0.0275 5.0 13.0
2.2522905 43.280014 0.0276 0.0 14.0
2.2522905 46.67499 0.0276 0.0 14.0
2.2522905 43.280014 0.0277 4.0 14.0
4.504581 45.8203 0.0277 4.0 14.0
4.504581 45.8203 0.0278 0.0 15.0
7.875127 46.226856 0.0278 0.0 15.0
4.504581 45.8203 0.0279 0.0 15.0
6.756871 48.360588 0.0279 0.0 15.0
4.504581 45.8203 0.0280 1.0 15.0
4.504581 49.21528 0.0280 1.0 15.0
4.504581 49.21528 0.0281 0.0 16.0
2.2522905 51.755566 0.0281 0.0 16.0
4.504581 49.21528 0.0282 0.0 16.0
4.504581 52.610256 0.0282 0.0 16.0
4.504581 52.610256 0.0283 0.0 17.0
6.756871 55.150543 0.0283 0.0 17.0
4.504581 52.610256 0.0284 0.0 17.0
4.504581 56.005234 0.0284 0.0 17.0
4.504581 45.8203 0.0285 3.0 15.0
6.756871 48.360588 0.0285 3.0 15.0
6.756871 48.360588 0.0286 0.0 16.0
6.756871 51.755566 0.0286 0.0 16.0
6.756871 48.360588 0.0287 2.0 16.0
9.009162 50.900875 0.0287 2.0 16.0
9.009162 50.900875 0.0288 0.0 17.0
12.379707 51.30743 0.0288 0.0 17.0
9.009162 50.900875 0.0289 0.0 17.0
11.261453 53.441162 0.0289 0.0 17.0
9.009162 50.900875 0.0290 1.0 17.0
12.379707 51.30743 0.0290 1.0 17.0
12.379707 51.30743 0.0291 0.0 18.0
14.631998 53.847717 0.0291 0.0 18.0
12.379707 51.30743 0.0292 0.0 18.0
15.750254 51.713985 0.0292 0.0 18.0
15.750254 51.713985 0.0293 0.0 19.0
18.541975 49.782104 0.0293 0.0 19.0
15.750254 51.713985 0.0294 0.0 19.0
19.1208 52.12054 0.0294 0.0 19.0
9.009162 50.900875 0.0295 1.0 17.0
11.261453 53.441162 0.0295 1.0 17.0
11.261453 53.441162 0.0296 0.0 18.0
11.261453 56.83614 0.0296 0.0 18.0
11.261453 53.441162 0.0297 0.0 18.0
13.513743 55.98145 0.0297 0.0 18.0
13.513743 55.98145 0.0298 0.0 19.0
16.884289 56.388004 0.0298 0.0 19.0
13.513743 55.98145 0.0299 0.0 19.0
15.766034 58.521736 0.0299 0.0 19.0
0.0 40.739727 0.0300 17.0 13.0
0.0 44.134705 0.0300 17.0 13.0
0.0 44.134705 0.0301 0.0 14.0
-2.2522905 46.67499 0.0301 0.0 14.0
0.0 44.134705 0.0302 16.0 14.0
0.0 47.529682 0.0302 16.0 14.0
0.0 47.529682 0.0303 0.0 15.0
2.2522905 50.06997 0.0303 0.0 15.0
0.0 47.529682 0.0304 0.0 15.0
0.0 50.92466 0.0304 0.0 15.0
0.0 47.529682 0.0305 1.0 15.0
-2.2522905 50.06997 0.0305 1.0 15.0
-2.2522905 50.06997 0.0306 0.0 16.0
-5.622836 50.476524 0.0306 0.0 16.0
-2.2522905 50.06997 0.0307 0.0 16.0
-4.504581 52.610256 0.0307 0.0 16.0
-4.504581 52.610256 0.0308 0.0 17.0
-4.504581 56.005234 0.0308 0.0 17.0
-4.504581 52.610256 0.0309 0.0 17.0
-6.756871 55.150543 0.0309 0.0 17.0
0.0 47.529682 0.0310 15.0 15.0
0.0 50.92466 0.0310 15.0 15.0
0.0 50.92466 0.0311 0.0 16.0
-2.2522905 53.464947 0.0311 0.0 16.0
0.0 50.92466 0.0312 14.0 16.0
0.0 54.319637 0.0312 14.0 16.0
0.0 54.319637 0.0313 0.0 17.0
2.2522905 56.859924 0.0313 0.0 17.0
0.0 54.319637 0.0314 0.0 17.0
0.0 57.714615 0.0314 0.0 17.0
0.0 54.319637 0.0315 1.0 17.0
2.2522905 56.859924 0.0315 1.0 17.0
2.2522905 56.859924 0.0316 0.0 18.0
2.2522905 60.2549 0.0316 0.0 18.0
2.2522905 56.859924 0.0317 0.0 18.0
4.504581 59.40021 0.0317 0.0 18.0
4.504581 59.40021 0.0318 0.0 19.0
7.875127 59.806767 0.0318 0.0 19.0
4.504581 59.40021 0.0319 0.0 19.0
6.756871 61.9405 0.0319 0.0 19.0
0.0 54.319637 0.0320 1.0 17.0
0.0 57.714615 0.0320 1.0 17.0
0.0 57.714615 0.0321 0.0 18.0
-2.2522905 60.2549 0.0321 0.0 18.0
0.0 57.714615 0.0322 0.0 18.0
0.0 61.109592 0.0322 0.0 18.0
0.0 61.109592 0.0323 0.0 19.0
2.2522905 63.64988 0.0323 0.0 19.0
0.0 61.109592 0.0324 0.0 19.0
0.0 64.50457 0.0324 0.0 19.0
0.0 54.319637 0.0325 5.0 17.0
2.2522905 56.859924 0.0325 5.0 17.0
2.2522905 56.859924 0.0326 0.0 18.0
2.2522905 60.2549 0.0326 0.0 18.0
2.2522905 56.859924 0.0327 4.0 18.0
4.504581 59.40021 0.0327 4.0 18.0
4.504581 59.40021 0.0328 0.0 19.0
7.875127 59.806767 0.0328 0.0 19.0
4.504581 59.40021 0.0329 0.0 19.0
6.756871 61.9405 0.0329 0.0 19.0
4.504581 59.40021 0.0330 1.0 19.0
4.504581 62.79519 0.0330 1.0 19.0
4.504581 62.79519 0.0331 0.0 20.0
2.2522905 65.33547 0.0331 0.0 20.0
4.504581 62.79519 0.0332 0.0 20.0
4.504581 66.19016 0.0332 0.0 20.0
4.504581 66.19016 0.0333 0.0 21.0
6.756871 68.730446 0.0333 0.0 21.0
4.504581 66.19016 0.0334 0.0 21.0
4.504581 69.58514 0.0334 0.0 21.0
4.504581 59.40021 0.0335 3.0 19.0
6.756871 61.9405 0.0335 3.0 19.0
6.756871 61.9405 0.0336 0.0 20.0
6.756871 65.33547 0.0336 0.0 20.0
6.756871 61.9405 0.0337 2.0 20.0
9.009162 64.48078 0.0337 2.0 20.0
9.009162 64.48078 0.0338 0.0 21.0
12.379707 64.88734 0.0338 0.0 21.0
9.009162 64.48078 0.0339 0.0 21.0
11.261453 67.021065 0.0339 0.0 21.0
9.009162 64.48078 0.0340 1.0 21.0
12.379707 64.88734 0.0340 1.0 21.0
12.379707 64.88734 0.0341 0.0 22.0
14.631998 67.42762 0.0341 0.0 22.0
12.379707 64.88734 0.0342 0.0 22.0
15.750254 65.29389 0.0342 0.0 22.0
15.750254 65.29389 0.0343 0.0 23.0
18.541975 63.36201 0.0343 0.0 23.0
15.750254 65.29389 0.0344 0.0 23.0
19.1208 65.70045 0.0344 0.0 23.0
9.009162 64.48078 0.0345 1.0 21.0
11.261453 67.021065 0.0345 1.0 21.0
11.261453 67.021065 0.0346 0.0 22.0
11.261453 70.41604 0.0346 0.0 22.0
11.261453 67.021065 0.0347 0.0 22.0
13.513743 69.56135 0.0347 0.0 22.0
13.513743 69.56135 0.0348 0.0 23.0
16.884289 69.9679 0.0348 0.0 23.0
13.513743 69.56135 0.0349 0.0 23.0
15.766034 72.10163 0.0349 0.0 23.0
0.0 54.319637 0.0350 5.0 17.0
0.0 57.714615 0.0350 5.0 17.0
0.0 57.714615 0.0351 0.0 18.0
-2.2522905 60.2549 0.0351 0.0 18.0
0.0 57.714615 0.0352 4.0 18.0
0.0 61.109592 0.0352 4.0 18.0
0.0 61.109592 0.0353 0.0 19.0
2.2522905 63.64988 0.0353 0.0 19.0
0.0 61.109592 0.0354 0.0 19.0
0.0 64.50457 0.0354 0.0 19.0
0.0 61.109592 0.0355 1.0 19.0
-2.2522905 63.64988 0.0355 1.0 19.0
-2.2522905 63.64988 0.0356 0.0 20.0
-5.622836 64.056435 0.0356 0.0 20.0
-2.2522905 63.64988 0.0357 0.0 20.0
-4.504581 66.19016 0.0357 0.0 20.0
-4.504581 66.19016 0.0358 0.0 21.0
-4.504581 69.58514 0.0358 0.0 21.0
-4.504581 66.19016 0.0359 0.0 21.0
-6.756871 68.730446 0.0359 0.0 21.0
0.0 61.109592 0.0360 3.0 19.0
0.0 64.50457 0.0360 3.0 19.0
0.0 64.50457 0.0361 0.0 20.0
-2.2522905 67.04485 0.0361 0.0 20.0
0.0 64.50457 0.0362 2.0 20.0
0.0 67.89954 0.0362 2.0 20.0
0.0 67.89954 0.0363 0.0 21.0
2.2522905 70.43983 0.0363 0.0 21.0
0.0 67.89954 0.0364 0.0 21.0
0.0 71.29452 0.0364 0.0 21.0
0.0 67.89954 0.0365 1.0 21.0
2.2522905 70.43983 0.0365 1.0 21.0
2.2522905 70.43983 0.0366 0.0 22.0
2.2522905 73.8348 0.0366 0.0 22.0
2.2522905 70.43983 0.0367 0.0 22.0
4.504581 72.98011 0.0367 0.0 22.0
4.504581 72.98011 0.0368 0.0 23.0
7.875127 73.386665 0.0368 0.0 23.0
4.504581 72.98011 0.0369 0.0 23.0
6.756871 75.52039 0.0369 0.0 23.0
0.0 67.89954 0.0370 1.0 21.0
0.0 71.29452 0.0370 1.0 21.0
0.0 71.29452 0.0371 0.0 22.0
-2.2522905 73.8348 0.0371 0.0 22.0
0.0 71.29452 0.0372 0.0 22.0
0.0 74.68949 0.0372 0.0 22.0
0.0 74.68949 0.0373 0.0 23.0
2.2522905 77.229774 0.0373 0.0 23.0
0.0 74.68949 0.0374 0.0 23.0
0.0 78.084465 0.0374 0.0 23.0
0.0 54.319637 0.0375 13.0 17.0
2.2522905 56.859924 0.0375 13.0 17.0
2.2522905 56.859924 0.0376 0.0 18.0
2.2522905 60.2549 0.0376 0.0 18.0
2.2522905 56.859924 0.0377 12.0 18.0
4.504581 59.40021 0.0377 12.0 18.0
4.504581 59.40021 0.0378 0.0 19.0
7.875127 59.806767 0.0378 0.0 19.0
4.504581 59.40021 0.0379 0.0 19.0
6.756871 61.9405 0.0379 0.0 19.0
4.504581 59.40021 0.0380 1.0 19.0
4.504581 62.79519 0.0380 1.0 19.0
4.504581 62.79519 0.0381 0.0 20.0
2.2522905 65.33547 0.0381 0.0 20.0
4.504581 62.79519 0.0382 0.0 20.0
4.504581 66.19016 0.0382 0.0 20.0
4.504581 66.19016 0.0383 0.0 21.0
6.756871 68.730446 0.0383 0.0 21.0
4.504581 66.19016 0.0384 0.0 21.0
4.504581 69.58514 0.0384 0.0 21.0
4.504581 59.40021 0.0385 11.0 19.0
6.756871 61.9405 0.0385 11.0 19.0
6.756871 61.9405 0.0386 0.0 20.0
6.756871 65.33547 0.0386 0.0 20.0
6.756871 61.9405 0.0387 10.0 20.0
9.009162 64.48078 0.0387 10.0 20.0
9.009162 64.48078 0.0388 0.0 21.0
12.379707 64.88734 0.0388 0.0 21.0
9.009162 64.48078 0.0389 0.0 21.0
11.261453 67.021065 0.0389 0.0 21.0
9.009162 64.48078 0.0390 1.0 21.0
12.379707 64.88734 0.0390 1.0 21.0
12.379707 64.88734 0.0391 0.0 22.0
14.631998 67.42762 0.0391 0.0 22.0
12.379707 64.88734 0.0392 0.0 22.0
15.750254 65.29389 0.0392 0.0 22.0
15.750254 65.29389 0.0393 0.0 23.0
18.541975 63.36201 0.0393 0.0 23.0
15.750254 65.29389 0.0394 0.0 23.0
19.1208 65.70045 0.0394 0.0 23.0
9.009162 64.48078 0.0395 1.0 21.0
11.261453 67.021065 0.0395 1.0 21.0
11.261453 67.021065 0.0396 0.0 22.0
11.261453 70.41604 0.0396 0.0 22.0
11.261453 67.021065 0.0397 0.0 22.0
13.513743 69.56135 0.0397 0.0 22.0
13.513743 69.56135 0.0398 0.0 23.0
16.884289 69.9679 0.0398 0.0 23.0
13.513743 69.56135 0.0399 0.0 23.0
15.766034 72.10163 0.0399 0.0 23.0
9.009162 64.48078 0.0400 5.0 21.0
12.379707 64.88734 0.0400 5.0 21.0
12.379707 64.88734 0.0401 0.0 22.0
14.631998 67.42762 0.0401 0.0 22.0
12.379707 64.88734 0.0402 4.0 22.0
15.750254 65.29389 0.0402 4.0 22.0
15.750254 65.29389 0.0403 0.0 23.0
18.541975 63.36201 0.0403 0.0 23.0
15.750254 65.29389 0.0404 0.0 23.0
19.1208 65.70045 0.0404 0.0 23.0
15.750254 65.29389 0.0405 1.0 23.0
18.002544 67.834175 0.0405 1.0 23.0
18.002544 67.834175 0.0406 0.0 24.0
18.002544 71.22915 0.0406 0.0 24.0
18.002544 67.834175 0.0407 0.0 24.0
20.254835 70.37446 0.0407 0.0 24.0
20.254835 70.37446 0.0408 0.0 25.0
23.625381 70.78101 0.0408 0.0 25.0
20.254835 70.37446 0.0409 0.0 25.0
22.507126 72.91474 0.0409 0.0 25.0
15.750254 65.29389 0.0410 3.0 23.0
19.1208 65.70045 0.0410 3.0 23.0
19.1208 65.70045 0.0411 0.0 24.0
21.37309 68.24073 0.0411 0.0 24.0
19.1208 65.70045 0.0412 2.0 24.0
22.491346 66.107 0.0412 2.0 24.0
22.491346 66.107 0.0413 0.0 25.0
25.283068 64.175125 0.0413 0.0 25.0
22.491346 66.107 0.0414 0.0 25.0
25.861893 66.51356 0.0414 0.0 25.0
22.491346 66.107 0.0415 1.0 25.0
25.283068 64.175125 0.0415 1.0 25.0
25.283068 64.175125 0.0416 0.0 26.0
28.653614 64.58168 0.0416 0.0 26.0
25.283068 64.175125 0.0417 0.0 26.0
28.07479 62.243244 0.0417 0.0 26.0
28.07479 62.243244 0.0418 0.0 27.0
28.882046 58.94564 0.0418 0.0 27.0
28.07479 62.243244 0.0419 0.0 27.0
30.86651 60.311363 0.0419 0.0 27.0
22.491346 66.107 0.0420 1.0 25.0
25.861893 66.51356 0.0420 1.0 25.0
25.861893 66.51356 0.0421 0.0 26.0
28.114183 69.05384 0.0421 0.0 26.0
25.861893 66.51356 0.0422 0.0 26.0
29.232439 66.92011 0.0422 0.0 26.0
29.232439 66.92011 0.0423 0.0 27.0
32.024162 64.988235 0.0423 0.0 27.0
29.232439 66.92011 0.0424 0.0 27.0
32.602985 67.32667 0.0424 0.0 27.0
9.009162 64.48078 0.0425 9.0 21.0
11.261453 67.021065 0.0425 9.0 21.0
11.261453 67.021065 0.0426 0.0 22.0
11.261453 70.41604 0.0426 0.0 22.0
11.261453 67.021065 0.0427 8.0 22.0
13.513743 69.56135 0.0427 8.0 22.0
13.513743 69.56135 0.0428 0.0 23.0
16.884289 69.9679 0.0428 0.0 23.0
13.513743 69.56135 0.0429 0.0 23.0
15.766034 72.10163 0.0429 0.0 23.0
13.513743 69.56135 0.0430 1.0 23.0
13.513743 72.95632 0.0430 1.0 23.0
13.513743 72.95632 0.0431 0.0 24.0
11.261453 75.496605 0.0431 0.0 24.0
13.513743 72.95632 0.0432 0.0 24.0
13.513743 76.351295 0.0432 0.0 24.0
13.513743 76.351295 0.0433 0.0 25.0
15.766034 78.89158 0.0433 0.0 25.0
13.513743 76.351295 0.0434 0.0 25.0
13.513743 79.74627 0.0434 0.0 25.0
13.513743 69.56135 0.0435 7.0 23.0
15.766034 72.10163 0.0435 7.0 23.0
15.766034 72.10163 0.0436 0.0 24.0
15.766034 75.496605 0.0436 0.0 24.0
15.766034 72.10163 0.0437 6.0 24.0
18.018324 74.641914 0.0437 6.0 24.0
18.018324 74.641914 0.0438 0.0 25.0
21.38887 75.04847 0.0438 0.0 25.0
18.018324 74.641914 0.0439 0.0 25.0
20.270615 77.1822 0.0439 0.0 25.0
18.018324 74.641914 0.0440 1.0 25.0
21.38887 75.04847 0.0440 1.0 25.0
21.38887 75.04847 0.0441 0.0 26.0
23.641161 77.58875 0.0441 0.0 26.0
21.38887 75.04847 0.0442 0.0 26.0
24.759417 75.455025 0.0442 0.0 26.0
24.759417 75.455025 0.0443 0.0 27.0
27.551138 73.52315 0.0443 0.0 27.0
24.759417 75.455025 0.0444 0.0 27.0
28.129963 75.86158 0.0444 0.0 27.0
18.018324 74.641914 0.0445 1.0 25.0
20.270615 77.1822 0.0445 1.0 25.0
20.270615 77.1822 0.0446 0.0 26.0
20.270615 80.57717 0.0446 0.0 26.0
20.270615 77.1822 0.0447 0.0 26.0
22.522905 79.72248 0.0447 0.0 26.0
22.522905 79.72248 0.0448 0.0 27.0
25.893452 80.129036 0.0448 0.0 27.0
22.522905 79.72248 0.0449 0.0 27.0
24.775196 82.262764 0.0449 0.0 27.0
18.018324 74.641914 0.0450 5.0 25.0
21.38887 75.04847 0.0450 5.0 25.0
21.38887 75.04847 0.0451 0.0 26.0
23.641161 77.58875 0.0451 0.0 26.0
21.38887 75.04847 0.0452 4.0 26.0
24.759417 75.455025 0.0452 4.0 26.0
24.759417 75.455025 0.0453 0.0 27.0
27.551138 73.52315 0.0453 0.0 27.0
24.759417 75.455025 0.0454 0.0 27.0
28.129963 75.86158 0.0454 0.0 27.0
24.759417 75.455025 0.0455 1.0 27.0
27.011707 77.99531 0.0455 1.0 27.0
27.011707 77.99531 0.0456 0.0 28.0
27.011707 81.39028 0.0456 0.0 28.0
27.011707 77.99531 0.0457 0.0 28.0
29.263998 80.53559 0.0457 0.0 28.0
29.263998 80.53559 0.0458 0.0 29.0
32.634544 80.94215 0.0458 0.0 29.0
29.263998 80.53559 0.0459 0.0 29.0
31.516289 83.075874 0.0459 0.0 29.0
24.759417 75.455025 0.0460 3.0 27.0
28.129963 75.86158 0.0460 3.0 27.0
28.129963 75.86158 0.0461 0.0 28.0
30.382254 78.40186 0.0461 0.0 28.0
28.129963 75.86158 0.0462 2.0 28.0
31.50051 76.268135 0.0462 2.0 28.0
31.50051 76.268135 0.0463 0.0 29.0
34.292233 74.33626 0.0463 0.0 29.0
31.50051 76.268135 0.0464 0.0 29.0
34.871056 76.67469 0.0464 0.0 29.0
31.50051 76.268135 0.0465 1.0 29.0
34.292233 74.33626 0.0465 1.0 29.0
34.292233 74.33626 0.0466 0.0 30.0
37.662777 74.74281 0.0466 0.0 30.0
34.292233 74.33626 0.0467 0.0 30.0
37.083954 72.40438 0.0467 0.0 30.0
37.083954 72.40438 0.0468 0.0 31.0
37.891212 69.10677 0.0468 0.0 31.0
37.083954 72.40438 0.0469 0.0 31.0
39.875675 70.4725 0.0469 0.0 31.0
31.50051 76.268135 0.0470 1.0 29.0
34.871056 76.67469 0.0470 1.0 29.0
34.871056 76.67469 0.0471 0.0 30.0
37.123344 79.21497 0.0471 0.0 30.0
34.871056 76.67469 0.0472 0.0 30.0
38.2416 77.081245 0.0472 0.0 30.0
38.2416 77.081245 0.0473 0.0 31.0
41.03332 75.14937 0.0473 0.0 31.0
38.2416 77.081245 0.0474 0.0 31.0
41.612144 77.4878 0.0474 0.0 31.0
18.018324 74.641914 0.0475 5.0 25.0
20.270615 77.1822 0.0475 5.0 25.0
20.270615 77.1822 0.0476 0.0 26.0
20.270615 80.57717 0.0476 0.0 26.0
20.270615 77.1822 0.0477 4.0 26.0
22.522905 79.72248 0.0477 4.0 26.0
22.522905 79.72248 0.0478 0.0 27.0
25.893452 80.129036 0.0478 0.0 27.0
22.522905 79.72248 0.0479 0.0 27.0
24.775196 82.262764 0.0479 0.0 27.0
22.522905 79.72248 0.0480 1.0 27.0
22.522905 83.117455 0.0480 1.0 27.0
22.522905 83.117455 0.0481 0.0 28.0
20.270615 85.65774 0.0481 0.0 28.0
22.522905 83.117455 0.0482 0.0 28.0
22.522905 86.51243 0.0482 0.0 28.0
22.522905 86.51243 0.0483 0.0 29.0
24.775196 89.05271 0.0483 0.0 29.0
22.522905 86.51243 0.0484 0.0 29.0
22.522905 89.9074 0.0484 0.0 29.0
22.522905 79.72248 0.0485 3.0 27.0
24.775196 82.262764 0.0485 3.0 27.0
24.775196 82.262764 0.0486 0.0 28.0
24.775196 85.65774 0.0486 0.0 28.0
24.775196 82.262764 0.0487 2.0 28.0
27.027487 84.80305 0.0487 2.0 28.0
27.027487 84.80305 0.0488 0.0 29.0
30.398033 85.2096 0.0488 0.0 29.0
27.027487 84.80305 0.0489 0.0 29.0
29.279778 87.34333 0.0489 0.0 29.0
27.027487 84.80305 0.0490 1.0 29.0
30.398033 85.2096 0.0490 1.0 29.0
30.398033 85.2096 0.0491 0.0 30.0
32.650322 87.749886 0.0491 0.0 30.0
30.398033 85.2096 0.0492 0.0 30.0
33.768578 85.61616 0.0492 0.0 30.0
33.768578 85.61616 0.0493 0.0 31.0
36.5603 83.68428 0.0493 0.0 31.0
33.768578 85.61616 0.0494 0.0 31.0
37.139122 86.02271 0.0494 0.0 31.0
27.027487 84.80305 0.0495 1.0 29.0
29.279778 87.34333 0.0495 1.0 29.0
29.279778 87.34333 0.0496 0.0 30.0
29.279778 90.738304 0.0496 0.0 30.0
29.279778 87.34333 0.0497 0.0 30.0
31.532068 89.88361 0.0497 0.0 30.0
31.532068 89.88361 0.0498 0.0 31.0
34.902615 90.29017 0.0498 0.0 31.0
31.532068 89.88361 0.0499 0.0 31.0
33.78436 92.4239 0.0499 0.0 31.0
0.0 54.319637 0.0500 13.0 17.0
0.0 57.714615 0.0500 13.0 17.0
0.0 57.714615 0.0501 0.0 18.0
-2.2522905 60.2549 0.0501 0.0 18.0
0.0 57.714615 0.0502 12.0 18.0
0.0 61.109592 0.0502 12.0 18.0
0.0 61.109592 0.0503 0.0 19.0
2.2522905 63.64988 0.0503 0.0 19.0
0.0 61.109592 0.0504 0.0 19.0
0.0 64.50457 0.0504 0.0 19.0
0.0 61.109592 0.0505 1.0 19.0
-2.2522905 63.64988 0.0505 1.0 19.0
-2.2522905 63.64988 0.0506 0.0 20.0
-5.622836 64.056435 0.0506 0.0 20.0
-2.2522905 63.64988 0.0507 0.0 20.0
-4.504581 66.19016 0.0507 0.0 20.0
-4.504581 66.19016 0.0508 0.0 21.0
-4.504581 69.58514 0.0508 0.0 21.0
-4.504581 66.19016 0.0509 0.0 21.0
-6.756871 68.730446 0.0509 0.0 21.0
0.0 61.109592 0.0510 11.0 19.0
0.0 64.50457 0.0510 11.0 19.0
0.0 64.50457 0.0511 0.0 20.0
-2.2522905 67.04485 0.0511 0.0 20.0
0.0 64.50457 0.0512 10.0 20.0
0.0 67.89954 0.0512 10.0 20.0
0.0 67.89954 0.0513 0.0 21.0
2.2522905 70.43983 0.0513 0.0 21.0
0.0 67.89954 0.0514 0.0 21.0
0.0 71.29452 0.0514 0.0 21.0
0.0 67.89954 0.0515 1.0 21.0
2.2522905 70.43983 0.0515 1.0 21.0
2.2522905 70.43983 0.0516 0.0 22.0
2.2522905 73.8348 0.0516 0.0 22.0
2.2522905 70.43983 0.0517 0.0 22.0
4.504581 72.98011 0.0517 0.0 22.0
4.504581 72.98011 0.0518 0.0 23.0
7.875127 73.386665 0.0518 0.0 23.0
4.504581 72.98011 0.0519 0.0 23.0
6.756871 75.52039 0.0519 0.0 23.0
0.0 67.89954 0.0520 1.0 21.0
0.0 71.29452 0.0520 1.0 21.0
0.0 71.29452 0.0521 0.0 22.0
-2.2522905 73.8348 0.0521 0.0 22.0
0.0 71.29452 0.0522 0.0 22.0
0.0 74.68949 0.0522 0.0 22.0
0.0 74.68949 0.0523 0.0 23.0
2.2522905 77.229774 0.0523 0.0 23.0
0.0 74.68949 0.0524 0.0 23.0
0.0 78.084465 0.0524 0.0 23.0
0.0 67.89954 0.0525 5.0 21.0
2.2522905 70.43983 0.0525 5.0 21.0
2.2522905 70.43983 0.0526 0.0 22.0
2.2522905 73.8348 0.0526 0.0 22.0
2.2522905 70.43983 0.0527 4.0 22.0
4.504581 72.98011 0.0527 4.0 22.0
4.504581 72.98011 0.0528 0.0 23.0
7.875127 73.386665 0.0528 0.0 23.0
4.504581 72.98011 0.0529 0.0 23.0
6.756871 75.52039 0.0529 0.0 23.0
4.504581 72.98011 0.0530 1.0 23.0
4.504581 76.375084 0.0530 1.0 23.0
4.504581 76.375084 0.0531 0.0 24.0
2.2522905 78.91537 0.0531 0.0 24.0
4.504581 76.375084 0.0532 0.0 24.0
4.504581 79.77006 0.0532 0.0 24.0
4.504581 79.77006 0.0533 0.0 25.0
6.756871 82.31034 0.0533 0.0 25.0
4.504581 79.77006 0.0534 0.0 25.0
4.504581 83.16503 0.0534 0.0 25.0
4.504581 72.98011 0.0535 3.0 23.0
6.756871 75.52039 0.0535 3.0 23.0
6.756871 75.52039 0.0536 0.0 24.0
6.756871 78.91537 0.0536 0.0 24.0
6.756871 75.52039 0.0537 2.0 24.0
9.009162 78.06068 0.0537 2.0 24.0
9.009162 78.06068 0.0538 0.0 25.0
12.379707 78.46723 0.0538 0.0 25.0
9.009162 78.06068 0.0539 0.0 25.0
11.261453 80.60096 0.0539 0.0 25.0
9.009162 78.06068 0.0540 1.0 25.0
12.379707 78.46723 0.0540 1.0 25.0
12.379707 78.46723 0.0541 0.0 26.0
14.631998 81.007515 0.0541 0.0 26.0
12.379707 78.46723 0.0542 0.0 26.0
15.750254 78.87379 0.0542 0.0 26.0
15.750254 78.87379 0.0543 0.0 27.0
18.541975 76.94191 0.0543 0.0 27.0
15.750254 78.87379 0.0544 0.0 27.0
19.1208 79.28034 0.0544 0.0 27.0
9.009162 78.06068 0.0545 1.0 25.0
11.261453 80.60096 0.0545 1.0 25.0
11.261453 80.60096 0.0546 0.0 26.0
11.261453 83.99593 0.0546 0.0 26.0
11.261453 80.60096 0.0547 0.0 26.0
13.513743 83.14124 0.0547 0.0 26.0
13.513743 83.14124 0.0548 0.0 27.0
16.884289 83.5478 0.0548 0.0 27.0
13.513743 83.14124 0.0549 0.0 27.0
15.766034 85.681526 0.0549 0.0 27.0
0.0 67.89954 0.0550 9.0 21.0
0.0 71.29452 0.0550 9.0 21.0
0.0 71.29452 0.0551 0.0 22.0
-2.2522905 73.8348 0.0551 0.0 22.0
0.0 71.29452 0.0552 8.0 22.0
0.0 74.68949 0.0552 8.0 22.0
0.0 74.68949 0.0553 0.0 23.0
2.2522905 77.229774 0.0553 0.0 23.0
0.0 74.68949 0.0554 0.0 23.0
0.0 78.084465 0.0554 0.0 23.0
0.0 74.68949 0.0555 1.0 23.0
-2.2522905 77.229774 0.0555 1.0 23.0
-2.2522905 77.229774 0.0556 0.0 24.0
-5.622836 77.63633 0.0556 0.0 24.0
-2.2522905 77.229774 0.0557 0.0 24.0
-4.504581 79.77006 0.0557 0.0 24.0
-4.504581 79.77006 0.0558 0.0 25.0
-4.504581 83.16503 0.0558 0.0 25.0
-4.504581 79.77006 0.0559 0.0 25.0
-6.756871 82.31034 0.0559 0.0 25.0
0.0 74.68949 0.0560 7.0 23.0
0.0 78.084465 0.0560 7.0 23.0
0.0 78.084465 0.0561 0.0 24.0
-2.2522905 80.62475 0.0561 0.0 24.0
0.0 78.084465 0.0562 6.0 24.0
0.0 81.47944 0.0562 6.0 24.0
0.0 81.47944 0.0563 0.0 25.0
2.2522905 84.01972 0.0563 0.0 25.0
0.0 81.47944 0.0564 0.0 25.0
0.0 84.87441 0.0564 0.0 25.0
0.0 81.47944 0.0565 1.0 25.0
2.2522905 84.01972 0.0565 1.0 25.0
2.2522905 84.01972 0.0566 0.0 26.0
2.2522905 87.414696 0.0566 0.0 26.0
2.2522905 84.01972 0.0567 0.0 26.0
4.504581 86.560005 0.0567 0.0 26.0
4.504581 86.560005 0.0568 0.0 27.0
7.875127 86.96656 0.0568 0.0 27.0
4.504581 86.560005 0.0569 0.0 27.0
6.756871 89.10029 0.0569 0.0 27.0
0.0 81.47944 0.0570 1.0 25.0
0.0 84.87441 0.0570 1.0 25.0
0.0 84.87441 0.0571 0.0 26.0
-2.2522905 87.414696 0.0571 0.0 26.0
0.0 84.87441 0.0572 0.0 26.0
0.0 88.26939 0.0572 0.0 26.0
0.0 88.26939 0.0573 0.0 27.0
2.2522905 90.80967 0.0573 0.0 27.0
0.0 88.26939 0.0574 0.0 27.0
0.0 91.66436 0.0574 0.0 27.0
0.0 81.47944 0.0575 5.0 25.0
2.2522905 84.01972 0.0575 5.0 25.0
2.2522905 84.01972 0.0576 0.0 26.0
2.2522905 87.414696 0.0576 0.0 26.0
2.2522905 84.01972 0.0577 4.0 26.0
4.504581 86.560005 0.0577 4.0 26.0
4.504581 86.560005 0.0578 0.0 27.0
7.875127 86.96656 0.0578 0.0 27.0
4.504581 86.560005 0.0579 0.0 27.0
6.756871 89.10029 0.0579 0.0 27.0
4.504581 86.560005 0.0580 1.0 27.0
4.504581 89.95498 0.0580 1.0 27.0
4.504581 89.95498 0.0581 0.0 28.0
2.2522905 92.49526 0.0581 0.0 28.0
4.504581 89.95498 0.0582 0.0 28.0
4.504581 93.34995 0.0582 0.0 28.0
4.504581 93.34995 0.0583 0.0 29.0
6.756871 95.890236 0.0583 0.0 29.0
4.504581 93.34995 0.0584 0.0 29.0
4.504581 96.74493 0.0584 0.0 29.0
4.504581 86.560005 0.0585 3.0 27.0
6.756871 89.10029 0.0585 3.0 27.0
6.756871 89.10029 0.0586 0.0 28.0
6.756871 92.49526 0.0586 0.0 28.0
6.756871 89.10029 0.0587 2.0 28.0
9.009162 91.64057 0.0587 2.0 28.0
9.009162 91.64057 0.0588 0.0 29.0
12.379707 92.04713 0.0588 0.0 29.0
9.009162 91.64057 0.0589 0.0 29.0
11.261453 94.180855 0.0589 0.0 29.0
9.009162 91.64057 0.0590 1.0 29.0
12.379707 92.04713 0.0590 1.0 29.0
12.379707 92.04713 0.0591 0.0 30.0
14.631998 94.58741 0.0591 0.0 30.0
12.379707 92.04713 0.0592 0.0 30.0
15.750254 92.45368 0.0592 0.0 30.0
15.750254 92.45368 0.0593 0.0 31.0
18.541975 90.521805 0.0593 0.0 31.0
15.750254 92.45368 0.0594 0.0 31.0
19.1208 92.86024 0.0594 0.0 31.0
9.009162 91.64057 0.0595 1.0 29.0
11.261453 94.180855 0.0595 1.0 29.0
11.261453 94.180855 0.0596 0.0 30.0
11.261453 97.57583 0.0596 0.0 30.0
11.261453 94.180855 0.0597 0.0 30.0
13.513743 96.72114 0.0597 0.0 30.0
13.513743 96.72114 0.0598 0.0 31.0
16.884289 97.12769 0.0598 0.0 31.0
13.513743 96.72114 0.0599 0.0 31.0
15.766034 99.26142 0.0599 0.0 31.0
0.0 81.47944 0.0600 5.0 25.0
0.0 84.87441 0.0600 5.0 25.0
0.0 84.87441 0.0601 0.0 26.0
-2.2522905 87.414696 0.0601 0.0 26.0
0.0 84.87441 0.0602 4.0 26.0
0.0 88.26939 0.0602 4.0 26.0
0.0 88.26939 0.0603 0.0 27.0
2.2522905 90.80967 0.0603 0.0 27.0
0.0 88.26939 0.0604 0.0 27.0
0.0 91.66436 0.0604 0.0 27.0
0.0 88.26939 0.0605 1.0 27.0
-2.2522905 90.80967 0.0605 1.0 27.0
-2.2522905 90.80967 0.0606 0.0 28.0
-5.622836 91.216225 0.0606 0.0 28.0
-2.2522905 90.80967 0.0607 0.0 28.0
-4.504581 93.34995 0.0607 0.0 28.0
-4.504581 93.34995 0.0608 0.0 29.0
-4.504581 96.74493 0.0608 0.0 29.0
-4.504581 93.34995 0.0609 0.0 29.0
-6.756871 95.890236 0.0609 0.0 29.0
0.0 88.26939 0.0610 3.0 27.0
0.0 91.66436 0.0610 3.0 27.0
0.0 91.66436 0.0611 0.0 28.0
-2.2522905 94.20464 0.0611 0.0 28.0
0.0 91.66436 0.0612 2.0 28.0
0.0 95.05933 0.0612 2.0 28.0
0.0 95.05933 0.0613 0.0 29.0
2.2522905 97.59962 0.0613 0.0 29.0
0.0 95.05933 0.0614 0.0 29.0
0.0 98.45431 0.0614 0.0 29.0
0.0 95.05933 0.0615 1.0 29.0
2.2522905 97.59962 0.0615 1.0 29.0
2.2522905 97.59962 0.0616 0.0 30.0
2.2522905 100.99459 0.0616 0.0 30.0
2.2522905 97.59962 0.0617 0.0 30.0
4.504581 100.1399 0.0617 0.0 30.0
4.504581 100.1399 0.0618 0.0 31.0
7.875127 100.546455 0.0618 0.0 31.0
4.504581 100.1399 0.0619 0.0 31.0
6.756871 102.68018 0.0619 0.0 31.0
0.0 95.05933 0.0620 1.0 29.0
0.0 98.45431 0.0620 1.0 29.0
0.0 98.45431 0.0621 0.0 30.0
-2.2522905 100.99459 0.0621 0.0 30.0
0.0 98.45431 0.0622 0.0 30.0
0.0 101.84928 0.0622 0.0 30.0
0.0 101.84928 0.0623 0.0 31.0
2.2522905 104.389565 0.0623 0.0 31.0
0.0 101.84928 0.0624 0.0 31.0
0.0 105.244255 0.0624 0.0 31.0
