0.0 0.0 0.00 60.0 1.0
0.0 0.8968755 0.00 60.0 1.0
0.0 0.8968755 0.01 59.0 2.0
0.0 1.793751 0.01 59.0 2.0
0.0 1.793751 0.02 58.0 3.0
0.0 2.6906266 0.02 58.0 3.0
0.0 2.6906266 0.03 57.0 4.0
0.0 3.587502 0.03 57.0 4.0
0.0 3.587502 0.04 56.0 5.0
0.0 4.4843774 0.04 56.0 5.0
0.0 4.4843774 0.05 55.0 6.0
0.0 5.381253 0.05 55.0 6.0
0.0 5.381253 0.06 54.0 7.0
0.0 6.278128 0.06 54.0 7.0
0.0 6.278128 0.07 53.0 8.0
0.0 7.1750035 0.07 53.0 8.0
0.0 7.1750035 0.08 52.0 9.0
0.0 8.071879 0.08 52.0 9.0
0.0 8.071879 0.09 51.0 10.0
0.0 8.968755 0.09 51.0 10.0
0.0 8.968755 0.010 50.0 11.0
0.0 9.86563 0.010 50.0 11.0
0.0 9.86563 0.011 49.0 12.0
0.0 10.762506 0.011 49.0 12.0
0.0 10.762506 0.012 48.0 13.0
0.0 11.659381 0.012 48.0 13.0
0.0 11.659381 0.013 47.0 14.0
0.0 12.556256 0.013 47.0 14.0
0.0 12.556256 0.014 46.0 15.0
0.0 13.453132 0.014 46.0 15.0
0.0 13.453132 0.015 45.0 16.0
0.0 14.350007 0.015 45.0 16.0
0.0 14.350007 0.016 28.0 17.0
-0.4230038 15.140863 0.016 28.0 17.0
-0.4230038 15.140863 0.017 27.0 18.0
-0.8460076 15.93172 0.017 27.0 18.0
-0.8460076 15.93172 0.018 26.0 19.0
-1.2690114 16.722576 0.018 26.0 19.0
-1.2690114 16.722576 0.019 25.0 20.0
-1.6920152 17.513432 0.019 25.0 20.0
-1.6920152 17.513432 0.020 24.0 21.0
-2.1150188 18.304287 0.020 24.0 21.0
-2.1150188 18.304287 0.021 23.0 22.0
-2.5380225 19.095142 0.021 23.0 22.0
-2.5380225 19.095142 0.022 22.0 23.0
-2.9610262 19.885998 0.022 22.0 23.0
-2.9610262 19.885998 0.023 21.0 24.0
-3.3840299 20.676853 0.023 21.0 24.0
-3.3840299 20.676853 0.024 12.0 25.0
-4.130031 21.174717 0.024 12.0 25.0
-4.130031 21.174717 0.025 11.0 26.0
-4.8760324 21.67258 0.025 11.0 26.0
-4.8760324 21.67258 0.026 10.0 27.0
-5.6220336 22.170444 0.026 10.0 27.0
-5.6220336 22.170444 0.027 9.0 28.0
-6.368035 22.668308 0.027 9.0 28.0
-6.368035 22.668308 0.028 4.0 29.0
-7.2606645 22.755474 0.028 4.0 29.0
-7.2606645 22.755474 0.029 3.0 30.0
-8.153295 22.84264 0.029 3.0 30.0
-8.153295 22.84264 0.030 0.0 31.0
-8.981518 22.4985 0.030 0.0 31.0
-8.981518 22.4985 0.031 0.0 32.0
-9.809741 22.154362 0.031 0.0 32.0
-8.153295 22.84264 0.032 0.0 31.0
-8.899296 23.340504 0.032 0.0 31.0
-8.899296 23.340504 0.033 0.0 32.0
-9.645297 23.838367 0.033 0.0 32.0
-8.153295 22.84264 0.034 2.0 31.0
-9.045924 22.929806 0.034 2.0 31.0
-9.045924 22.929806 0.035 1.0 32.0
-9.938554 23.016972 0.035 1.0 32.0
-9.938554 23.016972 0.036 0.0 33.0
-10.831183 23.104137 0.036 0.0 33.0
-10.831183 23.104137 0.037 0.0 34.0
-11.723813 23.191303 0.037 0.0 34.0
-6.368035 22.668308 0.038 4.0 29.0
-6.7910385 23.459164 0.038 4.0 29.0
-6.7910385 23.459164 0.039 3.0 30.0
-7.214042 24.25002 0.039 3.0 30.0
-7.214042 24.25002 0.040 0.0 31.0
-7.9600434 24.747883 0.040 0.0 31.0
-7.9600434 24.747883 0.041 0.0 32.0
-8.706045 25.245747 0.041 0.0 32.0
-7.214042 24.25002 0.042 0.0 31.0
-7.214042 25.146894 0.042 0.0 31.0
-7.214042 25.146894 0.043 0.0 32.0
-7.214042 26.04377 0.043 0.0 32.0
-7.214042 24.25002 0.044 2.0 31.0
-7.637046 25.040874 0.044 2.0 31.0
-7.637046 25.040874 0.045 1.0 32.0
-8.06005 25.83173 0.045 1.0 32.0
-8.06005 25.83173 0.046 0.0 33.0
-8.483054 26.622585 0.046 0.0 33.0
-8.483054 26.622585 0.047 0.0 34.0
-8.906058 27.41344 0.047 0.0 34.0
-6.368035 22.668308 0.048 8.0 29.0
-7.114036 23.166172 0.048 8.0 29.0
-7.114036 23.166172 0.049 7.0 30.0
-7.8600373 23.664036 0.049 7.0 30.0
-7.8600373 23.664036 0.050 6.0 31.0
-8.606039 24.1619 0.050 6.0 31.0
-8.606039 24.1619 0.051 5.0 32.0
-9.35204 24.659763 0.051 5.0 32.0
-9.35204 24.659763 0.052 4.0 33.0
-10.098042 25.157627 0.052 4.0 33.0
-10.098042 25.157627 0.053 3.0 34.0
-10.844043 25.65549 0.053 3.0 34.0
-10.844043 25.65549 0.054 0.0 35.0
-11.736672 25.742657 0.054 0.0 35.0
-11.736672 25.742657 0.055 0.0 36.0
-12.629302 25.829823 0.055 0.0 36.0
-10.844043 25.65549 0.056 0.0 35.0
-11.267047 26.446346 0.056 0.0 35.0
-11.267047 26.446346 0.057 0.0 36.0
-11.690051 27.237202 0.057 0.0 36.0
-10.844043 25.65549 0.058 2.0 35.0
-11.590044 26.153355 0.058 2.0 35.0
-11.590044 26.153355 0.059 1.0 36.0
-12.336045 26.651218 0.059 1.0 36.0
-12.336045 26.651218 0.060 0.0 37.0
-13.0820465 27.149082 0.060 0.0 37.0
-13.0820465 27.149082 0.061 0.0 38.0
-13.828048 27.646946 0.061 0.0 38.0
-3.3840299 20.676853 0.062 12.0 25.0
-3.3840299 21.573729 0.062 12.0 25.0
-3.3840299 21.573729 0.063 11.0 26.0
-3.3840299 22.470604 0.063 11.0 26.0
-3.3840299 22.470604 0.064 10.0 27.0
-3.3840299 23.36748 0.064 10.0 27.0
-3.3840299 23.36748 0.065 9.0 28.0
-3.3840299 24.264355 0.065 9.0 28.0
-3.3840299 24.264355 0.066 4.0 29.0
-3.8070335 25.05521 0.066 4.0 29.0
-3.8070335 25.05521 0.067 3.0 30.0
-4.230037 25.846066 0.067 3.0 30.0
-4.230037 25.846066 0.068 0.0 31.0
-4.9760385 26.34393 0.068 0.0 31.0
-4.9760385 26.34393 0.069 0.0 32.0
-5.7220397 26.841793 0.069 0.0 32.0
-4.230037 25.846066 0.070 0.0 31.0
-4.230037 26.74294 0.070 0.0 31.0
-4.230037 26.74294 0.071 0.0 32.0
-4.230037 27.639816 0.071 0.0 32.0
-4.230037 25.846066 0.072 2.0 31.0
-4.653041 26.63692 0.072 2.0 31.0
-4.653041 26.63692 0.073 1.0 32.0
-5.0760446 27.427776 0.073 1.0 32.0
-5.0760446 27.427776 0.074 0.0 33.0
-5.499048 28.218632 0.074 0.0 33.0
-5.499048 28.218632 0.075 0.0 34.0
-5.922052 29.009487 0.075 0.0 34.0
-3.3840299 24.264355 0.076 4.0 29.0
-2.9610262 25.05521 0.076 4.0 29.0
-2.9610262 25.05521 0.077 3.0 30.0
-2.5380225 25.846066 0.077 3.0 30.0
-2.5380225 25.846066 0.078 0.0 31.0
-2.5380225 26.74294 0.078 0.0 31.0
-2.5380225 26.74294 0.079 0.0 32.0
-2.5380225 27.639816 0.079 0.0 32.0
-2.5380225 25.846066 0.080 0.0 31.0
-1.7920213 26.34393 0.080 0.0 31.0
-1.7920213 26.34393 0.081 0.0 32.0
-1.04602 26.841793 0.081 0.0 32.0
-2.5380225 25.846066 0.082 2.0 31.0
-2.1150188 26.63692 0.082 2.0 31.0
-2.1150188 26.63692 0.083 1.0 32.0
-1.692015 27.427776 0.083 1.0 32.0
-1.692015 27.427776 0.084 0.0 33.0
-1.2690113 28.218632 0.084 0.0 33.0
-1.2690113 28.218632 0.085 0.0 34.0
-0.84600747 29.009487 0.085 0.0 34.0
-3.3840299 24.264355 0.086 8.0 29.0
-3.3840299 25.16123 0.086 8.0 29.0
-3.3840299 25.16123 0.087 7.0 30.0
-3.3840299 26.058105 0.087 7.0 30.0
-3.3840299 26.058105 0.088 6.0 31.0
-3.3840299 26.95498 0.088 6.0 31.0
-3.3840299 26.95498 0.089 5.0 32.0
-3.3840299 27.851856 0.089 5.0 32.0
-3.3840299 27.851856 0.090 4.0 33.0
-3.3840299 28.748732 0.090 4.0 33.0
-3.3840299 28.748732 0.091 3.0 34.0
-3.3840299 29.645607 0.091 3.0 34.0
-3.3840299 29.645607 0.092 0.0 35.0
-3.8070335 30.436462 0.092 0.0 35.0
-3.8070335 30.436462 0.093 0.0 36.0
-4.230037 31.227318 0.093 0.0 36.0
-3.3840299 29.645607 0.094 0.0 35.0
-2.9610262 30.436462 0.094 0.0 35.0
-2.9610262 30.436462 0.095 0.0 36.0
-2.5380225 31.227318 0.095 0.0 36.0
-3.3840299 29.645607 0.096 2.0 35.0
-3.3840299 30.542482 0.096 2.0 35.0
-3.3840299 30.542482 0.097 1.0 36.0
-3.3840299 31.439358 0.097 1.0 36.0
-3.3840299 31.439358 0.098 0.0 37.0
-3.3840299 32.336235 0.098 0.0 37.0
-3.3840299 32.336235 0.099 0.0 38.0
-3.3840299 33.233112 0.099 0.0 38.0
-3.3840299 20.676853 0.0100 20.0 25.0
-3.8070335 21.467709 0.0100 20.0 25.0
-3.8070335 21.467709 0.0101 19.0 26.0
-4.230037 22.258564 0.0101 19.0 26.0
-4.230037 22.258564 0.0102 18.0 27.0
-4.653041 23.04942 0.0102 18.0 27.0
-4.653041 23.04942 0.0103 17.0 28.0
-5.0760446 23.840275 0.0103 17.0 28.0
-5.0760446 23.840275 0.0104 16.0 29.0
-5.499048 24.63113 0.0104 16.0 29.0
-5.499048 24.63113 0.0105 15.0 30.0
-5.922052 25.421986 0.0105 15.0 30.0
-5.922052 25.421986 0.0106 14.0 31.0
-6.3450556 26.212841 0.0106 14.0 31.0
-6.3450556 26.212841 0.0107 13.0 32.0
-6.7680593 27.003696 0.0107 13.0 32.0
-6.7680593 27.003696 0.0108 12.0 33.0
-7.191063 27.794552 0.0108 12.0 33.0
-7.191063 27.794552 0.0109 11.0 34.0
-7.6140666 28.585407 0.0109 11.0 34.0
-7.6140666 28.585407 0.0110 10.0 35.0
-8.03707 29.376263 0.0110 10.0 35.0
-8.03707 29.376263 0.0111 9.0 36.0
-8.460074 30.167118 0.0111 9.0 36.0
-8.460074 30.167118 0.0112 4.0 37.0
-9.206076 30.664982 0.0112 4.0 37.0
-9.206076 30.664982 0.0113 3.0 38.0
-9.952077 31.162846 0.0113 3.0 38.0
-9.952077 31.162846 0.0114 0.0 39.0
-10.844707 31.250011 0.0114 0.0 39.0
-10.844707 31.250011 0.0115 0.0 40.0
-11.737336 31.337177 0.0115 0.0 40.0
-9.952077 31.162846 0.0116 0.0 39.0
-10.375081 31.953701 0.0116 0.0 39.0
-10.375081 31.953701 0.0117 0.0 40.0
-10.798085 32.744556 0.0117 0.0 40.0
-9.952077 31.162846 0.0118 2.0 39.0
-10.698078 31.66071 0.0118 2.0 39.0
-10.698078 31.66071 0.0119 1.0 40.0
-11.444079 32.158573 0.0119 1.0 40.0
-11.444079 32.158573 0.0120 0.0 41.0
-12.190081 32.656437 0.0120 0.0 41.0
-12.190081 32.656437 0.0121 0.0 42.0
-12.936082 33.1543 0.0121 0.0 42.0
-8.460074 30.167118 0.0122 4.0 37.0
-8.460074 31.063993 0.0122 4.0 37.0
-8.460074 31.063993 0.0123 3.0 38.0
-8.460074 31.960869 0.0123 3.0 38.0
-8.460074 31.960869 0.0124 0.0 39.0
-8.883079 32.751724 0.0124 0.0 39.0
-8.883079 32.751724 0.0125 0.0 40.0
-9.306083 33.54258 0.0125 0.0 40.0
-8.460074 31.960869 0.0126 0.0 39.0
-8.03707 32.751724 0.0126 0.0 39.0
-8.03707 32.751724 0.0127 0.0 40.0
-7.6140666 33.54258 0.0127 0.0 40.0
-8.460074 31.960869 0.0128 2.0 39.0
-8.460074 32.857746 0.0128 2.0 39.0
-8.460074 32.857746 0.0129 1.0 40.0
-8.460074 33.754623 0.0129 1.0 40.0
-8.460074 33.754623 0.0130 0.0 41.0
-8.460074 34.6515 0.0130 0.0 41.0
-8.460074 34.6515 0.0131 0.0 42.0
-8.460074 35.548378 0.0131 0.0 42.0
-8.460074 30.167118 0.0132 8.0 37.0
-8.883079 30.957973 0.0132 8.0 37.0
-8.883079 30.957973 0.0133 7.0 38.0
-9.306083 31.748829 0.0133 7.0 38.0
-9.306083 31.748829 0.0134 6.0 39.0
-9.729087 32.539684 0.0134 6.0 39.0
-9.729087 32.539684 0.0135 5.0 40.0
-10.152091 33.33054 0.0135 5.0 40.0
-10.152091 33.33054 0.0136 4.0 41.0
-10.575095 34.121395 0.0136 4.0 41.0
-10.575095 34.121395 0.0137 3.0 42.0
-10.998099 34.91225 0.0137 3.0 42.0
-10.998099 34.91225 0.0138 0.0 43.0
-11.744101 35.410114 0.0138 0.0 43.0
-11.744101 35.410114 0.0139 0.0 44.0
-12.490102 35.907978 0.0139 0.0 44.0
-10.998099 34.91225 0.0140 0.0 43.0
-10.998099 35.809128 0.0140 0.0 43.0
-10.998099 35.809128 0.0141 0.0 44.0
-10.998099 36.706005 0.0141 0.0 44.0
-10.998099 34.91225 0.0142 2.0 43.0
-11.4211035 35.703106 0.0142 2.0 43.0
-11.4211035 35.703106 0.0143 1.0 44.0
-11.844108 36.49396 0.0143 1.0 44.0
-11.844108 36.49396 0.0144 0.0 45.0
-12.267112 37.284817 0.0144 0.0 45.0
-12.267112 37.284817 0.0145 0.0 46.0
-12.690116 38.075672 0.0145 0.0 46.0
0.0 14.350007 0.0146 28.0 17.0
0.4230038 15.140863 0.0146 28.0 17.0
0.4230038 15.140863 0.0147 27.0 18.0
0.8460076 15.93172 0.0147 27.0 18.0
0.8460076 15.93172 0.0148 26.0 19.0
1.2690114 16.722576 0.0148 26.0 19.0
1.2690114 16.722576 0.0149 25.0 20.0
1.6920152 17.513432 0.0149 25.0 20.0
1.6920152 17.513432 0.0150 24.0 21.0
2.1150188 18.304287 0.0150 24.0 21.0
2.1150188 18.304287 0.0151 23.0 22.0
2.5380225 19.095142 0.0151 23.0 22.0
2.5380225 19.095142 0.0152 22.0 23.0
2.9610262 19.885998 0.0152 22.0 23.0
2.9610262 19.885998 0.0153 21.0 24.0
3.3840299 20.676853 0.0153 21.0 24.0
3.3840299 20.676853 0.0154 12.0 25.0
3.3840299 21.573729 0.0154 12.0 25.0
3.3840299 21.573729 0.0155 11.0 26.0
3.3840299 22.470604 0.0155 11.0 26.0
3.3840299 22.470604 0.0156 10.0 27.0
3.3840299 23.36748 0.0156 10.0 27.0
3.3840299 23.36748 0.0157 9.0 28.0
3.3840299 24.264355 0.0157 9.0 28.0
3.3840299 24.264355 0.0158 4.0 29.0
2.9610262 25.05521 0.0158 4.0 29.0
2.9610262 25.05521 0.0159 3.0 30.0
2.5380225 25.846066 0.0159 3.0 30.0
2.5380225 25.846066 0.0160 0.0 31.0
1.7920213 26.34393 0.0160 0.0 31.0
1.7920213 26.34393 0.0161 0.0 32.0
1.04602 26.841793 0.0161 0.0 32.0
2.5380225 25.846066 0.0162 0.0 31.0
2.5380225 26.74294 0.0162 0.0 31.0
2.5380225 26.74294 0.0163 0.0 32.0
2.5380225 27.639816 0.0163 0.0 32.0
2.5380225 25.846066 0.0164 2.0 31.0
2.1150188 26.63692 0.0164 2.0 31.0
2.1150188 26.63692 0.0165 1.0 32.0
1.692015 27.427776 0.0165 1.0 32.0
1.692015 27.427776 0.0166 0.0 33.0
1.2690113 28.218632 0.0166 0.0 33.0
1.2690113 28.218632 0.0167 0.0 34.0
0.84600747 29.009487 0.0167 0.0 34.0
3.3840299 24.264355 0.0168 4.0 29.0
3.8070335 25.05521 0.0168 4.0 29.0
3.8070335 25.05521 0.0169 3.0 30.0
4.230037 25.846066 0.0169 3.0 30.0
4.230037 25.846066 0.0170 0.0 31.0
4.230037 26.74294 0.0170 0.0 31.0
4.230037 26.74294 0.0171 0.0 32.0
4.230037 27.639816 0.0171 0.0 32.0
4.230037 25.846066 0.0172 0.0 31.0
4.9760385 26.34393 0.0172 0.0 31.0
4.9760385 26.34393 0.0173 0.0 32.0
5.7220397 26.841793 0.0173 0.0 32.0
4.230037 25.846066 0.0174 2.0 31.0
4.653041 26.63692 0.0174 2.0 31.0
4.653041 26.63692 0.0175 1.0 32.0
5.0760446 27.427776 0.0175 1.0 32.0
5.0760446 27.427776 0.0176 0.0 33.0
5.499048 28.218632 0.0176 0.0 33.0
5.499048 28.218632 0.0177 0.0 34.0
5.922052 29.009487 0.0177 0.0 34.0
3.3840299 24.264355 0.0178 8.0 29.0
3.3840299 25.16123 0.0178 8.0 29.0
3.3840299 25.16123 0.0179 7.0 30.0
3.3840299 26.058105 0.0179 7.0 30.0
3.3840299 26.058105 0.0180 6.0 31.0
3.3840299 26.95498 0.0180 6.0 31.0
3.3840299 26.95498 0.0181 5.0 32.0
3.3840299 27.851856 0.0181 5.0 32.0
3.3840299 27.851856 0.0182 4.0 33.0
3.3840299 28.748732 0.0182 4.0 33.0
3.3840299 28.748732 0.0183 3.0 34.0
3.3840299 29.645607 0.0183 3.0 34.0
3.3840299 29.645607 0.0184 0.0 35.0
2.9610262 30.436462 0.0184 0.0 35.0
2.9610262 30.436462 0.0185 0.0 36.0
2.5380225 31.227318 0.0185 0.0 36.0
3.3840299 29.645607 0.0186 0.0 35.0
3.8070335 30.436462 0.0186 0.0 35.0
3.8070335 30.436462 0.0187 0.0 36.0
4.230037 31.227318 0.0187 0.0 36.0
3.3840299 29.645607 0.0188 2.0 35.0
3.3840299 30.542482 0.0188 2.0 35.0
3.3840299 30.542482 0.0189 1.0 36.0
3.3840299 31.439358 0.0189 1.0 36.0
3.3840299 31.439358 0.0190 0.0 37.0
3.3840299 32.336235 0.0190 0.0 37.0
3.3840299 32.336235 0.0191 0.0 38.0
3.3840299 33.233112 0.0191 0.0 38.0
3.3840299 20.676853 0.0192 12.0 25.0
4.130031 21.174717 0.0192 12.0 25.0
4.130031 21.174717 0.0193 11.0 26.0
4.8760324 21.67258 0.0193 11.0 26.0
4.8760324 21.67258 0.0194 10.0 27.0
5.6220336 22.170444 0.0194 10.0 27.0
5.6220336 22.170444 0.0195 9.0 28.0
6.368035 22.668308 0.0195 9.0 28.0
6.368035 22.668308 0.0196 4.0 29.0
6.7910385 23.459164 0.0196 4.0 29.0
6.7910385 23.459164 0.0197 3.0 30.0
7.214042 24.25002 0.0197 3.0 30.0
7.214042 24.25002 0.0198 0.0 31.0
7.214042 25.146894 0.0198 0.0 31.0
7.214042 25.146894 0.0199 0.0 32.0
7.214042 26.04377 0.0199 0.0 32.0
7.214042 24.25002 0.0200 0.0 31.0
7.9600434 24.747883 0.0200 0.0 31.0
7.9600434 24.747883 0.0201 0.0 32.0
8.706045 25.245747 0.0201 0.0 32.0
7.214042 24.25002 0.0202 2.0 31.0
7.637046 25.040874 0.0202 2.0 31.0
7.637046 25.040874 0.0203 1.0 32.0
8.06005 25.83173 0.0203 1.0 32.0
8.06005 25.83173 0.0204 0.0 33.0
8.483054 26.622585 0.0204 0.0 33.0
8.483054 26.622585 0.0205 0.0 34.0
8.906058 27.41344 0.0205 0.0 34.0
6.368035 22.668308 0.0206 4.0 29.0
7.2606645 22.755474 0.0206 4.0 29.0
7.2606645 22.755474 0.0207 3.0 30.0
8.153295 22.84264 0.0207 3.0 30.0
8.153295 22.84264 0.0208 0.0 31.0
8.899296 23.340504 0.0208 0.0 31.0
8.899296 23.340504 0.0209 0.0 32.0
9.645297 23.838367 0.0209 0.0 32.0
8.153295 22.84264 0.0210 0.0 31.0
8.981518 22.4985 0.0210 0.0 31.0
8.981518 22.4985 0.0211 0.0 32.0
9.809741 22.154362 0.0211 0.0 32.0
8.153295 22.84264 0.0212 2.0 31.0
9.045924 22.929806 0.0212 2.0 31.0
9.045924 22.929806 0.0213 1.0 32.0
9.938554 23.016972 0.0213 1.0 32.0
9.938554 23.016972 0.0214 0.0 33.0
10.831183 23.104137 0.0214 0.0 33.0
10.831183 23.104137 0.0215 0.0 34.0
11.723813 23.191303 0.0215 0.0 34.0
6.368035 22.668308 0.0216 8.0 29.0
7.114036 23.166172 0.0216 8.0 29.0
7.114036 23.166172 0.0217 7.0 30.0
7.8600373 23.664036 0.0217 7.0 30.0
7.8600373 23.664036 0.0218 6.0 31.0
8.606039 24.1619 0.0218 6.0 31.0
8.606039 24.1619 0.0219 5.0 32.0
9.35204 24.659763 0.0219 5.0 32.0
9.35204 24.659763 0.0220 4.0 33.0
10.098042 25.157627 0.0220 4.0 33.0
10.098042 25.157627 0.0221 3.0 34.0
10.844043 25.65549 0.0221 3.0 34.0
10.844043 25.65549 0.0222 0.0 35.0
11.267047 26.446346 0.0222 0.0 35.0
11.267047 26.446346 0.0223 0.0 36.0
11.690051 27.237202 0.0223 0.0 36.0
10.844043 25.65549 0.0224 0.0 35.0
11.736672 25.742657 0.0224 0.0 35.0
11.736672 25.742657 0.0225 0.0 36.0
12.629302 25.829823 0.0225 0.0 36.0
10.844043 25.65549 0.0226 2.0 35.0
11.590044 26.153355 0.0226 2.0 35.0
11.590044 26.153355 0.0227 1.0 36.0
12.336045 26.651218 0.0227 1.0 36.0
12.336045 26.651218 0.0228 0.0 37.0
13.0820465 27.149082 0.0228 0.0 37.0
13.0820465 27.149082 0.0229 0.0 38.0
13.828048 27.646946 0.0229 0.0 38.0
3.3840299 20.676853 0.0230 20.0 25.0
3.8070335 21.467709 0.0230 20.0 25.0
3.8070335 21.467709 0.0231 19.0 26.0
4.230037 22.258564 0.0231 19.0 26.0
4.230037 22.258564 0.0232 18.0 27.0
4.653041 23.04942 0.0232 18.0 27.0
4.653041 23.04942 0.0233 17.0 28.0
5.0760446 23.840275 0.0233 17.0 28.0
5.0760446 23.840275 0.0234 16.0 29.0
5.499048 24.63113 0.0234 16.0 29.0
5.499048 24.63113 0.0235 15.0 30.0
5.922052 25.421986 0.0235 15.0 30.0
5.922052 25.421986 0.0236 14.0 31.0
6.3450556 26.212841 0.0236 14.0 31.0
6.3450556 26.212841 0.0237 13.0 32.0
6.7680593 27.003696 0.0237 13.0 32.0
6.7680593 27.003696 0.0238 12.0 33.0
7.191063 27.794552 0.0238 12.0 33.0
7.191063 27.794552 0.0239 11.0 34.0
7.6140666 28.585407 0.0239 11.0 34.0
7.6140666 28.585407 0.0240 10.0 35.0
8.03707 29.376263 0.0240 10.0 35.0
8.03707 29.376263 0.0241 9.0 36.0
8.460074 30.167118 0.0241 9.0 36.0
8.460074 30.167118 0.0242 4.0 37.0
8.460074 31.063993 0.0242 4.0 37.0
8.460074 31.063993 0.0243 3.0 38.0
8.460074 31.960869 0.0243 3.0 38.0
8.460074 31.960869 0.0244 0.0 39.0
8.03707 32.751724 0.0244 0.0 39.0
8.03707 32.751724 0.0245 0.0 40.0
7.6140666 33.54258 0.0245 0.0 40.0
8.460074 31.960869 0.0246 0.0 39.0
8.883079 32.751724 0.0246 0.0 39.0
8.883079 32.751724 0.0247 0.0 40.0
9.306083 33.54258 0.0247 0.0 40.0
8.460074 31.960869 0.0248 2.0 39.0
8.460074 32.857746 0.0248 2.0 39.0
8.460074 32.857746 0.0249 1.0 40.0
8.460074 33.754623 0.0249 1.0 40.0
8.460074 33.754623 0.0250 0.0 41.0
8.460074 34.6515 0.0250 0.0 41.0
8.460074 34.6515 0.0251 0.0 42.0
8.460074 35.548378 0.0251 0.0 42.0
8.460074 30.167118 0.0252 4.0 37.0
9.206076 30.664982 0.0252 4.0 37.0
9.206076 30.664982 0.0253 3.0 38.0
9.952077 31.162846 0.0253 3.0 38.0
9.952077 31.162846 0.0254 0.0 39.0
10.375081 31.953701 0.0254 0.0 39.0
10.375081 31.953701 0.0255 0.0 40.0
10.798085 32.744556 0.0255 0.0 40.0
9.952077 31.162846 0.0256 0.0 39.0
10.844707 31.250011 0.0256 0.0 39.0
10.844707 31.250011 0.0257 0.0 40.0
11.737336 31.337177 0.0257 0.0 40.0
9.952077 31.162846 0.0258 2.0 39.0
10.698078 31.66071 0.0258 2.0 39.0
10.698078 31.66071 0.0259 1.0 40.0
11.444079 32.158573 0.0259 1.0 40.0
11.444079 32.158573 0.0260 0.0 41.0
12.190081 32.656437 0.0260 0.0 41.0
12.190081 32.656437 0.0261 0.0 42.0
12.936082 33.1543 0.0261 0.0 42.0
8.460074 30.167118 0.0262 8.0 37.0
8.883079 30.957973 0.0262 8.0 37.0
8.883079 30.957973 0.0263 7.0 38.0
9.306083 31.748829 0.0263 7.0 38.0
9.306083 31.748829 0.0264 6.0 39.0
9.729087 32.539684 0.0264 6.0 39.0
9.729087 32.539684 0.0265 5.0 40.0
10.152091 33.33054 0.0265 5.0 40.0
10.152091 33.33054 0.0266 4.0 41.0
10.575095 34.121395 0.0266 4.0 41.0
10.575095 34.121395 0.0267 3.0 42.0
10.998099 34.91225 0.0267 3.0 42.0
10.998099 34.91225 0.0268 0.0 43.0
10.998099 35.809128 0.0268 0.0 43.0
10.998099 35.809128 0.0269 0.0 44.0
10.998099 36.706005 0.0269 0.0 44.0
10.998099 34.91225 0.0270 0.0 43.0
11.744101 35.410114 0.0270 0.0 43.0
11.744101 35.410114 0.0271 0.0 44.0
12.490102 35.907978 0.0271 0.0 44.0
10.998099 34.91225 0.0272 2.0 43.0
11.4211035 35.703106 0.0272 2.0 43.0
11.4211035 35.703106 0.0273 1.0 44.0
11.844108 36.49396 0.0273 1.0 44.0
11.844108 36.49396 0.0274 0.0 45.0
12.267112 37.284817 0.0274 0.0 45.0
12.267112 37.284817 0.0275 0.0 46.0
12.690116 38.075672 0.0275 0.0 46.0
0.0 14.350007 0.0276 44.0 17.0
0.0 15.246882 0.0276 44.0 17.0
0.0 15.246882 0.0277 43.0 18.0
0.0 16.143759 0.0277 43.0 18.0
0.0 16.143759 0.0278 42.0 19.0
0.0 17.040634 0.0278 42.0 19.0
0.0 17.040634 0.0279 41.0 20.0
0.0 17.93751 0.0279 41.0 20.0
0.0 17.93751 0.0280 40.0 21.0
0.0 18.834385 0.0280 40.0 21.0
0.0 18.834385 0.0281 39.0 22.0
0.0 19.73126 0.0281 39.0 22.0
0.0 19.73126 0.0282 38.0 23.0
0.0 20.628136 0.0282 38.0 23.0
0.0 20.628136 0.0283 37.0 24.0
0.0 21.525011 0.0283 37.0 24.0
0.0 21.525011 0.0284 36.0 25.0
0.0 22.421886 0.0284 36.0 25.0
0.0 22.421886 0.0285 35.0 26.0
0.0 23.318762 0.0285 35.0 26.0
0.0 23.318762 0.0286 34.0 27.0
0.0 24.215637 0.0286 34.0 27.0
0.0 24.215637 0.0287 33.0 28.0
0.0 25.112513 0.0287 33.0 28.0
0.0 25.112513 0.0288 32.0 29.0
0.0 26.009388 0.0288 32.0 29.0
0.0 26.009388 0.0289 31.0 30.0
0.0 26.906263 0.0289 31.0 30.0
0.0 26.906263 0.0290 30.0 31.0
0.0 27.803139 0.0290 30.0 31.0
0.0 27.803139 0.0291 29.0 32.0
0.0 28.700014 0.0291 29.0 32.0
0.0 28.700014 0.0292 28.0 33.0
0.0 29.59689 0.0292 28.0 33.0
0.0 29.59689 0.0293 27.0 34.0
0.0 30.493765 0.0293 27.0 34.0
0.0 30.493765 0.0294 26.0 35.0
0.0 31.39064 0.0294 26.0 35.0
0.0 31.39064 0.0295 25.0 36.0
0.0 32.287518 0.0295 25.0 36.0
0.0 32.287518 0.0296 24.0 37.0
0.0 33.184395 0.0296 24.0 37.0
0.0 33.184395 0.0297 23.0 38.0
0.0 34.081272 0.0297 23.0 38.0
0.0 34.081272 0.0298 22.0 39.0
0.0 34.97815 0.0298 22.0 39.0
0.0 34.97815 0.0299 21.0 40.0
0.0 35.875027 0.0299 21.0 40.0
0.0 35.875027 0.0300 12.0 41.0
-0.4230038 36.665882 0.0300 12.0 41.0
-0.4230038 36.665882 0.0301 11.0 42.0
-0.8460076 37.456738 0.0301 11.0 42.0
-0.8460076 37.456738 0.0302 10.0 43.0
-1.2690114 38.247593 0.0302 10.0 43.0
-1.2690114 38.247593 0.0303 9.0 44.0
-1.6920152 39.03845 0.0303 9.0 44.0
-1.6920152 39.03845 0.0304 4.0 45.0
-2.4380164 39.536312 0.0304 4.0 45.0
-2.4380164 39.536312 0.0305 3.0 46.0
-3.1840177 40.034176 0.0305 3.0 46.0
-3.1840177 40.034176 0.0306 0.0 47.0
-4.0766473 40.12134 0.0306 0.0 47.0
-4.0766473 40.12134 0.0307 0.0 48.0
-4.969277 40.208508 0.0307 0.0 48.0
-3.1840177 40.034176 0.0308 0.0 47.0
-3.6070213 40.82503 0.0308 0.0 47.0
-3.6070213 40.82503 0.0309 0.0 48.0
-4.030025 41.615887 0.0309 0.0 48.0
-3.1840177 40.034176 0.0310 2.0 47.0
-3.930019 40.53204 0.0310 2.0 47.0
-3.930019 40.53204 0.0311 1.0 48.0
-4.67602 41.029903 0.0311 1.0 48.0
-4.67602 41.029903 0.0312 0.0 49.0
-5.4220214 41.527767 0.0312 0.0 49.0
-5.4220214 41.527767 0.0313 0.0 50.0
-6.1680226 42.02563 0.0313 0.0 50.0
-1.6920152 39.03845 0.0314 4.0 45.0
-1.6920152 39.935326 0.0314 4.0 45.0
-1.6920152 39.935326 0.0315 3.0 46.0
-1.6920152 40.832203 0.0315 3.0 46.0
-1.6920152 40.832203 0.0316 0.0 47.0
-2.1150188 41.62306 0.0316 0.0 47.0
-2.1150188 41.62306 0.0317 0.0 48.0
-2.5380225 42.413914 0.0317 0.0 48.0
-1.6920152 40.832203 0.0318 0.0 47.0
-1.2690114 41.62306 0.0318 0.0 47.0
-1.2690114 41.62306 0.0319 0.0 48.0
-0.8460076 42.413914 0.0319 0.0 48.0
-1.6920152 40.832203 0.0320 2.0 47.0
-1.6920152 41.72908 0.0320 2.0 47.0
-1.6920152 41.72908 0.0321 1.0 48.0
-1.6920152 42.625957 0.0321 1.0 48.0
-1.6920152 42.625957 0.0322 0.0 49.0
-1.6920152 43.522835 0.0322 0.0 49.0
-1.6920152 43.522835 0.0323 0.0 50.0
-1.6920152 44.419712 0.0323 0.0 50.0
-1.6920152 39.03845 0.0324 8.0 45.0
-2.1150188 39.829304 0.0324 8.0 45.0
-2.1150188 39.829304 0.0325 7.0 46.0
-2.5380225 40.62016 0.0325 7.0 46.0
-2.5380225 40.62016 0.0326 6.0 47.0
-2.9610262 41.411015 0.0326 6.0 47.0
-2.9610262 41.411015 0.0327 5.0 48.0
-3.3840299 42.20187 0.0327 5.0 48.0
-3.3840299 42.20187 0.0328 4.0 49.0
-3.8070335 42.992725 0.0328 4.0 49.0
-3.8070335 42.992725 0.0329 3.0 50.0
-4.230037 43.78358 0.0329 3.0 50.0
-4.230037 43.78358 0.0330 0.0 51.0
-4.9760385 44.281445 0.0330 0.0 51.0
-4.9760385 44.281445 0.0331 0.0 52.0
-5.7220397 44.77931 0.0331 0.0 52.0
-4.230037 43.78358 0.0332 0.0 51.0
-4.230037 44.680458 0.0332 0.0 51.0
-4.230037 44.680458 0.0333 0.0 52.0
-4.230037 45.577335 0.0333 0.0 52.0
-4.230037 43.78358 0.0334 2.0 51.0
-4.653041 44.574436 0.0334 2.0 51.0
-4.653041 44.574436 0.0335 1.0 52.0
-5.0760446 45.36529 0.0335 1.0 52.0
-5.0760446 45.36529 0.0336 0.0 53.0
-5.499048 46.156147 0.0336 0.0 53.0
-5.499048 46.156147 0.0337 0.0 54.0
-5.922052 46.947002 0.0337 0.0 54.0
0.0 35.875027 0.0338 12.0 41.0
0.4230038 36.665882 0.0338 12.0 41.0
0.4230038 36.665882 0.0339 11.0 42.0
0.8460076 37.456738 0.0339 11.0 42.0
0.8460076 37.456738 0.0340 10.0 43.0
1.2690114 38.247593 0.0340 10.0 43.0
1.2690114 38.247593 0.0341 9.0 44.0
1.6920152 39.03845 0.0341 9.0 44.0
1.6920152 39.03845 0.0342 4.0 45.0
1.6920152 39.935326 0.0342 4.0 45.0
1.6920152 39.935326 0.0343 3.0 46.0
1.6920152 40.832203 0.0343 3.0 46.0
1.6920152 40.832203 0.0344 0.0 47.0
1.2690114 41.62306 0.0344 0.0 47.0
1.2690114 41.62306 0.0345 0.0 48.0
0.8460076 42.413914 0.0345 0.0 48.0
1.6920152 40.832203 0.0346 0.0 47.0
2.1150188 41.62306 0.0346 0.0 47.0
2.1150188 41.62306 0.0347 0.0 48.0
2.5380225 42.413914 0.0347 0.0 48.0
1.6920152 40.832203 0.0348 2.0 47.0
1.6920152 41.72908 0.0348 2.0 47.0
1.6920152 41.72908 0.0349 1.0 48.0
1.6920152 42.625957 0.0349 1.0 48.0
1.6920152 42.625957 0.0350 0.0 49.0
1.6920152 43.522835 0.0350 0.0 49.0
1.6920152 43.522835 0.0351 0.0 50.0
1.6920152 44.419712 0.0351 0.0 50.0
1.6920152 39.03845 0.0352 4.0 45.0
2.4380164 39.536312 0.0352 4.0 45.0
2.4380164 39.536312 0.0353 3.0 46.0
3.1840177 40.034176 0.0353 3.0 46.0
3.1840177 40.034176 0.0354 0.0 47.0
3.6070213 40.82503 0.0354 0.0 47.0
3.6070213 40.82503 0.0355 0.0 48.0
4.030025 41.615887 0.0355 0.0 48.0
3.1840177 40.034176 0.0356 0.0 47.0
4.0766473 40.12134 0.0356 0.0 47.0
4.0766473 40.12134 0.0357 0.0 48.0
4.969277 40.208508 0.0357 0.0 48.0
3.1840177 40.034176 0.0358 2.0 47.0
3.930019 40.53204 0.0358 2.0 47.0
3.930019 40.53204 0.0359 1.0 48.0
4.67602 41.029903 0.0359 1.0 48.0
4.67602 41.029903 0.0360 0.0 49.0
5.4220214 41.527767 0.0360 0.0 49.0
5.4220214 41.527767 0.0361 0.0 50.0
6.1680226 42.02563 0.0361 0.0 50.0
1.6920152 39.03845 0.0362 8.0 45.0
2.1150188 39.829304 0.0362 8.0 45.0
2.1150188 39.829304 0.0363 7.0 46.0
2.5380225 40.62016 0.0363 7.0 46.0
2.5380225 40.62016 0.0364 6.0 47.0
2.9610262 41.411015 0.0364 6.0 47.0
2.9610262 41.411015 0.0365 5.0 48.0
3.3840299 42.20187 0.0365 5.0 48.0
3.3840299 42.20187 0.0366 4.0 49.0
3.8070335 42.992725 0.0366 4.0 49.0
3.8070335 42.992725 0.0367 3.0 50.0
4.230037 43.78358 0.0367 3.0 50.0
4.230037 43.78358 0.0368 0.0 51.0
4.230037 44.680458 0.0368 0.0 51.0
4.230037 44.680458 0.0369 0.0 52.0
4.230037 45.577335 0.0369 0.0 52.0
4.230037 43.78358 0.0370 0.0 51.0
4.9760385 44.281445 0.0370 0.0 51.0
4.9760385 44.281445 0.0371 0.0 52.0
5.7220397 44.77931 0.0371 0.0 52.0
4.230037 43.78358 0.0372 2.0 51.0
4.653041 44.574436 0.0372 2.0 51.0
4.653041 44.574436 0.0373 1.0 52.0
5.0760446 45.36529 0.0373 1.0 52.0
5.0760446 45.36529 0.0374 0.0 53.0
5.499048 46.156147 0.0374 0.0 53.0
5.499048 46.156147 0.0375 0.0 54.0
5.922052 46.947002 0.0375 0.0 54.0
0.0 35.875027 0.0376 20.0 41.0
0.0 36.771904 0.0376 20.0 41.0
0.0 36.771904 0.0377 19.0 42.0
0.0 37.66878 0.0377 19.0 42.0
0.0 37.66878 0.0378 18.0 43.0
0.0 38.56566 0.0378 18.0 43.0
0.0 38.56566 0.0379 17.0 44.0
0.0 39.462536 0.0379 17.0 44.0
0.0 39.462536 0.0380 16.0 45.0
0.0 40.359413 0.0380 16.0 45.0
0.0 40.359413 0.0381 15.0 46.0
0.0 41.25629 0.0381 15.0 46.0
0.0 41.25629 0.0382 14.0 47.0
0.0 42.153168 0.0382 14.0 47.0
0.0 42.153168 0.0383 13.0 48.0
0.0 43.050045 0.0383 13.0 48.0
0.0 43.050045 0.0384 12.0 49.0
0.0 43.946922 0.0384 12.0 49.0
0.0 43.946922 0.0385 11.0 50.0
0.0 44.8438 0.0385 11.0 50.0
0.0 44.8438 0.0386 10.0 51.0
0.0 45.740677 0.0386 10.0 51.0
0.0 45.740677 0.0387 9.0 52.0
0.0 46.637554 0.0387 9.0 52.0
0.0 46.637554 0.0388 4.0 53.0
-0.4230038 47.42841 0.0388 4.0 53.0
-0.4230038 47.42841 0.0389 3.0 54.0
-0.8460076 48.219265 0.0389 3.0 54.0
-0.8460076 48.219265 0.0390 0.0 55.0
-1.5920088 48.71713 0.0390 0.0 55.0
-1.5920088 48.71713 0.0391 0.0 56.0
-2.33801 49.214993 0.0391 0.0 56.0
-0.8460076 48.219265 0.0392 0.0 55.0
-0.8460076 49.116142 0.0392 0.0 55.0
-0.8460076 49.116142 0.0393 0.0 56.0
-0.8460076 50.01302 0.0393 0.0 56.0
-0.8460076 48.219265 0.0394 2.0 55.0
-1.2690114 49.01012 0.0394 2.0 55.0
-1.2690114 49.01012 0.0395 1.0 56.0
-1.6920152 49.800976 0.0395 1.0 56.0
-1.6920152 49.800976 0.0396 0.0 57.0
-2.1150188 50.59183 0.0396 0.0 57.0
-2.1150188 50.59183 0.0397 0.0 58.0
-2.5380225 51.382687 0.0397 0.0 58.0
0.0 46.637554 0.0398 4.0 53.0
0.4230038 47.42841 0.0398 4.0 53.0
0.4230038 47.42841 0.0399 3.0 54.0
0.8460076 48.219265 0.0399 3.0 54.0
0.8460076 48.219265 0.0400 0.0 55.0
0.8460076 49.116142 0.0400 0.0 55.0
0.8460076 49.116142 0.0401 0.0 56.0
0.8460076 50.01302 0.0401 0.0 56.0
0.8460076 48.219265 0.0402 0.0 55.0
1.5920088 48.71713 0.0402 0.0 55.0
1.5920088 48.71713 0.0403 0.0 56.0
2.33801 49.214993 0.0403 0.0 56.0
0.8460076 48.219265 0.0404 2.0 55.0
1.2690114 49.01012 0.0404 2.0 55.0
1.2690114 49.01012 0.0405 1.0 56.0
1.6920152 49.800976 0.0405 1.0 56.0
1.6920152 49.800976 0.0406 0.0 57.0
2.1150188 50.59183 0.0406 0.0 57.0
2.1150188 50.59183 0.0407 0.0 58.0
2.5380225 51.382687 0.0407 0.0 58.0
0.0 46.637554 0.0408 8.0 53.0
0.0 47.53443 0.0408 8.0 53.0
0.0 47.53443 0.0409 7.0 54.0
0.0 48.43131 0.0409 7.0 54.0
0.0 48.43131 0.0410 6.0 55.0
0.0 49.328186 0.0410 6.0 55.0
0.0 49.328186 0.0411 5.0 56.0
0.0 50.225063 0.0411 5.0 56.0
0.0 50.225063 0.0412 4.0 57.0
0.0 51.12194 0.0412 4.0 57.0
0.0 51.12194 0.0413 3.0 58.0
0.0 52.018818 0.0413 3.0 58.0
0.0 52.018818 0.0414 0.0 59.0
-0.4230038 52.809673 0.0414 0.0 59.0
-0.4230038 52.809673 0.0415 0.0 60.0
-0.8460076 53.60053 0.0415 0.0 60.0
0.0 52.018818 0.0416 0.0 59.0
0.4230038 52.809673 0.0416 0.0 59.0
0.4230038 52.809673 0.0417 0.0 60.0
0.8460076 53.60053 0.0417 0.0 60.0
0.0 52.018818 0.0418 2.0 59.0
0.0 52.915695 0.0418 2.0 59.0
0.0 52.915695 0.0419 1.0 60.0
0.0 53.812572 0.0419 1.0 60.0
0.0 53.812572 0.0420 0.0 61.0
0.0 54.70945 0.0420 0.0 61.0
0.0 54.70945 0.0421 0.0 62.0
0.0 55.606327 0.0421 0.0 62.0
