0.0 0.0 0.00 60.0 1.0
0.0 1.4125503 0.00 60.0 1.0
0.0 1.4125503 0.01 59.0 2.0
0.0 2.8251007 0.01 59.0 2.0
0.0 2.8251007 0.02 58.0 3.0
0.0 4.237651 0.02 58.0 3.0
0.0 4.237651 0.03 57.0 4.0
0.0 5.6502013 0.03 57.0 4.0
0.0 5.6502013 0.04 56.0 5.0
0.0 7.062752 0.04 56.0 5.0
0.0 7.062752 0.05 55.0 6.0
0.0 8.475302 0.05 55.0 6.0
0.0 8.475302 0.06 54.0 7.0
0.0 9.887852 0.06 54.0 7.0
0.0 9.887852 0.07 53.0 8.0
0.0 11.300402 0.07 53.0 8.0
0.0 11.300402 0.08 52.0 9.0
0.0 12.712952 0.08 52.0 9.0
0.0 12.712952 0.09 51.0 10.0
0.0 14.125502 0.09 51.0 10.0
0.0 14.125502 0.010 50.0 11.0
0.0 15.538052 0.010 50.0 11.0
0.0 15.538052 0.011 49.0 12.0
0.0 16.950602 0.011 49.0 12.0
0.0 16.950602 0.012 48.0 13.0
0.0 18.363152 0.012 48.0 13.0
0.0 18.363152 0.013 47.0 14.0
0.0 19.775702 0.013 47.0 14.0
0.0 19.775702 0.014 46.0 15.0
0.0 21.188251 0.014 46.0 15.0
0.0 21.188251 0.015 45.0 16.0
0.0 22.600801 0.015 45.0 16.0
0.0 22.600801 0.016 28.0 17.0
-0.44816482 23.94037 0.016 28.0 17.0
-0.44816482 23.94037 0.017 27.0 18.0
-0.89632964 25.27994 0.017 27.0 18.0
-0.89632964 25.27994 0.018 26.0 19.0
-1.3444945 26.619509 0.018 26.0 19.0
-1.3444945 26.619509 0.019 25.0 20.0
-1.7926593 27.959078 0.019 25.0 20.0
-1.7926593 27.959078 0.020 24.0 21.0
-2.2408242 29.298647 0.020 24.0 21.0
-2.2408242 29.298647 0.021 23.0 22.0
-2.6889892 30.638216 0.021 23.0 22.0
-2.6889892 30.638216 0.022 22.0 23.0
-3.137154 31.977785 0.022 22.0 23.0
-3.137154 31.977785 0.023 21.0 24.0
-3.585319 33.317356 0.023 21.0 24.0
-3.585319 33.317356 0.024 12.0 25.0
-4.435339 34.445526 0.024 12.0 25.0
-4.435339 34.445526 0.025 11.0 26.0
-5.285359 35.573696 0.025 11.0 26.0
-5.285359 35.573696 0.026 10.0 27.0
-6.135379 36.701866 0.026 10.0 27.0
-6.135379 36.701866 0.027 9.0 28.0
-6.985399 37.830036 0.027 9.0 28.0
-6.985399 37.830036 0.028 4.0 29.0
-8.14944 38.63023 0.028 4.0 29.0
-8.14944 38.63023 0.029 3.0 30.0
-9.31348 39.430424 0.029 3.0 30.0
-9.31348 39.430424 0.030 0.0 31.0
-10.67126 39.819954 0.030 0.0 31.0
-10.67126 39.819954 0.031 0.0 32.0
-12.029039 40.209484 0.031 0.0 32.0
-9.31348 39.430424 0.032 0.0 31.0
-10.1635 40.558594 0.032 0.0 31.0
-10.1635 40.558594 0.033 0.0 32.0
-11.013519 41.686764 0.033 0.0 32.0
-9.31348 39.430424 0.034 2.0 31.0
-10.477521 40.230618 0.034 2.0 31.0
-10.477521 40.230618 0.035 1.0 32.0
-11.6415615 41.03081 0.035 1.0 32.0
-11.6415615 41.03081 0.036 0.0 33.0
-12.805602 41.831005 0.036 0.0 33.0
-12.805602 41.831005 0.037 0.0 34.0
-13.969643 42.6312 0.037 0.0 34.0
-6.985399 37.830036 0.038 4.0 29.0
-7.4335637 39.169605 0.038 4.0 29.0
-7.4335637 39.169605 0.039 3.0 30.0
-7.8817286 40.509174 0.039 3.0 30.0
-7.8817286 40.509174 0.040 0.0 31.0
-8.731749 41.637344 0.040 0.0 31.0
-8.731749 41.637344 0.041 0.0 32.0
-9.581768 42.765514 0.041 0.0 32.0
-7.8817286 40.509174 0.042 0.0 31.0
-7.8817286 41.921726 0.042 0.0 31.0
-7.8817286 41.921726 0.043 0.0 32.0
-7.8817286 43.33428 0.043 0.0 32.0
-7.8817286 40.509174 0.044 2.0 31.0
-8.329893 41.848743 0.044 2.0 31.0
-8.329893 41.848743 0.045 1.0 32.0
-8.778058 43.188313 0.045 1.0 32.0
-8.778058 43.188313 0.046 0.0 33.0
-9.226223 44.52788 0.046 0.0 33.0
-9.226223 44.52788 0.047 0.0 34.0
-9.674388 45.86745 0.047 0.0 34.0
-6.985399 37.830036 0.048 8.0 29.0
-7.8354187 38.958206 0.048 8.0 29.0
-7.8354187 38.958206 0.049 7.0 30.0
-8.685438 40.086376 0.049 7.0 30.0
-8.685438 40.086376 0.050 6.0 31.0
-9.535458 41.214546 0.050 6.0 31.0
-9.535458 41.214546 0.051 5.0 32.0
-10.385477 42.342716 0.051 5.0 32.0
-10.385477 42.342716 0.052 4.0 33.0
-11.2354965 43.470886 0.052 4.0 33.0
-11.2354965 43.470886 0.053 3.0 34.0
-12.085516 44.599056 0.053 3.0 34.0
-12.085516 44.599056 0.054 0.0 35.0
-13.249557 45.39925 0.054 0.0 35.0
-13.249557 45.39925 0.055 0.0 36.0
-14.413597 46.199444 0.055 0.0 36.0
-12.085516 44.599056 0.056 0.0 35.0
-12.533681 45.938625 0.056 0.0 35.0
-12.533681 45.938625 0.057 0.0 36.0
-12.981846 47.278194 0.057 0.0 36.0
-12.085516 44.599056 0.058 2.0 35.0
-12.935535 45.727226 0.058 2.0 35.0
-12.935535 45.727226 0.059 1.0 36.0
-13.785555 46.855396 0.059 1.0 36.0
-13.785555 46.855396 0.060 0.0 37.0
-14.635574 47.983566 0.060 0.0 37.0
-14.635574 47.983566 0.061 0.0 38.0
-15.485594 49.111736 0.061 0.0 38.0
-3.585319 33.317356 0.062 12.0 25.0
-3.585319 34.729908 0.062 12.0 25.0
-3.585319 34.729908 0.063 11.0 26.0
-3.585319 36.14246 0.063 11.0 26.0
-3.585319 36.14246 0.064 10.0 27.0
-3.585319 37.55501 0.064 10.0 27.0
-3.585319 37.55501 0.065 9.0 28.0
-3.585319 38.967564 0.065 9.0 28.0
-3.585319 38.967564 0.066 4.0 29.0
-4.033484 40.307133 0.066 4.0 29.0
-4.033484 40.307133 0.067 3.0 30.0
-4.481649 41.6467 0.067 3.0 30.0
-4.481649 41.6467 0.068 0.0 31.0
-5.331669 42.77487 0.068 0.0 31.0
-5.331669 42.77487 0.069 0.0 32.0
-6.181689 43.90304 0.069 0.0 32.0
-4.481649 41.6467 0.070 0.0 31.0
-4.481649 43.059254 0.070 0.0 31.0
-4.481649 43.059254 0.071 0.0 32.0
-4.481649 44.471806 0.071 0.0 32.0
-4.481649 41.6467 0.072 2.0 31.0
-4.929814 42.98627 0.072 2.0 31.0
-4.929814 42.98627 0.073 1.0 32.0
-5.377979 44.32584 0.073 1.0 32.0
-5.377979 44.32584 0.074 0.0 33.0
-5.8261437 45.66541 0.074 0.0 33.0
-5.8261437 45.66541 0.075 0.0 34.0
-6.2743087 47.00498 0.075 0.0 34.0
-3.585319 38.967564 0.076 4.0 29.0
-3.137154 40.307133 0.076 4.0 29.0
-3.137154 40.307133 0.077 3.0 30.0
-2.6889892 41.6467 0.077 3.0 30.0
-2.6889892 41.6467 0.078 0.0 31.0
-2.6889892 43.059254 0.078 0.0 31.0
-2.6889892 43.059254 0.079 0.0 32.0
-2.6889892 44.471806 0.079 0.0 32.0
-2.6889892 41.6467 0.080 0.0 31.0
-1.8389692 42.77487 0.080 0.0 31.0
-1.8389692 42.77487 0.081 0.0 32.0
-0.9889493 43.90304 0.081 0.0 32.0
-2.6889892 41.6467 0.082 2.0 31.0
-2.2408242 42.98627 0.082 2.0 31.0
-2.2408242 42.98627 0.083 1.0 32.0
-1.7926594 44.32584 0.083 1.0 32.0
-1.7926594 44.32584 0.084 0.0 33.0
-1.3444946 45.66541 0.084 0.0 33.0
-1.3444946 45.66541 0.085 0.0 34.0
-0.89632976 47.00498 0.085 0.0 34.0
-3.585319 38.967564 0.086 8.0 29.0
-3.585319 40.380116 0.086 8.0 29.0
-3.585319 40.380116 0.087 7.0 30.0
-3.585319 41.792667 0.087 7.0 30.0
-3.585319 41.792667 0.088 6.0 31.0
-3.585319 43.20522 0.088 6.0 31.0
-3.585319 43.20522 0.089 5.0 32.0
-3.585319 44.61777 0.089 5.0 32.0
-3.585319 44.61777 0.090 4.0 33.0
-3.585319 46.030323 0.090 4.0 33.0
-3.585319 46.030323 0.091 3.0 34.0
-3.585319 47.442875 0.091 3.0 34.0
-3.585319 47.442875 0.092 0.0 35.0
-4.033484 48.782444 0.092 0.0 35.0
-4.033484 48.782444 0.093 0.0 36.0
-4.481649 50.122013 0.093 0.0 36.0
-3.585319 47.442875 0.094 0.0 35.0
-3.137154 48.782444 0.094 0.0 35.0
-3.137154 48.782444 0.095 0.0 36.0
-2.6889892 50.122013 0.095 0.0 36.0
-3.585319 47.442875 0.096 2.0 35.0
-3.585319 48.855427 0.096 2.0 35.0
-3.585319 48.855427 0.097 1.0 36.0
-3.585319 50.26798 0.097 1.0 36.0
-3.585319 50.26798 0.098 0.0 37.0
-3.585319 51.68053 0.098 0.0 37.0
-3.585319 51.68053 0.099 0.0 38.0
-3.585319 53.093082 0.099 0.0 38.0
-3.585319 33.317356 0.0100 20.0 25.0
-4.033484 34.656925 0.0100 20.0 25.0
-4.033484 34.656925 0.0101 19.0 26.0
-4.481649 35.996494 0.0101 19.0 26.0
-4.481649 35.996494 0.0102 18.0 27.0
-4.929814 37.336063 0.0102 18.0 27.0
-4.929814 37.336063 0.0103 17.0 28.0
-5.377979 38.675632 0.0103 17.0 28.0
-5.377979 38.675632 0.0104 16.0 29.0
-5.8261437 40.0152 0.0104 16.0 29.0
-5.8261437 40.0152 0.0105 15.0 30.0
-6.2743087 41.35477 0.0105 15.0 30.0
-6.2743087 41.35477 0.0106 14.0 31.0
-6.7224736 42.69434 0.0106 14.0 31.0
-6.7224736 42.69434 0.0107 13.0 32.0
-7.1706386 44.03391 0.0107 13.0 32.0
-7.1706386 44.03391 0.0108 12.0 33.0
-7.6188035 45.373478 0.0108 12.0 33.0
-7.6188035 45.373478 0.0109 11.0 34.0
-8.066968 46.713047 0.0109 11.0 34.0
-8.066968 46.713047 0.0110 10.0 35.0
-8.515133 48.052616 0.0110 10.0 35.0
-8.515133 48.052616 0.0111 9.0 36.0
-8.963298 49.392185 0.0111 9.0 36.0
-8.963298 49.392185 0.0112 4.0 37.0
-9.813318 50.520355 0.0112 4.0 37.0
-9.813318 50.520355 0.0113 3.0 38.0
-10.663338 51.648525 0.0113 3.0 38.0
-10.663338 51.648525 0.0114 0.0 39.0
-11.827378 52.44872 0.0114 0.0 39.0
-11.827378 52.44872 0.0115 0.0 40.0
-12.991419 53.248913 0.0115 0.0 40.0
-10.663338 51.648525 0.0116 0.0 39.0
-11.111503 52.988094 0.0116 0.0 39.0
-11.111503 52.988094 0.0117 0.0 40.0
-11.559668 54.327663 0.0117 0.0 40.0
-10.663338 51.648525 0.0118 2.0 39.0
-11.513357 52.776695 0.0118 2.0 39.0
-11.513357 52.776695 0.0119 1.0 40.0
-12.363377 53.904865 0.0119 1.0 40.0
-12.363377 53.904865 0.0120 0.0 41.0
-13.213396 55.033035 0.0120 0.0 41.0
-13.213396 55.033035 0.0121 0.0 42.0
-14.063416 56.161205 0.0121 0.0 42.0
-8.963298 49.392185 0.0122 4.0 37.0
-8.963298 50.804737 0.0122 4.0 37.0
-8.963298 50.804737 0.0123 3.0 38.0
-8.963298 52.21729 0.0123 3.0 38.0
-8.963298 52.21729 0.0124 0.0 39.0
-9.411463 53.556858 0.0124 0.0 39.0
-9.411463 53.556858 0.0125 0.0 40.0
-9.859628 54.896427 0.0125 0.0 40.0
-8.963298 52.21729 0.0126 0.0 39.0
-8.515133 53.556858 0.0126 0.0 39.0
-8.515133 53.556858 0.0127 0.0 40.0
-8.066968 54.896427 0.0127 0.0 40.0
-8.963298 52.21729 0.0128 2.0 39.0
-8.963298 53.62984 0.0128 2.0 39.0
-8.963298 53.62984 0.0129 1.0 40.0
-8.963298 55.042393 0.0129 1.0 40.0
-8.963298 55.042393 0.0130 0.0 41.0
-8.963298 56.454945 0.0130 0.0 41.0
-8.963298 56.454945 0.0131 0.0 42.0
-8.963298 57.867496 0.0131 0.0 42.0
-8.963298 49.392185 0.0132 8.0 37.0
-9.411463 50.731754 0.0132 8.0 37.0
-9.411463 50.731754 0.0133 7.0 38.0
-9.859628 52.071323 0.0133 7.0 38.0
-9.859628 52.071323 0.0134 6.0 39.0
-10.307793 53.410892 0.0134 6.0 39.0
-10.307793 53.410892 0.0135 5.0 40.0
-10.755958 54.75046 0.0135 5.0 40.0
-10.755958 54.75046 0.0136 4.0 41.0
-11.204123 56.09003 0.0136 4.0 41.0
-11.204123 56.09003 0.0137 3.0 42.0
-11.6522875 57.4296 0.0137 3.0 42.0
-11.6522875 57.4296 0.0138 0.0 43.0
-12.502308 58.55777 0.0138 0.0 43.0
-12.502308 58.55777 0.0139 0.0 44.0
-13.352327 59.68594 0.0139 0.0 44.0
-11.6522875 57.4296 0.0140 0.0 43.0
-11.6522875 58.84215 0.0140 0.0 43.0
-11.6522875 58.84215 0.0141 0.0 44.0
-11.6522875 60.254704 0.0141 0.0 44.0
-11.6522875 57.4296 0.0142 2.0 43.0
-12.100452 58.76917 0.0142 2.0 43.0
-12.100452 58.76917 0.0143 1.0 44.0
-12.548617 60.108738 0.0143 1.0 44.0
-12.548617 60.108738 0.0144 0.0 45.0
-12.996782 61.448307 0.0144 0.0 45.0
-12.996782 61.448307 0.0145 0.0 46.0
-13.444947 62.787876 0.0145 0.0 46.0
0.0 22.600801 0.0146 28.0 17.0
0.44816482 23.94037 0.0146 28.0 17.0
0.44816482 23.94037 0.0147 27.0 18.0
0.89632964 25.27994 0.0147 27.0 18.0
0.89632964 25.27994 0.0148 26.0 19.0
1.3444945 26.619509 0.0148 26.0 19.0
1.3444945 26.619509 0.0149 25.0 20.0
1.7926593 27.959078 0.0149 25.0 20.0
1.7926593 27.959078 0.0150 24.0 21.0
2.2408242 29.298647 0.0150 24.0 21.0
2.2408242 29.298647 0.0151 23.0 22.0
2.6889892 30.638216 0.0151 23.0 22.0
2.6889892 30.638216 0.0152 22.0 23.0
3.137154 31.977785 0.0152 22.0 23.0
3.137154 31.977785 0.0153 21.0 24.0
3.585319 33.317356 0.0153 21.0 24.0
3.585319 33.317356 0.0154 12.0 25.0
3.585319 34.729908 0.0154 12.0 25.0
3.585319 34.729908 0.0155 11.0 26.0
3.585319 36.14246 0.0155 11.0 26.0
3.585319 36.14246 0.0156 10.0 27.0
3.585319 37.55501 0.0156 10.0 27.0
3.585319 37.55501 0.0157 9.0 28.0
3.585319 38.967564 0.0157 9.0 28.0
3.585319 38.967564 0.0158 4.0 29.0
3.137154 40.307133 0.0158 4.0 29.0
3.137154 40.307133 0.0159 3.0 30.0
2.6889892 41.6467 0.0159 3.0 30.0
2.6889892 41.6467 0.0160 0.0 31.0
1.8389692 42.77487 0.0160 0.0 31.0
1.8389692 42.77487 0.0161 0.0 32.0
0.9889493 43.90304 0.0161 0.0 32.0
2.6889892 41.6467 0.0162 0.0 31.0
2.6889892 43.059254 0.0162 0.0 31.0
2.6889892 43.059254 0.0163 0.0 32.0
2.6889892 44.471806 0.0163 0.0 32.0
2.6889892 41.6467 0.0164 2.0 31.0
2.2408242 42.98627 0.0164 2.0 31.0
2.2408242 42.98627 0.0165 1.0 32.0
1.7926594 44.32584 0.0165 1.0 32.0
1.7926594 44.32584 0.0166 0.0 33.0
1.3444946 45.66541 0.0166 0.0 33.0
1.3444946 45.66541 0.0167 0.0 34.0
0.89632976 47.00498 0.0167 0.0 34.0
3.585319 38.967564 0.0168 4.0 29.0
4.033484 40.307133 0.0168 4.0 29.0
4.033484 40.307133 0.0169 3.0 30.0
4.481649 41.6467 0.0169 3.0 30.0
4.481649 41.6467 0.0170 0.0 31.0
4.481649 43.059254 0.0170 0.0 31.0
4.481649 43.059254 0.0171 0.0 32.0
4.481649 44.471806 0.0171 0.0 32.0
4.481649 41.6467 0.0172 0.0 31.0
5.331669 42.77487 0.0172 0.0 31.0
5.331669 42.77487 0.0173 0.0 32.0
6.181689 43.90304 0.0173 0.0 32.0
4.481649 41.6467 0.0174 2.0 31.0
4.929814 42.98627 0.0174 2.0 31.0
4.929814 42.98627 0.0175 1.0 32.0
5.377979 44.32584 0.0175 1.0 32.0
5.377979 44.32584 0.0176 0.0 33.0
5.8261437 45.66541 0.0176 0.0 33.0
5.8261437 45.66541 0.0177 0.0 34.0
6.2743087 47.00498 0.0177 0.0 34.0
3.585319 38.967564 0.0178 8.0 29.0
3.585319 40.380116 0.0178 8.0 29.0
3.585319 40.380116 0.0179 7.0 30.0
3.585319 41.792667 0.0179 7.0 30.0
3.585319 41.792667 0.0180 6.0 31.0
3.585319 43.20522 0.0180 6.0 31.0
3.585319 43.20522 0.0181 5.0 32.0
3.585319 44.61777 0.0181 5.0 32.0
3.585319 44.61777 0.0182 4.0 33.0
3.585319 46.030323 0.0182 4.0 33.0
3.585319 46.030323 0.0183 3.0 34.0
3.585319 47.442875 0.0183 3.0 34.0
3.585319 47.442875 0.0184 0.0 35.0
3.137154 48.782444 0.0184 0.0 35.0
3.137154 48.782444 0.0185 0.0 36.0
2.6889892 50.122013 0.0185 0.0 36.0
3.585319 47.442875 0.0186 0.0 35.0
4.033484 48.782444 0.0186 0.0 35.0
4.033484 48.782444 0.0187 0.0 36.0
4.481649 50.122013 0.0187 0.0 36.0
3.585319 47.442875 0.0188 2.0 35.0
3.585319 48.855427 0.0188 2.0 35.0
3.585319 48.855427 0.0189 1.0 36.0
3.585319 50.26798 0.0189 1.0 36.0
3.585319 50.26798 0.0190 0.0 37.0
3.585319 51.68053 0.0190 0.0 37.0
3.585319 51.68053 0.0191 0.0 38.0
3.585319 53.093082 0.0191 0.0 38.0
3.585319 33.317356 0.0192 12.0 25.0
4.435339 34.445526 0.0192 12.0 25.0
4.435339 34.445526 0.0193 11.0 26.0
5.285359 35.573696 0.0193 11.0 26.0
5.285359 35.573696 0.0194 10.0 27.0
6.135379 36.701866 0.0194 10.0 27.0
6.135379 36.701866 0.0195 9.0 28.0
6.985399 37.830036 0.0195 9.0 28.0
6.985399 37.830036 0.0196 4.0 29.0
7.4335637 39.169605 0.0196 4.0 29.0
7.4335637 39.169605 0.0197 3.0 30.0
7.8817286 40.509174 0.0197 3.0 30.0
7.8817286 40.509174 0.0198 0.0 31.0
7.8817286 41.921726 0.0198 0.0 31.0
7.8817286 41.921726 0.0199 0.0 32.0
7.8817286 43.33428 0.0199 0.0 32.0
7.8817286 40.509174 0.0200 0.0 31.0
8.731749 41.637344 0.0200 0.0 31.0
8.731749 41.637344 0.0201 0.0 32.0
9.581768 42.765514 0.0201 0.0 32.0
7.8817286 40.509174 0.0202 2.0 31.0
8.329893 41.848743 0.0202 2.0 31.0
8.329893 41.848743 0.0203 1.0 32.0
8.778058 43.188313 0.0203 1.0 32.0
8.778058 43.188313 0.0204 0.0 33.0
9.226223 44.52788 0.0204 0.0 33.0
9.226223 44.52788 0.0205 0.0 34.0
9.674388 45.86745 0.0205 0.0 34.0
6.985399 37.830036 0.0206 4.0 29.0
8.14944 38.63023 0.0206 4.0 29.0
8.14944 38.63023 0.0207 3.0 30.0
9.31348 39.430424 0.0207 3.0 30.0
9.31348 39.430424 0.0208 0.0 31.0
10.1635 40.558594 0.0208 0.0 31.0
10.1635 40.558594 0.0209 0.0 32.0
11.013519 41.686764 0.0209 0.0 32.0
9.31348 39.430424 0.0210 0.0 31.0
10.67126 39.819954 0.0210 0.0 31.0
10.67126 39.819954 0.0211 0.0 32.0
12.029039 40.209484 0.0211 0.0 32.0
9.31348 39.430424 0.0212 2.0 31.0
10.477521 40.230618 0.0212 2.0 31.0
10.477521 40.230618 0.0213 1.0 32.0
11.6415615 41.03081 0.0213 1.0 32.0
11.6415615 41.03081 0.0214 0.0 33.0
12.805602 41.831005 0.0214 0.0 33.0
12.805602 41.831005 0.0215 0.0 34.0
13.969643 42.6312 0.0215 0.0 34.0
6.985399 37.830036 0.0216 8.0 29.0
7.8354187 38.958206 0.0216 8.0 29.0
7.8354187 38.958206 0.0217 7.0 30.0
8.685438 40.086376 0.0217 7.0 30.0
8.685438 40.086376 0.0218 6.0 31.0
9.535458 41.214546 0.0218 6.0 31.0
9.535458 41.214546 0.0219 5.0 32.0
10.385477 42.342716 0.0219 5.0 32.0
10.385477 42.342716 0.0220 4.0 33.0
11.2354965 43.470886 0.0220 4.0 33.0
11.2354965 43.470886 0.0221 3.0 34.0
12.085516 44.599056 0.0221 3.0 34.0
12.085516 44.599056 0.0222 0.0 35.0
12.533681 45.938625 0.0222 0.0 35.0
12.533681 45.938625 0.0223 0.0 36.0
12.981846 47.278194 0.0223 0.0 36.0
12.085516 44.599056 0.0224 0.0 35.0
13.249557 45.39925 0.0224 0.0 35.0
13.249557 45.39925 0.0225 0.0 36.0
14.413597 46.199444 0.0225 0.0 36.0
12.085516 44.599056 0.0226 2.0 35.0
12.935535 45.727226 0.0226 2.0 35.0
12.935535 45.727226 0.0227 1.0 36.0
13.785555 46.855396 0.0227 1.0 36.0
13.785555 46.855396 0.0228 0.0 37.0
14.635574 47.983566 0.0228 0.0 37.0
14.635574 47.983566 0.0229 0.0 38.0
15.485594 49.111736 0.0229 0.0 38.0
3.585319 33.317356 0.0230 20.0 25.0
4.033484 34.656925 0.0230 20.0 25.0
4.033484 34.656925 0.0231 19.0 26.0
4.481649 35.996494 0.0231 19.0 26.0
4.481649 35.996494 0.0232 18.0 27.0
4.929814 37.336063 0.0232 18.0 27.0
4.929814 37.336063 0.0233 17.0 28.0
5.377979 38.675632 0.0233 17.0 28.0
5.377979 38.675632 0.0234 16.0 29.0
5.8261437 40.0152 0.0234 16.0 29.0
5.8261437 40.0152 0.0235 15.0 30.0
6.2743087 41.35477 0.0235 15.0 30.0
6.2743087 41.35477 0.0236 14.0 31.0
6.7224736 42.69434 0.0236 14.0 31.0
6.7224736 42.69434 0.0237 13.0 32.0
7.1706386 44.03391 0.0237 13.0 32.0
7.1706386 44.03391 0.0238 12.0 33.0
7.6188035 45.373478 0.0238 12.0 33.0
7.6188035 45.373478 0.0239 11.0 34.0
8.066968 46.713047 0.0239 11.0 34.0
8.066968 46.713047 0.0240 10.0 35.0
8.515133 48.052616 0.0240 10.0 35.0
8.515133 48.052616 0.0241 9.0 36.0
8.963298 49.392185 0.0241 9.0 36.0
8.963298 49.392185 0.0242 4.0 37.0
8.963298 50.804737 0.0242 4.0 37.0
8.963298 50.804737 0.0243 3.0 38.0
8.963298 52.21729 0.0243 3.0 38.0
8.963298 52.21729 0.0244 0.0 39.0
8.515133 53.556858 0.0244 0.0 39.0
8.515133 53.556858 0.0245 0.0 40.0
8.066968 54.896427 0.0245 0.0 40.0
8.963298 52.21729 0.0246 0.0 39.0
9.411463 53.556858 0.0246 0.0 39.0
9.411463 53.556858 0.0247 0.0 40.0
9.859628 54.896427 0.0247 0.0 40.0
8.963298 52.21729 0.0248 2.0 39.0
8.963298 53.62984 0.0248 2.0 39.0
8.963298 53.62984 0.0249 1.0 40.0
8.963298 55.042393 0.0249 1.0 40.0
8.963298 55.042393 0.0250 0.0 41.0
8.963298 56.454945 0.0250 0.0 41.0
8.963298 56.454945 0.0251 0.0 42.0
8.963298 57.867496 0.0251 0.0 42.0
8.963298 49.392185 0.0252 4.0 37.0
9.813318 50.520355 0.0252 4.0 37.0
9.813318 50.520355 0.0253 3.0 38.0
10.663338 51.648525 0.0253 3.0 38.0
10.663338 51.648525 0.0254 0.0 39.0
11.111503 52.988094 0.0254 0.0 39.0
11.111503 52.988094 0.0255 0.0 40.0
11.559668 54.327663 0.0255 0.0 40.0
10.663338 51.648525 0.0256 0.0 39.0
11.827378 52.44872 0.0256 0.0 39.0
11.827378 52.44872 0.0257 0.0 40.0
12.991419 53.248913 0.0257 0.0 40.0
10.663338 51.648525 0.0258 2.0 39.0
11.513357 52.776695 0.0258 2.0 39.0
11.513357 52.776695 0.0259 1.0 40.0
12.363377 53.904865 0.0259 1.0 40.0
12.363377 53.904865 0.0260 0.0 41.0
13.213396 55.033035 0.0260 0.0 41.0
13.213396 55.033035 0.0261 0.0 42.0
14.063416 56.161205 0.0261 0.0 42.0
8.963298 49.392185 0.0262 8.0 37.0
9.411463 50.731754 0.0262 8.0 37.0
9.411463 50.731754 0.0263 7.0 38.0
9.859628 52.071323 0.0263 7.0 38.0
9.859628 52.071323 0.0264 6.0 39.0
10.307793 53.410892 0.0264 6.0 39.0
10.307793 53.410892 0.0265 5.0 40.0
10.755958 54.75046 0.0265 5.0 40.0
10.755958 54.75046 0.0266 4.0 41.0
11.204123 56.09003 0.0266 4.0 41.0
11.204123 56.09003 0.0267 3.0 42.0
11.6522875 57.4296 0.0267 3.0 42.0
11.6522875 57.4296 0.0268 0.0 43.0
11.6522875 58.84215 0.0268 0.0 43.0
11.6522875 58.84215 0.0269 0.0 44.0
11.6522875 60.254704 0.0269 0.0 44.0
11.6522875 57.4296 0.0270 0.0 43.0
12.502308 58.55777 0.0270 0.0 43.0
12.502308 58.55777 0.0271 0.0 44.0
13.352327 59.68594 0.0271 0.0 44.0
11.6522875 57.4296 0.0272 2.0 43.0
12.100452 58.76917 0.0272 2.0 43.0
12.100452 58.76917 0.0273 1.0 44.0
12.548617 60.108738 0.0273 1.0 44.0
12.548617 60.108738 0.0274 0.0 45.0
12.996782 61.448307 0.0274 0.0 45.0
12.996782 61.448307 0.0275 0.0 46.0
13.444947 62.787876 0.0275 0.0 46.0
0.0 22.600801 0.0276 44.0 17.0
0.0 24.013351 0.0276 44.0 17.0
0.0 24.013351 0.0277 43.0 18.0
0.0 25.425901 0.0277 43.0 18.0
0.0 25.425901 0.0278 42.0 19.0
0.0 26.838451 0.0278 42.0 19.0
0.0 26.838451 0.0279 41.0 20.0
0.0 28.251001 0.0279 41.0 20.0
0.0 28.251001 0.0280 40.0 21.0
0.0 29.663551 0.0280 40.0 21.0
0.0 29.663551 0.0281 39.0 22.0
0.0 31.076101 0.0281 39.0 22.0
0.0 31.076101 0.0282 38.0 23.0
0.0 32.48865 0.0282 38.0 23.0
0.0 32.48865 0.0283 37.0 24.0
0.0 33.901203 0.0283 37.0 24.0
0.0 33.901203 0.0284 36.0 25.0
0.0 35.313755 0.0284 36.0 25.0
0.0 35.313755 0.0285 35.0 26.0
0.0 36.726307 0.0285 35.0 26.0
0.0 36.726307 0.0286 34.0 27.0
0.0 38.13886 0.0286 34.0 27.0
0.0 38.13886 0.0287 33.0 28.0
0.0 39.55141 0.0287 33.0 28.0
0.0 39.55141 0.0288 32.0 29.0
0.0 40.963963 0.0288 32.0 29.0
0.0 40.963963 0.0289 31.0 30.0
0.0 42.376514 0.0289 31.0 30.0
0.0 42.376514 0.0290 30.0 31.0
0.0 43.789066 0.0290 30.0 31.0
0.0 43.789066 0.0291 29.0 32.0
0.0 45.20162 0.0291 29.0 32.0
0.0 45.20162 0.0292 28.0 33.0
0.0 46.61417 0.0292 28.0 33.0
0.0 46.61417 0.0293 27.0 34.0
0.0 48.026722 0.0293 27.0 34.0
0.0 48.026722 0.0294 26.0 35.0
0.0 49.439274 0.0294 26.0 35.0
0.0 49.439274 0.0295 25.0 36.0
0.0 50.851826 0.0295 25.0 36.0
0.0 50.851826 0.0296 24.0 37.0
0.0 52.264378 0.0296 24.0 37.0
0.0 52.264378 0.0297 23.0 38.0
0.0 53.67693 0.0297 23.0 38.0
0.0 53.67693 0.0298 22.0 39.0
0.0 55.08948 0.0298 22.0 39.0
0.0 55.08948 0.0299 21.0 40.0
0.0 56.502033 0.0299 21.0 40.0
0.0 56.502033 0.0300 12.0 41.0
-0.44816482 57.841602 0.0300 12.0 41.0
-0.44816482 57.841602 0.0301 11.0 42.0
-0.89632964 59.18117 0.0301 11.0 42.0
-0.89632964 59.18117 0.0302 10.0 43.0
-1.3444945 60.52074 0.0302 10.0 43.0
-1.3444945 60.52074 0.0303 9.0 44.0
-1.7926593 61.86031 0.0303 9.0 44.0
-1.7926593 61.86031 0.0304 4.0 45.0
-2.6426792 62.98848 0.0304 4.0 45.0
-2.6426792 62.98848 0.0305 3.0 46.0
-3.4926991 64.116646 0.0305 3.0 46.0
-3.4926991 64.116646 0.0306 0.0 47.0
-4.65674 64.91684 0.0306 0.0 47.0
-4.65674 64.91684 0.0307 0.0 48.0
-5.820781 65.71703 0.0307 0.0 48.0
-3.4926991 64.116646 0.0308 0.0 47.0
-3.940864 65.456215 0.0308 0.0 47.0
-3.940864 65.456215 0.0309 0.0 48.0
-4.389029 66.795784 0.0309 0.0 48.0
-3.4926991 64.116646 0.0310 2.0 47.0
-4.342719 65.24481 0.0310 2.0 47.0
-4.342719 65.24481 0.0311 1.0 48.0
-5.192739 66.37298 0.0311 1.0 48.0
-5.192739 66.37298 0.0312 0.0 49.0
-6.042759 67.501144 0.0312 0.0 49.0
-6.042759 67.501144 0.0313 0.0 50.0
-6.892779 68.62931 0.0313 0.0 50.0
-1.7926593 61.86031 0.0314 4.0 45.0
-1.7926593 63.27286 0.0314 4.0 45.0
-1.7926593 63.27286 0.0315 3.0 46.0
-1.7926593 64.68541 0.0315 3.0 46.0
-1.7926593 64.68541 0.0316 0.0 47.0
-2.2408242 66.02498 0.0316 0.0 47.0
-2.2408242 66.02498 0.0317 0.0 48.0
-2.6889892 67.36455 0.0317 0.0 48.0
-1.7926593 64.68541 0.0318 0.0 47.0
-1.3444945 66.02498 0.0318 0.0 47.0
-1.3444945 66.02498 0.0319 0.0 48.0
-0.89632964 67.36455 0.0319 0.0 48.0
-1.7926593 64.68541 0.0320 2.0 47.0
-1.7926593 66.09796 0.0320 2.0 47.0
-1.7926593 66.09796 0.0321 1.0 48.0
-1.7926593 67.51051 0.0321 1.0 48.0
-1.7926593 67.51051 0.0322 0.0 49.0
-1.7926593 68.923065 0.0322 0.0 49.0
-1.7926593 68.923065 0.0323 0.0 50.0
-1.7926593 70.33562 0.0323 0.0 50.0
-1.7926593 61.86031 0.0324 8.0 45.0
-2.2408242 63.19988 0.0324 8.0 45.0
-2.2408242 63.19988 0.0325 7.0 46.0
-2.6889892 64.53945 0.0325 7.0 46.0
-2.6889892 64.53945 0.0326 6.0 47.0
-3.137154 65.87902 0.0326 6.0 47.0
-3.137154 65.87902 0.0327 5.0 48.0
-3.585319 67.21859 0.0327 5.0 48.0
-3.585319 67.21859 0.0328 4.0 49.0
-4.033484 68.55816 0.0328 4.0 49.0
-4.033484 68.55816 0.0329 3.0 50.0
-4.481649 69.89773 0.0329 3.0 50.0
-4.481649 69.89773 0.0330 0.0 51.0
-5.331669 71.025894 0.0330 0.0 51.0
-5.331669 71.025894 0.0331 0.0 52.0
-6.181689 72.15406 0.0331 0.0 52.0
-4.481649 69.89773 0.0332 0.0 51.0
-4.481649 71.31028 0.0332 0.0 51.0
-4.481649 71.31028 0.0333 0.0 52.0
-4.481649 72.72283 0.0333 0.0 52.0
-4.481649 69.89773 0.0334 2.0 51.0
-4.929814 71.2373 0.0334 2.0 51.0
-4.929814 71.2373 0.0335 1.0 52.0
-5.377979 72.576866 0.0335 1.0 52.0
-5.377979 72.576866 0.0336 0.0 53.0
-5.8261437 73.916435 0.0336 0.0 53.0
-5.8261437 73.916435 0.0337 0.0 54.0
-6.2743087 75.256004 0.0337 0.0 54.0
0.0 56.502033 0.0338 12.0 41.0
0.44816482 57.841602 0.0338 12.0 41.0
0.44816482 57.841602 0.0339 11.0 42.0
0.89632964 59.18117 0.0339 11.0 42.0
0.89632964 59.18117 0.0340 10.0 43.0
1.3444945 60.52074 0.0340 10.0 43.0
1.3444945 60.52074 0.0341 9.0 44.0
1.7926593 61.86031 0.0341 9.0 44.0
1.7926593 61.86031 0.0342 4.0 45.0
1.7926593 63.27286 0.0342 4.0 45.0
1.7926593 63.27286 0.0343 3.0 46.0
1.7926593 64.68541 0.0343 3.0 46.0
1.7926593 64.68541 0.0344 0.0 47.0
1.3444945 66.02498 0.0344 0.0 47.0
1.3444945 66.02498 0.0345 0.0 48.0
0.89632964 67.36455 0.0345 0.0 48.0
1.7926593 64.68541 0.0346 0.0 47.0
2.2408242 66.02498 0.0346 0.0 47.0
2.2408242 66.02498 0.0347 0.0 48.0
2.6889892 67.36455 0.0347 0.0 48.0
1.7926593 64.68541 0.0348 2.0 47.0
1.7926593 66.09796 0.0348 2.0 47.0
1.7926593 66.09796 0.0349 1.0 48.0
1.7926593 67.51051 0.0349 1.0 48.0
1.7926593 67.51051 0.0350 0.0 49.0
1.7926593 68.923065 0.0350 0.0 49.0
1.7926593 68.923065 0.0351 0.0 50.0
1.7926593 70.33562 0.0351 0.0 50.0
1.7926593 61.86031 0.0352 4.0 45.0
2.6426792 62.98848 0.0352 4.0 45.0
2.6426792 62.98848 0.0353 3.0 46.0
3.4926991 64.116646 0.0353 3.0 46.0
3.4926991 64.116646 0.0354 0.0 47.0
3.940864 65.456215 0.0354 0.0 47.0
3.940864 65.456215 0.0355 0.0 48.0
4.389029 66.795784 0.0355 0.0 48.0
3.4926991 64.116646 0.0356 0.0 47.0
4.65674 64.91684 0.0356 0.0 47.0
4.65674 64.91684 0.0357 0.0 48.0
5.820781 65.71703 0.0357 0.0 48.0
3.4926991 64.116646 0.0358 2.0 47.0
4.342719 65.24481 0.0358 2.0 47.0
4.342719 65.24481 0.0359 1.0 48.0
5.192739 66.37298 0.0359 1.0 48.0
5.192739 66.37298 0.0360 0.0 49.0
6.042759 67.501144 0.0360 0.0 49.0
6.042759 67.501144 0.0361 0.0 50.0
6.892779 68.62931 0.0361 0.0 50.0
1.7926593 61.86031 0.0362 8.0 45.0
2.2408242 63.19988 0.0362 8.0 45.0
2.2408242 63.19988 0.0363 7.0 46.0
2.6889892 64.53945 0.0363 7.0 46.0
2.6889892 64.53945 0.0364 6.0 47.0
3.137154 65.87902 0.0364 6.0 47.0
3.137154 65.87902 0.0365 5.0 48.0
3.585319 67.21859 0.0365 5.0 48.0
3.585319 67.21859 0.0366 4.0 49.0
4.033484 68.55816 0.0366 4.0 49.0
4.033484 68.55816 0.0367 3.0 50.0
4.481649 69.89773 0.0367 3.0 50.0
4.481649 69.89773 0.0368 0.0 51.0
4.481649 71.31028 0.0368 0.0 51.0
4.481649 71.31028 0.0369 0.0 52.0
4.481649 72.72283 0.0369 0.0 52.0
4.481649 69.89773 0.0370 0.0 51.0
5.331669 71.025894 0.0370 0.0 51.0
5.331669 71.025894 0.0371 0.0 52.0
6.181689 72.15406 0.0371 0.0 52.0
4.481649 69.89773 0.0372 2.0 51.0
4.929814 71.2373 0.0372 2.0 51.0
4.929814 71.2373 0.0373 1.0 52.0
5.377979 72.576866 0.0373 1.0 52.0
5.377979 72.576866 0.0374 0.0 53.0
5.8261437 73.916435 0.0374 0.0 53.0
5.8261437 73.916435 0.0375 0.0 54.0
6.2743087 75.256004 0.0375 0.0 54.0
0.0 56.502033 0.0376 20.0 41.0
0.0 57.914585 0.0376 20.0 41.0
0.0 57.914585 0.0377 19.0 42.0
0.0 59.327137 0.0377 19.0 42.0
0.0 59.327137 0.0378 18.0 43.0
0.0 60.73969 0.0378 18.0 43.0
0.0 60.73969 0.0379 17.0 44.0
0.0 62.15224 0.0379 17.0 44.0
0.0 62.15224 0.0380 16.0 45.0
0.0 63.564793 0.0380 16.0 45.0
0.0 63.564793 0.0381 15.0 46.0
0.0 64.97734 0.0381 15.0 46.0
0.0 64.97734 0.0382 14.0 47.0
0.0 66.38989 0.0382 14.0 47.0
0.0 66.38989 0.0383 13.0 48.0
0.0 67.802444 0.0383 13.0 48.0
0.0 67.802444 0.0384 12.0 49.0
0.0 69.215 0.0384 12.0 49.0
0.0 69.215 0.0385 11.0 50.0
0.0 70.62755 0.0385 11.0 50.0
0.0 70.62755 0.0386 10.0 51.0
0.0 72.0401 0.0386 10.0 51.0
0.0 72.0401 0.0387 9.0 52.0
0.0 73.45265 0.0387 9.0 52.0
0.0 73.45265 0.0388 4.0 53.0
-0.44816482 74.79222 0.0388 4.0 53.0
-0.44816482 74.79222 0.0389 3.0 54.0
-0.89632964 76.13179 0.0389 3.0 54.0
-0.89632964 76.13179 0.0390 0.0 55.0
-1.7463496 77.25996 0.0390 0.0 55.0
-1.7463496 77.25996 0.0391 0.0 56.0
-2.5963695 78.38812 0.0391 0.0 56.0
-0.89632964 76.13179 0.0392 0.0 55.0
-0.89632964 77.54434 0.0392 0.0 55.0
-0.89632964 77.54434 0.0393 0.0 56.0
-0.89632964 78.956894 0.0393 0.0 56.0
-0.89632964 76.13179 0.0394 2.0 55.0
-1.3444945 77.47136 0.0394 2.0 55.0
-1.3444945 77.47136 0.0395 1.0 56.0
-1.7926593 78.81093 0.0395 1.0 56.0
-1.7926593 78.81093 0.0396 0.0 57.0
-2.2408242 80.1505 0.0396 0.0 57.0
-2.2408242 80.1505 0.0397 0.0 58.0
-2.6889892 81.49007 0.0397 0.0 58.0
0.0 73.45265 0.0398 4.0 53.0
0.44816482 74.79222 0.0398 4.0 53.0
0.44816482 74.79222 0.0399 3.0 54.0
0.89632964 76.13179 0.0399 3.0 54.0
0.89632964 76.13179 0.0400 0.0 55.0
0.89632964 77.54434 0.0400 0.0 55.0
0.89632964 77.54434 0.0401 0.0 56.0
0.89632964 78.956894 0.0401 0.0 56.0
0.89632964 76.13179 0.0402 0.0 55.0
1.7463496 77.25996 0.0402 0.0 55.0
1.7463496 77.25996 0.0403 0.0 56.0
2.5963695 78.38812 0.0403 0.0 56.0
0.89632964 76.13179 0.0404 2.0 55.0
1.3444945 77.47136 0.0404 2.0 55.0
1.3444945 77.47136 0.0405 1.0 56.0
1.7926593 78.81093 0.0405 1.0 56.0
1.7926593 78.81093 0.0406 0.0 57.0
2.2408242 80.1505 0.0406 0.0 57.0
2.2408242 80.1505 0.0407 0.0 58.0
2.6889892 81.49007 0.0407 0.0 58.0
0.0 73.45265 0.0408 8.0 53.0
0.0 74.865204 0.0408 8.0 53.0
0.0 74.865204 0.0409 7.0 54.0
0.0 76.277756 0.0409 7.0 54.0
0.0 76.277756 0.0410 6.0 55.0
0.0 77.69031 0.0410 6.0 55.0
0.0 77.69031 0.0411 5.0 56.0
0.0 79.10286 0.0411 5.0 56.0
0.0 79.10286 0.0412 4.0 57.0
0.0 80.51541 0.0412 4.0 57.0
0.0 80.51541 0.0413 3.0 58.0
0.0 81.92796 0.0413 3.0 58.0
0.0 81.92796 0.0414 0.0 59.0
-0.44816482 83.26753 0.0414 0.0 59.0
-0.44816482 83.26753 0.0415 0.0 60.0
-0.89632964 84.6071 0.0415 0.0 60.0
0.0 81.92796 0.0416 0.0 59.0
0.44816482 83.26753 0.0416 0.0 59.0
0.44816482 83.26753 0.0417 0.0 60.0
0.89632964 84.6071 0.0417 0.0 60.0
0.0 81.92796 0.0418 2.0 59.0
0.0 83.340515 0.0418 2.0 59.0
0.0 83.340515 0.0419 1.0 60.0
0.0 84.75307 0.0419 1.0 60.0
0.0 84.75307 0.0420 0.0 61.0
0.0 86.16562 0.0420 0.0 61.0
0.0 86.16562 0.0421 0.0 62.0
0.0 87.57817 0.0421 0.0 62.0
