0.0 0.0 0.00 27.0 1.0
0.0 1.0321956 0.00 27.0 1.0
0.0 1.0321956 0.01 26.0 2.0
0.0 2.0643911 0.01 26.0 2.0
0.0 2.0643911 0.02 1.0 3.0
0.0 3.0965867 0.02 1.0 3.0
0.0 3.0965867 0.03 0.0 4.0
-0.56865764 3.9580135 0.03 0.0 4.0
-0.56865764 3.9580135 0.04 0.0 5.0
-1.517813 4.363639 0.04 0.0 5.0
0.0 2.0643911 0.05 1.0 3.0
-1.0155922 1.88 0.05 1.0 3.0
-1.0155922 1.88 0.06 0.0 4.0
-1.9647474 2.2856255 0.06 0.0 4.0
-1.9647474 2.2856255 0.07 0.0 5.0
-2.5334048 3.1470523 0.07 0.0 5.0
0.0 2.0643911 0.08 25.0 3.0
-0.9491553 2.4700165 0.08 25.0 3.0
-0.9491553 2.4700165 0.09 24.0 4.0
-1.8983105 2.8756418 0.09 24.0 4.0
-1.8983105 2.8756418 0.010 1.0 5.0
-2.8474658 3.2812674 0.010 1.0 5.0
-2.8474658 3.2812674 0.011 0.0 6.0
-3.863058 3.0968764 0.011 0.0 6.0
-3.863058 3.0968764 0.012 0.0 7.0
-4.6090436 2.3834808 0.012 0.0 7.0
-1.8983105 2.8756418 0.013 1.0 5.0
-2.1278543 1.8692933 0.013 1.0 5.0
-2.1278543 1.8692933 0.014 0.0 6.0
-2.8738399 1.1558977 0.014 0.0 6.0
-2.8738399 1.1558977 0.015 0.0 7.0
-3.889432 0.97150666 0.015 0.0 7.0
-1.8983105 2.8756418 0.016 7.0 5.0
-2.8474658 3.2812674 0.016 7.0 5.0
-2.8474658 3.2812674 0.017 6.0 6.0
-3.7966208 3.686893 0.017 6.0 6.0
-3.7966208 3.686893 0.018 1.0 7.0
-4.745776 4.0925183 0.018 1.0 7.0
-4.745776 4.0925183 0.019 0.0 8.0
-5.7613683 3.9081273 0.019 0.0 8.0
-5.7613683 3.9081273 0.020 0.0 9.0
-6.507354 3.1947317 0.020 0.0 9.0
-3.7966208 3.686893 0.021 1.0 7.0
-4.0261645 2.6805444 0.021 1.0 7.0
-4.0261645 2.6805444 0.022 0.0 8.0
-4.77215 1.9671488 0.022 0.0 8.0
-4.77215 1.9671488 0.023 0.0 9.0
-5.787742 1.7827576 0.023 0.0 9.0
-3.7966208 3.686893 0.024 5.0 7.0
-4.0261645 2.6805444 0.024 5.0 7.0
-4.0261645 2.6805444 0.025 4.0 8.0
-4.255708 1.6741959 0.025 4.0 8.0
-4.255708 1.6741959 0.026 1.0 9.0
-4.485252 0.6678474 0.026 1.0 9.0
-4.485252 0.6678474 0.027 0.0 10.0
-4.122401 -0.29846895 0.027 0.0 10.0
-4.122401 -0.29846895 0.028 0.0 11.0
-3.287218 -0.905014 0.028 0.0 11.0
-4.255708 1.6741959 0.029 1.0 9.0
-3.2245417 1.6281182 0.029 1.0 9.0
-3.2245417 1.6281182 0.030 0.0 10.0
-2.3893585 1.0215731 0.030 0.0 10.0
-2.3893585 1.0215731 0.031 0.0 11.0
-2.026508 0.055256724 0.031 0.0 11.0
-4.255708 1.6741959 0.032 3.0 9.0
-3.2245417 1.6281182 0.032 3.0 9.0
-3.2245417 1.6281182 0.033 2.0 10.0
-2.193375 1.5820404 0.033 2.0 10.0
-2.193375 1.5820404 0.034 1.0 11.0
-1.1622086 1.5359627 0.034 1.0 11.0
-1.1622086 1.5359627 0.035 0.0 12.0
-0.2762552 2.0655987 0.035 0.0 12.0
-0.2762552 2.0655987 0.036 0.0 13.0
0.17133692 2.9957004 0.036 0.0 13.0
-2.193375 1.5820404 0.037 1.0 11.0
-2.3322453 2.6048517 0.037 1.0 11.0
-2.3322453 2.6048517 0.038 0.0 12.0
-1.8846532 3.5349534 0.038 0.0 12.0
-1.8846532 3.5349534 0.039 0.0 13.0
-0.99869984 4.0645895 0.039 0.0 13.0
-1.8983105 2.8756418 0.040 7.0 5.0
-2.1278543 1.8692933 0.040 7.0 5.0
-2.1278543 1.8692933 0.041 6.0 6.0
-2.357398 0.86294484 0.041 6.0 6.0
-2.357398 0.86294484 0.042 1.0 7.0
-2.5869417 -0.14340365 0.042 1.0 7.0
-2.5869417 -0.14340365 0.043 0.0 8.0
-2.2240913 -1.10972 0.043 0.0 8.0
-2.2240913 -1.10972 0.044 0.0 9.0
-1.3889081 -1.716265 0.044 0.0 9.0
-2.357398 0.86294484 0.045 1.0 7.0
-1.3262315 0.8168672 0.045 1.0 7.0
-1.3262315 0.8168672 0.046 0.0 8.0
-0.4910484 0.21032214 0.046 0.0 8.0
-0.4910484 0.21032214 0.047 0.0 9.0
-0.12819797 -0.7559942 0.047 0.0 9.0
-2.357398 0.86294484 0.048 5.0 7.0
-1.9945476 -0.1033715 0.048 5.0 7.0
-1.9945476 -0.1033715 0.049 4.0 8.0
-1.6316972 -1.0696878 0.049 4.0 8.0
-1.6316972 -1.0696878 0.050 1.0 9.0
-1.2688468 -2.036004 0.050 1.0 9.0
-1.2688468 -2.036004 0.051 0.0 10.0
-0.43366367 -2.642549 0.051 0.0 10.0
-0.43366367 -2.642549 0.052 0.0 11.0
0.5975029 -2.6886268 0.052 0.0 11.0
-1.6316972 -1.0696878 0.053 1.0 9.0
-0.7457438 -0.54005176 0.053 1.0 9.0
-0.7457438 -0.54005176 0.054 0.0 10.0
0.28542274 -0.5861294 0.054 0.0 10.0
0.28542274 -0.5861294 0.055 0.0 11.0
1.1206058 -1.1926744 0.055 0.0 11.0
-1.6316972 -1.0696878 0.056 3.0 9.0
-0.7965141 -1.6762328 0.056 3.0 9.0
-0.7965141 -1.6762328 0.057 2.0 10.0
0.03866899 -2.2827778 0.057 2.0 10.0
0.03866899 -2.2827778 0.058 1.0 11.0
0.8738521 -2.8893228 0.058 1.0 11.0
0.8738521 -2.8893228 0.059 0.0 12.0
1.9050186 -2.9354005 0.059 0.0 12.0
1.9050186 -2.9354005 0.060 0.0 13.0
2.790972 -2.4057643 0.060 0.0 13.0
0.03866899 -2.2827778 0.061 1.0 11.0
0.4862611 -1.3526762 0.061 1.0 11.0
0.4862611 -1.3526762 0.062 0.0 12.0
1.3722144 -0.82304007 0.062 0.0 12.0
1.3722144 -0.82304007 0.063 0.0 13.0
2.4033809 -0.86911774 0.063 0.0 13.0
-1.8983105 2.8756418 0.064 23.0 5.0
-2.6442962 2.1622462 0.064 23.0 5.0
-2.6442962 2.1622462 0.065 22.0 6.0
-3.3902817 1.4488506 0.065 22.0 6.0
-3.3902817 1.4488506 0.066 1.0 7.0
-4.136267 0.73545504 0.066 1.0 7.0
-4.136267 0.73545504 0.067 0.0 8.0
-4.365811 -0.27089345 0.067 0.0 8.0
-4.365811 -0.27089345 0.068 0.0 9.0
-4.00296 -1.2372098 0.068 0.0 9.0
-3.3902817 1.4488506 0.069 1.0 7.0
-2.5550985 0.8423056 0.069 1.0 7.0
-2.5550985 0.8423056 0.070 0.0 8.0
-2.192248 -0.12401074 0.070 0.0 8.0
-2.192248 -0.12401074 0.071 0.0 9.0
-2.421792 -1.1303592 0.071 0.0 9.0
-3.3902817 1.4488506 0.072 21.0 7.0
-3.0274312 0.4825343 0.072 21.0 7.0
-3.0274312 0.4825343 0.073 20.0 8.0
-2.6645808 -0.48378205 0.073 20.0 8.0
-2.6645808 -0.48378205 0.074 1.0 9.0
-2.3017304 -1.4500984 0.074 1.0 9.0
-2.3017304 -1.4500984 0.075 0.0 10.0
-1.4665473 -2.0566435 0.075 0.0 10.0
-1.4665473 -2.0566435 0.076 0.0 11.0
-0.4353807 -2.1027212 0.076 0.0 11.0
-2.6645808 -0.48378205 0.077 1.0 9.0
-1.7786274 0.045854032 0.077 1.0 9.0
-1.7786274 0.045854032 0.078 0.0 10.0
-0.74746084 -2.236627E-4 0.078 0.0 10.0
-0.74746084 -2.236627E-4 0.079 0.0 11.0
0.08772224 -0.60676867 0.079 0.0 11.0
-2.6645808 -0.48378205 0.080 7.0 9.0
-2.3017304 -1.4500984 0.080 7.0 9.0
-2.3017304 -1.4500984 0.081 6.0 10.0
-1.93888 -2.4164147 0.081 6.0 10.0
-1.93888 -2.4164147 0.082 1.0 11.0
-1.5760295 -3.382731 0.082 1.0 11.0
-1.5760295 -3.382731 0.083 0.0 12.0
-0.74084646 -3.989276 0.083 0.0 12.0
-0.74084646 -3.989276 0.084 0.0 13.0
0.2903201 -4.0353537 0.084 0.0 13.0
-1.93888 -2.4164147 0.085 1.0 11.0
-1.0529265 -1.8867786 0.085 1.0 11.0
-1.0529265 -1.8867786 0.086 0.0 12.0
-0.021759987 -1.9328563 0.086 0.0 12.0
-0.021759987 -1.9328563 0.087 0.0 13.0
0.8134231 -2.5394013 0.087 0.0 13.0
-1.93888 -2.4164147 0.088 5.0 11.0
-1.0529265 -1.8867786 0.088 5.0 11.0
-1.0529265 -1.8867786 0.089 4.0 12.0
-0.16697317 -1.3571424 0.089 4.0 12.0
-0.16697317 -1.3571424 0.090 1.0 13.0
0.7189802 -0.82750636 0.090 1.0 13.0
0.7189802 -0.82750636 0.091 0.0 14.0
1.1665723 0.10259527 0.091 0.0 14.0
1.1665723 0.10259527 0.092 0.0 15.0
1.0277021 1.1254065 0.092 0.0 15.0
-0.16697317 -1.3571424 0.093 1.0 13.0
-0.8463559 -0.58005375 0.093 1.0 13.0
-0.8463559 -0.58005375 0.094 0.0 14.0
-0.9852262 0.44275743 0.094 0.0 14.0
-0.9852262 0.44275743 0.095 0.0 15.0
-0.53763413 1.372859 0.095 0.0 15.0
-0.16697317 -1.3571424 0.096 3.0 13.0
-0.8463559 -0.58005375 0.096 3.0 13.0
-0.8463559 -0.58005375 0.097 2.0 14.0
-1.5257387 0.19703496 0.097 2.0 14.0
-1.5257387 0.19703496 0.098 1.0 15.0
-2.2051215 0.97412366 0.098 1.0 15.0
-2.2051215 0.97412366 0.099 0.0 16.0
-3.2002196 1.2483635 0.099 0.0 16.0
-3.2002196 1.2483635 0.0100 0.0 17.0
-4.181771 0.9290123 0.0100 0.0 17.0
-1.5257387 0.19703496 0.0101 1.0 15.0
-2.168963 -0.61023843 0.0101 1.0 15.0
-2.168963 -0.61023843 0.0102 0.0 16.0
-3.1505141 -0.9295896 0.0102 0.0 16.0
-3.1505141 -0.9295896 0.0103 0.0 17.0
-4.1456122 -0.6553503 0.0103 0.0 17.0
-2.6645808 -0.48378205 0.0104 7.0 9.0
-1.7786274 0.045854032 0.0104 7.0 9.0
-1.7786274 0.045854032 0.0105 6.0 10.0
-0.892674 0.5754901 0.0105 6.0 10.0
-0.892674 0.5754901 0.0106 1.0 11.0
-0.006720662 1.1051261 0.0106 1.0 11.0
-0.006720662 1.1051261 0.0107 0.0 12.0
0.44087145 2.0352278 0.0107 0.0 12.0
0.44087145 2.0352278 0.0108 0.0 13.0
0.30200118 3.058039 0.0108 0.0 13.0
-0.892674 0.5754901 0.0109 1.0 11.0
-1.5720568 1.3525789 0.0109 1.0 11.0
-1.5720568 1.3525789 0.0110 0.0 12.0
-1.710927 2.37539 0.0110 0.0 12.0
-1.710927 2.37539 0.0111 0.0 13.0
-1.2633349 3.3054917 0.0111 0.0 13.0
-0.892674 0.5754901 0.0112 5.0 11.0
-0.44508192 1.5055918 0.0112 5.0 11.0
-0.44508192 1.5055918 0.0113 4.0 12.0
0.00251019 2.4356933 0.0113 4.0 12.0
0.00251019 2.4356933 0.0114 1.0 13.0
0.4501023 3.365795 0.0114 1.0 13.0
0.4501023 3.365795 0.0115 0.0 14.0
0.31123203 4.388606 0.0115 0.0 14.0
0.31123203 4.388606 0.0116 0.0 15.0
-0.3681507 5.1656947 0.0116 0.0 15.0
0.00251019 2.4356933 0.0117 1.0 13.0
-0.9925879 2.709933 0.0117 1.0 13.0
-0.9925879 2.709933 0.0118 0.0 14.0
-1.6719706 3.4870217 0.0118 0.0 14.0
-1.6719706 3.4870217 0.0119 0.0 15.0
-1.8108408 4.509833 0.0119 0.0 15.0
0.00251019 2.4356933 0.0120 3.0 13.0
-0.1363601 3.4585044 0.0120 3.0 13.0
-0.1363601 3.4585044 0.0121 2.0 14.0
-0.27523038 4.4813156 0.0121 2.0 14.0
-0.27523038 4.4813156 0.0122 1.0 15.0
-0.41410065 5.5041265 0.0122 1.0 15.0
-0.41410065 5.5041265 0.0123 0.0 16.0
-1.0934834 6.281215 0.0123 0.0 16.0
-1.0934834 6.281215 0.0124 0.0 17.0
-2.0885816 6.555455 0.0124 0.0 17.0
-0.27523038 4.4813156 0.0125 1.0 15.0
-1.2567815 4.1619644 0.0125 1.0 15.0
-1.2567815 4.1619644 0.0126 0.0 16.0
-2.2518797 4.436204 0.0126 0.0 16.0
-2.2518797 4.436204 0.0127 0.0 17.0
-2.9312627 5.213292 0.0127 0.0 17.0
-2.6645808 -0.48378205 0.0128 19.0 9.0
-1.6334143 -0.5298597 0.0128 19.0 9.0
-1.6334143 -0.5298597 0.0129 18.0 10.0
-0.6022477 -0.5759374 0.0129 18.0 10.0
-0.6022477 -0.5759374 0.0130 1.0 11.0
0.42891884 -0.62201506 0.0130 1.0 11.0
0.42891884 -0.62201506 0.0131 0.0 12.0
1.3148723 -0.092378974 0.0131 0.0 12.0
1.3148723 -0.092378974 0.0132 0.0 13.0
1.7624644 0.83772266 0.0132 0.0 13.0
-0.6022477 -0.5759374 0.0133 1.0 11.0
-0.741118 0.44687378 0.0133 1.0 11.0
-0.741118 0.44687378 0.0134 0.0 12.0
-0.2935259 1.3769754 0.0134 0.0 12.0
-0.2935259 1.3769754 0.0135 0.0 13.0
0.5924275 1.9066114 0.0135 0.0 13.0
-0.6022477 -0.5759374 0.0136 17.0 11.0
-0.1546556 0.35416424 0.0136 17.0 11.0
-0.1546556 0.35416424 0.0137 16.0 12.0
0.2929365 1.2842659 0.0137 16.0 12.0
0.2929365 1.2842659 0.0138 1.0 13.0
0.7405286 2.2143674 0.0138 1.0 13.0
0.7405286 2.2143674 0.0139 0.0 14.0
0.6016583 3.2371786 0.0139 0.0 14.0
0.6016583 3.2371786 0.0140 0.0 15.0
-0.07772446 4.0142674 0.0140 0.0 15.0
0.2929365 1.2842659 0.0141 1.0 13.0
-0.7021616 1.5585057 0.0141 1.0 13.0
-0.7021616 1.5585057 0.0142 0.0 14.0
-1.3815444 2.3355944 0.0142 0.0 14.0
-1.3815444 2.3355944 0.0143 0.0 15.0
-1.5204146 3.3584056 0.0143 0.0 15.0
0.2929365 1.2842659 0.0144 7.0 13.0
0.7405286 2.2143674 0.0144 7.0 13.0
0.7405286 2.2143674 0.0145 6.0 14.0
1.1881207 3.144469 0.0145 6.0 14.0
1.1881207 3.144469 0.0146 1.0 15.0
1.6357129 4.0745707 0.0146 1.0 15.0
1.6357129 4.0745707 0.0147 0.0 16.0
1.4968426 5.0973816 0.0147 0.0 16.0
1.4968426 5.0973816 0.0148 0.0 17.0
0.8174599 5.87447 0.0148 0.0 17.0
1.1881207 3.144469 0.0149 1.0 15.0
0.19302261 3.4187088 0.0149 1.0 15.0
0.19302261 3.4187088 0.0150 0.0 16.0
-0.48636013 4.1957974 0.0150 0.0 16.0
-0.48636013 4.1957974 0.0151 0.0 17.0
-0.62523043 5.218609 0.0151 0.0 17.0
1.1881207 3.144469 0.0152 5.0 15.0
0.19302261 3.4187088 0.0152 5.0 15.0
0.19302261 3.4187088 0.0153 4.0 16.0
-0.8020755 3.6929486 0.0153 4.0 16.0
-0.8020755 3.6929486 0.0154 1.0 17.0
-1.7971737 3.967188 0.0154 1.0 17.0
-1.7971737 3.967188 0.0155 0.0 18.0
-2.778725 3.6478367 0.0155 0.0 18.0
-2.778725 3.6478367 0.0156 0.0 19.0
-3.4219491 2.8405633 0.0156 0.0 19.0
-0.8020755 3.6929486 0.0157 1.0 17.0
-0.89414 2.664867 0.0157 1.0 17.0
-0.89414 2.664867 0.0158 0.0 18.0
-1.5373642 1.8575935 0.0158 0.0 18.0
-1.5373642 1.8575935 0.0159 0.0 19.0
-2.5189154 1.5382423 0.0159 0.0 19.0
-0.8020755 3.6929486 0.0160 3.0 17.0
-0.89414 2.664867 0.0160 3.0 17.0
-0.89414 2.664867 0.0161 2.0 18.0
-0.9862045 1.6367853 0.0161 2.0 18.0
-0.9862045 1.6367853 0.0162 1.0 19.0
-1.078269 0.6087036 0.0162 1.0 19.0
-1.078269 0.6087036 0.0163 0.0 20.0
-0.58871114 -0.30001026 0.0163 0.0 20.0
-0.58871114 -0.30001026 0.0164 0.0 21.0
0.32048202 -0.7886772 0.0164 0.0 21.0
-0.9862045 1.6367853 0.0165 1.0 19.0
0.041786432 1.7298573 0.0165 1.0 19.0
0.041786432 1.7298573 0.0166 0.0 20.0
0.9509796 1.2411903 0.0166 0.0 20.0
0.9509796 1.2411903 0.0167 0.0 21.0
1.4405375 0.33247644 0.0167 0.0 21.0
0.2929365 1.2842659 0.0168 7.0 13.0
-0.7021616 1.5585057 0.0168 7.0 13.0
-0.7021616 1.5585057 0.0169 6.0 14.0
-1.6972597 1.8327454 0.0169 6.0 14.0
-1.6972597 1.8327454 0.0170 1.0 15.0
-2.692358 2.1069849 0.0170 1.0 15.0
-2.692358 2.1069849 0.0171 0.0 16.0
-3.6739092 1.7876337 0.0171 0.0 16.0
-3.6739092 1.7876337 0.0172 0.0 17.0
-4.3171334 0.98036027 0.0172 0.0 17.0
-1.6972597 1.8327454 0.0173 1.0 15.0
-1.7893242 0.8046638 0.0173 1.0 15.0
-1.7893242 0.8046638 0.0174 0.0 16.0
-2.4325483 -0.0026096106 0.0174 0.0 16.0
-2.4325483 -0.0026096106 0.0175 0.0 17.0
-3.4140995 -0.32196078 0.0175 0.0 17.0
-1.6972597 1.8327454 0.0176 5.0 15.0
-2.6788108 1.5133942 0.0176 5.0 15.0
-2.6788108 1.5133942 0.0177 4.0 16.0
-3.660362 1.194043 0.0177 4.0 16.0
-3.660362 1.194043 0.0178 1.0 17.0
-4.641913 0.87469184 0.0178 1.0 17.0
-4.641913 0.87469184 0.0179 0.0 18.0
-5.285137 0.067418456 0.0179 0.0 18.0
-5.285137 0.067418456 0.0180 0.0 19.0
-5.3772016 -0.9606632 0.0180 0.0 19.0
-3.660362 1.194043 0.0181 1.0 17.0
-3.1708043 0.28532916 0.0181 1.0 17.0
-3.1708043 0.28532916 0.0182 0.0 18.0
-3.262869 -0.7427525 0.0182 0.0 18.0
-3.262869 -0.7427525 0.0183 0.0 19.0
-3.9060931 -1.5500259 0.0183 0.0 19.0
-3.660362 1.194043 0.0184 3.0 17.0
-4.303586 0.38676965 0.0184 3.0 17.0
-4.303586 0.38676965 0.0185 2.0 18.0
-4.9468102 -0.42050374 0.0185 2.0 18.0
-4.9468102 -0.42050374 0.0186 1.0 19.0
-5.5900345 -1.2277771 0.0186 1.0 19.0
-5.5900345 -1.2277771 0.0187 0.0 20.0
-5.682099 -2.255859 0.0187 0.0 20.0
-5.682099 -2.255859 0.0188 0.0 21.0
-5.192541 -3.1645727 0.0188 0.0 21.0
-4.9468102 -0.42050374 0.0189 1.0 19.0
-4.037617 -0.90917075 0.0189 1.0 19.0
-4.037617 -0.90917075 0.0190 0.0 20.0
-3.5480595 -1.8178847 0.0190 0.0 20.0
-3.5480595 -1.8178847 0.0191 0.0 21.0
-3.640124 -2.8459663 0.0191 0.0 21.0
0.2929365 1.2842659 0.0192 15.0 13.0
-0.7021616 1.5585057 0.0192 15.0 13.0
-0.7021616 1.5585057 0.0193 14.0 14.0
-1.6972597 1.8327454 0.0193 14.0 14.0
-1.6972597 1.8327454 0.0194 1.0 15.0
-2.692358 2.1069849 0.0194 1.0 15.0
-2.692358 2.1069849 0.0195 0.0 16.0
-3.6739092 1.7876337 0.0195 0.0 16.0
-3.6739092 1.7876337 0.0196 0.0 17.0
-4.3171334 0.98036027 0.0196 0.0 17.0
-1.6972597 1.8327454 0.0197 1.0 15.0
-1.7893242 0.8046638 0.0197 1.0 15.0
-1.7893242 0.8046638 0.0198 0.0 16.0
-2.4325483 -0.0026096106 0.0198 0.0 16.0
-2.4325483 -0.0026096106 0.0199 0.0 17.0
-3.4140995 -0.32196078 0.0199 0.0 17.0
-1.6972597 1.8327454 0.0200 13.0 15.0
-2.340484 1.025472 0.0200 13.0 15.0
-2.340484 1.025472 0.0201 12.0 16.0
-2.9837081 0.21819866 0.0201 12.0 16.0
-2.9837081 0.21819866 0.0202 1.0 17.0
-3.6269324 -0.58907473 0.0202 1.0 17.0
-3.6269324 -0.58907473 0.0203 0.0 18.0
-3.718997 -1.6171564 0.0203 0.0 18.0
-3.718997 -1.6171564 0.0204 0.0 19.0
-3.2294393 -2.5258703 0.0204 0.0 19.0
-2.9837081 0.21819866 0.0205 1.0 17.0
-2.0745149 -0.27046832 0.0205 1.0 17.0
-2.0745149 -0.27046832 0.0206 0.0 18.0
-1.584957 -1.1791822 0.0206 0.0 18.0
-1.584957 -1.1791822 0.0207 0.0 19.0
-1.6770215 -2.207264 0.0207 0.0 19.0
-2.9837081 0.21819866 0.0208 7.0 17.0
-3.6269324 -0.58907473 0.0208 7.0 17.0
-3.6269324 -0.58907473 0.0209 6.0 18.0
-4.2701564 -1.3963481 0.0209 6.0 18.0
-4.2701564 -1.3963481 0.0210 1.0 19.0
-4.9133806 -2.2036214 0.0210 1.0 19.0
-4.9133806 -2.2036214 0.0211 0.0 20.0
-5.005445 -3.231703 0.0211 0.0 20.0
-5.005445 -3.231703 0.0212 0.0 21.0
-4.5158873 -4.140417 0.0212 0.0 21.0
-4.2701564 -1.3963481 0.0213 1.0 19.0
-3.3609633 -1.8850151 0.0213 1.0 19.0
-3.3609633 -1.8850151 0.0214 0.0 20.0
-2.8714056 -2.793729 0.0214 0.0 20.0
-2.8714056 -2.793729 0.0215 0.0 21.0
-2.9634702 -3.8218107 0.0215 0.0 21.0
-4.2701564 -1.3963481 0.0216 5.0 19.0
-3.3609633 -1.8850151 0.0216 5.0 19.0
-3.3609633 -1.8850151 0.0217 4.0 20.0
-2.4517703 -2.373682 0.0217 4.0 20.0
-2.4517703 -2.373682 0.0218 1.0 21.0
-1.5425771 -2.862349 0.0218 1.0 21.0
-1.5425771 -2.862349 0.0219 0.0 22.0
-0.5145862 -2.7692769 0.0219 0.0 22.0
-0.5145862 -2.7692769 0.0220 0.0 23.0
0.29205638 -2.1252618 0.0220 0.0 23.0
-2.4517703 -2.373682 0.0221 1.0 21.0
-2.1333814 -1.3918184 0.0221 1.0 21.0
-2.1333814 -1.3918184 0.0222 0.0 22.0
-1.3267388 -0.74780333 0.0222 0.0 22.0
-1.3267388 -0.74780333 0.0223 0.0 23.0
-0.2987479 -0.6547312 0.0223 0.0 23.0
-2.4517703 -2.373682 0.0224 3.0 21.0
-2.1333814 -1.3918184 0.0224 3.0 21.0
-2.1333814 -1.3918184 0.0225 2.0 22.0
-1.8149924 -0.4099548 0.0225 2.0 22.0
-1.8149924 -0.4099548 0.0226 1.0 23.0
-1.4966035 0.57190883 0.0226 1.0 23.0
-1.4966035 0.57190883 0.0227 0.0 24.0
-1.771818 1.5667379 0.0227 0.0 24.0
-1.771818 1.5667379 0.0228 0.0 25.0
-2.549572 2.245359 0.0228 0.0 25.0
-1.8149924 -0.4099548 0.0229 1.0 23.0
-2.8379393 -0.27208656 0.0229 1.0 23.0
-2.8379393 -0.27208656 0.0230 0.0 24.0
-3.615693 0.40653455 0.0230 0.0 24.0
-3.615693 0.40653455 0.0231 0.0 25.0
-3.8909075 1.4013636 0.0231 0.0 25.0
-2.9837081 0.21819866 0.0232 7.0 17.0
-2.0745149 -0.27046832 0.0232 7.0 17.0
-2.0745149 -0.27046832 0.0233 6.0 18.0
-1.1653217 -0.7591353 0.0233 6.0 18.0
-1.1653217 -0.7591353 0.0234 1.0 19.0
-0.25612855 -1.2478023 0.0234 1.0 19.0
-0.25612855 -1.2478023 0.0235 0.0 20.0
0.7718624 -1.1547302 0.0235 0.0 20.0
0.7718624 -1.1547302 0.0236 0.0 21.0
1.578505 -0.5107151 0.0236 0.0 21.0
-1.1653217 -0.7591353 0.0237 1.0 19.0
-0.8469327 0.22272831 0.0237 1.0 19.0
-0.8469327 0.22272831 0.0238 0.0 20.0
-0.040290117 0.8667434 0.0238 0.0 20.0
-0.040290117 0.8667434 0.0239 0.0 21.0
0.9877008 0.9598155 0.0239 0.0 21.0
-1.1653217 -0.7591353 0.0240 5.0 19.0
-0.13733077 -0.6660632 0.0240 5.0 19.0
-0.13733077 -0.6660632 0.0241 4.0 20.0
0.89066017 -0.5729911 0.0241 4.0 20.0
0.89066017 -0.5729911 0.0242 1.0 21.0
1.9186511 -0.479919 0.0242 1.0 21.0
1.9186511 -0.479919 0.0243 0.0 22.0
2.7252936 0.16409609 0.0243 0.0 22.0
2.7252936 0.16409609 0.0244 0.0 23.0
3.0436826 1.1459597 0.0244 0.0 23.0
0.89066017 -0.5729911 0.0245 1.0 21.0
0.6154456 0.42183793 0.0245 1.0 21.0
0.6154456 0.42183793 0.0246 0.0 22.0
0.9338346 1.4037015 0.0246 0.0 22.0
0.9338346 1.4037015 0.0247 0.0 23.0
1.7404772 2.0477166 0.0247 0.0 23.0
0.89066017 -0.5729911 0.0248 3.0 21.0
1.6973028 0.071024 0.0248 3.0 21.0
1.6973028 0.071024 0.0249 2.0 22.0
2.5039454 0.7150391 0.0249 2.0 22.0
2.5039454 0.7150391 0.0250 1.0 23.0
3.310588 1.3590541 0.0250 1.0 23.0
3.310588 1.3590541 0.0251 0.0 24.0
3.6289768 2.3409176 0.0251 0.0 24.0
3.6289768 2.3409176 0.0252 0.0 25.0
3.3537624 3.3357465 0.0252 0.0 25.0
2.5039454 0.7150391 0.0253 1.0 23.0
1.7261915 1.3936602 0.0253 1.0 23.0
1.7261915 1.3936602 0.0254 0.0 24.0
1.450977 2.3884892 0.0254 0.0 24.0
1.450977 2.3884892 0.0255 0.0 25.0
1.769366 3.3703527 0.0255 0.0 25.0
-2.9837081 0.21819866 0.0256 11.0 17.0
-2.0745149 -0.27046832 0.0256 11.0 17.0
-2.0745149 -0.27046832 0.0257 10.0 18.0
-1.1653217 -0.7591353 0.0257 10.0 18.0
-1.1653217 -0.7591353 0.0258 1.0 19.0
-0.25612855 -1.2478023 0.0258 1.0 19.0
-0.25612855 -1.2478023 0.0259 0.0 20.0
0.7718624 -1.1547302 0.0259 0.0 20.0
0.7718624 -1.1547302 0.0260 0.0 21.0
1.578505 -0.5107151 0.0260 0.0 21.0
-1.1653217 -0.7591353 0.0261 1.0 19.0
-0.8469327 0.22272831 0.0261 1.0 19.0
-0.8469327 0.22272831 0.0262 0.0 20.0
-0.040290117 0.8667434 0.0262 0.0 20.0
-0.040290117 0.8667434 0.0263 0.0 21.0
0.9877008 0.9598155 0.0263 0.0 21.0
-1.1653217 -0.7591353 0.0264 9.0 19.0
-0.35867912 -0.11512023 0.0264 9.0 19.0
-0.35867912 -0.11512023 0.0265 8.0 20.0
0.44796348 0.52889484 0.0265 8.0 20.0
0.44796348 0.52889484 0.0266 1.0 21.0
1.254606 1.17291 0.0266 1.0 21.0
1.254606 1.17291 0.0267 0.0 22.0
1.572995 2.1547737 0.0267 0.0 22.0
1.572995 2.1547737 0.0268 0.0 23.0
1.2977804 3.1496027 0.0268 0.0 23.0
0.44796348 0.52889484 0.0269 1.0 21.0
-0.3297904 1.207516 0.0269 1.0 21.0
-0.3297904 1.207516 0.0270 0.0 22.0
-0.6050049 2.202345 0.0270 0.0 22.0
-0.6050049 2.202345 0.0271 0.0 23.0
-0.2866159 3.1842084 0.0271 0.0 23.0
0.44796348 0.52889484 0.0272 7.0 21.0
1.254606 1.17291 0.0272 7.0 21.0
1.254606 1.17291 0.0273 6.0 22.0
2.0612485 1.816925 0.0273 6.0 22.0
2.0612485 1.816925 0.0274 1.0 23.0
2.867891 2.4609401 0.0274 1.0 23.0
2.867891 2.4609401 0.0275 0.0 24.0
3.18628 3.4428039 0.0275 0.0 24.0
3.18628 3.4428039 0.0276 0.0 25.0
2.9110656 4.437633 0.0276 0.0 25.0
2.0612485 1.816925 0.0277 1.0 23.0
1.2834947 2.495546 0.0277 1.0 23.0
1.2834947 2.495546 0.0278 0.0 24.0
1.0082802 3.490375 0.0278 0.0 24.0
1.0082802 3.490375 0.0279 0.0 25.0
1.3266692 4.4722385 0.0279 0.0 25.0
2.0612485 1.816925 0.0280 5.0 23.0
1.2834947 2.495546 0.0280 5.0 23.0
1.2834947 2.495546 0.0281 4.0 24.0
0.5057408 3.1741672 0.0281 4.0 24.0
0.5057408 3.1741672 0.0282 1.0 25.0
-0.27201307 3.8527882 0.0282 1.0 25.0
-0.27201307 3.8527882 0.0283 0.0 26.0
-1.2949598 3.9906564 0.0283 0.0 26.0
-1.2949598 3.9906564 0.0284 0.0 27.0
-2.2246225 3.5421534 0.0284 0.0 27.0
0.5057408 3.1741672 0.0285 1.0 25.0
-0.023027062 2.2876954 0.0285 1.0 25.0
-0.023027062 2.2876954 0.0286 0.0 26.0
-0.9526897 1.8391924 0.0286 0.0 26.0
-0.9526897 1.8391924 0.0287 0.0 27.0
-1.9756365 1.9770607 0.0287 0.0 27.0
0.5057408 3.1741672 0.0288 3.0 25.0
-0.023027062 2.2876954 0.0288 3.0 25.0
-0.023027062 2.2876954 0.0289 2.0 26.0
-0.55179495 1.4012237 0.0289 2.0 26.0
-0.55179495 1.4012237 0.0290 1.0 27.0
-1.0805628 0.5147519 0.0290 1.0 27.0
-1.0805628 0.5147519 0.0291 0.0 28.0
-1.033475 -0.516369 0.0291 0.0 28.0
-1.033475 -0.516369 0.0292 0.0 29.0
-0.42611212 -1.3509574 0.0292 0.0 29.0
-0.55179495 1.4012237 0.0293 1.0 27.0
0.41487664 1.0393207 0.0293 1.0 27.0
0.41487664 1.0393207 0.0294 0.0 28.0
1.0222396 0.20473224 0.0294 0.0 28.0
1.0222396 0.20473224 0.0295 0.0 29.0
1.0693274 -0.82638866 0.0295 0.0 29.0
0.44796348 0.52889484 0.0296 7.0 21.0
-0.3297904 1.207516 0.0296 7.0 21.0
-0.3297904 1.207516 0.0297 6.0 22.0
-1.1075443 1.886137 0.0297 6.0 22.0
-1.1075443 1.886137 0.0298 1.0 23.0
-1.8852983 2.564758 0.0298 1.0 23.0
-1.8852983 2.564758 0.0299 0.0 24.0
-2.908245 2.7026262 0.0299 0.0 24.0
-2.908245 2.7026262 0.0300 0.0 25.0
-3.8379078 2.2541232 0.0300 0.0 25.0
-1.1075443 1.886137 0.0301 1.0 23.0
-1.6363122 0.99966526 0.0301 1.0 23.0
-1.6363122 0.99966526 0.0302 0.0 24.0
-2.565975 0.5511622 0.0302 0.0 24.0
-2.565975 0.5511622 0.0303 0.0 25.0
-3.5889215 0.6890304 0.0303 0.0 25.0
-1.1075443 1.886137 0.0304 5.0 23.0
-2.130491 2.0240052 0.0304 5.0 23.0
-2.130491 2.0240052 0.0305 4.0 24.0
-3.1534376 2.1618733 0.0305 4.0 24.0
-3.1534376 2.1618733 0.0306 1.0 25.0
-4.1763844 2.2997415 0.0306 1.0 25.0
-4.1763844 2.2997415 0.0307 0.0 26.0
-5.106047 1.8512385 0.0307 0.0 26.0
-5.106047 1.8512385 0.0308 0.0 27.0
-5.634815 0.96476674 0.0308 0.0 27.0
-3.1534376 2.1618733 0.0309 1.0 25.0
-3.1063497 1.1307524 0.0309 1.0 25.0
-3.1063497 1.1307524 0.0310 0.0 26.0
-3.6351175 0.2442807 0.0310 0.0 26.0
-3.6351175 0.2442807 0.0311 0.0 27.0
-4.56478 -0.20422238 0.0311 0.0 27.0
-3.1534376 2.1618733 0.0312 3.0 25.0
-4.0831003 1.7133703 0.0312 3.0 25.0
-4.0831003 1.7133703 0.0313 2.0 26.0
-5.012763 1.2648673 0.0313 2.0 26.0
-5.012763 1.2648673 0.0314 1.0 27.0
-5.9424257 0.8163642 0.0314 1.0 27.0
-5.9424257 0.8163642 0.0315 0.0 28.0
-6.471194 -0.07010752 0.0315 0.0 28.0
-6.471194 -0.07010752 0.0316 0.0 29.0
-6.424106 -1.1012285 0.0316 0.0 29.0
-5.012763 1.2648673 0.0317 1.0 27.0
-4.4054003 0.43027884 0.0317 1.0 27.0
-4.4054003 0.43027884 0.0318 0.0 28.0
-4.3583126 -0.60084206 0.0318 0.0 28.0
-4.3583126 -0.60084206 0.0319 0.0 29.0
-4.8870807 -1.4873137 0.0319 0.0 29.0
-2.6645808 -0.48378205 0.0320 19.0 9.0
-2.803451 0.5390291 0.0320 19.0 9.0
-2.803451 0.5390291 0.0321 18.0 10.0
-2.9423213 1.5618403 0.0321 18.0 10.0
-2.9423213 1.5618403 0.0322 1.0 11.0
-3.0811915 2.5846515 0.0322 1.0 11.0
-3.0811915 2.5846515 0.0323 0.0 12.0
-3.7605743 3.36174 0.0323 0.0 12.0
-3.7605743 3.36174 0.0324 0.0 13.0
-4.7556725 3.63598 0.0324 0.0 13.0
-2.9423213 1.5618403 0.0325 1.0 11.0
-3.9238725 1.2424891 0.0325 1.0 11.0
-3.9238725 1.2424891 0.0326 0.0 12.0
-4.9189706 1.5167284 0.0326 0.0 12.0
-4.9189706 1.5167284 0.0327 0.0 13.0
-5.598354 2.2938168 0.0327 0.0 13.0
-2.9423213 1.5618403 0.0328 17.0 11.0
-3.9374194 1.8360801 0.0328 17.0 11.0
-3.9374194 1.8360801 0.0329 16.0 12.0
-4.9325175 2.1103199 0.0329 16.0 12.0
-4.9325175 2.1103199 0.0330 1.0 13.0
-5.9276156 2.3845592 0.0330 1.0 13.0
-5.9276156 2.3845592 0.0331 0.0 14.0
-6.909167 2.065208 0.0331 0.0 14.0
-6.909167 2.065208 0.0332 0.0 15.0
-7.552391 1.2579346 0.0332 0.0 15.0
-4.9325175 2.1103199 0.0333 1.0 13.0
-5.024582 1.0822382 0.0333 1.0 13.0
-5.024582 1.0822382 0.0334 0.0 14.0
-5.667806 0.2749648 0.0334 0.0 14.0
-5.667806 0.2749648 0.0335 0.0 15.0
-6.6493573 -0.044386357 0.0335 0.0 15.0
-4.9325175 2.1103199 0.0336 7.0 13.0
-5.9276156 2.3845592 0.0336 7.0 13.0
-5.9276156 2.3845592 0.0337 6.0 14.0
-6.9227138 2.6587985 0.0337 6.0 14.0
-6.9227138 2.6587985 0.0338 1.0 15.0
-7.917812 2.9330378 0.0338 1.0 15.0
-7.917812 2.9330378 0.0339 0.0 16.0
-8.899363 2.6136866 0.0339 0.0 16.0
-8.899363 2.6136866 0.0340 0.0 17.0
-9.542586 1.8064132 0.0340 0.0 17.0
-6.9227138 2.6587985 0.0341 1.0 15.0
-7.014778 1.6307168 0.0341 1.0 15.0
-7.014778 1.6307168 0.0342 0.0 16.0
-7.6580024 0.8234434 0.0342 0.0 16.0
-7.6580024 0.8234434 0.0343 0.0 17.0
-8.639553 0.5040922 0.0343 0.0 17.0
-6.9227138 2.6587985 0.0344 5.0 15.0
-7.014778 1.6307168 0.0344 5.0 15.0
-7.014778 1.6307168 0.0345 4.0 16.0
-7.1068425 0.60263515 0.0345 4.0 16.0
-7.1068425 0.60263515 0.0346 1.0 17.0
-7.198907 -0.4254465 0.0346 1.0 17.0
-7.198907 -0.4254465 0.0347 0.0 18.0
-6.709349 -1.3341603 0.0347 0.0 18.0
-6.709349 -1.3341603 0.0348 0.0 19.0
-5.800156 -1.8228273 0.0348 0.0 19.0
-7.1068425 0.60263515 0.0349 1.0 17.0
-6.0788517 0.69570726 0.0349 1.0 17.0
-6.0788517 0.69570726 0.0350 0.0 18.0
-5.1696587 0.20704028 0.0350 0.0 18.0
-5.1696587 0.20704028 0.0351 0.0 19.0
-4.680101 -0.7016736 0.0351 0.0 19.0
-7.1068425 0.60263515 0.0352 3.0 17.0
-6.0788517 0.69570726 0.0352 3.0 17.0
-6.0788517 0.69570726 0.0353 2.0 18.0
-5.050861 0.7887794 0.0353 2.0 18.0
-5.050861 0.7887794 0.0354 1.0 19.0
-4.02287 0.8818515 0.0354 1.0 19.0
-4.02287 0.8818515 0.0355 0.0 20.0
-3.2162275 1.5258665 0.0355 0.0 20.0
-3.2162275 1.5258665 0.0356 0.0 21.0
-2.8978386 2.50773 0.0356 0.0 21.0
-5.050861 0.7887794 0.0357 1.0 19.0
-5.3260756 1.7836084 0.0357 1.0 19.0
-5.3260756 1.7836084 0.0358 0.0 20.0
-5.0076866 2.765472 0.0358 0.0 20.0
-5.0076866 2.765472 0.0359 0.0 21.0
-4.201044 3.409487 0.0359 0.0 21.0
-4.9325175 2.1103199 0.0360 7.0 13.0
-5.024582 1.0822382 0.0360 7.0 13.0
-5.024582 1.0822382 0.0361 6.0 14.0
-5.1166463 0.05415654 0.0361 6.0 14.0
-5.1166463 0.05415654 0.0362 1.0 15.0
-5.2087107 -0.9739251 0.0362 1.0 15.0
-5.2087107 -0.9739251 0.0363 0.0 16.0
-4.719153 -1.8826389 0.0363 0.0 16.0
-4.719153 -1.8826389 0.0364 0.0 17.0
-3.80996 -2.371306 0.0364 0.0 17.0
-5.1166463 0.05415654 0.0365 1.0 15.0
-4.0886555 0.14722863 0.0365 1.0 15.0
-4.0886555 0.14722863 0.0366 0.0 16.0
-3.1794624 -0.34143835 0.0366 0.0 16.0
-3.1794624 -0.34143835 0.0367 0.0 17.0
-2.6899047 -1.2501522 0.0367 0.0 17.0
-5.1166463 0.05415654 0.0368 5.0 15.0
-4.6270885 -0.85455734 0.0368 5.0 15.0
-4.6270885 -0.85455734 0.0369 4.0 16.0
-4.137531 -1.7632712 0.0369 4.0 16.0
-4.137531 -1.7632712 0.0370 1.0 17.0
-3.647973 -2.6719851 0.0370 1.0 17.0
-3.647973 -2.6719851 0.0371 0.0 18.0
-2.73878 -3.1606522 0.0371 0.0 18.0
-2.73878 -3.1606522 0.0372 0.0 19.0
-1.7107891 -3.06758 0.0372 0.0 19.0
-4.137531 -1.7632712 0.0373 1.0 17.0
-3.3308883 -1.1192561 0.0373 1.0 17.0
-3.3308883 -1.1192561 0.0374 0.0 18.0
-2.3028975 -1.0261841 0.0374 0.0 18.0
-2.3028975 -1.0261841 0.0375 0.0 19.0
-1.3937043 -1.5148511 0.0375 0.0 19.0
-4.137531 -1.7632712 0.0376 3.0 17.0
-3.2283378 -2.251938 0.0376 3.0 17.0
-3.2283378 -2.251938 0.0377 2.0 18.0
-2.3191447 -2.740605 0.0377 2.0 18.0
-2.3191447 -2.740605 0.0378 1.0 19.0
-1.4099516 -3.2292721 0.0378 1.0 19.0
-1.4099516 -3.2292721 0.0379 0.0 20.0
-0.38196063 -3.1362 0.0379 0.0 20.0
-0.38196063 -3.1362 0.0380 0.0 21.0
0.42468196 -2.4921849 0.0380 0.0 21.0
-2.3191447 -2.740605 0.0381 1.0 19.0
-2.0007558 -1.7587415 0.0381 1.0 19.0
-2.0007558 -1.7587415 0.0382 0.0 20.0
-1.1941133 -1.1147264 0.0382 0.0 20.0
-1.1941133 -1.1147264 0.0383 0.0 21.0
-0.16612232 -1.0216544 0.0383 0.0 21.0
-4.9325175 2.1103199 0.0384 15.0 13.0
-5.9140687 1.7909687 0.0384 15.0 13.0
-5.9140687 1.7909687 0.0385 14.0 14.0
-6.89562 1.4716175 0.0385 14.0 14.0
-6.89562 1.4716175 0.0386 1.0 15.0
-7.877171 1.1522663 0.0386 1.0 15.0
-7.877171 1.1522663 0.0387 0.0 16.0
-8.520395 0.34499288 0.0387 0.0 16.0
-8.520395 0.34499288 0.0388 0.0 17.0
-8.61246 -0.6830888 0.0388 0.0 17.0
-6.89562 1.4716175 0.0389 1.0 15.0
-6.406062 0.5629036 0.0389 1.0 15.0
-6.406062 0.5629036 0.0390 0.0 16.0
-6.4981265 -0.46517807 0.0390 0.0 16.0
-6.4981265 -0.46517807 0.0391 0.0 17.0
-7.1413507 -1.2724514 0.0391 0.0 17.0
-6.89562 1.4716175 0.0392 13.0 15.0
-6.9876842 0.4435358 0.0392 13.0 15.0
-6.9876842 0.4435358 0.0393 12.0 16.0
-7.0797486 -0.58454585 0.0393 12.0 16.0
-7.0797486 -0.58454585 0.0394 1.0 17.0
-7.171813 -1.6126275 0.0394 1.0 17.0
-7.171813 -1.6126275 0.0395 0.0 18.0
-6.6822553 -2.5213413 0.0395 0.0 18.0
-6.6822553 -2.5213413 0.0396 0.0 19.0
-5.773062 -3.0100083 0.0396 0.0 19.0
-7.0797486 -0.58454585 0.0397 1.0 17.0
-6.051758 -0.49147376 0.0397 1.0 17.0
-6.051758 -0.49147376 0.0398 0.0 18.0
-5.142565 -0.98014075 0.0398 0.0 18.0
-5.142565 -0.98014075 0.0399 0.0 19.0
-4.653007 -1.8888546 0.0399 0.0 19.0
-7.0797486 -0.58454585 0.0400 7.0 17.0
-7.171813 -1.6126275 0.0400 7.0 17.0
-7.171813 -1.6126275 0.0401 6.0 18.0
-7.2638774 -2.6407092 0.0401 6.0 18.0
-7.2638774 -2.6407092 0.0402 1.0 19.0
-7.355942 -3.6687908 0.0402 1.0 19.0
-7.355942 -3.6687908 0.0403 0.0 20.0
-6.866384 -4.5775046 0.0403 0.0 20.0
-6.866384 -4.5775046 0.0404 0.0 21.0
-5.957191 -5.0661716 0.0404 0.0 21.0
-7.2638774 -2.6407092 0.0405 1.0 19.0
-6.2358866 -2.547637 0.0405 1.0 19.0
-6.2358866 -2.547637 0.0406 0.0 20.0
-5.3266935 -3.036304 0.0406 0.0 20.0
-5.3266935 -3.036304 0.0407 0.0 21.0
-4.837136 -3.9450178 0.0407 0.0 21.0
-7.2638774 -2.6407092 0.0408 5.0 19.0
-6.2358866 -2.547637 0.0408 5.0 19.0
-6.2358866 -2.547637 0.0409 4.0 20.0
-5.2078958 -2.4545648 0.0409 4.0 20.0
-5.2078958 -2.4545648 0.0410 1.0 21.0
-4.179905 -2.3614926 0.0410 1.0 21.0
-4.179905 -2.3614926 0.0411 0.0 22.0
-3.3732624 -1.7174776 0.0411 0.0 22.0
-3.3732624 -1.7174776 0.0412 0.0 23.0
-3.0548735 -0.73561394 0.0412 0.0 23.0
-5.2078958 -2.4545648 0.0413 1.0 21.0
-5.4831104 -1.4597359 0.0413 1.0 21.0
-5.4831104 -1.4597359 0.0414 0.0 22.0
-5.1647215 -0.47787225 0.0414 0.0 22.0
-5.1647215 -0.47787225 0.0415 0.0 23.0
-4.358079 0.16614282 0.0415 0.0 23.0
-5.2078958 -2.4545648 0.0416 3.0 21.0
-5.4831104 -1.4597359 0.0416 3.0 21.0
-5.4831104 -1.4597359 0.0417 2.0 22.0
-5.758325 -0.46490687 0.0417 2.0 22.0
-5.758325 -0.46490687 0.0418 1.0 23.0
-6.03354 0.5299221 0.0418 1.0 23.0
-6.03354 0.5299221 0.0419 0.0 24.0
-6.8112936 1.2085433 0.0419 0.0 24.0
-6.8112936 1.2085433 0.0420 0.0 25.0
-7.8342404 1.3464116 0.0420 0.0 25.0
-5.758325 -0.46490687 0.0421 1.0 23.0
-6.687988 -0.91340995 0.0421 1.0 23.0
-6.687988 -0.91340995 0.0422 0.0 24.0
-7.7109346 -0.7755417 0.0422 0.0 24.0
-7.7109346 -0.7755417 0.0423 0.0 25.0
-8.488688 -0.09692061 0.0423 0.0 25.0
-7.0797486 -0.58454585 0.0424 7.0 17.0
-6.051758 -0.49147376 0.0424 7.0 17.0
-6.051758 -0.49147376 0.0425 6.0 18.0
-5.023767 -0.39840168 0.0425 6.0 18.0
-5.023767 -0.39840168 0.0426 1.0 19.0
-3.9957762 -0.3053296 0.0426 1.0 19.0
-3.9957762 -0.3053296 0.0427 0.0 20.0
-3.1891336 0.33868548 0.0427 0.0 20.0
-3.1891336 0.33868548 0.0428 0.0 21.0
-2.8707447 1.3205491 0.0428 0.0 21.0
-5.023767 -0.39840168 0.0429 1.0 19.0
-5.2989817 0.5964273 0.0429 1.0 19.0
-5.2989817 0.5964273 0.0430 0.0 20.0
-4.9805927 1.5782909 0.0430 0.0 20.0
-4.9805927 1.5782909 0.0431 0.0 21.0
-4.17395 2.222306 0.0431 0.0 21.0
-5.023767 -0.39840168 0.0432 5.0 19.0
-4.2171245 0.2456134 0.0432 5.0 19.0
-4.2171245 0.2456134 0.0433 4.0 20.0
-3.410482 0.88962847 0.0433 4.0 20.0
-3.410482 0.88962847 0.0434 1.0 21.0
-2.6038394 1.5336435 0.0434 1.0 21.0
-2.6038394 1.5336435 0.0435 0.0 22.0
-2.2854505 2.5155072 0.0435 0.0 22.0
-2.2854505 2.5155072 0.0436 0.0 23.0
-2.560665 3.5103362 0.0436 0.0 23.0
-3.410482 0.88962847 0.0437 1.0 21.0
-4.1882358 1.5682496 0.0437 1.0 21.0
-4.1882358 1.5682496 0.0438 0.0 22.0
-4.4634504 2.5630786 0.0438 0.0 22.0
-4.4634504 2.5630786 0.0439 0.0 23.0
-4.1450615 3.5449424 0.0439 0.0 23.0
-3.410482 0.88962847 0.0440 3.0 21.0
-3.092093 1.8714921 0.0440 3.0 21.0
-3.092093 1.8714921 0.0441 2.0 22.0
-2.773704 2.853356 0.0441 2.0 22.0
-2.773704 2.853356 0.0442 1.0 23.0
-2.455315 3.8352194 0.0442 1.0 23.0
-2.455315 3.8352194 0.0443 0.0 24.0
-2.7305295 4.8300486 0.0443 0.0 24.0
-2.7305295 4.8300486 0.0444 0.0 25.0
-3.5082834 5.50867 0.0444 0.0 25.0
-2.773704 2.853356 0.0445 1.0 23.0
-3.796651 2.991224 0.0445 1.0 23.0
-3.796651 2.991224 0.0446 0.0 24.0
-4.5744047 3.669845 0.0446 0.0 24.0
-4.5744047 3.669845 0.0447 0.0 25.0
-4.8496194 4.6646743 0.0447 0.0 25.0
-7.0797486 -0.58454585 0.0448 11.0 17.0
-6.590191 -1.4932597 0.0448 11.0 17.0
-6.590191 -1.4932597 0.0449 10.0 18.0
-6.100633 -2.4019735 0.0449 10.0 18.0
-6.100633 -2.4019735 0.0450 1.0 19.0
-5.6110754 -3.3106873 0.0450 1.0 19.0
-5.6110754 -3.3106873 0.0451 0.0 20.0
-4.7018824 -3.7993543 0.0451 0.0 20.0
-4.7018824 -3.7993543 0.0452 0.0 21.0
-3.6738915 -3.7062821 0.0452 0.0 21.0
-6.100633 -2.4019735 0.0453 1.0 19.0
-5.2939906 -1.7579584 0.0453 1.0 19.0
-5.2939906 -1.7579584 0.0454 0.0 20.0
-4.266 -1.6648864 0.0454 0.0 20.0
-4.266 -1.6648864 0.0455 0.0 21.0
-3.3568068 -2.1535532 0.0455 0.0 21.0
-6.100633 -2.4019735 0.0456 9.0 19.0
-5.0726423 -2.3089013 0.0456 9.0 19.0
-5.0726423 -2.3089013 0.0457 8.0 20.0
-4.0446515 -2.2158291 0.0457 8.0 20.0
-4.0446515 -2.2158291 0.0458 1.0 21.0
-3.0166607 -2.122757 0.0458 1.0 21.0
-3.0166607 -2.122757 0.0459 0.0 22.0
-2.2100182 -1.4787419 0.0459 0.0 22.0
-2.2100182 -1.4787419 0.0460 0.0 23.0
-1.8916292 -0.49687827 0.0460 0.0 23.0
-4.0446515 -2.2158291 0.0461 1.0 21.0
-4.319866 -1.2210002 0.0461 1.0 21.0
-4.319866 -1.2210002 0.0462 0.0 22.0
-4.0014772 -0.23913658 0.0462 0.0 22.0
-4.0014772 -0.23913658 0.0463 0.0 23.0
-3.1948347 0.4048785 0.0463 0.0 23.0
-4.0446515 -2.2158291 0.0464 7.0 21.0
-3.0166607 -2.122757 0.0464 7.0 21.0
-3.0166607 -2.122757 0.0465 6.0 22.0
-1.9886698 -2.0296848 0.0465 6.0 22.0
-1.9886698 -2.0296848 0.0466 1.0 23.0
-0.9606788 -1.9366127 0.0466 1.0 23.0
-0.9606788 -1.9366127 0.0467 0.0 24.0
-0.15403622 -1.2925977 0.0467 0.0 24.0
-0.15403622 -1.2925977 0.0468 0.0 25.0
0.16435277 -0.31073403 0.0468 0.0 25.0
-1.9886698 -2.0296848 0.0469 1.0 23.0
-2.2638843 -1.0348558 0.0469 1.0 23.0
-2.2638843 -1.0348558 0.0470 0.0 24.0
-1.9454954 -0.052992225 0.0470 0.0 24.0
-1.9454954 -0.052992225 0.0471 0.0 25.0
-1.1388528 0.59102285 0.0471 0.0 25.0
-1.9886698 -2.0296848 0.0472 5.0 23.0
-2.2638843 -1.0348558 0.0472 5.0 23.0
-2.2638843 -1.0348558 0.0473 4.0 24.0
-2.5390987 -0.040026844 0.0473 4.0 24.0
-2.5390987 -0.040026844 0.0474 1.0 25.0
-2.8143132 0.95480216 0.0474 1.0 25.0
-2.8143132 0.95480216 0.0475 0.0 26.0
-3.592067 1.6334233 0.0475 0.0 26.0
-3.592067 1.6334233 0.0476 0.0 27.0
-4.6150136 1.7712916 0.0476 0.0 27.0
-2.5390987 -0.040026844 0.0477 1.0 25.0
-3.4687614 -0.48852992 0.0477 1.0 25.0
-3.4687614 -0.48852992 0.0478 0.0 26.0
-4.4917083 -0.3506617 0.0478 0.0 26.0
-4.4917083 -0.3506617 0.0479 0.0 27.0
-5.269462 0.32795942 0.0479 0.0 27.0
-2.5390987 -0.040026844 0.0480 3.0 25.0
-3.4687614 -0.48852992 0.0480 3.0 25.0
-3.4687614 -0.48852992 0.0481 2.0 26.0
-4.398424 -0.937033 0.0481 2.0 26.0
-4.398424 -0.937033 0.0482 1.0 27.0
-5.328087 -1.3855361 0.0482 1.0 27.0
-5.328087 -1.3855361 0.0483 0.0 28.0
-5.856855 -2.272008 0.0483 0.0 28.0
-5.856855 -2.272008 0.0484 0.0 29.0
-5.8097672 -3.3031287 0.0484 0.0 29.0
-4.398424 -0.937033 0.0485 1.0 27.0
-3.7910612 -1.7716215 0.0485 1.0 27.0
-3.7910612 -1.7716215 0.0486 0.0 28.0
-3.7439733 -2.8027425 0.0486 0.0 28.0
-3.7439733 -2.8027425 0.0487 0.0 29.0
-4.2727413 -3.6892142 0.0487 0.0 29.0
-4.0446515 -2.2158291 0.0488 7.0 21.0
-4.319866 -1.2210002 0.0488 7.0 21.0
-4.319866 -1.2210002 0.0489 6.0 22.0
-4.595081 -0.2261712 0.0489 6.0 22.0
-4.595081 -0.2261712 0.0490 1.0 23.0
-4.8702955 0.7686578 0.0490 1.0 23.0
-4.8702955 0.7686578 0.0491 0.0 24.0
-5.6480494 1.447279 0.0491 0.0 24.0
-5.6480494 1.447279 0.0492 0.0 25.0
-6.670996 1.5851473 0.0492 0.0 25.0
-4.595081 -0.2261712 0.0493 1.0 23.0
-5.5247436 -0.6746743 0.0493 1.0 23.0
-5.5247436 -0.6746743 0.0494 0.0 24.0
-6.5476904 -0.53680605 0.0494 0.0 24.0
-6.5476904 -0.53680605 0.0495 0.0 25.0
-7.325444 0.14181507 0.0495 0.0 25.0
-4.595081 -0.2261712 0.0496 5.0 23.0
-5.3728347 0.45244992 0.0496 5.0 23.0
-5.3728347 0.45244992 0.0497 4.0 24.0
-6.1505885 1.1310711 0.0497 4.0 24.0
-6.1505885 1.1310711 0.0498 1.0 25.0
-6.9283423 1.8096921 0.0498 1.0 25.0
-6.9283423 1.8096921 0.0499 0.0 26.0
-7.951289 1.9475604 0.0499 0.0 26.0
-7.951289 1.9475604 0.0500 0.0 27.0
-8.880952 1.4990573 0.0500 0.0 27.0
-6.1505885 1.1310711 0.0501 1.0 25.0
-6.6793566 0.24459934 0.0501 1.0 25.0
-6.6793566 0.24459934 0.0502 0.0 26.0
-7.6090193 -0.20390373 0.0502 0.0 26.0
-7.6090193 -0.20390373 0.0503 0.0 27.0
-8.631966 -0.066035494 0.0503 0.0 27.0
-6.1505885 1.1310711 0.0504 3.0 25.0
-7.1735353 1.2689394 0.0504 3.0 25.0
-7.1735353 1.2689394 0.0505 2.0 26.0
-8.196482 1.4068077 0.0505 2.0 26.0
-8.196482 1.4068077 0.0506 1.0 27.0
-9.219428 1.544676 0.0506 1.0 27.0
-9.219428 1.544676 0.0507 0.0 28.0
-10.149091 1.0961728 0.0507 0.0 28.0
-10.149091 1.0961728 0.0508 0.0 29.0
-10.677858 0.20970106 0.0508 0.0 29.0
-8.196482 1.4068077 0.0509 1.0 27.0
-8.149394 0.37568676 0.0509 1.0 27.0
-8.149394 0.37568676 0.0510 0.0 28.0
-8.678162 -0.510785 0.0510 0.0 28.0
-8.678162 -0.510785 0.0511 0.0 29.0
-9.607824 -0.95928806 0.0511 0.0 29.0
