0.0 0.0 0.00 27.0 1.0
0.0 1.2033215 0.00 27.0 1.0
0.0 1.2033215 0.01 26.0 2.0
0.0 2.406643 0.01 26.0 2.0
0.0 2.406643 0.02 1.0 3.0
1.1711193 2.6831608 0.02 1.0 3.0
1.1711193 2.6831608 0.03 0.0 4.0
1.9178598 3.6267505 0.03 0.0 4.0
1.9178598 3.6267505 0.04 0.0 5.0
1.9178598 4.830072 0.04 0.0 5.0
0.0 2.406643 0.05 1.0 3.0
-0.74674046 3.3502326 0.05 1.0 3.0
-0.74674046 3.3502326 0.06 0.0 4.0
-0.74674046 4.553554 0.06 0.0 4.0
-0.74674046 4.553554 0.07 0.0 5.0
0.0 5.4971437 0.07 0.0 5.0
0.0 2.406643 0.08 25.0 3.0
0.0 3.6099644 0.08 25.0 3.0
0.0 3.6099644 0.09 24.0 4.0
0.0 4.813286 0.09 24.0 4.0
0.0 4.813286 0.010 1.0 5.0
1.1711193 5.0898037 0.010 1.0 5.0
1.1711193 5.0898037 0.011 0.0 6.0
1.9178598 6.0333934 0.011 0.0 6.0
1.9178598 6.0333934 0.012 0.0 7.0
1.9178598 7.236715 0.012 0.0 7.0
0.0 4.813286 0.013 1.0 5.0
-0.74674046 5.7568755 0.013 1.0 5.0
-0.74674046 5.7568755 0.014 0.0 6.0
-0.74674046 6.960197 0.014 0.0 6.0
-0.74674046 6.960197 0.015 0.0 7.0
0.0 7.9037867 0.015 0.0 7.0
0.0 4.813286 0.016 7.0 5.0
0.0 6.0166073 0.016 7.0 5.0
0.0 6.0166073 0.017 6.0 6.0
0.0 7.2199287 0.017 6.0 6.0
0.0 7.2199287 0.018 1.0 7.0
1.1711193 7.4964466 0.018 1.0 7.0
1.1711193 7.4964466 0.019 0.0 8.0
1.9178598 8.440036 0.019 0.0 8.0
1.9178598 8.440036 0.020 0.0 9.0
1.9178598 9.643357 0.020 0.0 9.0
0.0 7.2199287 0.021 1.0 7.0
-0.74674046 8.163518 0.021 1.0 7.0
-0.74674046 8.163518 0.022 0.0 8.0
-0.74674046 9.366839 0.022 0.0 8.0
-0.74674046 9.366839 0.023 0.0 9.0
0.0 10.310429 0.023 0.0 9.0
0.0 7.2199287 0.024 5.0 7.0
-0.74674046 8.163518 0.024 5.0 7.0
-0.74674046 8.163518 0.025 4.0 8.0
-1.4934809 9.107107 0.025 4.0 8.0
-1.4934809 9.107107 0.026 1.0 9.0
-0.74674046 10.050696 0.026 1.0 9.0
-0.74674046 10.050696 0.027 0.0 10.0
-0.74674046 11.254018 0.027 0.0 10.0
-0.74674046 11.254018 0.028 0.0 11.0
-1.4934809 12.197607 0.028 0.0 11.0
-1.4934809 9.107107 0.029 1.0 9.0
-2.6646004 9.383625 0.029 1.0 9.0
-2.6646004 9.383625 0.030 0.0 10.0
-3.4113407 10.327214 0.030 0.0 10.0
-3.4113407 10.327214 0.031 0.0 11.0
-3.4113407 11.530536 0.031 0.0 11.0
-1.4934809 9.107107 0.032 3.0 9.0
-2.6646004 9.383625 0.032 3.0 9.0
-2.6646004 9.383625 0.033 2.0 10.0
-3.8357196 9.660143 0.033 2.0 10.0
-3.8357196 9.660143 0.034 1.0 11.0
-3.8357196 10.863464 0.034 1.0 11.0
-3.8357196 10.863464 0.035 0.0 12.0
-4.58246 11.807054 0.035 0.0 12.0
-4.58246 11.807054 0.036 0.0 13.0
-5.753579 12.083571 0.036 0.0 13.0
-3.8357196 9.660143 0.037 1.0 11.0
-4.9256554 9.150219 0.037 1.0 11.0
-4.9256554 9.150219 0.038 0.0 12.0
-6.0967746 9.426737 0.038 0.0 12.0
-6.0967746 9.426737 0.039 0.0 13.0
-6.8435154 10.370326 0.039 0.0 13.0
0.0 4.813286 0.040 7.0 5.0
-1.0899357 4.3033614 0.040 7.0 5.0
-1.0899357 4.3033614 0.041 6.0 6.0
-2.1798713 3.793437 0.041 6.0 6.0
-2.1798713 3.793437 0.042 1.0 7.0
-2.926612 4.737026 0.042 1.0 7.0
-2.926612 4.737026 0.043 0.0 8.0
-4.097731 5.013544 0.043 0.0 8.0
-4.097731 5.013544 0.044 0.0 9.0
-5.187667 4.5036197 0.044 0.0 9.0
-2.1798713 3.793437 0.045 1.0 7.0
-2.7181072 2.7172008 0.045 1.0 7.0
-2.7181072 2.7172008 0.046 0.0 8.0
-3.808043 2.2072763 0.046 0.0 8.0
-3.808043 2.2072763 0.047 0.0 9.0
-4.979162 2.483794 0.047 0.0 9.0
-2.1798713 3.793437 0.048 5.0 7.0
-3.3509908 4.069955 0.048 5.0 7.0
-3.3509908 4.069955 0.049 4.0 8.0
-4.52211 4.3464727 0.049 4.0 8.0
-4.52211 4.3464727 0.050 1.0 9.0
-4.52211 5.549794 0.050 1.0 9.0
-4.52211 5.549794 0.051 0.0 10.0
-5.268851 6.4933834 0.051 0.0 10.0
-5.268851 6.4933834 0.052 0.0 11.0
-6.43997 6.7699013 0.052 0.0 11.0
-4.52211 4.3464727 0.053 1.0 9.0
-5.612046 3.8365483 0.053 1.0 9.0
-5.612046 3.8365483 0.054 0.0 10.0
-6.783165 4.113066 0.054 0.0 10.0
-6.783165 4.113066 0.055 0.0 11.0
-7.529906 5.0566554 0.055 0.0 11.0
-4.52211 4.3464727 0.056 3.0 9.0
-5.268851 5.290062 0.056 3.0 9.0
-5.268851 5.290062 0.057 2.0 10.0
-6.0155916 6.233651 0.057 2.0 10.0
-6.0155916 6.233651 0.058 1.0 11.0
-5.2688513 7.177241 0.058 1.0 11.0
-5.2688513 7.177241 0.059 0.0 12.0
-5.2688513 8.380562 0.059 0.0 12.0
-5.2688513 8.380562 0.060 0.0 13.0
-6.015592 9.324151 0.060 0.0 13.0
-6.0155916 6.233651 0.061 1.0 11.0
-7.186711 6.510169 0.061 1.0 11.0
-7.186711 6.510169 0.062 0.0 12.0
-7.9334517 7.4537582 0.062 0.0 12.0
-7.9334517 7.4537582 0.063 0.0 13.0
-7.9334517 8.65708 0.063 0.0 13.0
0.0 4.813286 0.064 23.0 5.0
-1.1711193 5.0898037 0.064 23.0 5.0
-1.1711193 5.0898037 0.065 22.0 6.0
-2.3422387 5.3663216 0.065 22.0 6.0
-2.3422387 5.3663216 0.066 1.0 7.0
-2.3422387 6.569643 0.066 1.0 7.0
-2.3422387 6.569643 0.067 0.0 8.0
-3.0889792 7.5132327 0.067 0.0 8.0
-3.0889792 7.5132327 0.068 0.0 9.0
-4.2600985 7.7897506 0.068 0.0 9.0
-2.3422387 5.3663216 0.069 1.0 7.0
-3.4321742 4.856397 0.069 1.0 7.0
-3.4321742 4.856397 0.070 0.0 8.0
-4.6032934 5.132915 0.070 0.0 8.0
-4.6032934 5.132915 0.071 0.0 9.0
-5.350034 6.076504 0.071 0.0 9.0
-2.3422387 5.3663216 0.072 21.0 7.0
-3.513358 5.6428394 0.072 21.0 7.0
-3.513358 5.6428394 0.073 20.0 8.0
-4.6844773 5.9193573 0.073 20.0 8.0
-4.6844773 5.9193573 0.074 1.0 9.0
-4.6844773 7.1226788 0.074 1.0 9.0
-4.6844773 7.1226788 0.075 0.0 10.0
-5.4312177 8.066268 0.075 0.0 10.0
-5.4312177 8.066268 0.076 0.0 11.0
-6.602337 8.342786 0.076 0.0 11.0
-4.6844773 5.9193573 0.077 1.0 9.0
-5.774413 5.409433 0.077 1.0 9.0
-5.774413 5.409433 0.078 0.0 10.0
-6.9455323 5.6859508 0.078 0.0 10.0
-6.9455323 5.6859508 0.079 0.0 11.0
-7.692273 6.62954 0.079 0.0 11.0
-4.6844773 5.9193573 0.080 7.0 9.0
-5.8555965 6.195875 0.080 7.0 9.0
-5.8555965 6.195875 0.081 6.0 10.0
-7.0267158 6.472393 0.081 6.0 10.0
-7.0267158 6.472393 0.082 1.0 11.0
-7.0267158 7.6757145 0.082 1.0 11.0
-7.0267158 7.6757145 0.083 0.0 12.0
-7.7734566 8.619304 0.083 0.0 12.0
-7.7734566 8.619304 0.084 0.0 13.0
-8.944576 8.895822 0.084 0.0 13.0
-7.0267158 6.472393 0.085 1.0 11.0
-8.116652 5.9624686 0.085 1.0 11.0
-8.116652 5.9624686 0.086 0.0 12.0
-9.287771 6.2389865 0.086 0.0 12.0
-9.287771 6.2389865 0.087 0.0 13.0
-10.034512 7.1825757 0.087 0.0 13.0
-7.0267158 6.472393 0.088 5.0 11.0
-8.116652 5.9624686 0.088 5.0 11.0
-8.116652 5.9624686 0.089 4.0 12.0
-9.206587 5.452544 0.089 4.0 12.0
-9.206587 5.452544 0.090 1.0 13.0
-9.953327 6.3961334 0.090 1.0 13.0
-9.953327 6.3961334 0.091 0.0 14.0
-11.124447 6.6726513 0.091 0.0 14.0
-11.124447 6.6726513 0.092 0.0 15.0
-12.214382 6.162727 0.092 0.0 15.0
-9.206587 5.452544 0.093 1.0 13.0
-9.7448225 4.376308 0.093 1.0 13.0
-9.7448225 4.376308 0.094 0.0 14.0
-10.834758 3.8663836 0.094 0.0 14.0
-10.834758 3.8663836 0.095 0.0 15.0
-12.0058775 4.1429014 0.095 0.0 15.0
-9.206587 5.452544 0.096 3.0 13.0
-9.7448225 4.376308 0.096 3.0 13.0
-9.7448225 4.376308 0.097 2.0 14.0
-10.283058 3.3000717 0.097 2.0 14.0
-10.283058 3.3000717 0.098 1.0 15.0
-11.454178 3.5765893 0.098 1.0 15.0
-11.454178 3.5765893 0.099 0.0 16.0
-12.544113 3.066665 0.099 0.0 16.0
-12.544113 3.066665 0.0100 0.0 17.0
-13.082349 1.9904286 0.0100 0.0 17.0
-10.283058 3.3000717 0.0101 1.0 15.0
-10.037242 2.1221256 0.0101 1.0 15.0
-10.037242 2.1221256 0.0102 0.0 16.0
-10.575478 1.0458893 0.0102 0.0 16.0
-10.575478 1.0458893 0.0103 0.0 17.0
-11.665413 0.53596485 0.0103 0.0 17.0
-4.6844773 5.9193573 0.0104 7.0 9.0
-4.4386616 4.741411 0.0104 7.0 9.0
-4.4386616 4.741411 0.0105 6.0 10.0
-4.192846 3.563465 0.0105 6.0 10.0
-4.192846 3.563465 0.0106 1.0 11.0
-5.2827816 3.0535407 0.0106 1.0 11.0
-5.2827816 3.0535407 0.0107 0.0 12.0
-5.8210173 1.9773043 0.0107 0.0 12.0
-5.8210173 1.9773043 0.0108 0.0 13.0
-5.5752015 0.79935825 0.0108 0.0 13.0
-4.192846 3.563465 0.0109 1.0 11.0
-3.2690947 2.792319 0.0109 1.0 11.0
-3.2690947 2.792319 0.0110 0.0 12.0
-3.0232785 1.614373 0.0110 0.0 12.0
-3.0232785 1.614373 0.0111 0.0 13.0
-3.561514 0.5381365 0.0111 0.0 13.0
-4.192846 3.563465 0.0112 5.0 11.0
-4.7310815 2.4872289 0.0112 5.0 11.0
-4.7310815 2.4872289 0.0113 4.0 12.0
-5.269317 1.4109925 0.0113 4.0 12.0
-5.269317 1.4109925 0.0114 1.0 13.0
-6.4404364 1.6875101 0.0114 1.0 13.0
-6.4404364 1.6875101 0.0115 0.0 14.0
-7.530372 1.1775857 0.0115 0.0 14.0
-7.530372 1.1775857 0.0116 0.0 15.0
-8.068608 0.101349354 0.0116 0.0 15.0
-5.269317 1.4109925 0.0117 1.0 13.0
-5.0235014 0.23304641 0.0117 1.0 13.0
-5.0235014 0.23304641 0.0118 0.0 14.0
-5.561737 -0.84318995 0.0118 0.0 14.0
-5.561737 -0.84318995 0.0119 0.0 15.0
-6.651673 -1.3531144 0.0119 0.0 15.0
-5.269317 1.4109925 0.0120 3.0 13.0
-6.359253 0.9010681 0.0120 3.0 13.0
-6.359253 0.9010681 0.0121 2.0 14.0
-7.4491887 0.39114368 0.0121 2.0 14.0
-7.4491887 0.39114368 0.0122 1.0 15.0
-8.19593 1.334733 0.0122 1.0 15.0
-8.19593 1.334733 0.0123 0.0 16.0
-9.367049 1.6112506 0.0123 0.0 16.0
-9.367049 1.6112506 0.0124 0.0 17.0
-10.4569845 1.1013262 0.0124 0.0 17.0
-7.4491887 0.39114368 0.0125 1.0 15.0
-7.9874244 -0.6850927 0.0125 1.0 15.0
-7.9874244 -0.6850927 0.0126 0.0 16.0
-9.07736 -1.1950171 0.0126 0.0 16.0
-9.07736 -1.1950171 0.0127 0.0 17.0
-10.24848 -0.91849947 0.0127 0.0 17.0
-4.6844773 5.9193573 0.0128 19.0 9.0
-5.222713 4.843121 0.0128 19.0 9.0
-5.222713 4.843121 0.0129 18.0 10.0
-5.7609487 3.7668848 0.0129 18.0 10.0
-5.7609487 3.7668848 0.0130 1.0 11.0
-6.932068 4.0434027 0.0130 1.0 11.0
-6.932068 4.0434027 0.0131 0.0 12.0
-8.022003 3.5334783 0.0131 0.0 12.0
-8.022003 3.5334783 0.0132 0.0 13.0
-8.560239 2.457242 0.0132 0.0 13.0
-5.7609487 3.7668848 0.0133 1.0 11.0
-5.515133 2.5889387 0.0133 1.0 11.0
-5.515133 2.5889387 0.0134 0.0 12.0
-6.0533686 1.5127023 0.0134 0.0 12.0
-6.0533686 1.5127023 0.0135 0.0 13.0
-7.1433043 1.0027779 0.0135 0.0 13.0
-5.7609487 3.7668848 0.0136 17.0 11.0
-6.2991843 2.6906486 0.0136 17.0 11.0
-6.2991843 2.6906486 0.0137 16.0 12.0
-6.83742 1.6144122 0.0137 16.0 12.0
-6.83742 1.6144122 0.0138 1.0 13.0
-8.008539 1.8909298 0.0138 1.0 13.0
-8.008539 1.8909298 0.0139 0.0 14.0
-9.0984745 1.3810054 0.0139 0.0 14.0
-9.0984745 1.3810054 0.0140 0.0 15.0
-9.63671 0.30476904 0.0140 0.0 15.0
-6.83742 1.6144122 0.0141 1.0 13.0
-6.591604 0.4364661 0.0141 1.0 13.0
-6.591604 0.4364661 0.0142 0.0 14.0
-7.12984 -0.63977027 0.0142 0.0 14.0
-7.12984 -0.63977027 0.0143 0.0 15.0
-8.219775 -1.1496947 0.0143 0.0 15.0
-6.83742 1.6144122 0.0144 7.0 13.0
-7.3756557 0.5381758 0.0144 7.0 13.0
-7.3756557 0.5381758 0.0145 6.0 14.0
-7.9138913 -0.53806055 0.0145 6.0 14.0
-7.9138913 -0.53806055 0.0146 1.0 15.0
-9.085011 -0.2615429 0.0146 1.0 15.0
-9.085011 -0.2615429 0.0147 0.0 16.0
-10.174946 -0.7714673 0.0147 0.0 16.0
-10.174946 -0.7714673 0.0148 0.0 17.0
-10.7131815 -1.8477037 0.0148 0.0 17.0
-7.9138913 -0.53806055 0.0149 1.0 15.0
-7.6680756 -1.7160066 0.0149 1.0 15.0
-7.6680756 -1.7160066 0.0150 0.0 16.0
-8.206311 -2.792243 0.0150 0.0 16.0
-8.206311 -2.792243 0.0151 0.0 17.0
-9.296247 -3.3021674 0.0151 0.0 17.0
-7.9138913 -0.53806055 0.0152 5.0 15.0
-7.6680756 -1.7160066 0.0152 5.0 15.0
-7.6680756 -1.7160066 0.0153 4.0 16.0
-7.42226 -2.8939528 0.0153 4.0 16.0
-7.42226 -2.8939528 0.0154 1.0 17.0
-8.512196 -3.4038773 0.0154 1.0 17.0
-8.512196 -3.4038773 0.0155 0.0 18.0
-9.050431 -4.4801135 0.0155 0.0 18.0
-9.050431 -4.4801135 0.0156 0.0 19.0
-8.804615 -5.6580596 0.0156 0.0 19.0
-7.42226 -2.8939528 0.0157 1.0 17.0
-6.4985085 -3.665099 0.0157 1.0 17.0
-6.4985085 -3.665099 0.0158 0.0 18.0
-6.252692 -4.843045 0.0158 0.0 18.0
-6.252692 -4.843045 0.0159 0.0 19.0
-6.790928 -5.919282 0.0159 0.0 19.0
-7.42226 -2.8939528 0.0160 3.0 17.0
-6.4985085 -3.665099 0.0160 3.0 17.0
-6.4985085 -3.665099 0.0161 2.0 18.0
-5.5747576 -4.436245 0.0161 2.0 18.0
-5.5747576 -4.436245 0.0162 1.0 19.0
-6.1129932 -5.5124817 0.0162 1.0 19.0
-6.1129932 -5.5124817 0.0163 0.0 20.0
-5.867177 -6.690428 0.0163 0.0 20.0
-5.867177 -6.690428 0.0164 0.0 21.0
-4.943426 -7.461574 0.0164 0.0 21.0
-5.5747576 -4.436245 0.0165 1.0 19.0
-4.371847 -4.467694 0.0165 1.0 19.0
-4.371847 -4.467694 0.0166 0.0 20.0
-3.448096 -5.23884 0.0166 0.0 20.0
-3.448096 -5.23884 0.0167 0.0 21.0
-3.2022798 -6.416786 0.0167 0.0 21.0
-6.83742 1.6144122 0.0168 7.0 13.0
-5.6345096 1.5829636 0.0168 7.0 13.0
-5.6345096 1.5829636 0.0169 6.0 14.0
-4.431599 1.551515 0.0169 6.0 14.0
-4.431599 1.551515 0.0170 1.0 15.0
-4.185783 0.3735689 0.0170 1.0 15.0
-4.185783 0.3735689 0.0171 0.0 16.0
-3.2620318 -0.39757723 0.0171 0.0 16.0
-3.2620318 -0.39757723 0.0172 0.0 17.0
-2.0591214 -0.42902583 0.0172 0.0 17.0
-4.431599 1.551515 0.0173 1.0 15.0
-3.468816 2.27334 0.0173 1.0 15.0
-3.468816 2.27334 0.0174 0.0 16.0
-2.2659056 2.2418914 0.0174 0.0 16.0
-2.2659056 2.2418914 0.0175 0.0 17.0
-1.3421545 1.4707453 0.0175 0.0 17.0
-4.431599 1.551515 0.0176 5.0 15.0
-3.507848 0.78036886 0.0176 5.0 15.0
-3.507848 0.78036886 0.0177 4.0 16.0
-2.584097 0.009222746 0.0177 4.0 16.0
-2.584097 0.009222746 0.0178 1.0 17.0
-3.1223326 -1.0670137 0.0178 1.0 17.0
-3.1223326 -1.0670137 0.0179 0.0 18.0
-2.8765163 -2.2449598 0.0179 0.0 18.0
-2.8765163 -2.2449598 0.0180 0.0 19.0
-1.9527652 -3.016106 0.0180 0.0 19.0
-2.584097 0.009222746 0.0181 1.0 17.0
-1.3811865 -0.022225868 0.0181 1.0 17.0
-1.3811865 -0.022225868 0.0182 0.0 18.0
-0.45743537 -0.793372 0.0182 0.0 18.0
-0.45743537 -0.793372 0.0183 0.0 19.0
-0.21161917 -1.971318 0.0183 0.0 19.0
-2.584097 0.009222746 0.0184 3.0 17.0
-2.3382807 -1.1687233 0.0184 3.0 17.0
-2.3382807 -1.1687233 0.0185 2.0 18.0
-2.0924644 -2.3466694 0.0185 2.0 18.0
-2.0924644 -2.3466694 0.0186 1.0 19.0
-3.1824 -2.856594 0.0186 1.0 19.0
-3.1824 -2.856594 0.0187 0.0 20.0
-3.7206354 -3.9328306 0.0187 0.0 20.0
-3.7206354 -3.9328306 0.0188 0.0 21.0
-3.4748192 -5.110777 0.0188 0.0 21.0
-2.0924644 -2.3466694 0.0189 1.0 19.0
-1.1687133 -3.1178155 0.0189 1.0 19.0
-1.1687133 -3.1178155 0.0190 0.0 20.0
-0.9228971 -4.2957616 0.0190 0.0 20.0
-0.9228971 -4.2957616 0.0191 0.0 21.0
-1.4611326 -5.371998 0.0191 0.0 21.0
-6.83742 1.6144122 0.0192 15.0 13.0
-5.6345096 1.5829636 0.0192 15.0 13.0
-5.6345096 1.5829636 0.0193 14.0 14.0
-4.431599 1.551515 0.0193 14.0 14.0
-4.431599 1.551515 0.0194 1.0 15.0
-4.185783 0.3735689 0.0194 1.0 15.0
-4.185783 0.3735689 0.0195 0.0 16.0
-3.2620318 -0.39757723 0.0195 0.0 16.0
-3.2620318 -0.39757723 0.0196 0.0 17.0
-2.0591214 -0.42902583 0.0196 0.0 17.0
-4.431599 1.551515 0.0197 1.0 15.0
-3.468816 2.27334 0.0197 1.0 15.0
-3.468816 2.27334 0.0198 0.0 16.0
-2.2659056 2.2418914 0.0198 0.0 16.0
-2.2659056 2.2418914 0.0199 0.0 17.0
-1.3421545 1.4707453 0.0199 0.0 17.0
-4.431599 1.551515 0.0200 13.0 15.0
-3.2286887 1.5200664 0.0200 13.0 15.0
-3.2286887 1.5200664 0.0201 12.0 16.0
-2.0257783 1.4886178 0.0201 12.0 16.0
-2.0257783 1.4886178 0.0202 1.0 17.0
-1.7799621 0.3106717 0.0202 1.0 17.0
-1.7799621 0.3106717 0.0203 0.0 18.0
-0.85621095 -0.46047443 0.0203 0.0 18.0
-0.85621095 -0.46047443 0.0204 0.0 19.0
0.34669948 -0.49192303 0.0204 0.0 19.0
-2.0257783 1.4886178 0.0205 1.0 17.0
-1.0629952 2.2104428 0.0205 1.0 17.0
-1.0629952 2.2104428 0.0206 0.0 18.0
0.13991523 2.1789942 0.0206 0.0 18.0
0.13991523 2.1789942 0.0207 0.0 19.0
1.0636663 1.4078481 0.0207 0.0 19.0
-2.0257783 1.4886178 0.0208 7.0 17.0
-0.8228679 1.4571692 0.0208 7.0 17.0
-0.8228679 1.4571692 0.0209 6.0 18.0
0.38004255 1.4257206 0.0209 6.0 18.0
0.38004255 1.4257206 0.0210 1.0 19.0
0.6258588 0.24777448 0.0210 1.0 19.0
0.6258588 0.24777448 0.0211 0.0 20.0
1.5496099 -0.52337164 0.0211 0.0 20.0
1.5496099 -0.52337164 0.0212 0.0 21.0
2.7525203 -0.55482024 0.0212 0.0 21.0
0.38004255 1.4257206 0.0213 1.0 19.0
1.3428257 2.1475456 0.0213 1.0 19.0
1.3428257 2.1475456 0.0214 0.0 20.0
2.545736 2.116097 0.0214 0.0 20.0
2.545736 2.116097 0.0215 0.0 21.0
3.4694872 1.3449509 0.0215 0.0 21.0
0.38004255 1.4257206 0.0216 5.0 19.0
1.3428257 2.1475456 0.0216 5.0 19.0
1.3428257 2.1475456 0.0217 4.0 20.0
2.3056087 2.8693707 0.0217 4.0 20.0
2.3056087 2.8693707 0.0218 1.0 21.0
3.2293599 2.0982246 0.0218 1.0 21.0
3.2293599 2.0982246 0.0219 0.0 22.0
4.43227 2.066776 0.0219 0.0 22.0
4.43227 2.066776 0.0220 0.0 23.0
5.395053 2.7886012 0.0220 0.0 23.0
2.3056087 2.8693707 0.0221 1.0 21.0
2.6126387 4.0328636 0.0221 1.0 21.0
2.6126387 4.0328636 0.0222 0.0 22.0
3.5754218 4.7546887 0.0222 0.0 22.0
3.5754218 4.7546887 0.0223 0.0 23.0
4.778332 4.72324 0.0223 0.0 23.0
2.3056087 2.8693707 0.0224 3.0 21.0
2.6126387 4.0328636 0.0224 3.0 21.0
2.6126387 4.0328636 0.0225 2.0 22.0
2.9196687 5.1963563 0.0225 2.0 22.0
2.9196687 5.1963563 0.0226 1.0 23.0
4.122579 5.1649075 0.0226 1.0 23.0
4.122579 5.1649075 0.0227 0.0 24.0
5.085362 5.8867326 0.0227 0.0 24.0
5.085362 5.8867326 0.0228 0.0 25.0
5.392392 7.0502253 0.0228 0.0 25.0
2.9196687 5.1963563 0.0229 1.0 23.0
2.4384031 6.2992463 0.0229 1.0 23.0
2.4384031 6.2992463 0.0230 0.0 24.0
2.745433 7.462739 0.0230 0.0 24.0
2.745433 7.462739 0.0231 0.0 25.0
3.7082162 8.184564 0.0231 0.0 25.0
-2.0257783 1.4886178 0.0232 7.0 17.0
-2.5070438 2.5915077 0.0232 7.0 17.0
-2.5070438 2.5915077 0.0233 6.0 18.0
-2.9883094 3.6943974 0.0233 6.0 18.0
-2.9883094 3.6943974 0.0234 1.0 19.0
-2.0255263 4.4162226 0.0234 1.0 19.0
-2.0255263 4.4162226 0.0235 0.0 20.0
-1.7184963 5.5797153 0.0235 0.0 20.0
-1.7184963 5.5797153 0.0236 0.0 21.0
-2.1997619 6.6826053 0.0236 0.0 21.0
-2.9883094 3.6943974 0.0237 1.0 19.0
-4.050112 4.260576 0.0237 1.0 19.0
-4.050112 4.260576 0.0238 0.0 20.0
-4.5313773 5.363466 0.0238 0.0 20.0
-4.5313773 5.363466 0.0239 0.0 21.0
-4.224347 6.5269585 0.0239 0.0 21.0
-2.9883094 3.6943974 0.0240 5.0 19.0
-2.6812794 4.85789 0.0240 5.0 19.0
-2.6812794 4.85789 0.0241 4.0 20.0
-2.3742495 6.021383 0.0241 4.0 20.0
-2.3742495 6.021383 0.0242 1.0 21.0
-1.171339 5.989934 0.0242 1.0 21.0
-1.171339 5.989934 0.0243 0.0 22.0
-0.208556 6.711759 0.0243 0.0 22.0
-0.208556 6.711759 0.0244 0.0 23.0
0.098473966 7.875252 0.0244 0.0 23.0
-2.3742495 6.021383 0.0245 1.0 21.0
-2.855515 7.124273 0.0245 1.0 21.0
-2.855515 7.124273 0.0246 0.0 22.0
-2.548485 8.2877655 0.0246 0.0 22.0
-2.548485 8.2877655 0.0247 0.0 23.0
-1.585702 9.00959 0.0247 0.0 23.0
-2.3742495 6.021383 0.0248 3.0 21.0
-1.4114664 6.743208 0.0248 3.0 21.0
-1.4114664 6.743208 0.0249 2.0 22.0
-0.44868332 7.465033 0.0249 2.0 22.0
-0.44868332 7.465033 0.0250 1.0 23.0
0.4750678 6.6938868 0.0250 1.0 23.0
0.4750678 6.6938868 0.0251 0.0 24.0
1.6779783 6.662438 0.0251 0.0 24.0
1.6779783 6.662438 0.0252 0.0 25.0
2.6407614 7.384263 0.0252 0.0 25.0
-0.44868332 7.465033 0.0253 1.0 23.0
-0.14165336 8.628526 0.0253 1.0 23.0
-0.14165336 8.628526 0.0254 0.0 24.0
0.8211297 9.35035 0.0254 0.0 24.0
0.8211297 9.35035 0.0255 0.0 25.0
2.0240402 9.318902 0.0255 0.0 25.0
-2.0257783 1.4886178 0.0256 11.0 17.0
-2.5070438 2.5915077 0.0256 11.0 17.0
-2.5070438 2.5915077 0.0257 10.0 18.0
-2.9883094 3.6943974 0.0257 10.0 18.0
-2.9883094 3.6943974 0.0258 1.0 19.0
-2.0255263 4.4162226 0.0258 1.0 19.0
-2.0255263 4.4162226 0.0259 0.0 20.0
-1.7184963 5.5797153 0.0259 0.0 20.0
-1.7184963 5.5797153 0.0260 0.0 21.0
-2.1997619 6.6826053 0.0260 0.0 21.0
-2.9883094 3.6943974 0.0261 1.0 19.0
-4.050112 4.260576 0.0261 1.0 19.0
-4.050112 4.260576 0.0262 0.0 20.0
-4.5313773 5.363466 0.0262 0.0 20.0
-4.5313773 5.363466 0.0263 0.0 21.0
-4.224347 6.5269585 0.0263 0.0 21.0
-2.9883094 3.6943974 0.0264 9.0 19.0
-3.469575 4.7972875 0.0264 9.0 19.0
-3.469575 4.7972875 0.0265 8.0 20.0
-3.9508405 5.9001775 0.0265 8.0 20.0
-3.9508405 5.9001775 0.0266 1.0 21.0
-2.9880574 6.6220026 0.0266 1.0 21.0
-2.9880574 6.6220026 0.0267 0.0 22.0
-2.6810274 7.7854953 0.0267 0.0 22.0
-2.6810274 7.7854953 0.0268 0.0 23.0
-3.162293 8.888385 0.0268 0.0 23.0
-3.9508405 5.9001775 0.0269 1.0 21.0
-5.012643 6.466356 0.0269 1.0 21.0
-5.012643 6.466356 0.0270 0.0 22.0
-5.4939084 7.569246 0.0270 0.0 22.0
-5.4939084 7.569246 0.0271 0.0 23.0
-5.186878 8.7327385 0.0271 0.0 23.0
-3.9508405 5.9001775 0.0272 7.0 21.0
-4.432106 7.0030675 0.0272 7.0 21.0
-4.432106 7.0030675 0.0273 6.0 22.0
-4.9133716 8.105957 0.0273 6.0 22.0
-4.9133716 8.105957 0.0274 1.0 23.0
-3.9505885 8.827782 0.0274 1.0 23.0
-3.9505885 8.827782 0.0275 0.0 24.0
-3.6435585 9.991274 0.0275 0.0 24.0
-3.6435585 9.991274 0.0276 0.0 25.0
-4.124824 11.094164 0.0276 0.0 25.0
-4.9133716 8.105957 0.0277 1.0 23.0
-5.975174 8.672135 0.0277 1.0 23.0
-5.975174 8.672135 0.0278 0.0 24.0
-6.4564395 9.775025 0.0278 0.0 24.0
-6.4564395 9.775025 0.0279 0.0 25.0
-6.1494093 10.938519 0.0279 0.0 25.0
-4.9133716 8.105957 0.0280 5.0 23.0
-5.975174 8.672135 0.0280 5.0 23.0
-5.975174 8.672135 0.0281 4.0 24.0
-7.0369763 9.238314 0.0281 4.0 24.0
-7.0369763 9.238314 0.0282 1.0 25.0
-6.729946 10.401806 0.0282 1.0 25.0
-6.729946 10.401806 0.0283 0.0 26.0
-7.2112117 11.504696 0.0283 0.0 26.0
-7.2112117 11.504696 0.0284 0.0 27.0
-8.273014 12.070874 0.0284 0.0 27.0
-7.0369763 9.238314 0.0285 1.0 25.0
-8.220944 9.023366 0.0285 1.0 25.0
-8.220944 9.023366 0.0286 0.0 26.0
-9.282747 9.589544 0.0286 0.0 26.0
-9.282747 9.589544 0.0287 0.0 27.0
-9.764012 10.692434 0.0287 0.0 27.0
-7.0369763 9.238314 0.0288 3.0 25.0
-8.220944 9.023366 0.0288 3.0 25.0
-8.220944 9.023366 0.0289 2.0 26.0
-9.404912 8.808418 0.0289 2.0 26.0
-9.404912 8.808418 0.0290 1.0 27.0
-9.886177 9.911308 0.0290 1.0 27.0
-9.886177 9.911308 0.0291 0.0 28.0
-10.94798 10.477487 0.0291 0.0 28.0
-10.94798 10.477487 0.0292 0.0 29.0
-12.1319475 10.262539 0.0292 0.0 29.0
-9.404912 8.808418 0.0293 1.0 27.0
-10.199936 7.905136 0.0293 1.0 27.0
-10.199936 7.905136 0.0294 0.0 28.0
-11.3839035 7.6901884 0.0294 0.0 28.0
-11.3839035 7.6901884 0.0295 0.0 29.0
-12.445706 8.256367 0.0295 0.0 29.0
-3.9508405 5.9001775 0.0296 7.0 21.0
-4.745865 4.9968953 0.0296 7.0 21.0
-4.745865 4.9968953 0.0297 6.0 22.0
-5.5408893 4.093613 0.0297 6.0 22.0
-5.5408893 4.093613 0.0298 1.0 23.0
-6.6026917 4.6597915 0.0298 1.0 23.0
-6.6026917 4.6597915 0.0299 0.0 24.0
-7.7866597 4.444844 0.0299 0.0 24.0
-7.7866597 4.444844 0.0300 0.0 25.0
-8.581684 3.5415616 0.0300 0.0 25.0
-5.5408893 4.093613 0.0301 1.0 23.0
-5.603765 2.8919353 0.0301 1.0 23.0
-5.603765 2.8919353 0.0302 0.0 24.0
-6.3987894 1.9886532 0.0302 0.0 24.0
-6.3987894 1.9886532 0.0303 0.0 25.0
-7.5827575 1.7737055 0.0303 0.0 25.0
-5.5408893 4.093613 0.0304 5.0 23.0
-6.7248573 3.8786654 0.0304 5.0 23.0
-6.7248573 3.8786654 0.0305 4.0 24.0
-7.9088254 3.6637177 0.0305 4.0 24.0
-7.9088254 3.6637177 0.0306 1.0 25.0
-8.390091 4.7666078 0.0306 1.0 25.0
-8.390091 4.7666078 0.0307 0.0 26.0
-9.451894 5.332786 0.0307 0.0 26.0
-9.451894 5.332786 0.0308 0.0 27.0
-10.635861 5.1178384 0.0308 0.0 27.0
-7.9088254 3.6637177 0.0309 1.0 25.0
-8.70385 2.7604356 0.0309 1.0 25.0
-8.70385 2.7604356 0.0310 0.0 26.0
-9.887817 2.5454879 0.0310 0.0 26.0
-9.887817 2.5454879 0.0311 0.0 27.0
-10.94962 3.1116662 0.0311 0.0 27.0
-7.9088254 3.6637177 0.0312 3.0 25.0
-8.970628 4.229896 0.0312 3.0 25.0
-8.970628 4.229896 0.0313 2.0 26.0
-10.032431 4.7960744 0.0313 2.0 26.0
-10.032431 4.7960744 0.0314 1.0 27.0
-9.725401 5.959567 0.0314 1.0 27.0
-9.725401 5.959567 0.0315 0.0 28.0
-10.206666 7.062457 0.0315 0.0 28.0
-10.206666 7.062457 0.0316 0.0 29.0
-11.268469 7.6286354 0.0316 0.0 29.0
-10.032431 4.7960744 0.0317 1.0 27.0
-11.216398 4.5811267 0.0317 1.0 27.0
-11.216398 4.5811267 0.0318 0.0 28.0
-12.278201 5.147305 0.0318 0.0 28.0
-12.278201 5.147305 0.0319 0.0 29.0
-12.759466 6.250195 0.0319 0.0 29.0
-4.6844773 5.9193573 0.0320 19.0 9.0
-3.481567 5.8879085 0.0320 19.0 9.0
-3.481567 5.8879085 0.0321 18.0 10.0
-2.2786565 5.8564596 0.0321 18.0 10.0
-2.2786565 5.8564596 0.0322 1.0 11.0
-2.0328403 4.6785135 0.0322 1.0 11.0
-2.0328403 4.6785135 0.0323 0.0 12.0
-1.1090891 3.9073675 0.0323 0.0 12.0
-1.1090891 3.9073675 0.0324 0.0 13.0
0.09382129 3.8759189 0.0324 0.0 13.0
-2.2786565 5.8564596 0.0325 1.0 11.0
-1.3158734 6.5782847 0.0325 1.0 11.0
-1.3158734 6.5782847 0.0326 0.0 12.0
-0.11296296 6.546836 0.0326 0.0 12.0
-0.11296296 6.546836 0.0327 0.0 13.0
0.81078815 5.7756896 0.0327 0.0 13.0
-2.2786565 5.8564596 0.0328 17.0 11.0
-1.075746 5.825011 0.0328 17.0 11.0
-1.075746 5.825011 0.0329 16.0 12.0
0.12716436 5.793562 0.0329 16.0 12.0
0.12716436 5.793562 0.0330 1.0 13.0
0.37298056 4.615616 0.0330 1.0 13.0
0.37298056 4.615616 0.0331 0.0 14.0
1.2967317 3.8444698 0.0331 0.0 14.0
1.2967317 3.8444698 0.0332 0.0 15.0
2.4996421 3.8130212 0.0332 0.0 15.0
0.12716436 5.793562 0.0333 1.0 13.0
1.0899475 6.515387 0.0333 1.0 13.0
1.0899475 6.515387 0.0334 0.0 14.0
2.292858 6.483938 0.0334 0.0 14.0
2.292858 6.483938 0.0335 0.0 15.0
3.216609 5.712792 0.0335 0.0 15.0
0.12716436 5.793562 0.0336 7.0 13.0
1.3300748 5.762113 0.0336 7.0 13.0
1.3300748 5.762113 0.0337 6.0 14.0
2.5329852 5.7306643 0.0337 6.0 14.0
2.5329852 5.7306643 0.0338 1.0 15.0
2.7788014 4.552718 0.0338 1.0 15.0
2.7788014 4.552718 0.0339 0.0 16.0
3.7025526 3.781572 0.0339 0.0 16.0
3.7025526 3.781572 0.0340 0.0 17.0
4.905463 3.7501235 0.0340 0.0 17.0
2.5329852 5.7306643 0.0341 1.0 15.0
3.4957683 6.4524894 0.0341 1.0 15.0
3.4957683 6.4524894 0.0342 0.0 16.0
4.698679 6.4210405 0.0342 0.0 16.0
4.698679 6.4210405 0.0343 0.0 17.0
5.62243 5.649894 0.0343 0.0 17.0
2.5329852 5.7306643 0.0344 5.0 15.0
3.4957683 6.4524894 0.0344 5.0 15.0
3.4957683 6.4524894 0.0345 4.0 16.0
4.4585514 7.1743145 0.0345 4.0 16.0
4.4585514 7.1743145 0.0346 1.0 17.0
5.3823023 6.403168 0.0346 1.0 17.0
5.3823023 6.403168 0.0347 0.0 18.0
6.5852127 6.3717194 0.0347 0.0 18.0
6.5852127 6.3717194 0.0348 0.0 19.0
7.5479956 7.0935445 0.0348 0.0 19.0
4.4585514 7.1743145 0.0349 1.0 17.0
4.765581 8.337807 0.0349 1.0 17.0
4.765581 8.337807 0.0350 0.0 18.0
5.728364 9.059631 0.0350 0.0 18.0
5.728364 9.059631 0.0351 0.0 19.0
6.9312744 9.028183 0.0351 0.0 19.0
4.4585514 7.1743145 0.0352 3.0 17.0
4.765581 8.337807 0.0352 3.0 17.0
4.765581 8.337807 0.0353 2.0 18.0
5.072611 9.501299 0.0353 2.0 18.0
5.072611 9.501299 0.0354 1.0 19.0
6.2755213 9.469851 0.0354 1.0 19.0
6.2755213 9.469851 0.0355 0.0 20.0
7.238304 10.191675 0.0355 0.0 20.0
7.238304 10.191675 0.0356 0.0 21.0
7.545334 11.355167 0.0356 0.0 21.0
5.072611 9.501299 0.0357 1.0 19.0
4.5913453 10.604189 0.0357 1.0 19.0
4.5913453 10.604189 0.0358 0.0 20.0
4.8983755 11.767681 0.0358 0.0 20.0
4.8983755 11.767681 0.0359 0.0 21.0
5.8611584 12.489506 0.0359 0.0 21.0
0.12716436 5.793562 0.0360 7.0 13.0
-0.35410112 6.896452 0.0360 7.0 13.0
-0.35410112 6.896452 0.0361 6.0 14.0
-0.8353666 7.999342 0.0361 6.0 14.0
-0.8353666 7.999342 0.0362 1.0 15.0
0.12741643 8.721167 0.0362 1.0 15.0
0.12741643 8.721167 0.0363 0.0 16.0
0.4344464 9.884659 0.0363 0.0 16.0
0.4344464 9.884659 0.0364 0.0 17.0
-0.04681909 10.987549 0.0364 0.0 17.0
-0.8353666 7.999342 0.0365 1.0 15.0
-1.8971691 8.56552 0.0365 1.0 15.0
-1.8971691 8.56552 0.0366 0.0 16.0
-2.3784347 9.66841 0.0366 0.0 16.0
-2.3784347 9.66841 0.0367 0.0 17.0
-2.0714047 10.831903 0.0367 0.0 17.0
-0.8353666 7.999342 0.0368 5.0 15.0
-0.52833664 9.162834 0.0368 5.0 15.0
-0.52833664 9.162834 0.0369 4.0 16.0
-0.22130668 10.326326 0.0369 4.0 16.0
-0.22130668 10.326326 0.0370 1.0 17.0
0.98160374 10.294878 0.0370 1.0 17.0
0.98160374 10.294878 0.0371 0.0 18.0
1.9443867 11.016703 0.0371 0.0 18.0
1.9443867 11.016703 0.0372 0.0 19.0
2.2514167 12.180195 0.0372 0.0 19.0
-0.22130668 10.326326 0.0373 1.0 17.0
-0.70257217 11.429216 0.0373 1.0 17.0
-0.70257217 11.429216 0.0374 0.0 18.0
-0.3955422 12.592709 0.0374 0.0 18.0
-0.3955422 12.592709 0.0375 0.0 19.0
0.56724083 13.314533 0.0375 0.0 19.0
-0.22130668 10.326326 0.0376 3.0 17.0
0.74147636 11.048151 0.0376 3.0 17.0
0.74147636 11.048151 0.0377 2.0 18.0
1.7042594 11.769976 0.0377 2.0 18.0
1.7042594 11.769976 0.0378 1.0 19.0
2.6280105 10.99883 0.0378 1.0 19.0
2.6280105 10.99883 0.0379 0.0 20.0
3.830921 10.9673815 0.0379 0.0 20.0
3.830921 10.9673815 0.0380 0.0 21.0
4.793704 11.689206 0.0380 0.0 21.0
1.7042594 11.769976 0.0381 1.0 19.0
2.0112894 12.933468 0.0381 1.0 19.0
2.0112894 12.933468 0.0382 0.0 20.0
2.9740725 13.6552925 0.0382 0.0 20.0
2.9740725 13.6552925 0.0383 0.0 21.0
4.176983 13.623844 0.0383 0.0 21.0
0.12716436 5.793562 0.0384 15.0 13.0
1.0899475 6.515387 0.0384 15.0 13.0
1.0899475 6.515387 0.0385 14.0 14.0
2.0527306 7.237212 0.0385 14.0 14.0
2.0527306 7.237212 0.0386 1.0 15.0
2.9764817 6.466066 0.0386 1.0 15.0
2.9764817 6.466066 0.0387 0.0 16.0
4.179392 6.434617 0.0387 0.0 16.0
4.179392 6.434617 0.0388 0.0 17.0
5.1421747 7.156442 0.0388 0.0 17.0
2.0527306 7.237212 0.0389 1.0 15.0
2.3597605 8.400705 0.0389 1.0 15.0
2.3597605 8.400705 0.0390 0.0 16.0
3.3225436 9.12253 0.0390 0.0 16.0
3.3225436 9.12253 0.0391 0.0 17.0
4.525454 9.091082 0.0391 0.0 17.0
2.0527306 7.237212 0.0392 13.0 15.0
3.0155137 7.9590373 0.0392 13.0 15.0
3.0155137 7.9590373 0.0393 12.0 16.0
3.9782968 8.680862 0.0393 12.0 16.0
3.9782968 8.680862 0.0394 1.0 17.0
4.902048 7.909716 0.0394 1.0 17.0
4.902048 7.909716 0.0395 0.0 18.0
6.1049585 7.8782673 0.0395 0.0 18.0
6.1049585 7.8782673 0.0396 0.0 19.0
7.0677414 8.600092 0.0396 0.0 19.0
3.9782968 8.680862 0.0397 1.0 17.0
4.285327 9.844355 0.0397 1.0 17.0
4.285327 9.844355 0.0398 0.0 18.0
5.24811 10.566179 0.0398 0.0 18.0
5.24811 10.566179 0.0399 0.0 19.0
6.4510202 10.534731 0.0399 0.0 19.0
3.9782968 8.680862 0.0400 7.0 17.0
4.9410796 9.402687 0.0400 7.0 17.0
4.9410796 9.402687 0.0401 6.0 18.0
5.9038625 10.124512 0.0401 6.0 18.0
5.9038625 10.124512 0.0402 1.0 19.0
6.827614 9.353366 0.0402 1.0 19.0
6.827614 9.353366 0.0403 0.0 20.0
8.030524 9.321918 0.0403 0.0 20.0
8.030524 9.321918 0.0404 0.0 21.0
8.993307 10.043742 0.0404 0.0 21.0
5.9038625 10.124512 0.0405 1.0 19.0
6.2108927 11.288004 0.0405 1.0 19.0
6.2108927 11.288004 0.0406 0.0 20.0
7.1736755 12.009829 0.0406 0.0 20.0
7.1736755 12.009829 0.0407 0.0 21.0
8.376586 11.97838 0.0407 0.0 21.0
5.9038625 10.124512 0.0408 5.0 19.0
6.2108927 11.288004 0.0408 5.0 19.0
6.2108927 11.288004 0.0409 4.0 20.0
6.5179224 12.451496 0.0409 4.0 20.0
6.5179224 12.451496 0.0410 1.0 21.0
7.720833 12.420048 0.0410 1.0 21.0
7.720833 12.420048 0.0411 0.0 22.0
8.683616 13.141872 0.0411 0.0 22.0
8.683616 13.141872 0.0412 0.0 23.0
8.990645 14.305365 0.0412 0.0 23.0
6.5179224 12.451496 0.0413 1.0 21.0
6.036657 13.554386 0.0413 1.0 21.0
6.036657 13.554386 0.0414 0.0 22.0
6.343687 14.717878 0.0414 0.0 22.0
6.343687 14.717878 0.0415 0.0 23.0
7.30647 15.439703 0.0415 0.0 23.0
6.5179224 12.451496 0.0416 3.0 21.0
6.036657 13.554386 0.0416 3.0 21.0
6.036657 13.554386 0.0417 2.0 22.0
5.5553913 14.657276 0.0417 2.0 22.0
5.5553913 14.657276 0.0418 1.0 23.0
6.518174 15.379101 0.0418 1.0 23.0
6.518174 15.379101 0.0419 0.0 24.0
6.825204 16.542593 0.0419 0.0 24.0
6.825204 16.542593 0.0420 0.0 25.0
6.3439384 17.645483 0.0420 0.0 25.0
5.5553913 14.657276 0.0421 1.0 23.0
4.493589 15.223454 0.0421 1.0 23.0
4.493589 15.223454 0.0422 0.0 24.0
4.0123234 16.326344 0.0422 0.0 24.0
4.0123234 16.326344 0.0423 0.0 25.0
4.319353 17.489836 0.0423 0.0 25.0
3.9782968 8.680862 0.0424 7.0 17.0
2.9164944 9.247041 0.0424 7.0 17.0
2.9164944 9.247041 0.0425 6.0 18.0
1.8546919 9.813219 0.0425 6.0 18.0
1.8546919 9.813219 0.0426 1.0 19.0
2.1617217 10.976711 0.0426 1.0 19.0
2.1617217 10.976711 0.0427 0.0 20.0
1.6804562 12.079601 0.0427 0.0 20.0
1.6804562 12.079601 0.0428 0.0 21.0
0.61865366 12.64578 0.0428 0.0 21.0
1.8546919 9.813219 0.0429 1.0 19.0
0.6707239 9.598271 0.0429 1.0 19.0
0.6707239 9.598271 0.0430 0.0 20.0
-0.3910786 10.16445 0.0430 0.0 20.0
-0.3910786 10.16445 0.0431 0.0 21.0
-0.8723441 11.26734 0.0431 0.0 21.0
1.8546919 9.813219 0.0432 5.0 19.0
1.3734264 10.916109 0.0432 5.0 19.0
1.3734264 10.916109 0.0433 4.0 20.0
0.89216095 12.018999 0.0433 4.0 20.0
0.89216095 12.018999 0.0434 1.0 21.0
1.854944 12.740824 0.0434 1.0 21.0
1.854944 12.740824 0.0435 0.0 22.0
2.161974 13.904316 0.0435 0.0 22.0
2.161974 13.904316 0.0436 0.0 23.0
1.6807084 15.007206 0.0436 0.0 23.0
0.89216095 12.018999 0.0437 1.0 21.0
-0.16964155 12.585177 0.0437 1.0 21.0
-0.16964155 12.585177 0.0438 0.0 22.0
-0.65090704 13.688067 0.0438 0.0 22.0
-0.65090704 13.688067 0.0439 0.0 23.0
-0.34387708 14.851561 0.0439 0.0 23.0
0.89216095 12.018999 0.0440 3.0 21.0
1.1991909 13.182491 0.0440 3.0 21.0
1.1991909 13.182491 0.0441 2.0 22.0
1.5062208 14.3459835 0.0441 2.0 22.0
1.5062208 14.3459835 0.0442 1.0 23.0
2.7091312 14.314535 0.0442 1.0 23.0
2.7091312 14.314535 0.0443 0.0 24.0
3.6719143 15.03636 0.0443 0.0 24.0
3.6719143 15.03636 0.0444 0.0 25.0
3.9789443 16.199852 0.0444 0.0 25.0
1.5062208 14.3459835 0.0445 1.0 23.0
1.0249553 15.4488735 0.0445 1.0 23.0
1.0249553 15.4488735 0.0446 0.0 24.0
1.3319852 16.612366 0.0446 0.0 24.0
1.3319852 16.612366 0.0447 0.0 25.0
2.2947683 17.33419 0.0447 0.0 25.0
3.9782968 8.680862 0.0448 11.0 17.0
4.285327 9.844355 0.0448 11.0 17.0
4.285327 9.844355 0.0449 10.0 18.0
4.5923567 11.007847 0.0449 10.0 18.0
4.5923567 11.007847 0.0450 1.0 19.0
5.795267 10.976398 0.0450 1.0 19.0
5.795267 10.976398 0.0451 0.0 20.0
6.75805 11.698223 0.0451 0.0 20.0
6.75805 11.698223 0.0452 0.0 21.0
7.0650797 12.861715 0.0452 0.0 21.0
4.5923567 11.007847 0.0453 1.0 19.0
4.111091 12.110737 0.0453 1.0 19.0
4.111091 12.110737 0.0454 0.0 20.0
4.4181213 13.274229 0.0454 0.0 20.0
4.4181213 13.274229 0.0455 0.0 21.0
5.380904 13.996054 0.0455 0.0 21.0
4.5923567 11.007847 0.0456 9.0 19.0
4.8993864 12.171339 0.0456 9.0 19.0
4.8993864 12.171339 0.0457 8.0 20.0
5.206416 13.334831 0.0457 8.0 20.0
5.206416 13.334831 0.0458 1.0 21.0
6.4093266 13.303383 0.0458 1.0 21.0
6.4093266 13.303383 0.0459 0.0 22.0
7.3721094 14.0252075 0.0459 0.0 22.0
7.3721094 14.0252075 0.0460 0.0 23.0
7.679139 15.1887 0.0460 0.0 23.0
5.206416 13.334831 0.0461 1.0 21.0
4.7251506 14.437721 0.0461 1.0 21.0
4.7251506 14.437721 0.0462 0.0 22.0
5.032181 15.601213 0.0462 0.0 22.0
5.032181 15.601213 0.0463 0.0 23.0
5.9949636 16.323038 0.0463 0.0 23.0
5.206416 13.334831 0.0464 7.0 21.0
5.513446 14.498323 0.0464 7.0 21.0
5.513446 14.498323 0.0465 6.0 22.0
5.8204756 15.661816 0.0465 6.0 22.0
5.8204756 15.661816 0.0466 1.0 23.0
7.023386 15.630367 0.0466 1.0 23.0
7.023386 15.630367 0.0467 0.0 24.0
7.986169 16.352192 0.0467 0.0 24.0
7.986169 16.352192 0.0468 0.0 25.0
8.293199 17.515684 0.0468 0.0 25.0
5.8204756 15.661816 0.0469 1.0 23.0
5.33921 16.764706 0.0469 1.0 23.0
5.33921 16.764706 0.0470 0.0 24.0
5.64624 17.928198 0.0470 0.0 24.0
5.64624 17.928198 0.0471 0.0 25.0
6.609023 18.650023 0.0471 0.0 25.0
5.8204756 15.661816 0.0472 5.0 23.0
5.33921 16.764706 0.0472 5.0 23.0
5.33921 16.764706 0.0473 4.0 24.0
4.8579445 17.867596 0.0473 4.0 24.0
4.8579445 17.867596 0.0474 1.0 25.0
5.8207273 18.58942 0.0474 1.0 25.0
5.8207273 18.58942 0.0475 0.0 26.0
6.127757 19.752913 0.0475 0.0 26.0
6.127757 19.752913 0.0476 0.0 27.0
5.6464915 20.855803 0.0476 0.0 27.0
4.8579445 17.867596 0.0477 1.0 25.0
3.796142 18.433775 0.0477 1.0 25.0
3.796142 18.433775 0.0478 0.0 26.0
3.3148766 19.536665 0.0478 0.0 26.0
3.3148766 19.536665 0.0479 0.0 27.0
3.6219065 20.700157 0.0479 0.0 27.0
4.8579445 17.867596 0.0480 3.0 25.0
3.796142 18.433775 0.0480 3.0 25.0
3.796142 18.433775 0.0481 2.0 26.0
2.7343397 18.999954 0.0481 2.0 26.0
2.7343397 18.999954 0.0482 1.0 27.0
3.0413697 20.163446 0.0482 1.0 27.0
3.0413697 20.163446 0.0483 0.0 28.0
2.5601041 21.266336 0.0483 0.0 28.0
2.5601041 21.266336 0.0484 0.0 29.0
1.4983016 21.832516 0.0484 0.0 29.0
2.7343397 18.999954 0.0485 1.0 27.0
1.5503718 18.785007 0.0485 1.0 27.0
1.5503718 18.785007 0.0486 0.0 28.0
0.48856926 19.351187 0.0486 0.0 28.0
0.48856926 19.351187 0.0487 0.0 29.0
0.0073037744 20.454077 0.0487 0.0 29.0
5.206416 13.334831 0.0488 7.0 21.0
4.022448 13.119884 0.0488 7.0 21.0
4.022448 13.119884 0.0489 6.0 22.0
2.83848 12.904936 0.0489 6.0 22.0
2.83848 12.904936 0.0490 1.0 23.0
2.3572145 14.007826 0.0490 1.0 23.0
2.3572145 14.007826 0.0491 0.0 24.0
1.295412 14.574004 0.0491 0.0 24.0
1.295412 14.574004 0.0492 0.0 25.0
0.111444 14.359056 0.0492 0.0 25.0
2.83848 12.904936 0.0493 1.0 23.0
2.0434556 12.001654 0.0493 1.0 23.0
2.0434556 12.001654 0.0494 0.0 24.0
0.85948765 11.786706 0.0494 0.0 24.0
0.85948765 11.786706 0.0495 0.0 25.0
-0.20231485 12.352884 0.0495 0.0 25.0
2.83848 12.904936 0.0496 5.0 23.0
1.7766775 13.471114 0.0496 5.0 23.0
1.7766775 13.471114 0.0497 4.0 24.0
0.714875 14.0372925 0.0497 4.0 24.0
0.714875 14.0372925 0.0498 1.0 25.0
1.021905 15.200785 0.0498 1.0 25.0
1.021905 15.200785 0.0499 0.0 26.0
0.54063946 16.303675 0.0499 0.0 26.0
0.54063946 16.303675 0.0500 0.0 27.0
-0.52116305 16.869854 0.0500 0.0 27.0
0.714875 14.0372925 0.0501 1.0 25.0
-0.46909297 13.822345 0.0501 1.0 25.0
-0.46909297 13.822345 0.0502 0.0 26.0
-1.5308955 14.388523 0.0502 0.0 26.0
-1.5308955 14.388523 0.0503 0.0 27.0
-2.012161 15.491413 0.0503 0.0 27.0
0.714875 14.0372925 0.0504 3.0 25.0
0.2336095 15.1401825 0.0504 3.0 25.0
0.2336095 15.1401825 0.0505 2.0 26.0
-0.24765599 16.243073 0.0505 2.0 26.0
-0.24765599 16.243073 0.0506 1.0 27.0
0.71512705 16.964897 0.0506 1.0 27.0
0.71512705 16.964897 0.0507 0.0 28.0
1.022157 18.12839 0.0507 0.0 28.0
1.022157 18.12839 0.0508 0.0 29.0
0.54089147 19.23128 0.0508 0.0 29.0
-0.24765599 16.243073 0.0509 1.0 27.0
-1.3094585 16.809252 0.0509 1.0 27.0
-1.3094585 16.809252 0.0510 0.0 28.0
-1.790724 17.912142 0.0510 0.0 28.0
-1.790724 17.912142 0.0511 0.0 29.0
-1.4836941 19.075634 0.0511 0.0 29.0
