0.0 0.0 0.00 60.0 1.0
0.0 2.694092 0.00 60.0 1.0
0.0 2.694092 0.01 59.0 2.0
0.0 5.388184 0.01 59.0 2.0
0.0 5.388184 0.02 58.0 3.0
0.0 8.082276 0.02 58.0 3.0
0.0 8.082276 0.03 57.0 4.0
0.0 10.776368 0.03 57.0 4.0
0.0 10.776368 0.04 56.0 5.0
0.0 13.47046 0.04 56.0 5.0
0.0 13.47046 0.05 55.0 6.0
0.0 16.164553 0.05 55.0 6.0
0.0 16.164553 0.06 54.0 7.0
0.0 18.858644 0.06 54.0 7.0
0.0 18.858644 0.07 53.0 8.0
0.0 21.552736 0.07 53.0 8.0
0.0 21.552736 0.08 52.0 9.0
0.0 24.246828 0.08 52.0 9.0
0.0 24.246828 0.09 51.0 10.0
0.0 26.94092 0.09 51.0 10.0
0.0 26.94092 0.010 50.0 11.0
0.0 29.635012 0.010 50.0 11.0
0.0 29.635012 0.011 49.0 12.0
0.0 32.329105 0.011 49.0 12.0
0.0 32.329105 0.012 48.0 13.0
0.0 35.023197 0.012 48.0 13.0
0.0 35.023197 0.013 47.0 14.0
0.0 37.71729 0.013 47.0 14.0
0.0 37.71729 0.014 46.0 15.0
0.0 40.41138 0.014 46.0 15.0
0.0 40.41138 0.015 45.0 16.0
0.0 43.105473 0.015 45.0 16.0
0.0 43.105473 0.016 28.0 17.0
-1.2991538 45.465626 0.016 28.0 17.0
-1.2991538 45.465626 0.017 27.0 18.0
-2.5983076 47.82578 0.017 27.0 18.0
-2.5983076 47.82578 0.018 26.0 19.0
-3.8974614 50.185932 0.018 26.0 19.0
-3.8974614 50.185932 0.019 25.0 20.0
-5.196615 52.546085 0.019 25.0 20.0
-5.196615 52.546085 0.020 24.0 21.0
-6.495769 54.90624 0.020 24.0 21.0
-6.495769 54.90624 0.021 23.0 22.0
-7.794923 57.26639 0.021 23.0 22.0
-7.794923 57.26639 0.022 22.0 23.0
-9.094076 59.626545 0.022 22.0 23.0
-9.094076 59.626545 0.023 21.0 24.0
-10.39323 61.9867 0.023 21.0 24.0
-10.39323 61.9867 0.024 12.0 25.0
-12.669474 63.427826 0.024 12.0 25.0
-12.669474 63.427826 0.025 11.0 26.0
-14.945717 64.86895 0.025 11.0 26.0
-14.945717 64.86895 0.026 10.0 27.0
-17.22196 66.310074 0.026 10.0 27.0
-17.22196 66.310074 0.027 9.0 28.0
-19.498203 67.7512 0.027 9.0 28.0
-19.498203 67.7512 0.028 4.0 29.0
-22.187248 67.91604 0.028 4.0 29.0
-22.187248 67.91604 0.029 3.0 30.0
-24.876293 68.08088 0.029 3.0 30.0
-24.876293 68.08088 0.030 0.0 31.0
-27.311516 66.928566 0.030 0.0 31.0
-27.311516 66.928566 0.031 0.0 32.0
-29.746738 65.77625 0.031 0.0 32.0
-24.876293 68.08088 0.032 0.0 31.0
-27.152536 69.522 0.032 0.0 31.0
-27.152536 69.522 0.033 0.0 32.0
-29.42878 70.96313 0.033 0.0 32.0
-24.876293 68.08088 0.034 2.0 31.0
-27.565338 68.24572 0.034 2.0 31.0
-27.565338 68.24572 0.035 1.0 32.0
-30.254383 68.41056 0.035 1.0 32.0
-30.254383 68.41056 0.036 0.0 33.0
-32.943428 68.5754 0.036 0.0 33.0
-32.943428 68.5754 0.037 0.0 34.0
-35.632473 68.74024 0.037 0.0 34.0
-19.498203 67.7512 0.038 4.0 29.0
-20.797358 70.11135 0.038 4.0 29.0
-20.797358 70.11135 0.039 3.0 30.0
-22.096512 72.471504 0.039 3.0 30.0
-22.096512 72.471504 0.040 0.0 31.0
-24.372755 73.91263 0.040 0.0 31.0
-24.372755 73.91263 0.041 0.0 32.0
-26.648998 75.35375 0.041 0.0 32.0
-22.096512 72.471504 0.042 0.0 31.0
-22.096512 75.165596 0.042 0.0 31.0
-22.096512 75.165596 0.043 0.0 32.0
-22.096512 77.85969 0.043 0.0 32.0
-22.096512 72.471504 0.044 2.0 31.0
-23.395666 74.83166 0.044 2.0 31.0
-23.395666 74.83166 0.045 1.0 32.0
-24.69482 77.19181 0.045 1.0 32.0
-24.69482 77.19181 0.046 0.0 33.0
-25.993975 79.55196 0.046 0.0 33.0
-25.993975 79.55196 0.047 0.0 34.0
-27.293129 81.91212 0.047 0.0 34.0
-19.498203 67.7512 0.048 8.0 29.0
-21.774446 69.19232 0.048 8.0 29.0
-21.774446 69.19232 0.049 7.0 30.0
-24.05069 70.633446 0.049 7.0 30.0
-24.05069 70.633446 0.050 6.0 31.0
-26.326933 72.07457 0.050 6.0 31.0
-26.326933 72.07457 0.051 5.0 32.0
-28.603176 73.51569 0.051 5.0 32.0
-28.603176 73.51569 0.052 4.0 33.0
-30.87942 74.95682 0.052 4.0 33.0
-30.87942 74.95682 0.053 3.0 34.0
-33.155663 76.39794 0.053 3.0 34.0
-33.155663 76.39794 0.054 0.0 35.0
-35.844707 76.56278 0.054 0.0 35.0
-35.844707 76.56278 0.055 0.0 36.0
-38.533752 76.72762 0.055 0.0 36.0
-33.155663 76.39794 0.056 0.0 35.0
-34.454815 78.758095 0.056 0.0 35.0
-34.454815 78.758095 0.057 0.0 36.0
-35.753967 81.11825 0.057 0.0 36.0
-33.155663 76.39794 0.058 2.0 35.0
-35.431908 77.839066 0.058 2.0 35.0
-35.431908 77.839066 0.059 1.0 36.0
-37.708153 79.28019 0.059 1.0 36.0
-37.708153 79.28019 0.060 0.0 37.0
-39.984398 80.72131 0.060 0.0 37.0
-39.984398 80.72131 0.061 0.0 38.0
-42.260643 82.16244 0.061 0.0 38.0
-10.39323 61.9867 0.062 12.0 25.0
-10.39323 64.68079 0.062 12.0 25.0
-10.39323 64.68079 0.063 11.0 26.0
-10.39323 67.374886 0.063 11.0 26.0
-10.39323 67.374886 0.064 10.0 27.0
-10.39323 70.06898 0.064 10.0 27.0
-10.39323 70.06898 0.065 9.0 28.0
-10.39323 72.76307 0.065 9.0 28.0
-10.39323 72.76307 0.066 4.0 29.0
-11.692385 75.12322 0.066 4.0 29.0
-11.692385 75.12322 0.067 3.0 30.0
-12.991539 77.483376 0.067 3.0 30.0
-12.991539 77.483376 0.068 0.0 31.0
-15.267782 78.9245 0.068 0.0 31.0
-15.267782 78.9245 0.069 0.0 32.0
-17.544025 80.36562 0.069 0.0 32.0
-12.991539 77.483376 0.070 0.0 31.0
-12.991539 80.17747 0.070 0.0 31.0
-12.991539 80.17747 0.071 0.0 32.0
-12.991539 82.87156 0.071 0.0 32.0
-12.991539 77.483376 0.072 2.0 31.0
-14.290693 79.84353 0.072 2.0 31.0
-14.290693 79.84353 0.073 1.0 32.0
-15.589848 82.20368 0.073 1.0 32.0
-15.589848 82.20368 0.074 0.0 33.0
-16.889002 84.563835 0.074 0.0 33.0
-16.889002 84.563835 0.075 0.0 34.0
-18.188156 86.92399 0.075 0.0 34.0
-10.39323 72.76307 0.076 4.0 29.0
-9.094076 75.12322 0.076 4.0 29.0
-9.094076 75.12322 0.077 3.0 30.0
-7.7949224 77.483376 0.077 3.0 30.0
-7.7949224 77.483376 0.078 0.0 31.0
-7.7949224 80.17747 0.078 0.0 31.0
-7.7949224 80.17747 0.079 0.0 32.0
-7.7949224 82.87156 0.079 0.0 32.0
-7.7949224 77.483376 0.080 0.0 31.0
-5.518679 78.9245 0.080 0.0 31.0
-5.518679 78.9245 0.081 0.0 32.0
-3.242436 80.36562 0.081 0.0 32.0
-7.7949224 77.483376 0.082 2.0 31.0
-6.4957685 79.84353 0.082 2.0 31.0
-6.4957685 79.84353 0.083 1.0 32.0
-5.1966147 82.20368 0.083 1.0 32.0
-5.1966147 82.20368 0.084 0.0 33.0
-3.897461 84.563835 0.084 0.0 33.0
-3.897461 84.563835 0.085 0.0 34.0
-2.5983071 86.92399 0.085 0.0 34.0
-10.39323 72.76307 0.086 8.0 29.0
-10.39323 75.45716 0.086 8.0 29.0
-10.39323 75.45716 0.087 7.0 30.0
-10.39323 78.15125 0.087 7.0 30.0
-10.39323 78.15125 0.088 6.0 31.0
-10.39323 80.845345 0.088 6.0 31.0
-10.39323 80.845345 0.089 5.0 32.0
-10.39323 83.53944 0.089 5.0 32.0
-10.39323 83.53944 0.090 4.0 33.0
-10.39323 86.23353 0.090 4.0 33.0
-10.39323 86.23353 0.091 3.0 34.0
-10.39323 88.92762 0.091 3.0 34.0
-10.39323 88.92762 0.092 0.0 35.0
-11.692385 91.28777 0.092 0.0 35.0
-11.692385 91.28777 0.093 0.0 36.0
-12.991539 93.64793 0.093 0.0 36.0
-10.39323 88.92762 0.094 0.0 35.0
-9.094076 91.28777 0.094 0.0 35.0
-9.094076 91.28777 0.095 0.0 36.0
-7.7949224 93.64793 0.095 0.0 36.0
-10.39323 88.92762 0.096 2.0 35.0
-10.39323 91.62171 0.096 2.0 35.0
-10.39323 91.62171 0.097 1.0 36.0
-10.39323 94.3158 0.097 1.0 36.0
-10.39323 94.3158 0.098 0.0 37.0
-10.39323 97.009895 0.098 0.0 37.0
-10.39323 97.009895 0.099 0.0 38.0
-10.39323 99.70399 0.099 0.0 38.0
-10.39323 61.9867 0.0100 20.0 25.0
-11.692385 64.346855 0.0100 20.0 25.0
-11.692385 64.346855 0.0101 19.0 26.0
-12.991539 66.70701 0.0101 19.0 26.0
-12.991539 66.70701 0.0102 18.0 27.0
-14.290693 69.06716 0.0102 18.0 27.0
-14.290693 69.06716 0.0103 17.0 28.0
-15.589848 71.427315 0.0103 17.0 28.0
-15.589848 71.427315 0.0104 16.0 29.0
-16.889002 73.78747 0.0104 16.0 29.0
-16.889002 73.78747 0.0105 15.0 30.0
-18.188156 76.14762 0.0105 15.0 30.0
-18.188156 76.14762 0.0106 14.0 31.0
-19.48731 78.507774 0.0106 14.0 31.0
-19.48731 78.507774 0.0107 13.0 32.0
-20.786465 80.86793 0.0107 13.0 32.0
-20.786465 80.86793 0.0108 12.0 33.0
-22.085619 83.22808 0.0108 12.0 33.0
-22.085619 83.22808 0.0109 11.0 34.0
-23.384773 85.588234 0.0109 11.0 34.0
-23.384773 85.588234 0.0110 10.0 35.0
-24.683928 87.94839 0.0110 10.0 35.0
-24.683928 87.94839 0.0111 9.0 36.0
-25.983082 90.30854 0.0111 9.0 36.0
-25.983082 90.30854 0.0112 4.0 37.0
-28.259325 91.749664 0.0112 4.0 37.0
-28.259325 91.749664 0.0113 3.0 38.0
-30.535568 93.19079 0.0113 3.0 38.0
-30.535568 93.19079 0.0114 0.0 39.0
-33.224613 93.35563 0.0114 0.0 39.0
-33.224613 93.35563 0.0115 0.0 40.0
-35.91366 93.52047 0.0115 0.0 40.0
-30.535568 93.19079 0.0116 0.0 39.0
-31.834723 95.55094 0.0116 0.0 39.0
-31.834723 95.55094 0.0117 0.0 40.0
-33.133877 97.911095 0.0117 0.0 40.0
-30.535568 93.19079 0.0118 2.0 39.0
-32.811813 94.63191 0.0118 2.0 39.0
-32.811813 94.63191 0.0119 1.0 40.0
-35.08806 96.07304 0.0119 1.0 40.0
-35.08806 96.07304 0.0120 0.0 41.0
-37.364304 97.51416 0.0120 0.0 41.0
-37.364304 97.51416 0.0121 0.0 42.0
-39.64055 98.955284 0.0121 0.0 42.0
-25.983082 90.30854 0.0122 4.0 37.0
-25.983082 93.00263 0.0122 4.0 37.0
-25.983082 93.00263 0.0123 3.0 38.0
-25.983082 95.696724 0.0123 3.0 38.0
-25.983082 95.696724 0.0124 0.0 39.0
-27.282236 98.05688 0.0124 0.0 39.0
-27.282236 98.05688 0.0125 0.0 40.0
-28.58139 100.41703 0.0125 0.0 40.0
-25.983082 95.696724 0.0126 0.0 39.0
-24.683928 98.05688 0.0126 0.0 39.0
-24.683928 98.05688 0.0127 0.0 40.0
-23.384773 100.41703 0.0127 0.0 40.0
-25.983082 95.696724 0.0128 2.0 39.0
-25.983082 98.390816 0.0128 2.0 39.0
-25.983082 98.390816 0.0129 1.0 40.0
-25.983082 101.08491 0.0129 1.0 40.0
-25.983082 101.08491 0.0130 0.0 41.0
-25.983082 103.779 0.0130 0.0 41.0
-25.983082 103.779 0.0131 0.0 42.0
-25.983082 106.47309 0.0131 0.0 42.0
-25.983082 90.30854 0.0132 8.0 37.0
-27.282236 92.66869 0.0132 8.0 37.0
-27.282236 92.66869 0.0133 7.0 38.0
-28.58139 95.02885 0.0133 7.0 38.0
-28.58139 95.02885 0.0134 6.0 39.0
-29.880545 97.389 0.0134 6.0 39.0
-29.880545 97.389 0.0135 5.0 40.0
-31.179699 99.74915 0.0135 5.0 40.0
-31.179699 99.74915 0.0136 4.0 41.0
-32.47885 102.10931 0.0136 4.0 41.0
-32.47885 102.10931 0.0137 3.0 42.0
-33.778004 104.46946 0.0137 3.0 42.0
-33.778004 104.46946 0.0138 0.0 43.0
-36.054245 105.91058 0.0138 0.0 43.0
-36.054245 105.91058 0.0139 0.0 44.0
-38.33049 107.35171 0.0139 0.0 44.0
-33.778004 104.46946 0.0140 0.0 43.0
-33.778004 107.16355 0.0140 0.0 43.0
-33.778004 107.16355 0.0141 0.0 44.0
-33.778004 109.85764 0.0141 0.0 44.0
-33.778004 104.46946 0.0142 2.0 43.0
-35.077156 106.82961 0.0142 2.0 43.0
-35.077156 106.82961 0.0143 1.0 44.0
-36.37631 109.189766 0.0143 1.0 44.0
-36.37631 109.189766 0.0144 0.0 45.0
-37.67546 111.54992 0.0144 0.0 45.0
-37.67546 111.54992 0.0145 0.0 46.0
-38.974613 113.91007 0.0145 0.0 46.0
0.0 43.105473 0.0146 28.0 17.0
1.2991538 45.465626 0.0146 28.0 17.0
1.2991538 45.465626 0.0147 27.0 18.0
2.5983076 47.82578 0.0147 27.0 18.0
2.5983076 47.82578 0.0148 26.0 19.0
3.8974614 50.185932 0.0148 26.0 19.0
3.8974614 50.185932 0.0149 25.0 20.0
5.196615 52.546085 0.0149 25.0 20.0
5.196615 52.546085 0.0150 24.0 21.0
6.495769 54.90624 0.0150 24.0 21.0
6.495769 54.90624 0.0151 23.0 22.0
7.794923 57.26639 0.0151 23.0 22.0
7.794923 57.26639 0.0152 22.0 23.0
9.094076 59.626545 0.0152 22.0 23.0
9.094076 59.626545 0.0153 21.0 24.0
10.39323 61.9867 0.0153 21.0 24.0
10.39323 61.9867 0.0154 12.0 25.0
10.39323 64.68079 0.0154 12.0 25.0
10.39323 64.68079 0.0155 11.0 26.0
10.39323 67.374886 0.0155 11.0 26.0
10.39323 67.374886 0.0156 10.0 27.0
10.39323 70.06898 0.0156 10.0 27.0
10.39323 70.06898 0.0157 9.0 28.0
10.39323 72.76307 0.0157 9.0 28.0
10.39323 72.76307 0.0158 4.0 29.0
9.094076 75.12322 0.0158 4.0 29.0
9.094076 75.12322 0.0159 3.0 30.0
7.7949224 77.483376 0.0159 3.0 30.0
7.7949224 77.483376 0.0160 0.0 31.0
5.518679 78.9245 0.0160 0.0 31.0
5.518679 78.9245 0.0161 0.0 32.0
3.242436 80.36562 0.0161 0.0 32.0
7.7949224 77.483376 0.0162 0.0 31.0
7.7949224 80.17747 0.0162 0.0 31.0
7.7949224 80.17747 0.0163 0.0 32.0
7.7949224 82.87156 0.0163 0.0 32.0
7.7949224 77.483376 0.0164 2.0 31.0
6.4957685 79.84353 0.0164 2.0 31.0
6.4957685 79.84353 0.0165 1.0 32.0
5.1966147 82.20368 0.0165 1.0 32.0
5.1966147 82.20368 0.0166 0.0 33.0
3.897461 84.563835 0.0166 0.0 33.0
3.897461 84.563835 0.0167 0.0 34.0
2.5983071 86.92399 0.0167 0.0 34.0
10.39323 72.76307 0.0168 4.0 29.0
11.692385 75.12322 0.0168 4.0 29.0
11.692385 75.12322 0.0169 3.0 30.0
12.991539 77.483376 0.0169 3.0 30.0
12.991539 77.483376 0.0170 0.0 31.0
12.991539 80.17747 0.0170 0.0 31.0
12.991539 80.17747 0.0171 0.0 32.0
12.991539 82.87156 0.0171 0.0 32.0
12.991539 77.483376 0.0172 0.0 31.0
15.267782 78.9245 0.0172 0.0 31.0
15.267782 78.9245 0.0173 0.0 32.0
17.544025 80.36562 0.0173 0.0 32.0
12.991539 77.483376 0.0174 2.0 31.0
14.290693 79.84353 0.0174 2.0 31.0
14.290693 79.84353 0.0175 1.0 32.0
15.589848 82.20368 0.0175 1.0 32.0
15.589848 82.20368 0.0176 0.0 33.0
16.889002 84.563835 0.0176 0.0 33.0
16.889002 84.563835 0.0177 0.0 34.0
18.188156 86.92399 0.0177 0.0 34.0
10.39323 72.76307 0.0178 8.0 29.0
10.39323 75.45716 0.0178 8.0 29.0
10.39323 75.45716 0.0179 7.0 30.0
10.39323 78.15125 0.0179 7.0 30.0
10.39323 78.15125 0.0180 6.0 31.0
10.39323 80.845345 0.0180 6.0 31.0
10.39323 80.845345 0.0181 5.0 32.0
10.39323 83.53944 0.0181 5.0 32.0
10.39323 83.53944 0.0182 4.0 33.0
10.39323 86.23353 0.0182 4.0 33.0
10.39323 86.23353 0.0183 3.0 34.0
10.39323 88.92762 0.0183 3.0 34.0
10.39323 88.92762 0.0184 0.0 35.0
9.094076 91.28777 0.0184 0.0 35.0
9.094076 91.28777 0.0185 0.0 36.0
7.7949224 93.64793 0.0185 0.0 36.0
10.39323 88.92762 0.0186 0.0 35.0
11.692385 91.28777 0.0186 0.0 35.0
11.692385 91.28777 0.0187 0.0 36.0
12.991539 93.64793 0.0187 0.0 36.0
10.39323 88.92762 0.0188 2.0 35.0
10.39323 91.62171 0.0188 2.0 35.0
10.39323 91.62171 0.0189 1.0 36.0
10.39323 94.3158 0.0189 1.0 36.0
10.39323 94.3158 0.0190 0.0 37.0
10.39323 97.009895 0.0190 0.0 37.0
10.39323 97.009895 0.0191 0.0 38.0
10.39323 99.70399 0.0191 0.0 38.0
10.39323 61.9867 0.0192 12.0 25.0
12.669474 63.427826 0.0192 12.0 25.0
12.669474 63.427826 0.0193 11.0 26.0
14.945717 64.86895 0.0193 11.0 26.0
14.945717 64.86895 0.0194 10.0 27.0
17.22196 66.310074 0.0194 10.0 27.0
17.22196 66.310074 0.0195 9.0 28.0
19.498203 67.7512 0.0195 9.0 28.0
19.498203 67.7512 0.0196 4.0 29.0
20.797358 70.11135 0.0196 4.0 29.0
20.797358 70.11135 0.0197 3.0 30.0
22.096512 72.471504 0.0197 3.0 30.0
22.096512 72.471504 0.0198 0.0 31.0
22.096512 75.165596 0.0198 0.0 31.0
22.096512 75.165596 0.0199 0.0 32.0
22.096512 77.85969 0.0199 0.0 32.0
22.096512 72.471504 0.0200 0.0 31.0
24.372755 73.91263 0.0200 0.0 31.0
24.372755 73.91263 0.0201 0.0 32.0
26.648998 75.35375 0.0201 0.0 32.0
22.096512 72.471504 0.0202 2.0 31.0
23.395666 74.83166 0.0202 2.0 31.0
23.395666 74.83166 0.0203 1.0 32.0
24.69482 77.19181 0.0203 1.0 32.0
24.69482 77.19181 0.0204 0.0 33.0
25.993975 79.55196 0.0204 0.0 33.0
25.993975 79.55196 0.0205 0.0 34.0
27.293129 81.91212 0.0205 0.0 34.0
19.498203 67.7512 0.0206 4.0 29.0
22.187248 67.91604 0.0206 4.0 29.0
22.187248 67.91604 0.0207 3.0 30.0
24.876293 68.08088 0.0207 3.0 30.0
24.876293 68.08088 0.0208 0.0 31.0
27.152536 69.522 0.0208 0.0 31.0
27.152536 69.522 0.0209 0.0 32.0
29.42878 70.96313 0.0209 0.0 32.0
24.876293 68.08088 0.0210 0.0 31.0
27.311516 66.928566 0.0210 0.0 31.0
27.311516 66.928566 0.0211 0.0 32.0
29.746738 65.77625 0.0211 0.0 32.0
24.876293 68.08088 0.0212 2.0 31.0
27.565338 68.24572 0.0212 2.0 31.0
27.565338 68.24572 0.0213 1.0 32.0
30.254383 68.41056 0.0213 1.0 32.0
30.254383 68.41056 0.0214 0.0 33.0
32.943428 68.5754 0.0214 0.0 33.0
32.943428 68.5754 0.0215 0.0 34.0
35.632473 68.74024 0.0215 0.0 34.0
19.498203 67.7512 0.0216 8.0 29.0
21.774446 69.19232 0.0216 8.0 29.0
21.774446 69.19232 0.0217 7.0 30.0
24.05069 70.633446 0.0217 7.0 30.0
24.05069 70.633446 0.0218 6.0 31.0
26.326933 72.07457 0.0218 6.0 31.0
26.326933 72.07457 0.0219 5.0 32.0
28.603176 73.51569 0.0219 5.0 32.0
28.603176 73.51569 0.0220 4.0 33.0
30.87942 74.95682 0.0220 4.0 33.0
30.87942 74.95682 0.0221 3.0 34.0
33.155663 76.39794 0.0221 3.0 34.0
33.155663 76.39794 0.0222 0.0 35.0
34.454815 78.758095 0.0222 0.0 35.0
34.454815 78.758095 0.0223 0.0 36.0
35.753967 81.11825 0.0223 0.0 36.0
33.155663 76.39794 0.0224 0.0 35.0
35.844707 76.56278 0.0224 0.0 35.0
35.844707 76.56278 0.0225 0.0 36.0
38.533752 76.72762 0.0225 0.0 36.0
33.155663 76.39794 0.0226 2.0 35.0
35.431908 77.839066 0.0226 2.0 35.0
35.431908 77.839066 0.0227 1.0 36.0
37.708153 79.28019 0.0227 1.0 36.0
37.708153 79.28019 0.0228 0.0 37.0
39.984398 80.72131 0.0228 0.0 37.0
39.984398 80.72131 0.0229 0.0 38.0
42.260643 82.16244 0.0229 0.0 38.0
10.39323 61.9867 0.0230 20.0 25.0
11.692385 64.346855 0.0230 20.0 25.0
11.692385 64.346855 0.0231 19.0 26.0
12.991539 66.70701 0.0231 19.0 26.0
12.991539 66.70701 0.0232 18.0 27.0
14.290693 69.06716 0.0232 18.0 27.0
14.290693 69.06716 0.0233 17.0 28.0
15.589848 71.427315 0.0233 17.0 28.0
15.589848 71.427315 0.0234 16.0 29.0
16.889002 73.78747 0.0234 16.0 29.0
16.889002 73.78747 0.0235 15.0 30.0
18.188156 76.14762 0.0235 15.0 30.0
18.188156 76.14762 0.0236 14.0 31.0
19.48731 78.507774 0.0236 14.0 31.0
19.48731 78.507774 0.0237 13.0 32.0
20.786465 80.86793 0.0237 13.0 32.0
20.786465 80.86793 0.0238 12.0 33.0
22.085619 83.22808 0.0238 12.0 33.0
22.085619 83.22808 0.0239 11.0 34.0
23.384773 85.588234 0.0239 11.0 34.0
23.384773 85.588234 0.0240 10.0 35.0
24.683928 87.94839 0.0240 10.0 35.0
24.683928 87.94839 0.0241 9.0 36.0
25.983082 90.30854 0.0241 9.0 36.0
25.983082 90.30854 0.0242 4.0 37.0
25.983082 93.00263 0.0242 4.0 37.0
25.983082 93.00263 0.0243 3.0 38.0
25.983082 95.696724 0.0243 3.0 38.0
25.983082 95.696724 0.0244 0.0 39.0
24.683928 98.05688 0.0244 0.0 39.0
24.683928 98.05688 0.0245 0.0 40.0
23.384773 100.41703 0.0245 0.0 40.0
25.983082 95.696724 0.0246 0.0 39.0
27.282236 98.05688 0.0246 0.0 39.0
27.282236 98.05688 0.0247 0.0 40.0
28.58139 100.41703 0.0247 0.0 40.0
25.983082 95.696724 0.0248 2.0 39.0
25.983082 98.390816 0.0248 2.0 39.0
25.983082 98.390816 0.0249 1.0 40.0
25.983082 101.08491 0.0249 1.0 40.0
25.983082 101.08491 0.0250 0.0 41.0
25.983082 103.779 0.0250 0.0 41.0
25.983082 103.779 0.0251 0.0 42.0
25.983082 106.47309 0.0251 0.0 42.0
25.983082 90.30854 0.0252 4.0 37.0
28.259325 91.749664 0.0252 4.0 37.0
28.259325 91.749664 0.0253 3.0 38.0
30.535568 93.19079 0.0253 3.0 38.0
30.535568 93.19079 0.0254 0.0 39.0
31.834723 95.55094 0.0254 0.0 39.0
31.834723 95.55094 0.0255 0.0 40.0
33.133877 97.911095 0.0255 0.0 40.0
30.535568 93.19079 0.0256 0.0 39.0
33.224613 93.35563 0.0256 0.0 39.0
33.224613 93.35563 0.0257 0.0 40.0
35.91366 93.52047 0.0257 0.0 40.0
30.535568 93.19079 0.0258 2.0 39.0
32.811813 94.63191 0.0258 2.0 39.0
32.811813 94.63191 0.0259 1.0 40.0
35.08806 96.07304 0.0259 1.0 40.0
35.08806 96.07304 0.0260 0.0 41.0
37.364304 97.51416 0.0260 0.0 41.0
37.364304 97.51416 0.0261 0.0 42.0
39.64055 98.955284 0.0261 0.0 42.0
25.983082 90.30854 0.0262 8.0 37.0
27.282236 92.66869 0.0262 8.0 37.0
27.282236 92.66869 0.0263 7.0 38.0
28.58139 95.02885 0.0263 7.0 38.0
28.58139 95.02885 0.0264 6.0 39.0
29.880545 97.389 0.0264 6.0 39.0
29.880545 97.389 0.0265 5.0 40.0
31.179699 99.74915 0.0265 5.0 40.0
31.179699 99.74915 0.0266 4.0 41.0
32.47885 102.10931 0.0266 4.0 41.0
32.47885 102.10931 0.0267 3.0 42.0
33.778004 104.46946 0.0267 3.0 42.0
33.778004 104.46946 0.0268 0.0 43.0
33.778004 107.16355 0.0268 0.0 43.0
33.778004 107.16355 0.0269 0.0 44.0
33.778004 109.85764 0.0269 0.0 44.0
33.778004 104.46946 0.0270 0.0 43.0
36.054245 105.91058 0.0270 0.0 43.0
36.054245 105.91058 0.0271 0.0 44.0
38.33049 107.35171 0.0271 0.0 44.0
33.778004 104.46946 0.0272 2.0 43.0
35.077156 106.82961 0.0272 2.0 43.0
35.077156 106.82961 0.0273 1.0 44.0
36.37631 109.189766 0.0273 1.0 44.0
36.37631 109.189766 0.0274 0.0 45.0
37.67546 111.54992 0.0274 0.0 45.0
37.67546 111.54992 0.0275 0.0 46.0
38.974613 113.91007 0.0275 0.0 46.0
0.0 43.105473 0.0276 44.0 17.0
0.0 45.799564 0.0276 44.0 17.0
0.0 45.799564 0.0277 43.0 18.0
0.0 48.493656 0.0277 43.0 18.0
0.0 48.493656 0.0278 42.0 19.0
0.0 51.187748 0.0278 42.0 19.0
0.0 51.187748 0.0279 41.0 20.0
0.0 53.88184 0.0279 41.0 20.0
0.0 53.88184 0.0280 40.0 21.0
0.0 56.57593 0.0280 40.0 21.0
0.0 56.57593 0.0281 39.0 22.0
0.0 59.270023 0.0281 39.0 22.0
0.0 59.270023 0.0282 38.0 23.0
0.0 61.964115 0.0282 38.0 23.0
0.0 61.964115 0.0283 37.0 24.0
0.0 64.65821 0.0283 37.0 24.0
0.0 64.65821 0.0284 36.0 25.0
0.0 67.3523 0.0284 36.0 25.0
0.0 67.3523 0.0285 35.0 26.0
0.0 70.046394 0.0285 35.0 26.0
0.0 70.046394 0.0286 34.0 27.0
0.0 72.740486 0.0286 34.0 27.0
0.0 72.740486 0.0287 33.0 28.0
0.0 75.43458 0.0287 33.0 28.0
0.0 75.43458 0.0288 32.0 29.0
0.0 78.12867 0.0288 32.0 29.0
0.0 78.12867 0.0289 31.0 30.0
0.0 80.82276 0.0289 31.0 30.0
0.0 80.82276 0.0290 30.0 31.0
0.0 83.51685 0.0290 30.0 31.0
0.0 83.51685 0.0291 29.0 32.0
0.0 86.210945 0.0291 29.0 32.0
0.0 86.210945 0.0292 28.0 33.0
0.0 88.90504 0.0292 28.0 33.0
0.0 88.90504 0.0293 27.0 34.0
0.0 91.59913 0.0293 27.0 34.0
0.0 91.59913 0.0294 26.0 35.0
0.0 94.29322 0.0294 26.0 35.0
0.0 94.29322 0.0295 25.0 36.0
0.0 96.98731 0.0295 25.0 36.0
0.0 96.98731 0.0296 24.0 37.0
0.0 99.681404 0.0296 24.0 37.0
0.0 99.681404 0.0297 23.0 38.0
0.0 102.375496 0.0297 23.0 38.0
0.0 102.375496 0.0298 22.0 39.0
0.0 105.06959 0.0298 22.0 39.0
0.0 105.06959 0.0299 21.0 40.0
0.0 107.76368 0.0299 21.0 40.0
0.0 107.76368 0.0300 12.0 41.0
-1.2991538 110.12383 0.0300 12.0 41.0
-1.2991538 110.12383 0.0301 11.0 42.0
-2.5983076 112.483986 0.0301 11.0 42.0
-2.5983076 112.483986 0.0302 10.0 43.0
-3.8974614 114.84414 0.0302 10.0 43.0
-3.8974614 114.84414 0.0303 9.0 44.0
-5.196615 117.20429 0.0303 9.0 44.0
-5.196615 117.20429 0.0304 4.0 45.0
-7.4728584 118.64542 0.0304 4.0 45.0
-7.4728584 118.64542 0.0305 3.0 46.0
-9.749102 120.08654 0.0305 3.0 46.0
-9.749102 120.08654 0.0306 0.0 47.0
-12.438146 120.25138 0.0306 0.0 47.0
-12.438146 120.25138 0.0307 0.0 48.0
-15.12719 120.41622 0.0307 0.0 48.0
-9.749102 120.08654 0.0308 0.0 47.0
-11.048256 122.44669 0.0308 0.0 47.0
-11.048256 122.44669 0.0309 0.0 48.0
-12.34741 124.80685 0.0309 0.0 48.0
-9.749102 120.08654 0.0310 2.0 47.0
-12.025345 121.527664 0.0310 2.0 47.0
-12.025345 121.527664 0.0311 1.0 48.0
-14.301588 122.96879 0.0311 1.0 48.0
-14.301588 122.96879 0.0312 0.0 49.0
-16.577831 124.40991 0.0312 0.0 49.0
-16.577831 124.40991 0.0313 0.0 50.0
-18.854074 125.851036 0.0313 0.0 50.0
-5.196615 117.20429 0.0314 4.0 45.0
-5.196615 119.898384 0.0314 4.0 45.0
-5.196615 119.898384 0.0315 3.0 46.0
-5.196615 122.592476 0.0315 3.0 46.0
-5.196615 122.592476 0.0316 0.0 47.0
-6.495769 124.95263 0.0316 0.0 47.0
-6.495769 124.95263 0.0317 0.0 48.0
-7.794923 127.31278 0.0317 0.0 48.0
-5.196615 122.592476 0.0318 0.0 47.0
-3.8974614 124.95263 0.0318 0.0 47.0
-3.8974614 124.95263 0.0319 0.0 48.0
-2.5983076 127.31278 0.0319 0.0 48.0
-5.196615 122.592476 0.0320 2.0 47.0
-5.196615 125.28657 0.0320 2.0 47.0
-5.196615 125.28657 0.0321 1.0 48.0
-5.196615 127.98066 0.0321 1.0 48.0
-5.196615 127.98066 0.0322 0.0 49.0
-5.196615 130.67476 0.0322 0.0 49.0
-5.196615 130.67476 0.0323 0.0 50.0
-5.196615 133.36885 0.0323 0.0 50.0
-5.196615 117.20429 0.0324 8.0 45.0
-6.495769 119.564445 0.0324 8.0 45.0
-6.495769 119.564445 0.0325 7.0 46.0
-7.794923 121.9246 0.0325 7.0 46.0
-7.794923 121.9246 0.0326 6.0 47.0
-9.094076 124.28475 0.0326 6.0 47.0
-9.094076 124.28475 0.0327 5.0 48.0
-10.39323 126.644905 0.0327 5.0 48.0
-10.39323 126.644905 0.0328 4.0 49.0
-11.692385 129.00507 0.0328 4.0 49.0
-11.692385 129.00507 0.0329 3.0 50.0
-12.991539 131.36522 0.0329 3.0 50.0
-12.991539 131.36522 0.0330 0.0 51.0
-15.267782 132.80635 0.0330 0.0 51.0
-15.267782 132.80635 0.0331 0.0 52.0
-17.544025 134.24748 0.0331 0.0 52.0
-12.991539 131.36522 0.0332 0.0 51.0
-12.991539 134.05931 0.0332 0.0 51.0
-12.991539 134.05931 0.0333 0.0 52.0
-12.991539 136.7534 0.0333 0.0 52.0
-12.991539 131.36522 0.0334 2.0 51.0
-14.290693 133.72537 0.0334 2.0 51.0
-14.290693 133.72537 0.0335 1.0 52.0
-15.589848 136.08553 0.0335 1.0 52.0
-15.589848 136.08553 0.0336 0.0 53.0
-16.889002 138.44568 0.0336 0.0 53.0
-16.889002 138.44568 0.0337 0.0 54.0
-18.188156 140.80583 0.0337 0.0 54.0
0.0 107.76368 0.0338 12.0 41.0
1.2991538 110.12383 0.0338 12.0 41.0
1.2991538 110.12383 0.0339 11.0 42.0
2.5983076 112.483986 0.0339 11.0 42.0
2.5983076 112.483986 0.0340 10.0 43.0
3.8974614 114.84414 0.0340 10.0 43.0
3.8974614 114.84414 0.0341 9.0 44.0
5.196615 117.20429 0.0341 9.0 44.0
5.196615 117.20429 0.0342 4.0 45.0
5.196615 119.898384 0.0342 4.0 45.0
5.196615 119.898384 0.0343 3.0 46.0
5.196615 122.592476 0.0343 3.0 46.0
5.196615 122.592476 0.0344 0.0 47.0
3.8974614 124.95263 0.0344 0.0 47.0
3.8974614 124.95263 0.0345 0.0 48.0
2.5983076 127.31278 0.0345 0.0 48.0
5.196615 122.592476 0.0346 0.0 47.0
6.495769 124.95263 0.0346 0.0 47.0
6.495769 124.95263 0.0347 0.0 48.0
7.794923 127.31278 0.0347 0.0 48.0
5.196615 122.592476 0.0348 2.0 47.0
5.196615 125.28657 0.0348 2.0 47.0
5.196615 125.28657 0.0349 1.0 48.0
5.196615 127.98066 0.0349 1.0 48.0
5.196615 127.98066 0.0350 0.0 49.0
5.196615 130.67476 0.0350 0.0 49.0
5.196615 130.67476 0.0351 0.0 50.0
5.196615 133.36885 0.0351 0.0 50.0
5.196615 117.20429 0.0352 4.0 45.0
7.4728584 118.64542 0.0352 4.0 45.0
7.4728584 118.64542 0.0353 3.0 46.0
9.749102 120.08654 0.0353 3.0 46.0
9.749102 120.08654 0.0354 0.0 47.0
11.048256 122.44669 0.0354 0.0 47.0
11.048256 122.44669 0.0355 0.0 48.0
12.34741 124.80685 0.0355 0.0 48.0
9.749102 120.08654 0.0356 0.0 47.0
12.438146 120.25138 0.0356 0.0 47.0
12.438146 120.25138 0.0357 0.0 48.0
15.12719 120.41622 0.0357 0.0 48.0
9.749102 120.08654 0.0358 2.0 47.0
12.025345 121.527664 0.0358 2.0 47.0
12.025345 121.527664 0.0359 1.0 48.0
14.301588 122.96879 0.0359 1.0 48.0
14.301588 122.96879 0.0360 0.0 49.0
16.577831 124.40991 0.0360 0.0 49.0
16.577831 124.40991 0.0361 0.0 50.0
18.854074 125.851036 0.0361 0.0 50.0
5.196615 117.20429 0.0362 8.0 45.0
6.495769 119.564445 0.0362 8.0 45.0
6.495769 119.564445 0.0363 7.0 46.0
7.794923 121.9246 0.0363 7.0 46.0
7.794923 121.9246 0.0364 6.0 47.0
9.094076 124.28475 0.0364 6.0 47.0
9.094076 124.28475 0.0365 5.0 48.0
10.39323 126.644905 0.0365 5.0 48.0
10.39323 126.644905 0.0366 4.0 49.0
11.692385 129.00507 0.0366 4.0 49.0
11.692385 129.00507 0.0367 3.0 50.0
12.991539 131.36522 0.0367 3.0 50.0
12.991539 131.36522 0.0368 0.0 51.0
12.991539 134.05931 0.0368 0.0 51.0
12.991539 134.05931 0.0369 0.0 52.0
12.991539 136.7534 0.0369 0.0 52.0
12.991539 131.36522 0.0370 0.0 51.0
15.267782 132.80635 0.0370 0.0 51.0
15.267782 132.80635 0.0371 0.0 52.0
17.544025 134.24748 0.0371 0.0 52.0
12.991539 131.36522 0.0372 2.0 51.0
14.290693 133.72537 0.0372 2.0 51.0
14.290693 133.72537 0.0373 1.0 52.0
15.589848 136.08553 0.0373 1.0 52.0
15.589848 136.08553 0.0374 0.0 53.0
16.889002 138.44568 0.0374 0.0 53.0
16.889002 138.44568 0.0375 0.0 54.0
18.188156 140.80583 0.0375 0.0 54.0
0.0 107.76368 0.0376 20.0 41.0
0.0 110.45777 0.0376 20.0 41.0
0.0 110.45777 0.0377 19.0 42.0
0.0 113.15186 0.0377 19.0 42.0
0.0 113.15186 0.0378 18.0 43.0
0.0 115.845955 0.0378 18.0 43.0
0.0 115.845955 0.0379 17.0 44.0
0.0 118.54005 0.0379 17.0 44.0
0.0 118.54005 0.0380 16.0 45.0
0.0 121.23414 0.0380 16.0 45.0
0.0 121.23414 0.0381 15.0 46.0
0.0 123.92823 0.0381 15.0 46.0
0.0 123.92823 0.0382 14.0 47.0
0.0 126.62232 0.0382 14.0 47.0
0.0 126.62232 0.0383 13.0 48.0
0.0 129.31642 0.0383 13.0 48.0
0.0 129.31642 0.0384 12.0 49.0
0.0 132.01051 0.0384 12.0 49.0
0.0 132.01051 0.0385 11.0 50.0
0.0 134.7046 0.0385 11.0 50.0
0.0 134.7046 0.0386 10.0 51.0
0.0 137.3987 0.0386 10.0 51.0
0.0 137.3987 0.0387 9.0 52.0
0.0 140.09279 0.0387 9.0 52.0
0.0 140.09279 0.0388 4.0 53.0
-1.2991538 142.45294 0.0388 4.0 53.0
-1.2991538 142.45294 0.0389 3.0 54.0
-2.5983076 144.8131 0.0389 3.0 54.0
-2.5983076 144.8131 0.0390 0.0 55.0
-4.874551 146.25423 0.0390 0.0 55.0
-4.874551 146.25423 0.0391 0.0 56.0
-7.150794 147.69536 0.0391 0.0 56.0
-2.5983076 144.8131 0.0392 0.0 55.0
-2.5983076 147.50719 0.0392 0.0 55.0
-2.5983076 147.50719 0.0393 0.0 56.0
-2.5983076 150.20128 0.0393 0.0 56.0
-2.5983076 144.8131 0.0394 2.0 55.0
-3.8974614 147.17325 0.0394 2.0 55.0
-3.8974614 147.17325 0.0395 1.0 56.0
-5.196615 149.5334 0.0395 1.0 56.0
-5.196615 149.5334 0.0396 0.0 57.0
-6.495769 151.89355 0.0396 0.0 57.0
-6.495769 151.89355 0.0397 0.0 58.0
-7.794923 154.25371 0.0397 0.0 58.0
0.0 140.09279 0.0398 4.0 53.0
1.2991538 142.45294 0.0398 4.0 53.0
1.2991538 142.45294 0.0399 3.0 54.0
2.5983076 144.8131 0.0399 3.0 54.0
2.5983076 144.8131 0.0400 0.0 55.0
2.5983076 147.50719 0.0400 0.0 55.0
2.5983076 147.50719 0.0401 0.0 56.0
2.5983076 150.20128 0.0401 0.0 56.0
2.5983076 144.8131 0.0402 0.0 55.0
4.874551 146.25423 0.0402 0.0 55.0
4.874551 146.25423 0.0403 0.0 56.0
7.150794 147.69536 0.0403 0.0 56.0
2.5983076 144.8131 0.0404 2.0 55.0
3.8974614 147.17325 0.0404 2.0 55.0
3.8974614 147.17325 0.0405 1.0 56.0
5.196615 149.5334 0.0405 1.0 56.0
5.196615 149.5334 0.0406 0.0 57.0
6.495769 151.89355 0.0406 0.0 57.0
6.495769 151.89355 0.0407 0.0 58.0
7.794923 154.25371 0.0407 0.0 58.0
0.0 140.09279 0.0408 8.0 53.0
0.0 142.78688 0.0408 8.0 53.0
0.0 142.78688 0.0409 7.0 54.0
0.0 145.48097 0.0409 7.0 54.0
0.0 145.48097 0.0410 6.0 55.0
0.0 148.17506 0.0410 6.0 55.0
0.0 148.17506 0.0411 5.0 56.0
0.0 150.86916 0.0411 5.0 56.0
0.0 150.86916 0.0412 4.0 57.0
0.0 153.56325 0.0412 4.0 57.0
0.0 153.56325 0.0413 3.0 58.0
0.0 156.25734 0.0413 3.0 58.0
0.0 156.25734 0.0414 0.0 59.0
-1.2991538 158.6175 0.0414 0.0 59.0
-1.2991538 158.6175 0.0415 0.0 60.0
-2.5983076 160.97765 0.0415 0.0 60.0
0.0 156.25734 0.0416 0.0 59.0
1.2991538 158.6175 0.0416 0.0 59.0
1.2991538 158.6175 0.0417 0.0 60.0
2.5983076 160.97765 0.0417 0.0 60.0
0.0 156.25734 0.0418 2.0 59.0
0.0 158.95143 0.0418 2.0 59.0
0.0 158.95143 0.0419 1.0 60.0
0.0 161.64552 0.0419 1.0 60.0
0.0 161.64552 0.0420 0.0 61.0
0.0 164.33961 0.0420 0.0 61.0
0.0 164.33961 0.0421 0.0 62.0
0.0 167.0337 0.0421 0.0 62.0
