0.0 0.0 0.00 60.0 1.0
0.0 0.42917737 0.00 60.0 1.0
0.0 0.42917737 0.01 59.0 2.0
0.0 0.85835475 0.01 59.0 2.0
0.0 0.85835475 0.02 58.0 3.0
0.0 1.2875321 0.02 58.0 3.0
0.0 1.2875321 0.03 57.0 4.0
0.0 1.7167095 0.03 57.0 4.0
0.0 1.7167095 0.04 56.0 5.0
0.0 2.145887 0.04 56.0 5.0
0.0 2.145887 0.05 55.0 6.0
0.0 2.5750642 0.05 55.0 6.0
0.0 2.5750642 0.06 54.0 7.0
0.0 3.0042415 0.06 54.0 7.0
0.0 3.0042415 0.07 53.0 8.0
0.0 3.4334188 0.07 53.0 8.0
0.0 3.4334188 0.08 52.0 9.0
0.0 3.862596 0.08 52.0 9.0
0.0 3.862596 0.09 51.0 10.0
0.0 4.2917733 0.09 51.0 10.0
0.0 4.2917733 0.010 50.0 11.0
0.0 4.7209506 0.010 50.0 11.0
0.0 4.7209506 0.011 49.0 12.0
0.0 5.150128 0.011 49.0 12.0
0.0 5.150128 0.012 48.0 13.0
0.0 5.579305 0.012 48.0 13.0
0.0 5.579305 0.013 47.0 14.0
0.0 6.0084825 0.013 47.0 14.0
0.0 6.0084825 0.014 46.0 15.0
0.0 6.4376597 0.014 46.0 15.0
0.0 6.4376597 0.015 45.0 16.0
0.0 6.866837 0.015 45.0 16.0
0.0 6.866837 0.016 28.0 17.0
-0.18114702 7.2559114 0.016 28.0 17.0
-0.18114702 7.2559114 0.017 27.0 18.0
-0.36229405 7.6449857 0.017 27.0 18.0
-0.36229405 7.6449857 0.018 26.0 19.0
-0.54344106 8.0340605 0.018 26.0 19.0
-0.54344106 8.0340605 0.019 25.0 20.0
-0.7245881 8.423135 0.019 25.0 20.0
-0.7245881 8.423135 0.020 24.0 21.0
-0.90573514 8.812209 0.020 24.0 21.0
-0.90573514 8.812209 0.021 23.0 22.0
-1.0868821 9.201283 0.021 23.0 22.0
-1.0868821 9.201283 0.022 22.0 23.0
-1.2680291 9.590358 0.022 22.0 23.0
-1.2680291 9.590358 0.023 21.0 24.0
-1.4491761 9.979432 0.023 21.0 24.0
-1.4491761 9.979432 0.024 12.0 25.0
-1.4491761 10.408609 0.024 12.0 25.0
-1.4491761 10.408609 0.025 11.0 26.0
-1.4491761 10.837787 0.025 11.0 26.0
-1.4491761 10.837787 0.026 10.0 27.0
-1.4491761 11.266964 0.026 10.0 27.0
-1.4491761 11.266964 0.027 9.0 28.0
-1.4491761 11.696141 0.027 9.0 28.0
-1.4491761 11.696141 0.028 4.0 29.0
-1.630323 12.085216 0.028 4.0 29.0
-1.630323 12.085216 0.029 3.0 30.0
-1.81147 12.47429 0.029 3.0 30.0
-1.81147 12.47429 0.030 0.0 31.0
-1.81147 12.903467 0.030 0.0 31.0
-1.81147 12.903467 0.031 0.0 32.0
-1.81147 13.332644 0.031 0.0 32.0
-1.81147 12.47429 0.032 2.0 31.0
-1.992617 12.863364 0.032 2.0 31.0
-1.992617 12.863364 0.033 1.0 32.0
-2.173764 13.252439 0.033 1.0 32.0
-2.173764 13.252439 0.034 0.0 33.0
-2.173764 13.681616 0.034 0.0 33.0
-2.173764 13.681616 0.035 0.0 34.0
-2.173764 14.110793 0.035 0.0 34.0
-2.173764 13.252439 0.036 0.0 33.0
-2.502205 13.528699 0.036 0.0 33.0
-2.502205 13.528699 0.037 0.0 34.0
-2.8306458 13.804959 0.037 0.0 34.0
-1.4491761 11.696141 0.038 8.0 29.0
-1.4491761 12.125319 0.038 8.0 29.0
-1.4491761 12.125319 0.039 7.0 30.0
-1.4491761 12.554496 0.039 7.0 30.0
-1.4491761 12.554496 0.040 6.0 31.0
-1.4491761 12.983673 0.040 6.0 31.0
-1.4491761 12.983673 0.041 5.0 32.0
-1.4491761 13.41285 0.041 5.0 32.0
-1.4491761 13.41285 0.042 4.0 33.0
-1.2680291 13.801925 0.042 4.0 33.0
-1.2680291 13.801925 0.043 3.0 34.0
-1.0868821 14.190999 0.043 3.0 34.0
-1.0868821 14.190999 0.044 0.0 35.0
-0.7584412 14.467259 0.044 0.0 35.0
-0.7584412 14.467259 0.045 0.0 36.0
-0.43000033 14.74352 0.045 0.0 36.0
-1.0868821 14.190999 0.046 2.0 35.0
-0.9057351 14.580073 0.046 2.0 35.0
-0.9057351 14.580073 0.047 1.0 36.0
-0.72458804 14.969148 0.047 1.0 36.0
-0.72458804 14.969148 0.048 0.0 37.0
-0.39614716 15.245408 0.048 0.0 37.0
-0.39614716 15.245408 0.049 0.0 38.0
-0.06770629 15.521668 0.049 0.0 38.0
-0.72458804 14.969148 0.050 0.0 37.0
-0.72458804 15.398325 0.050 0.0 37.0
-0.72458804 15.398325 0.051 0.0 38.0
-0.72458804 15.827502 0.051 0.0 38.0
-1.4491761 13.41285 0.052 4.0 33.0
-1.630323 13.801925 0.052 4.0 33.0
-1.630323 13.801925 0.053 3.0 34.0
-1.81147 14.190999 0.053 3.0 34.0
-1.81147 14.190999 0.054 0.0 35.0
-1.81147 14.620176 0.054 0.0 35.0
-1.81147 14.620176 0.055 0.0 36.0
-1.81147 15.049354 0.055 0.0 36.0
-1.81147 14.190999 0.056 2.0 35.0
-1.992617 14.580073 0.056 2.0 35.0
-1.992617 14.580073 0.057 1.0 36.0
-2.173764 14.969148 0.057 1.0 36.0
-2.173764 14.969148 0.058 0.0 37.0
-2.173764 15.398325 0.058 0.0 37.0
-2.173764 15.398325 0.059 0.0 38.0
-2.173764 15.827502 0.059 0.0 38.0
-2.173764 14.969148 0.060 0.0 37.0
-2.502205 15.245408 0.060 0.0 37.0
-2.502205 15.245408 0.061 0.0 38.0
-2.8306458 15.521668 0.061 0.0 38.0
-1.4491761 9.979432 0.062 20.0 25.0
-1.630323 10.368506 0.062 20.0 25.0
-1.630323 10.368506 0.063 19.0 26.0
-1.81147 10.757581 0.063 19.0 26.0
-1.81147 10.757581 0.064 18.0 27.0
-1.992617 11.146655 0.064 18.0 27.0
-1.992617 11.146655 0.065 17.0 28.0
-2.173764 11.535729 0.065 17.0 28.0
-2.173764 11.535729 0.066 16.0 29.0
-2.354911 11.924804 0.066 16.0 29.0
-2.354911 11.924804 0.067 15.0 30.0
-2.5360582 12.313878 0.067 15.0 30.0
-2.5360582 12.313878 0.068 14.0 31.0
-2.7172053 12.702952 0.068 14.0 31.0
-2.7172053 12.702952 0.069 13.0 32.0
-2.8983524 13.092027 0.069 13.0 32.0
-2.8983524 13.092027 0.070 12.0 33.0
-2.8983524 13.521204 0.070 12.0 33.0
-2.8983524 13.521204 0.071 11.0 34.0
-2.8983524 13.950381 0.071 11.0 34.0
-2.8983524 13.950381 0.072 10.0 35.0
-2.8983524 14.379559 0.072 10.0 35.0
-2.8983524 14.379559 0.073 9.0 36.0
-2.8983524 14.808736 0.073 9.0 36.0
-2.8983524 14.808736 0.074 4.0 37.0
-3.0794995 15.19781 0.074 4.0 37.0
-3.0794995 15.19781 0.075 3.0 38.0
-3.2606466 15.5868845 0.075 3.0 38.0
-3.2606466 15.5868845 0.076 0.0 39.0
-3.2606466 16.016062 0.076 0.0 39.0
-3.2606466 16.016062 0.077 0.0 40.0
-3.2606466 16.44524 0.077 0.0 40.0
-3.2606466 15.5868845 0.078 2.0 39.0
-3.4417937 15.975959 0.078 2.0 39.0
-3.4417937 15.975959 0.079 1.0 40.0
-3.6229408 16.365034 0.079 1.0 40.0
-3.6229408 16.365034 0.080 0.0 41.0
-3.6229408 16.794212 0.080 0.0 41.0
-3.6229408 16.794212 0.081 0.0 42.0
-3.6229408 17.22339 0.081 0.0 42.0
-3.6229408 16.365034 0.082 0.0 41.0
-3.9513817 16.641294 0.082 0.0 41.0
-3.9513817 16.641294 0.083 0.0 42.0
-4.2798223 16.917555 0.083 0.0 42.0
-2.8983524 14.808736 0.084 8.0 37.0
-2.8983524 15.237913 0.084 8.0 37.0
-2.8983524 15.237913 0.085 7.0 38.0
-2.8983524 15.66709 0.085 7.0 38.0
-2.8983524 15.66709 0.086 6.0 39.0
-2.8983524 16.096268 0.086 6.0 39.0
-2.8983524 16.096268 0.087 5.0 40.0
-2.8983524 16.525446 0.087 5.0 40.0
-2.8983524 16.525446 0.088 4.0 41.0
-2.7172053 16.91452 0.088 4.0 41.0
-2.7172053 16.91452 0.089 3.0 42.0
-2.5360582 17.303595 0.089 3.0 42.0
-2.5360582 17.303595 0.090 0.0 43.0
-2.2076173 17.579855 0.090 0.0 43.0
-2.2076173 17.579855 0.091 0.0 44.0
-1.8791764 17.856115 0.091 0.0 44.0
-2.5360582 17.303595 0.092 2.0 43.0
-2.354911 17.692669 0.092 2.0 43.0
-2.354911 17.692669 0.093 1.0 44.0
-2.173764 18.081743 0.093 1.0 44.0
-2.173764 18.081743 0.094 0.0 45.0
-1.8453231 18.358004 0.094 0.0 45.0
-1.8453231 18.358004 0.095 0.0 46.0
-1.5168822 18.634264 0.095 0.0 46.0
-2.173764 18.081743 0.096 0.0 45.0
-2.173764 18.510921 0.096 0.0 45.0
-2.173764 18.510921 0.097 0.0 46.0
-2.173764 18.9401 0.097 0.0 46.0
-2.8983524 16.525446 0.098 4.0 41.0
-3.0794995 16.91452 0.098 4.0 41.0
-3.0794995 16.91452 0.099 3.0 42.0
-3.2606466 17.303595 0.099 3.0 42.0
-3.2606466 17.303595 0.0100 0.0 43.0
-3.2606466 17.732773 0.0100 0.0 43.0
-3.2606466 17.732773 0.0101 0.0 44.0
-3.2606466 18.161951 0.0101 0.0 44.0
-3.2606466 17.303595 0.0102 2.0 43.0
-3.4417937 17.692669 0.0102 2.0 43.0
-3.4417937 17.692669 0.0103 1.0 44.0
-3.6229408 18.081743 0.0103 1.0 44.0
-3.6229408 18.081743 0.0104 0.0 45.0
-3.6229408 18.510921 0.0104 0.0 45.0
-3.6229408 18.510921 0.0105 0.0 46.0
-3.6229408 18.9401 0.0105 0.0 46.0
-3.6229408 18.081743 0.0106 0.0 45.0
-3.9513817 18.358004 0.0106 0.0 45.0
-3.9513817 18.358004 0.0107 0.0 46.0
-4.2798223 18.634264 0.0107 0.0 46.0
-2.8983524 13.092027 0.0108 12.0 33.0
-3.2267933 13.368287 0.0108 12.0 33.0
-3.2267933 13.368287 0.0109 11.0 34.0
-3.5552342 13.644547 0.0109 11.0 34.0
-3.5552342 13.644547 0.0110 10.0 35.0
-3.883675 13.920808 0.0110 10.0 35.0
-3.883675 13.920808 0.0111 9.0 36.0
-4.212116 14.197068 0.0111 9.0 36.0
-4.212116 14.197068 0.0112 4.0 37.0
-4.6264706 14.308887 0.0112 4.0 37.0
-4.6264706 14.308887 0.0113 3.0 38.0
-5.0408254 14.420705 0.0113 3.0 38.0
-5.0408254 14.420705 0.0114 0.0 39.0
-5.369266 14.696965 0.0114 0.0 39.0
-5.369266 14.696965 0.0115 0.0 40.0
-5.6977067 14.973226 0.0115 0.0 40.0
-5.0408254 14.420705 0.0116 2.0 39.0
-5.45518 14.532523 0.0116 2.0 39.0
-5.45518 14.532523 0.0117 1.0 40.0
-5.869535 14.644341 0.0117 1.0 40.0
-5.869535 14.644341 0.0118 0.0 41.0
-6.1979756 14.920602 0.0118 0.0 41.0
-6.1979756 14.920602 0.0119 0.0 42.0
-6.5264163 15.196862 0.0119 0.0 42.0
-5.869535 14.644341 0.0120 0.0 41.0
-6.292368 14.570821 0.0120 0.0 41.0
-6.292368 14.570821 0.0121 0.0 42.0
-6.715201 14.4973 0.0121 0.0 42.0
-4.212116 14.197068 0.0122 8.0 37.0
-4.5405564 14.473329 0.0122 8.0 37.0
-4.5405564 14.473329 0.0123 7.0 38.0
-4.868997 14.749589 0.0123 7.0 38.0
-4.868997 14.749589 0.0124 6.0 39.0
-5.197438 15.025849 0.0124 6.0 39.0
-5.197438 15.025849 0.0125 5.0 40.0
-5.5258784 15.30211 0.0125 5.0 40.0
-5.5258784 15.30211 0.0126 4.0 41.0
-5.7070255 15.691184 0.0126 4.0 41.0
-5.7070255 15.691184 0.0127 3.0 42.0
-5.8881726 16.08026 0.0127 3.0 42.0
-5.8881726 16.08026 0.0128 0.0 43.0
-5.8881726 16.509438 0.0128 0.0 43.0
-5.8881726 16.509438 0.0129 0.0 44.0
-5.8881726 16.938616 0.0129 0.0 44.0
-5.8881726 16.08026 0.0130 2.0 43.0
-6.0693197 16.469334 0.0130 2.0 43.0
-6.0693197 16.469334 0.0131 1.0 44.0
-6.250467 16.858408 0.0131 1.0 44.0
-6.250467 16.858408 0.0132 0.0 45.0
-6.250467 17.287586 0.0132 0.0 45.0
-6.250467 17.287586 0.0133 0.0 46.0
-6.250467 17.716764 0.0133 0.0 46.0
-6.250467 16.858408 0.0134 0.0 45.0
-6.5789075 17.134668 0.0134 0.0 45.0
-6.5789075 17.134668 0.0135 0.0 46.0
-6.907348 17.410929 0.0135 0.0 46.0
-5.5258784 15.30211 0.0136 4.0 41.0
-5.940233 15.413928 0.0136 4.0 41.0
-5.940233 15.413928 0.0137 3.0 42.0
-6.354588 15.525746 0.0137 3.0 42.0
-6.354588 15.525746 0.0138 0.0 43.0
-6.6830287 15.802007 0.0138 0.0 43.0
-6.6830287 15.802007 0.0139 0.0 44.0
-7.0114694 16.078268 0.0139 0.0 44.0
-6.354588 15.525746 0.0140 2.0 43.0
-6.768943 15.637565 0.0140 2.0 43.0
-6.768943 15.637565 0.0141 1.0 44.0
-7.1832976 15.749383 0.0141 1.0 44.0
-7.1832976 15.749383 0.0142 0.0 45.0
-7.5117383 16.025644 0.0142 0.0 45.0
-7.5117383 16.025644 0.0143 0.0 46.0
-7.840179 16.301905 0.0143 0.0 46.0
-7.1832976 15.749383 0.0144 0.0 45.0
-7.6061306 15.675862 0.0144 0.0 45.0
-7.6061306 15.675862 0.0145 0.0 46.0
-8.028964 15.602342 0.0145 0.0 46.0
0.0 6.866837 0.0146 44.0 17.0
0.0 7.2960143 0.0146 44.0 17.0
0.0 7.2960143 0.0147 43.0 18.0
0.0 7.7251916 0.0147 43.0 18.0
0.0 7.7251916 0.0148 42.0 19.0
0.0 8.154369 0.0148 42.0 19.0
0.0 8.154369 0.0149 41.0 20.0
0.0 8.583547 0.0149 41.0 20.0
0.0 8.583547 0.0150 40.0 21.0
0.0 9.012724 0.0150 40.0 21.0
0.0 9.012724 0.0151 39.0 22.0
0.0 9.441901 0.0151 39.0 22.0
0.0 9.441901 0.0152 38.0 23.0
0.0 9.8710785 0.0152 38.0 23.0
0.0 9.8710785 0.0153 37.0 24.0
0.0 10.300256 0.0153 37.0 24.0
0.0 10.300256 0.0154 36.0 25.0
0.0 10.729433 0.0154 36.0 25.0
0.0 10.729433 0.0155 35.0 26.0
0.0 11.15861 0.0155 35.0 26.0
0.0 11.15861 0.0156 34.0 27.0
0.0 11.587788 0.0156 34.0 27.0
0.0 11.587788 0.0157 33.0 28.0
0.0 12.016965 0.0157 33.0 28.0
0.0 12.016965 0.0158 32.0 29.0
0.0 12.446142 0.0158 32.0 29.0
0.0 12.446142 0.0159 31.0 30.0
0.0 12.8753195 0.0159 31.0 30.0
0.0 12.8753195 0.0160 30.0 31.0
0.0 13.304497 0.0160 30.0 31.0
0.0 13.304497 0.0161 29.0 32.0
0.0 13.733674 0.0161 29.0 32.0
0.0 13.733674 0.0162 28.0 33.0
0.18114702 14.122748 0.0162 28.0 33.0
0.18114702 14.122748 0.0163 27.0 34.0
0.36229405 14.511823 0.0163 27.0 34.0
0.36229405 14.511823 0.0164 26.0 35.0
0.54344106 14.900897 0.0164 26.0 35.0
0.54344106 14.900897 0.0165 25.0 36.0
0.7245881 15.289971 0.0165 25.0 36.0
0.7245881 15.289971 0.0166 24.0 37.0
0.90573514 15.679046 0.0166 24.0 37.0
0.90573514 15.679046 0.0167 23.0 38.0
1.0868821 16.068121 0.0167 23.0 38.0
1.0868821 16.068121 0.0168 22.0 39.0
1.2680291 16.457195 0.0168 22.0 39.0
1.2680291 16.457195 0.0169 21.0 40.0
1.4491761 16.84627 0.0169 21.0 40.0
1.4491761 16.84627 0.0170 12.0 41.0
1.777617 17.12253 0.0170 12.0 41.0
1.777617 17.12253 0.0171 11.0 42.0
2.106058 17.39879 0.0171 11.0 42.0
2.106058 17.39879 0.0172 10.0 43.0
2.4344988 17.67505 0.0172 10.0 43.0
2.4344988 17.67505 0.0173 9.0 44.0
2.7629397 17.951311 0.0173 9.0 44.0
2.7629397 17.951311 0.0174 4.0 45.0
2.9440868 18.340385 0.0174 4.0 45.0
2.9440868 18.340385 0.0175 3.0 46.0
3.125234 18.72946 0.0175 3.0 46.0
3.125234 18.72946 0.0176 0.0 47.0
3.4536748 19.00572 0.0176 0.0 47.0
3.4536748 19.00572 0.0177 0.0 48.0
3.7821157 19.28198 0.0177 0.0 48.0
3.125234 18.72946 0.0178 2.0 47.0
3.306381 19.118534 0.0178 2.0 47.0
3.306381 19.118534 0.0179 1.0 48.0
3.487528 19.507608 0.0179 1.0 48.0
3.487528 19.507608 0.0180 0.0 49.0
3.815969 19.783869 0.0180 0.0 49.0
3.815969 19.783869 0.0181 0.0 50.0
4.1444097 20.06013 0.0181 0.0 50.0
3.487528 19.507608 0.0182 0.0 49.0
3.487528 19.936787 0.0182 0.0 49.0
3.487528 19.936787 0.0183 0.0 50.0
3.487528 20.365965 0.0183 0.0 50.0
2.7629397 17.951311 0.0184 8.0 45.0
3.0913806 18.227571 0.0184 8.0 45.0
3.0913806 18.227571 0.0185 7.0 46.0
3.4198215 18.503832 0.0185 7.0 46.0
3.4198215 18.503832 0.0186 6.0 47.0
3.7482624 18.780092 0.0186 6.0 47.0
3.7482624 18.780092 0.0187 5.0 48.0
4.076703 19.056353 0.0187 5.0 48.0
4.076703 19.056353 0.0188 4.0 49.0
4.491058 19.16817 0.0188 4.0 49.0
4.491058 19.16817 0.0189 3.0 50.0
4.9054127 19.27999 0.0189 3.0 50.0
4.9054127 19.27999 0.0190 0.0 51.0
5.3282456 19.206469 0.0190 0.0 51.0
5.3282456 19.206469 0.0191 0.0 52.0
5.7510786 19.132948 0.0191 0.0 52.0
4.9054127 19.27999 0.0192 2.0 51.0
5.3197675 19.391808 0.0192 2.0 51.0
5.3197675 19.391808 0.0193 1.0 52.0
5.7341223 19.503626 0.0193 1.0 52.0
5.7341223 19.503626 0.0194 0.0 53.0
6.1569552 19.430105 0.0194 0.0 53.0
6.1569552 19.430105 0.0195 0.0 54.0
6.579788 19.356585 0.0195 0.0 54.0
5.7341223 19.503626 0.0196 0.0 53.0
6.062563 19.779886 0.0196 0.0 53.0
6.062563 19.779886 0.0197 0.0 54.0
6.3910036 20.056147 0.0197 0.0 54.0
4.076703 19.056353 0.0198 4.0 49.0
4.25785 19.445427 0.0198 4.0 49.0
4.25785 19.445427 0.0199 3.0 50.0
4.4389973 19.834501 0.0199 3.0 50.0
4.4389973 19.834501 0.0200 0.0 51.0
4.767438 20.110762 0.0200 0.0 51.0
4.767438 20.110762 0.0201 0.0 52.0
5.0958786 20.387022 0.0201 0.0 52.0
4.4389973 19.834501 0.0202 2.0 51.0
4.6201444 20.223576 0.0202 2.0 51.0
4.6201444 20.223576 0.0203 1.0 52.0
4.8012915 20.61265 0.0203 1.0 52.0
4.8012915 20.61265 0.0204 0.0 53.0
5.129732 20.88891 0.0204 0.0 53.0
5.129732 20.88891 0.0205 0.0 54.0
5.458173 21.16517 0.0205 0.0 54.0
4.8012915 20.61265 0.0206 0.0 53.0
4.8012915 21.041828 0.0206 0.0 53.0
4.8012915 21.041828 0.0207 0.0 54.0
4.8012915 21.471006 0.0207 0.0 54.0
1.4491761 16.84627 0.0208 20.0 41.0
1.630323 17.235344 0.0208 20.0 41.0
1.630323 17.235344 0.0209 19.0 42.0
1.81147 17.624418 0.0209 19.0 42.0
1.81147 17.624418 0.0210 18.0 43.0
1.992617 18.013493 0.0210 18.0 43.0
1.992617 18.013493 0.0211 17.0 44.0
2.173764 18.402567 0.0211 17.0 44.0
2.173764 18.402567 0.0212 16.0 45.0
2.354911 18.791641 0.0212 16.0 45.0
2.354911 18.791641 0.0213 15.0 46.0
2.5360582 19.180716 0.0213 15.0 46.0
2.5360582 19.180716 0.0214 14.0 47.0
2.7172053 19.56979 0.0214 14.0 47.0
2.7172053 19.56979 0.0215 13.0 48.0
2.8983524 19.958864 0.0215 13.0 48.0
2.8983524 19.958864 0.0216 12.0 49.0
3.2267933 20.235125 0.0216 12.0 49.0
3.2267933 20.235125 0.0217 11.0 50.0
3.5552342 20.511385 0.0217 11.0 50.0
3.5552342 20.511385 0.0218 10.0 51.0
3.883675 20.787645 0.0218 10.0 51.0
3.883675 20.787645 0.0219 9.0 52.0
4.212116 21.063906 0.0219 9.0 52.0
4.212116 21.063906 0.0220 4.0 53.0
4.393263 21.45298 0.0220 4.0 53.0
4.393263 21.45298 0.0221 3.0 54.0
4.57441 21.842054 0.0221 3.0 54.0
4.57441 21.842054 0.0222 0.0 55.0
4.9028506 22.118315 0.0222 0.0 55.0
4.9028506 22.118315 0.0223 0.0 56.0
5.2312913 22.394575 0.0223 0.0 56.0
4.57441 21.842054 0.0224 2.0 55.0
4.755557 22.231129 0.0224 2.0 55.0
4.755557 22.231129 0.0225 1.0 56.0
4.936704 22.620203 0.0225 1.0 56.0
4.936704 22.620203 0.0226 0.0 57.0
5.265145 22.896463 0.0226 0.0 57.0
5.265145 22.896463 0.0227 0.0 58.0
5.5935855 23.172724 0.0227 0.0 58.0
4.936704 22.620203 0.0228 0.0 57.0
4.936704 23.049381 0.0228 0.0 57.0
4.936704 23.049381 0.0229 0.0 58.0
4.936704 23.47856 0.0229 0.0 58.0
4.212116 21.063906 0.0230 8.0 53.0
4.5405564 21.340166 0.0230 8.0 53.0
4.5405564 21.340166 0.0231 7.0 54.0
4.868997 21.616426 0.0231 7.0 54.0
4.868997 21.616426 0.0232 6.0 55.0
5.197438 21.892687 0.0232 6.0 55.0
5.197438 21.892687 0.0233 5.0 56.0
5.5258784 22.168947 0.0233 5.0 56.0
5.5258784 22.168947 0.0234 4.0 57.0
5.940233 22.280766 0.0234 4.0 57.0
5.940233 22.280766 0.0235 3.0 58.0
6.354588 22.392584 0.0235 3.0 58.0
6.354588 22.392584 0.0236 0.0 59.0
6.777421 22.319063 0.0236 0.0 59.0
6.777421 22.319063 0.0237 0.0 60.0
7.200254 22.245543 0.0237 0.0 60.0
6.354588 22.392584 0.0238 2.0 59.0
6.768943 22.504402 0.0238 2.0 59.0
6.768943 22.504402 0.0239 1.0 60.0
7.1832976 22.61622 0.0239 1.0 60.0
7.1832976 22.61622 0.0240 0.0 61.0
7.6061306 22.5427 0.0240 0.0 61.0
7.6061306 22.5427 0.0241 0.0 62.0
8.028964 22.46918 0.0241 0.0 62.0
7.1832976 22.61622 0.0242 0.0 61.0
7.5117383 22.89248 0.0242 0.0 61.0
7.5117383 22.89248 0.0243 0.0 62.0
7.840179 23.168741 0.0243 0.0 62.0
5.5258784 22.168947 0.0244 4.0 57.0
5.7070255 22.558022 0.0244 4.0 57.0
5.7070255 22.558022 0.0245 3.0 58.0
5.8881726 22.947096 0.0245 3.0 58.0
5.8881726 22.947096 0.0246 0.0 59.0
6.2166133 23.223356 0.0246 0.0 59.0
6.2166133 23.223356 0.0247 0.0 60.0
6.545054 23.499617 0.0247 0.0 60.0
5.8881726 22.947096 0.0248 2.0 59.0
6.0693197 23.33617 0.0248 2.0 59.0
6.0693197 23.33617 0.0249 1.0 60.0
6.250467 23.725245 0.0249 1.0 60.0
6.250467 23.725245 0.0250 0.0 61.0
6.5789075 24.001505 0.0250 0.0 61.0
6.5789075 24.001505 0.0251 0.0 62.0
6.907348 24.277765 0.0251 0.0 62.0
6.250467 23.725245 0.0252 0.0 61.0
6.250467 24.154423 0.0252 0.0 61.0
6.250467 24.154423 0.0253 0.0 62.0
6.250467 24.583601 0.0253 0.0 62.0
2.8983524 19.958864 0.0254 12.0 49.0
2.8983524 20.388042 0.0254 12.0 49.0
2.8983524 20.388042 0.0255 11.0 50.0
2.8983524 20.81722 0.0255 11.0 50.0
2.8983524 20.81722 0.0256 10.0 51.0
2.8983524 21.246399 0.0256 10.0 51.0
2.8983524 21.246399 0.0257 9.0 52.0
2.8983524 21.675577 0.0257 9.0 52.0
2.8983524 21.675577 0.0258 4.0 53.0
2.7172053 22.064651 0.0258 4.0 53.0
2.7172053 22.064651 0.0259 3.0 54.0
2.5360582 22.453726 0.0259 3.0 54.0
2.5360582 22.453726 0.0260 0.0 55.0
2.5360582 22.882904 0.0260 0.0 55.0
2.5360582 22.882904 0.0261 0.0 56.0
2.5360582 23.312082 0.0261 0.0 56.0
2.5360582 22.453726 0.0262 2.0 55.0
2.354911 22.8428 0.0262 2.0 55.0
2.354911 22.8428 0.0263 1.0 56.0
2.173764 23.231874 0.0263 1.0 56.0
2.173764 23.231874 0.0264 0.0 57.0
2.173764 23.661053 0.0264 0.0 57.0
2.173764 23.661053 0.0265 0.0 58.0
2.173764 24.09023 0.0265 0.0 58.0
2.173764 23.231874 0.0266 0.0 57.0
1.8453231 23.508135 0.0266 0.0 57.0
1.8453231 23.508135 0.0267 0.0 58.0
1.5168822 23.784395 0.0267 0.0 58.0
2.8983524 21.675577 0.0268 8.0 53.0
2.8983524 22.104755 0.0268 8.0 53.0
2.8983524 22.104755 0.0269 7.0 54.0
2.8983524 22.533934 0.0269 7.0 54.0
2.8983524 22.533934 0.0270 6.0 55.0
2.8983524 22.963112 0.0270 6.0 55.0
2.8983524 22.963112 0.0271 5.0 56.0
2.8983524 23.39229 0.0271 5.0 56.0
2.8983524 23.39229 0.0272 4.0 57.0
3.0794995 23.781364 0.0272 4.0 57.0
3.0794995 23.781364 0.0273 3.0 58.0
3.2606466 24.170439 0.0273 3.0 58.0
3.2606466 24.170439 0.0274 0.0 59.0
3.5890875 24.4467 0.0274 0.0 59.0
3.5890875 24.4467 0.0275 0.0 60.0
3.9175284 24.72296 0.0275 0.0 60.0
3.2606466 24.170439 0.0276 2.0 59.0
3.4417937 24.559513 0.0276 2.0 59.0
3.4417937 24.559513 0.0277 1.0 60.0
3.6229408 24.948587 0.0277 1.0 60.0
3.6229408 24.948587 0.0278 0.0 61.0
3.9513817 25.224848 0.0278 0.0 61.0
3.9513817 25.224848 0.0279 0.0 62.0
4.2798223 25.501108 0.0279 0.0 62.0
3.6229408 24.948587 0.0280 0.0 61.0
3.6229408 25.377766 0.0280 0.0 61.0
3.6229408 25.377766 0.0281 0.0 62.0
3.6229408 25.806944 0.0281 0.0 62.0
2.8983524 23.39229 0.0282 4.0 57.0
2.7172053 23.781364 0.0282 4.0 57.0
2.7172053 23.781364 0.0283 3.0 58.0
2.5360582 24.170439 0.0283 3.0 58.0
2.5360582 24.170439 0.0284 0.0 59.0
2.5360582 24.599617 0.0284 0.0 59.0
2.5360582 24.599617 0.0285 0.0 60.0
2.5360582 25.028795 0.0285 0.0 60.0
2.5360582 24.170439 0.0286 2.0 59.0
2.354911 24.559513 0.0286 2.0 59.0
2.354911 24.559513 0.0287 1.0 60.0
2.173764 24.948587 0.0287 1.0 60.0
2.173764 24.948587 0.0288 0.0 61.0
2.173764 25.377766 0.0288 0.0 61.0
2.173764 25.377766 0.0289 0.0 62.0
2.173764 25.806944 0.0289 0.0 62.0
2.173764 24.948587 0.0290 0.0 61.0
1.8453231 25.224848 0.0290 0.0 61.0
1.8453231 25.224848 0.0291 0.0 62.0
1.5168822 25.501108 0.0291 0.0 62.0
0.0 13.733674 0.0292 28.0 33.0
-0.18114702 14.122748 0.0292 28.0 33.0
-0.18114702 14.122748 0.0293 27.0 34.0
-0.36229405 14.511823 0.0293 27.0 34.0
-0.36229405 14.511823 0.0294 26.0 35.0
-0.54344106 14.900897 0.0294 26.0 35.0
-0.54344106 14.900897 0.0295 25.0 36.0
-0.7245881 15.289971 0.0295 25.0 36.0
-0.7245881 15.289971 0.0296 24.0 37.0
-0.90573514 15.679046 0.0296 24.0 37.0
-0.90573514 15.679046 0.0297 23.0 38.0
-1.0868821 16.068121 0.0297 23.0 38.0
-1.0868821 16.068121 0.0298 22.0 39.0
-1.2680291 16.457195 0.0298 22.0 39.0
-1.2680291 16.457195 0.0299 21.0 40.0
-1.4491761 16.84627 0.0299 21.0 40.0
-1.4491761 16.84627 0.0300 12.0 41.0
-1.4491761 17.275448 0.0300 12.0 41.0
-1.4491761 17.275448 0.0301 11.0 42.0
-1.4491761 17.704626 0.0301 11.0 42.0
-1.4491761 17.704626 0.0302 10.0 43.0
-1.4491761 18.133804 0.0302 10.0 43.0
-1.4491761 18.133804 0.0303 9.0 44.0
-1.4491761 18.562983 0.0303 9.0 44.0
-1.4491761 18.562983 0.0304 4.0 45.0
-1.630323 18.952057 0.0304 4.0 45.0
-1.630323 18.952057 0.0305 3.0 46.0
-1.81147 19.341131 0.0305 3.0 46.0
-1.81147 19.341131 0.0306 0.0 47.0
-1.81147 19.77031 0.0306 0.0 47.0
-1.81147 19.77031 0.0307 0.0 48.0
-1.81147 20.199488 0.0307 0.0 48.0
-1.81147 19.341131 0.0308 2.0 47.0
-1.992617 19.730206 0.0308 2.0 47.0
-1.992617 19.730206 0.0309 1.0 48.0
-2.173764 20.11928 0.0309 1.0 48.0
-2.173764 20.11928 0.0310 0.0 49.0
-2.173764 20.548458 0.0310 0.0 49.0
-2.173764 20.548458 0.0311 0.0 50.0
-2.173764 20.977636 0.0311 0.0 50.0
-2.173764 20.11928 0.0312 0.0 49.0
-2.502205 20.39554 0.0312 0.0 49.0
-2.502205 20.39554 0.0313 0.0 50.0
-2.8306458 20.6718 0.0313 0.0 50.0
-1.4491761 18.562983 0.0314 8.0 45.0
-1.4491761 18.99216 0.0314 8.0 45.0
-1.4491761 18.99216 0.0315 7.0 46.0
-1.4491761 19.421339 0.0315 7.0 46.0
-1.4491761 19.421339 0.0316 6.0 47.0
-1.4491761 19.850517 0.0316 6.0 47.0
-1.4491761 19.850517 0.0317 5.0 48.0
-1.4491761 20.279696 0.0317 5.0 48.0
-1.4491761 20.279696 0.0318 4.0 49.0
-1.2680291 20.66877 0.0318 4.0 49.0
-1.2680291 20.66877 0.0319 3.0 50.0
-1.0868821 21.057844 0.0319 3.0 50.0
-1.0868821 21.057844 0.0320 0.0 51.0
-0.7584412 21.334105 0.0320 0.0 51.0
-0.7584412 21.334105 0.0321 0.0 52.0
-0.43000033 21.610365 0.0321 0.0 52.0
-1.0868821 21.057844 0.0322 2.0 51.0
-0.9057351 21.446918 0.0322 2.0 51.0
-0.9057351 21.446918 0.0323 1.0 52.0
-0.72458804 21.835993 0.0323 1.0 52.0
-0.72458804 21.835993 0.0324 0.0 53.0
-0.39614716 22.112253 0.0324 0.0 53.0
-0.39614716 22.112253 0.0325 0.0 54.0
-0.06770629 22.388514 0.0325 0.0 54.0
-0.72458804 21.835993 0.0326 0.0 53.0
-0.72458804 22.265171 0.0326 0.0 53.0
-0.72458804 22.265171 0.0327 0.0 54.0
-0.72458804 22.69435 0.0327 0.0 54.0
-1.4491761 20.279696 0.0328 4.0 49.0
-1.630323 20.66877 0.0328 4.0 49.0
-1.630323 20.66877 0.0329 3.0 50.0
-1.81147 21.057844 0.0329 3.0 50.0
-1.81147 21.057844 0.0330 0.0 51.0
-1.81147 21.487022 0.0330 0.0 51.0
-1.81147 21.487022 0.0331 0.0 52.0
-1.81147 21.9162 0.0331 0.0 52.0
-1.81147 21.057844 0.0332 2.0 51.0
-1.992617 21.446918 0.0332 2.0 51.0
-1.992617 21.446918 0.0333 1.0 52.0
-2.173764 21.835993 0.0333 1.0 52.0
-2.173764 21.835993 0.0334 0.0 53.0
-2.173764 22.265171 0.0334 0.0 53.0
-2.173764 22.265171 0.0335 0.0 54.0
-2.173764 22.69435 0.0335 0.0 54.0
-2.173764 21.835993 0.0336 0.0 53.0
-2.502205 22.112253 0.0336 0.0 53.0
-2.502205 22.112253 0.0337 0.0 54.0
-2.8306458 22.388514 0.0337 0.0 54.0
-1.4491761 16.84627 0.0338 20.0 41.0
-1.630323 17.235344 0.0338 20.0 41.0
-1.630323 17.235344 0.0339 19.0 42.0
-1.81147 17.624418 0.0339 19.0 42.0
-1.81147 17.624418 0.0340 18.0 43.0
-1.992617 18.013493 0.0340 18.0 43.0
-1.992617 18.013493 0.0341 17.0 44.0
-2.173764 18.402567 0.0341 17.0 44.0
-2.173764 18.402567 0.0342 16.0 45.0
-2.354911 18.791641 0.0342 16.0 45.0
-2.354911 18.791641 0.0343 15.0 46.0
-2.5360582 19.180716 0.0343 15.0 46.0
-2.5360582 19.180716 0.0344 14.0 47.0
-2.7172053 19.56979 0.0344 14.0 47.0
-2.7172053 19.56979 0.0345 13.0 48.0
-2.8983524 19.958864 0.0345 13.0 48.0
-2.8983524 19.958864 0.0346 12.0 49.0
-2.8983524 20.388042 0.0346 12.0 49.0
-2.8983524 20.388042 0.0347 11.0 50.0
-2.8983524 20.81722 0.0347 11.0 50.0
-2.8983524 20.81722 0.0348 10.0 51.0
-2.8983524 21.246399 0.0348 10.0 51.0
-2.8983524 21.246399 0.0349 9.0 52.0
-2.8983524 21.675577 0.0349 9.0 52.0
-2.8983524 21.675577 0.0350 4.0 53.0
-3.0794995 22.064651 0.0350 4.0 53.0
-3.0794995 22.064651 0.0351 3.0 54.0
-3.2606466 22.453726 0.0351 3.0 54.0
-3.2606466 22.453726 0.0352 0.0 55.0
-3.2606466 22.882904 0.0352 0.0 55.0
-3.2606466 22.882904 0.0353 0.0 56.0
-3.2606466 23.312082 0.0353 0.0 56.0
-3.2606466 22.453726 0.0354 2.0 55.0
-3.4417937 22.8428 0.0354 2.0 55.0
-3.4417937 22.8428 0.0355 1.0 56.0
-3.6229408 23.231874 0.0355 1.0 56.0
-3.6229408 23.231874 0.0356 0.0 57.0
-3.6229408 23.661053 0.0356 0.0 57.0
-3.6229408 23.661053 0.0357 0.0 58.0
-3.6229408 24.09023 0.0357 0.0 58.0
-3.6229408 23.231874 0.0358 0.0 57.0
-3.9513817 23.508135 0.0358 0.0 57.0
-3.9513817 23.508135 0.0359 0.0 58.0
-4.2798223 23.784395 0.0359 0.0 58.0
-2.8983524 21.675577 0.0360 8.0 53.0
-2.8983524 22.104755 0.0360 8.0 53.0
-2.8983524 22.104755 0.0361 7.0 54.0
-2.8983524 22.533934 0.0361 7.0 54.0
-2.8983524 22.533934 0.0362 6.0 55.0
-2.8983524 22.963112 0.0362 6.0 55.0
-2.8983524 22.963112 0.0363 5.0 56.0
-2.8983524 23.39229 0.0363 5.0 56.0
-2.8983524 23.39229 0.0364 4.0 57.0
-2.7172053 23.781364 0.0364 4.0 57.0
-2.7172053 23.781364 0.0365 3.0 58.0
-2.5360582 24.170439 0.0365 3.0 58.0
-2.5360582 24.170439 0.0366 0.0 59.0
-2.2076173 24.4467 0.0366 0.0 59.0
-2.2076173 24.4467 0.0367 0.0 60.0
-1.8791764 24.72296 0.0367 0.0 60.0
-2.5360582 24.170439 0.0368 2.0 59.0
-2.354911 24.559513 0.0368 2.0 59.0
-2.354911 24.559513 0.0369 1.0 60.0
-2.173764 24.948587 0.0369 1.0 60.0
-2.173764 24.948587 0.0370 0.0 61.0
-1.8453231 25.224848 0.0370 0.0 61.0
-1.8453231 25.224848 0.0371 0.0 62.0
-1.5168822 25.501108 0.0371 0.0 62.0
-2.173764 24.948587 0.0372 0.0 61.0
-2.173764 25.377766 0.0372 0.0 61.0
-2.173764 25.377766 0.0373 0.0 62.0
-2.173764 25.806944 0.0373 0.0 62.0
-2.8983524 23.39229 0.0374 4.0 57.0
-3.0794995 23.781364 0.0374 4.0 57.0
-3.0794995 23.781364 0.0375 3.0 58.0
-3.2606466 24.170439 0.0375 3.0 58.0
-3.2606466 24.170439 0.0376 0.0 59.0
-3.2606466 24.599617 0.0376 0.0 59.0
-3.2606466 24.599617 0.0377 0.0 60.0
-3.2606466 25.028795 0.0377 0.0 60.0
-3.2606466 24.170439 0.0378 2.0 59.0
-3.4417937 24.559513 0.0378 2.0 59.0
-3.4417937 24.559513 0.0379 1.0 60.0
-3.6229408 24.948587 0.0379 1.0 60.0
-3.6229408 24.948587 0.0380 0.0 61.0
-3.6229408 25.377766 0.0380 0.0 61.0
-3.6229408 25.377766 0.0381 0.0 62.0
-3.6229408 25.806944 0.0381 0.0 62.0
-3.6229408 24.948587 0.0382 0.0 61.0
-3.9513817 25.224848 0.0382 0.0 61.0
-3.9513817 25.224848 0.0383 0.0 62.0
-4.2798223 25.501108 0.0383 0.0 62.0
-2.8983524 19.958864 0.0384 12.0 49.0
-3.2267933 20.235125 0.0384 12.0 49.0
-3.2267933 20.235125 0.0385 11.0 50.0
-3.5552342 20.511385 0.0385 11.0 50.0
-3.5552342 20.511385 0.0386 10.0 51.0
-3.883675 20.787645 0.0386 10.0 51.0
-3.883675 20.787645 0.0387 9.0 52.0
-4.212116 21.063906 0.0387 9.0 52.0
-4.212116 21.063906 0.0388 4.0 53.0
-4.6264706 21.175724 0.0388 4.0 53.0
-4.6264706 21.175724 0.0389 3.0 54.0
-5.0408254 21.287542 0.0389 3.0 54.0
-5.0408254 21.287542 0.0390 0.0 55.0
-5.369266 21.563803 0.0390 0.0 55.0
-5.369266 21.563803 0.0391 0.0 56.0
-5.6977067 21.840063 0.0391 0.0 56.0
-5.0408254 21.287542 0.0392 2.0 55.0
-5.45518 21.39936 0.0392 2.0 55.0
-5.45518 21.39936 0.0393 1.0 56.0
-5.869535 21.511179 0.0393 1.0 56.0
-5.869535 21.511179 0.0394 0.0 57.0
-6.1979756 21.78744 0.0394 0.0 57.0
-6.1979756 21.78744 0.0395 0.0 58.0
-6.5264163 22.0637 0.0395 0.0 58.0
-5.869535 21.511179 0.0396 0.0 57.0
-6.292368 21.437658 0.0396 0.0 57.0
-6.292368 21.437658 0.0397 0.0 58.0
-6.715201 21.364138 0.0397 0.0 58.0
-4.212116 21.063906 0.0398 8.0 53.0
-4.5405564 21.340166 0.0398 8.0 53.0
-4.5405564 21.340166 0.0399 7.0 54.0
-4.868997 21.616426 0.0399 7.0 54.0
-4.868997 21.616426 0.0400 6.0 55.0
-5.197438 21.892687 0.0400 6.0 55.0
-5.197438 21.892687 0.0401 5.0 56.0
-5.5258784 22.168947 0.0401 5.0 56.0
-5.5258784 22.168947 0.0402 4.0 57.0
-5.7070255 22.558022 0.0402 4.0 57.0
-5.7070255 22.558022 0.0403 3.0 58.0
-5.8881726 22.947096 0.0403 3.0 58.0
-5.8881726 22.947096 0.0404 0.0 59.0
-5.8881726 23.376274 0.0404 0.0 59.0
-5.8881726 23.376274 0.0405 0.0 60.0
-5.8881726 23.805452 0.0405 0.0 60.0
-5.8881726 22.947096 0.0406 2.0 59.0
-6.0693197 23.33617 0.0406 2.0 59.0
-6.0693197 23.33617 0.0407 1.0 60.0
-6.250467 23.725245 0.0407 1.0 60.0
-6.250467 23.725245 0.0408 0.0 61.0
-6.250467 24.154423 0.0408 0.0 61.0
-6.250467 24.154423 0.0409 0.0 62.0
-6.250467 24.583601 0.0409 0.0 62.0
-6.250467 23.725245 0.0410 0.0 61.0
-6.5789075 24.001505 0.0410 0.0 61.0
-6.5789075 24.001505 0.0411 0.0 62.0
-6.907348 24.277765 0.0411 0.0 62.0
-5.5258784 22.168947 0.0412 4.0 57.0
-5.940233 22.280766 0.0412 4.0 57.0
-5.940233 22.280766 0.0413 3.0 58.0
-6.354588 22.392584 0.0413 3.0 58.0
-6.354588 22.392584 0.0414 0.0 59.0
-6.6830287 22.668844 0.0414 0.0 59.0
-6.6830287 22.668844 0.0415 0.0 60.0
-7.0114694 22.945105 0.0415 0.0 60.0
-6.354588 22.392584 0.0416 2.0 59.0
-6.768943 22.504402 0.0416 2.0 59.0
-6.768943 22.504402 0.0417 1.0 60.0
-7.1832976 22.61622 0.0417 1.0 60.0
-7.1832976 22.61622 0.0418 0.0 61.0
-7.5117383 22.89248 0.0418 0.0 61.0
-7.5117383 22.89248 0.0419 0.0 62.0
-7.840179 23.168741 0.0419 0.0 62.0
-7.1832976 22.61622 0.0420 0.0 61.0
-7.6061306 22.5427 0.0420 0.0 61.0
-7.6061306 22.5427 0.0421 0.0 62.0
-8.028964 22.46918 0.0421 0.0 62.0
