0.0 0.0 0.00 29.0 1.0
0.0 4.0581903 0.00 29.0 1.0
0.0 4.0581903 0.01 0.0 2.0
-2.2272942 7.450545 0.01 0.0 2.0
0.0 4.0581903 0.02 28.0 2.0
0.0 8.116381 0.02 28.0 2.0
0.0 8.116381 0.03 0.0 3.0
2.2272942 11.508736 0.03 0.0 3.0
0.0 8.116381 0.04 0.0 3.0
0.0 12.174571 0.04 0.0 3.0
0.0 8.116381 0.05 1.0 3.0
-2.2272942 11.508736 0.05 1.0 3.0
-2.2272942 11.508736 0.06 0.0 4.0
-5.951009 13.122073 0.06 0.0 4.0
-2.2272942 11.508736 0.07 0.0 4.0
-4.4545884 14.901091 0.07 0.0 4.0
-4.4545884 14.901091 0.08 0.0 5.0
-4.4545884 18.959282 0.08 0.0 5.0
-4.4545884 14.901091 0.09 0.0 5.0
-6.681883 18.293446 0.09 0.0 5.0
0.0 8.116381 0.010 27.0 3.0
0.0 12.174571 0.010 27.0 3.0
0.0 12.174571 0.011 0.0 4.0
-2.2272942 15.566925 0.011 0.0 4.0
0.0 12.174571 0.012 26.0 4.0
0.0 16.232761 0.012 26.0 4.0
0.0 16.232761 0.013 0.0 5.0
2.2272942 19.625116 0.013 0.0 5.0
0.0 16.232761 0.014 0.0 5.0
0.0 20.29095 0.014 0.0 5.0
0.0 16.232761 0.015 1.0 5.0
2.2272942 19.625116 0.015 1.0 5.0
2.2272942 19.625116 0.016 0.0 6.0
2.2272942 23.683308 0.016 0.0 6.0
2.2272942 19.625116 0.017 0.0 6.0
4.4545884 23.017471 0.017 0.0 6.0
4.4545884 23.017471 0.018 0.0 7.0
8.178303 24.630808 0.018 0.0 7.0
4.4545884 23.017471 0.019 0.0 7.0
6.681883 26.409826 0.019 0.0 7.0
0.0 16.232761 0.020 1.0 5.0
0.0 20.29095 0.020 1.0 5.0
0.0 20.29095 0.021 0.0 6.0
-2.2272942 23.683306 0.021 0.0 6.0
0.0 20.29095 0.022 0.0 6.0
0.0 24.34914 0.022 0.0 6.0
0.0 24.34914 0.023 0.0 7.0
2.2272942 27.741495 0.023 0.0 7.0
0.0 24.34914 0.024 0.0 7.0
0.0 28.40733 0.024 0.0 7.0
0.0 16.232761 0.025 5.0 5.0
-2.2272942 19.625116 0.025 5.0 5.0
-2.2272942 19.625116 0.026 0.0 6.0
-5.951009 21.238453 0.026 0.0 6.0
-2.2272942 19.625116 0.027 4.0 6.0
-4.4545884 23.017471 0.027 4.0 6.0
-4.4545884 23.017471 0.028 0.0 7.0
-4.4545884 27.07566 0.028 0.0 7.0
-4.4545884 23.017471 0.029 0.0 7.0
-6.681883 26.409826 0.029 0.0 7.0
-4.4545884 23.017471 0.030 1.0 7.0
-8.178303 24.630808 0.030 1.0 7.0
-8.178303 24.630808 0.031 0.0 8.0
-12.176523 23.93572 0.031 0.0 8.0
-8.178303 24.630808 0.032 0.0 8.0
-11.902018 26.244144 0.032 0.0 8.0
-11.902018 26.244144 0.033 0.0 9.0
-14.129312 29.6365 0.033 0.0 9.0
-11.902018 26.244144 0.034 0.0 9.0
-15.625732 27.857481 0.034 0.0 9.0
-4.4545884 23.017471 0.035 3.0 7.0
-6.681883 26.409826 0.035 3.0 7.0
-6.681883 26.409826 0.036 0.0 8.0
-10.405598 28.023163 0.036 0.0 8.0
-6.681883 26.409826 0.037 2.0 8.0
-8.909177 29.802181 0.037 2.0 8.0
-8.909177 29.802181 0.038 0.0 9.0
-8.909177 33.86037 0.038 0.0 9.0
-8.909177 29.802181 0.039 0.0 9.0
-11.136471 33.194534 0.039 0.0 9.0
-8.909177 29.802181 0.040 1.0 9.0
-8.909177 33.86037 0.040 1.0 9.0
-8.909177 33.86037 0.041 0.0 10.0
-11.136471 37.252724 0.041 0.0 10.0
-8.909177 33.86037 0.042 0.0 10.0
-8.909177 37.91856 0.042 0.0 10.0
-8.909177 37.91856 0.043 0.0 11.0
-6.681883 41.310913 0.043 0.0 11.0
-8.909177 37.91856 0.044 0.0 11.0
-8.909177 41.97675 0.044 0.0 11.0
-8.909177 29.802181 0.045 1.0 9.0
-11.136471 33.194534 0.045 1.0 9.0
-11.136471 33.194534 0.046 0.0 10.0
-14.860186 34.807873 0.046 0.0 10.0
-11.136471 33.194534 0.047 0.0 10.0
-13.363765 36.586887 0.047 0.0 10.0
-13.363765 36.586887 0.048 0.0 11.0
-13.363765 40.645077 0.048 0.0 11.0
-13.363765 36.586887 0.049 0.0 11.0
-15.591059 39.97924 0.049 0.0 11.0
0.0 16.232761 0.050 25.0 5.0
0.0 20.29095 0.050 25.0 5.0
0.0 20.29095 0.051 0.0 6.0
-2.2272942 23.683306 0.051 0.0 6.0
0.0 20.29095 0.052 24.0 6.0
0.0 24.34914 0.052 24.0 6.0
0.0 24.34914 0.053 0.0 7.0
2.2272942 27.741495 0.053 0.0 7.0
0.0 24.34914 0.054 0.0 7.0
0.0 28.40733 0.054 0.0 7.0
0.0 24.34914 0.055 1.0 7.0
-2.2272942 27.741495 0.055 1.0 7.0
-2.2272942 27.741495 0.056 0.0 8.0
-5.951009 29.354832 0.056 0.0 8.0
-2.2272942 27.741495 0.057 0.0 8.0
-4.4545884 31.13385 0.057 0.0 8.0
-4.4545884 31.13385 0.058 0.0 9.0
-4.4545884 35.19204 0.058 0.0 9.0
-4.4545884 31.13385 0.059 0.0 9.0
-6.681883 34.526203 0.059 0.0 9.0
0.0 24.34914 0.060 23.0 7.0
0.0 28.40733 0.060 23.0 7.0
0.0 28.40733 0.061 0.0 8.0
-2.2272942 31.799685 0.061 0.0 8.0
0.0 28.40733 0.062 22.0 8.0
0.0 32.46552 0.062 22.0 8.0
0.0 32.46552 0.063 0.0 9.0
2.2272942 35.857872 0.063 0.0 9.0
0.0 32.46552 0.064 0.0 9.0
0.0 36.52371 0.064 0.0 9.0
0.0 32.46552 0.065 1.0 9.0
2.2272942 35.857872 0.065 1.0 9.0
2.2272942 35.857872 0.066 0.0 10.0
2.2272942 39.91606 0.066 0.0 10.0
2.2272942 35.857872 0.067 0.0 10.0
4.4545884 39.250225 0.067 0.0 10.0
4.4545884 39.250225 0.068 0.0 11.0
8.178303 40.863564 0.068 0.0 11.0
4.4545884 39.250225 0.069 0.0 11.0
6.681883 42.64258 0.069 0.0 11.0
0.0 32.46552 0.070 1.0 9.0
0.0 36.52371 0.070 1.0 9.0
0.0 36.52371 0.071 0.0 10.0
-2.2272942 39.91606 0.071 0.0 10.0
0.0 36.52371 0.072 0.0 10.0
0.0 40.581898 0.072 0.0 10.0
0.0 40.581898 0.073 0.0 11.0
2.2272942 43.97425 0.073 0.0 11.0
0.0 40.581898 0.074 0.0 11.0
0.0 44.640087 0.074 0.0 11.0
0.0 32.46552 0.075 5.0 9.0
2.2272942 35.857872 0.075 5.0 9.0
2.2272942 35.857872 0.076 0.0 10.0
2.2272942 39.91606 0.076 0.0 10.0
2.2272942 35.857872 0.077 4.0 10.0
4.4545884 39.250225 0.077 4.0 10.0
4.4545884 39.250225 0.078 0.0 11.0
8.178303 40.863564 0.078 0.0 11.0
4.4545884 39.250225 0.079 0.0 11.0
6.681883 42.64258 0.079 0.0 11.0
4.4545884 39.250225 0.080 1.0 11.0
4.4545884 43.308414 0.080 1.0 11.0
4.4545884 43.308414 0.081 0.0 12.0
2.2272942 46.700768 0.081 0.0 12.0
4.4545884 43.308414 0.082 0.0 12.0
4.4545884 47.366604 0.082 0.0 12.0
4.4545884 47.366604 0.083 0.0 13.0
6.681883 50.758957 0.083 0.0 13.0
4.4545884 47.366604 0.084 0.0 13.0
4.4545884 51.424793 0.084 0.0 13.0
4.4545884 39.250225 0.085 3.0 11.0
6.681883 42.64258 0.085 3.0 11.0
6.681883 42.64258 0.086 0.0 12.0
6.681883 46.700768 0.086 0.0 12.0
6.681883 42.64258 0.087 2.0 12.0
8.909177 46.03493 0.087 2.0 12.0
8.909177 46.03493 0.088 0.0 13.0
12.632892 47.64827 0.088 0.0 13.0
8.909177 46.03493 0.089 0.0 13.0
11.136471 49.427284 0.089 0.0 13.0
8.909177 46.03493 0.090 1.0 13.0
12.632892 47.64827 0.090 1.0 13.0
12.632892 47.64827 0.091 0.0 14.0
14.860186 51.040623 0.091 0.0 14.0
12.632892 47.64827 0.092 0.0 14.0
16.356606 49.26161 0.092 0.0 14.0
16.356606 49.26161 0.093 0.0 15.0
20.354826 48.56652 0.093 0.0 15.0
16.356606 49.26161 0.094 0.0 15.0
20.08032 50.874947 0.094 0.0 15.0
8.909177 46.03493 0.095 1.0 13.0
11.136471 49.427284 0.095 1.0 13.0
11.136471 49.427284 0.096 0.0 14.0
11.136471 53.485474 0.096 0.0 14.0
11.136471 49.427284 0.097 0.0 14.0
13.363765 52.819637 0.097 0.0 14.0
13.363765 52.819637 0.098 0.0 15.0
17.087479 54.432976 0.098 0.0 15.0
13.363765 52.819637 0.099 0.0 15.0
15.591059 56.21199 0.099 0.0 15.0
0.0 32.46552 0.0100 5.0 9.0
0.0 36.52371 0.0100 5.0 9.0
0.0 36.52371 0.0101 0.0 10.0
-2.2272942 39.91606 0.0101 0.0 10.0
0.0 36.52371 0.0102 4.0 10.0
0.0 40.581898 0.0102 4.0 10.0
0.0 40.581898 0.0103 0.0 11.0
2.2272942 43.97425 0.0103 0.0 11.0
0.0 40.581898 0.0104 0.0 11.0
0.0 44.640087 0.0104 0.0 11.0
0.0 40.581898 0.0105 1.0 11.0
-2.2272942 43.97425 0.0105 1.0 11.0
-2.2272942 43.97425 0.0106 0.0 12.0
-5.951009 45.58759 0.0106 0.0 12.0
-2.2272942 43.97425 0.0107 0.0 12.0
-4.4545884 47.366604 0.0107 0.0 12.0
-4.4545884 47.366604 0.0108 0.0 13.0
-4.4545884 51.424793 0.0108 0.0 13.0
-4.4545884 47.366604 0.0109 0.0 13.0
-6.681883 50.758957 0.0109 0.0 13.0
0.0 40.581898 0.0110 3.0 11.0
0.0 44.640087 0.0110 3.0 11.0
0.0 44.640087 0.0111 0.0 12.0
-2.2272942 48.03244 0.0111 0.0 12.0
0.0 44.640087 0.0112 2.0 12.0
0.0 48.698277 0.0112 2.0 12.0
0.0 48.698277 0.0113 0.0 13.0
2.2272942 52.09063 0.0113 0.0 13.0
0.0 48.698277 0.0114 0.0 13.0
0.0 52.756466 0.0114 0.0 13.0
0.0 48.698277 0.0115 1.0 13.0
2.2272942 52.09063 0.0115 1.0 13.0
2.2272942 52.09063 0.0116 0.0 14.0
2.2272942 56.14882 0.0116 0.0 14.0
2.2272942 52.09063 0.0117 0.0 14.0
4.4545884 55.482983 0.0117 0.0 14.0
4.4545884 55.482983 0.0118 0.0 15.0
8.178303 57.09632 0.0118 0.0 15.0
4.4545884 55.482983 0.0119 0.0 15.0
6.681883 58.875336 0.0119 0.0 15.0
0.0 48.698277 0.0120 1.0 13.0
0.0 52.756466 0.0120 1.0 13.0
0.0 52.756466 0.0121 0.0 14.0
-2.2272942 56.14882 0.0121 0.0 14.0
0.0 52.756466 0.0122 0.0 14.0
0.0 56.814655 0.0122 0.0 14.0
0.0 56.814655 0.0123 0.0 15.0
2.2272942 60.20701 0.0123 0.0 15.0
0.0 56.814655 0.0124 0.0 15.0
0.0 60.872845 0.0124 0.0 15.0
0.0 32.46552 0.0125 13.0 9.0
2.2272942 35.857872 0.0125 13.0 9.0
2.2272942 35.857872 0.0126 0.0 10.0
2.2272942 39.91606 0.0126 0.0 10.0
2.2272942 35.857872 0.0127 12.0 10.0
4.4545884 39.250225 0.0127 12.0 10.0
4.4545884 39.250225 0.0128 0.0 11.0
8.178303 40.863564 0.0128 0.0 11.0
4.4545884 39.250225 0.0129 0.0 11.0
6.681883 42.64258 0.0129 0.0 11.0
4.4545884 39.250225 0.0130 1.0 11.0
4.4545884 43.308414 0.0130 1.0 11.0
4.4545884 43.308414 0.0131 0.0 12.0
2.2272942 46.700768 0.0131 0.0 12.0
4.4545884 43.308414 0.0132 0.0 12.0
4.4545884 47.366604 0.0132 0.0 12.0
4.4545884 47.366604 0.0133 0.0 13.0
6.681883 50.758957 0.0133 0.0 13.0
4.4545884 47.366604 0.0134 0.0 13.0
4.4545884 51.424793 0.0134 0.0 13.0
4.4545884 39.250225 0.0135 11.0 11.0
6.681883 42.64258 0.0135 11.0 11.0
6.681883 42.64258 0.0136 0.0 12.0
6.681883 46.700768 0.0136 0.0 12.0
6.681883 42.64258 0.0137 10.0 12.0
8.909177 46.03493 0.0137 10.0 12.0
8.909177 46.03493 0.0138 0.0 13.0
12.632892 47.64827 0.0138 0.0 13.0
8.909177 46.03493 0.0139 0.0 13.0
11.136471 49.427284 0.0139 0.0 13.0
8.909177 46.03493 0.0140 1.0 13.0
12.632892 47.64827 0.0140 1.0 13.0
12.632892 47.64827 0.0141 0.0 14.0
14.860186 51.040623 0.0141 0.0 14.0
12.632892 47.64827 0.0142 0.0 14.0
16.356606 49.26161 0.0142 0.0 14.0
16.356606 49.26161 0.0143 0.0 15.0
20.354826 48.56652 0.0143 0.0 15.0
16.356606 49.26161 0.0144 0.0 15.0
20.08032 50.874947 0.0144 0.0 15.0
8.909177 46.03493 0.0145 1.0 13.0
11.136471 49.427284 0.0145 1.0 13.0
11.136471 49.427284 0.0146 0.0 14.0
11.136471 53.485474 0.0146 0.0 14.0
11.136471 49.427284 0.0147 0.0 14.0
13.363765 52.819637 0.0147 0.0 14.0
13.363765 52.819637 0.0148 0.0 15.0
17.087479 54.432976 0.0148 0.0 15.0
13.363765 52.819637 0.0149 0.0 15.0
15.591059 56.21199 0.0149 0.0 15.0
8.909177 46.03493 0.0150 5.0 13.0
8.909177 50.09312 0.0150 5.0 13.0
8.909177 50.09312 0.0151 0.0 14.0
6.681883 53.485474 0.0151 0.0 14.0
8.909177 50.09312 0.0152 4.0 14.0
8.909177 54.15131 0.0152 4.0 14.0
8.909177 54.15131 0.0153 0.0 15.0
11.136471 57.543663 0.0153 0.0 15.0
8.909177 54.15131 0.0154 0.0 15.0
8.909177 58.2095 0.0154 0.0 15.0
8.909177 54.15131 0.0155 1.0 15.0
6.681883 57.543663 0.0155 1.0 15.0
6.681883 57.543663 0.0156 0.0 16.0
2.958168 59.157 0.0156 0.0 16.0
6.681883 57.543663 0.0157 0.0 16.0
4.454589 60.936016 0.0157 0.0 16.0
4.454589 60.936016 0.0158 0.0 17.0
4.454589 64.99421 0.0158 0.0 17.0
4.454589 60.936016 0.0159 0.0 17.0
2.2272947 64.32837 0.0159 0.0 17.0
8.909177 54.15131 0.0160 3.0 15.0
8.909177 58.2095 0.0160 3.0 15.0
8.909177 58.2095 0.0161 0.0 16.0
6.681883 61.601852 0.0161 0.0 16.0
8.909177 58.2095 0.0162 2.0 16.0
8.909177 62.26769 0.0162 2.0 16.0
8.909177 62.26769 0.0163 0.0 17.0
11.136471 65.66004 0.0163 0.0 17.0
8.909177 62.26769 0.0164 0.0 17.0
8.909177 66.32588 0.0164 0.0 17.0
8.909177 62.26769 0.0165 1.0 17.0
11.136471 65.66004 0.0165 1.0 17.0
11.136471 65.66004 0.0166 0.0 18.0
11.136471 69.71823 0.0166 0.0 18.0
11.136471 65.66004 0.0167 0.0 18.0
13.363765 69.0524 0.0167 0.0 18.0
13.363765 69.0524 0.0168 0.0 19.0
17.087479 70.66573 0.0168 0.0 19.0
13.363765 69.0524 0.0169 0.0 19.0
15.591059 72.444756 0.0169 0.0 19.0
8.909177 62.26769 0.0170 1.0 17.0
8.909177 66.32588 0.0170 1.0 17.0
8.909177 66.32588 0.0171 0.0 18.0
6.681883 69.71824 0.0171 0.0 18.0
8.909177 66.32588 0.0172 0.0 18.0
8.909177 70.38407 0.0172 0.0 18.0
8.909177 70.38407 0.0173 0.0 19.0
11.136471 73.77643 0.0173 0.0 19.0
8.909177 70.38407 0.0174 0.0 19.0
8.909177 74.44226 0.0174 0.0 19.0
8.909177 46.03493 0.0175 9.0 13.0
11.136471 49.427284 0.0175 9.0 13.0
11.136471 49.427284 0.0176 0.0 14.0
11.136471 53.485474 0.0176 0.0 14.0
11.136471 49.427284 0.0177 8.0 14.0
13.363765 52.819637 0.0177 8.0 14.0
13.363765 52.819637 0.0178 0.0 15.0
17.087479 54.432976 0.0178 0.0 15.0
13.363765 52.819637 0.0179 0.0 15.0
15.591059 56.21199 0.0179 0.0 15.0
13.363765 52.819637 0.0180 1.0 15.0
13.363765 56.877827 0.0180 1.0 15.0
13.363765 56.877827 0.0181 0.0 16.0
11.136471 60.27018 0.0181 0.0 16.0
13.363765 56.877827 0.0182 0.0 16.0
13.363765 60.936016 0.0182 0.0 16.0
13.363765 60.936016 0.0183 0.0 17.0
15.591059 64.32837 0.0183 0.0 17.0
13.363765 60.936016 0.0184 0.0 17.0
13.363765 64.99421 0.0184 0.0 17.0
13.363765 52.819637 0.0185 7.0 15.0
15.591059 56.21199 0.0185 7.0 15.0
15.591059 56.21199 0.0186 0.0 16.0
15.591059 60.27018 0.0186 0.0 16.0
15.591059 56.21199 0.0187 6.0 16.0
17.818354 59.604343 0.0187 6.0 16.0
17.818354 59.604343 0.0188 0.0 17.0
21.542068 61.21768 0.0188 0.0 17.0
17.818354 59.604343 0.0189 0.0 17.0
20.045649 62.996696 0.0189 0.0 17.0
17.818354 59.604343 0.0190 1.0 17.0
21.542068 61.21768 0.0190 1.0 17.0
21.542068 61.21768 0.0191 0.0 18.0
23.769363 64.61004 0.0191 0.0 18.0
21.542068 61.21768 0.0192 0.0 18.0
25.265783 62.83102 0.0192 0.0 18.0
25.265783 62.83102 0.0193 0.0 19.0
29.264004 62.135933 0.0193 0.0 19.0
25.265783 62.83102 0.0194 0.0 19.0
28.989498 64.44436 0.0194 0.0 19.0
17.818354 59.604343 0.0195 1.0 17.0
20.045649 62.996696 0.0195 1.0 17.0
20.045649 62.996696 0.0196 0.0 18.0
20.045649 67.054886 0.0196 0.0 18.0
20.045649 62.996696 0.0197 0.0 18.0
22.272943 66.38905 0.0197 0.0 18.0
22.272943 66.38905 0.0198 0.0 19.0
25.996658 68.00239 0.0198 0.0 19.0
22.272943 66.38905 0.0199 0.0 19.0
24.500238 69.78141 0.0199 0.0 19.0
17.818354 59.604343 0.0200 5.0 17.0
21.542068 61.21768 0.0200 5.0 17.0
21.542068 61.21768 0.0201 0.0 18.0
23.769363 64.61004 0.0201 0.0 18.0
21.542068 61.21768 0.0202 4.0 18.0
25.265783 62.83102 0.0202 4.0 18.0
25.265783 62.83102 0.0203 0.0 19.0
29.264004 62.135933 0.0203 0.0 19.0
25.265783 62.83102 0.0204 0.0 19.0
28.989498 64.44436 0.0204 0.0 19.0
25.265783 62.83102 0.0205 1.0 19.0
27.493078 66.22337 0.0205 1.0 19.0
27.493078 66.22337 0.0206 0.0 20.0
27.493078 70.28156 0.0206 0.0 20.0
27.493078 66.22337 0.0207 0.0 20.0
29.720373 69.61573 0.0207 0.0 20.0
29.720373 69.61573 0.0208 0.0 21.0
33.444088 71.229065 0.0208 0.0 21.0
29.720373 69.61573 0.0209 0.0 21.0
31.947668 73.00809 0.0209 0.0 21.0
25.265783 62.83102 0.0210 3.0 19.0
28.989498 64.44436 0.0210 3.0 19.0
28.989498 64.44436 0.0211 0.0 20.0
31.216793 67.836716 0.0211 0.0 20.0
28.989498 64.44436 0.0212 2.0 20.0
32.71321 66.05769 0.0212 2.0 20.0
32.71321 66.05769 0.0213 0.0 21.0
36.71143 65.36261 0.0213 0.0 21.0
32.71321 66.05769 0.0214 0.0 21.0
36.436928 67.67103 0.0214 0.0 21.0
32.71321 66.05769 0.0215 1.0 21.0
36.71143 65.36261 0.0215 1.0 21.0
36.71143 65.36261 0.0216 0.0 22.0
40.435143 66.975945 0.0216 0.0 22.0
36.71143 65.36261 0.0217 0.0 22.0
40.70965 64.66753 0.0217 0.0 22.0
40.70965 64.66753 0.0218 0.0 23.0
43.67038 61.892105 0.0218 0.0 23.0
40.70965 64.66753 0.0219 0.0 23.0
44.707867 63.97244 0.0219 0.0 23.0
32.71321 66.05769 0.0220 1.0 21.0
36.436928 67.67103 0.0220 1.0 21.0
36.436928 67.67103 0.0221 0.0 22.0
38.664223 71.063385 0.0221 0.0 22.0
36.436928 67.67103 0.0222 0.0 22.0
40.160645 69.28436 0.0222 0.0 22.0
40.160645 69.28436 0.0223 0.0 23.0
44.158863 68.58928 0.0223 0.0 23.0
40.160645 69.28436 0.0224 0.0 23.0
43.88436 70.8977 0.0224 0.0 23.0
17.818354 59.604343 0.0225 5.0 17.0
20.045649 62.996696 0.0225 5.0 17.0
20.045649 62.996696 0.0226 0.0 18.0
20.045649 67.054886 0.0226 0.0 18.0
20.045649 62.996696 0.0227 4.0 18.0
22.272943 66.38905 0.0227 4.0 18.0
22.272943 66.38905 0.0228 0.0 19.0
25.996658 68.00239 0.0228 0.0 19.0
22.272943 66.38905 0.0229 0.0 19.0
24.500238 69.78141 0.0229 0.0 19.0
22.272943 66.38905 0.0230 1.0 19.0
22.272943 70.44724 0.0230 1.0 19.0
22.272943 70.44724 0.0231 0.0 20.0
20.045649 73.8396 0.0231 0.0 20.0
22.272943 70.44724 0.0232 0.0 20.0
22.272943 74.50543 0.0232 0.0 20.0
22.272943 74.50543 0.0233 0.0 21.0
24.500238 77.89779 0.0233 0.0 21.0
22.272943 74.50543 0.0234 0.0 21.0
22.272943 78.56362 0.0234 0.0 21.0
22.272943 66.38905 0.0235 3.0 19.0
24.500238 69.78141 0.0235 3.0 19.0
24.500238 69.78141 0.0236 0.0 20.0
24.500238 73.8396 0.0236 0.0 20.0
24.500238 69.78141 0.0237 2.0 20.0
26.727533 73.17377 0.0237 2.0 20.0
26.727533 73.17377 0.0238 0.0 21.0
30.451248 74.7871 0.0238 0.0 21.0
26.727533 73.17377 0.0239 0.0 21.0
28.954828 76.566124 0.0239 0.0 21.0
26.727533 73.17377 0.0240 1.0 21.0
30.451248 74.7871 0.0240 1.0 21.0
30.451248 74.7871 0.0241 0.0 22.0
32.678543 78.17946 0.0241 0.0 22.0
30.451248 74.7871 0.0242 0.0 22.0
34.174965 76.40044 0.0242 0.0 22.0
34.174965 76.40044 0.0243 0.0 23.0
38.173183 75.70535 0.0243 0.0 23.0
34.174965 76.40044 0.0244 0.0 23.0
37.89868 78.01377 0.0244 0.0 23.0
26.727533 73.17377 0.0245 1.0 21.0
28.954828 76.566124 0.0245 1.0 21.0
28.954828 76.566124 0.0246 0.0 22.0
28.954828 80.62431 0.0246 0.0 22.0
28.954828 76.566124 0.0247 0.0 22.0
31.182123 79.95848 0.0247 0.0 22.0
31.182123 79.95848 0.0248 0.0 23.0
34.905838 81.571815 0.0248 0.0 23.0
31.182123 79.95848 0.0249 0.0 23.0
33.409416 83.35084 0.0249 0.0 23.0
0.0 32.46552 0.0250 21.0 9.0
0.0 36.52371 0.0250 21.0 9.0
0.0 36.52371 0.0251 0.0 10.0
-2.2272942 39.91606 0.0251 0.0 10.0
0.0 36.52371 0.0252 20.0 10.0
0.0 40.581898 0.0252 20.0 10.0
0.0 40.581898 0.0253 0.0 11.0
2.2272942 43.97425 0.0253 0.0 11.0
0.0 40.581898 0.0254 0.0 11.0
0.0 44.640087 0.0254 0.0 11.0
0.0 40.581898 0.0255 1.0 11.0
-2.2272942 43.97425 0.0255 1.0 11.0
-2.2272942 43.97425 0.0256 0.0 12.0
-5.951009 45.58759 0.0256 0.0 12.0
-2.2272942 43.97425 0.0257 0.0 12.0
-4.4545884 47.366604 0.0257 0.0 12.0
-4.4545884 47.366604 0.0258 0.0 13.0
-4.4545884 51.424793 0.0258 0.0 13.0
-4.4545884 47.366604 0.0259 0.0 13.0
-6.681883 50.758957 0.0259 0.0 13.0
0.0 40.581898 0.0260 19.0 11.0
0.0 44.640087 0.0260 19.0 11.0
0.0 44.640087 0.0261 0.0 12.0
-2.2272942 48.03244 0.0261 0.0 12.0
0.0 44.640087 0.0262 18.0 12.0
0.0 48.698277 0.0262 18.0 12.0
0.0 48.698277 0.0263 0.0 13.0
2.2272942 52.09063 0.0263 0.0 13.0
0.0 48.698277 0.0264 0.0 13.0
0.0 52.756466 0.0264 0.0 13.0
0.0 48.698277 0.0265 1.0 13.0
2.2272942 52.09063 0.0265 1.0 13.0
2.2272942 52.09063 0.0266 0.0 14.0
2.2272942 56.14882 0.0266 0.0 14.0
2.2272942 52.09063 0.0267 0.0 14.0
4.4545884 55.482983 0.0267 0.0 14.0
4.4545884 55.482983 0.0268 0.0 15.0
8.178303 57.09632 0.0268 0.0 15.0
4.4545884 55.482983 0.0269 0.0 15.0
6.681883 58.875336 0.0269 0.0 15.0
0.0 48.698277 0.0270 1.0 13.0
0.0 52.756466 0.0270 1.0 13.0
0.0 52.756466 0.0271 0.0 14.0
-2.2272942 56.14882 0.0271 0.0 14.0
0.0 52.756466 0.0272 0.0 14.0
0.0 56.814655 0.0272 0.0 14.0
0.0 56.814655 0.0273 0.0 15.0
2.2272942 60.20701 0.0273 0.0 15.0
0.0 56.814655 0.0274 0.0 15.0
0.0 60.872845 0.0274 0.0 15.0
0.0 48.698277 0.0275 5.0 13.0
-2.2272942 52.09063 0.0275 5.0 13.0
-2.2272942 52.09063 0.0276 0.0 14.0
-5.951009 53.703968 0.0276 0.0 14.0
-2.2272942 52.09063 0.0277 4.0 14.0
-4.4545884 55.482983 0.0277 4.0 14.0
-4.4545884 55.482983 0.0278 0.0 15.0
-4.4545884 59.541172 0.0278 0.0 15.0
-4.4545884 55.482983 0.0279 0.0 15.0
-6.681883 58.875336 0.0279 0.0 15.0
-4.4545884 55.482983 0.0280 1.0 15.0
-8.178303 57.09632 0.0280 1.0 15.0
-8.178303 57.09632 0.0281 0.0 16.0
-12.176523 56.401234 0.0281 0.0 16.0
-8.178303 57.09632 0.0282 0.0 16.0
-11.902018 58.70966 0.0282 0.0 16.0
-11.902018 58.70966 0.0283 0.0 17.0
-14.129312 62.102013 0.0283 0.0 17.0
-11.902018 58.70966 0.0284 0.0 17.0
-15.625732 60.322998 0.0284 0.0 17.0
-4.4545884 55.482983 0.0285 3.0 15.0
-6.681883 58.875336 0.0285 3.0 15.0
-6.681883 58.875336 0.0286 0.0 16.0
-10.405598 60.488674 0.0286 0.0 16.0
-6.681883 58.875336 0.0287 2.0 16.0
-8.909177 62.26769 0.0287 2.0 16.0
-8.909177 62.26769 0.0288 0.0 17.0
-8.909177 66.32588 0.0288 0.0 17.0
-8.909177 62.26769 0.0289 0.0 17.0
-11.136471 65.66004 0.0289 0.0 17.0
-8.909177 62.26769 0.0290 1.0 17.0
-8.909177 66.32588 0.0290 1.0 17.0
-8.909177 66.32588 0.0291 0.0 18.0
-11.136471 69.71824 0.0291 0.0 18.0
-8.909177 66.32588 0.0292 0.0 18.0
-8.909177 70.38407 0.0292 0.0 18.0
-8.909177 70.38407 0.0293 0.0 19.0
-6.681883 73.77643 0.0293 0.0 19.0
-8.909177 70.38407 0.0294 0.0 19.0
-8.909177 74.44226 0.0294 0.0 19.0
-8.909177 62.26769 0.0295 1.0 17.0
-11.136471 65.66004 0.0295 1.0 17.0
-11.136471 65.66004 0.0296 0.0 18.0
-14.860186 67.27338 0.0296 0.0 18.0
-11.136471 65.66004 0.0297 0.0 18.0
-13.363765 69.0524 0.0297 0.0 18.0
-13.363765 69.0524 0.0298 0.0 19.0
-13.363765 73.11059 0.0298 0.0 19.0
-13.363765 69.0524 0.0299 0.0 19.0
-15.591059 72.444756 0.0299 0.0 19.0
0.0 48.698277 0.0300 17.0 13.0
0.0 52.756466 0.0300 17.0 13.0
0.0 52.756466 0.0301 0.0 14.0
-2.2272942 56.14882 0.0301 0.0 14.0
0.0 52.756466 0.0302 16.0 14.0
0.0 56.814655 0.0302 16.0 14.0
0.0 56.814655 0.0303 0.0 15.0
2.2272942 60.20701 0.0303 0.0 15.0
0.0 56.814655 0.0304 0.0 15.0
0.0 60.872845 0.0304 0.0 15.0
0.0 56.814655 0.0305 1.0 15.0
-2.2272942 60.20701 0.0305 1.0 15.0
-2.2272942 60.20701 0.0306 0.0 16.0
-5.951009 61.820347 0.0306 0.0 16.0
-2.2272942 60.20701 0.0307 0.0 16.0
-4.4545884 63.59936 0.0307 0.0 16.0
-4.4545884 63.59936 0.0308 0.0 17.0
-4.4545884 67.657555 0.0308 0.0 17.0
-4.4545884 63.59936 0.0309 0.0 17.0
-6.681883 66.991714 0.0309 0.0 17.0
0.0 56.814655 0.0310 15.0 15.0
0.0 60.872845 0.0310 15.0 15.0
0.0 60.872845 0.0311 0.0 16.0
-2.2272942 64.2652 0.0311 0.0 16.0
0.0 60.872845 0.0312 14.0 16.0
0.0 64.93104 0.0312 14.0 16.0
0.0 64.93104 0.0313 0.0 17.0
2.2272942 68.323395 0.0313 0.0 17.0
0.0 64.93104 0.0314 0.0 17.0
0.0 68.98923 0.0314 0.0 17.0
0.0 64.93104 0.0315 1.0 17.0
2.2272942 68.323395 0.0315 1.0 17.0
2.2272942 68.323395 0.0316 0.0 18.0
2.2272942 72.381584 0.0316 0.0 18.0
2.2272942 68.323395 0.0317 0.0 18.0
4.4545884 71.71575 0.0317 0.0 18.0
4.4545884 71.71575 0.0318 0.0 19.0
8.178303 73.32909 0.0318 0.0 19.0
4.4545884 71.71575 0.0319 0.0 19.0
6.681883 75.10811 0.0319 0.0 19.0
0.0 64.93104 0.0320 1.0 17.0
0.0 68.98923 0.0320 1.0 17.0
0.0 68.98923 0.0321 0.0 18.0
-2.2272942 72.381584 0.0321 0.0 18.0
0.0 68.98923 0.0322 0.0 18.0
0.0 73.04742 0.0322 0.0 18.0
0.0 73.04742 0.0323 0.0 19.0
2.2272942 76.43977 0.0323 0.0 19.0
0.0 73.04742 0.0324 0.0 19.0
0.0 77.105606 0.0324 0.0 19.0
0.0 64.93104 0.0325 5.0 17.0
2.2272942 68.323395 0.0325 5.0 17.0
2.2272942 68.323395 0.0326 0.0 18.0
2.2272942 72.381584 0.0326 0.0 18.0
2.2272942 68.323395 0.0327 4.0 18.0
4.4545884 71.71575 0.0327 4.0 18.0
4.4545884 71.71575 0.0328 0.0 19.0
8.178303 73.32909 0.0328 0.0 19.0
4.4545884 71.71575 0.0329 0.0 19.0
6.681883 75.10811 0.0329 0.0 19.0
4.4545884 71.71575 0.0330 1.0 19.0
4.4545884 75.77394 0.0330 1.0 19.0
4.4545884 75.77394 0.0331 0.0 20.0
2.2272942 79.1663 0.0331 0.0 20.0
4.4545884 75.77394 0.0332 0.0 20.0
4.4545884 79.83213 0.0332 0.0 20.0
4.4545884 79.83213 0.0333 0.0 21.0
6.681883 83.22449 0.0333 0.0 21.0
4.4545884 79.83213 0.0334 0.0 21.0
4.4545884 83.89032 0.0334 0.0 21.0
4.4545884 71.71575 0.0335 3.0 19.0
6.681883 75.10811 0.0335 3.0 19.0
6.681883 75.10811 0.0336 0.0 20.0
6.681883 79.1663 0.0336 0.0 20.0
6.681883 75.10811 0.0337 2.0 20.0
8.909177 78.500465 0.0337 2.0 20.0
8.909177 78.500465 0.0338 0.0 21.0
12.632892 80.1138 0.0338 0.0 21.0
8.909177 78.500465 0.0339 0.0 21.0
11.136471 81.89282 0.0339 0.0 21.0
8.909177 78.500465 0.0340 1.0 21.0
12.632892 80.1138 0.0340 1.0 21.0
12.632892 80.1138 0.0341 0.0 22.0
14.860186 83.50616 0.0341 0.0 22.0
12.632892 80.1138 0.0342 0.0 22.0
16.356606 81.727135 0.0342 0.0 22.0
16.356606 81.727135 0.0343 0.0 23.0
20.354826 81.03205 0.0343 0.0 23.0
16.356606 81.727135 0.0344 0.0 23.0
20.08032 83.34047 0.0344 0.0 23.0
8.909177 78.500465 0.0345 1.0 21.0
11.136471 81.89282 0.0345 1.0 21.0
11.136471 81.89282 0.0346 0.0 22.0
11.136471 85.95101 0.0346 0.0 22.0
11.136471 81.89282 0.0347 0.0 22.0
13.363765 85.28518 0.0347 0.0 22.0
13.363765 85.28518 0.0348 0.0 23.0
17.087479 86.89851 0.0348 0.0 23.0
13.363765 85.28518 0.0349 0.0 23.0
15.591059 88.677536 0.0349 0.0 23.0
0.0 64.93104 0.0350 5.0 17.0
0.0 68.98923 0.0350 5.0 17.0
0.0 68.98923 0.0351 0.0 18.0
-2.2272942 72.381584 0.0351 0.0 18.0
0.0 68.98923 0.0352 4.0 18.0
0.0 73.04742 0.0352 4.0 18.0
0.0 73.04742 0.0353 0.0 19.0
2.2272942 76.43977 0.0353 0.0 19.0
0.0 73.04742 0.0354 0.0 19.0
0.0 77.105606 0.0354 0.0 19.0
0.0 73.04742 0.0355 1.0 19.0
-2.2272942 76.43977 0.0355 1.0 19.0
-2.2272942 76.43977 0.0356 0.0 20.0
-5.951009 78.05311 0.0356 0.0 20.0
-2.2272942 76.43977 0.0357 0.0 20.0
-4.4545884 79.83213 0.0357 0.0 20.0
-4.4545884 79.83213 0.0358 0.0 21.0
-4.4545884 83.89032 0.0358 0.0 21.0
-4.4545884 79.83213 0.0359 0.0 21.0
-6.681883 83.22449 0.0359 0.0 21.0
0.0 73.04742 0.0360 3.0 19.0
0.0 77.105606 0.0360 3.0 19.0
0.0 77.105606 0.0361 0.0 20.0
-2.2272942 80.49796 0.0361 0.0 20.0
0.0 77.105606 0.0362 2.0 20.0
0.0 81.163795 0.0362 2.0 20.0
0.0 81.163795 0.0363 0.0 21.0
2.2272942 84.55615 0.0363 0.0 21.0
0.0 81.163795 0.0364 0.0 21.0
0.0 85.221985 0.0364 0.0 21.0
0.0 81.163795 0.0365 1.0 21.0
2.2272942 84.55615 0.0365 1.0 21.0
2.2272942 84.55615 0.0366 0.0 22.0
2.2272942 88.61434 0.0366 0.0 22.0
2.2272942 84.55615 0.0367 0.0 22.0
4.4545884 87.94851 0.0367 0.0 22.0
4.4545884 87.94851 0.0368 0.0 23.0
8.178303 89.561844 0.0368 0.0 23.0
4.4545884 87.94851 0.0369 0.0 23.0
6.681883 91.340866 0.0369 0.0 23.0
0.0 81.163795 0.0370 1.0 21.0
0.0 85.221985 0.0370 1.0 21.0
0.0 85.221985 0.0371 0.0 22.0
-2.2272942 88.61434 0.0371 0.0 22.0
0.0 85.221985 0.0372 0.0 22.0
0.0 89.280174 0.0372 0.0 22.0
0.0 89.280174 0.0373 0.0 23.0
2.2272942 92.67253 0.0373 0.0 23.0
0.0 89.280174 0.0374 0.0 23.0
0.0 93.33836 0.0374 0.0 23.0
0.0 64.93104 0.0375 13.0 17.0
-2.2272942 68.323395 0.0375 13.0 17.0
-2.2272942 68.323395 0.0376 0.0 18.0
-5.951009 69.93673 0.0376 0.0 18.0
-2.2272942 68.323395 0.0377 12.0 18.0
-4.4545884 71.71575 0.0377 12.0 18.0
-4.4545884 71.71575 0.0378 0.0 19.0
-4.4545884 75.77394 0.0378 0.0 19.0
-4.4545884 71.71575 0.0379 0.0 19.0
-6.681883 75.10811 0.0379 0.0 19.0
-4.4545884 71.71575 0.0380 1.0 19.0
-8.178303 73.32909 0.0380 1.0 19.0
-8.178303 73.32909 0.0381 0.0 20.0
-12.176523 72.634 0.0381 0.0 20.0
-8.178303 73.32909 0.0382 0.0 20.0
-11.902018 74.94242 0.0382 0.0 20.0
-11.902018 74.94242 0.0383 0.0 21.0
-14.129312 78.33478 0.0383 0.0 21.0
-11.902018 74.94242 0.0384 0.0 21.0
-15.625732 76.555756 0.0384 0.0 21.0
-4.4545884 71.71575 0.0385 11.0 19.0
-6.681883 75.10811 0.0385 11.0 19.0
-6.681883 75.10811 0.0386 0.0 20.0
-10.405598 76.72144 0.0386 0.0 20.0
-6.681883 75.10811 0.0387 10.0 20.0
-8.909177 78.500465 0.0387 10.0 20.0
-8.909177 78.500465 0.0388 0.0 21.0
-8.909177 82.558655 0.0388 0.0 21.0
-8.909177 78.500465 0.0389 0.0 21.0
-11.136471 81.89282 0.0389 0.0 21.0
-8.909177 78.500465 0.0390 1.0 21.0
-8.909177 82.558655 0.0390 1.0 21.0
-8.909177 82.558655 0.0391 0.0 22.0
-11.136471 85.95101 0.0391 0.0 22.0
-8.909177 82.558655 0.0392 0.0 22.0
-8.909177 86.616844 0.0392 0.0 22.0
-8.909177 86.616844 0.0393 0.0 23.0
-6.681883 90.0092 0.0393 0.0 23.0
-8.909177 86.616844 0.0394 0.0 23.0
-8.909177 90.67503 0.0394 0.0 23.0
-8.909177 78.500465 0.0395 1.0 21.0
-11.136471 81.89282 0.0395 1.0 21.0
-11.136471 81.89282 0.0396 0.0 22.0
-14.860186 83.50616 0.0396 0.0 22.0
-11.136471 81.89282 0.0397 0.0 22.0
-13.363765 85.28518 0.0397 0.0 22.0
-13.363765 85.28518 0.0398 0.0 23.0
-13.363765 89.34337 0.0398 0.0 23.0
-13.363765 85.28518 0.0399 0.0 23.0
-15.591059 88.677536 0.0399 0.0 23.0
-8.909177 78.500465 0.0400 5.0 21.0
-12.632892 80.1138 0.0400 5.0 21.0
-12.632892 80.1138 0.0401 0.0 22.0
-16.631111 79.41872 0.0401 0.0 22.0
-12.632892 80.1138 0.0402 4.0 22.0
-16.356606 81.727135 0.0402 4.0 22.0
-16.356606 81.727135 0.0403 0.0 23.0
-18.5839 85.11949 0.0403 0.0 23.0
-16.356606 81.727135 0.0404 0.0 23.0
-20.08032 83.34047 0.0404 0.0 23.0
-16.356606 81.727135 0.0405 1.0 23.0
-20.354826 81.03205 0.0405 1.0 23.0
-20.354826 81.03205 0.0406 0.0 24.0
-23.31556 78.25663 0.0406 0.0 24.0
-20.354826 81.03205 0.0407 0.0 24.0
-24.353046 80.33697 0.0407 0.0 24.0
-24.353046 80.33697 0.0408 0.0 25.0
-28.076761 81.9503 0.0408 0.0 25.0
-24.353046 80.33697 0.0409 0.0 25.0
-28.351267 79.641884 0.0409 0.0 25.0
-16.356606 81.727135 0.0410 3.0 23.0
-20.08032 83.34047 0.0410 3.0 23.0
-20.08032 83.34047 0.0411 0.0 24.0
-24.07854 82.645386 0.0411 0.0 24.0
-20.08032 83.34047 0.0412 2.0 24.0
-23.804035 84.953804 0.0412 2.0 24.0
-23.804035 84.953804 0.0413 0.0 25.0
-26.03133 88.34616 0.0413 0.0 25.0
-23.804035 84.953804 0.0414 0.0 25.0
-27.52775 86.56714 0.0414 0.0 25.0
-23.804035 84.953804 0.0415 1.0 25.0
-26.03133 88.34616 0.0415 1.0 25.0
-26.03133 88.34616 0.0416 0.0 26.0
-29.755045 89.959496 0.0416 0.0 26.0
-26.03133 88.34616 0.0417 0.0 26.0
-28.258625 91.73852 0.0417 0.0 26.0
-28.258625 91.73852 0.0418 0.0 27.0
-28.258625 95.79671 0.0418 0.0 27.0
-28.258625 91.73852 0.0419 0.0 27.0
-30.48592 95.130875 0.0419 0.0 27.0
-23.804035 84.953804 0.0420 1.0 25.0
-27.52775 86.56714 0.0420 1.0 25.0
-27.52775 86.56714 0.0421 0.0 26.0
-31.52597 85.872055 0.0421 0.0 26.0
-27.52775 86.56714 0.0422 0.0 26.0
-31.251465 88.18047 0.0422 0.0 26.0
-31.251465 88.18047 0.0423 0.0 27.0
-33.47876 91.57283 0.0423 0.0 27.0
-31.251465 88.18047 0.0424 0.0 27.0
-34.97518 89.79381 0.0424 0.0 27.0
-8.909177 78.500465 0.0425 9.0 21.0
-11.136471 81.89282 0.0425 9.0 21.0
-11.136471 81.89282 0.0426 0.0 22.0
-14.860186 83.50616 0.0426 0.0 22.0
-11.136471 81.89282 0.0427 8.0 22.0
-13.363765 85.28518 0.0427 8.0 22.0
-13.363765 85.28518 0.0428 0.0 23.0
-13.363765 89.34337 0.0428 0.0 23.0
-13.363765 85.28518 0.0429 0.0 23.0
-15.591059 88.677536 0.0429 0.0 23.0
-13.363765 85.28518 0.0430 1.0 23.0
-17.087479 86.89851 0.0430 1.0 23.0
-17.087479 86.89851 0.0431 0.0 24.0
-21.0857 86.20343 0.0431 0.0 24.0
-17.087479 86.89851 0.0432 0.0 24.0
-20.811193 88.51185 0.0432 0.0 24.0
-20.811193 88.51185 0.0433 0.0 25.0
-23.038488 91.904205 0.0433 0.0 25.0
-20.811193 88.51185 0.0434 0.0 25.0
-24.534908 90.12518 0.0434 0.0 25.0
-13.363765 85.28518 0.0435 7.0 23.0
-15.591059 88.677536 0.0435 7.0 23.0
-15.591059 88.677536 0.0436 0.0 24.0
-19.314774 90.29087 0.0436 0.0 24.0
-15.591059 88.677536 0.0437 6.0 24.0
-17.818354 92.06989 0.0437 6.0 24.0
-17.818354 92.06989 0.0438 0.0 25.0
-17.818354 96.12808 0.0438 0.0 25.0
-17.818354 92.06989 0.0439 0.0 25.0
-20.045649 95.46225 0.0439 0.0 25.0
-17.818354 92.06989 0.0440 1.0 25.0
-17.818354 96.12808 0.0440 1.0 25.0
-17.818354 96.12808 0.0441 0.0 26.0
-20.045649 99.52044 0.0441 0.0 26.0
-17.818354 96.12808 0.0442 0.0 26.0
-17.818354 100.18627 0.0442 0.0 26.0
-17.818354 100.18627 0.0443 0.0 27.0
-15.59106 103.57863 0.0443 0.0 27.0
-17.818354 100.18627 0.0444 0.0 27.0
-17.818354 104.24446 0.0444 0.0 27.0
-17.818354 92.06989 0.0445 1.0 25.0
-20.045649 95.46225 0.0445 1.0 25.0
-20.045649 95.46225 0.0446 0.0 26.0
-23.769363 97.075584 0.0446 0.0 26.0
-20.045649 95.46225 0.0447 0.0 26.0
-22.272943 98.85461 0.0447 0.0 26.0
-22.272943 98.85461 0.0448 0.0 27.0
-22.272943 102.912796 0.0448 0.0 27.0
-22.272943 98.85461 0.0449 0.0 27.0
-24.500238 102.24696 0.0449 0.0 27.0
-17.818354 92.06989 0.0450 5.0 25.0
-17.818354 96.12808 0.0450 5.0 25.0
-17.818354 96.12808 0.0451 0.0 26.0
-20.045649 99.52044 0.0451 0.0 26.0
-17.818354 96.12808 0.0452 4.0 26.0
-17.818354 100.18627 0.0452 4.0 26.0
-17.818354 100.18627 0.0453 0.0 27.0
-15.59106 103.57863 0.0453 0.0 27.0
-17.818354 100.18627 0.0454 0.0 27.0
-17.818354 104.24446 0.0454 0.0 27.0
-17.818354 100.18627 0.0455 1.0 27.0
-20.045649 103.57863 0.0455 1.0 27.0
-20.045649 103.57863 0.0456 0.0 28.0
-23.769363 105.19196 0.0456 0.0 28.0
-20.045649 103.57863 0.0457 0.0 28.0
-22.272943 106.970985 0.0457 0.0 28.0
-22.272943 106.970985 0.0458 0.0 29.0
-22.272943 111.029175 0.0458 0.0 29.0
-22.272943 106.970985 0.0459 0.0 29.0
-24.500238 110.36334 0.0459 0.0 29.0
-17.818354 100.18627 0.0460 3.0 27.0
-17.818354 104.24446 0.0460 3.0 27.0
-17.818354 104.24446 0.0461 0.0 28.0
-20.045649 107.63682 0.0461 0.0 28.0
-17.818354 104.24446 0.0462 2.0 28.0
-17.818354 108.30265 0.0462 2.0 28.0
-17.818354 108.30265 0.0463 0.0 29.0
-15.59106 111.69501 0.0463 0.0 29.0
-17.818354 108.30265 0.0464 0.0 29.0
-17.818354 112.36084 0.0464 0.0 29.0
-17.818354 108.30265 0.0465 1.0 29.0
-15.59106 111.69501 0.0465 1.0 29.0
-15.59106 111.69501 0.0466 0.0 30.0
-15.59106 115.7532 0.0466 0.0 30.0
-15.59106 111.69501 0.0467 0.0 30.0
-13.363766 115.087364 0.0467 0.0 30.0
-13.363766 115.087364 0.0468 0.0 31.0
-9.640051 116.7007 0.0468 0.0 31.0
-13.363766 115.087364 0.0469 0.0 31.0
-11.136472 118.47972 0.0469 0.0 31.0
-17.818354 108.30265 0.0470 1.0 29.0
-17.818354 112.36084 0.0470 1.0 29.0
-17.818354 112.36084 0.0471 0.0 30.0
-20.045649 115.7532 0.0471 0.0 30.0
-17.818354 112.36084 0.0472 0.0 30.0
-17.818354 116.41903 0.0472 0.0 30.0
-17.818354 116.41903 0.0473 0.0 31.0
-15.59106 119.811386 0.0473 0.0 31.0
-17.818354 116.41903 0.0474 0.0 31.0
-17.818354 120.47722 0.0474 0.0 31.0
-17.818354 92.06989 0.0475 5.0 25.0
-20.045649 95.46225 0.0475 5.0 25.0
-20.045649 95.46225 0.0476 0.0 26.0
-23.769363 97.075584 0.0476 0.0 26.0
-20.045649 95.46225 0.0477 4.0 26.0
-22.272943 98.85461 0.0477 4.0 26.0
-22.272943 98.85461 0.0478 0.0 27.0
-22.272943 102.912796 0.0478 0.0 27.0
-22.272943 98.85461 0.0479 0.0 27.0
-24.500238 102.24696 0.0479 0.0 27.0
-22.272943 98.85461 0.0480 1.0 27.0
-25.996658 100.46794 0.0480 1.0 27.0
-25.996658 100.46794 0.0481 0.0 28.0
-29.994879 99.77286 0.0481 0.0 28.0
-25.996658 100.46794 0.0482 0.0 28.0
-29.720373 102.081276 0.0482 0.0 28.0
-29.720373 102.081276 0.0483 0.0 29.0
-31.947668 105.47363 0.0483 0.0 29.0
-29.720373 102.081276 0.0484 0.0 29.0
-33.444088 103.69461 0.0484 0.0 29.0
-22.272943 98.85461 0.0485 3.0 27.0
-24.500238 102.24696 0.0485 3.0 27.0
-24.500238 102.24696 0.0486 0.0 28.0
-28.223953 103.8603 0.0486 0.0 28.0
-24.500238 102.24696 0.0487 2.0 28.0
-26.727533 105.63932 0.0487 2.0 28.0
-26.727533 105.63932 0.0488 0.0 29.0
-26.727533 109.69751 0.0488 0.0 29.0
-26.727533 105.63932 0.0489 0.0 29.0
-28.954828 109.03168 0.0489 0.0 29.0
-26.727533 105.63932 0.0490 1.0 29.0
-26.727533 109.69751 0.0490 1.0 29.0
-26.727533 109.69751 0.0491 0.0 30.0
-28.954828 113.08987 0.0491 0.0 30.0
-26.727533 109.69751 0.0492 0.0 30.0
-26.727533 113.7557 0.0492 0.0 30.0
-26.727533 113.7557 0.0493 0.0 31.0
-24.500238 117.148056 0.0493 0.0 31.0
-26.727533 113.7557 0.0494 0.0 31.0
-26.727533 117.81389 0.0494 0.0 31.0
-26.727533 105.63932 0.0495 1.0 29.0
-28.954828 109.03168 0.0495 1.0 29.0
-28.954828 109.03168 0.0496 0.0 30.0
-32.678543 110.64501 0.0496 0.0 30.0
-28.954828 109.03168 0.0497 0.0 30.0
-31.182123 112.424034 0.0497 0.0 30.0
-31.182123 112.424034 0.0498 0.0 31.0
-31.182123 116.48222 0.0498 0.0 31.0
-31.182123 112.424034 0.0499 0.0 31.0
-33.409416 115.81639 0.0499 0.0 31.0
0.0 64.93104 0.0500 13.0 17.0
0.0 68.98923 0.0500 13.0 17.0
0.0 68.98923 0.0501 0.0 18.0
-2.2272942 72.381584 0.0501 0.0 18.0
0.0 68.98923 0.0502 12.0 18.0
0.0 73.04742 0.0502 12.0 18.0
0.0 73.04742 0.0503 0.0 19.0
2.2272942 76.43977 0.0503 0.0 19.0
0.0 73.04742 0.0504 0.0 19.0
0.0 77.105606 0.0504 0.0 19.0
0.0 73.04742 0.0505 1.0 19.0
-2.2272942 76.43977 0.0505 1.0 19.0
-2.2272942 76.43977 0.0506 0.0 20.0
-5.951009 78.05311 0.0506 0.0 20.0
-2.2272942 76.43977 0.0507 0.0 20.0
-4.4545884 79.83213 0.0507 0.0 20.0
-4.4545884 79.83213 0.0508 0.0 21.0
-4.4545884 83.89032 0.0508 0.0 21.0
-4.4545884 79.83213 0.0509 0.0 21.0
-6.681883 83.22449 0.0509 0.0 21.0
0.0 73.04742 0.0510 11.0 19.0
0.0 77.105606 0.0510 11.0 19.0
0.0 77.105606 0.0511 0.0 20.0
-2.2272942 80.49796 0.0511 0.0 20.0
0.0 77.105606 0.0512 10.0 20.0
0.0 81.163795 0.0512 10.0 20.0
0.0 81.163795 0.0513 0.0 21.0
2.2272942 84.55615 0.0513 0.0 21.0
0.0 81.163795 0.0514 0.0 21.0
0.0 85.221985 0.0514 0.0 21.0
0.0 81.163795 0.0515 1.0 21.0
2.2272942 84.55615 0.0515 1.0 21.0
2.2272942 84.55615 0.0516 0.0 22.0
2.2272942 88.61434 0.0516 0.0 22.0
2.2272942 84.55615 0.0517 0.0 22.0
4.4545884 87.94851 0.0517 0.0 22.0
4.4545884 87.94851 0.0518 0.0 23.0
8.178303 89.561844 0.0518 0.0 23.0
4.4545884 87.94851 0.0519 0.0 23.0
6.681883 91.340866 0.0519 0.0 23.0
0.0 81.163795 0.0520 1.0 21.0
0.0 85.221985 0.0520 1.0 21.0
0.0 85.221985 0.0521 0.0 22.0
-2.2272942 88.61434 0.0521 0.0 22.0
0.0 85.221985 0.0522 0.0 22.0
0.0 89.280174 0.0522 0.0 22.0
0.0 89.280174 0.0523 0.0 23.0
2.2272942 92.67253 0.0523 0.0 23.0
0.0 89.280174 0.0524 0.0 23.0
0.0 93.33836 0.0524 0.0 23.0
0.0 81.163795 0.0525 5.0 21.0
-2.2272942 84.55615 0.0525 5.0 21.0
-2.2272942 84.55615 0.0526 0.0 22.0
-5.951009 86.16949 0.0526 0.0 22.0
-2.2272942 84.55615 0.0527 4.0 22.0
-4.4545884 87.94851 0.0527 4.0 22.0
-4.4545884 87.94851 0.0528 0.0 23.0
-4.4545884 92.0067 0.0528 0.0 23.0
-4.4545884 87.94851 0.0529 0.0 23.0
-6.681883 91.340866 0.0529 0.0 23.0
-4.4545884 87.94851 0.0530 1.0 23.0
-8.178303 89.561844 0.0530 1.0 23.0
-8.178303 89.561844 0.0531 0.0 24.0
-12.176523 88.86676 0.0531 0.0 24.0
-8.178303 89.561844 0.0532 0.0 24.0
-11.902018 91.17518 0.0532 0.0 24.0
-11.902018 91.17518 0.0533 0.0 25.0
-14.129312 94.567535 0.0533 0.0 25.0
-11.902018 91.17518 0.0534 0.0 25.0
-15.625732 92.78851 0.0534 0.0 25.0
-4.4545884 87.94851 0.0535 3.0 23.0
-6.681883 91.340866 0.0535 3.0 23.0
-6.681883 91.340866 0.0536 0.0 24.0
-10.405598 92.9542 0.0536 0.0 24.0
-6.681883 91.340866 0.0537 2.0 24.0
-8.909177 94.73322 0.0537 2.0 24.0
-8.909177 94.73322 0.0538 0.0 25.0
-8.909177 98.79141 0.0538 0.0 25.0
-8.909177 94.73322 0.0539 0.0 25.0
-11.136471 98.12558 0.0539 0.0 25.0
-8.909177 94.73322 0.0540 1.0 25.0
-8.909177 98.79141 0.0540 1.0 25.0
-8.909177 98.79141 0.0541 0.0 26.0
-11.136471 102.18377 0.0541 0.0 26.0
-8.909177 98.79141 0.0542 0.0 26.0
-8.909177 102.8496 0.0542 0.0 26.0
-8.909177 102.8496 0.0543 0.0 27.0
-6.681883 106.24196 0.0543 0.0 27.0
-8.909177 102.8496 0.0544 0.0 27.0
-8.909177 106.90779 0.0544 0.0 27.0
-8.909177 94.73322 0.0545 1.0 25.0
-11.136471 98.12558 0.0545 1.0 25.0
-11.136471 98.12558 0.0546 0.0 26.0
-14.860186 99.738914 0.0546 0.0 26.0
-11.136471 98.12558 0.0547 0.0 26.0
-13.363765 101.51794 0.0547 0.0 26.0
-13.363765 101.51794 0.0548 0.0 27.0
-13.363765 105.576126 0.0548 0.0 27.0
-13.363765 101.51794 0.0549 0.0 27.0
-15.591059 104.91029 0.0549 0.0 27.0
0.0 81.163795 0.0550 9.0 21.0
0.0 85.221985 0.0550 9.0 21.0
0.0 85.221985 0.0551 0.0 22.0
-2.2272942 88.61434 0.0551 0.0 22.0
0.0 85.221985 0.0552 8.0 22.0
0.0 89.280174 0.0552 8.0 22.0
0.0 89.280174 0.0553 0.0 23.0
2.2272942 92.67253 0.0553 0.0 23.0
0.0 89.280174 0.0554 0.0 23.0
0.0 93.33836 0.0554 0.0 23.0
0.0 89.280174 0.0555 1.0 23.0
-2.2272942 92.67253 0.0555 1.0 23.0
-2.2272942 92.67253 0.0556 0.0 24.0
-5.951009 94.285866 0.0556 0.0 24.0
-2.2272942 92.67253 0.0557 0.0 24.0
-4.4545884 96.06489 0.0557 0.0 24.0
-4.4545884 96.06489 0.0558 0.0 25.0
-4.4545884 100.12308 0.0558 0.0 25.0
-4.4545884 96.06489 0.0559 0.0 25.0
-6.681883 99.457245 0.0559 0.0 25.0
0.0 89.280174 0.0560 7.0 23.0
0.0 93.33836 0.0560 7.0 23.0
0.0 93.33836 0.0561 0.0 24.0
-2.2272942 96.73072 0.0561 0.0 24.0
0.0 93.33836 0.0562 6.0 24.0
0.0 97.39655 0.0562 6.0 24.0
0.0 97.39655 0.0563 0.0 25.0
2.2272942 100.78891 0.0563 0.0 25.0
0.0 97.39655 0.0564 0.0 25.0
0.0 101.45474 0.0564 0.0 25.0
0.0 97.39655 0.0565 1.0 25.0
2.2272942 100.78891 0.0565 1.0 25.0
2.2272942 100.78891 0.0566 0.0 26.0
2.2272942 104.8471 0.0566 0.0 26.0
2.2272942 100.78891 0.0567 0.0 26.0
4.4545884 104.18127 0.0567 0.0 26.0
4.4545884 104.18127 0.0568 0.0 27.0
8.178303 105.7946 0.0568 0.0 27.0
4.4545884 104.18127 0.0569 0.0 27.0
6.681883 107.57362 0.0569 0.0 27.0
0.0 97.39655 0.0570 1.0 25.0
0.0 101.45474 0.0570 1.0 25.0
0.0 101.45474 0.0571 0.0 26.0
-2.2272942 104.8471 0.0571 0.0 26.0
0.0 101.45474 0.0572 0.0 26.0
0.0 105.51293 0.0572 0.0 26.0
0.0 105.51293 0.0573 0.0 27.0
2.2272942 108.90529 0.0573 0.0 27.0
0.0 105.51293 0.0574 0.0 27.0
0.0 109.57112 0.0574 0.0 27.0
0.0 97.39655 0.0575 5.0 25.0
2.2272942 100.78891 0.0575 5.0 25.0
2.2272942 100.78891 0.0576 0.0 26.0
2.2272942 104.8471 0.0576 0.0 26.0
2.2272942 100.78891 0.0577 4.0 26.0
4.4545884 104.18127 0.0577 4.0 26.0
4.4545884 104.18127 0.0578 0.0 27.0
8.178303 105.7946 0.0578 0.0 27.0
4.4545884 104.18127 0.0579 0.0 27.0
6.681883 107.57362 0.0579 0.0 27.0
4.4545884 104.18127 0.0580 1.0 27.0
4.4545884 108.239456 0.0580 1.0 27.0
4.4545884 108.239456 0.0581 0.0 28.0
2.2272942 111.63181 0.0581 0.0 28.0
4.4545884 108.239456 0.0582 0.0 28.0
4.4545884 112.297646 0.0582 0.0 28.0
4.4545884 112.297646 0.0583 0.0 29.0
6.681883 115.69 0.0583 0.0 29.0
4.4545884 112.297646 0.0584 0.0 29.0
4.4545884 116.355835 0.0584 0.0 29.0
4.4545884 104.18127 0.0585 3.0 27.0
6.681883 107.57362 0.0585 3.0 27.0
6.681883 107.57362 0.0586 0.0 28.0
6.681883 111.63181 0.0586 0.0 28.0
6.681883 107.57362 0.0587 2.0 28.0
8.909177 110.96598 0.0587 2.0 28.0
8.909177 110.96598 0.0588 0.0 29.0
12.632892 112.579315 0.0588 0.0 29.0
8.909177 110.96598 0.0589 0.0 29.0
11.136471 114.35834 0.0589 0.0 29.0
8.909177 110.96598 0.0590 1.0 29.0
12.632892 112.579315 0.0590 1.0 29.0
12.632892 112.579315 0.0591 0.0 30.0
14.860186 115.97167 0.0591 0.0 30.0
12.632892 112.579315 0.0592 0.0 30.0
16.356606 114.19265 0.0592 0.0 30.0
16.356606 114.19265 0.0593 0.0 31.0
20.354826 113.49757 0.0593 0.0 31.0
16.356606 114.19265 0.0594 0.0 31.0
20.08032 115.805984 0.0594 0.0 31.0
8.909177 110.96598 0.0595 1.0 29.0
11.136471 114.35834 0.0595 1.0 29.0
11.136471 114.35834 0.0596 0.0 30.0
11.136471 118.41653 0.0596 0.0 30.0
11.136471 114.35834 0.0597 0.0 30.0
13.363765 117.750694 0.0597 0.0 30.0
13.363765 117.750694 0.0598 0.0 31.0
17.087479 119.36403 0.0598 0.0 31.0
13.363765 117.750694 0.0599 0.0 31.0
15.591059 121.14305 0.0599 0.0 31.0
0.0 97.39655 0.0600 5.0 25.0
0.0 101.45474 0.0600 5.0 25.0
0.0 101.45474 0.0601 0.0 26.0
-2.2272942 104.8471 0.0601 0.0 26.0
0.0 101.45474 0.0602 4.0 26.0
0.0 105.51293 0.0602 4.0 26.0
0.0 105.51293 0.0603 0.0 27.0
2.2272942 108.90529 0.0603 0.0 27.0
0.0 105.51293 0.0604 0.0 27.0
0.0 109.57112 0.0604 0.0 27.0
0.0 105.51293 0.0605 1.0 27.0
-2.2272942 108.90529 0.0605 1.0 27.0
-2.2272942 108.90529 0.0606 0.0 28.0
-5.951009 110.51862 0.0606 0.0 28.0
-2.2272942 108.90529 0.0607 0.0 28.0
-4.4545884 112.297646 0.0607 0.0 28.0
-4.4545884 112.297646 0.0608 0.0 29.0
-4.4545884 116.355835 0.0608 0.0 29.0
-4.4545884 112.297646 0.0609 0.0 29.0
-6.681883 115.69 0.0609 0.0 29.0
0.0 105.51293 0.0610 3.0 27.0
0.0 109.57112 0.0610 3.0 27.0
0.0 109.57112 0.0611 0.0 28.0
-2.2272942 112.96348 0.0611 0.0 28.0
0.0 109.57112 0.0612 2.0 28.0
0.0 113.62931 0.0612 2.0 28.0
0.0 113.62931 0.0613 0.0 29.0
2.2272942 117.02167 0.0613 0.0 29.0
0.0 113.62931 0.0614 0.0 29.0
0.0 117.6875 0.0614 0.0 29.0
0.0 113.62931 0.0615 1.0 29.0
2.2272942 117.02167 0.0615 1.0 29.0
2.2272942 117.02167 0.0616 0.0 30.0
2.2272942 121.07986 0.0616 0.0 30.0
2.2272942 117.02167 0.0617 0.0 30.0
4.4545884 120.414024 0.0617 0.0 30.0
4.4545884 120.414024 0.0618 0.0 31.0
8.178303 122.02736 0.0618 0.0 31.0
4.4545884 120.414024 0.0619 0.0 31.0
6.681883 123.80638 0.0619 0.0 31.0
0.0 113.62931 0.0620 1.0 29.0
0.0 117.6875 0.0620 1.0 29.0
0.0 117.6875 0.0621 0.0 30.0
-2.2272942 121.07986 0.0621 0.0 30.0
0.0 117.6875 0.0622 0.0 30.0
0.0 121.74569 0.0622 0.0 30.0
0.0 121.74569 0.0623 0.0 31.0
2.2272942 125.13805 0.0623 0.0 31.0
0.0 121.74569 0.0624 0.0 31.0
0.0 125.80388 0.0624 0.0 31.0
