0.0 0.0 0.00 79.0 1.0
0.0 3.6634498 0.00 79.0 1.0
0.0 3.6634498 0.01 0.0 2.0
-1.6600373 6.929202 0.01 0.0 2.0
0.0 3.6634498 0.02 78.0 2.0
0.0 7.3268995 0.02 78.0 2.0
0.0 7.3268995 0.03 0.0 3.0
1.6600373 10.592652 0.03 0.0 3.0
0.0 7.3268995 0.04 77.0 3.0
0.0 10.990349 0.04 77.0 3.0
0.0 10.990349 0.05 1.0 4.0
-1.6600373 14.256102 0.05 1.0 4.0
-1.6600373 14.256102 0.06 0.0 5.0
-4.619691 16.41511 0.06 0.0 5.0
-1.6600373 14.256102 0.07 0.0 5.0
-3.3200746 17.521854 0.07 0.0 5.0
-3.3200746 17.521854 0.08 0.0 6.0
-3.3200746 21.185305 0.08 0.0 6.0
-3.3200746 17.521854 0.09 0.0 6.0
-4.980112 20.787607 0.09 0.0 6.0
0.0 10.990349 0.010 76.0 4.0
0.0 14.653799 0.010 76.0 4.0
0.0 14.653799 0.011 0.0 5.0
-1.6600373 17.919552 0.011 0.0 5.0
0.0 14.653799 0.012 75.0 5.0
0.0 18.31725 0.012 75.0 5.0
0.0 18.31725 0.013 0.0 6.0
1.6600373 21.583002 0.013 0.0 6.0
0.0 18.31725 0.014 74.0 6.0
0.0 21.9807 0.014 74.0 6.0
0.0 21.9807 0.015 1.0 7.0
1.6600373 25.246452 0.015 1.0 7.0
1.6600373 25.246452 0.016 0.0 8.0
1.6600373 28.909903 0.016 0.0 8.0
1.6600373 25.246452 0.017 0.0 8.0
3.3200746 28.512205 0.017 0.0 8.0
3.3200746 28.512205 0.018 0.0 9.0
6.279728 30.671213 0.018 0.0 9.0
3.3200746 28.512205 0.019 0.0 9.0
4.980112 31.777958 0.019 0.0 9.0
0.0 21.9807 0.020 73.0 7.0
0.0 25.64415 0.020 73.0 7.0
0.0 25.64415 0.021 0.0 8.0
-1.6600373 28.909903 0.021 0.0 8.0
0.0 25.64415 0.022 72.0 8.0
0.0 29.3076 0.022 72.0 8.0
0.0 29.3076 0.023 0.0 9.0
1.6600373 32.573353 0.023 0.0 9.0
0.0 29.3076 0.024 71.0 9.0
0.0 32.97105 0.024 71.0 9.0
0.0 32.97105 0.025 7.0 10.0
1.6600373 36.2368 0.025 7.0 10.0
1.6600373 36.2368 0.026 0.0 11.0
1.6600373 39.90025 0.026 0.0 11.0
1.6600373 36.2368 0.027 6.0 11.0
3.3200746 39.502552 0.027 6.0 11.0
3.3200746 39.502552 0.028 0.0 12.0
6.279728 41.66156 0.028 0.0 12.0
3.3200746 39.502552 0.029 5.0 12.0
4.980112 42.768303 0.029 5.0 12.0
4.980112 42.768303 0.030 1.0 13.0
4.980112 46.43175 0.030 1.0 13.0
4.980112 46.43175 0.031 0.0 14.0
3.3200748 49.697502 0.031 0.0 14.0
4.980112 46.43175 0.032 0.0 14.0
4.980112 50.0952 0.032 0.0 14.0
4.980112 50.0952 0.033 0.0 15.0
6.640149 53.36095 0.033 0.0 15.0
4.980112 50.0952 0.034 0.0 15.0
4.980112 53.758648 0.034 0.0 15.0
4.980112 42.768303 0.035 4.0 13.0
6.640149 46.034054 0.035 4.0 13.0
6.640149 46.034054 0.036 0.0 14.0
6.640149 49.697502 0.036 0.0 14.0
6.640149 46.034054 0.037 3.0 14.0
8.300186 49.299805 0.037 3.0 14.0
8.300186 49.299805 0.038 0.0 15.0
11.25984 51.458813 0.038 0.0 15.0
8.300186 49.299805 0.039 2.0 15.0
9.960223 52.565556 0.039 2.0 15.0
9.960223 52.565556 0.040 1.0 16.0
12.919877 54.724564 0.040 1.0 16.0
12.919877 54.724564 0.041 0.0 17.0
14.579914 57.990314 0.041 0.0 17.0
12.919877 54.724564 0.042 0.0 17.0
15.879531 56.88357 0.042 0.0 17.0
15.879531 56.88357 0.043 0.0 18.0
19.496212 57.46708 0.043 0.0 18.0
15.879531 56.88357 0.044 0.0 18.0
18.839184 59.04258 0.044 0.0 18.0
9.960223 52.565556 0.045 1.0 16.0
11.62026 55.831306 0.045 1.0 16.0
11.62026 55.831306 0.046 0.0 17.0
11.62026 59.494755 0.046 0.0 17.0
11.62026 55.831306 0.047 0.0 17.0
13.280297 59.097057 0.047 0.0 17.0
13.280297 59.097057 0.048 0.0 18.0
16.23995 61.256065 0.048 0.0 18.0
13.280297 59.097057 0.049 0.0 18.0
14.940334 62.36281 0.049 0.0 18.0
0.0 32.97105 0.050 70.0 10.0
0.0 36.6345 0.050 70.0 10.0
0.0 36.6345 0.051 0.0 11.0
-1.6600373 39.90025 0.051 0.0 11.0
0.0 36.6345 0.052 69.0 11.0
0.0 40.297947 0.052 69.0 11.0
0.0 40.297947 0.053 0.0 12.0
1.6600373 43.563698 0.053 0.0 12.0
0.0 40.297947 0.054 68.0 12.0
0.0 43.961395 0.054 68.0 12.0
0.0 43.961395 0.055 1.0 13.0
-1.6600373 47.227146 0.055 1.0 13.0
-1.6600373 47.227146 0.056 0.0 14.0
-4.619691 49.386154 0.056 0.0 14.0
-1.6600373 47.227146 0.057 0.0 14.0
-3.3200746 50.492897 0.057 0.0 14.0
-3.3200746 50.492897 0.058 0.0 15.0
-3.3200746 54.156345 0.058 0.0 15.0
-3.3200746 50.492897 0.059 0.0 15.0
-4.980112 53.758648 0.059 0.0 15.0
0.0 43.961395 0.060 67.0 13.0
0.0 47.624844 0.060 67.0 13.0
0.0 47.624844 0.061 0.0 14.0
-1.6600373 50.890594 0.061 0.0 14.0
0.0 47.624844 0.062 66.0 14.0
0.0 51.288292 0.062 66.0 14.0
0.0 51.288292 0.063 0.0 15.0
1.6600373 54.554043 0.063 0.0 15.0
0.0 51.288292 0.064 65.0 15.0
0.0 54.95174 0.064 65.0 15.0
0.0 54.95174 0.065 1.0 16.0
1.6600373 58.21749 0.065 1.0 16.0
1.6600373 58.21749 0.066 0.0 17.0
1.6600373 61.88094 0.066 0.0 17.0
1.6600373 58.21749 0.067 0.0 17.0
3.3200746 61.483242 0.067 0.0 17.0
3.3200746 61.483242 0.068 0.0 18.0
6.279728 63.64225 0.068 0.0 18.0
3.3200746 61.483242 0.069 0.0 18.0
4.980112 64.74899 0.069 0.0 18.0
0.0 54.95174 0.070 64.0 16.0
0.0 58.61519 0.070 64.0 16.0
0.0 58.61519 0.071 0.0 17.0
-1.6600373 61.88094 0.071 0.0 17.0
0.0 58.61519 0.072 63.0 17.0
0.0 62.278637 0.072 63.0 17.0
0.0 62.278637 0.073 0.0 18.0
1.6600373 65.54439 0.073 0.0 18.0
0.0 62.278637 0.074 62.0 18.0
0.0 65.942085 0.074 62.0 18.0
0.0 65.942085 0.075 7.0 19.0
-1.6600373 69.20784 0.075 7.0 19.0
-1.6600373 69.20784 0.076 0.0 20.0
-4.619691 71.366844 0.076 0.0 20.0
-1.6600373 69.20784 0.077 6.0 20.0
-3.3200746 72.473595 0.077 6.0 20.0
-3.3200746 72.473595 0.078 0.0 21.0
-3.3200746 76.13705 0.078 0.0 21.0
-3.3200746 72.473595 0.079 5.0 21.0
-4.980112 75.73935 0.079 5.0 21.0
-4.980112 75.73935 0.080 1.0 22.0
-7.939766 77.89835 0.080 1.0 22.0
-7.939766 77.89835 0.081 0.0 23.0
-11.556447 78.48186 0.081 0.0 23.0
-7.939766 77.89835 0.082 0.0 23.0
-10.89942 80.05736 0.082 0.0 23.0
-10.89942 80.05736 0.083 0.0 24.0
-12.559457 83.32311 0.083 0.0 24.0
-10.89942 80.05736 0.084 0.0 24.0
-13.859074 82.21636 0.084 0.0 24.0
-4.980112 75.73935 0.085 4.0 22.0
-6.640149 79.005104 0.085 4.0 22.0
-6.640149 79.005104 0.086 0.0 23.0
-9.599803 81.16411 0.086 0.0 23.0
-6.640149 79.005104 0.087 3.0 23.0
-8.300186 82.27086 0.087 3.0 23.0
-8.300186 82.27086 0.088 0.0 24.0
-8.300186 85.93431 0.088 0.0 24.0
-8.300186 82.27086 0.089 2.0 24.0
-9.960223 85.53661 0.089 2.0 24.0
-9.960223 85.53661 0.090 1.0 25.0
-9.960223 89.200066 0.090 1.0 25.0
-9.960223 89.200066 0.091 0.0 26.0
-11.62026 92.46582 0.091 0.0 26.0
-9.960223 89.200066 0.092 0.0 26.0
-9.960223 92.86352 0.092 0.0 26.0
-9.960223 92.86352 0.093 0.0 27.0
-8.300186 96.12927 0.093 0.0 27.0
-9.960223 92.86352 0.094 0.0 27.0
-9.960223 96.52697 0.094 0.0 27.0
-9.960223 85.53661 0.095 1.0 25.0
-11.62026 88.80237 0.095 1.0 25.0
-11.62026 88.80237 0.096 0.0 26.0
-14.579914 90.96137 0.096 0.0 26.0
-11.62026 88.80237 0.097 0.0 26.0
-13.280297 92.06812 0.097 0.0 26.0
-13.280297 92.06812 0.098 0.0 27.0
-13.280297 95.731575 0.098 0.0 27.0
-13.280297 92.06812 0.099 0.0 27.0
-14.940334 95.33388 0.099 0.0 27.0
0.0 65.942085 0.0100 61.0 19.0
0.0 69.60554 0.0100 61.0 19.0
0.0 69.60554 0.0101 0.0 20.0
-1.6600373 72.87129 0.0101 0.0 20.0
0.0 69.60554 0.0102 60.0 20.0
0.0 73.26899 0.0102 60.0 20.0
0.0 73.26899 0.0103 0.0 21.0
1.6600373 76.534744 0.0103 0.0 21.0
0.0 73.26899 0.0104 59.0 21.0
0.0 76.93244 0.0104 59.0 21.0
0.0 76.93244 0.0105 1.0 22.0
-1.6600373 80.1982 0.0105 1.0 22.0
-1.6600373 80.1982 0.0106 0.0 23.0
-4.619691 82.3572 0.0106 0.0 23.0
-1.6600373 80.1982 0.0107 0.0 23.0
-3.3200746 83.46395 0.0107 0.0 23.0
-3.3200746 83.46395 0.0108 0.0 24.0
-3.3200746 87.1274 0.0108 0.0 24.0
-3.3200746 83.46395 0.0109 0.0 24.0
-4.980112 86.729706 0.0109 0.0 24.0
0.0 76.93244 0.0110 58.0 22.0
0.0 80.595894 0.0110 58.0 22.0
0.0 80.595894 0.0111 0.0 23.0
-1.6600373 83.86165 0.0111 0.0 23.0
0.0 80.595894 0.0112 57.0 23.0
0.0 84.259346 0.0112 57.0 23.0
0.0 84.259346 0.0113 0.0 24.0
1.6600373 87.5251 0.0113 0.0 24.0
0.0 84.259346 0.0114 56.0 24.0
0.0 87.9228 0.0114 56.0 24.0
0.0 87.9228 0.0115 1.0 25.0
1.6600373 91.18855 0.0115 1.0 25.0
1.6600373 91.18855 0.0116 0.0 26.0
1.6600373 94.852005 0.0116 0.0 26.0
1.6600373 91.18855 0.0117 0.0 26.0
3.3200746 94.45431 0.0117 0.0 26.0
3.3200746 94.45431 0.0118 0.0 27.0
6.279728 96.61331 0.0118 0.0 27.0
3.3200746 94.45431 0.0119 0.0 27.0
4.980112 97.72006 0.0119 0.0 27.0
0.0 87.9228 0.0120 55.0 25.0
0.0 91.58625 0.0120 55.0 25.0
0.0 91.58625 0.0121 0.0 26.0
-1.6600373 94.852005 0.0121 0.0 26.0
0.0 91.58625 0.0122 54.0 26.0
0.0 95.2497 0.0122 54.0 26.0
0.0 95.2497 0.0123 0.0 27.0
1.6600373 98.51546 0.0123 0.0 27.0
0.0 95.2497 0.0124 53.0 27.0
0.0 98.913155 0.0124 53.0 27.0
0.0 98.913155 0.0125 25.0 28.0
-1.6600373 102.17891 0.0125 25.0 28.0
-1.6600373 102.17891 0.0126 0.0 29.0
-4.619691 104.33791 0.0126 0.0 29.0
-1.6600373 102.17891 0.0127 24.0 29.0
-3.3200746 105.444664 0.0127 24.0 29.0
-3.3200746 105.444664 0.0128 0.0 30.0
-3.3200746 109.108116 0.0128 0.0 30.0
-3.3200746 105.444664 0.0129 23.0 30.0
-4.980112 108.71042 0.0129 23.0 30.0
-4.980112 108.71042 0.0130 1.0 31.0
-7.939766 110.86942 0.0130 1.0 31.0
-7.939766 110.86942 0.0131 0.0 32.0
-11.556447 111.45293 0.0131 0.0 32.0
-7.939766 110.86942 0.0132 0.0 32.0
-10.89942 113.02843 0.0132 0.0 32.0
-10.89942 113.02843 0.0133 0.0 33.0
-12.559457 116.29418 0.0133 0.0 33.0
-10.89942 113.02843 0.0134 0.0 33.0
-13.859074 115.18743 0.0134 0.0 33.0
-4.980112 108.71042 0.0135 22.0 31.0
-6.640149 111.97617 0.0135 22.0 31.0
-6.640149 111.97617 0.0136 0.0 32.0
-9.599803 114.13518 0.0136 0.0 32.0
-6.640149 111.97617 0.0137 21.0 32.0
-8.300186 115.24193 0.0137 21.0 32.0
-8.300186 115.24193 0.0138 0.0 33.0
-8.300186 118.90538 0.0138 0.0 33.0
-8.300186 115.24193 0.0139 20.0 33.0
-9.960223 118.50768 0.0139 20.0 33.0
-9.960223 118.50768 0.0140 1.0 34.0
-9.960223 122.171135 0.0140 1.0 34.0
-9.960223 122.171135 0.0141 0.0 35.0
-11.62026 125.43689 0.0141 0.0 35.0
-9.960223 122.171135 0.0142 0.0 35.0
-9.960223 125.83459 0.0142 0.0 35.0
-9.960223 125.83459 0.0143 0.0 36.0
-8.300186 129.10034 0.0143 0.0 36.0
-9.960223 125.83459 0.0144 0.0 36.0
-9.960223 129.49803 0.0144 0.0 36.0
-9.960223 118.50768 0.0145 19.0 34.0
-11.62026 121.77344 0.0145 19.0 34.0
-11.62026 121.77344 0.0146 0.0 35.0
-14.579914 123.93244 0.0146 0.0 35.0
-11.62026 121.77344 0.0147 18.0 35.0
-13.280297 125.03919 0.0147 18.0 35.0
-13.280297 125.03919 0.0148 0.0 36.0
-13.280297 128.70264 0.0148 0.0 36.0
-13.280297 125.03919 0.0149 17.0 36.0
-14.940334 128.30495 0.0149 17.0 36.0
-14.940334 128.30495 0.0150 7.0 37.0
-14.940334 131.9684 0.0150 7.0 37.0
-14.940334 131.9684 0.0151 0.0 38.0
-16.600372 135.23415 0.0151 0.0 38.0
-14.940334 131.9684 0.0152 6.0 38.0
-14.940334 135.63185 0.0152 6.0 38.0
-14.940334 135.63185 0.0153 0.0 39.0
-13.280297 138.8976 0.0153 0.0 39.0
-14.940334 135.63185 0.0154 5.0 39.0
-14.940334 139.2953 0.0154 5.0 39.0
-14.940334 139.2953 0.0155 1.0 40.0
-16.600372 142.56105 0.0155 1.0 40.0
-16.600372 142.56105 0.0156 0.0 41.0
-19.560026 144.72006 0.0156 0.0 41.0
-16.600372 142.56105 0.0157 0.0 41.0
-18.26041 145.8268 0.0157 0.0 41.0
-18.26041 145.8268 0.0158 0.0 42.0
-18.26041 149.49025 0.0158 0.0 42.0
-18.26041 145.8268 0.0159 0.0 42.0
-19.920448 149.09254 0.0159 0.0 42.0
-14.940334 139.2953 0.0160 4.0 40.0
-14.940334 142.95876 0.0160 4.0 40.0
-14.940334 142.95876 0.0161 0.0 41.0
-16.600372 146.2245 0.0161 0.0 41.0
-14.940334 142.95876 0.0162 3.0 41.0
-14.940334 146.62221 0.0162 3.0 41.0
-14.940334 146.62221 0.0163 0.0 42.0
-13.280297 149.88795 0.0163 0.0 42.0
-14.940334 146.62221 0.0164 2.0 42.0
-14.940334 150.28566 0.0164 2.0 42.0
-14.940334 150.28566 0.0165 1.0 43.0
-13.280297 153.5514 0.0165 1.0 43.0
-13.280297 153.5514 0.0166 0.0 44.0
-13.280297 157.21486 0.0166 0.0 44.0
-13.280297 153.5514 0.0167 0.0 44.0
-11.62026 156.81715 0.0167 0.0 44.0
-11.62026 156.81715 0.0168 0.0 45.0
-8.660606 158.97617 0.0168 0.0 45.0
-11.62026 156.81715 0.0169 0.0 45.0
-9.960223 160.0829 0.0169 0.0 45.0
-14.940334 150.28566 0.0170 1.0 43.0
-14.940334 153.94911 0.0170 1.0 43.0
-14.940334 153.94911 0.0171 0.0 44.0
-16.600372 157.21486 0.0171 0.0 44.0
-14.940334 153.94911 0.0172 0.0 44.0
-14.940334 157.61256 0.0172 0.0 44.0
-14.940334 157.61256 0.0173 0.0 45.0
-13.280297 160.87831 0.0173 0.0 45.0
-14.940334 157.61256 0.0174 0.0 45.0
-14.940334 161.27602 0.0174 0.0 45.0
-14.940334 128.30495 0.0175 16.0 37.0
-16.600372 131.5707 0.0175 16.0 37.0
-16.600372 131.5707 0.0176 0.0 38.0
-19.560026 133.7297 0.0176 0.0 38.0
-16.600372 131.5707 0.0177 15.0 38.0
-18.26041 134.83644 0.0177 15.0 38.0
-18.26041 134.83644 0.0178 0.0 39.0
-18.26041 138.4999 0.0178 0.0 39.0
-18.26041 134.83644 0.0179 14.0 39.0
-19.920448 138.10219 0.0179 14.0 39.0
-19.920448 138.10219 0.0180 1.0 40.0
-22.880102 140.2612 0.0180 1.0 40.0
-22.880102 140.2612 0.0181 0.0 41.0
-26.496784 140.84471 0.0181 0.0 41.0
-22.880102 140.2612 0.0182 0.0 41.0
-25.839756 142.42021 0.0182 0.0 41.0
-25.839756 142.42021 0.0183 0.0 42.0
-27.499794 145.68596 0.0183 0.0 42.0
-25.839756 142.42021 0.0184 0.0 42.0
-28.79941 144.57922 0.0184 0.0 42.0
-19.920448 138.10219 0.0185 13.0 40.0
-21.580486 141.36794 0.0185 13.0 40.0
-21.580486 141.36794 0.0186 0.0 41.0
-24.54014 143.52695 0.0186 0.0 41.0
-21.580486 141.36794 0.0187 12.0 41.0
-23.240524 144.63368 0.0187 12.0 41.0
-23.240524 144.63368 0.0188 0.0 42.0
-23.240524 148.29713 0.0188 0.0 42.0
-23.240524 144.63368 0.0189 11.0 42.0
-24.900562 147.89943 0.0189 11.0 42.0
-24.900562 147.89943 0.0190 1.0 43.0
-24.900562 151.56288 0.0190 1.0 43.0
-24.900562 151.56288 0.0191 0.0 44.0
-26.5606 154.82863 0.0191 0.0 44.0
-24.900562 151.56288 0.0192 0.0 44.0
-24.900562 155.22633 0.0192 0.0 44.0
-24.900562 155.22633 0.0193 0.0 45.0
-23.240524 158.49208 0.0193 0.0 45.0
-24.900562 155.22633 0.0194 0.0 45.0
-24.900562 158.88979 0.0194 0.0 45.0
-24.900562 147.89943 0.0195 10.0 43.0
-26.5606 151.16518 0.0195 10.0 43.0
-26.5606 151.16518 0.0196 0.0 44.0
-29.520254 153.32419 0.0196 0.0 44.0
-26.5606 151.16518 0.0197 9.0 44.0
-28.220638 154.43092 0.0197 9.0 44.0
-28.220638 154.43092 0.0198 0.0 45.0
-28.220638 158.09438 0.0198 0.0 45.0
-28.220638 154.43092 0.0199 8.0 45.0
-29.880676 157.69667 0.0199 8.0 45.0
-29.880676 157.69667 0.0200 7.0 46.0
-32.84033 159.85568 0.0200 7.0 46.0
-32.84033 159.85568 0.0201 0.0 47.0
-36.45701 160.4392 0.0201 0.0 47.0
-32.84033 159.85568 0.0202 6.0 47.0
-35.79998 162.0147 0.0202 6.0 47.0
-35.79998 162.0147 0.0203 0.0 48.0
-37.46002 165.28044 0.0203 0.0 48.0
-35.79998 162.0147 0.0204 5.0 48.0
-38.759632 164.1737 0.0204 5.0 48.0
-38.759632 164.1737 0.0205 1.0 49.0
-42.376312 164.75722 0.0205 1.0 49.0
-42.376312 164.75722 0.0206 0.0 50.0
-45.86478 163.63853 0.0206 0.0 50.0
-42.376312 164.75722 0.0207 0.0 50.0
-45.992992 165.34073 0.0207 0.0 50.0
-45.992992 165.34073 0.0208 0.0 51.0
-48.952644 167.49974 0.0208 0.0 51.0
-45.992992 165.34073 0.0209 0.0 51.0
-49.609673 165.92424 0.0209 0.0 51.0
-38.759632 164.1737 0.0210 4.0 49.0
-41.719284 166.33272 0.0210 4.0 49.0
-41.719284 166.33272 0.0211 0.0 50.0
-45.335964 166.91623 0.0211 0.0 50.0
-41.719284 166.33272 0.0212 3.0 50.0
-44.678936 168.49173 0.0212 3.0 50.0
-44.678936 168.49173 0.0213 0.0 51.0
-46.338974 171.75748 0.0213 0.0 51.0
-44.678936 168.49173 0.0214 2.0 51.0
-47.638588 170.65074 0.0214 2.0 51.0
-47.638588 170.65074 0.0215 1.0 52.0
-49.298626 173.91649 0.0215 1.0 52.0
-49.298626 173.91649 0.0216 0.0 53.0
-52.258278 176.0755 0.0216 0.0 53.0
-49.298626 173.91649 0.0217 0.0 53.0
-50.958664 177.18224 0.0217 0.0 53.0
-50.958664 177.18224 0.0218 0.0 54.0
-50.958664 180.84569 0.0218 0.0 54.0
-50.958664 177.18224 0.0219 0.0 54.0
-52.618702 180.44798 0.0219 0.0 54.0
-47.638588 170.65074 0.0220 1.0 52.0
-50.59824 172.80975 0.0220 1.0 52.0
-50.59824 172.80975 0.0221 0.0 53.0
-54.21492 173.39326 0.0221 0.0 53.0
-50.59824 172.80975 0.0222 0.0 53.0
-53.55789 174.96877 0.0222 0.0 53.0
-53.55789 174.96877 0.0223 0.0 54.0
-55.21793 178.23451 0.0223 0.0 54.0
-53.55789 174.96877 0.0224 0.0 54.0
-56.517544 177.12778 0.0224 0.0 54.0
-29.880676 157.69667 0.0225 7.0 46.0
-31.540714 160.96242 0.0225 7.0 46.0
-31.540714 160.96242 0.0226 0.0 47.0
-34.500366 163.12143 0.0226 0.0 47.0
-31.540714 160.96242 0.0227 6.0 47.0
-33.200752 164.22816 0.0227 6.0 47.0
-33.200752 164.22816 0.0228 0.0 48.0
-33.200752 167.89162 0.0228 0.0 48.0
-33.200752 164.22816 0.0229 5.0 48.0
-34.86079 167.49391 0.0229 5.0 48.0
-34.86079 167.49391 0.0230 1.0 49.0
-37.820442 169.65292 0.0230 1.0 49.0
-37.820442 169.65292 0.0231 0.0 50.0
-41.437122 170.23643 0.0231 0.0 50.0
-37.820442 169.65292 0.0232 0.0 50.0
-40.780094 171.81194 0.0232 0.0 50.0
-40.780094 171.81194 0.0233 0.0 51.0
-42.440132 175.07768 0.0233 0.0 51.0
-40.780094 171.81194 0.0234 0.0 51.0
-43.739746 173.97095 0.0234 0.0 51.0
-34.86079 167.49391 0.0235 4.0 49.0
-36.52083 170.75966 0.0235 4.0 49.0
-36.52083 170.75966 0.0236 0.0 50.0
-39.48048 172.91867 0.0236 0.0 50.0
-36.52083 170.75966 0.0237 3.0 50.0
-38.180866 174.0254 0.0237 3.0 50.0
-38.180866 174.0254 0.0238 0.0 51.0
-38.180866 177.68886 0.0238 0.0 51.0
-38.180866 174.0254 0.0239 2.0 51.0
-39.840904 177.29115 0.0239 2.0 51.0
-39.840904 177.29115 0.0240 1.0 52.0
-39.840904 180.9546 0.0240 1.0 52.0
-39.840904 180.9546 0.0241 0.0 53.0
-41.500942 184.22035 0.0241 0.0 53.0
-39.840904 180.9546 0.0242 0.0 53.0
-39.840904 184.61806 0.0242 0.0 53.0
-39.840904 184.61806 0.0243 0.0 54.0
-38.180866 187.8838 0.0243 0.0 54.0
-39.840904 184.61806 0.0244 0.0 54.0
-39.840904 188.28151 0.0244 0.0 54.0
-39.840904 177.29115 0.0245 1.0 52.0
-41.500942 180.5569 0.0245 1.0 52.0
-41.500942 180.5569 0.0246 0.0 53.0
-44.460594 182.71591 0.0246 0.0 53.0
-41.500942 180.5569 0.0247 0.0 53.0
-43.16098 183.82265 0.0247 0.0 53.0
-43.16098 183.82265 0.0248 0.0 54.0
-43.16098 187.4861 0.0248 0.0 54.0
-43.16098 183.82265 0.0249 0.0 54.0
-44.82102 187.0884 0.0249 0.0 54.0
0.0 98.913155 0.0250 52.0 28.0
0.0 102.57661 0.0250 52.0 28.0
0.0 102.57661 0.0251 0.0 29.0
-1.6600373 105.84236 0.0251 0.0 29.0
0.0 102.57661 0.0252 51.0 29.0
0.0 106.24006 0.0252 51.0 29.0
0.0 106.24006 0.0253 0.0 30.0
1.6600373 109.50581 0.0253 0.0 30.0
0.0 106.24006 0.0254 50.0 30.0
0.0 109.90351 0.0254 50.0 30.0
0.0 109.90351 0.0255 1.0 31.0
-1.6600373 113.169266 0.0255 1.0 31.0
-1.6600373 113.169266 0.0256 0.0 32.0
-4.619691 115.32827 0.0256 0.0 32.0
-1.6600373 113.169266 0.0257 0.0 32.0
-3.3200746 116.43502 0.0257 0.0 32.0
-3.3200746 116.43502 0.0258 0.0 33.0
-3.3200746 120.09847 0.0258 0.0 33.0
-3.3200746 116.43502 0.0259 0.0 33.0
-4.980112 119.700775 0.0259 0.0 33.0
0.0 109.90351 0.0260 49.0 31.0
0.0 113.56696 0.0260 49.0 31.0
0.0 113.56696 0.0261 0.0 32.0
-1.6600373 116.83272 0.0261 0.0 32.0
0.0 113.56696 0.0262 48.0 32.0
0.0 117.230415 0.0262 48.0 32.0
0.0 117.230415 0.0263 0.0 33.0
1.6600373 120.49617 0.0263 0.0 33.0
0.0 117.230415 0.0264 47.0 33.0
0.0 120.89387 0.0264 47.0 33.0
0.0 120.89387 0.0265 1.0 34.0
1.6600373 124.15962 0.0265 1.0 34.0
1.6600373 124.15962 0.0266 0.0 35.0
1.6600373 127.823074 0.0266 0.0 35.0
1.6600373 124.15962 0.0267 0.0 35.0
3.3200746 127.42538 0.0267 0.0 35.0
3.3200746 127.42538 0.0268 0.0 36.0
6.279728 129.58438 0.0268 0.0 36.0
3.3200746 127.42538 0.0269 0.0 36.0
4.980112 130.69113 0.0269 0.0 36.0
0.0 120.89387 0.0270 46.0 34.0
0.0 124.55732 0.0270 46.0 34.0
0.0 124.55732 0.0271 0.0 35.0
-1.6600373 127.823074 0.0271 0.0 35.0
0.0 124.55732 0.0272 45.0 35.0
0.0 128.22076 0.0272 45.0 35.0
0.0 128.22076 0.0273 0.0 36.0
1.6600373 131.48651 0.0273 0.0 36.0
0.0 128.22076 0.0274 44.0 36.0
0.0 131.88422 0.0274 44.0 36.0
0.0 131.88422 0.0275 7.0 37.0
1.6600373 135.14996 0.0275 7.0 37.0
1.6600373 135.14996 0.0276 0.0 38.0
1.6600373 138.81342 0.0276 0.0 38.0
1.6600373 135.14996 0.0277 6.0 38.0
3.3200746 138.41571 0.0277 6.0 38.0
3.3200746 138.41571 0.0278 0.0 39.0
6.279728 140.57472 0.0278 0.0 39.0
3.3200746 138.41571 0.0279 5.0 39.0
4.980112 141.68146 0.0279 5.0 39.0
4.980112 141.68146 0.0280 1.0 40.0
4.980112 145.34491 0.0280 1.0 40.0
4.980112 145.34491 0.0281 0.0 41.0
3.3200748 148.61066 0.0281 0.0 41.0
4.980112 145.34491 0.0282 0.0 41.0
4.980112 149.00836 0.0282 0.0 41.0
4.980112 149.00836 0.0283 0.0 42.0
6.640149 152.27411 0.0283 0.0 42.0
4.980112 149.00836 0.0284 0.0 42.0
4.980112 152.67181 0.0284 0.0 42.0
4.980112 141.68146 0.0285 4.0 40.0
6.640149 144.9472 0.0285 4.0 40.0
6.640149 144.9472 0.0286 0.0 41.0
6.640149 148.61066 0.0286 0.0 41.0
6.640149 144.9472 0.0287 3.0 41.0
8.300186 148.21295 0.0287 3.0 41.0
8.300186 148.21295 0.0288 0.0 42.0
11.25984 150.37196 0.0288 0.0 42.0
8.300186 148.21295 0.0289 2.0 42.0
9.960223 151.4787 0.0289 2.0 42.0
9.960223 151.4787 0.0290 1.0 43.0
12.919877 153.63771 0.0290 1.0 43.0
12.919877 153.63771 0.0291 0.0 44.0
14.579914 156.90346 0.0291 0.0 44.0
12.919877 153.63771 0.0292 0.0 44.0
15.879531 155.79672 0.0292 0.0 44.0
15.879531 155.79672 0.0293 0.0 45.0
19.496212 156.38023 0.0293 0.0 45.0
15.879531 155.79672 0.0294 0.0 45.0
18.839184 157.95573 0.0294 0.0 45.0
9.960223 151.4787 0.0295 1.0 43.0
11.62026 154.74445 0.0295 1.0 43.0
11.62026 154.74445 0.0296 0.0 44.0
11.62026 158.4079 0.0296 0.0 44.0
11.62026 154.74445 0.0297 0.0 44.0
13.280297 158.0102 0.0297 0.0 44.0
13.280297 158.0102 0.0298 0.0 45.0
16.23995 160.1692 0.0298 0.0 45.0
13.280297 158.0102 0.0299 0.0 45.0
14.940334 161.27594 0.0299 0.0 45.0
0.0 131.88422 0.0300 43.0 37.0
0.0 135.54767 0.0300 43.0 37.0
0.0 135.54767 0.0301 0.0 38.0
-1.6600373 138.81342 0.0301 0.0 38.0
0.0 135.54767 0.0302 42.0 38.0
0.0 139.21112 0.0302 42.0 38.0
0.0 139.21112 0.0303 0.0 39.0
1.6600373 142.47687 0.0303 0.0 39.0
0.0 139.21112 0.0304 41.0 39.0
0.0 142.87457 0.0304 41.0 39.0
0.0 142.87457 0.0305 1.0 40.0
-1.6600373 146.14032 0.0305 1.0 40.0
-1.6600373 146.14032 0.0306 0.0 41.0
-4.619691 148.29933 0.0306 0.0 41.0
-1.6600373 146.14032 0.0307 0.0 41.0
-3.3200746 149.40607 0.0307 0.0 41.0
-3.3200746 149.40607 0.0308 0.0 42.0
-3.3200746 153.06952 0.0308 0.0 42.0
-3.3200746 149.40607 0.0309 0.0 42.0
-4.980112 152.67181 0.0309 0.0 42.0
0.0 142.87457 0.0310 40.0 40.0
0.0 146.53802 0.0310 40.0 40.0
0.0 146.53802 0.0311 0.0 41.0
-1.6600373 149.80377 0.0311 0.0 41.0
0.0 146.53802 0.0312 39.0 41.0
0.0 150.20148 0.0312 39.0 41.0
0.0 150.20148 0.0313 0.0 42.0
1.6600373 153.46722 0.0313 0.0 42.0
0.0 150.20148 0.0314 38.0 42.0
0.0 153.86493 0.0314 38.0 42.0
0.0 153.86493 0.0315 1.0 43.0
1.6600373 157.13068 0.0315 1.0 43.0
1.6600373 157.13068 0.0316 0.0 44.0
1.6600373 160.79413 0.0316 0.0 44.0
1.6600373 157.13068 0.0317 0.0 44.0
3.3200746 160.39642 0.0317 0.0 44.0
3.3200746 160.39642 0.0318 0.0 45.0
6.279728 162.55544 0.0318 0.0 45.0
3.3200746 160.39642 0.0319 0.0 45.0
4.980112 163.66217 0.0319 0.0 45.0
0.0 153.86493 0.0320 37.0 43.0
0.0 157.52838 0.0320 37.0 43.0
0.0 157.52838 0.0321 0.0 44.0
-1.6600373 160.79413 0.0321 0.0 44.0
0.0 157.52838 0.0322 36.0 44.0
0.0 161.19183 0.0322 36.0 44.0
0.0 161.19183 0.0323 0.0 45.0
1.6600373 164.45758 0.0323 0.0 45.0
0.0 161.19183 0.0324 35.0 45.0
0.0 164.85529 0.0324 35.0 45.0
0.0 164.85529 0.0325 7.0 46.0
-1.6600373 168.12103 0.0325 7.0 46.0
-1.6600373 168.12103 0.0326 0.0 47.0
-4.619691 170.28004 0.0326 0.0 47.0
-1.6600373 168.12103 0.0327 6.0 47.0
-3.3200746 171.38678 0.0327 6.0 47.0
-3.3200746 171.38678 0.0328 0.0 48.0
-3.3200746 175.05023 0.0328 0.0 48.0
-3.3200746 171.38678 0.0329 5.0 48.0
-4.980112 174.65253 0.0329 5.0 48.0
-4.980112 174.65253 0.0330 1.0 49.0
-7.939766 176.81154 0.0330 1.0 49.0
-7.939766 176.81154 0.0331 0.0 50.0
-11.556447 177.39505 0.0331 0.0 50.0
-7.939766 176.81154 0.0332 0.0 50.0
-10.89942 178.97055 0.0332 0.0 50.0
-10.89942 178.97055 0.0333 0.0 51.0
-12.559457 182.2363 0.0333 0.0 51.0
-10.89942 178.97055 0.0334 0.0 51.0
-13.859074 181.12956 0.0334 0.0 51.0
-4.980112 174.65253 0.0335 4.0 49.0
-6.640149 177.91827 0.0335 4.0 49.0
-6.640149 177.91827 0.0336 0.0 50.0
-9.599803 180.07729 0.0336 0.0 50.0
-6.640149 177.91827 0.0337 3.0 50.0
-8.300186 181.18402 0.0337 3.0 50.0
-8.300186 181.18402 0.0338 0.0 51.0
-8.300186 184.84747 0.0338 0.0 51.0
-8.300186 181.18402 0.0339 2.0 51.0
-9.960223 184.44977 0.0339 2.0 51.0
-9.960223 184.44977 0.0340 1.0 52.0
-9.960223 188.11322 0.0340 1.0 52.0
-9.960223 188.11322 0.0341 0.0 53.0
-11.62026 191.37897 0.0341 0.0 53.0
-9.960223 188.11322 0.0342 0.0 53.0
-9.960223 191.77667 0.0342 0.0 53.0
-9.960223 191.77667 0.0343 0.0 54.0
-8.300186 195.04242 0.0343 0.0 54.0
-9.960223 191.77667 0.0344 0.0 54.0
-9.960223 195.44012 0.0344 0.0 54.0
-9.960223 184.44977 0.0345 1.0 52.0
-11.62026 187.71552 0.0345 1.0 52.0
-11.62026 187.71552 0.0346 0.0 53.0
-14.579914 189.87453 0.0346 0.0 53.0
-11.62026 187.71552 0.0347 0.0 53.0
-13.280297 190.98126 0.0347 0.0 53.0
-13.280297 190.98126 0.0348 0.0 54.0
-13.280297 194.64471 0.0348 0.0 54.0
-13.280297 190.98126 0.0349 0.0 54.0
-14.940334 194.24701 0.0349 0.0 54.0
0.0 164.85529 0.0350 34.0 46.0
0.0 168.51874 0.0350 34.0 46.0
0.0 168.51874 0.0351 0.0 47.0
-1.6600373 171.78448 0.0351 0.0 47.0
0.0 168.51874 0.0352 33.0 47.0
0.0 172.18219 0.0352 33.0 47.0
0.0 172.18219 0.0353 0.0 48.0
1.6600373 175.44794 0.0353 0.0 48.0
0.0 172.18219 0.0354 32.0 48.0
0.0 175.84564 0.0354 32.0 48.0
0.0 175.84564 0.0355 1.0 49.0
-1.6600373 179.11139 0.0355 1.0 49.0
-1.6600373 179.11139 0.0356 0.0 50.0
-4.619691 181.2704 0.0356 0.0 50.0
-1.6600373 179.11139 0.0357 0.0 50.0
-3.3200746 182.37714 0.0357 0.0 50.0
-3.3200746 182.37714 0.0358 0.0 51.0
-3.3200746 186.04059 0.0358 0.0 51.0
-3.3200746 182.37714 0.0359 0.0 51.0
-4.980112 185.64288 0.0359 0.0 51.0
0.0 175.84564 0.0360 31.0 49.0
0.0 179.5091 0.0360 31.0 49.0
0.0 179.5091 0.0361 0.0 50.0
-1.6600373 182.77484 0.0361 0.0 50.0
0.0 179.5091 0.0362 30.0 50.0
0.0 183.17255 0.0362 30.0 50.0
0.0 183.17255 0.0363 0.0 51.0
1.6600373 186.4383 0.0363 0.0 51.0
0.0 183.17255 0.0364 29.0 51.0
0.0 186.836 0.0364 29.0 51.0
0.0 186.836 0.0365 1.0 52.0
1.6600373 190.10175 0.0365 1.0 52.0
1.6600373 190.10175 0.0366 0.0 53.0
1.6600373 193.7652 0.0366 0.0 53.0
1.6600373 190.10175 0.0367 0.0 53.0
3.3200746 193.3675 0.0367 0.0 53.0
3.3200746 193.3675 0.0368 0.0 54.0
6.279728 195.5265 0.0368 0.0 54.0
3.3200746 193.3675 0.0369 0.0 54.0
4.980112 196.63324 0.0369 0.0 54.0
0.0 186.836 0.0370 28.0 52.0
0.0 190.49945 0.0370 28.0 52.0
0.0 190.49945 0.0371 0.0 53.0
-1.6600373 193.7652 0.0371 0.0 53.0
0.0 190.49945 0.0372 27.0 53.0
0.0 194.1629 0.0372 27.0 53.0
0.0 194.1629 0.0373 0.0 54.0
1.6600373 197.42865 0.0373 0.0 54.0
0.0 194.1629 0.0374 26.0 54.0
0.0 197.82635 0.0374 26.0 54.0
0.0 197.82635 0.0375 25.0 55.0
1.6600373 201.0921 0.0375 25.0 55.0
1.6600373 201.0921 0.0376 0.0 56.0
1.6600373 204.75555 0.0376 0.0 56.0
1.6600373 201.0921 0.0377 24.0 56.0
3.3200746 204.35785 0.0377 24.0 56.0
3.3200746 204.35785 0.0378 0.0 57.0
6.279728 206.51686 0.0378 0.0 57.0
3.3200746 204.35785 0.0379 23.0 57.0
4.980112 207.6236 0.0379 23.0 57.0
4.980112 207.6236 0.0380 1.0 58.0
4.980112 211.28705 0.0380 1.0 58.0
4.980112 211.28705 0.0381 0.0 59.0
3.3200748 214.5528 0.0381 0.0 59.0
4.980112 211.28705 0.0382 0.0 59.0
4.980112 214.9505 0.0382 0.0 59.0
4.980112 214.9505 0.0383 0.0 60.0
6.640149 218.21625 0.0383 0.0 60.0
4.980112 214.9505 0.0384 0.0 60.0
4.980112 218.61395 0.0384 0.0 60.0
4.980112 207.6236 0.0385 22.0 58.0
6.640149 210.88934 0.0385 22.0 58.0
6.640149 210.88934 0.0386 0.0 59.0
6.640149 214.5528 0.0386 0.0 59.0
6.640149 210.88934 0.0387 21.0 59.0
8.300186 214.15509 0.0387 21.0 59.0
8.300186 214.15509 0.0388 0.0 60.0
11.25984 216.3141 0.0388 0.0 60.0
8.300186 214.15509 0.0389 20.0 60.0
9.960223 217.42084 0.0389 20.0 60.0
9.960223 217.42084 0.0390 1.0 61.0
12.919877 219.57985 0.0390 1.0 61.0
12.919877 219.57985 0.0391 0.0 62.0
14.579914 222.8456 0.0391 0.0 62.0
12.919877 219.57985 0.0392 0.0 62.0
15.879531 221.73886 0.0392 0.0 62.0
15.879531 221.73886 0.0393 0.0 63.0
19.496212 222.32237 0.0393 0.0 63.0
15.879531 221.73886 0.0394 0.0 63.0
18.839184 223.89787 0.0394 0.0 63.0
9.960223 217.42084 0.0395 19.0 61.0
11.62026 220.68658 0.0395 19.0 61.0
11.62026 220.68658 0.0396 0.0 62.0
11.62026 224.35004 0.0396 0.0 62.0
11.62026 220.68658 0.0397 18.0 62.0
13.280297 223.95233 0.0397 18.0 62.0
13.280297 223.95233 0.0398 0.0 63.0
16.23995 226.11134 0.0398 0.0 63.0
13.280297 223.95233 0.0399 17.0 63.0
14.940334 227.21808 0.0399 17.0 63.0
14.940334 227.21808 0.0400 7.0 64.0
17.899988 229.37709 0.0400 7.0 64.0
17.899988 229.37709 0.0401 0.0 65.0
19.560026 232.64284 0.0401 0.0 65.0
17.899988 229.37709 0.0402 6.0 65.0
20.859642 231.5361 0.0402 6.0 65.0
20.859642 231.5361 0.0403 0.0 66.0
24.476324 232.11961 0.0403 0.0 66.0
20.859642 231.5361 0.0404 5.0 66.0
23.819296 233.69511 0.0404 5.0 66.0
23.819296 233.69511 0.0405 1.0 67.0
25.479334 236.96086 0.0405 1.0 67.0
25.479334 236.96086 0.0406 0.0 68.0
25.479334 240.62431 0.0406 0.0 68.0
25.479334 236.96086 0.0407 0.0 68.0
27.139372 240.22661 0.0407 0.0 68.0
27.139372 240.22661 0.0408 0.0 69.0
30.099026 242.38562 0.0408 0.0 69.0
27.139372 240.22661 0.0409 0.0 69.0
28.79941 243.49236 0.0409 0.0 69.0
23.819296 233.69511 0.0410 4.0 67.0
26.77895 235.85413 0.0410 4.0 67.0
26.77895 235.85413 0.0411 0.0 68.0
28.438988 239.11987 0.0411 0.0 68.0
26.77895 235.85413 0.0412 3.0 68.0
29.738604 238.01314 0.0412 3.0 68.0
29.738604 238.01314 0.0413 0.0 69.0
33.355286 238.59665 0.0413 0.0 69.0
29.738604 238.01314 0.0414 2.0 69.0
32.698257 240.17215 0.0414 2.0 69.0
32.698257 240.17215 0.0415 1.0 70.0
36.314938 240.75566 0.0415 1.0 70.0
36.314938 240.75566 0.0416 0.0 71.0
39.27459 242.91467 0.0416 0.0 71.0
36.314938 240.75566 0.0417 0.0 71.0
39.931618 241.33917 0.0417 0.0 71.0
39.931618 241.33917 0.0418 0.0 72.0
43.420086 240.22049 0.0418 0.0 72.0
39.931618 241.33917 0.0419 0.0 72.0
43.548298 241.92268 0.0419 0.0 72.0
32.698257 240.17215 0.0420 1.0 70.0
35.65791 242.33116 0.0420 1.0 70.0
35.65791 242.33116 0.0421 0.0 71.0
37.317947 245.59691 0.0421 0.0 71.0
35.65791 242.33116 0.0422 0.0 71.0
38.61756 244.49017 0.0422 0.0 71.0
38.61756 244.49017 0.0423 0.0 72.0
42.23424 245.07368 0.0423 0.0 72.0
38.61756 244.49017 0.0424 0.0 72.0
41.577213 246.64919 0.0424 0.0 72.0
14.940334 227.21808 0.0425 16.0 64.0
16.600372 230.48383 0.0425 16.0 64.0
16.600372 230.48383 0.0426 0.0 65.0
16.600372 234.14728 0.0426 0.0 65.0
16.600372 230.48383 0.0427 15.0 65.0
18.26041 233.74957 0.0427 15.0 65.0
18.26041 233.74957 0.0428 0.0 66.0
21.220064 235.90858 0.0428 0.0 66.0
18.26041 233.74957 0.0429 14.0 66.0
19.920448 237.01532 0.0429 14.0 66.0
19.920448 237.01532 0.0430 1.0 67.0
19.920448 240.67877 0.0430 1.0 67.0
19.920448 240.67877 0.0431 0.0 68.0
18.26041 243.94452 0.0431 0.0 68.0
19.920448 240.67877 0.0432 0.0 68.0
19.920448 244.34222 0.0432 0.0 68.0
19.920448 244.34222 0.0433 0.0 69.0
21.580486 247.60797 0.0433 0.0 69.0
19.920448 244.34222 0.0434 0.0 69.0
19.920448 248.00568 0.0434 0.0 69.0
19.920448 237.01532 0.0435 13.0 67.0
21.580486 240.28107 0.0435 13.0 67.0
21.580486 240.28107 0.0436 0.0 68.0
21.580486 243.94452 0.0436 0.0 68.0
21.580486 240.28107 0.0437 12.0 68.0
23.240524 243.54681 0.0437 12.0 68.0
23.240524 243.54681 0.0438 0.0 69.0
26.200178 245.70583 0.0438 0.0 69.0
23.240524 243.54681 0.0439 11.0 69.0
24.900562 246.81256 0.0439 11.0 69.0
24.900562 246.81256 0.0440 1.0 70.0
27.860216 248.97157 0.0440 1.0 70.0
27.860216 248.97157 0.0441 0.0 71.0
29.520254 252.23732 0.0441 0.0 71.0
27.860216 248.97157 0.0442 0.0 71.0
30.81987 251.13058 0.0442 0.0 71.0
30.81987 251.13058 0.0443 0.0 72.0
34.43655 251.7141 0.0443 0.0 72.0
30.81987 251.13058 0.0444 0.0 72.0
33.779522 253.2896 0.0444 0.0 72.0
24.900562 246.81256 0.0445 10.0 70.0
26.5606 250.07831 0.0445 10.0 70.0
26.5606 250.07831 0.0446 0.0 71.0
26.5606 253.74176 0.0446 0.0 71.0
26.5606 250.07831 0.0447 9.0 71.0
28.220638 253.34406 0.0447 9.0 71.0
28.220638 253.34406 0.0448 0.0 72.0
31.180292 255.50307 0.0448 0.0 72.0
28.220638 253.34406 0.0449 8.0 72.0
29.880676 256.6098 0.0449 8.0 72.0
29.880676 256.6098 0.0450 7.0 73.0
29.880676 260.27325 0.0450 7.0 73.0
29.880676 260.27325 0.0451 0.0 74.0
28.220638 263.539 0.0451 0.0 74.0
29.880676 260.27325 0.0452 6.0 74.0
29.880676 263.9367 0.0452 6.0 74.0
29.880676 263.9367 0.0453 0.0 75.0
31.540714 267.20245 0.0453 0.0 75.0
29.880676 263.9367 0.0454 5.0 75.0
29.880676 267.60016 0.0454 5.0 75.0
29.880676 267.60016 0.0455 1.0 76.0
28.220638 270.8659 0.0455 1.0 76.0
28.220638 270.8659 0.0456 0.0 77.0
25.260984 273.0249 0.0456 0.0 77.0
28.220638 270.8659 0.0457 0.0 77.0
26.5606 274.13165 0.0457 0.0 77.0
26.5606 274.13165 0.0458 0.0 78.0
26.5606 277.7951 0.0458 0.0 78.0
26.5606 274.13165 0.0459 0.0 78.0
24.900562 277.3974 0.0459 0.0 78.0
29.880676 267.60016 0.0460 4.0 76.0
29.880676 271.2636 0.0460 4.0 76.0
29.880676 271.2636 0.0461 0.0 77.0
28.220638 274.52936 0.0461 0.0 77.0
29.880676 271.2636 0.0462 3.0 77.0
29.880676 274.92706 0.0462 3.0 77.0
29.880676 274.92706 0.0463 0.0 78.0
31.540714 278.1928 0.0463 0.0 78.0
29.880676 274.92706 0.0464 2.0 78.0
29.880676 278.5905 0.0464 2.0 78.0
29.880676 278.5905 0.0465 1.0 79.0
31.540714 281.85626 0.0465 1.0 79.0
31.540714 281.85626 0.0466 0.0 80.0
31.540714 285.5197 0.0466 0.0 80.0
31.540714 281.85626 0.0467 0.0 80.0
33.200752 285.122 0.0467 0.0 80.0
33.200752 285.122 0.0468 0.0 81.0
36.160404 287.281 0.0468 0.0 81.0
33.200752 285.122 0.0469 0.0 81.0
34.86079 288.38776 0.0469 0.0 81.0
29.880676 278.5905 0.0470 1.0 79.0
29.880676 282.25397 0.0470 1.0 79.0
29.880676 282.25397 0.0471 0.0 80.0
28.220638 285.5197 0.0471 0.0 80.0
29.880676 282.25397 0.0472 0.0 80.0
29.880676 285.91742 0.0472 0.0 80.0
29.880676 285.91742 0.0473 0.0 81.0
31.540714 289.18317 0.0473 0.0 81.0
29.880676 285.91742 0.0474 0.0 81.0
29.880676 289.58087 0.0474 0.0 81.0
29.880676 256.6098 0.0475 7.0 73.0
31.540714 259.87555 0.0475 7.0 73.0
31.540714 259.87555 0.0476 0.0 74.0
31.540714 263.539 0.0476 0.0 74.0
31.540714 259.87555 0.0477 6.0 74.0
33.200752 263.1413 0.0477 6.0 74.0
33.200752 263.1413 0.0478 0.0 75.0
36.160404 265.3003 0.0478 0.0 75.0
33.200752 263.1413 0.0479 5.0 75.0
34.86079 266.40704 0.0479 5.0 75.0
34.86079 266.40704 0.0480 1.0 76.0
34.86079 270.0705 0.0480 1.0 76.0
34.86079 270.0705 0.0481 0.0 77.0
33.200752 273.33624 0.0481 0.0 77.0
34.86079 270.0705 0.0482 0.0 77.0
34.86079 273.73395 0.0482 0.0 77.0
34.86079 273.73395 0.0483 0.0 78.0
36.52083 276.9997 0.0483 0.0 78.0
34.86079 273.73395 0.0484 0.0 78.0
34.86079 277.3974 0.0484 0.0 78.0
34.86079 266.40704 0.0485 4.0 76.0
36.52083 269.6728 0.0485 4.0 76.0
36.52083 269.6728 0.0486 0.0 77.0
36.52083 273.33624 0.0486 0.0 77.0
36.52083 269.6728 0.0487 3.0 77.0
38.180866 272.93854 0.0487 3.0 77.0
38.180866 272.93854 0.0488 0.0 78.0
41.14052 275.09753 0.0488 0.0 78.0
38.180866 272.93854 0.0489 2.0 78.0
39.840904 276.20428 0.0489 2.0 78.0
39.840904 276.20428 0.0490 1.0 79.0
42.800556 278.36328 0.0490 1.0 79.0
42.800556 278.36328 0.0491 0.0 80.0
44.460594 281.62903 0.0491 0.0 80.0
42.800556 278.36328 0.0492 0.0 80.0
45.76021 280.52228 0.0492 0.0 80.0
45.76021 280.52228 0.0493 0.0 81.0
49.37689 281.10577 0.0493 0.0 81.0
45.76021 280.52228 0.0494 0.0 81.0
48.71986 282.68127 0.0494 0.0 81.0
39.840904 276.20428 0.0495 1.0 79.0
41.500942 279.47003 0.0495 1.0 79.0
41.500942 279.47003 0.0496 0.0 80.0
41.500942 283.13348 0.0496 0.0 80.0
41.500942 279.47003 0.0497 0.0 80.0
43.16098 282.73578 0.0497 0.0 80.0
43.16098 282.73578 0.0498 0.0 81.0
46.120632 284.89478 0.0498 0.0 81.0
43.16098 282.73578 0.0499 0.0 81.0
44.82102 286.00153 0.0499 0.0 81.0
0.0 197.82635 0.0500 25.0 55.0
0.0 201.4898 0.0500 25.0 55.0
0.0 201.4898 0.0501 0.0 56.0
-1.6600373 204.75555 0.0501 0.0 56.0
0.0 201.4898 0.0502 24.0 56.0
0.0 205.15326 0.0502 24.0 56.0
0.0 205.15326 0.0503 0.0 57.0
1.6600373 208.419 0.0503 0.0 57.0
0.0 205.15326 0.0504 23.0 57.0
0.0 208.81671 0.0504 23.0 57.0
0.0 208.81671 0.0505 1.0 58.0
-1.6600373 212.08246 0.0505 1.0 58.0
-1.6600373 212.08246 0.0506 0.0 59.0
-4.619691 214.24147 0.0506 0.0 59.0
-1.6600373 212.08246 0.0507 0.0 59.0
-3.3200746 215.3482 0.0507 0.0 59.0
-3.3200746 215.3482 0.0508 0.0 60.0
-3.3200746 219.01166 0.0508 0.0 60.0
-3.3200746 215.3482 0.0509 0.0 60.0
-4.980112 218.61395 0.0509 0.0 60.0
0.0 208.81671 0.0510 22.0 58.0
0.0 212.48016 0.0510 22.0 58.0
0.0 212.48016 0.0511 0.0 59.0
-1.6600373 215.74591 0.0511 0.0 59.0
0.0 212.48016 0.0512 21.0 59.0
0.0 216.14362 0.0512 21.0 59.0
0.0 216.14362 0.0513 0.0 60.0
1.6600373 219.40936 0.0513 0.0 60.0
0.0 216.14362 0.0514 20.0 60.0
0.0 219.80707 0.0514 20.0 60.0
0.0 219.80707 0.0515 1.0 61.0
1.6600373 223.07281 0.0515 1.0 61.0
1.6600373 223.07281 0.0516 0.0 62.0
1.6600373 226.73627 0.0516 0.0 62.0
1.6600373 223.07281 0.0517 0.0 62.0
3.3200746 226.33856 0.0517 0.0 62.0
3.3200746 226.33856 0.0518 0.0 63.0
6.279728 228.49757 0.0518 0.0 63.0
3.3200746 226.33856 0.0519 0.0 63.0
4.980112 229.60431 0.0519 0.0 63.0
0.0 219.80707 0.0520 19.0 61.0
0.0 223.47052 0.0520 19.0 61.0
0.0 223.47052 0.0521 0.0 62.0
-1.6600373 226.73627 0.0521 0.0 62.0
0.0 223.47052 0.0522 18.0 62.0
0.0 227.13397 0.0522 18.0 62.0
0.0 227.13397 0.0523 0.0 63.0
1.6600373 230.39972 0.0523 0.0 63.0
0.0 227.13397 0.0524 17.0 63.0
0.0 230.79742 0.0524 17.0 63.0
0.0 230.79742 0.0525 7.0 64.0
1.6600373 234.06317 0.0525 7.0 64.0
1.6600373 234.06317 0.0526 0.0 65.0
1.6600373 237.72662 0.0526 0.0 65.0
1.6600373 234.06317 0.0527 6.0 65.0
3.3200746 237.32892 0.0527 6.0 65.0
3.3200746 237.32892 0.0528 0.0 66.0
6.279728 239.48793 0.0528 0.0 66.0
3.3200746 237.32892 0.0529 5.0 66.0
4.980112 240.59467 0.0529 5.0 66.0
4.980112 240.59467 0.0530 1.0 67.0
4.980112 244.25812 0.0530 1.0 67.0
4.980112 244.25812 0.0531 0.0 68.0
3.3200748 247.52386 0.0531 0.0 68.0
4.980112 244.25812 0.0532 0.0 68.0
4.980112 247.92157 0.0532 0.0 68.0
4.980112 247.92157 0.0533 0.0 69.0
6.640149 251.18732 0.0533 0.0 69.0
4.980112 247.92157 0.0534 0.0 69.0
4.980112 251.58502 0.0534 0.0 69.0
4.980112 240.59467 0.0535 4.0 67.0
6.640149 243.86041 0.0535 4.0 67.0
6.640149 243.86041 0.0536 0.0 68.0
6.640149 247.52386 0.0536 0.0 68.0
6.640149 243.86041 0.0537 3.0 68.0
8.300186 247.12616 0.0537 3.0 68.0
8.300186 247.12616 0.0538 0.0 69.0
11.25984 249.28517 0.0538 0.0 69.0
8.300186 247.12616 0.0539 2.0 69.0
9.960223 250.3919 0.0539 2.0 69.0
9.960223 250.3919 0.0540 1.0 70.0
12.919877 252.55092 0.0540 1.0 70.0
12.919877 252.55092 0.0541 0.0 71.0
14.579914 255.81667 0.0541 0.0 71.0
12.919877 252.55092 0.0542 0.0 71.0
15.879531 254.70993 0.0542 0.0 71.0
15.879531 254.70993 0.0543 0.0 72.0
19.496212 255.29344 0.0543 0.0 72.0
15.879531 254.70993 0.0544 0.0 72.0
18.839184 256.86893 0.0544 0.0 72.0
9.960223 250.3919 0.0545 1.0 70.0
11.62026 253.65765 0.0545 1.0 70.0
11.62026 253.65765 0.0546 0.0 71.0
11.62026 257.3211 0.0546 0.0 71.0
11.62026 253.65765 0.0547 0.0 71.0
13.280297 256.9234 0.0547 0.0 71.0
13.280297 256.9234 0.0548 0.0 72.0
16.23995 259.0824 0.0548 0.0 72.0
13.280297 256.9234 0.0549 0.0 72.0
14.940334 260.18915 0.0549 0.0 72.0
0.0 230.79742 0.0550 16.0 64.0
0.0 234.46088 0.0550 16.0 64.0
0.0 234.46088 0.0551 0.0 65.0
-1.6600373 237.72662 0.0551 0.0 65.0
0.0 234.46088 0.0552 15.0 65.0
0.0 238.12433 0.0552 15.0 65.0
0.0 238.12433 0.0553 0.0 66.0
1.6600373 241.39008 0.0553 0.0 66.0
0.0 238.12433 0.0554 14.0 66.0
0.0 241.78778 0.0554 14.0 66.0
0.0 241.78778 0.0555 1.0 67.0
-1.6600373 245.05353 0.0555 1.0 67.0
-1.6600373 245.05353 0.0556 0.0 68.0
-4.619691 247.21254 0.0556 0.0 68.0
-1.6600373 245.05353 0.0557 0.0 68.0
-3.3200746 248.31927 0.0557 0.0 68.0
-3.3200746 248.31927 0.0558 0.0 69.0
-3.3200746 251.98273 0.0558 0.0 69.0
-3.3200746 248.31927 0.0559 0.0 69.0
-4.980112 251.58502 0.0559 0.0 69.0
0.0 241.78778 0.0560 13.0 67.0
0.0 245.45123 0.0560 13.0 67.0
0.0 245.45123 0.0561 0.0 68.0
-1.6600373 248.71698 0.0561 0.0 68.0
0.0 245.45123 0.0562 12.0 68.0
0.0 249.11469 0.0562 12.0 68.0
0.0 249.11469 0.0563 0.0 69.0
1.6600373 252.38043 0.0563 0.0 69.0
0.0 249.11469 0.0564 11.0 69.0
0.0 252.77814 0.0564 11.0 69.0
0.0 252.77814 0.0565 1.0 70.0
1.6600373 256.04388 0.0565 1.0 70.0
1.6600373 256.04388 0.0566 0.0 71.0
1.6600373 259.70734 0.0566 0.0 71.0
1.6600373 256.04388 0.0567 0.0 71.0
3.3200746 259.30963 0.0567 0.0 71.0
3.3200746 259.30963 0.0568 0.0 72.0
6.279728 261.46863 0.0568 0.0 72.0
3.3200746 259.30963 0.0569 0.0 72.0
4.980112 262.57538 0.0569 0.0 72.0
0.0 252.77814 0.0570 10.0 70.0
0.0 256.4416 0.0570 10.0 70.0
0.0 256.4416 0.0571 0.0 71.0
-1.6600373 259.70734 0.0571 0.0 71.0
0.0 256.4416 0.0572 9.0 71.0
0.0 260.10504 0.0572 9.0 71.0
0.0 260.10504 0.0573 0.0 72.0
1.6600373 263.3708 0.0573 0.0 72.0
0.0 260.10504 0.0574 8.0 72.0
0.0 263.7685 0.0574 8.0 72.0
0.0 263.7685 0.0575 7.0 73.0
-1.6600373 267.03424 0.0575 7.0 73.0
-1.6600373 267.03424 0.0576 0.0 74.0
-4.619691 269.19324 0.0576 0.0 74.0
-1.6600373 267.03424 0.0577 6.0 74.0
-3.3200746 270.3 0.0577 6.0 74.0
-3.3200746 270.3 0.0578 0.0 75.0
-3.3200746 273.96344 0.0578 0.0 75.0
-3.3200746 270.3 0.0579 5.0 75.0
-4.980112 273.56573 0.0579 5.0 75.0
-4.980112 273.56573 0.0580 1.0 76.0
-7.939766 275.72473 0.0580 1.0 76.0
-7.939766 275.72473 0.0581 0.0 77.0
-11.556447 276.30823 0.0581 0.0 77.0
-7.939766 275.72473 0.0582 0.0 77.0
-10.89942 277.88373 0.0582 0.0 77.0
-10.89942 277.88373 0.0583 0.0 78.0
-12.559457 281.14948 0.0583 0.0 78.0
-10.89942 277.88373 0.0584 0.0 78.0
-13.859074 280.04272 0.0584 0.0 78.0
-4.980112 273.56573 0.0585 4.0 76.0
-6.640149 276.83148 0.0585 4.0 76.0
-6.640149 276.83148 0.0586 0.0 77.0
-9.599803 278.99048 0.0586 0.0 77.0
-6.640149 276.83148 0.0587 3.0 77.0
-8.300186 280.09723 0.0587 3.0 77.0
-8.300186 280.09723 0.0588 0.0 78.0
-8.300186 283.76068 0.0588 0.0 78.0
-8.300186 280.09723 0.0589 2.0 78.0
-9.960223 283.36298 0.0589 2.0 78.0
-9.960223 283.36298 0.0590 1.0 79.0
-9.960223 287.02643 0.0590 1.0 79.0
-9.960223 287.02643 0.0591 0.0 80.0
-11.62026 290.29218 0.0591 0.0 80.0
-9.960223 287.02643 0.0592 0.0 80.0
-9.960223 290.68988 0.0592 0.0 80.0
-9.960223 290.68988 0.0593 0.0 81.0
-8.300186 293.95563 0.0593 0.0 81.0
-9.960223 290.68988 0.0594 0.0 81.0
-9.960223 294.35333 0.0594 0.0 81.0
-9.960223 283.36298 0.0595 1.0 79.0
-11.62026 286.62872 0.0595 1.0 79.0
-11.62026 286.62872 0.0596 0.0 80.0
-14.579914 288.78772 0.0596 0.0 80.0
-11.62026 286.62872 0.0597 0.0 80.0
-13.280297 289.89447 0.0597 0.0 80.0
-13.280297 289.89447 0.0598 0.0 81.0
-13.280297 293.55792 0.0598 0.0 81.0
-13.280297 289.89447 0.0599 0.0 81.0
-14.940334 293.16022 0.0599 0.0 81.0
0.0 263.7685 0.0600 7.0 73.0
0.0 267.43195 0.0600 7.0 73.0
0.0 267.43195 0.0601 0.0 74.0
-1.6600373 270.6977 0.0601 0.0 74.0
0.0 267.43195 0.0602 6.0 74.0
0.0 271.0954 0.0602 6.0 74.0
0.0 271.0954 0.0603 0.0 75.0
1.6600373 274.36115 0.0603 0.0 75.0
0.0 271.0954 0.0604 5.0 75.0
0.0 274.75885 0.0604 5.0 75.0
0.0 274.75885 0.0605 1.0 76.0
-1.6600373 278.0246 0.0605 1.0 76.0
-1.6600373 278.0246 0.0606 0.0 77.0
-4.619691 280.1836 0.0606 0.0 77.0
-1.6600373 278.0246 0.0607 0.0 77.0
-3.3200746 281.29034 0.0607 0.0 77.0
-3.3200746 281.29034 0.0608 0.0 78.0
-3.3200746 284.9538 0.0608 0.0 78.0
-3.3200746 281.29034 0.0609 0.0 78.0
-4.980112 284.5561 0.0609 0.0 78.0
0.0 274.75885 0.0610 4.0 76.0
0.0 278.4223 0.0610 4.0 76.0
0.0 278.4223 0.0611 0.0 77.0
-1.6600373 281.68805 0.0611 0.0 77.0
0.0 278.4223 0.0612 3.0 77.0
0.0 282.08575 0.0612 3.0 77.0
0.0 282.08575 0.0613 0.0 78.0
1.6600373 285.3515 0.0613 0.0 78.0
0.0 282.08575 0.0614 2.0 78.0
0.0 285.7492 0.0614 2.0 78.0
0.0 285.7492 0.0615 1.0 79.0
1.6600373 289.01495 0.0615 1.0 79.0
1.6600373 289.01495 0.0616 0.0 80.0
1.6600373 292.6784 0.0616 0.0 80.0
1.6600373 289.01495 0.0617 0.0 80.0
3.3200746 292.2807 0.0617 0.0 80.0
3.3200746 292.2807 0.0618 0.0 81.0
6.279728 294.4397 0.0618 0.0 81.0
3.3200746 292.2807 0.0619 0.0 81.0
4.980112 295.54645 0.0619 0.0 81.0
0.0 285.7492 0.0620 1.0 79.0
0.0 289.41266 0.0620 1.0 79.0
0.0 289.41266 0.0621 0.0 80.0
-1.6600373 292.6784 0.0621 0.0 80.0
0.0 289.41266 0.0622 0.0 80.0
0.0 293.0761 0.0622 0.0 80.0
0.0 293.0761 0.0623 0.0 81.0
1.6600373 296.34186 0.0623 0.0 81.0
0.0 293.0761 0.0624 0.0 81.0
0.0 296.73956 0.0624 0.0 81.0
