0.0 0.0 0.00 60.0 1.0
0.0 2.843997 0.00 60.0 1.0
0.0 2.843997 0.01 59.0 2.0
0.0 5.687994 0.01 59.0 2.0
0.0 5.687994 0.02 58.0 3.0
0.0 8.531991 0.02 58.0 3.0
0.0 8.531991 0.03 57.0 4.0
0.0 11.375988 0.03 57.0 4.0
0.0 11.375988 0.04 56.0 5.0
0.0 14.219985 0.04 56.0 5.0
0.0 14.219985 0.05 55.0 6.0
0.0 17.063982 0.05 55.0 6.0
0.0 17.063982 0.06 54.0 7.0
0.0 19.907978 0.06 54.0 7.0
0.0 19.907978 0.07 53.0 8.0
0.0 22.751976 0.07 53.0 8.0
0.0 22.751976 0.08 52.0 9.0
0.0 25.595974 0.08 52.0 9.0
0.0 25.595974 0.09 51.0 10.0
0.0 28.439972 0.09 51.0 10.0
0.0 28.439972 0.010 50.0 11.0
0.0 31.28397 0.010 50.0 11.0
0.0 31.28397 0.011 49.0 12.0
0.0 34.127968 0.011 49.0 12.0
0.0 34.127968 0.012 48.0 13.0
0.0 36.971966 0.012 48.0 13.0
0.0 36.971966 0.013 47.0 14.0
0.0 39.815964 0.013 47.0 14.0
0.0 39.815964 0.014 46.0 15.0
0.0 42.65996 0.014 46.0 15.0
0.0 42.65996 0.015 45.0 16.0
0.0 45.50396 0.015 45.0 16.0
0.0 45.50396 0.016 28.0 17.0
-0.88425326 48.206997 0.016 28.0 17.0
-0.88425326 48.206997 0.017 27.0 18.0
-1.7685065 50.910034 0.017 27.0 18.0
-1.7685065 50.910034 0.018 26.0 19.0
-2.6527598 53.61307 0.018 26.0 19.0
-2.6527598 53.61307 0.019 25.0 20.0
-3.537013 56.31611 0.019 25.0 20.0
-3.537013 56.31611 0.020 24.0 21.0
-4.4212666 59.019146 0.020 24.0 21.0
-4.4212666 59.019146 0.021 23.0 22.0
-5.30552 61.722183 0.021 23.0 22.0
-5.30552 61.722183 0.022 22.0 23.0
-6.1897736 64.425224 0.022 22.0 23.0
-6.1897736 64.425224 0.023 21.0 24.0
-7.074027 67.128265 0.023 21.0 24.0
-7.074027 67.128265 0.024 12.0 25.0
-8.75488 69.4224 0.024 12.0 25.0
-8.75488 69.4224 0.025 11.0 26.0
-10.435733 71.71654 0.025 11.0 26.0
-10.435733 71.71654 0.026 10.0 27.0
-12.116586 74.01067 0.026 10.0 27.0
-12.116586 74.01067 0.027 9.0 28.0
-13.797439 76.30481 0.027 9.0 28.0
-13.797439 76.30481 0.028 4.0 29.0
-16.108273 77.96263 0.028 4.0 29.0
-16.108273 77.96263 0.029 3.0 30.0
-18.419107 79.62045 0.029 3.0 30.0
-18.419107 79.62045 0.030 0.0 31.0
-21.130856 80.47762 0.030 0.0 31.0
-21.130856 80.47762 0.031 0.0 32.0
-23.842604 81.33479 0.031 0.0 32.0
-18.419107 79.62045 0.032 0.0 31.0
-20.09996 81.91459 0.032 0.0 31.0
-20.09996 81.91459 0.033 0.0 32.0
-21.780813 84.208725 0.033 0.0 32.0
-18.419107 79.62045 0.034 2.0 31.0
-20.729942 81.278275 0.034 2.0 31.0
-20.729942 81.278275 0.035 1.0 32.0
-23.040777 82.9361 0.035 1.0 32.0
-23.040777 82.9361 0.036 0.0 33.0
-25.351612 84.59392 0.036 0.0 33.0
-25.351612 84.59392 0.037 0.0 34.0
-27.662447 86.25174 0.037 0.0 34.0
-13.797439 76.30481 0.038 4.0 29.0
-14.681692 79.00785 0.038 4.0 29.0
-14.681692 79.00785 0.039 3.0 30.0
-15.565946 81.71089 0.039 3.0 30.0
-15.565946 81.71089 0.040 0.0 31.0
-17.2468 84.00503 0.040 0.0 31.0
-17.2468 84.00503 0.041 0.0 32.0
-18.927652 86.299164 0.041 0.0 32.0
-15.565946 81.71089 0.042 0.0 31.0
-15.565946 84.554886 0.042 0.0 31.0
-15.565946 84.554886 0.043 0.0 32.0
-15.565946 87.39888 0.043 0.0 32.0
-15.565946 81.71089 0.044 2.0 31.0
-16.4502 84.41393 0.044 2.0 31.0
-16.4502 84.41393 0.045 1.0 32.0
-17.334452 87.116974 0.045 1.0 32.0
-17.334452 87.116974 0.046 0.0 33.0
-18.218704 89.820015 0.046 0.0 33.0
-18.218704 89.820015 0.047 0.0 34.0
-19.102957 92.523056 0.047 0.0 34.0
-13.797439 76.30481 0.048 8.0 29.0
-15.4782915 78.598946 0.048 8.0 29.0
-15.4782915 78.598946 0.049 7.0 30.0
-17.159145 80.89308 0.049 7.0 30.0
-17.159145 80.89308 0.050 6.0 31.0
-18.839998 83.18722 0.050 6.0 31.0
-18.839998 83.18722 0.051 5.0 32.0
-20.520851 85.48135 0.051 5.0 32.0
-20.520851 85.48135 0.052 4.0 33.0
-22.201704 87.77549 0.052 4.0 33.0
-22.201704 87.77549 0.053 3.0 34.0
-23.882557 90.069626 0.053 3.0 34.0
-23.882557 90.069626 0.054 0.0 35.0
-26.193392 91.72745 0.054 0.0 35.0
-26.193392 91.72745 0.055 0.0 36.0
-28.504227 93.38527 0.055 0.0 36.0
-23.882557 90.069626 0.056 0.0 35.0
-24.76681 92.77267 0.056 0.0 35.0
-24.76681 92.77267 0.057 0.0 36.0
-25.651062 95.47571 0.057 0.0 36.0
-23.882557 90.069626 0.058 2.0 35.0
-25.56341 92.36376 0.058 2.0 35.0
-25.56341 92.36376 0.059 1.0 36.0
-27.244263 94.6579 0.059 1.0 36.0
-27.244263 94.6579 0.060 0.0 37.0
-28.925116 96.952034 0.060 0.0 37.0
-28.925116 96.952034 0.061 0.0 38.0
-30.605968 99.24617 0.061 0.0 38.0
-7.074027 67.128265 0.062 12.0 25.0
-7.074027 69.97226 0.062 12.0 25.0
-7.074027 69.97226 0.063 11.0 26.0
-7.074027 72.81625 0.063 11.0 26.0
-7.074027 72.81625 0.064 10.0 27.0
-7.074027 75.66025 0.064 10.0 27.0
-7.074027 75.66025 0.065 9.0 28.0
-7.074027 78.50424 0.065 9.0 28.0
-7.074027 78.50424 0.066 4.0 29.0
-7.9582806 81.20728 0.066 4.0 29.0
-7.9582806 81.20728 0.067 3.0 30.0
-8.842534 83.910324 0.067 3.0 30.0
-8.842534 83.910324 0.068 0.0 31.0
-10.523387 86.20446 0.068 0.0 31.0
-10.523387 86.20446 0.069 0.0 32.0
-12.20424 88.4986 0.069 0.0 32.0
-8.842534 83.910324 0.070 0.0 31.0
-8.842534 86.75432 0.070 0.0 31.0
-8.842534 86.75432 0.071 0.0 32.0
-8.842534 89.59831 0.071 0.0 32.0
-8.842534 83.910324 0.072 2.0 31.0
-9.726788 86.613365 0.072 2.0 31.0
-9.726788 86.613365 0.073 1.0 32.0
-10.611041 89.31641 0.073 1.0 32.0
-10.611041 89.31641 0.074 0.0 33.0
-11.495295 92.01945 0.074 0.0 33.0
-11.495295 92.01945 0.075 0.0 34.0
-12.379548 94.72249 0.075 0.0 34.0
-7.074027 78.50424 0.076 4.0 29.0
-6.1897736 81.20728 0.076 4.0 29.0
-6.1897736 81.20728 0.077 3.0 30.0
-5.30552 83.910324 0.077 3.0 30.0
-5.30552 83.910324 0.078 0.0 31.0
-5.30552 86.75432 0.078 0.0 31.0
-5.30552 86.75432 0.079 0.0 32.0
-5.30552 89.59831 0.079 0.0 32.0
-5.30552 83.910324 0.080 0.0 31.0
-3.6246672 86.20446 0.080 0.0 31.0
-3.6246672 86.20446 0.081 0.0 32.0
-1.9438142 88.4986 0.081 0.0 32.0
-5.30552 83.910324 0.082 2.0 31.0
-4.4212666 86.613365 0.082 2.0 31.0
-4.4212666 86.613365 0.083 1.0 32.0
-3.5370133 89.31641 0.083 1.0 32.0
-3.5370133 89.31641 0.084 0.0 33.0
-2.65276 92.01945 0.084 0.0 33.0
-2.65276 92.01945 0.085 0.0 34.0
-1.7685068 94.72249 0.085 0.0 34.0
-7.074027 78.50424 0.086 8.0 29.0
-7.074027 81.348236 0.086 8.0 29.0
-7.074027 81.348236 0.087 7.0 30.0
-7.074027 84.19223 0.087 7.0 30.0
-7.074027 84.19223 0.088 6.0 31.0
-7.074027 87.036224 0.088 6.0 31.0
-7.074027 87.036224 0.089 5.0 32.0
-7.074027 89.88022 0.089 5.0 32.0
-7.074027 89.88022 0.090 4.0 33.0
-7.074027 92.72421 0.090 4.0 33.0
-7.074027 92.72421 0.091 3.0 34.0
-7.074027 95.56821 0.091 3.0 34.0
-7.074027 95.56821 0.092 0.0 35.0
-7.9582806 98.27125 0.092 0.0 35.0
-7.9582806 98.27125 0.093 0.0 36.0
-8.842534 100.97429 0.093 0.0 36.0
-7.074027 95.56821 0.094 0.0 35.0
-6.1897736 98.27125 0.094 0.0 35.0
-6.1897736 98.27125 0.095 0.0 36.0
-5.30552 100.97429 0.095 0.0 36.0
-7.074027 95.56821 0.096 2.0 35.0
-7.074027 98.4122 0.096 2.0 35.0
-7.074027 98.4122 0.097 1.0 36.0
-7.074027 101.256195 0.097 1.0 36.0
-7.074027 101.256195 0.098 0.0 37.0
-7.074027 104.10019 0.098 0.0 37.0
-7.074027 104.10019 0.099 0.0 38.0
-7.074027 106.94418 0.099 0.0 38.0
-7.074027 67.128265 0.0100 20.0 25.0
-7.9582806 69.83131 0.0100 20.0 25.0
-7.9582806 69.83131 0.0101 19.0 26.0
-8.842534 72.53435 0.0101 19.0 26.0
-8.842534 72.53435 0.0102 18.0 27.0
-9.726788 75.23739 0.0102 18.0 27.0
-9.726788 75.23739 0.0103 17.0 28.0
-10.611041 77.94043 0.0103 17.0 28.0
-10.611041 77.94043 0.0104 16.0 29.0
-11.495295 80.64347 0.0104 16.0 29.0
-11.495295 80.64347 0.0105 15.0 30.0
-12.379548 83.34651 0.0105 15.0 30.0
-12.379548 83.34651 0.0106 14.0 31.0
-13.263802 86.04955 0.0106 14.0 31.0
-13.263802 86.04955 0.0107 13.0 32.0
-14.148055 88.752594 0.0107 13.0 32.0
-14.148055 88.752594 0.0108 12.0 33.0
-15.032309 91.455635 0.0108 12.0 33.0
-15.032309 91.455635 0.0109 11.0 34.0
-15.916562 94.158676 0.0109 11.0 34.0
-15.916562 94.158676 0.0110 10.0 35.0
-16.800816 96.86172 0.0110 10.0 35.0
-16.800816 96.86172 0.0111 9.0 36.0
-17.685068 99.56476 0.0111 9.0 36.0
-17.685068 99.56476 0.0112 4.0 37.0
-19.365921 101.858894 0.0112 4.0 37.0
-19.365921 101.858894 0.0113 3.0 38.0
-21.046774 104.15303 0.0113 3.0 38.0
-21.046774 104.15303 0.0114 0.0 39.0
-23.357609 105.81085 0.0114 0.0 39.0
-23.357609 105.81085 0.0115 0.0 40.0
-25.668444 107.46867 0.0115 0.0 40.0
-21.046774 104.15303 0.0116 0.0 39.0
-21.931026 106.85607 0.0116 0.0 39.0
-21.931026 106.85607 0.0117 0.0 40.0
-22.815279 109.55911 0.0117 0.0 40.0
-21.046774 104.15303 0.0118 2.0 39.0
-22.727627 106.44717 0.0118 2.0 39.0
-22.727627 106.44717 0.0119 1.0 40.0
-24.40848 108.7413 0.0119 1.0 40.0
-24.40848 108.7413 0.0120 0.0 41.0
-26.089333 111.03544 0.0120 0.0 41.0
-26.089333 111.03544 0.0121 0.0 42.0
-27.770185 113.329575 0.0121 0.0 42.0
-17.685068 99.56476 0.0122 4.0 37.0
-17.685068 102.40875 0.0122 4.0 37.0
-17.685068 102.40875 0.0123 3.0 38.0
-17.685068 105.25275 0.0123 3.0 38.0
-17.685068 105.25275 0.0124 0.0 39.0
-18.56932 107.95579 0.0124 0.0 39.0
-18.56932 107.95579 0.0125 0.0 40.0
-19.453573 110.65883 0.0125 0.0 40.0
-17.685068 105.25275 0.0126 0.0 39.0
-16.800816 107.95579 0.0126 0.0 39.0
-16.800816 107.95579 0.0127 0.0 40.0
-15.916562 110.65883 0.0127 0.0 40.0
-17.685068 105.25275 0.0128 2.0 39.0
-17.685068 108.09674 0.0128 2.0 39.0
-17.685068 108.09674 0.0129 1.0 40.0
-17.685068 110.940735 0.0129 1.0 40.0
-17.685068 110.940735 0.0130 0.0 41.0
-17.685068 113.78473 0.0130 0.0 41.0
-17.685068 113.78473 0.0131 0.0 42.0
-17.685068 116.62872 0.0131 0.0 42.0
-17.685068 99.56476 0.0132 8.0 37.0
-18.56932 102.2678 0.0132 8.0 37.0
-18.56932 102.2678 0.0133 7.0 38.0
-19.453573 104.97084 0.0133 7.0 38.0
-19.453573 104.97084 0.0134 6.0 39.0
-20.337826 107.67388 0.0134 6.0 39.0
-20.337826 107.67388 0.0135 5.0 40.0
-21.222078 110.37692 0.0135 5.0 40.0
-21.222078 110.37692 0.0136 4.0 41.0
-22.10633 113.07996 0.0136 4.0 41.0
-22.10633 113.07996 0.0137 3.0 42.0
-22.990583 115.783005 0.0137 3.0 42.0
-22.990583 115.783005 0.0138 0.0 43.0
-24.671436 118.07714 0.0138 0.0 43.0
-24.671436 118.07714 0.0139 0.0 44.0
-26.35229 120.37128 0.0139 0.0 44.0
-22.990583 115.783005 0.0140 0.0 43.0
-22.990583 118.627 0.0140 0.0 43.0
-22.990583 118.627 0.0141 0.0 44.0
-22.990583 121.47099 0.0141 0.0 44.0
-22.990583 115.783005 0.0142 2.0 43.0
-23.874836 118.486046 0.0142 2.0 43.0
-23.874836 118.486046 0.0143 1.0 44.0
-24.759089 121.18909 0.0143 1.0 44.0
-24.759089 121.18909 0.0144 0.0 45.0
-25.643341 123.89213 0.0144 0.0 45.0
-25.643341 123.89213 0.0145 0.0 46.0
-26.527594 126.59517 0.0145 0.0 46.0
0.0 45.50396 0.0146 28.0 17.0
0.88425326 48.206997 0.0146 28.0 17.0
0.88425326 48.206997 0.0147 27.0 18.0
1.7685065 50.910034 0.0147 27.0 18.0
1.7685065 50.910034 0.0148 26.0 19.0
2.6527598 53.61307 0.0148 26.0 19.0
2.6527598 53.61307 0.0149 25.0 20.0
3.537013 56.31611 0.0149 25.0 20.0
3.537013 56.31611 0.0150 24.0 21.0
4.4212666 59.019146 0.0150 24.0 21.0
4.4212666 59.019146 0.0151 23.0 22.0
5.30552 61.722183 0.0151 23.0 22.0
5.30552 61.722183 0.0152 22.0 23.0
6.1897736 64.425224 0.0152 22.0 23.0
6.1897736 64.425224 0.0153 21.0 24.0
7.074027 67.128265 0.0153 21.0 24.0
7.074027 67.128265 0.0154 12.0 25.0
7.074027 69.97226 0.0154 12.0 25.0
7.074027 69.97226 0.0155 11.0 26.0
7.074027 72.81625 0.0155 11.0 26.0
7.074027 72.81625 0.0156 10.0 27.0
7.074027 75.66025 0.0156 10.0 27.0
7.074027 75.66025 0.0157 9.0 28.0
7.074027 78.50424 0.0157 9.0 28.0
7.074027 78.50424 0.0158 4.0 29.0
6.1897736 81.20728 0.0158 4.0 29.0
6.1897736 81.20728 0.0159 3.0 30.0
5.30552 83.910324 0.0159 3.0 30.0
5.30552 83.910324 0.0160 0.0 31.0
3.6246672 86.20446 0.0160 0.0 31.0
3.6246672 86.20446 0.0161 0.0 32.0
1.9438142 88.4986 0.0161 0.0 32.0
5.30552 83.910324 0.0162 0.0 31.0
5.30552 86.75432 0.0162 0.0 31.0
5.30552 86.75432 0.0163 0.0 32.0
5.30552 89.59831 0.0163 0.0 32.0
5.30552 83.910324 0.0164 2.0 31.0
4.4212666 86.613365 0.0164 2.0 31.0
4.4212666 86.613365 0.0165 1.0 32.0
3.5370133 89.31641 0.0165 1.0 32.0
3.5370133 89.31641 0.0166 0.0 33.0
2.65276 92.01945 0.0166 0.0 33.0
2.65276 92.01945 0.0167 0.0 34.0
1.7685068 94.72249 0.0167 0.0 34.0
7.074027 78.50424 0.0168 4.0 29.0
7.9582806 81.20728 0.0168 4.0 29.0
7.9582806 81.20728 0.0169 3.0 30.0
8.842534 83.910324 0.0169 3.0 30.0
8.842534 83.910324 0.0170 0.0 31.0
8.842534 86.75432 0.0170 0.0 31.0
8.842534 86.75432 0.0171 0.0 32.0
8.842534 89.59831 0.0171 0.0 32.0
8.842534 83.910324 0.0172 0.0 31.0
10.523387 86.20446 0.0172 0.0 31.0
10.523387 86.20446 0.0173 0.0 32.0
12.20424 88.4986 0.0173 0.0 32.0
8.842534 83.910324 0.0174 2.0 31.0
9.726788 86.613365 0.0174 2.0 31.0
9.726788 86.613365 0.0175 1.0 32.0
10.611041 89.31641 0.0175 1.0 32.0
10.611041 89.31641 0.0176 0.0 33.0
11.495295 92.01945 0.0176 0.0 33.0
11.495295 92.01945 0.0177 0.0 34.0
12.379548 94.72249 0.0177 0.0 34.0
7.074027 78.50424 0.0178 8.0 29.0
7.074027 81.348236 0.0178 8.0 29.0
7.074027 81.348236 0.0179 7.0 30.0
7.074027 84.19223 0.0179 7.0 30.0
7.074027 84.19223 0.0180 6.0 31.0
7.074027 87.036224 0.0180 6.0 31.0
7.074027 87.036224 0.0181 5.0 32.0
7.074027 89.88022 0.0181 5.0 32.0
7.074027 89.88022 0.0182 4.0 33.0
7.074027 92.72421 0.0182 4.0 33.0
7.074027 92.72421 0.0183 3.0 34.0
7.074027 95.56821 0.0183 3.0 34.0
7.074027 95.56821 0.0184 0.0 35.0
6.1897736 98.27125 0.0184 0.0 35.0
6.1897736 98.27125 0.0185 0.0 36.0
5.30552 100.97429 0.0185 0.0 36.0
7.074027 95.56821 0.0186 0.0 35.0
7.9582806 98.27125 0.0186 0.0 35.0
7.9582806 98.27125 0.0187 0.0 36.0
8.842534 100.97429 0.0187 0.0 36.0
7.074027 95.56821 0.0188 2.0 35.0
7.074027 98.4122 0.0188 2.0 35.0
7.074027 98.4122 0.0189 1.0 36.0
7.074027 101.256195 0.0189 1.0 36.0
7.074027 101.256195 0.0190 0.0 37.0
7.074027 104.10019 0.0190 0.0 37.0
7.074027 104.10019 0.0191 0.0 38.0
7.074027 106.94418 0.0191 0.0 38.0
7.074027 67.128265 0.0192 12.0 25.0
8.75488 69.4224 0.0192 12.0 25.0
8.75488 69.4224 0.0193 11.0 26.0
10.435733 71.71654 0.0193 11.0 26.0
10.435733 71.71654 0.0194 10.0 27.0
12.116586 74.01067 0.0194 10.0 27.0
12.116586 74.01067 0.0195 9.0 28.0
13.797439 76.30481 0.0195 9.0 28.0
13.797439 76.30481 0.0196 4.0 29.0
14.681692 79.00785 0.0196 4.0 29.0
14.681692 79.00785 0.0197 3.0 30.0
15.565946 81.71089 0.0197 3.0 30.0
15.565946 81.71089 0.0198 0.0 31.0
15.565946 84.554886 0.0198 0.0 31.0
15.565946 84.554886 0.0199 0.0 32.0
15.565946 87.39888 0.0199 0.0 32.0
15.565946 81.71089 0.0200 0.0 31.0
17.2468 84.00503 0.0200 0.0 31.0
17.2468 84.00503 0.0201 0.0 32.0
18.927652 86.299164 0.0201 0.0 32.0
15.565946 81.71089 0.0202 2.0 31.0
16.4502 84.41393 0.0202 2.0 31.0
16.4502 84.41393 0.0203 1.0 32.0
17.334452 87.116974 0.0203 1.0 32.0
17.334452 87.116974 0.0204 0.0 33.0
18.218704 89.820015 0.0204 0.0 33.0
18.218704 89.820015 0.0205 0.0 34.0
19.102957 92.523056 0.0205 0.0 34.0
13.797439 76.30481 0.0206 4.0 29.0
16.108273 77.96263 0.0206 4.0 29.0
16.108273 77.96263 0.0207 3.0 30.0
18.419107 79.62045 0.0207 3.0 30.0
18.419107 79.62045 0.0208 0.0 31.0
20.09996 81.91459 0.0208 0.0 31.0
20.09996 81.91459 0.0209 0.0 32.0
21.780813 84.208725 0.0209 0.0 32.0
18.419107 79.62045 0.0210 0.0 31.0
21.130856 80.47762 0.0210 0.0 31.0
21.130856 80.47762 0.0211 0.0 32.0
23.842604 81.33479 0.0211 0.0 32.0
18.419107 79.62045 0.0212 2.0 31.0
20.729942 81.278275 0.0212 2.0 31.0
20.729942 81.278275 0.0213 1.0 32.0
23.040777 82.9361 0.0213 1.0 32.0
23.040777 82.9361 0.0214 0.0 33.0
25.351612 84.59392 0.0214 0.0 33.0
25.351612 84.59392 0.0215 0.0 34.0
27.662447 86.25174 0.0215 0.0 34.0
13.797439 76.30481 0.0216 8.0 29.0
15.4782915 78.598946 0.0216 8.0 29.0
15.4782915 78.598946 0.0217 7.0 30.0
17.159145 80.89308 0.0217 7.0 30.0
17.159145 80.89308 0.0218 6.0 31.0
18.839998 83.18722 0.0218 6.0 31.0
18.839998 83.18722 0.0219 5.0 32.0
20.520851 85.48135 0.0219 5.0 32.0
20.520851 85.48135 0.0220 4.0 33.0
22.201704 87.77549 0.0220 4.0 33.0
22.201704 87.77549 0.0221 3.0 34.0
23.882557 90.069626 0.0221 3.0 34.0
23.882557 90.069626 0.0222 0.0 35.0
24.76681 92.77267 0.0222 0.0 35.0
24.76681 92.77267 0.0223 0.0 36.0
25.651062 95.47571 0.0223 0.0 36.0
23.882557 90.069626 0.0224 0.0 35.0
26.193392 91.72745 0.0224 0.0 35.0
26.193392 91.72745 0.0225 0.0 36.0
28.504227 93.38527 0.0225 0.0 36.0
23.882557 90.069626 0.0226 2.0 35.0
25.56341 92.36376 0.0226 2.0 35.0
25.56341 92.36376 0.0227 1.0 36.0
27.244263 94.6579 0.0227 1.0 36.0
27.244263 94.6579 0.0228 0.0 37.0
28.925116 96.952034 0.0228 0.0 37.0
28.925116 96.952034 0.0229 0.0 38.0
30.605968 99.24617 0.0229 0.0 38.0
7.074027 67.128265 0.0230 20.0 25.0
7.9582806 69.83131 0.0230 20.0 25.0
7.9582806 69.83131 0.0231 19.0 26.0
8.842534 72.53435 0.0231 19.0 26.0
8.842534 72.53435 0.0232 18.0 27.0
9.726788 75.23739 0.0232 18.0 27.0
9.726788 75.23739 0.0233 17.0 28.0
10.611041 77.94043 0.0233 17.0 28.0
10.611041 77.94043 0.0234 16.0 29.0
11.495295 80.64347 0.0234 16.0 29.0
11.495295 80.64347 0.0235 15.0 30.0
12.379548 83.34651 0.0235 15.0 30.0
12.379548 83.34651 0.0236 14.0 31.0
13.263802 86.04955 0.0236 14.0 31.0
13.263802 86.04955 0.0237 13.0 32.0
14.148055 88.752594 0.0237 13.0 32.0
14.148055 88.752594 0.0238 12.0 33.0
15.032309 91.455635 0.0238 12.0 33.0
15.032309 91.455635 0.0239 11.0 34.0
15.916562 94.158676 0.0239 11.0 34.0
15.916562 94.158676 0.0240 10.0 35.0
16.800816 96.86172 0.0240 10.0 35.0
16.800816 96.86172 0.0241 9.0 36.0
17.685068 99.56476 0.0241 9.0 36.0
17.685068 99.56476 0.0242 4.0 37.0
17.685068 102.40875 0.0242 4.0 37.0
17.685068 102.40875 0.0243 3.0 38.0
17.685068 105.25275 0.0243 3.0 38.0
17.685068 105.25275 0.0244 0.0 39.0
16.800816 107.95579 0.0244 0.0 39.0
16.800816 107.95579 0.0245 0.0 40.0
15.916562 110.65883 0.0245 0.0 40.0
17.685068 105.25275 0.0246 0.0 39.0
18.56932 107.95579 0.0246 0.0 39.0
18.56932 107.95579 0.0247 0.0 40.0
19.453573 110.65883 0.0247 0.0 40.0
17.685068 105.25275 0.0248 2.0 39.0
17.685068 108.09674 0.0248 2.0 39.0
17.685068 108.09674 0.0249 1.0 40.0
17.685068 110.940735 0.0249 1.0 40.0
17.685068 110.940735 0.0250 0.0 41.0
17.685068 113.78473 0.0250 0.0 41.0
17.685068 113.78473 0.0251 0.0 42.0
17.685068 116.62872 0.0251 0.0 42.0
17.685068 99.56476 0.0252 4.0 37.0
19.365921 101.858894 0.0252 4.0 37.0
19.365921 101.858894 0.0253 3.0 38.0
21.046774 104.15303 0.0253 3.0 38.0
21.046774 104.15303 0.0254 0.0 39.0
21.931026 106.85607 0.0254 0.0 39.0
21.931026 106.85607 0.0255 0.0 40.0
22.815279 109.55911 0.0255 0.0 40.0
21.046774 104.15303 0.0256 0.0 39.0
23.357609 105.81085 0.0256 0.0 39.0
23.357609 105.81085 0.0257 0.0 40.0
25.668444 107.46867 0.0257 0.0 40.0
21.046774 104.15303 0.0258 2.0 39.0
22.727627 106.44717 0.0258 2.0 39.0
22.727627 106.44717 0.0259 1.0 40.0
24.40848 108.7413 0.0259 1.0 40.0
24.40848 108.7413 0.0260 0.0 41.0
26.089333 111.03544 0.0260 0.0 41.0
26.089333 111.03544 0.0261 0.0 42.0
27.770185 113.329575 0.0261 0.0 42.0
17.685068 99.56476 0.0262 8.0 37.0
18.56932 102.2678 0.0262 8.0 37.0
18.56932 102.2678 0.0263 7.0 38.0
19.453573 104.97084 0.0263 7.0 38.0
19.453573 104.97084 0.0264 6.0 39.0
20.337826 107.67388 0.0264 6.0 39.0
20.337826 107.67388 0.0265 5.0 40.0
21.222078 110.37692 0.0265 5.0 40.0
21.222078 110.37692 0.0266 4.0 41.0
22.10633 113.07996 0.0266 4.0 41.0
22.10633 113.07996 0.0267 3.0 42.0
22.990583 115.783005 0.0267 3.0 42.0
22.990583 115.783005 0.0268 0.0 43.0
22.990583 118.627 0.0268 0.0 43.0
22.990583 118.627 0.0269 0.0 44.0
22.990583 121.47099 0.0269 0.0 44.0
22.990583 115.783005 0.0270 0.0 43.0
24.671436 118.07714 0.0270 0.0 43.0
24.671436 118.07714 0.0271 0.0 44.0
26.35229 120.37128 0.0271 0.0 44.0
22.990583 115.783005 0.0272 2.0 43.0
23.874836 118.486046 0.0272 2.0 43.0
23.874836 118.486046 0.0273 1.0 44.0
24.759089 121.18909 0.0273 1.0 44.0
24.759089 121.18909 0.0274 0.0 45.0
25.643341 123.89213 0.0274 0.0 45.0
25.643341 123.89213 0.0275 0.0 46.0
26.527594 126.59517 0.0275 0.0 46.0
0.0 45.50396 0.0276 44.0 17.0
0.0 48.347958 0.0276 44.0 17.0
0.0 48.347958 0.0277 43.0 18.0
0.0 51.191956 0.0277 43.0 18.0
0.0 51.191956 0.0278 42.0 19.0
0.0 54.035954 0.0278 42.0 19.0
0.0 54.035954 0.0279 41.0 20.0
0.0 56.87995 0.0279 41.0 20.0
0.0 56.87995 0.0280 40.0 21.0
0.0 59.72395 0.0280 40.0 21.0
0.0 59.72395 0.0281 39.0 22.0
0.0 62.567947 0.0281 39.0 22.0
0.0 62.567947 0.0282 38.0 23.0
0.0 65.41194 0.0282 38.0 23.0
0.0 65.41194 0.0283 37.0 24.0
0.0 68.255936 0.0283 37.0 24.0
0.0 68.255936 0.0284 36.0 25.0
0.0 71.09993 0.0284 36.0 25.0
0.0 71.09993 0.0285 35.0 26.0
0.0 73.943924 0.0285 35.0 26.0
0.0 73.943924 0.0286 34.0 27.0
0.0 76.78792 0.0286 34.0 27.0
0.0 76.78792 0.0287 33.0 28.0
0.0 79.63191 0.0287 33.0 28.0
0.0 79.63191 0.0288 32.0 29.0
0.0 82.47591 0.0288 32.0 29.0
0.0 82.47591 0.0289 31.0 30.0
0.0 85.3199 0.0289 31.0 30.0
0.0 85.3199 0.0290 30.0 31.0
0.0 88.163895 0.0290 30.0 31.0
0.0 88.163895 0.0291 29.0 32.0
0.0 91.00789 0.0291 29.0 32.0
0.0 91.00789 0.0292 28.0 33.0
0.0 93.85188 0.0292 28.0 33.0
0.0 93.85188 0.0293 27.0 34.0
0.0 96.69588 0.0293 27.0 34.0
0.0 96.69588 0.0294 26.0 35.0
0.0 99.53987 0.0294 26.0 35.0
0.0 99.53987 0.0295 25.0 36.0
0.0 102.383865 0.0295 25.0 36.0
0.0 102.383865 0.0296 24.0 37.0
0.0 105.22786 0.0296 24.0 37.0
0.0 105.22786 0.0297 23.0 38.0
0.0 108.07185 0.0297 23.0 38.0
0.0 108.07185 0.0298 22.0 39.0
0.0 110.91585 0.0298 22.0 39.0
0.0 110.91585 0.0299 21.0 40.0
0.0 113.75984 0.0299 21.0 40.0
0.0 113.75984 0.0300 12.0 41.0
-0.88425326 116.46288 0.0300 12.0 41.0
-0.88425326 116.46288 0.0301 11.0 42.0
-1.7685065 119.165924 0.0301 11.0 42.0
-1.7685065 119.165924 0.0302 10.0 43.0
-2.6527598 121.868965 0.0302 10.0 43.0
-2.6527598 121.868965 0.0303 9.0 44.0
-3.537013 124.57201 0.0303 9.0 44.0
-3.537013 124.57201 0.0304 4.0 45.0
-5.217866 126.86614 0.0304 4.0 45.0
-5.217866 126.86614 0.0305 3.0 46.0
-6.898719 129.16028 0.0305 3.0 46.0
-6.898719 129.16028 0.0306 0.0 47.0
-9.209553 130.8181 0.0306 0.0 47.0
-9.209553 130.8181 0.0307 0.0 48.0
-11.520387 132.47592 0.0307 0.0 48.0
-6.898719 129.16028 0.0308 0.0 47.0
-7.7829723 131.86331 0.0308 0.0 47.0
-7.7829723 131.86331 0.0309 0.0 48.0
-8.667226 134.56635 0.0309 0.0 48.0
-6.898719 129.16028 0.0310 2.0 47.0
-8.579572 131.4544 0.0310 2.0 47.0
-8.579572 131.4544 0.0311 1.0 48.0
-10.260425 133.74854 0.0311 1.0 48.0
-10.260425 133.74854 0.0312 0.0 49.0
-11.9412775 136.04266 0.0312 0.0 49.0
-11.9412775 136.04266 0.0313 0.0 50.0
-13.62213 138.33679 0.0313 0.0 50.0
-3.537013 124.57201 0.0314 4.0 45.0
-3.537013 127.416 0.0314 4.0 45.0
-3.537013 127.416 0.0315 3.0 46.0
-3.537013 130.26 0.0315 3.0 46.0
-3.537013 130.26 0.0316 0.0 47.0
-4.4212666 132.96303 0.0316 0.0 47.0
-4.4212666 132.96303 0.0317 0.0 48.0
-5.30552 135.66606 0.0317 0.0 48.0
-3.537013 130.26 0.0318 0.0 47.0
-2.6527598 132.96303 0.0318 0.0 47.0
-2.6527598 132.96303 0.0319 0.0 48.0
-1.7685065 135.66606 0.0319 0.0 48.0
-3.537013 130.26 0.0320 2.0 47.0
-3.537013 133.10399 0.0320 2.0 47.0
-3.537013 133.10399 0.0321 1.0 48.0
-3.537013 135.94798 0.0321 1.0 48.0
-3.537013 135.94798 0.0322 0.0 49.0
-3.537013 138.79198 0.0322 0.0 49.0
-3.537013 138.79198 0.0323 0.0 50.0
-3.537013 141.63597 0.0323 0.0 50.0
-3.537013 124.57201 0.0324 8.0 45.0
-4.4212666 127.27505 0.0324 8.0 45.0
-4.4212666 127.27505 0.0325 7.0 46.0
-5.30552 129.97809 0.0325 7.0 46.0
-5.30552 129.97809 0.0326 6.0 47.0
-6.1897736 132.68112 0.0326 6.0 47.0
-6.1897736 132.68112 0.0327 5.0 48.0
-7.074027 135.38416 0.0327 5.0 48.0
-7.074027 135.38416 0.0328 4.0 49.0
-7.9582806 138.08719 0.0328 4.0 49.0
-7.9582806 138.08719 0.0329 3.0 50.0
-8.842534 140.79022 0.0329 3.0 50.0
-8.842534 140.79022 0.0330 0.0 51.0
-10.523387 143.08435 0.0330 0.0 51.0
-10.523387 143.08435 0.0331 0.0 52.0
-12.20424 145.37848 0.0331 0.0 52.0
-8.842534 140.79022 0.0332 0.0 51.0
-8.842534 143.63422 0.0332 0.0 51.0
-8.842534 143.63422 0.0333 0.0 52.0
-8.842534 146.47821 0.0333 0.0 52.0
-8.842534 140.79022 0.0334 2.0 51.0
-9.726788 143.49326 0.0334 2.0 51.0
-9.726788 143.49326 0.0335 1.0 52.0
-10.611041 146.19629 0.0335 1.0 52.0
-10.611041 146.19629 0.0336 0.0 53.0
-11.495295 148.89932 0.0336 0.0 53.0
-11.495295 148.89932 0.0337 0.0 54.0
-12.379548 151.60236 0.0337 0.0 54.0
0.0 113.75984 0.0338 12.0 41.0
0.88425326 116.46288 0.0338 12.0 41.0
0.88425326 116.46288 0.0339 11.0 42.0
1.7685065 119.165924 0.0339 11.0 42.0
1.7685065 119.165924 0.0340 10.0 43.0
2.6527598 121.868965 0.0340 10.0 43.0
2.6527598 121.868965 0.0341 9.0 44.0
3.537013 124.57201 0.0341 9.0 44.0
3.537013 124.57201 0.0342 4.0 45.0
3.537013 127.416 0.0342 4.0 45.0
3.537013 127.416 0.0343 3.0 46.0
3.537013 130.26 0.0343 3.0 46.0
3.537013 130.26 0.0344 0.0 47.0
2.6527598 132.96303 0.0344 0.0 47.0
2.6527598 132.96303 0.0345 0.0 48.0
1.7685065 135.66606 0.0345 0.0 48.0
3.537013 130.26 0.0346 0.0 47.0
4.4212666 132.96303 0.0346 0.0 47.0
4.4212666 132.96303 0.0347 0.0 48.0
5.30552 135.66606 0.0347 0.0 48.0
3.537013 130.26 0.0348 2.0 47.0
3.537013 133.10399 0.0348 2.0 47.0
3.537013 133.10399 0.0349 1.0 48.0
3.537013 135.94798 0.0349 1.0 48.0
3.537013 135.94798 0.0350 0.0 49.0
3.537013 138.79198 0.0350 0.0 49.0
3.537013 138.79198 0.0351 0.0 50.0
3.537013 141.63597 0.0351 0.0 50.0
3.537013 124.57201 0.0352 4.0 45.0
5.217866 126.86614 0.0352 4.0 45.0
5.217866 126.86614 0.0353 3.0 46.0
6.898719 129.16028 0.0353 3.0 46.0
6.898719 129.16028 0.0354 0.0 47.0
7.7829723 131.86331 0.0354 0.0 47.0
7.7829723 131.86331 0.0355 0.0 48.0
8.667226 134.56635 0.0355 0.0 48.0
6.898719 129.16028 0.0356 0.0 47.0
9.209553 130.8181 0.0356 0.0 47.0
9.209553 130.8181 0.0357 0.0 48.0
11.520387 132.47592 0.0357 0.0 48.0
6.898719 129.16028 0.0358 2.0 47.0
8.579572 131.4544 0.0358 2.0 47.0
8.579572 131.4544 0.0359 1.0 48.0
10.260425 133.74854 0.0359 1.0 48.0
10.260425 133.74854 0.0360 0.0 49.0
11.9412775 136.04266 0.0360 0.0 49.0
11.9412775 136.04266 0.0361 0.0 50.0
13.62213 138.33679 0.0361 0.0 50.0
3.537013 124.57201 0.0362 8.0 45.0
4.4212666 127.27505 0.0362 8.0 45.0
4.4212666 127.27505 0.0363 7.0 46.0
5.30552 129.97809 0.0363 7.0 46.0
5.30552 129.97809 0.0364 6.0 47.0
6.1897736 132.68112 0.0364 6.0 47.0
6.1897736 132.68112 0.0365 5.0 48.0
7.074027 135.38416 0.0365 5.0 48.0
7.074027 135.38416 0.0366 4.0 49.0
7.9582806 138.08719 0.0366 4.0 49.0
7.9582806 138.08719 0.0367 3.0 50.0
8.842534 140.79022 0.0367 3.0 50.0
8.842534 140.79022 0.0368 0.0 51.0
8.842534 143.63422 0.0368 0.0 51.0
8.842534 143.63422 0.0369 0.0 52.0
8.842534 146.47821 0.0369 0.0 52.0
8.842534 140.79022 0.0370 0.0 51.0
10.523387 143.08435 0.0370 0.0 51.0
10.523387 143.08435 0.0371 0.0 52.0
12.20424 145.37848 0.0371 0.0 52.0
8.842534 140.79022 0.0372 2.0 51.0
9.726788 143.49326 0.0372 2.0 51.0
9.726788 143.49326 0.0373 1.0 52.0
10.611041 146.19629 0.0373 1.0 52.0
10.611041 146.19629 0.0374 0.0 53.0
11.495295 148.89932 0.0374 0.0 53.0
11.495295 148.89932 0.0375 0.0 54.0
12.379548 151.60236 0.0375 0.0 54.0
0.0 113.75984 0.0376 20.0 41.0
0.0 116.603836 0.0376 20.0 41.0
0.0 116.603836 0.0377 19.0 42.0
0.0 119.44783 0.0377 19.0 42.0
0.0 119.44783 0.0378 18.0 43.0
0.0 122.291824 0.0378 18.0 43.0
0.0 122.291824 0.0379 17.0 44.0
0.0 125.13582 0.0379 17.0 44.0
0.0 125.13582 0.0380 16.0 45.0
0.0 127.97981 0.0380 16.0 45.0
0.0 127.97981 0.0381 15.0 46.0
0.0 130.8238 0.0381 15.0 46.0
0.0 130.8238 0.0382 14.0 47.0
0.0 133.6678 0.0382 14.0 47.0
0.0 133.6678 0.0383 13.0 48.0
0.0 136.5118 0.0383 13.0 48.0
0.0 136.5118 0.0384 12.0 49.0
0.0 139.35579 0.0384 12.0 49.0
0.0 139.35579 0.0385 11.0 50.0
0.0 142.19978 0.0385 11.0 50.0
0.0 142.19978 0.0386 10.0 51.0
0.0 145.04378 0.0386 10.0 51.0
0.0 145.04378 0.0387 9.0 52.0
0.0 147.88777 0.0387 9.0 52.0
0.0 147.88777 0.0388 4.0 53.0
-0.88425326 150.5908 0.0388 4.0 53.0
-0.88425326 150.5908 0.0389 3.0 54.0
-1.7685065 153.29384 0.0389 3.0 54.0
-1.7685065 153.29384 0.0390 0.0 55.0
-3.4493594 155.58797 0.0390 0.0 55.0
-3.4493594 155.58797 0.0391 0.0 56.0
-5.1302123 157.8821 0.0391 0.0 56.0
-1.7685065 153.29384 0.0392 0.0 55.0
-1.7685065 156.13783 0.0392 0.0 55.0
-1.7685065 156.13783 0.0393 0.0 56.0
-1.7685065 158.98183 0.0393 0.0 56.0
-1.7685065 153.29384 0.0394 2.0 55.0
-2.6527598 155.99687 0.0394 2.0 55.0
-2.6527598 155.99687 0.0395 1.0 56.0
-3.537013 158.6999 0.0395 1.0 56.0
-3.537013 158.6999 0.0396 0.0 57.0
-4.4212666 161.40294 0.0396 0.0 57.0
-4.4212666 161.40294 0.0397 0.0 58.0
-5.30552 164.10597 0.0397 0.0 58.0
0.0 147.88777 0.0398 4.0 53.0
0.88425326 150.5908 0.0398 4.0 53.0
0.88425326 150.5908 0.0399 3.0 54.0
1.7685065 153.29384 0.0399 3.0 54.0
1.7685065 153.29384 0.0400 0.0 55.0
1.7685065 156.13783 0.0400 0.0 55.0
1.7685065 156.13783 0.0401 0.0 56.0
1.7685065 158.98183 0.0401 0.0 56.0
1.7685065 153.29384 0.0402 0.0 55.0
3.4493594 155.58797 0.0402 0.0 55.0
3.4493594 155.58797 0.0403 0.0 56.0
5.1302123 157.8821 0.0403 0.0 56.0
1.7685065 153.29384 0.0404 2.0 55.0
2.6527598 155.99687 0.0404 2.0 55.0
2.6527598 155.99687 0.0405 1.0 56.0
3.537013 158.6999 0.0405 1.0 56.0
3.537013 158.6999 0.0406 0.0 57.0
4.4212666 161.40294 0.0406 0.0 57.0
4.4212666 161.40294 0.0407 0.0 58.0
5.30552 164.10597 0.0407 0.0 58.0
0.0 147.88777 0.0408 8.0 53.0
0.0 150.73177 0.0408 8.0 53.0
0.0 150.73177 0.0409 7.0 54.0
0.0 153.57576 0.0409 7.0 54.0
0.0 153.57576 0.0410 6.0 55.0
0.0 156.41975 0.0410 6.0 55.0
0.0 156.41975 0.0411 5.0 56.0
0.0 159.26375 0.0411 5.0 56.0
0.0 159.26375 0.0412 4.0 57.0
0.0 162.10774 0.0412 4.0 57.0
0.0 162.10774 0.0413 3.0 58.0
0.0 164.95174 0.0413 3.0 58.0
0.0 164.95174 0.0414 0.0 59.0
-0.88425326 167.65477 0.0414 0.0 59.0
-0.88425326 167.65477 0.0415 0.0 60.0
-1.7685065 170.3578 0.0415 0.0 60.0
0.0 164.95174 0.0416 0.0 59.0
0.88425326 167.65477 0.0416 0.0 59.0
0.88425326 167.65477 0.0417 0.0 60.0
1.7685065 170.3578 0.0417 0.0 60.0
0.0 164.95174 0.0418 2.0 59.0
0.0 167.79573 0.0418 2.0 59.0
0.0 167.79573 0.0419 1.0 60.0
0.0 170.63972 0.0419 1.0 60.0
0.0 170.63972 0.0420 0.0 61.0
0.0 173.48372 0.0420 0.0 61.0
0.0 173.48372 0.0421 0.0 62.0
0.0 176.32771 0.0421 0.0 62.0
