0.0 0.0 0.00 79.0 1.0
0.0 4.6545653 0.00 79.0 1.0
0.0 4.6545653 0.01 0.0 2.0
1.8840747 8.910766 0.01 0.0 2.0
0.0 4.6545653 0.02 78.0 2.0
0.0 9.309131 0.02 78.0 2.0
0.0 9.309131 0.03 0.0 3.0
-1.8840747 13.5653305 0.03 0.0 3.0
0.0 9.309131 0.04 77.0 3.0
0.0 13.963696 0.04 77.0 3.0
0.0 13.963696 0.05 1.0 4.0
1.8840747 18.219896 0.05 1.0 4.0
1.8840747 18.219896 0.06 0.0 5.0
5.329724 21.34919 0.06 0.0 5.0
1.8840747 18.219896 0.07 0.0 5.0
3.7681494 22.476097 0.07 0.0 5.0
3.7681494 22.476097 0.08 0.0 6.0
3.7681494 27.130663 0.08 0.0 6.0
3.7681494 22.476097 0.09 0.0 6.0
5.652224 26.732298 0.09 0.0 6.0
0.0 13.963696 0.010 76.0 4.0
0.0 18.618261 0.010 76.0 4.0
0.0 18.618261 0.011 0.0 5.0
1.8840747 22.874462 0.011 0.0 5.0
0.0 18.618261 0.012 75.0 5.0
0.0 23.272827 0.012 75.0 5.0
0.0 23.272827 0.013 0.0 6.0
-1.8840747 27.529028 0.013 0.0 6.0
0.0 23.272827 0.014 74.0 6.0
0.0 27.927393 0.014 74.0 6.0
0.0 27.927393 0.015 1.0 7.0
1.8840747 32.183594 0.015 1.0 7.0
1.8840747 32.183594 0.016 0.0 8.0
5.329724 35.31289 0.016 0.0 8.0
1.8840747 32.183594 0.017 0.0 8.0
3.7681494 36.439793 0.017 0.0 8.0
3.7681494 36.439793 0.018 0.0 9.0
3.7681494 41.094357 0.018 0.0 9.0
3.7681494 36.439793 0.019 0.0 9.0
5.652224 40.69599 0.019 0.0 9.0
0.0 27.927393 0.020 73.0 7.0
0.0 32.58196 0.020 73.0 7.0
0.0 32.58196 0.021 0.0 8.0
1.8840747 36.838158 0.021 0.0 8.0
0.0 32.58196 0.022 72.0 8.0
0.0 37.236523 0.022 72.0 8.0
0.0 37.236523 0.023 0.0 9.0
-1.8840747 41.49272 0.023 0.0 9.0
0.0 37.236523 0.024 71.0 9.0
0.0 41.891087 0.024 71.0 9.0
0.0 41.891087 0.025 7.0 10.0
1.8840747 46.147285 0.025 7.0 10.0
1.8840747 46.147285 0.026 0.0 11.0
5.329724 49.27658 0.026 0.0 11.0
1.8840747 46.147285 0.027 6.0 11.0
3.7681494 50.403484 0.027 6.0 11.0
3.7681494 50.403484 0.028 0.0 12.0
3.7681494 55.05805 0.028 0.0 12.0
3.7681494 50.403484 0.029 5.0 12.0
5.652224 54.659683 0.029 5.0 12.0
5.652224 54.659683 0.030 1.0 13.0
9.097874 57.78898 0.030 1.0 13.0
9.097874 57.78898 0.031 0.0 14.0
13.515299 59.25572 0.031 0.0 14.0
9.097874 57.78898 0.032 0.0 14.0
12.543523 60.918274 0.032 0.0 14.0
12.543523 60.918274 0.033 0.0 15.0
14.427597 65.17448 0.033 0.0 15.0
12.543523 60.918274 0.034 0.0 15.0
15.989172 64.04757 0.034 0.0 15.0
5.652224 54.659683 0.035 4.0 13.0
7.5362988 58.915882 0.035 4.0 13.0
7.5362988 58.915882 0.036 0.0 14.0
10.981948 62.045177 0.036 0.0 14.0
7.5362988 58.915882 0.037 3.0 14.0
9.420374 63.17208 0.037 3.0 14.0
9.420374 63.17208 0.038 0.0 15.0
9.420374 67.826645 0.038 0.0 15.0
9.420374 63.17208 0.039 2.0 15.0
11.304449 67.42828 0.039 2.0 15.0
11.304449 67.42828 0.040 1.0 16.0
14.750098 70.55758 0.040 1.0 16.0
14.750098 70.55758 0.041 0.0 17.0
19.167524 72.02432 0.041 0.0 17.0
14.750098 70.55758 0.042 0.0 17.0
18.195747 73.686874 0.042 0.0 17.0
18.195747 73.686874 0.043 0.0 18.0
20.079823 77.94308 0.043 0.0 18.0
18.195747 73.686874 0.044 0.0 18.0
21.641396 76.81617 0.044 0.0 18.0
11.304449 67.42828 0.045 1.0 16.0
13.188524 71.68449 0.045 1.0 16.0
13.188524 71.68449 0.046 0.0 17.0
16.634174 74.81378 0.046 0.0 17.0
13.188524 71.68449 0.047 0.0 17.0
15.072599 75.94069 0.047 0.0 17.0
15.072599 75.94069 0.048 0.0 18.0
15.072599 80.59525 0.048 0.0 18.0
15.072599 75.94069 0.049 0.0 18.0
16.956675 80.19689 0.049 0.0 18.0
0.0 41.891087 0.050 70.0 10.0
0.0 46.54565 0.050 70.0 10.0
0.0 46.54565 0.051 0.0 11.0
1.8840747 50.80185 0.051 0.0 11.0
0.0 46.54565 0.052 69.0 11.0
0.0 51.200214 0.052 69.0 11.0
0.0 51.200214 0.053 0.0 12.0
-1.8840747 55.456413 0.053 0.0 12.0
0.0 51.200214 0.054 68.0 12.0
0.0 55.85478 0.054 68.0 12.0
0.0 55.85478 0.055 1.0 13.0
1.8840747 60.110977 0.055 1.0 13.0
1.8840747 60.110977 0.056 0.0 14.0
5.329724 63.240273 0.056 0.0 14.0
1.8840747 60.110977 0.057 0.0 14.0
3.7681494 64.36718 0.057 0.0 14.0
3.7681494 64.36718 0.058 0.0 15.0
3.7681494 69.02174 0.058 0.0 15.0
3.7681494 64.36718 0.059 0.0 15.0
5.652224 68.62338 0.059 0.0 15.0
0.0 55.85478 0.060 67.0 13.0
0.0 60.509342 0.060 67.0 13.0
0.0 60.509342 0.061 0.0 14.0
1.8840747 64.76554 0.061 0.0 14.0
0.0 60.509342 0.062 66.0 14.0
0.0 65.16391 0.062 66.0 14.0
0.0 65.16391 0.063 0.0 15.0
-1.8840747 69.42011 0.063 0.0 15.0
0.0 65.16391 0.064 65.0 15.0
0.0 69.818474 0.064 65.0 15.0
0.0 69.818474 0.065 1.0 16.0
1.8840747 74.07468 0.065 1.0 16.0
1.8840747 74.07468 0.066 0.0 17.0
5.329724 77.20397 0.066 0.0 17.0
1.8840747 74.07468 0.067 0.0 17.0
3.7681494 78.33088 0.067 0.0 17.0
3.7681494 78.33088 0.068 0.0 18.0
3.7681494 82.98544 0.068 0.0 18.0
3.7681494 78.33088 0.069 0.0 18.0
5.652224 82.58708 0.069 0.0 18.0
0.0 69.818474 0.070 64.0 16.0
0.0 74.47304 0.070 64.0 16.0
0.0 74.47304 0.071 0.0 17.0
1.8840747 78.72924 0.071 0.0 17.0
0.0 74.47304 0.072 63.0 17.0
0.0 79.1276 0.072 63.0 17.0
0.0 79.1276 0.073 0.0 18.0
-1.8840747 83.383804 0.073 0.0 18.0
0.0 79.1276 0.074 62.0 18.0
0.0 83.782166 0.074 62.0 18.0
0.0 83.782166 0.075 7.0 19.0
1.8840747 88.03837 0.075 7.0 19.0
1.8840747 88.03837 0.076 0.0 20.0
5.329724 91.16766 0.076 0.0 20.0
1.8840747 88.03837 0.077 6.0 20.0
3.7681494 92.29457 0.077 6.0 20.0
3.7681494 92.29457 0.078 0.0 21.0
3.7681494 96.949135 0.078 0.0 21.0
3.7681494 92.29457 0.079 5.0 21.0
5.652224 96.55077 0.079 5.0 21.0
5.652224 96.55077 0.080 1.0 22.0
9.097874 99.68007 0.080 1.0 22.0
9.097874 99.68007 0.081 0.0 23.0
13.515299 101.14681 0.081 0.0 23.0
9.097874 99.68007 0.082 0.0 23.0
12.543523 102.809364 0.082 0.0 23.0
12.543523 102.809364 0.083 0.0 24.0
14.427597 107.06557 0.083 0.0 24.0
12.543523 102.809364 0.084 0.0 24.0
15.989172 105.93866 0.084 0.0 24.0
5.652224 96.55077 0.085 4.0 22.0
7.5362988 100.80698 0.085 4.0 22.0
7.5362988 100.80698 0.086 0.0 23.0
10.981948 103.93627 0.086 0.0 23.0
7.5362988 100.80698 0.087 3.0 23.0
9.420374 105.06318 0.087 3.0 23.0
9.420374 105.06318 0.088 0.0 24.0
9.420374 109.71774 0.088 0.0 24.0
9.420374 105.06318 0.089 2.0 24.0
11.304449 109.31938 0.089 2.0 24.0
11.304449 109.31938 0.090 1.0 25.0
14.750098 112.44868 0.090 1.0 25.0
14.750098 112.44868 0.091 0.0 26.0
19.167524 113.91542 0.091 0.0 26.0
14.750098 112.44868 0.092 0.0 26.0
18.195747 115.57797 0.092 0.0 26.0
18.195747 115.57797 0.093 0.0 27.0
20.079823 119.834175 0.093 0.0 27.0
18.195747 115.57797 0.094 0.0 27.0
21.641396 118.70727 0.094 0.0 27.0
11.304449 109.31938 0.095 1.0 25.0
13.188524 113.575584 0.095 1.0 25.0
13.188524 113.575584 0.096 0.0 26.0
16.634174 116.70488 0.096 0.0 26.0
13.188524 113.575584 0.097 0.0 26.0
15.072599 117.83179 0.097 0.0 26.0
15.072599 117.83179 0.098 0.0 27.0
15.072599 122.48635 0.098 0.0 27.0
15.072599 117.83179 0.099 0.0 27.0
16.956675 122.08799 0.099 0.0 27.0
0.0 83.782166 0.0100 61.0 19.0
0.0 88.43673 0.0100 61.0 19.0
0.0 88.43673 0.0101 0.0 20.0
1.8840747 92.69293 0.0101 0.0 20.0
0.0 88.43673 0.0102 60.0 20.0
0.0 93.09129 0.0102 60.0 20.0
0.0 93.09129 0.0103 0.0 21.0
-1.8840747 97.347496 0.0103 0.0 21.0
0.0 93.09129 0.0104 59.0 21.0
0.0 97.74586 0.0104 59.0 21.0
0.0 97.74586 0.0105 1.0 22.0
1.8840747 102.00206 0.0105 1.0 22.0
1.8840747 102.00206 0.0106 0.0 23.0
5.329724 105.131355 0.0106 0.0 23.0
1.8840747 102.00206 0.0107 0.0 23.0
3.7681494 106.25826 0.0107 0.0 23.0
3.7681494 106.25826 0.0108 0.0 24.0
3.7681494 110.91283 0.0108 0.0 24.0
3.7681494 106.25826 0.0109 0.0 24.0
5.652224 110.514465 0.0109 0.0 24.0
0.0 97.74586 0.0110 58.0 22.0
0.0 102.40042 0.0110 58.0 22.0
0.0 102.40042 0.0111 0.0 23.0
1.8840747 106.656624 0.0111 0.0 23.0
0.0 102.40042 0.0112 57.0 23.0
0.0 107.054985 0.0112 57.0 23.0
0.0 107.054985 0.0113 0.0 24.0
-1.8840747 111.31119 0.0113 0.0 24.0
0.0 107.054985 0.0114 56.0 24.0
0.0 111.70955 0.0114 56.0 24.0
0.0 111.70955 0.0115 1.0 25.0
1.8840747 115.96575 0.0115 1.0 25.0
1.8840747 115.96575 0.0116 0.0 26.0
5.329724 119.09505 0.0116 0.0 26.0
1.8840747 115.96575 0.0117 0.0 26.0
3.7681494 120.221954 0.0117 0.0 26.0
3.7681494 120.221954 0.0118 0.0 27.0
3.7681494 124.87652 0.0118 0.0 27.0
3.7681494 120.221954 0.0119 0.0 27.0
5.652224 124.47816 0.0119 0.0 27.0
0.0 111.70955 0.0120 55.0 25.0
0.0 116.36411 0.0120 55.0 25.0
0.0 116.36411 0.0121 0.0 26.0
1.8840747 120.620316 0.0121 0.0 26.0
0.0 116.36411 0.0122 54.0 26.0
0.0 121.01868 0.0122 54.0 26.0
0.0 121.01868 0.0123 0.0 27.0
-1.8840747 125.27488 0.0123 0.0 27.0
0.0 121.01868 0.0124 53.0 27.0
0.0 125.67324 0.0124 53.0 27.0
0.0 125.67324 0.0125 25.0 28.0
-1.8840747 129.92944 0.0125 25.0 28.0
-1.8840747 129.92944 0.0126 0.0 29.0
-1.8840747 134.58401 0.0126 0.0 29.0
-1.8840747 129.92944 0.0127 24.0 29.0
-3.7681494 134.18564 0.0127 24.0 29.0
-3.7681494 134.18564 0.0128 0.0 30.0
-7.2137985 137.31493 0.0128 0.0 30.0
-3.7681494 134.18564 0.0129 23.0 30.0
-5.652224 138.44183 0.0129 23.0 30.0
-5.652224 138.44183 0.0130 1.0 31.0
-5.652224 143.0964 0.0130 1.0 31.0
-5.652224 143.0964 0.0131 0.0 32.0
-3.7681494 147.3526 0.0131 0.0 32.0
-5.652224 143.0964 0.0132 0.0 32.0
-5.652224 147.75098 0.0132 0.0 32.0
-5.652224 147.75098 0.0133 0.0 33.0
-7.5362988 152.00717 0.0133 0.0 33.0
-5.652224 147.75098 0.0134 0.0 33.0
-5.652224 152.40555 0.0134 0.0 33.0
-5.652224 138.44183 0.0135 22.0 31.0
-7.5362988 142.69803 0.0135 22.0 31.0
-7.5362988 142.69803 0.0136 0.0 32.0
-7.5362988 147.3526 0.0136 0.0 32.0
-7.5362988 142.69803 0.0137 21.0 32.0
-9.420374 146.95422 0.0137 21.0 32.0
-9.420374 146.95422 0.0138 0.0 33.0
-12.866023 150.08351 0.0138 0.0 33.0
-9.420374 146.95422 0.0139 20.0 33.0
-11.304449 151.21042 0.0139 20.0 33.0
-11.304449 151.21042 0.0140 1.0 34.0
-11.304449 155.86499 0.0140 1.0 34.0
-11.304449 155.86499 0.0141 0.0 35.0
-9.420374 160.12119 0.0141 0.0 35.0
-11.304449 155.86499 0.0142 0.0 35.0
-11.304449 160.51956 0.0142 0.0 35.0
-11.304449 160.51956 0.0143 0.0 36.0
-13.188524 164.77576 0.0143 0.0 36.0
-11.304449 160.51956 0.0144 0.0 36.0
-11.304449 165.17413 0.0144 0.0 36.0
-11.304449 151.21042 0.0145 19.0 34.0
-13.188524 155.46661 0.0145 19.0 34.0
-13.188524 155.46661 0.0146 0.0 35.0
-13.188524 160.12119 0.0146 0.0 35.0
-13.188524 155.46661 0.0147 18.0 35.0
-15.072599 159.72281 0.0147 18.0 35.0
-15.072599 159.72281 0.0148 0.0 36.0
-18.51825 162.8521 0.0148 0.0 36.0
-15.072599 159.72281 0.0149 17.0 36.0
-16.956675 163.979 0.0149 17.0 36.0
-16.956675 163.979 0.0150 7.0 37.0
-16.956675 168.63358 0.0150 7.0 37.0
-16.956675 168.63358 0.0151 0.0 38.0
-15.072599 172.88977 0.0151 0.0 38.0
-16.956675 168.63358 0.0152 6.0 38.0
-16.956675 173.28815 0.0152 6.0 38.0
-16.956675 173.28815 0.0153 0.0 39.0
-18.84075 177.54434 0.0153 0.0 39.0
-16.956675 173.28815 0.0154 5.0 39.0
-16.956675 177.94272 0.0154 5.0 39.0
-16.956675 177.94272 0.0155 1.0 40.0
-15.072599 182.19891 0.0155 1.0 40.0
-15.072599 182.19891 0.0156 0.0 41.0
-11.62695 185.3282 0.0156 0.0 41.0
-15.072599 182.19891 0.0157 0.0 41.0
-13.188524 186.45511 0.0157 0.0 41.0
-13.188524 186.45511 0.0158 0.0 42.0
-13.188524 191.10968 0.0158 0.0 42.0
-13.188524 186.45511 0.0159 0.0 42.0
-11.304449 190.7113 0.0159 0.0 42.0
-16.956675 177.94272 0.0160 4.0 40.0
-16.956675 182.59729 0.0160 4.0 40.0
-16.956675 182.59729 0.0161 0.0 41.0
-15.072599 186.85349 0.0161 0.0 41.0
-16.956675 182.59729 0.0162 3.0 41.0
-16.956675 187.25186 0.0162 3.0 41.0
-16.956675 187.25186 0.0163 0.0 42.0
-18.84075 191.50806 0.0163 0.0 42.0
-16.956675 187.25186 0.0164 2.0 42.0
-16.956675 191.90643 0.0164 2.0 42.0
-16.956675 191.90643 0.0165 1.0 43.0
-15.072599 196.16263 0.0165 1.0 43.0
-15.072599 196.16263 0.0166 0.0 44.0
-11.62695 199.29192 0.0166 0.0 44.0
-15.072599 196.16263 0.0167 0.0 44.0
-13.188524 200.41882 0.0167 0.0 44.0
-13.188524 200.41882 0.0168 0.0 45.0
-13.188524 205.0734 0.0168 0.0 45.0
-13.188524 200.41882 0.0169 0.0 45.0
-11.304449 204.67502 0.0169 0.0 45.0
-16.956675 191.90643 0.0170 1.0 43.0
-16.956675 196.561 0.0170 1.0 43.0
-16.956675 196.561 0.0171 0.0 44.0
-15.072599 200.8172 0.0171 0.0 44.0
-16.956675 196.561 0.0172 0.0 44.0
-16.956675 201.21558 0.0172 0.0 44.0
-16.956675 201.21558 0.0173 0.0 45.0
-18.84075 205.47177 0.0173 0.0 45.0
-16.956675 201.21558 0.0174 0.0 45.0
-16.956675 205.87015 0.0174 0.0 45.0
-16.956675 163.979 0.0175 16.0 37.0
-18.84075 168.2352 0.0175 16.0 37.0
-18.84075 168.2352 0.0176 0.0 38.0
-18.84075 172.88977 0.0176 0.0 38.0
-18.84075 168.2352 0.0177 15.0 38.0
-20.724825 172.4914 0.0177 15.0 38.0
-20.724825 172.4914 0.0178 0.0 39.0
-24.170475 175.62068 0.0178 0.0 39.0
-20.724825 172.4914 0.0179 14.0 39.0
-22.6089 176.74759 0.0179 14.0 39.0
-22.6089 176.74759 0.0180 1.0 40.0
-22.6089 181.40216 0.0180 1.0 40.0
-22.6089 181.40216 0.0181 0.0 41.0
-20.724825 185.65836 0.0181 0.0 41.0
-22.6089 181.40216 0.0182 0.0 41.0
-22.6089 186.05673 0.0182 0.0 41.0
-22.6089 186.05673 0.0183 0.0 42.0
-24.492975 190.31293 0.0183 0.0 42.0
-22.6089 186.05673 0.0184 0.0 42.0
-22.6089 190.7113 0.0184 0.0 42.0
-22.6089 176.74759 0.0185 13.0 40.0
-24.492975 181.00378 0.0185 13.0 40.0
-24.492975 181.00378 0.0186 0.0 41.0
-24.492975 185.65836 0.0186 0.0 41.0
-24.492975 181.00378 0.0187 12.0 41.0
-26.37705 185.25998 0.0187 12.0 41.0
-26.37705 185.25998 0.0188 0.0 42.0
-29.8227 188.38927 0.0188 0.0 42.0
-26.37705 185.25998 0.0189 11.0 42.0
-28.261126 189.51617 0.0189 11.0 42.0
-28.261126 189.51617 0.0190 1.0 43.0
-28.261126 194.17075 0.0190 1.0 43.0
-28.261126 194.17075 0.0191 0.0 44.0
-26.37705 198.42694 0.0191 0.0 44.0
-28.261126 194.17075 0.0192 0.0 44.0
-28.261126 198.82532 0.0192 0.0 44.0
-28.261126 198.82532 0.0193 0.0 45.0
-30.1452 203.08151 0.0193 0.0 45.0
-28.261126 198.82532 0.0194 0.0 45.0
-28.261126 203.47989 0.0194 0.0 45.0
-28.261126 189.51617 0.0195 10.0 43.0
-30.1452 193.77237 0.0195 10.0 43.0
-30.1452 193.77237 0.0196 0.0 44.0
-30.1452 198.42694 0.0196 0.0 44.0
-30.1452 193.77237 0.0197 9.0 44.0
-32.029274 198.02856 0.0197 9.0 44.0
-32.029274 198.02856 0.0198 0.0 45.0
-35.474922 201.15785 0.0198 0.0 45.0
-32.029274 198.02856 0.0199 8.0 45.0
-33.91335 202.28476 0.0199 8.0 45.0
-33.91335 202.28476 0.0200 7.0 46.0
-33.91335 206.93933 0.0200 7.0 46.0
-33.91335 206.93933 0.0201 0.0 47.0
-32.029274 211.19553 0.0201 0.0 47.0
-33.91335 206.93933 0.0202 6.0 47.0
-33.91335 211.5939 0.0202 6.0 47.0
-33.91335 211.5939 0.0203 0.0 48.0
-35.797424 215.8501 0.0203 0.0 48.0
-33.91335 211.5939 0.0204 5.0 48.0
-33.91335 216.24847 0.0204 5.0 48.0
-33.91335 216.24847 0.0205 1.0 49.0
-32.029274 220.50467 0.0205 1.0 49.0
-32.029274 220.50467 0.0206 0.0 50.0
-28.583626 223.63396 0.0206 0.0 50.0
-32.029274 220.50467 0.0207 0.0 50.0
-30.145199 224.76086 0.0207 0.0 50.0
-30.145199 224.76086 0.0208 0.0 51.0
-30.145199 229.41544 0.0208 0.0 51.0
-30.145199 224.76086 0.0209 0.0 51.0
-28.261124 229.01706 0.0209 0.0 51.0
-33.91335 216.24847 0.0210 4.0 49.0
-33.91335 220.90305 0.0210 4.0 49.0
-33.91335 220.90305 0.0211 0.0 50.0
-32.029274 225.15924 0.0211 0.0 50.0
-33.91335 220.90305 0.0212 3.0 50.0
-33.91335 225.55762 0.0212 3.0 50.0
-33.91335 225.55762 0.0213 0.0 51.0
-35.797424 229.81381 0.0213 0.0 51.0
-33.91335 225.55762 0.0214 2.0 51.0
-33.91335 230.21219 0.0214 2.0 51.0
-33.91335 230.21219 0.0215 1.0 52.0
-32.029274 234.46838 0.0215 1.0 52.0
-32.029274 234.46838 0.0216 0.0 53.0
-28.583626 237.59767 0.0216 0.0 53.0
-32.029274 234.46838 0.0217 0.0 53.0
-30.145199 238.72458 0.0217 0.0 53.0
-30.145199 238.72458 0.0218 0.0 54.0
-30.145199 243.37915 0.0218 0.0 54.0
-30.145199 238.72458 0.0219 0.0 54.0
-28.261124 242.98077 0.0219 0.0 54.0
-33.91335 230.21219 0.0220 1.0 52.0
-33.91335 234.86676 0.0220 1.0 52.0
-33.91335 234.86676 0.0221 0.0 53.0
-32.029274 239.12296 0.0221 0.0 53.0
-33.91335 234.86676 0.0222 0.0 53.0
-33.91335 239.52133 0.0222 0.0 53.0
-33.91335 239.52133 0.0223 0.0 54.0
-35.797424 243.77753 0.0223 0.0 54.0
-33.91335 239.52133 0.0224 0.0 54.0
-33.91335 244.1759 0.0224 0.0 54.0
-33.91335 202.28476 0.0225 7.0 46.0
-35.797424 206.54095 0.0225 7.0 46.0
-35.797424 206.54095 0.0226 0.0 47.0
-35.797424 211.19553 0.0226 0.0 47.0
-35.797424 206.54095 0.0227 6.0 47.0
-37.6815 210.79715 0.0227 6.0 47.0
-37.6815 210.79715 0.0228 0.0 48.0
-41.127148 213.92644 0.0228 0.0 48.0
-37.6815 210.79715 0.0229 5.0 48.0
-39.565575 215.05334 0.0229 5.0 48.0
-39.565575 215.05334 0.0230 1.0 49.0
-39.565575 219.70792 0.0230 1.0 49.0
-39.565575 219.70792 0.0231 0.0 50.0
-37.6815 223.96411 0.0231 0.0 50.0
-39.565575 219.70792 0.0232 0.0 50.0
-39.565575 224.36249 0.0232 0.0 50.0
-39.565575 224.36249 0.0233 0.0 51.0
-41.44965 228.61868 0.0233 0.0 51.0
-39.565575 224.36249 0.0234 0.0 51.0
-39.565575 229.01706 0.0234 0.0 51.0
-39.565575 215.05334 0.0235 4.0 49.0
-41.44965 219.30954 0.0235 4.0 49.0
-41.44965 219.30954 0.0236 0.0 50.0
-41.44965 223.96411 0.0236 0.0 50.0
-41.44965 219.30954 0.0237 3.0 50.0
-43.333725 223.56573 0.0237 3.0 50.0
-43.333725 223.56573 0.0238 0.0 51.0
-46.779373 226.69502 0.0238 0.0 51.0
-43.333725 223.56573 0.0239 2.0 51.0
-45.2178 227.82193 0.0239 2.0 51.0
-45.2178 227.82193 0.0240 1.0 52.0
-45.2178 232.4765 0.0240 1.0 52.0
-45.2178 232.4765 0.0241 0.0 53.0
-43.333725 236.7327 0.0241 0.0 53.0
-45.2178 232.4765 0.0242 0.0 53.0
-45.2178 237.13107 0.0242 0.0 53.0
-45.2178 237.13107 0.0243 0.0 54.0
-47.101875 241.38727 0.0243 0.0 54.0
-45.2178 237.13107 0.0244 0.0 54.0
-45.2178 241.78564 0.0244 0.0 54.0
-45.2178 227.82193 0.0245 1.0 52.0
-47.101875 232.07812 0.0245 1.0 52.0
-47.101875 232.07812 0.0246 0.0 53.0
-47.101875 236.7327 0.0246 0.0 53.0
-47.101875 232.07812 0.0247 0.0 53.0
-48.98595 236.33432 0.0247 0.0 53.0
-48.98595 236.33432 0.0248 0.0 54.0
-52.4316 239.46361 0.0248 0.0 54.0
-48.98595 236.33432 0.0249 0.0 54.0
-50.870026 240.59052 0.0249 0.0 54.0
0.0 125.67324 0.0250 52.0 28.0
0.0 130.3278 0.0250 52.0 28.0
0.0 130.3278 0.0251 0.0 29.0
1.8840747 134.584 0.0251 0.0 29.0
0.0 130.3278 0.0252 51.0 29.0
0.0 134.98238 0.0252 51.0 29.0
0.0 134.98238 0.0253 0.0 30.0
-1.8840747 139.23857 0.0253 0.0 30.0
0.0 134.98238 0.0254 50.0 30.0
0.0 139.63695 0.0254 50.0 30.0
0.0 139.63695 0.0255 1.0 31.0
1.8840747 143.89314 0.0255 1.0 31.0
1.8840747 143.89314 0.0256 0.0 32.0
5.329724 147.02243 0.0256 0.0 32.0
1.8840747 143.89314 0.0257 0.0 32.0
3.7681494 148.14934 0.0257 0.0 32.0
3.7681494 148.14934 0.0258 0.0 33.0
3.7681494 152.80391 0.0258 0.0 33.0
3.7681494 148.14934 0.0259 0.0 33.0
5.652224 152.40553 0.0259 0.0 33.0
0.0 139.63695 0.0260 49.0 31.0
0.0 144.29152 0.0260 49.0 31.0
0.0 144.29152 0.0261 0.0 32.0
1.8840747 148.54771 0.0261 0.0 32.0
0.0 144.29152 0.0262 48.0 32.0
0.0 148.94609 0.0262 48.0 32.0
0.0 148.94609 0.0263 0.0 33.0
-1.8840747 153.20229 0.0263 0.0 33.0
0.0 148.94609 0.0264 47.0 33.0
0.0 153.60066 0.0264 47.0 33.0
0.0 153.60066 0.0265 1.0 34.0
1.8840747 157.85686 0.0265 1.0 34.0
1.8840747 157.85686 0.0266 0.0 35.0
5.329724 160.98615 0.0266 0.0 35.0
1.8840747 157.85686 0.0267 0.0 35.0
3.7681494 162.11305 0.0267 0.0 35.0
3.7681494 162.11305 0.0268 0.0 36.0
3.7681494 166.76762 0.0268 0.0 36.0
3.7681494 162.11305 0.0269 0.0 36.0
5.652224 166.36925 0.0269 0.0 36.0
0.0 153.60066 0.0270 46.0 34.0
0.0 158.25523 0.0270 46.0 34.0
0.0 158.25523 0.0271 0.0 35.0
1.8840747 162.51143 0.0271 0.0 35.0
0.0 158.25523 0.0272 45.0 35.0
0.0 162.9098 0.0272 45.0 35.0
0.0 162.9098 0.0273 0.0 36.0
-1.8840747 167.166 0.0273 0.0 36.0
0.0 162.9098 0.0274 44.0 36.0
0.0 167.56438 0.0274 44.0 36.0
0.0 167.56438 0.0275 7.0 37.0
1.8840747 171.82057 0.0275 7.0 37.0
1.8840747 171.82057 0.0276 0.0 38.0
5.329724 174.94986 0.0276 0.0 38.0
1.8840747 171.82057 0.0277 6.0 38.0
3.7681494 176.07677 0.0277 6.0 38.0
3.7681494 176.07677 0.0278 0.0 39.0
3.7681494 180.73134 0.0278 0.0 39.0
3.7681494 176.07677 0.0279 5.0 39.0
5.652224 180.33296 0.0279 5.0 39.0
5.652224 180.33296 0.0280 1.0 40.0
9.097874 183.46225 0.0280 1.0 40.0
9.097874 183.46225 0.0281 0.0 41.0
13.515299 184.92899 0.0281 0.0 41.0
9.097874 183.46225 0.0282 0.0 41.0
12.543523 186.59154 0.0282 0.0 41.0
12.543523 186.59154 0.0283 0.0 42.0
14.427597 190.84773 0.0283 0.0 42.0
12.543523 186.59154 0.0284 0.0 42.0
15.989172 189.72083 0.0284 0.0 42.0
5.652224 180.33296 0.0285 4.0 40.0
7.5362988 184.58916 0.0285 4.0 40.0
7.5362988 184.58916 0.0286 0.0 41.0
10.981948 187.71844 0.0286 0.0 41.0
7.5362988 184.58916 0.0287 3.0 41.0
9.420374 188.84535 0.0287 3.0 41.0
9.420374 188.84535 0.0288 0.0 42.0
9.420374 193.49992 0.0288 0.0 42.0
9.420374 188.84535 0.0289 2.0 42.0
11.304449 193.10155 0.0289 2.0 42.0
11.304449 193.10155 0.0290 1.0 43.0
14.750098 196.23083 0.0290 1.0 43.0
14.750098 196.23083 0.0291 0.0 44.0
19.167524 197.69757 0.0291 0.0 44.0
14.750098 196.23083 0.0292 0.0 44.0
18.195747 199.36012 0.0292 0.0 44.0
18.195747 199.36012 0.0293 0.0 45.0
20.079823 203.61632 0.0293 0.0 45.0
18.195747 199.36012 0.0294 0.0 45.0
21.641396 202.48941 0.0294 0.0 45.0
11.304449 193.10155 0.0295 1.0 43.0
13.188524 197.35774 0.0295 1.0 43.0
13.188524 197.35774 0.0296 0.0 44.0
16.634174 200.48703 0.0296 0.0 44.0
13.188524 197.35774 0.0297 0.0 44.0
15.072599 201.61394 0.0297 0.0 44.0
15.072599 201.61394 0.0298 0.0 45.0
15.072599 206.26851 0.0298 0.0 45.0
15.072599 201.61394 0.0299 0.0 45.0
16.956675 205.87013 0.0299 0.0 45.0
0.0 167.56438 0.0300 43.0 37.0
0.0 172.21895 0.0300 43.0 37.0
0.0 172.21895 0.0301 0.0 38.0
1.8840747 176.47514 0.0301 0.0 38.0
0.0 172.21895 0.0302 42.0 38.0
0.0 176.87352 0.0302 42.0 38.0
0.0 176.87352 0.0303 0.0 39.0
-1.8840747 181.12971 0.0303 0.0 39.0
0.0 176.87352 0.0304 41.0 39.0
0.0 181.52809 0.0304 41.0 39.0
0.0 181.52809 0.0305 1.0 40.0
1.8840747 185.78429 0.0305 1.0 40.0
1.8840747 185.78429 0.0306 0.0 41.0
5.329724 188.91357 0.0306 0.0 41.0
1.8840747 185.78429 0.0307 0.0 41.0
3.7681494 190.04048 0.0307 0.0 41.0
3.7681494 190.04048 0.0308 0.0 42.0
3.7681494 194.69505 0.0308 0.0 42.0
3.7681494 190.04048 0.0309 0.0 42.0
5.652224 194.29668 0.0309 0.0 42.0
0.0 181.52809 0.0310 40.0 40.0
0.0 186.18266 0.0310 40.0 40.0
0.0 186.18266 0.0311 0.0 41.0
1.8840747 190.43886 0.0311 0.0 41.0
0.0 186.18266 0.0312 39.0 41.0
0.0 190.83723 0.0312 39.0 41.0
0.0 190.83723 0.0313 0.0 42.0
-1.8840747 195.09343 0.0313 0.0 42.0
0.0 190.83723 0.0314 38.0 42.0
0.0 195.4918 0.0314 38.0 42.0
0.0 195.4918 0.0315 1.0 43.0
1.8840747 199.748 0.0315 1.0 43.0
1.8840747 199.748 0.0316 0.0 44.0
5.329724 202.87729 0.0316 0.0 44.0
1.8840747 199.748 0.0317 0.0 44.0
3.7681494 204.0042 0.0317 0.0 44.0
3.7681494 204.0042 0.0318 0.0 45.0
3.7681494 208.65877 0.0318 0.0 45.0
3.7681494 204.0042 0.0319 0.0 45.0
5.652224 208.26039 0.0319 0.0 45.0
0.0 195.4918 0.0320 37.0 43.0
0.0 200.14638 0.0320 37.0 43.0
0.0 200.14638 0.0321 0.0 44.0
1.8840747 204.40257 0.0321 0.0 44.0
0.0 200.14638 0.0322 36.0 44.0
0.0 204.80095 0.0322 36.0 44.0
0.0 204.80095 0.0323 0.0 45.0
-1.8840747 209.05714 0.0323 0.0 45.0
0.0 204.80095 0.0324 35.0 45.0
0.0 209.45552 0.0324 35.0 45.0
0.0 209.45552 0.0325 7.0 46.0
1.8840747 213.71172 0.0325 7.0 46.0
1.8840747 213.71172 0.0326 0.0 47.0
5.329724 216.841 0.0326 0.0 47.0
1.8840747 213.71172 0.0327 6.0 47.0
3.7681494 217.96791 0.0327 6.0 47.0
3.7681494 217.96791 0.0328 0.0 48.0
3.7681494 222.62248 0.0328 0.0 48.0
3.7681494 217.96791 0.0329 5.0 48.0
5.652224 222.2241 0.0329 5.0 48.0
5.652224 222.2241 0.0330 1.0 49.0
9.097874 225.3534 0.0330 1.0 49.0
9.097874 225.3534 0.0331 0.0 50.0
13.515299 226.82013 0.0331 0.0 50.0
9.097874 225.3534 0.0332 0.0 50.0
12.543523 228.48268 0.0332 0.0 50.0
12.543523 228.48268 0.0333 0.0 51.0
14.427597 232.73888 0.0333 0.0 51.0
12.543523 228.48268 0.0334 0.0 51.0
15.989172 231.61197 0.0334 0.0 51.0
5.652224 222.2241 0.0335 4.0 49.0
7.5362988 226.4803 0.0335 4.0 49.0
7.5362988 226.4803 0.0336 0.0 50.0
10.981948 229.60959 0.0336 0.0 50.0
7.5362988 226.4803 0.0337 3.0 50.0
9.420374 230.7365 0.0337 3.0 50.0
9.420374 230.7365 0.0338 0.0 51.0
9.420374 235.39107 0.0338 0.0 51.0
9.420374 230.7365 0.0339 2.0 51.0
11.304449 234.99269 0.0339 2.0 51.0
11.304449 234.99269 0.0340 1.0 52.0
14.750098 238.12198 0.0340 1.0 52.0
14.750098 238.12198 0.0341 0.0 53.0
19.167524 239.58871 0.0341 0.0 53.0
14.750098 238.12198 0.0342 0.0 53.0
18.195747 241.25127 0.0342 0.0 53.0
18.195747 241.25127 0.0343 0.0 54.0
20.079823 245.50746 0.0343 0.0 54.0
18.195747 241.25127 0.0344 0.0 54.0
21.641396 244.38055 0.0344 0.0 54.0
11.304449 234.99269 0.0345 1.0 52.0
13.188524 239.24889 0.0345 1.0 52.0
13.188524 239.24889 0.0346 0.0 53.0
16.634174 242.37817 0.0346 0.0 53.0
13.188524 239.24889 0.0347 0.0 53.0
15.072599 243.50508 0.0347 0.0 53.0
15.072599 243.50508 0.0348 0.0 54.0
15.072599 248.15965 0.0348 0.0 54.0
15.072599 243.50508 0.0349 0.0 54.0
16.956675 247.76128 0.0349 0.0 54.0
0.0 209.45552 0.0350 34.0 46.0
0.0 214.11009 0.0350 34.0 46.0
0.0 214.11009 0.0351 0.0 47.0
1.8840747 218.36629 0.0351 0.0 47.0
0.0 214.11009 0.0352 33.0 47.0
0.0 218.76466 0.0352 33.0 47.0
0.0 218.76466 0.0353 0.0 48.0
-1.8840747 223.02086 0.0353 0.0 48.0
0.0 218.76466 0.0354 32.0 48.0
0.0 223.41924 0.0354 32.0 48.0
0.0 223.41924 0.0355 1.0 49.0
1.8840747 227.67543 0.0355 1.0 49.0
1.8840747 227.67543 0.0356 0.0 50.0
5.329724 230.80472 0.0356 0.0 50.0
1.8840747 227.67543 0.0357 0.0 50.0
3.7681494 231.93163 0.0357 0.0 50.0
3.7681494 231.93163 0.0358 0.0 51.0
3.7681494 236.5862 0.0358 0.0 51.0
3.7681494 231.93163 0.0359 0.0 51.0
5.652224 236.18782 0.0359 0.0 51.0
0.0 223.41924 0.0360 31.0 49.0
0.0 228.0738 0.0360 31.0 49.0
0.0 228.0738 0.0361 0.0 50.0
1.8840747 232.33 0.0361 0.0 50.0
0.0 228.0738 0.0362 30.0 50.0
0.0 232.72838 0.0362 30.0 50.0
0.0 232.72838 0.0363 0.0 51.0
-1.8840747 236.98457 0.0363 0.0 51.0
0.0 232.72838 0.0364 29.0 51.0
0.0 237.38295 0.0364 29.0 51.0
0.0 237.38295 0.0365 1.0 52.0
1.8840747 241.63914 0.0365 1.0 52.0
1.8840747 241.63914 0.0366 0.0 53.0
5.329724 244.76843 0.0366 0.0 53.0
1.8840747 241.63914 0.0367 0.0 53.0
3.7681494 245.89534 0.0367 0.0 53.0
3.7681494 245.89534 0.0368 0.0 54.0
3.7681494 250.54991 0.0368 0.0 54.0
3.7681494 245.89534 0.0369 0.0 54.0
5.652224 250.15154 0.0369 0.0 54.0
0.0 237.38295 0.0370 28.0 52.0
0.0 242.03752 0.0370 28.0 52.0
0.0 242.03752 0.0371 0.0 53.0
1.8840747 246.29372 0.0371 0.0 53.0
0.0 242.03752 0.0372 27.0 53.0
0.0 246.6921 0.0372 27.0 53.0
0.0 246.6921 0.0373 0.0 54.0
-1.8840747 250.94829 0.0373 0.0 54.0
0.0 246.6921 0.0374 26.0 54.0
0.0 251.34666 0.0374 26.0 54.0
0.0 251.34666 0.0375 25.0 55.0
1.8840747 255.60286 0.0375 25.0 55.0
1.8840747 255.60286 0.0376 0.0 56.0
5.329724 258.73215 0.0376 0.0 56.0
1.8840747 255.60286 0.0377 24.0 56.0
3.7681494 259.85907 0.0377 24.0 56.0
3.7681494 259.85907 0.0378 0.0 57.0
3.7681494 264.51364 0.0378 0.0 57.0
3.7681494 259.85907 0.0379 23.0 57.0
5.652224 264.11526 0.0379 23.0 57.0
5.652224 264.11526 0.0380 1.0 58.0
9.097874 267.24457 0.0380 1.0 58.0
9.097874 267.24457 0.0381 0.0 59.0
13.515299 268.7113 0.0381 0.0 59.0
9.097874 267.24457 0.0382 0.0 59.0
12.543523 270.37387 0.0382 0.0 59.0
12.543523 270.37387 0.0383 0.0 60.0
14.427597 274.63007 0.0383 0.0 60.0
12.543523 270.37387 0.0384 0.0 60.0
15.989172 273.50317 0.0384 0.0 60.0
5.652224 264.11526 0.0385 22.0 58.0
7.5362988 268.37146 0.0385 22.0 58.0
7.5362988 268.37146 0.0386 0.0 59.0
10.981948 271.50076 0.0386 0.0 59.0
7.5362988 268.37146 0.0387 21.0 59.0
9.420374 272.62766 0.0387 21.0 59.0
9.420374 272.62766 0.0388 0.0 60.0
9.420374 277.28223 0.0388 0.0 60.0
9.420374 272.62766 0.0389 20.0 60.0
11.304449 276.88385 0.0389 20.0 60.0
11.304449 276.88385 0.0390 1.0 61.0
14.750098 280.01315 0.0390 1.0 61.0
14.750098 280.01315 0.0391 0.0 62.0
19.167524 281.4799 0.0391 0.0 62.0
14.750098 280.01315 0.0392 0.0 62.0
18.195747 283.14246 0.0392 0.0 62.0
18.195747 283.14246 0.0393 0.0 63.0
20.079823 287.39865 0.0393 0.0 63.0
18.195747 283.14246 0.0394 0.0 63.0
21.641396 286.27176 0.0394 0.0 63.0
11.304449 276.88385 0.0395 19.0 61.0
13.188524 281.14005 0.0395 19.0 61.0
13.188524 281.14005 0.0396 0.0 62.0
16.634174 284.26935 0.0396 0.0 62.0
13.188524 281.14005 0.0397 18.0 62.0
15.072599 285.39624 0.0397 18.0 62.0
15.072599 285.39624 0.0398 0.0 63.0
15.072599 290.0508 0.0398 0.0 63.0
15.072599 285.39624 0.0399 17.0 63.0
16.956675 289.65244 0.0399 17.0 63.0
16.956675 289.65244 0.0400 7.0 64.0
20.402325 292.78174 0.0400 7.0 64.0
20.402325 292.78174 0.0401 0.0 65.0
24.81975 294.24847 0.0401 0.0 65.0
20.402325 292.78174 0.0402 6.0 65.0
23.847973 295.91104 0.0402 6.0 65.0
23.847973 295.91104 0.0403 0.0 66.0
25.732048 300.16724 0.0403 0.0 66.0
23.847973 295.91104 0.0404 5.0 66.0
27.293621 299.04034 0.0404 5.0 66.0
27.293621 299.04034 0.0405 1.0 67.0
31.711046 300.50708 0.0405 1.0 67.0
31.711046 300.50708 0.0406 0.0 68.0
36.34411 300.0602 0.0406 0.0 68.0
31.711046 300.50708 0.0407 0.0 68.0
36.12847 301.97382 0.0407 0.0 68.0
36.12847 301.97382 0.0408 0.0 69.0
39.57412 305.10312 0.0408 0.0 69.0
36.12847 301.97382 0.0409 0.0 69.0
40.5459 303.44055 0.0409 0.0 69.0
27.293621 299.04034 0.0410 4.0 67.0
30.73927 302.16965 0.0410 4.0 67.0
30.73927 302.16965 0.0411 0.0 68.0
35.156696 303.63638 0.0411 0.0 68.0
30.73927 302.16965 0.0412 3.0 68.0
34.184917 305.29895 0.0412 3.0 68.0
34.184917 305.29895 0.0413 0.0 69.0
36.068993 309.55515 0.0413 0.0 69.0
34.184917 305.29895 0.0414 2.0 69.0
37.630566 308.42825 0.0414 2.0 69.0
37.630566 308.42825 0.0415 1.0 70.0
42.047993 309.895 0.0415 1.0 70.0
42.047993 309.895 0.0416 0.0 71.0
46.681057 309.44812 0.0416 0.0 71.0
42.047993 309.895 0.0417 0.0 71.0
46.46542 311.36172 0.0417 0.0 71.0
46.46542 311.36172 0.0418 0.0 72.0
49.911068 314.49103 0.0418 0.0 72.0
46.46542 311.36172 0.0419 0.0 72.0
50.882847 312.82846 0.0419 0.0 72.0
37.630566 308.42825 0.0420 1.0 70.0
41.076214 311.55756 0.0420 1.0 70.0
41.076214 311.55756 0.0421 0.0 71.0
45.49364 313.0243 0.0421 0.0 71.0
41.076214 311.55756 0.0422 0.0 71.0
44.521862 314.68686 0.0422 0.0 71.0
44.521862 314.68686 0.0423 0.0 72.0
46.405937 318.94305 0.0423 0.0 72.0
44.521862 314.68686 0.0424 0.0 72.0
47.96751 317.81616 0.0424 0.0 72.0
16.956675 289.65244 0.0425 16.0 64.0
18.84075 293.90863 0.0425 16.0 64.0
18.84075 293.90863 0.0426 0.0 65.0
22.2864 297.03793 0.0426 0.0 65.0
18.84075 293.90863 0.0427 15.0 65.0
20.724825 298.16483 0.0427 15.0 65.0
20.724825 298.16483 0.0428 0.0 66.0
20.724825 302.8194 0.0428 0.0 66.0
20.724825 298.16483 0.0429 14.0 66.0
22.6089 302.42102 0.0429 14.0 66.0
22.6089 302.42102 0.0430 1.0 67.0
26.05455 305.55032 0.0430 1.0 67.0
26.05455 305.55032 0.0431 0.0 68.0
30.471975 307.01706 0.0431 0.0 68.0
26.05455 305.55032 0.0432 0.0 68.0
29.500198 308.67963 0.0432 0.0 68.0
29.500198 308.67963 0.0433 0.0 69.0
31.384274 312.93582 0.0433 0.0 69.0
29.500198 308.67963 0.0434 0.0 69.0
32.945847 311.80893 0.0434 0.0 69.0
22.6089 302.42102 0.0435 13.0 67.0
24.492975 306.67722 0.0435 13.0 67.0
24.492975 306.67722 0.0436 0.0 68.0
27.938625 309.80652 0.0436 0.0 68.0
24.492975 306.67722 0.0437 12.0 68.0
26.37705 310.9334 0.0437 12.0 68.0
26.37705 310.9334 0.0438 0.0 69.0
26.37705 315.58798 0.0438 0.0 69.0
26.37705 310.9334 0.0439 11.0 69.0
28.261126 315.1896 0.0439 11.0 69.0
28.261126 315.1896 0.0440 1.0 70.0
31.706776 318.3189 0.0440 1.0 70.0
31.706776 318.3189 0.0441 0.0 71.0
36.124203 319.78564 0.0441 0.0 71.0
31.706776 318.3189 0.0442 0.0 71.0
35.152424 321.4482 0.0442 0.0 71.0
35.152424 321.4482 0.0443 0.0 72.0
37.0365 325.7044 0.0443 0.0 72.0
35.152424 321.4482 0.0444 0.0 72.0
38.598072 324.5775 0.0444 0.0 72.0
28.261126 315.1896 0.0445 10.0 70.0
30.1452 319.4458 0.0445 10.0 70.0
30.1452 319.4458 0.0446 0.0 71.0
33.59085 322.5751 0.0446 0.0 71.0
30.1452 319.4458 0.0447 9.0 71.0
32.029274 323.702 0.0447 9.0 71.0
32.029274 323.702 0.0448 0.0 72.0
32.029274 328.35657 0.0448 0.0 72.0
32.029274 323.702 0.0449 8.0 72.0
33.91335 327.9582 0.0449 8.0 72.0
33.91335 327.9582 0.0450 7.0 73.0
37.358997 331.0875 0.0450 7.0 73.0
37.358997 331.0875 0.0451 0.0 74.0
41.776424 332.55423 0.0451 0.0 74.0
37.358997 331.0875 0.0452 6.0 74.0
40.804646 334.2168 0.0452 6.0 74.0
40.804646 334.2168 0.0453 0.0 75.0
42.68872 338.473 0.0453 0.0 75.0
40.804646 334.2168 0.0454 5.0 75.0
44.250294 337.3461 0.0454 5.0 75.0
44.250294 337.3461 0.0455 1.0 76.0
48.66772 338.81284 0.0455 1.0 76.0
48.66772 338.81284 0.0456 0.0 77.0
53.300785 338.36597 0.0456 0.0 77.0
48.66772 338.81284 0.0457 0.0 77.0
53.085148 340.27957 0.0457 0.0 77.0
53.085148 340.27957 0.0458 0.0 78.0
56.530796 343.40887 0.0458 0.0 78.0
53.085148 340.27957 0.0459 0.0 78.0
57.502575 341.7463 0.0459 0.0 78.0
44.250294 337.3461 0.0460 4.0 76.0
47.695942 340.4754 0.0460 4.0 76.0
47.695942 340.4754 0.0461 0.0 77.0
52.11337 341.94214 0.0461 0.0 77.0
47.695942 340.4754 0.0462 3.0 77.0
51.14159 343.6047 0.0462 3.0 77.0
51.14159 343.6047 0.0463 0.0 78.0
53.025665 347.8609 0.0463 0.0 78.0
51.14159 343.6047 0.0464 2.0 78.0
54.58724 346.734 0.0464 2.0 78.0
54.58724 346.734 0.0465 1.0 79.0
59.004665 348.20074 0.0465 1.0 79.0
59.004665 348.20074 0.0466 0.0 80.0
63.63773 347.75388 0.0466 0.0 80.0
59.004665 348.20074 0.0467 0.0 80.0
63.422092 349.66748 0.0467 0.0 80.0
63.422092 349.66748 0.0468 0.0 81.0
66.867744 352.79678 0.0468 0.0 81.0
63.422092 349.66748 0.0469 0.0 81.0
67.839516 351.13422 0.0469 0.0 81.0
54.58724 346.734 0.0470 1.0 79.0
58.032887 349.8633 0.0470 1.0 79.0
58.032887 349.8633 0.0471 0.0 80.0
62.450314 351.33005 0.0471 0.0 80.0
58.032887 349.8633 0.0472 0.0 80.0
61.478535 352.9926 0.0472 0.0 80.0
61.478535 352.9926 0.0473 0.0 81.0
63.36261 357.2488 0.0473 0.0 81.0
61.478535 352.9926 0.0474 0.0 81.0
64.92419 356.12192 0.0474 0.0 81.0
33.91335 327.9582 0.0475 7.0 73.0
35.797424 332.2144 0.0475 7.0 73.0
35.797424 332.2144 0.0476 0.0 74.0
39.243073 335.3437 0.0476 0.0 74.0
35.797424 332.2144 0.0477 6.0 74.0
37.6815 336.47058 0.0477 6.0 74.0
37.6815 336.47058 0.0478 0.0 75.0
37.6815 341.12515 0.0478 0.0 75.0
37.6815 336.47058 0.0479 5.0 75.0
39.565575 340.72678 0.0479 5.0 75.0
39.565575 340.72678 0.0480 1.0 76.0
43.011223 343.85608 0.0480 1.0 76.0
43.011223 343.85608 0.0481 0.0 77.0
47.42865 345.3228 0.0481 0.0 77.0
43.011223 343.85608 0.0482 0.0 77.0
46.45687 346.98538 0.0482 0.0 77.0
46.45687 346.98538 0.0483 0.0 78.0
48.340946 351.24158 0.0483 0.0 78.0
46.45687 346.98538 0.0484 0.0 78.0
49.90252 350.1147 0.0484 0.0 78.0
39.565575 340.72678 0.0485 4.0 76.0
41.44965 344.98297 0.0485 4.0 76.0
41.44965 344.98297 0.0486 0.0 77.0
44.895298 348.11227 0.0486 0.0 77.0
41.44965 344.98297 0.0487 3.0 77.0
43.333725 349.23917 0.0487 3.0 77.0
43.333725 349.23917 0.0488 0.0 78.0
43.333725 353.89374 0.0488 0.0 78.0
43.333725 349.23917 0.0489 2.0 78.0
45.2178 353.49536 0.0489 2.0 78.0
45.2178 353.49536 0.0490 1.0 79.0
48.66345 356.62466 0.0490 1.0 79.0
48.66345 356.62466 0.0491 0.0 80.0
53.080875 358.0914 0.0491 0.0 80.0
48.66345 356.62466 0.0492 0.0 80.0
52.109097 359.75397 0.0492 0.0 80.0
52.109097 359.75397 0.0493 0.0 81.0
53.99317 364.01016 0.0493 0.0 81.0
52.109097 359.75397 0.0494 0.0 81.0
55.554745 362.88327 0.0494 0.0 81.0
45.2178 353.49536 0.0495 1.0 79.0
47.101875 357.75156 0.0495 1.0 79.0
47.101875 357.75156 0.0496 0.0 80.0
50.547523 360.88086 0.0496 0.0 80.0
47.101875 357.75156 0.0497 0.0 80.0
48.98595 362.00775 0.0497 0.0 80.0
48.98595 362.00775 0.0498 0.0 81.0
48.98595 366.66232 0.0498 0.0 81.0
48.98595 362.00775 0.0499 0.0 81.0
50.870026 366.26395 0.0499 0.0 81.0
0.0 251.34666 0.0500 25.0 55.0
0.0 256.00122 0.0500 25.0 55.0
0.0 256.00122 0.0501 0.0 56.0
1.8840747 260.25742 0.0501 0.0 56.0
0.0 256.00122 0.0502 24.0 56.0
0.0 260.6558 0.0502 24.0 56.0
0.0 260.6558 0.0503 0.0 57.0
-1.8840747 264.912 0.0503 0.0 57.0
0.0 260.6558 0.0504 23.0 57.0
0.0 265.31036 0.0504 23.0 57.0
0.0 265.31036 0.0505 1.0 58.0
1.8840747 269.56656 0.0505 1.0 58.0
1.8840747 269.56656 0.0506 0.0 59.0
5.329724 272.69586 0.0506 0.0 59.0
1.8840747 269.56656 0.0507 0.0 59.0
3.7681494 273.82275 0.0507 0.0 59.0
3.7681494 273.82275 0.0508 0.0 60.0
3.7681494 278.47733 0.0508 0.0 60.0
3.7681494 273.82275 0.0509 0.0 60.0
5.652224 278.07895 0.0509 0.0 60.0
0.0 265.31036 0.0510 22.0 58.0
0.0 269.96494 0.0510 22.0 58.0
0.0 269.96494 0.0511 0.0 59.0
1.8840747 274.22113 0.0511 0.0 59.0
0.0 269.96494 0.0512 21.0 59.0
0.0 274.6195 0.0512 21.0 59.0
0.0 274.6195 0.0513 0.0 60.0
-1.8840747 278.8757 0.0513 0.0 60.0
0.0 274.6195 0.0514 20.0 60.0
0.0 279.27408 0.0514 20.0 60.0
0.0 279.27408 0.0515 1.0 61.0
1.8840747 283.53027 0.0515 1.0 61.0
1.8840747 283.53027 0.0516 0.0 62.0
5.329724 286.65958 0.0516 0.0 62.0
1.8840747 283.53027 0.0517 0.0 62.0
3.7681494 287.78647 0.0517 0.0 62.0
3.7681494 287.78647 0.0518 0.0 63.0
3.7681494 292.44104 0.0518 0.0 63.0
3.7681494 287.78647 0.0519 0.0 63.0
5.652224 292.04266 0.0519 0.0 63.0
0.0 279.27408 0.0520 19.0 61.0
0.0 283.92865 0.0520 19.0 61.0
0.0 283.92865 0.0521 0.0 62.0
1.8840747 288.18484 0.0521 0.0 62.0
0.0 283.92865 0.0522 18.0 62.0
0.0 288.58322 0.0522 18.0 62.0
0.0 288.58322 0.0523 0.0 63.0
-1.8840747 292.83942 0.0523 0.0 63.0
0.0 288.58322 0.0524 17.0 63.0
0.0 293.2378 0.0524 17.0 63.0
0.0 293.2378 0.0525 7.0 64.0
1.8840747 297.494 0.0525 7.0 64.0
1.8840747 297.494 0.0526 0.0 65.0
5.329724 300.6233 0.0526 0.0 65.0
1.8840747 297.494 0.0527 6.0 65.0
3.7681494 301.75018 0.0527 6.0 65.0
3.7681494 301.75018 0.0528 0.0 66.0
3.7681494 306.40475 0.0528 0.0 66.0
3.7681494 301.75018 0.0529 5.0 66.0
5.652224 306.00638 0.0529 5.0 66.0
5.652224 306.00638 0.0530 1.0 67.0
9.097874 309.13568 0.0530 1.0 67.0
9.097874 309.13568 0.0531 0.0 68.0
13.515299 310.60242 0.0531 0.0 68.0
9.097874 309.13568 0.0532 0.0 68.0
12.543523 312.26498 0.0532 0.0 68.0
12.543523 312.26498 0.0533 0.0 69.0
14.427597 316.52118 0.0533 0.0 69.0
12.543523 312.26498 0.0534 0.0 69.0
15.989172 315.3943 0.0534 0.0 69.0
5.652224 306.00638 0.0535 4.0 67.0
7.5362988 310.26257 0.0535 4.0 67.0
7.5362988 310.26257 0.0536 0.0 68.0
10.981948 313.39188 0.0536 0.0 68.0
7.5362988 310.26257 0.0537 3.0 68.0
9.420374 314.51877 0.0537 3.0 68.0
9.420374 314.51877 0.0538 0.0 69.0
9.420374 319.17334 0.0538 0.0 69.0
9.420374 314.51877 0.0539 2.0 69.0
11.304449 318.77496 0.0539 2.0 69.0
11.304449 318.77496 0.0540 1.0 70.0
14.750098 321.90427 0.0540 1.0 70.0
14.750098 321.90427 0.0541 0.0 71.0
19.167524 323.371 0.0541 0.0 71.0
14.750098 321.90427 0.0542 0.0 71.0
18.195747 325.03357 0.0542 0.0 71.0
18.195747 325.03357 0.0543 0.0 72.0
20.079823 329.28976 0.0543 0.0 72.0
18.195747 325.03357 0.0544 0.0 72.0
21.641396 328.16287 0.0544 0.0 72.0
11.304449 318.77496 0.0545 1.0 70.0
13.188524 323.03116 0.0545 1.0 70.0
13.188524 323.03116 0.0546 0.0 71.0
16.634174 326.16046 0.0546 0.0 71.0
13.188524 323.03116 0.0547 0.0 71.0
15.072599 327.28735 0.0547 0.0 71.0
15.072599 327.28735 0.0548 0.0 72.0
15.072599 331.94193 0.0548 0.0 72.0
15.072599 327.28735 0.0549 0.0 72.0
16.956675 331.54355 0.0549 0.0 72.0
0.0 293.2378 0.0550 16.0 64.0
0.0 297.89236 0.0550 16.0 64.0
0.0 297.89236 0.0551 0.0 65.0
1.8840747 302.14856 0.0551 0.0 65.0
0.0 297.89236 0.0552 15.0 65.0
0.0 302.54694 0.0552 15.0 65.0
0.0 302.54694 0.0553 0.0 66.0
-1.8840747 306.80313 0.0553 0.0 66.0
0.0 302.54694 0.0554 14.0 66.0
0.0 307.2015 0.0554 14.0 66.0
0.0 307.2015 0.0555 1.0 67.0
1.8840747 311.4577 0.0555 1.0 67.0
1.8840747 311.4577 0.0556 0.0 68.0
5.329724 314.587 0.0556 0.0 68.0
1.8840747 311.4577 0.0557 0.0 68.0
3.7681494 315.7139 0.0557 0.0 68.0
3.7681494 315.7139 0.0558 0.0 69.0
3.7681494 320.36847 0.0558 0.0 69.0
3.7681494 315.7139 0.0559 0.0 69.0
5.652224 319.9701 0.0559 0.0 69.0
0.0 307.2015 0.0560 13.0 67.0
0.0 311.85608 0.0560 13.0 67.0
0.0 311.85608 0.0561 0.0 68.0
1.8840747 316.11227 0.0561 0.0 68.0
0.0 311.85608 0.0562 12.0 68.0
0.0 316.51065 0.0562 12.0 68.0
0.0 316.51065 0.0563 0.0 69.0
-1.8840747 320.76685 0.0563 0.0 69.0
0.0 316.51065 0.0564 11.0 69.0
0.0 321.16522 0.0564 11.0 69.0
0.0 321.16522 0.0565 1.0 70.0
1.8840747 325.42142 0.0565 1.0 70.0
1.8840747 325.42142 0.0566 0.0 71.0
5.329724 328.55072 0.0566 0.0 71.0
1.8840747 325.42142 0.0567 0.0 71.0
3.7681494 329.6776 0.0567 0.0 71.0
3.7681494 329.6776 0.0568 0.0 72.0
3.7681494 334.33218 0.0568 0.0 72.0
3.7681494 329.6776 0.0569 0.0 72.0
5.652224 333.9338 0.0569 0.0 72.0
0.0 321.16522 0.0570 10.0 70.0
0.0 325.8198 0.0570 10.0 70.0
0.0 325.8198 0.0571 0.0 71.0
1.8840747 330.076 0.0571 0.0 71.0
0.0 325.8198 0.0572 9.0 71.0
0.0 330.47437 0.0572 9.0 71.0
0.0 330.47437 0.0573 0.0 72.0
-1.8840747 334.73056 0.0573 0.0 72.0
0.0 330.47437 0.0574 8.0 72.0
0.0 335.12894 0.0574 8.0 72.0
0.0 335.12894 0.0575 7.0 73.0
1.8840747 339.38513 0.0575 7.0 73.0
1.8840747 339.38513 0.0576 0.0 74.0
5.329724 342.51443 0.0576 0.0 74.0
1.8840747 339.38513 0.0577 6.0 74.0
3.7681494 343.64133 0.0577 6.0 74.0
3.7681494 343.64133 0.0578 0.0 75.0
3.7681494 348.2959 0.0578 0.0 75.0
3.7681494 343.64133 0.0579 5.0 75.0
5.652224 347.89752 0.0579 5.0 75.0
5.652224 347.89752 0.0580 1.0 76.0
9.097874 351.02682 0.0580 1.0 76.0
9.097874 351.02682 0.0581 0.0 77.0
13.515299 352.49356 0.0581 0.0 77.0
9.097874 351.02682 0.0582 0.0 77.0
12.543523 354.15613 0.0582 0.0 77.0
12.543523 354.15613 0.0583 0.0 78.0
14.427597 358.41232 0.0583 0.0 78.0
12.543523 354.15613 0.0584 0.0 78.0
15.989172 357.28543 0.0584 0.0 78.0
5.652224 347.89752 0.0585 4.0 76.0
7.5362988 352.15372 0.0585 4.0 76.0
7.5362988 352.15372 0.0586 0.0 77.0
10.981948 355.28302 0.0586 0.0 77.0
7.5362988 352.15372 0.0587 3.0 77.0
9.420374 356.4099 0.0587 3.0 77.0
9.420374 356.4099 0.0588 0.0 78.0
9.420374 361.06448 0.0588 0.0 78.0
9.420374 356.4099 0.0589 2.0 78.0
11.304449 360.6661 0.0589 2.0 78.0
11.304449 360.6661 0.0590 1.0 79.0
14.750098 363.7954 0.0590 1.0 79.0
14.750098 363.7954 0.0591 0.0 80.0
19.167524 365.26215 0.0591 0.0 80.0
14.750098 363.7954 0.0592 0.0 80.0
18.195747 366.9247 0.0592 0.0 80.0
18.195747 366.9247 0.0593 0.0 81.0
20.079823 371.1809 0.0593 0.0 81.0
18.195747 366.9247 0.0594 0.0 81.0
21.641396 370.05402 0.0594 0.0 81.0
11.304449 360.6661 0.0595 1.0 79.0
13.188524 364.9223 0.0595 1.0 79.0
13.188524 364.9223 0.0596 0.0 80.0
16.634174 368.0516 0.0596 0.0 80.0
13.188524 364.9223 0.0597 0.0 80.0
15.072599 369.1785 0.0597 0.0 80.0
15.072599 369.1785 0.0598 0.0 81.0
15.072599 373.83307 0.0598 0.0 81.0
15.072599 369.1785 0.0599 0.0 81.0
16.956675 373.4347 0.0599 0.0 81.0
0.0 335.12894 0.0600 7.0 73.0
0.0 339.7835 0.0600 7.0 73.0
0.0 339.7835 0.0601 0.0 74.0
1.8840747 344.0397 0.0601 0.0 74.0
0.0 339.7835 0.0602 6.0 74.0
0.0 344.43808 0.0602 6.0 74.0
0.0 344.43808 0.0603 0.0 75.0
-1.8840747 348.69427 0.0603 0.0 75.0
0.0 344.43808 0.0604 5.0 75.0
0.0 349.09265 0.0604 5.0 75.0
0.0 349.09265 0.0605 1.0 76.0
1.8840747 353.34885 0.0605 1.0 76.0
1.8840747 353.34885 0.0606 0.0 77.0
5.329724 356.47815 0.0606 0.0 77.0
1.8840747 353.34885 0.0607 0.0 77.0
3.7681494 357.60504 0.0607 0.0 77.0
3.7681494 357.60504 0.0608 0.0 78.0
3.7681494 362.2596 0.0608 0.0 78.0
3.7681494 357.60504 0.0609 0.0 78.0
5.652224 361.86124 0.0609 0.0 78.0
0.0 349.09265 0.0610 4.0 76.0
0.0 353.74722 0.0610 4.0 76.0
0.0 353.74722 0.0611 0.0 77.0
1.8840747 358.00342 0.0611 0.0 77.0
0.0 353.74722 0.0612 3.0 77.0
0.0 358.4018 0.0612 3.0 77.0
0.0 358.4018 0.0613 0.0 78.0
-1.8840747 362.658 0.0613 0.0 78.0
0.0 358.4018 0.0614 2.0 78.0
0.0 363.05637 0.0614 2.0 78.0
0.0 363.05637 0.0615 1.0 79.0
1.8840747 367.31256 0.0615 1.0 79.0
1.8840747 367.31256 0.0616 0.0 80.0
5.329724 370.44186 0.0616 0.0 80.0
1.8840747 367.31256 0.0617 0.0 80.0
3.7681494 371.56876 0.0617 0.0 80.0
3.7681494 371.56876 0.0618 0.0 81.0
3.7681494 376.22333 0.0618 0.0 81.0
3.7681494 371.56876 0.0619 0.0 81.0
5.652224 375.82495 0.0619 0.0 81.0
0.0 363.05637 0.0620 1.0 79.0
0.0 367.71094 0.0620 1.0 79.0
0.0 367.71094 0.0621 0.0 80.0
1.8840747 371.96713 0.0621 0.0 80.0
0.0 367.71094 0.0622 0.0 80.0
0.0 372.3655 0.0622 0.0 80.0
0.0 372.3655 0.0623 0.0 81.0
-1.8840747 376.6217 0.0623 0.0 81.0
0.0 372.3655 0.0624 0.0 81.0
0.0 377.02008 0.0624 0.0 81.0
