0.0 0.0 0.00 60.0 1.0
0.0 2.0791373 0.00 60.0 1.0
0.0 2.0791373 0.01 59.0 2.0
0.0 4.1582747 0.01 59.0 2.0
0.0 4.1582747 0.02 58.0 3.0
0.0 6.237412 0.02 58.0 3.0
0.0 6.237412 0.03 57.0 4.0
0.0 8.316549 0.03 57.0 4.0
0.0 8.316549 0.04 56.0 5.0
0.0 10.395687 0.04 56.0 5.0
0.0 10.395687 0.05 55.0 6.0
0.0 12.474825 0.05 55.0 6.0
0.0 12.474825 0.06 54.0 7.0
0.0 14.553963 0.06 54.0 7.0
0.0 14.553963 0.07 53.0 8.0
0.0 16.6331 0.07 53.0 8.0
0.0 16.6331 0.08 52.0 9.0
0.0 18.712238 0.08 52.0 9.0
0.0 18.712238 0.09 51.0 10.0
0.0 20.791376 0.09 51.0 10.0
0.0 20.791376 0.010 50.0 11.0
0.0 22.870514 0.010 50.0 11.0
0.0 22.870514 0.011 49.0 12.0
0.0 24.949652 0.011 49.0 12.0
0.0 24.949652 0.012 48.0 13.0
0.0 27.02879 0.012 48.0 13.0
0.0 27.02879 0.013 47.0 14.0
0.0 29.107927 0.013 47.0 14.0
0.0 29.107927 0.014 46.0 15.0
0.0 31.187065 0.014 46.0 15.0
0.0 31.187065 0.015 45.0 16.0
0.0 33.2662 0.015 45.0 16.0
0.0 33.2662 0.016 28.0 17.0
-0.43677193 35.298943 0.016 28.0 17.0
-0.43677193 35.298943 0.017 27.0 18.0
-0.87354386 37.331684 0.017 27.0 18.0
-0.87354386 37.331684 0.018 26.0 19.0
-1.3103158 39.364426 0.018 26.0 19.0
-1.3103158 39.364426 0.019 25.0 20.0
-1.7470877 41.397167 0.019 25.0 20.0
-1.7470877 41.397167 0.020 24.0 21.0
-2.1838596 43.42991 0.020 24.0 21.0
-2.1838596 43.42991 0.021 23.0 22.0
-2.6206315 45.46265 0.021 23.0 22.0
-2.6206315 45.46265 0.022 22.0 23.0
-3.0574033 47.49539 0.022 22.0 23.0
-3.0574033 47.49539 0.023 21.0 24.0
-3.4941752 49.528133 0.023 21.0 24.0
-3.4941752 49.528133 0.024 12.0 25.0
-4.3482265 51.423763 0.024 12.0 25.0
-4.3482265 51.423763 0.025 11.0 26.0
-5.2022777 53.319393 0.025 11.0 26.0
-5.2022777 53.319393 0.026 10.0 27.0
-6.056329 55.215023 0.026 10.0 27.0
-6.056329 55.215023 0.027 9.0 28.0
-6.91038 57.110653 0.027 9.0 28.0
-6.91038 57.110653 0.028 4.0 29.0
-8.143595 58.78457 0.028 4.0 29.0
-8.143595 58.78457 0.029 3.0 30.0
-9.37681 60.458485 0.029 3.0 30.0
-9.37681 60.458485 0.030 0.0 31.0
-10.934153 61.835983 0.030 0.0 31.0
-10.934153 61.835983 0.031 0.0 32.0
-12.491495 63.213478 0.031 0.0 32.0
-9.37681 60.458485 0.032 0.0 31.0
-10.230862 62.354115 0.032 0.0 31.0
-10.230862 62.354115 0.033 0.0 32.0
-11.084913 64.24974 0.033 0.0 32.0
-9.37681 60.458485 0.034 2.0 31.0
-10.610025 62.1324 0.034 2.0 31.0
-10.610025 62.1324 0.035 1.0 32.0
-11.843241 63.806316 0.035 1.0 32.0
-11.843241 63.806316 0.036 0.0 33.0
-13.076456 65.48023 0.036 0.0 33.0
-13.076456 65.48023 0.037 0.0 34.0
-14.309671 67.154144 0.037 0.0 34.0
-6.91038 57.110653 0.038 4.0 29.0
-7.3471518 59.143394 0.038 4.0 29.0
-7.3471518 59.143394 0.039 3.0 30.0
-7.7839236 61.176136 0.039 3.0 30.0
-7.7839236 61.176136 0.040 0.0 31.0
-8.637975 63.071766 0.040 0.0 31.0
-8.637975 63.071766 0.041 0.0 32.0
-9.492026 64.96739 0.041 0.0 32.0
-7.7839236 61.176136 0.042 0.0 31.0
-7.7839236 63.255272 0.042 0.0 31.0
-7.7839236 63.255272 0.043 0.0 32.0
-7.7839236 65.33441 0.043 0.0 32.0
-7.7839236 61.176136 0.044 2.0 31.0
-8.2206955 63.208878 0.044 2.0 31.0
-8.2206955 63.208878 0.045 1.0 32.0
-8.657468 65.24162 0.045 1.0 32.0
-8.657468 65.24162 0.046 0.0 33.0
-9.09424 67.27437 0.046 0.0 33.0
-9.09424 67.27437 0.047 0.0 34.0
-9.531013 69.30711 0.047 0.0 34.0
-6.91038 57.110653 0.048 8.0 29.0
-7.764431 59.006283 0.048 8.0 29.0
-7.764431 59.006283 0.049 7.0 30.0
-8.618483 60.901913 0.049 7.0 30.0
-8.618483 60.901913 0.050 6.0 31.0
-9.472534 62.797543 0.050 6.0 31.0
-9.472534 62.797543 0.051 5.0 32.0
-10.326586 64.69317 0.051 5.0 32.0
-10.326586 64.69317 0.052 4.0 33.0
-11.180637 66.5888 0.052 4.0 33.0
-11.180637 66.5888 0.053 3.0 34.0
-12.034689 68.48443 0.053 3.0 34.0
-12.034689 68.48443 0.054 0.0 35.0
-13.267904 70.15834 0.054 0.0 35.0
-13.267904 70.15834 0.055 0.0 36.0
-14.50112 71.83225 0.055 0.0 36.0
-12.034689 68.48443 0.056 0.0 35.0
-12.471461 70.51717 0.056 0.0 35.0
-12.471461 70.51717 0.057 0.0 36.0
-12.908234 72.54992 0.057 0.0 36.0
-12.034689 68.48443 0.058 2.0 35.0
-12.888741 70.38006 0.058 2.0 35.0
-12.888741 70.38006 0.059 1.0 36.0
-13.742792 72.27569 0.059 1.0 36.0
-13.742792 72.27569 0.060 0.0 37.0
-14.596844 74.17132 0.060 0.0 37.0
-14.596844 74.17132 0.061 0.0 38.0
-15.450895 76.06695 0.061 0.0 38.0
-3.4941752 49.528133 0.062 12.0 25.0
-3.4941752 51.60727 0.062 12.0 25.0
-3.4941752 51.60727 0.063 11.0 26.0
-3.4941752 53.686405 0.063 11.0 26.0
-3.4941752 53.686405 0.064 10.0 27.0
-3.4941752 55.76554 0.064 10.0 27.0
-3.4941752 55.76554 0.065 9.0 28.0
-3.4941752 57.844677 0.065 9.0 28.0
-3.4941752 57.844677 0.066 4.0 29.0
-3.930947 59.87742 0.066 4.0 29.0
-3.930947 59.87742 0.067 3.0 30.0
-4.367719 61.91016 0.067 3.0 30.0
-4.367719 61.91016 0.068 0.0 31.0
-5.2217703 63.80579 0.068 0.0 31.0
-5.2217703 63.80579 0.069 0.0 32.0
-6.0758214 65.701416 0.069 0.0 32.0
-4.367719 61.91016 0.070 0.0 31.0
-4.367719 63.989296 0.070 0.0 31.0
-4.367719 63.989296 0.071 0.0 32.0
-4.367719 66.068436 0.071 0.0 32.0
-4.367719 61.91016 0.072 2.0 31.0
-4.804491 63.9429 0.072 2.0 31.0
-4.804491 63.9429 0.073 1.0 32.0
-5.241263 65.97565 0.073 1.0 32.0
-5.241263 65.97565 0.074 0.0 33.0
-5.678035 68.00839 0.074 0.0 33.0
-5.678035 68.00839 0.075 0.0 34.0
-6.1148067 70.04114 0.075 0.0 34.0
-3.4941752 57.844677 0.076 4.0 29.0
-3.0574033 59.87742 0.076 4.0 29.0
-3.0574033 59.87742 0.077 3.0 30.0
-2.6206315 61.91016 0.077 3.0 30.0
-2.6206315 61.91016 0.078 0.0 31.0
-2.6206315 63.989296 0.078 0.0 31.0
-2.6206315 63.989296 0.079 0.0 32.0
-2.6206315 66.068436 0.079 0.0 32.0
-2.6206315 61.91016 0.080 0.0 31.0
-1.7665801 63.80579 0.080 0.0 31.0
-1.7665801 63.80579 0.081 0.0 32.0
-0.9125288 65.701416 0.081 0.0 32.0
-2.6206315 61.91016 0.082 2.0 31.0
-2.1838596 63.9429 0.082 2.0 31.0
-2.1838596 63.9429 0.083 1.0 32.0
-1.7470877 65.97565 0.083 1.0 32.0
-1.7470877 65.97565 0.084 0.0 33.0
-1.3103158 68.00839 0.084 0.0 33.0
-1.3103158 68.00839 0.085 0.0 34.0
-0.8735439 70.04114 0.085 0.0 34.0
-3.4941752 57.844677 0.086 8.0 29.0
-3.4941752 59.923813 0.086 8.0 29.0
-3.4941752 59.923813 0.087 7.0 30.0
-3.4941752 62.00295 0.087 7.0 30.0
-3.4941752 62.00295 0.088 6.0 31.0
-3.4941752 64.082085 0.088 6.0 31.0
-3.4941752 64.082085 0.089 5.0 32.0
-3.4941752 66.161224 0.089 5.0 32.0
-3.4941752 66.161224 0.090 4.0 33.0
-3.4941752 68.240364 0.090 4.0 33.0
-3.4941752 68.240364 0.091 3.0 34.0
-3.4941752 70.3195 0.091 3.0 34.0
-3.4941752 70.3195 0.092 0.0 35.0
-3.930947 72.35225 0.092 0.0 35.0
-3.930947 72.35225 0.093 0.0 36.0
-4.367719 74.384995 0.093 0.0 36.0
-3.4941752 70.3195 0.094 0.0 35.0
-3.0574033 72.35225 0.094 0.0 35.0
-3.0574033 72.35225 0.095 0.0 36.0
-2.6206315 74.384995 0.095 0.0 36.0
-3.4941752 70.3195 0.096 2.0 35.0
-3.4941752 72.39864 0.096 2.0 35.0
-3.4941752 72.39864 0.097 1.0 36.0
-3.4941752 74.47778 0.097 1.0 36.0
-3.4941752 74.47778 0.098 0.0 37.0
-3.4941752 76.55692 0.098 0.0 37.0
-3.4941752 76.55692 0.099 0.0 38.0
-3.4941752 78.63606 0.099 0.0 38.0
-3.4941752 49.528133 0.0100 20.0 25.0
-3.930947 51.560875 0.0100 20.0 25.0
-3.930947 51.560875 0.0101 19.0 26.0
-4.367719 53.593616 0.0101 19.0 26.0
-4.367719 53.593616 0.0102 18.0 27.0
-4.804491 55.626358 0.0102 18.0 27.0
-4.804491 55.626358 0.0103 17.0 28.0
-5.241263 57.6591 0.0103 17.0 28.0
-5.241263 57.6591 0.0104 16.0 29.0
-5.678035 59.69184 0.0104 16.0 29.0
-5.678035 59.69184 0.0105 15.0 30.0
-6.1148067 61.724583 0.0105 15.0 30.0
-6.1148067 61.724583 0.0106 14.0 31.0
-6.5515785 63.757324 0.0106 14.0 31.0
-6.5515785 63.757324 0.0107 13.0 32.0
-6.9883504 65.79007 0.0107 13.0 32.0
-6.9883504 65.79007 0.0108 12.0 33.0
-7.4251223 67.822815 0.0108 12.0 33.0
-7.4251223 67.822815 0.0109 11.0 34.0
-7.861894 69.85556 0.0109 11.0 34.0
-7.861894 69.85556 0.0110 10.0 35.0
-8.298666 71.888306 0.0110 10.0 35.0
-8.298666 71.888306 0.0111 9.0 36.0
-8.735438 73.92105 0.0111 9.0 36.0
-8.735438 73.92105 0.0112 4.0 37.0
-9.58949 75.81668 0.0112 4.0 37.0
-9.58949 75.81668 0.0113 3.0 38.0
-10.443542 77.71231 0.0113 3.0 38.0
-10.443542 77.71231 0.0114 0.0 39.0
-11.676757 79.38622 0.0114 0.0 39.0
-11.676757 79.38622 0.0115 0.0 40.0
-12.909972 81.060135 0.0115 0.0 40.0
-10.443542 77.71231 0.0116 0.0 39.0
-10.880314 79.745056 0.0116 0.0 39.0
-10.880314 79.745056 0.0117 0.0 40.0
-11.317086 81.7778 0.0117 0.0 40.0
-10.443542 77.71231 0.0118 2.0 39.0
-11.297593 79.60794 0.0118 2.0 39.0
-11.297593 79.60794 0.0119 1.0 40.0
-12.151645 81.50357 0.0119 1.0 40.0
-12.151645 81.50357 0.0120 0.0 41.0
-13.005696 83.3992 0.0120 0.0 41.0
-13.005696 83.3992 0.0121 0.0 42.0
-13.859748 85.29483 0.0121 0.0 42.0
-8.735438 73.92105 0.0122 4.0 37.0
-8.735438 76.00019 0.0122 4.0 37.0
-8.735438 76.00019 0.0123 3.0 38.0
-8.735438 78.07933 0.0123 3.0 38.0
-8.735438 78.07933 0.0124 0.0 39.0
-9.172211 80.112076 0.0124 0.0 39.0
-9.172211 80.112076 0.0125 0.0 40.0
-9.608983 82.14482 0.0125 0.0 40.0
-8.735438 78.07933 0.0126 0.0 39.0
-8.298666 80.112076 0.0126 0.0 39.0
-8.298666 80.112076 0.0127 0.0 40.0
-7.861894 82.14482 0.0127 0.0 40.0
-8.735438 78.07933 0.0128 2.0 39.0
-8.735438 80.15847 0.0128 2.0 39.0
-8.735438 80.15847 0.0129 1.0 40.0
-8.735438 82.23761 0.0129 1.0 40.0
-8.735438 82.23761 0.0130 0.0 41.0
-8.735438 84.31675 0.0130 0.0 41.0
-8.735438 84.31675 0.0131 0.0 42.0
-8.735438 86.39589 0.0131 0.0 42.0
-8.735438 73.92105 0.0132 8.0 37.0
-9.172211 75.9538 0.0132 8.0 37.0
-9.172211 75.9538 0.0133 7.0 38.0
-9.608983 77.98654 0.0133 7.0 38.0
-9.608983 77.98654 0.0134 6.0 39.0
-10.045755 80.01929 0.0134 6.0 39.0
-10.045755 80.01929 0.0135 5.0 40.0
-10.482528 82.05203 0.0135 5.0 40.0
-10.482528 82.05203 0.0136 4.0 41.0
-10.9193 84.08478 0.0136 4.0 41.0
-10.9193 84.08478 0.0137 3.0 42.0
-11.356072 86.11752 0.0137 3.0 42.0
-11.356072 86.11752 0.0138 0.0 43.0
-12.210124 88.01315 0.0138 0.0 43.0
-12.210124 88.01315 0.0139 0.0 44.0
-13.064176 89.90878 0.0139 0.0 44.0
-11.356072 86.11752 0.0140 0.0 43.0
-11.356072 88.19666 0.0140 0.0 43.0
-11.356072 88.19666 0.0141 0.0 44.0
-11.356072 90.2758 0.0141 0.0 44.0
-11.356072 86.11752 0.0142 2.0 43.0
-11.792845 88.15027 0.0142 2.0 43.0
-11.792845 88.15027 0.0143 1.0 44.0
-12.229617 90.183014 0.0143 1.0 44.0
-12.229617 90.183014 0.0144 0.0 45.0
-12.666389 92.21576 0.0144 0.0 45.0
-12.666389 92.21576 0.0145 0.0 46.0
-13.103162 94.248505 0.0145 0.0 46.0
0.0 33.2662 0.0146 28.0 17.0
0.43677193 35.298943 0.0146 28.0 17.0
0.43677193 35.298943 0.0147 27.0 18.0
0.87354386 37.331684 0.0147 27.0 18.0
0.87354386 37.331684 0.0148 26.0 19.0
1.3103158 39.364426 0.0148 26.0 19.0
1.3103158 39.364426 0.0149 25.0 20.0
1.7470877 41.397167 0.0149 25.0 20.0
1.7470877 41.397167 0.0150 24.0 21.0
2.1838596 43.42991 0.0150 24.0 21.0
2.1838596 43.42991 0.0151 23.0 22.0
2.6206315 45.46265 0.0151 23.0 22.0
2.6206315 45.46265 0.0152 22.0 23.0
3.0574033 47.49539 0.0152 22.0 23.0
3.0574033 47.49539 0.0153 21.0 24.0
3.4941752 49.528133 0.0153 21.0 24.0
3.4941752 49.528133 0.0154 12.0 25.0
3.4941752 51.60727 0.0154 12.0 25.0
3.4941752 51.60727 0.0155 11.0 26.0
3.4941752 53.686405 0.0155 11.0 26.0
3.4941752 53.686405 0.0156 10.0 27.0
3.4941752 55.76554 0.0156 10.0 27.0
3.4941752 55.76554 0.0157 9.0 28.0
3.4941752 57.844677 0.0157 9.0 28.0
3.4941752 57.844677 0.0158 4.0 29.0
3.0574033 59.87742 0.0158 4.0 29.0
3.0574033 59.87742 0.0159 3.0 30.0
2.6206315 61.91016 0.0159 3.0 30.0
2.6206315 61.91016 0.0160 0.0 31.0
1.7665801 63.80579 0.0160 0.0 31.0
1.7665801 63.80579 0.0161 0.0 32.0
0.9125288 65.701416 0.0161 0.0 32.0
2.6206315 61.91016 0.0162 0.0 31.0
2.6206315 63.989296 0.0162 0.0 31.0
2.6206315 63.989296 0.0163 0.0 32.0
2.6206315 66.068436 0.0163 0.0 32.0
2.6206315 61.91016 0.0164 2.0 31.0
2.1838596 63.9429 0.0164 2.0 31.0
2.1838596 63.9429 0.0165 1.0 32.0
1.7470877 65.97565 0.0165 1.0 32.0
1.7470877 65.97565 0.0166 0.0 33.0
1.3103158 68.00839 0.0166 0.0 33.0
1.3103158 68.00839 0.0167 0.0 34.0
0.8735439 70.04114 0.0167 0.0 34.0
3.4941752 57.844677 0.0168 4.0 29.0
3.930947 59.87742 0.0168 4.0 29.0
3.930947 59.87742 0.0169 3.0 30.0
4.367719 61.91016 0.0169 3.0 30.0
4.367719 61.91016 0.0170 0.0 31.0
4.367719 63.989296 0.0170 0.0 31.0
4.367719 63.989296 0.0171 0.0 32.0
4.367719 66.068436 0.0171 0.0 32.0
4.367719 61.91016 0.0172 0.0 31.0
5.2217703 63.80579 0.0172 0.0 31.0
5.2217703 63.80579 0.0173 0.0 32.0
6.0758214 65.701416 0.0173 0.0 32.0
4.367719 61.91016 0.0174 2.0 31.0
4.804491 63.9429 0.0174 2.0 31.0
4.804491 63.9429 0.0175 1.0 32.0
5.241263 65.97565 0.0175 1.0 32.0
5.241263 65.97565 0.0176 0.0 33.0
5.678035 68.00839 0.0176 0.0 33.0
5.678035 68.00839 0.0177 0.0 34.0
6.1148067 70.04114 0.0177 0.0 34.0
3.4941752 57.844677 0.0178 8.0 29.0
3.4941752 59.923813 0.0178 8.0 29.0
3.4941752 59.923813 0.0179 7.0 30.0
3.4941752 62.00295 0.0179 7.0 30.0
3.4941752 62.00295 0.0180 6.0 31.0
3.4941752 64.082085 0.0180 6.0 31.0
3.4941752 64.082085 0.0181 5.0 32.0
3.4941752 66.161224 0.0181 5.0 32.0
3.4941752 66.161224 0.0182 4.0 33.0
3.4941752 68.240364 0.0182 4.0 33.0
3.4941752 68.240364 0.0183 3.0 34.0
3.4941752 70.3195 0.0183 3.0 34.0
3.4941752 70.3195 0.0184 0.0 35.0
3.0574033 72.35225 0.0184 0.0 35.0
3.0574033 72.35225 0.0185 0.0 36.0
2.6206315 74.384995 0.0185 0.0 36.0
3.4941752 70.3195 0.0186 0.0 35.0
3.930947 72.35225 0.0186 0.0 35.0
3.930947 72.35225 0.0187 0.0 36.0
4.367719 74.384995 0.0187 0.0 36.0
3.4941752 70.3195 0.0188 2.0 35.0
3.4941752 72.39864 0.0188 2.0 35.0
3.4941752 72.39864 0.0189 1.0 36.0
3.4941752 74.47778 0.0189 1.0 36.0
3.4941752 74.47778 0.0190 0.0 37.0
3.4941752 76.55692 0.0190 0.0 37.0
3.4941752 76.55692 0.0191 0.0 38.0
3.4941752 78.63606 0.0191 0.0 38.0
3.4941752 49.528133 0.0192 12.0 25.0
4.3482265 51.423763 0.0192 12.0 25.0
4.3482265 51.423763 0.0193 11.0 26.0
5.2022777 53.319393 0.0193 11.0 26.0
5.2022777 53.319393 0.0194 10.0 27.0
6.056329 55.215023 0.0194 10.0 27.0
6.056329 55.215023 0.0195 9.0 28.0
6.91038 57.110653 0.0195 9.0 28.0
6.91038 57.110653 0.0196 4.0 29.0
7.3471518 59.143394 0.0196 4.0 29.0
7.3471518 59.143394 0.0197 3.0 30.0
7.7839236 61.176136 0.0197 3.0 30.0
7.7839236 61.176136 0.0198 0.0 31.0
7.7839236 63.255272 0.0198 0.0 31.0
7.7839236 63.255272 0.0199 0.0 32.0
7.7839236 65.33441 0.0199 0.0 32.0
7.7839236 61.176136 0.0200 0.0 31.0
8.637975 63.071766 0.0200 0.0 31.0
8.637975 63.071766 0.0201 0.0 32.0
9.492026 64.96739 0.0201 0.0 32.0
7.7839236 61.176136 0.0202 2.0 31.0
8.2206955 63.208878 0.0202 2.0 31.0
8.2206955 63.208878 0.0203 1.0 32.0
8.657468 65.24162 0.0203 1.0 32.0
8.657468 65.24162 0.0204 0.0 33.0
9.09424 67.27437 0.0204 0.0 33.0
9.09424 67.27437 0.0205 0.0 34.0
9.531013 69.30711 0.0205 0.0 34.0
6.91038 57.110653 0.0206 4.0 29.0
8.143595 58.78457 0.0206 4.0 29.0
8.143595 58.78457 0.0207 3.0 30.0
9.37681 60.458485 0.0207 3.0 30.0
9.37681 60.458485 0.0208 0.0 31.0
10.230862 62.354115 0.0208 0.0 31.0
10.230862 62.354115 0.0209 0.0 32.0
11.084913 64.24974 0.0209 0.0 32.0
9.37681 60.458485 0.0210 0.0 31.0
10.934153 61.835983 0.0210 0.0 31.0
10.934153 61.835983 0.0211 0.0 32.0
12.491495 63.213478 0.0211 0.0 32.0
9.37681 60.458485 0.0212 2.0 31.0
10.610025 62.1324 0.0212 2.0 31.0
10.610025 62.1324 0.0213 1.0 32.0
11.843241 63.806316 0.0213 1.0 32.0
11.843241 63.806316 0.0214 0.0 33.0
13.076456 65.48023 0.0214 0.0 33.0
13.076456 65.48023 0.0215 0.0 34.0
14.309671 67.154144 0.0215 0.0 34.0
6.91038 57.110653 0.0216 8.0 29.0
7.764431 59.006283 0.0216 8.0 29.0
7.764431 59.006283 0.0217 7.0 30.0
8.618483 60.901913 0.0217 7.0 30.0
8.618483 60.901913 0.0218 6.0 31.0
9.472534 62.797543 0.0218 6.0 31.0
9.472534 62.797543 0.0219 5.0 32.0
10.326586 64.69317 0.0219 5.0 32.0
10.326586 64.69317 0.0220 4.0 33.0
11.180637 66.5888 0.0220 4.0 33.0
11.180637 66.5888 0.0221 3.0 34.0
12.034689 68.48443 0.0221 3.0 34.0
12.034689 68.48443 0.0222 0.0 35.0
12.471461 70.51717 0.0222 0.0 35.0
12.471461 70.51717 0.0223 0.0 36.0
12.908234 72.54992 0.0223 0.0 36.0
12.034689 68.48443 0.0224 0.0 35.0
13.267904 70.15834 0.0224 0.0 35.0
13.267904 70.15834 0.0225 0.0 36.0
14.50112 71.83225 0.0225 0.0 36.0
12.034689 68.48443 0.0226 2.0 35.0
12.888741 70.38006 0.0226 2.0 35.0
12.888741 70.38006 0.0227 1.0 36.0
13.742792 72.27569 0.0227 1.0 36.0
13.742792 72.27569 0.0228 0.0 37.0
14.596844 74.17132 0.0228 0.0 37.0
14.596844 74.17132 0.0229 0.0 38.0
15.450895 76.06695 0.0229 0.0 38.0
3.4941752 49.528133 0.0230 20.0 25.0
3.930947 51.560875 0.0230 20.0 25.0
3.930947 51.560875 0.0231 19.0 26.0
4.367719 53.593616 0.0231 19.0 26.0
4.367719 53.593616 0.0232 18.0 27.0
4.804491 55.626358 0.0232 18.0 27.0
4.804491 55.626358 0.0233 17.0 28.0
5.241263 57.6591 0.0233 17.0 28.0
5.241263 57.6591 0.0234 16.0 29.0
5.678035 59.69184 0.0234 16.0 29.0
5.678035 59.69184 0.0235 15.0 30.0
6.1148067 61.724583 0.0235 15.0 30.0
6.1148067 61.724583 0.0236 14.0 31.0
6.5515785 63.757324 0.0236 14.0 31.0
6.5515785 63.757324 0.0237 13.0 32.0
6.9883504 65.79007 0.0237 13.0 32.0
6.9883504 65.79007 0.0238 12.0 33.0
7.4251223 67.822815 0.0238 12.0 33.0
7.4251223 67.822815 0.0239 11.0 34.0
7.861894 69.85556 0.0239 11.0 34.0
7.861894 69.85556 0.0240 10.0 35.0
8.298666 71.888306 0.0240 10.0 35.0
8.298666 71.888306 0.0241 9.0 36.0
8.735438 73.92105 0.0241 9.0 36.0
8.735438 73.92105 0.0242 4.0 37.0
8.735438 76.00019 0.0242 4.0 37.0
8.735438 76.00019 0.0243 3.0 38.0
8.735438 78.07933 0.0243 3.0 38.0
8.735438 78.07933 0.0244 0.0 39.0
8.298666 80.112076 0.0244 0.0 39.0
8.298666 80.112076 0.0245 0.0 40.0
7.861894 82.14482 0.0245 0.0 40.0
8.735438 78.07933 0.0246 0.0 39.0
9.172211 80.112076 0.0246 0.0 39.0
9.172211 80.112076 0.0247 0.0 40.0
9.608983 82.14482 0.0247 0.0 40.0
8.735438 78.07933 0.0248 2.0 39.0
8.735438 80.15847 0.0248 2.0 39.0
8.735438 80.15847 0.0249 1.0 40.0
8.735438 82.23761 0.0249 1.0 40.0
8.735438 82.23761 0.0250 0.0 41.0
8.735438 84.31675 0.0250 0.0 41.0
8.735438 84.31675 0.0251 0.0 42.0
8.735438 86.39589 0.0251 0.0 42.0
8.735438 73.92105 0.0252 4.0 37.0
9.58949 75.81668 0.0252 4.0 37.0
9.58949 75.81668 0.0253 3.0 38.0
10.443542 77.71231 0.0253 3.0 38.0
10.443542 77.71231 0.0254 0.0 39.0
10.880314 79.745056 0.0254 0.0 39.0
10.880314 79.745056 0.0255 0.0 40.0
11.317086 81.7778 0.0255 0.0 40.0
10.443542 77.71231 0.0256 0.0 39.0
11.676757 79.38622 0.0256 0.0 39.0
11.676757 79.38622 0.0257 0.0 40.0
12.909972 81.060135 0.0257 0.0 40.0
10.443542 77.71231 0.0258 2.0 39.0
11.297593 79.60794 0.0258 2.0 39.0
11.297593 79.60794 0.0259 1.0 40.0
12.151645 81.50357 0.0259 1.0 40.0
12.151645 81.50357 0.0260 0.0 41.0
13.005696 83.3992 0.0260 0.0 41.0
13.005696 83.3992 0.0261 0.0 42.0
13.859748 85.29483 0.0261 0.0 42.0
8.735438 73.92105 0.0262 8.0 37.0
9.172211 75.9538 0.0262 8.0 37.0
9.172211 75.9538 0.0263 7.0 38.0
9.608983 77.98654 0.0263 7.0 38.0
9.608983 77.98654 0.0264 6.0 39.0
10.045755 80.01929 0.0264 6.0 39.0
10.045755 80.01929 0.0265 5.0 40.0
10.482528 82.05203 0.0265 5.0 40.0
10.482528 82.05203 0.0266 4.0 41.0
10.9193 84.08478 0.0266 4.0 41.0
10.9193 84.08478 0.0267 3.0 42.0
11.356072 86.11752 0.0267 3.0 42.0
11.356072 86.11752 0.0268 0.0 43.0
11.356072 88.19666 0.0268 0.0 43.0
11.356072 88.19666 0.0269 0.0 44.0
11.356072 90.2758 0.0269 0.0 44.0
11.356072 86.11752 0.0270 0.0 43.0
12.210124 88.01315 0.0270 0.0 43.0
12.210124 88.01315 0.0271 0.0 44.0
13.064176 89.90878 0.0271 0.0 44.0
11.356072 86.11752 0.0272 2.0 43.0
11.792845 88.15027 0.0272 2.0 43.0
11.792845 88.15027 0.0273 1.0 44.0
12.229617 90.183014 0.0273 1.0 44.0
12.229617 90.183014 0.0274 0.0 45.0
12.666389 92.21576 0.0274 0.0 45.0
12.666389 92.21576 0.0275 0.0 46.0
13.103162 94.248505 0.0275 0.0 46.0
0.0 33.2662 0.0276 44.0 17.0
0.0 35.345337 0.0276 44.0 17.0
0.0 35.345337 0.0277 43.0 18.0
0.0 37.424473 0.0277 43.0 18.0
0.0 37.424473 0.0278 42.0 19.0
0.0 39.50361 0.0278 42.0 19.0
0.0 39.50361 0.0279 41.0 20.0
0.0 41.582745 0.0279 41.0 20.0
0.0 41.582745 0.0280 40.0 21.0
0.0 43.66188 0.0280 40.0 21.0
0.0 43.66188 0.0281 39.0 22.0
0.0 45.741016 0.0281 39.0 22.0
0.0 45.741016 0.0282 38.0 23.0
0.0 47.820152 0.0282 38.0 23.0
0.0 47.820152 0.0283 37.0 24.0
0.0 49.89929 0.0283 37.0 24.0
0.0 49.89929 0.0284 36.0 25.0
0.0 51.978424 0.0284 36.0 25.0
0.0 51.978424 0.0285 35.0 26.0
0.0 54.05756 0.0285 35.0 26.0
0.0 54.05756 0.0286 34.0 27.0
0.0 56.136696 0.0286 34.0 27.0
0.0 56.136696 0.0287 33.0 28.0
0.0 58.21583 0.0287 33.0 28.0
0.0 58.21583 0.0288 32.0 29.0
0.0 60.294968 0.0288 32.0 29.0
0.0 60.294968 0.0289 31.0 30.0
0.0 62.374104 0.0289 31.0 30.0
0.0 62.374104 0.0290 30.0 31.0
0.0 64.45324 0.0290 30.0 31.0
0.0 64.45324 0.0291 29.0 32.0
0.0 66.53238 0.0291 29.0 32.0
0.0 66.53238 0.0292 28.0 33.0
0.0 68.61152 0.0292 28.0 33.0
0.0 68.61152 0.0293 27.0 34.0
0.0 70.69066 0.0293 27.0 34.0
0.0 70.69066 0.0294 26.0 35.0
0.0 72.7698 0.0294 26.0 35.0
0.0 72.7698 0.0295 25.0 36.0
0.0 74.84894 0.0295 25.0 36.0
0.0 74.84894 0.0296 24.0 37.0
0.0 76.92808 0.0296 24.0 37.0
0.0 76.92808 0.0297 23.0 38.0
0.0 79.00722 0.0297 23.0 38.0
0.0 79.00722 0.0298 22.0 39.0
0.0 81.08636 0.0298 22.0 39.0
0.0 81.08636 0.0299 21.0 40.0
0.0 83.1655 0.0299 21.0 40.0
0.0 83.1655 0.0300 12.0 41.0
-0.43677193 85.19824 0.0300 12.0 41.0
-0.43677193 85.19824 0.0301 11.0 42.0
-0.87354386 87.23099 0.0301 11.0 42.0
-0.87354386 87.23099 0.0302 10.0 43.0
-1.3103158 89.26373 0.0302 10.0 43.0
-1.3103158 89.26373 0.0303 9.0 44.0
-1.7470877 91.29648 0.0303 9.0 44.0
-1.7470877 91.29648 0.0304 4.0 45.0
-2.601139 93.19211 0.0304 4.0 45.0
-2.601139 93.19211 0.0305 3.0 46.0
-3.4551904 95.08774 0.0305 3.0 46.0
-3.4551904 95.08774 0.0306 0.0 47.0
-4.688406 96.76165 0.0306 0.0 47.0
-4.688406 96.76165 0.0307 0.0 48.0
-5.9216213 98.43556 0.0307 0.0 48.0
-3.4551904 95.08774 0.0308 0.0 47.0
-3.8919623 97.12048 0.0308 0.0 47.0
-3.8919623 97.12048 0.0309 0.0 48.0
-4.3287344 99.15323 0.0309 0.0 48.0
-3.4551904 95.08774 0.0310 2.0 47.0
-4.309242 96.98337 0.0310 2.0 47.0
-4.309242 96.98337 0.0311 1.0 48.0
-5.163293 98.879 0.0311 1.0 48.0
-5.163293 98.879 0.0312 0.0 49.0
-6.017344 100.77463 0.0312 0.0 49.0
-6.017344 100.77463 0.0313 0.0 50.0
-6.871395 102.67026 0.0313 0.0 50.0
-1.7470877 91.29648 0.0314 4.0 45.0
-1.7470877 93.37562 0.0314 4.0 45.0
-1.7470877 93.37562 0.0315 3.0 46.0
-1.7470877 95.45476 0.0315 3.0 46.0
-1.7470877 95.45476 0.0316 0.0 47.0
-2.1838596 97.4875 0.0316 0.0 47.0
-2.1838596 97.4875 0.0317 0.0 48.0
-2.6206315 99.52025 0.0317 0.0 48.0
-1.7470877 95.45476 0.0318 0.0 47.0
-1.3103158 97.4875 0.0318 0.0 47.0
-1.3103158 97.4875 0.0319 0.0 48.0
-0.8735439 99.52025 0.0319 0.0 48.0
-1.7470877 95.45476 0.0320 2.0 47.0
-1.7470877 97.5339 0.0320 2.0 47.0
-1.7470877 97.5339 0.0321 1.0 48.0
-1.7470877 99.61304 0.0321 1.0 48.0
-1.7470877 99.61304 0.0322 0.0 49.0
-1.7470877 101.69218 0.0322 0.0 49.0
-1.7470877 101.69218 0.0323 0.0 50.0
-1.7470877 103.77132 0.0323 0.0 50.0
-1.7470877 91.29648 0.0324 8.0 45.0
-2.1838596 93.32922 0.0324 8.0 45.0
-2.1838596 93.32922 0.0325 7.0 46.0
-2.6206315 95.36197 0.0325 7.0 46.0
-2.6206315 95.36197 0.0326 6.0 47.0
-3.0574033 97.394714 0.0326 6.0 47.0
-3.0574033 97.394714 0.0327 5.0 48.0
-3.4941752 99.42746 0.0327 5.0 48.0
-3.4941752 99.42746 0.0328 4.0 49.0
-3.930947 101.460205 0.0328 4.0 49.0
-3.930947 101.460205 0.0329 3.0 50.0
-4.367719 103.49295 0.0329 3.0 50.0
-4.367719 103.49295 0.0330 0.0 51.0
-5.2217703 105.38858 0.0330 0.0 51.0
-5.2217703 105.38858 0.0331 0.0 52.0
-6.0758214 107.28421 0.0331 0.0 52.0
-4.367719 103.49295 0.0332 0.0 51.0
-4.367719 105.57209 0.0332 0.0 51.0
-4.367719 105.57209 0.0333 0.0 52.0
-4.367719 107.65123 0.0333 0.0 52.0
-4.367719 103.49295 0.0334 2.0 51.0
-4.804491 105.525696 0.0334 2.0 51.0
-4.804491 105.525696 0.0335 1.0 52.0
-5.241263 107.55844 0.0335 1.0 52.0
-5.241263 107.55844 0.0336 0.0 53.0
-5.678035 109.59119 0.0336 0.0 53.0
-5.678035 109.59119 0.0337 0.0 54.0
-6.1148067 111.62393 0.0337 0.0 54.0
0.0 83.1655 0.0338 12.0 41.0
0.43677193 85.19824 0.0338 12.0 41.0
0.43677193 85.19824 0.0339 11.0 42.0
0.87354386 87.23099 0.0339 11.0 42.0
0.87354386 87.23099 0.0340 10.0 43.0
1.3103158 89.26373 0.0340 10.0 43.0
1.3103158 89.26373 0.0341 9.0 44.0
1.7470877 91.29648 0.0341 9.0 44.0
1.7470877 91.29648 0.0342 4.0 45.0
1.7470877 93.37562 0.0342 4.0 45.0
1.7470877 93.37562 0.0343 3.0 46.0
1.7470877 95.45476 0.0343 3.0 46.0
1.7470877 95.45476 0.0344 0.0 47.0
1.3103158 97.4875 0.0344 0.0 47.0
1.3103158 97.4875 0.0345 0.0 48.0
0.8735439 99.52025 0.0345 0.0 48.0
1.7470877 95.45476 0.0346 0.0 47.0
2.1838596 97.4875 0.0346 0.0 47.0
2.1838596 97.4875 0.0347 0.0 48.0
2.6206315 99.52025 0.0347 0.0 48.0
1.7470877 95.45476 0.0348 2.0 47.0
1.7470877 97.5339 0.0348 2.0 47.0
1.7470877 97.5339 0.0349 1.0 48.0
1.7470877 99.61304 0.0349 1.0 48.0
1.7470877 99.61304 0.0350 0.0 49.0
1.7470877 101.69218 0.0350 0.0 49.0
1.7470877 101.69218 0.0351 0.0 50.0
1.7470877 103.77132 0.0351 0.0 50.0
1.7470877 91.29648 0.0352 4.0 45.0
2.601139 93.19211 0.0352 4.0 45.0
2.601139 93.19211 0.0353 3.0 46.0
3.4551904 95.08774 0.0353 3.0 46.0
3.4551904 95.08774 0.0354 0.0 47.0
3.8919623 97.12048 0.0354 0.0 47.0
3.8919623 97.12048 0.0355 0.0 48.0
4.3287344 99.15323 0.0355 0.0 48.0
3.4551904 95.08774 0.0356 0.0 47.0
4.688406 96.76165 0.0356 0.0 47.0
4.688406 96.76165 0.0357 0.0 48.0
5.9216213 98.43556 0.0357 0.0 48.0
3.4551904 95.08774 0.0358 2.0 47.0
4.309242 96.98337 0.0358 2.0 47.0
4.309242 96.98337 0.0359 1.0 48.0
5.163293 98.879 0.0359 1.0 48.0
5.163293 98.879 0.0360 0.0 49.0
6.017344 100.77463 0.0360 0.0 49.0
6.017344 100.77463 0.0361 0.0 50.0
6.871395 102.67026 0.0361 0.0 50.0
1.7470877 91.29648 0.0362 8.0 45.0
2.1838596 93.32922 0.0362 8.0 45.0
2.1838596 93.32922 0.0363 7.0 46.0
2.6206315 95.36197 0.0363 7.0 46.0
2.6206315 95.36197 0.0364 6.0 47.0
3.0574033 97.394714 0.0364 6.0 47.0
3.0574033 97.394714 0.0365 5.0 48.0
3.4941752 99.42746 0.0365 5.0 48.0
3.4941752 99.42746 0.0366 4.0 49.0
3.930947 101.460205 0.0366 4.0 49.0
3.930947 101.460205 0.0367 3.0 50.0
4.367719 103.49295 0.0367 3.0 50.0
4.367719 103.49295 0.0368 0.0 51.0
4.367719 105.57209 0.0368 0.0 51.0
4.367719 105.57209 0.0369 0.0 52.0
4.367719 107.65123 0.0369 0.0 52.0
4.367719 103.49295 0.0370 0.0 51.0
5.2217703 105.38858 0.0370 0.0 51.0
5.2217703 105.38858 0.0371 0.0 52.0
6.0758214 107.28421 0.0371 0.0 52.0
4.367719 103.49295 0.0372 2.0 51.0
4.804491 105.525696 0.0372 2.0 51.0
4.804491 105.525696 0.0373 1.0 52.0
5.241263 107.55844 0.0373 1.0 52.0
5.241263 107.55844 0.0374 0.0 53.0
5.678035 109.59119 0.0374 0.0 53.0
5.678035 109.59119 0.0375 0.0 54.0
6.1148067 111.62393 0.0375 0.0 54.0
0.0 83.1655 0.0376 20.0 41.0
0.0 85.24464 0.0376 20.0 41.0
0.0 85.24464 0.0377 19.0 42.0
0.0 87.32378 0.0377 19.0 42.0
0.0 87.32378 0.0378 18.0 43.0
0.0 89.402916 0.0378 18.0 43.0
0.0 89.402916 0.0379 17.0 44.0
0.0 91.482056 0.0379 17.0 44.0
0.0 91.482056 0.0380 16.0 45.0
0.0 93.561195 0.0380 16.0 45.0
0.0 93.561195 0.0381 15.0 46.0
0.0 95.640335 0.0381 15.0 46.0
0.0 95.640335 0.0382 14.0 47.0
0.0 97.719475 0.0382 14.0 47.0
0.0 97.719475 0.0383 13.0 48.0
0.0 99.798615 0.0383 13.0 48.0
0.0 99.798615 0.0384 12.0 49.0
0.0 101.877754 0.0384 12.0 49.0
0.0 101.877754 0.0385 11.0 50.0
0.0 103.956894 0.0385 11.0 50.0
0.0 103.956894 0.0386 10.0 51.0
0.0 106.03603 0.0386 10.0 51.0
0.0 106.03603 0.0387 9.0 52.0
0.0 108.11517 0.0387 9.0 52.0
0.0 108.11517 0.0388 4.0 53.0
-0.43677193 110.14792 0.0388 4.0 53.0
-0.43677193 110.14792 0.0389 3.0 54.0
-0.87354386 112.180664 0.0389 3.0 54.0
-0.87354386 112.180664 0.0390 0.0 55.0
-1.7275951 114.076294 0.0390 0.0 55.0
-1.7275951 114.076294 0.0391 0.0 56.0
-2.5816464 115.971924 0.0391 0.0 56.0
-0.87354386 112.180664 0.0392 0.0 55.0
-0.87354386 114.2598 0.0392 0.0 55.0
-0.87354386 114.2598 0.0393 0.0 56.0
-0.87354386 116.33894 0.0393 0.0 56.0
-0.87354386 112.180664 0.0394 2.0 55.0
-1.3103158 114.21341 0.0394 2.0 55.0
-1.3103158 114.21341 0.0395 1.0 56.0
-1.7470877 116.246155 0.0395 1.0 56.0
-1.7470877 116.246155 0.0396 0.0 57.0
-2.1838596 118.2789 0.0396 0.0 57.0
-2.1838596 118.2789 0.0397 0.0 58.0
-2.6206315 120.311646 0.0397 0.0 58.0
0.0 108.11517 0.0398 4.0 53.0
0.43677193 110.14792 0.0398 4.0 53.0
0.43677193 110.14792 0.0399 3.0 54.0
0.87354386 112.180664 0.0399 3.0 54.0
0.87354386 112.180664 0.0400 0.0 55.0
0.87354386 114.2598 0.0400 0.0 55.0
0.87354386 114.2598 0.0401 0.0 56.0
0.87354386 116.33894 0.0401 0.0 56.0
0.87354386 112.180664 0.0402 0.0 55.0
1.7275951 114.076294 0.0402 0.0 55.0
1.7275951 114.076294 0.0403 0.0 56.0
2.5816464 115.971924 0.0403 0.0 56.0
0.87354386 112.180664 0.0404 2.0 55.0
1.3103158 114.21341 0.0404 2.0 55.0
1.3103158 114.21341 0.0405 1.0 56.0
1.7470877 116.246155 0.0405 1.0 56.0
1.7470877 116.246155 0.0406 0.0 57.0
2.1838596 118.2789 0.0406 0.0 57.0
2.1838596 118.2789 0.0407 0.0 58.0
2.6206315 120.311646 0.0407 0.0 58.0
0.0 108.11517 0.0408 8.0 53.0
0.0 110.19431 0.0408 8.0 53.0
0.0 110.19431 0.0409 7.0 54.0
0.0 112.27345 0.0409 7.0 54.0
0.0 112.27345 0.0410 6.0 55.0
0.0 114.35259 0.0410 6.0 55.0
0.0 114.35259 0.0411 5.0 56.0
0.0 116.43173 0.0411 5.0 56.0
0.0 116.43173 0.0412 4.0 57.0
0.0 118.51087 0.0412 4.0 57.0
0.0 118.51087 0.0413 3.0 58.0
0.0 120.59001 0.0413 3.0 58.0
0.0 120.59001 0.0414 0.0 59.0
-0.43677193 122.62276 0.0414 0.0 59.0
-0.43677193 122.62276 0.0415 0.0 60.0
-0.87354386 124.6555 0.0415 0.0 60.0
0.0 120.59001 0.0416 0.0 59.0
0.43677193 122.62276 0.0416 0.0 59.0
0.43677193 122.62276 0.0417 0.0 60.0
0.87354386 124.6555 0.0417 0.0 60.0
0.0 120.59001 0.0418 2.0 59.0
0.0 122.66915 0.0418 2.0 59.0
0.0 122.66915 0.0419 1.0 60.0
0.0 124.74829 0.0419 1.0 60.0
0.0 124.74829 0.0420 0.0 61.0
0.0 126.82743 0.0420 0.0 61.0
0.0 126.82743 0.0421 0.0 62.0
0.0 128.90657 0.0421 0.0 62.0
