0.0 0.0 0.00 29.0 1.0
0.0 3.0209174 0.00 29.0 1.0
0.0 3.0209174 0.01 0.0 2.0
2.1396384 5.1534953 0.01 0.0 2.0
0.0 3.0209174 0.02 28.0 2.0
0.0 6.041835 0.02 28.0 2.0
0.0 6.041835 0.03 0.0 3.0
-2.1396384 8.174413 0.03 0.0 3.0
0.0 6.041835 0.04 0.0 3.0
0.0 9.062752 0.04 0.0 3.0
0.0 6.041835 0.05 1.0 3.0
-2.1396384 8.174413 0.05 1.0 3.0
-2.1396384 8.174413 0.06 0.0 4.0
-2.1396384 11.19533 0.06 0.0 4.0
-2.1396384 8.174413 0.07 0.0 4.0
-4.279277 10.306991 0.07 0.0 4.0
-4.279277 10.306991 0.08 0.0 5.0
-7.3001776 10.297006 0.08 0.0 5.0
-4.279277 10.306991 0.09 0.0 5.0
-6.4189153 12.4395685 0.09 0.0 5.0
0.0 6.041835 0.010 27.0 3.0
0.0 9.062752 0.010 27.0 3.0
0.0 9.062752 0.011 0.0 4.0
2.1396384 11.19533 0.011 0.0 4.0
0.0 9.062752 0.012 26.0 4.0
0.0 12.08367 0.012 26.0 4.0
0.0 12.08367 0.013 0.0 5.0
-2.1396384 14.216248 0.013 0.0 5.0
0.0 12.08367 0.014 0.0 5.0
0.0 15.104588 0.014 0.0 5.0
0.0 12.08367 0.015 1.0 5.0
2.1396384 14.216248 0.015 1.0 5.0
2.1396384 14.216248 0.016 0.0 6.0
5.1605396 14.206263 0.016 0.0 6.0
2.1396384 14.216248 0.017 0.0 6.0
4.279277 16.348825 0.017 0.0 6.0
4.279277 16.348825 0.018 0.0 7.0
4.279277 19.369743 0.018 0.0 7.0
4.279277 16.348825 0.019 0.0 7.0
6.4189153 18.481403 0.019 0.0 7.0
0.0 12.08367 0.020 1.0 5.0
0.0 15.104588 0.020 1.0 5.0
0.0 15.104588 0.021 0.0 6.0
2.1396384 17.237165 0.021 0.0 6.0
0.0 15.104588 0.022 0.0 6.0
0.0 18.125505 0.022 0.0 6.0
0.0 18.125505 0.023 0.0 7.0
-2.1396384 20.258083 0.023 0.0 7.0
0.0 18.125505 0.024 0.0 7.0
0.0 21.146423 0.024 0.0 7.0
0.0 12.08367 0.025 5.0 5.0
2.1396384 14.216248 0.025 5.0 5.0
2.1396384 14.216248 0.026 0.0 6.0
5.1605396 14.206263 0.026 0.0 6.0
2.1396384 14.216248 0.027 4.0 6.0
4.279277 16.348825 0.027 4.0 6.0
4.279277 16.348825 0.028 0.0 7.0
4.279277 19.369743 0.028 0.0 7.0
4.279277 16.348825 0.029 0.0 7.0
6.4189153 18.481403 0.029 0.0 7.0
4.279277 16.348825 0.030 1.0 7.0
4.279277 19.369743 0.030 1.0 7.0
4.279277 19.369743 0.031 0.0 8.0
6.4189153 21.502321 0.031 0.0 8.0
4.279277 19.369743 0.032 0.0 8.0
4.279277 22.390661 0.032 0.0 8.0
4.279277 22.390661 0.033 0.0 9.0
2.1396384 24.52324 0.033 0.0 9.0
4.279277 22.390661 0.034 0.0 9.0
4.279277 25.41158 0.034 0.0 9.0
4.279277 16.348825 0.035 3.0 7.0
6.4189153 18.481403 0.035 3.0 7.0
6.4189153 18.481403 0.036 0.0 8.0
9.439816 18.471418 0.036 0.0 8.0
6.4189153 18.481403 0.037 2.0 8.0
8.558554 20.613981 0.037 2.0 8.0
8.558554 20.613981 0.038 0.0 9.0
8.558554 23.6349 0.038 0.0 9.0
8.558554 20.613981 0.039 0.0 9.0
10.698193 22.74656 0.039 0.0 9.0
8.558554 20.613981 0.040 1.0 9.0
11.579454 20.603996 0.040 1.0 9.0
11.579454 20.603996 0.041 0.0 10.0
13.704948 18.457321 0.041 0.0 10.0
11.579454 20.603996 0.042 0.0 10.0
14.600355 20.594011 0.042 0.0 10.0
14.600355 20.594011 0.043 0.0 11.0
16.739994 22.72659 0.043 0.0 11.0
14.600355 20.594011 0.044 0.0 11.0
17.621256 20.584026 0.044 0.0 11.0
8.558554 20.613981 0.045 1.0 9.0
10.698193 22.74656 0.045 1.0 9.0
10.698193 22.74656 0.046 0.0 10.0
13.719093 22.736574 0.046 0.0 10.0
10.698193 22.74656 0.047 0.0 10.0
12.8378315 24.879137 0.047 0.0 10.0
12.8378315 24.879137 0.048 0.0 11.0
12.8378315 27.900055 0.048 0.0 11.0
12.8378315 24.879137 0.049 0.0 11.0
14.97747 27.011715 0.049 0.0 11.0
0.0 12.08367 0.050 25.0 5.0
0.0 15.104588 0.050 25.0 5.0
0.0 15.104588 0.051 0.0 6.0
2.1396384 17.237165 0.051 0.0 6.0
0.0 15.104588 0.052 24.0 6.0
0.0 18.125505 0.052 24.0 6.0
0.0 18.125505 0.053 0.0 7.0
-2.1396384 20.258083 0.053 0.0 7.0
0.0 18.125505 0.054 0.0 7.0
0.0 21.146423 0.054 0.0 7.0
0.0 18.125505 0.055 1.0 7.0
-2.1396384 20.258083 0.055 1.0 7.0
-2.1396384 20.258083 0.056 0.0 8.0
-2.1396384 23.279001 0.056 0.0 8.0
-2.1396384 20.258083 0.057 0.0 8.0
-4.279277 22.390661 0.057 0.0 8.0
-4.279277 22.390661 0.058 0.0 9.0
-7.3001776 22.380676 0.058 0.0 9.0
-4.279277 22.390661 0.059 0.0 9.0
-6.4189153 24.52324 0.059 0.0 9.0
0.0 18.125505 0.060 23.0 7.0
0.0 21.146423 0.060 23.0 7.0
0.0 21.146423 0.061 0.0 8.0
2.1396384 23.279001 0.061 0.0 8.0
0.0 21.146423 0.062 22.0 8.0
0.0 24.167341 0.062 22.0 8.0
0.0 24.167341 0.063 0.0 9.0
-2.1396384 26.29992 0.063 0.0 9.0
0.0 24.167341 0.064 0.0 9.0
0.0 27.18826 0.064 0.0 9.0
0.0 24.167341 0.065 1.0 9.0
2.1396384 26.29992 0.065 1.0 9.0
2.1396384 26.29992 0.066 0.0 10.0
5.1605396 26.289934 0.066 0.0 10.0
2.1396384 26.29992 0.067 0.0 10.0
4.279277 28.432497 0.067 0.0 10.0
4.279277 28.432497 0.068 0.0 11.0
4.279277 31.453415 0.068 0.0 11.0
4.279277 28.432497 0.069 0.0 11.0
6.4189153 30.565075 0.069 0.0 11.0
0.0 24.167341 0.070 1.0 9.0
0.0 27.18826 0.070 1.0 9.0
0.0 27.18826 0.071 0.0 10.0
2.1396384 29.320837 0.071 0.0 10.0
0.0 27.18826 0.072 0.0 10.0
0.0 30.209177 0.072 0.0 10.0
0.0 30.209177 0.073 0.0 11.0
-2.1396384 32.341755 0.073 0.0 11.0
0.0 30.209177 0.074 0.0 11.0
0.0 33.230095 0.074 0.0 11.0
0.0 24.167341 0.075 5.0 9.0
2.1396384 26.29992 0.075 5.0 9.0
2.1396384 26.29992 0.076 0.0 10.0
5.1605396 26.289934 0.076 0.0 10.0
2.1396384 26.29992 0.077 4.0 10.0
4.279277 28.432497 0.077 4.0 10.0
4.279277 28.432497 0.078 0.0 11.0
4.279277 31.453415 0.078 0.0 11.0
4.279277 28.432497 0.079 0.0 11.0
6.4189153 30.565075 0.079 0.0 11.0
4.279277 28.432497 0.080 1.0 11.0
4.279277 31.453415 0.080 1.0 11.0
4.279277 31.453415 0.081 0.0 12.0
6.4189153 33.58599 0.081 0.0 12.0
4.279277 31.453415 0.082 0.0 12.0
4.279277 34.47433 0.082 0.0 12.0
4.279277 34.47433 0.083 0.0 13.0
2.1396384 36.60691 0.083 0.0 13.0
4.279277 34.47433 0.084 0.0 13.0
4.279277 37.495247 0.084 0.0 13.0
4.279277 28.432497 0.085 3.0 11.0
6.4189153 30.565075 0.085 3.0 11.0
6.4189153 30.565075 0.086 0.0 12.0
9.439816 30.55509 0.086 0.0 12.0
6.4189153 30.565075 0.087 2.0 12.0
8.558554 32.697655 0.087 2.0 12.0
8.558554 32.697655 0.088 0.0 13.0
8.558554 35.71857 0.088 0.0 13.0
8.558554 32.697655 0.089 0.0 13.0
10.698193 34.83023 0.089 0.0 13.0
8.558554 32.697655 0.090 1.0 13.0
11.579454 32.687668 0.090 1.0 13.0
11.579454 32.687668 0.091 0.0 14.0
13.704948 30.540993 0.091 0.0 14.0
11.579454 32.687668 0.092 0.0 14.0
14.600355 32.67768 0.092 0.0 14.0
14.600355 32.67768 0.093 0.0 15.0
16.739994 34.810257 0.093 0.0 15.0
14.600355 32.67768 0.094 0.0 15.0
17.621256 32.667694 0.094 0.0 15.0
8.558554 32.697655 0.095 1.0 13.0
10.698193 34.83023 0.095 1.0 13.0
10.698193 34.83023 0.096 0.0 14.0
13.719093 34.820244 0.096 0.0 14.0
10.698193 34.83023 0.097 0.0 14.0
12.8378315 36.962807 0.097 0.0 14.0
12.8378315 36.962807 0.098 0.0 15.0
12.8378315 39.983723 0.098 0.0 15.0
12.8378315 36.962807 0.099 0.0 15.0
14.97747 39.095383 0.099 0.0 15.0
0.0 24.167341 0.0100 5.0 9.0
0.0 27.18826 0.0100 5.0 9.0
0.0 27.18826 0.0101 0.0 10.0
2.1396384 29.320837 0.0101 0.0 10.0
0.0 27.18826 0.0102 4.0 10.0
0.0 30.209177 0.0102 4.0 10.0
0.0 30.209177 0.0103 0.0 11.0
-2.1396384 32.341755 0.0103 0.0 11.0
0.0 30.209177 0.0104 0.0 11.0
0.0 33.230095 0.0104 0.0 11.0
0.0 30.209177 0.0105 1.0 11.0
-2.1396384 32.341755 0.0105 1.0 11.0
-2.1396384 32.341755 0.0106 0.0 12.0
-2.1396384 35.36267 0.0106 0.0 12.0
-2.1396384 32.341755 0.0107 0.0 12.0
-4.279277 34.474335 0.0107 0.0 12.0
-4.279277 34.474335 0.0108 0.0 13.0
-7.3001776 34.464348 0.0108 0.0 13.0
-4.279277 34.474335 0.0109 0.0 13.0
-6.4189153 36.60691 0.0109 0.0 13.0
0.0 30.209177 0.0110 3.0 11.0
0.0 33.230095 0.0110 3.0 11.0
0.0 33.230095 0.0111 0.0 12.0
2.1396384 35.36267 0.0111 0.0 12.0
0.0 33.230095 0.0112 2.0 12.0
0.0 36.25101 0.0112 2.0 12.0
0.0 36.25101 0.0113 0.0 13.0
-2.1396384 38.38359 0.0113 0.0 13.0
0.0 36.25101 0.0114 0.0 13.0
0.0 39.271927 0.0114 0.0 13.0
0.0 36.25101 0.0115 1.0 13.0
2.1396384 38.38359 0.0115 1.0 13.0
2.1396384 38.38359 0.0116 0.0 14.0
5.1605396 38.373604 0.0116 0.0 14.0
2.1396384 38.38359 0.0117 0.0 14.0
4.279277 40.516167 0.0117 0.0 14.0
4.279277 40.516167 0.0118 0.0 15.0
4.279277 43.537083 0.0118 0.0 15.0
4.279277 40.516167 0.0119 0.0 15.0
6.4189153 42.648743 0.0119 0.0 15.0
0.0 36.25101 0.0120 1.0 13.0
0.0 39.271927 0.0120 1.0 13.0
0.0 39.271927 0.0121 0.0 14.0
2.1396384 41.404503 0.0121 0.0 14.0
0.0 39.271927 0.0122 0.0 14.0
0.0 42.292843 0.0122 0.0 14.0
0.0 42.292843 0.0123 0.0 15.0
-2.1396384 44.425423 0.0123 0.0 15.0
0.0 42.292843 0.0124 0.0 15.0
0.0 45.31376 0.0124 0.0 15.0
0.0 24.167341 0.0125 13.0 9.0
-2.1396384 26.29992 0.0125 13.0 9.0
-2.1396384 26.29992 0.0126 0.0 10.0
-2.1396384 29.320837 0.0126 0.0 10.0
-2.1396384 26.29992 0.0127 12.0 10.0
-4.279277 28.432497 0.0127 12.0 10.0
-4.279277 28.432497 0.0128 0.0 11.0
-7.3001776 28.422512 0.0128 0.0 11.0
-4.279277 28.432497 0.0129 0.0 11.0
-6.4189153 30.565075 0.0129 0.0 11.0
-4.279277 28.432497 0.0130 1.0 11.0
-7.3001776 28.422512 0.0130 1.0 11.0
-7.3001776 28.422512 0.0131 0.0 12.0
-9.4398155 30.55509 0.0131 0.0 12.0
-7.3001776 28.422512 0.0132 0.0 12.0
-10.321078 28.412527 0.0132 0.0 12.0
-10.321078 28.412527 0.0133 0.0 13.0
-12.446572 26.26585 0.0133 0.0 13.0
-10.321078 28.412527 0.0134 0.0 13.0
-13.341979 28.402542 0.0134 0.0 13.0
-4.279277 28.432497 0.0135 11.0 11.0
-6.4189153 30.565075 0.0135 11.0 11.0
-6.4189153 30.565075 0.0136 0.0 12.0
-6.4189153 33.58599 0.0136 0.0 12.0
-6.4189153 30.565075 0.0137 10.0 12.0
-8.558554 32.697655 0.0137 10.0 12.0
-8.558554 32.697655 0.0138 0.0 13.0
-11.579454 32.687668 0.0138 0.0 13.0
-8.558554 32.697655 0.0139 0.0 13.0
-10.698193 34.83023 0.0139 0.0 13.0
-8.558554 32.697655 0.0140 1.0 13.0
-8.558554 35.71857 0.0140 1.0 13.0
-8.558554 35.71857 0.0141 0.0 14.0
-6.4189153 37.85115 0.0141 0.0 14.0
-8.558554 35.71857 0.0142 0.0 14.0
-8.558554 38.739487 0.0142 0.0 14.0
-8.558554 38.739487 0.0143 0.0 15.0
-10.698193 40.872063 0.0143 0.0 15.0
-8.558554 38.739487 0.0144 0.0 15.0
-8.558554 41.760403 0.0144 0.0 15.0
-8.558554 32.697655 0.0145 1.0 13.0
-10.698193 34.83023 0.0145 1.0 13.0
-10.698193 34.83023 0.0146 0.0 14.0
-10.698193 37.851147 0.0146 0.0 14.0
-10.698193 34.83023 0.0147 0.0 14.0
-12.8378315 36.962807 0.0147 0.0 14.0
-12.8378315 36.962807 0.0148 0.0 15.0
-15.858732 36.95282 0.0148 0.0 15.0
-12.8378315 36.962807 0.0149 0.0 15.0
-14.97747 39.095383 0.0149 0.0 15.0
-8.558554 32.697655 0.0150 5.0 13.0
-8.558554 35.71857 0.0150 5.0 13.0
-8.558554 35.71857 0.0151 0.0 14.0
-6.4189153 37.85115 0.0151 0.0 14.0
-8.558554 35.71857 0.0152 4.0 14.0
-8.558554 38.739487 0.0152 4.0 14.0
-8.558554 38.739487 0.0153 0.0 15.0
-10.698193 40.872063 0.0153 0.0 15.0
-8.558554 38.739487 0.0154 0.0 15.0
-8.558554 41.760403 0.0154 0.0 15.0
-8.558554 38.739487 0.0155 1.0 15.0
-10.698193 40.872063 0.0155 1.0 15.0
-10.698193 40.872063 0.0156 0.0 16.0
-10.698193 43.89298 0.0156 0.0 16.0
-10.698193 40.872063 0.0157 0.0 16.0
-12.8378315 43.00464 0.0157 0.0 16.0
-12.8378315 43.00464 0.0158 0.0 17.0
-15.858732 42.99465 0.0158 0.0 17.0
-12.8378315 43.00464 0.0159 0.0 17.0
-14.97747 45.137215 0.0159 0.0 17.0
-8.558554 38.739487 0.0160 3.0 15.0
-8.558554 41.760403 0.0160 3.0 15.0
-8.558554 41.760403 0.0161 0.0 16.0
-6.4189153 43.892982 0.0161 0.0 16.0
-8.558554 41.760403 0.0162 2.0 16.0
-8.558554 44.78132 0.0162 2.0 16.0
-8.558554 44.78132 0.0163 0.0 17.0
-10.698193 46.913895 0.0163 0.0 17.0
-8.558554 44.78132 0.0164 0.0 17.0
-8.558554 47.802235 0.0164 0.0 17.0
-8.558554 44.78132 0.0165 1.0 17.0
-6.4189153 46.913895 0.0165 1.0 17.0
-6.4189153 46.913895 0.0166 0.0 18.0
-3.3980143 46.903908 0.0166 0.0 18.0
-6.4189153 46.913895 0.0167 0.0 18.0
-4.279277 49.04647 0.0167 0.0 18.0
-4.279277 49.04647 0.0168 0.0 19.0
-4.279277 52.067387 0.0168 0.0 19.0
-4.279277 49.04647 0.0169 0.0 19.0
-2.1396384 51.179047 0.0169 0.0 19.0
-8.558554 44.78132 0.0170 1.0 17.0
-8.558554 47.802235 0.0170 1.0 17.0
-8.558554 47.802235 0.0171 0.0 18.0
-6.4189153 49.934814 0.0171 0.0 18.0
-8.558554 47.802235 0.0172 0.0 18.0
-8.558554 50.82315 0.0172 0.0 18.0
-8.558554 50.82315 0.0173 0.0 19.0
-10.698193 52.955727 0.0173 0.0 19.0
-8.558554 50.82315 0.0174 0.0 19.0
-8.558554 53.844067 0.0174 0.0 19.0
-8.558554 32.697655 0.0175 9.0 13.0
-10.698193 34.83023 0.0175 9.0 13.0
-10.698193 34.83023 0.0176 0.0 14.0
-10.698193 37.851147 0.0176 0.0 14.0
-10.698193 34.83023 0.0177 8.0 14.0
-12.8378315 36.962807 0.0177 8.0 14.0
-12.8378315 36.962807 0.0178 0.0 15.0
-15.858732 36.95282 0.0178 0.0 15.0
-12.8378315 36.962807 0.0179 0.0 15.0
-14.97747 39.095383 0.0179 0.0 15.0
-12.8378315 36.962807 0.0180 1.0 15.0
-15.858732 36.95282 0.0180 1.0 15.0
-15.858732 36.95282 0.0181 0.0 16.0
-17.998371 39.085396 0.0181 0.0 16.0
-15.858732 36.95282 0.0182 0.0 16.0
-18.879633 36.942833 0.0182 0.0 16.0
-18.879633 36.942833 0.0183 0.0 17.0
-21.005127 34.796158 0.0183 0.0 17.0
-18.879633 36.942833 0.0184 0.0 17.0
-21.900534 36.932846 0.0184 0.0 17.0
-12.8378315 36.962807 0.0185 7.0 15.0
-14.97747 39.095383 0.0185 7.0 15.0
-14.97747 39.095383 0.0186 0.0 16.0
-14.97747 42.1163 0.0186 0.0 16.0
-14.97747 39.095383 0.0187 6.0 16.0
-17.11711 41.22796 0.0187 6.0 16.0
-17.11711 41.22796 0.0188 0.0 17.0
-20.13801 41.21797 0.0188 0.0 17.0
-17.11711 41.22796 0.0189 0.0 17.0
-19.256748 43.360535 0.0189 0.0 17.0
-17.11711 41.22796 0.0190 1.0 17.0
-17.11711 44.248875 0.0190 1.0 17.0
-17.11711 44.248875 0.0191 0.0 18.0
-14.97747 46.381454 0.0191 0.0 18.0
-17.11711 44.248875 0.0192 0.0 18.0
-17.11711 47.26979 0.0192 0.0 18.0
-17.11711 47.26979 0.0193 0.0 19.0
-19.256748 49.402367 0.0193 0.0 19.0
-17.11711 47.26979 0.0194 0.0 19.0
-17.11711 50.290707 0.0194 0.0 19.0
-17.11711 41.22796 0.0195 1.0 17.0
-19.256748 43.360535 0.0195 1.0 17.0
-19.256748 43.360535 0.0196 0.0 18.0
-19.256748 46.38145 0.0196 0.0 18.0
-19.256748 43.360535 0.0197 0.0 18.0
-21.396387 45.49311 0.0197 0.0 18.0
-21.396387 45.49311 0.0198 0.0 19.0
-24.417288 45.483124 0.0198 0.0 19.0
-21.396387 45.49311 0.0199 0.0 19.0
-23.536026 47.625687 0.0199 0.0 19.0
-17.11711 41.22796 0.0200 5.0 17.0
-17.11711 44.248875 0.0200 5.0 17.0
-17.11711 44.248875 0.0201 0.0 18.0
-14.97747 46.381454 0.0201 0.0 18.0
-17.11711 44.248875 0.0202 4.0 18.0
-17.11711 47.26979 0.0202 4.0 18.0
-17.11711 47.26979 0.0203 0.0 19.0
-19.256748 49.402367 0.0203 0.0 19.0
-17.11711 47.26979 0.0204 0.0 19.0
-17.11711 50.290707 0.0204 0.0 19.0
-17.11711 47.26979 0.0205 1.0 19.0
-19.256748 49.402367 0.0205 1.0 19.0
-19.256748 49.402367 0.0206 0.0 20.0
-19.256748 52.423283 0.0206 0.0 20.0
-19.256748 49.402367 0.0207 0.0 20.0
-21.396387 51.534943 0.0207 0.0 20.0
-21.396387 51.534943 0.0208 0.0 21.0
-24.417288 51.524956 0.0208 0.0 21.0
-21.396387 51.534943 0.0209 0.0 21.0
-23.536026 53.66752 0.0209 0.0 21.0
-17.11711 47.26979 0.0210 3.0 19.0
-17.11711 50.290707 0.0210 3.0 19.0
-17.11711 50.290707 0.0211 0.0 20.0
-14.97747 52.423286 0.0211 0.0 20.0
-17.11711 50.290707 0.0212 2.0 20.0
-17.11711 53.311623 0.0212 2.0 20.0
-17.11711 53.311623 0.0213 0.0 21.0
-19.256748 55.4442 0.0213 0.0 21.0
-17.11711 53.311623 0.0214 0.0 21.0
-17.11711 56.33254 0.0214 0.0 21.0
-17.11711 53.311623 0.0215 1.0 21.0
-14.97747 55.4442 0.0215 1.0 21.0
-14.97747 55.4442 0.0216 0.0 22.0
-11.95657 55.43421 0.0216 0.0 22.0
-14.97747 55.4442 0.0217 0.0 22.0
-12.8378315 57.576775 0.0217 0.0 22.0
-12.8378315 57.576775 0.0218 0.0 23.0
-12.8378315 60.59769 0.0218 0.0 23.0
-12.8378315 57.576775 0.0219 0.0 23.0
-10.698193 59.70935 0.0219 0.0 23.0
-17.11711 53.311623 0.0220 1.0 21.0
-17.11711 56.33254 0.0220 1.0 21.0
-17.11711 56.33254 0.0221 0.0 22.0
-14.97747 58.46512 0.0221 0.0 22.0
-17.11711 56.33254 0.0222 0.0 22.0
-17.11711 59.353455 0.0222 0.0 22.0
-17.11711 59.353455 0.0223 0.0 23.0
-19.256748 61.48603 0.0223 0.0 23.0
-17.11711 59.353455 0.0224 0.0 23.0
-17.11711 62.37437 0.0224 0.0 23.0
-17.11711 41.22796 0.0225 5.0 17.0
-19.256748 43.360535 0.0225 5.0 17.0
-19.256748 43.360535 0.0226 0.0 18.0
-19.256748 46.38145 0.0226 0.0 18.0
-19.256748 43.360535 0.0227 4.0 18.0
-21.396387 45.49311 0.0227 4.0 18.0
-21.396387 45.49311 0.0228 0.0 19.0
-24.417288 45.483124 0.0228 0.0 19.0
-21.396387 45.49311 0.0229 0.0 19.0
-23.536026 47.625687 0.0229 0.0 19.0
-21.396387 45.49311 0.0230 1.0 19.0
-24.417288 45.483124 0.0230 1.0 19.0
-24.417288 45.483124 0.0231 0.0 20.0
-26.556927 47.6157 0.0231 0.0 20.0
-24.417288 45.483124 0.0232 0.0 20.0
-27.438189 45.473137 0.0232 0.0 20.0
-27.438189 45.473137 0.0233 0.0 21.0
-29.563683 43.32646 0.0233 0.0 21.0
-27.438189 45.473137 0.0234 0.0 21.0
-30.45909 45.46315 0.0234 0.0 21.0
-21.396387 45.49311 0.0235 3.0 19.0
-23.536026 47.625687 0.0235 3.0 19.0
-23.536026 47.625687 0.0236 0.0 20.0
-23.536026 50.646603 0.0236 0.0 20.0
-23.536026 47.625687 0.0237 2.0 20.0
-25.675665 49.758263 0.0237 2.0 20.0
-25.675665 49.758263 0.0238 0.0 21.0
-28.696566 49.748276 0.0238 0.0 21.0
-25.675665 49.758263 0.0239 0.0 21.0
-27.815304 51.89084 0.0239 0.0 21.0
-25.675665 49.758263 0.0240 1.0 21.0
-25.675665 52.77918 0.0240 1.0 21.0
-25.675665 52.77918 0.0241 0.0 22.0
-23.536026 54.91176 0.0241 0.0 22.0
-25.675665 52.77918 0.0242 0.0 22.0
-25.675665 55.800095 0.0242 0.0 22.0
-25.675665 55.800095 0.0243 0.0 23.0
-27.815304 57.93267 0.0243 0.0 23.0
-25.675665 55.800095 0.0244 0.0 23.0
-25.675665 58.82101 0.0244 0.0 23.0
-25.675665 49.758263 0.0245 1.0 21.0
-27.815304 51.89084 0.0245 1.0 21.0
-27.815304 51.89084 0.0246 0.0 22.0
-27.815304 54.911755 0.0246 0.0 22.0
-27.815304 51.89084 0.0247 0.0 22.0
-29.954943 54.023415 0.0247 0.0 22.0
-29.954943 54.023415 0.0248 0.0 23.0
-32.975845 54.013428 0.0248 0.0 23.0
-29.954943 54.023415 0.0249 0.0 23.0
-32.09458 56.15599 0.0249 0.0 23.0
0.0 24.167341 0.0250 21.0 9.0
0.0 27.18826 0.0250 21.0 9.0
0.0 27.18826 0.0251 0.0 10.0
2.1396384 29.320837 0.0251 0.0 10.0
0.0 27.18826 0.0252 20.0 10.0
0.0 30.209177 0.0252 20.0 10.0
0.0 30.209177 0.0253 0.0 11.0
-2.1396384 32.341755 0.0253 0.0 11.0
0.0 30.209177 0.0254 0.0 11.0
0.0 33.230095 0.0254 0.0 11.0
0.0 30.209177 0.0255 1.0 11.0
-2.1396384 32.341755 0.0255 1.0 11.0
-2.1396384 32.341755 0.0256 0.0 12.0
-2.1396384 35.36267 0.0256 0.0 12.0
-2.1396384 32.341755 0.0257 0.0 12.0
-4.279277 34.474335 0.0257 0.0 12.0
-4.279277 34.474335 0.0258 0.0 13.0
-7.3001776 34.464348 0.0258 0.0 13.0
-4.279277 34.474335 0.0259 0.0 13.0
-6.4189153 36.60691 0.0259 0.0 13.0
0.0 30.209177 0.0260 19.0 11.0
0.0 33.230095 0.0260 19.0 11.0
0.0 33.230095 0.0261 0.0 12.0
2.1396384 35.36267 0.0261 0.0 12.0
0.0 33.230095 0.0262 18.0 12.0
0.0 36.25101 0.0262 18.0 12.0
0.0 36.25101 0.0263 0.0 13.0
-2.1396384 38.38359 0.0263 0.0 13.0
0.0 36.25101 0.0264 0.0 13.0
0.0 39.271927 0.0264 0.0 13.0
0.0 36.25101 0.0265 1.0 13.0
2.1396384 38.38359 0.0265 1.0 13.0
2.1396384 38.38359 0.0266 0.0 14.0
5.1605396 38.373604 0.0266 0.0 14.0
2.1396384 38.38359 0.0267 0.0 14.0
4.279277 40.516167 0.0267 0.0 14.0
4.279277 40.516167 0.0268 0.0 15.0
4.279277 43.537083 0.0268 0.0 15.0
4.279277 40.516167 0.0269 0.0 15.0
6.4189153 42.648743 0.0269 0.0 15.0
0.0 36.25101 0.0270 1.0 13.0
0.0 39.271927 0.0270 1.0 13.0
0.0 39.271927 0.0271 0.0 14.0
2.1396384 41.404503 0.0271 0.0 14.0
0.0 39.271927 0.0272 0.0 14.0
0.0 42.292843 0.0272 0.0 14.0
0.0 42.292843 0.0273 0.0 15.0
-2.1396384 44.425423 0.0273 0.0 15.0
0.0 42.292843 0.0274 0.0 15.0
0.0 45.31376 0.0274 0.0 15.0
0.0 36.25101 0.0275 5.0 13.0
2.1396384 38.38359 0.0275 5.0 13.0
2.1396384 38.38359 0.0276 0.0 14.0
5.1605396 38.373604 0.0276 0.0 14.0
2.1396384 38.38359 0.0277 4.0 14.0
4.279277 40.516167 0.0277 4.0 14.0
4.279277 40.516167 0.0278 0.0 15.0
4.279277 43.537083 0.0278 0.0 15.0
4.279277 40.516167 0.0279 0.0 15.0
6.4189153 42.648743 0.0279 0.0 15.0
4.279277 40.516167 0.0280 1.0 15.0
4.279277 43.537083 0.0280 1.0 15.0
4.279277 43.537083 0.0281 0.0 16.0
6.4189153 45.669662 0.0281 0.0 16.0
4.279277 43.537083 0.0282 0.0 16.0
4.279277 46.558 0.0282 0.0 16.0
4.279277 46.558 0.0283 0.0 17.0
2.1396384 48.690575 0.0283 0.0 17.0
4.279277 46.558 0.0284 0.0 17.0
4.279277 49.578915 0.0284 0.0 17.0
4.279277 40.516167 0.0285 3.0 15.0
6.4189153 42.648743 0.0285 3.0 15.0
6.4189153 42.648743 0.0286 0.0 16.0
9.439816 42.638756 0.0286 0.0 16.0
6.4189153 42.648743 0.0287 2.0 16.0
8.558554 44.78132 0.0287 2.0 16.0
8.558554 44.78132 0.0288 0.0 17.0
8.558554 47.802235 0.0288 0.0 17.0
8.558554 44.78132 0.0289 0.0 17.0
10.698193 46.913895 0.0289 0.0 17.0
8.558554 44.78132 0.0290 1.0 17.0
11.579454 44.77133 0.0290 1.0 17.0
11.579454 44.77133 0.0291 0.0 18.0
13.704948 42.624657 0.0291 0.0 18.0
11.579454 44.77133 0.0292 0.0 18.0
14.600355 44.761345 0.0292 0.0 18.0
14.600355 44.761345 0.0293 0.0 19.0
16.739994 46.89392 0.0293 0.0 19.0
14.600355 44.761345 0.0294 0.0 19.0
17.621256 44.751358 0.0294 0.0 19.0
8.558554 44.78132 0.0295 1.0 17.0
10.698193 46.913895 0.0295 1.0 17.0
10.698193 46.913895 0.0296 0.0 18.0
13.719093 46.903908 0.0296 0.0 18.0
10.698193 46.913895 0.0297 0.0 18.0
12.8378315 49.04647 0.0297 0.0 18.0
12.8378315 49.04647 0.0298 0.0 19.0
12.8378315 52.067387 0.0298 0.0 19.0
12.8378315 49.04647 0.0299 0.0 19.0
14.97747 51.179047 0.0299 0.0 19.0
0.0 36.25101 0.0300 17.0 13.0
0.0 39.271927 0.0300 17.0 13.0
0.0 39.271927 0.0301 0.0 14.0
2.1396384 41.404503 0.0301 0.0 14.0
0.0 39.271927 0.0302 16.0 14.0
0.0 42.292843 0.0302 16.0 14.0
0.0 42.292843 0.0303 0.0 15.0
-2.1396384 44.425423 0.0303 0.0 15.0
0.0 42.292843 0.0304 0.0 15.0
0.0 45.31376 0.0304 0.0 15.0
0.0 42.292843 0.0305 1.0 15.0
-2.1396384 44.425423 0.0305 1.0 15.0
-2.1396384 44.425423 0.0306 0.0 16.0
-2.1396384 47.44634 0.0306 0.0 16.0
-2.1396384 44.425423 0.0307 0.0 16.0
-4.279277 46.558 0.0307 0.0 16.0
-4.279277 46.558 0.0308 0.0 17.0
-7.3001776 46.54801 0.0308 0.0 17.0
-4.279277 46.558 0.0309 0.0 17.0
-6.4189153 48.690575 0.0309 0.0 17.0
0.0 42.292843 0.0310 15.0 15.0
0.0 45.31376 0.0310 15.0 15.0
0.0 45.31376 0.0311 0.0 16.0
2.1396384 47.446335 0.0311 0.0 16.0
0.0 45.31376 0.0312 14.0 16.0
0.0 48.334675 0.0312 14.0 16.0
0.0 48.334675 0.0313 0.0 17.0
-2.1396384 50.467255 0.0313 0.0 17.0
0.0 48.334675 0.0314 0.0 17.0
0.0 51.35559 0.0314 0.0 17.0
0.0 48.334675 0.0315 1.0 17.0
2.1396384 50.467255 0.0315 1.0 17.0
2.1396384 50.467255 0.0316 0.0 18.0
5.1605396 50.457268 0.0316 0.0 18.0
2.1396384 50.467255 0.0317 0.0 18.0
4.279277 52.59983 0.0317 0.0 18.0
4.279277 52.59983 0.0318 0.0 19.0
4.279277 55.620747 0.0318 0.0 19.0
4.279277 52.59983 0.0319 0.0 19.0
6.4189153 54.732407 0.0319 0.0 19.0
0.0 48.334675 0.0320 1.0 17.0
0.0 51.35559 0.0320 1.0 17.0
0.0 51.35559 0.0321 0.0 18.0
2.1396384 53.488167 0.0321 0.0 18.0
0.0 51.35559 0.0322 0.0 18.0
0.0 54.376507 0.0322 0.0 18.0
0.0 54.376507 0.0323 0.0 19.0
-2.1396384 56.509087 0.0323 0.0 19.0
0.0 54.376507 0.0324 0.0 19.0
0.0 57.397423 0.0324 0.0 19.0
0.0 48.334675 0.0325 5.0 17.0
2.1396384 50.467255 0.0325 5.0 17.0
2.1396384 50.467255 0.0326 0.0 18.0
5.1605396 50.457268 0.0326 0.0 18.0
2.1396384 50.467255 0.0327 4.0 18.0
4.279277 52.59983 0.0327 4.0 18.0
4.279277 52.59983 0.0328 0.0 19.0
4.279277 55.620747 0.0328 0.0 19.0
4.279277 52.59983 0.0329 0.0 19.0
6.4189153 54.732407 0.0329 0.0 19.0
4.279277 52.59983 0.0330 1.0 19.0
4.279277 55.620747 0.0330 1.0 19.0
4.279277 55.620747 0.0331 0.0 20.0
6.4189153 57.753326 0.0331 0.0 20.0
4.279277 55.620747 0.0332 0.0 20.0
4.279277 58.641663 0.0332 0.0 20.0
4.279277 58.641663 0.0333 0.0 21.0
2.1396384 60.77424 0.0333 0.0 21.0
4.279277 58.641663 0.0334 0.0 21.0
4.279277 61.66258 0.0334 0.0 21.0
4.279277 52.59983 0.0335 3.0 19.0
6.4189153 54.732407 0.0335 3.0 19.0
6.4189153 54.732407 0.0336 0.0 20.0
9.439816 54.72242 0.0336 0.0 20.0
6.4189153 54.732407 0.0337 2.0 20.0
8.558554 56.864983 0.0337 2.0 20.0
8.558554 56.864983 0.0338 0.0 21.0
8.558554 59.8859 0.0338 0.0 21.0
8.558554 56.864983 0.0339 0.0 21.0
10.698193 58.99756 0.0339 0.0 21.0
8.558554 56.864983 0.0340 1.0 21.0
11.579454 56.854996 0.0340 1.0 21.0
11.579454 56.854996 0.0341 0.0 22.0
13.704948 54.70832 0.0341 0.0 22.0
11.579454 56.854996 0.0342 0.0 22.0
14.600355 56.84501 0.0342 0.0 22.0
14.600355 56.84501 0.0343 0.0 23.0
16.739994 58.977585 0.0343 0.0 23.0
14.600355 56.84501 0.0344 0.0 23.0
17.621256 56.835022 0.0344 0.0 23.0
8.558554 56.864983 0.0345 1.0 21.0
10.698193 58.99756 0.0345 1.0 21.0
10.698193 58.99756 0.0346 0.0 22.0
13.719093 58.98757 0.0346 0.0 22.0
10.698193 58.99756 0.0347 0.0 22.0
12.8378315 61.130135 0.0347 0.0 22.0
12.8378315 61.130135 0.0348 0.0 23.0
12.8378315 64.151054 0.0348 0.0 23.0
12.8378315 61.130135 0.0349 0.0 23.0
14.97747 63.26271 0.0349 0.0 23.0
0.0 48.334675 0.0350 5.0 17.0
0.0 51.35559 0.0350 5.0 17.0
0.0 51.35559 0.0351 0.0 18.0
2.1396384 53.488167 0.0351 0.0 18.0
0.0 51.35559 0.0352 4.0 18.0
0.0 54.376507 0.0352 4.0 18.0
0.0 54.376507 0.0353 0.0 19.0
-2.1396384 56.509087 0.0353 0.0 19.0
0.0 54.376507 0.0354 0.0 19.0
0.0 57.397423 0.0354 0.0 19.0
0.0 54.376507 0.0355 1.0 19.0
-2.1396384 56.509087 0.0355 1.0 19.0
-2.1396384 56.509087 0.0356 0.0 20.0
-2.1396384 59.530003 0.0356 0.0 20.0
-2.1396384 56.509087 0.0357 0.0 20.0
-4.279277 58.641663 0.0357 0.0 20.0
-4.279277 58.641663 0.0358 0.0 21.0
-7.3001776 58.631676 0.0358 0.0 21.0
-4.279277 58.641663 0.0359 0.0 21.0
-6.4189153 60.77424 0.0359 0.0 21.0
0.0 54.376507 0.0360 3.0 19.0
0.0 57.397423 0.0360 3.0 19.0
0.0 57.397423 0.0361 0.0 20.0
2.1396384 59.53 0.0361 0.0 20.0
0.0 57.397423 0.0362 2.0 20.0
0.0 60.41834 0.0362 2.0 20.0
0.0 60.41834 0.0363 0.0 21.0
-2.1396384 62.55092 0.0363 0.0 21.0
0.0 60.41834 0.0364 0.0 21.0
0.0 63.439255 0.0364 0.0 21.0
0.0 60.41834 0.0365 1.0 21.0
2.1396384 62.55092 0.0365 1.0 21.0
2.1396384 62.55092 0.0366 0.0 22.0
5.1605396 62.54093 0.0366 0.0 22.0
2.1396384 62.55092 0.0367 0.0 22.0
4.279277 64.683495 0.0367 0.0 22.0
4.279277 64.683495 0.0368 0.0 23.0
4.279277 67.704414 0.0368 0.0 23.0
4.279277 64.683495 0.0369 0.0 23.0
6.4189153 66.81607 0.0369 0.0 23.0
0.0 60.41834 0.0370 1.0 21.0
0.0 63.439255 0.0370 1.0 21.0
0.0 63.439255 0.0371 0.0 22.0
2.1396384 65.57183 0.0371 0.0 22.0
0.0 63.439255 0.0372 0.0 22.0
0.0 66.460175 0.0372 0.0 22.0
0.0 66.460175 0.0373 0.0 23.0
-2.1396384 68.59275 0.0373 0.0 23.0
0.0 66.460175 0.0374 0.0 23.0
0.0 69.481094 0.0374 0.0 23.0
0.0 48.334675 0.0375 13.0 17.0
2.1396384 50.467255 0.0375 13.0 17.0
2.1396384 50.467255 0.0376 0.0 18.0
5.1605396 50.457268 0.0376 0.0 18.0
2.1396384 50.467255 0.0377 12.0 18.0
4.279277 52.59983 0.0377 12.0 18.0
4.279277 52.59983 0.0378 0.0 19.0
4.279277 55.620747 0.0378 0.0 19.0
4.279277 52.59983 0.0379 0.0 19.0
6.4189153 54.732407 0.0379 0.0 19.0
4.279277 52.59983 0.0380 1.0 19.0
4.279277 55.620747 0.0380 1.0 19.0
4.279277 55.620747 0.0381 0.0 20.0
6.4189153 57.753326 0.0381 0.0 20.0
4.279277 55.620747 0.0382 0.0 20.0
4.279277 58.641663 0.0382 0.0 20.0
4.279277 58.641663 0.0383 0.0 21.0
2.1396384 60.77424 0.0383 0.0 21.0
4.279277 58.641663 0.0384 0.0 21.0
4.279277 61.66258 0.0384 0.0 21.0
4.279277 52.59983 0.0385 11.0 19.0
6.4189153 54.732407 0.0385 11.0 19.0
6.4189153 54.732407 0.0386 0.0 20.0
9.439816 54.72242 0.0386 0.0 20.0
6.4189153 54.732407 0.0387 10.0 20.0
8.558554 56.864983 0.0387 10.0 20.0
8.558554 56.864983 0.0388 0.0 21.0
8.558554 59.8859 0.0388 0.0 21.0
8.558554 56.864983 0.0389 0.0 21.0
10.698193 58.99756 0.0389 0.0 21.0
8.558554 56.864983 0.0390 1.0 21.0
11.579454 56.854996 0.0390 1.0 21.0
11.579454 56.854996 0.0391 0.0 22.0
13.704948 54.70832 0.0391 0.0 22.0
11.579454 56.854996 0.0392 0.0 22.0
14.600355 56.84501 0.0392 0.0 22.0
14.600355 56.84501 0.0393 0.0 23.0
16.739994 58.977585 0.0393 0.0 23.0
14.600355 56.84501 0.0394 0.0 23.0
17.621256 56.835022 0.0394 0.0 23.0
8.558554 56.864983 0.0395 1.0 21.0
10.698193 58.99756 0.0395 1.0 21.0
10.698193 58.99756 0.0396 0.0 22.0
13.719093 58.98757 0.0396 0.0 22.0
10.698193 58.99756 0.0397 0.0 22.0
12.8378315 61.130135 0.0397 0.0 22.0
12.8378315 61.130135 0.0398 0.0 23.0
12.8378315 64.151054 0.0398 0.0 23.0
12.8378315 61.130135 0.0399 0.0 23.0
14.97747 63.26271 0.0399 0.0 23.0
8.558554 56.864983 0.0400 5.0 21.0
11.579454 56.854996 0.0400 5.0 21.0
11.579454 56.854996 0.0401 0.0 22.0
13.704948 54.70832 0.0401 0.0 22.0
11.579454 56.854996 0.0402 4.0 22.0
14.600355 56.84501 0.0402 4.0 22.0
14.600355 56.84501 0.0403 0.0 23.0
16.739994 58.977585 0.0403 0.0 23.0
14.600355 56.84501 0.0404 0.0 23.0
17.621256 56.835022 0.0404 0.0 23.0
14.600355 56.84501 0.0405 1.0 23.0
16.739994 58.977585 0.0405 1.0 23.0
16.739994 58.977585 0.0406 0.0 24.0
19.760895 58.967598 0.0406 0.0 24.0
16.739994 58.977585 0.0407 0.0 24.0
18.879633 61.11016 0.0407 0.0 24.0
18.879633 61.11016 0.0408 0.0 25.0
18.879633 64.13108 0.0408 0.0 25.0
18.879633 61.11016 0.0409 0.0 25.0
21.019272 63.242737 0.0409 0.0 25.0
14.600355 56.84501 0.0410 3.0 23.0
17.621256 56.835022 0.0410 3.0 23.0
17.621256 56.835022 0.0411 0.0 24.0
19.74675 54.688347 0.0411 0.0 24.0
17.621256 56.835022 0.0412 2.0 24.0
20.642157 56.825035 0.0412 2.0 24.0
20.642157 56.825035 0.0413 0.0 25.0
22.781796 58.95761 0.0413 0.0 25.0
20.642157 56.825035 0.0414 0.0 25.0
23.663057 56.81505 0.0414 0.0 25.0
20.642157 56.825035 0.0415 1.0 25.0
22.76765 54.67836 0.0415 1.0 25.0
22.76765 54.67836 0.0416 0.0 26.0
22.74768 51.65751 0.0416 0.0 26.0
22.76765 54.67836 0.0417 0.0 26.0
24.893145 52.531685 0.0417 0.0 26.0
24.893145 52.531685 0.0418 0.0 27.0
27.914045 52.521698 0.0418 0.0 27.0
24.893145 52.531685 0.0419 0.0 27.0
27.018639 50.38501 0.0419 0.0 27.0
20.642157 56.825035 0.0420 1.0 25.0
23.663057 56.81505 0.0420 1.0 25.0
23.663057 56.81505 0.0421 0.0 26.0
25.788551 54.668373 0.0421 0.0 26.0
23.663057 56.81505 0.0422 0.0 26.0
26.683958 56.80506 0.0422 0.0 26.0
26.683958 56.80506 0.0423 0.0 27.0
28.823597 58.937637 0.0423 0.0 27.0
26.683958 56.80506 0.0424 0.0 27.0
29.704859 56.795074 0.0424 0.0 27.0
8.558554 56.864983 0.0425 9.0 21.0
10.698193 58.99756 0.0425 9.0 21.0
10.698193 58.99756 0.0426 0.0 22.0
13.719093 58.98757 0.0426 0.0 22.0
10.698193 58.99756 0.0427 8.0 22.0
12.8378315 61.130135 0.0427 8.0 22.0
12.8378315 61.130135 0.0428 0.0 23.0
12.8378315 64.151054 0.0428 0.0 23.0
12.8378315 61.130135 0.0429 0.0 23.0
14.97747 63.26271 0.0429 0.0 23.0
12.8378315 61.130135 0.0430 1.0 23.0
12.8378315 64.151054 0.0430 1.0 23.0
12.8378315 64.151054 0.0431 0.0 24.0
14.97747 66.28363 0.0431 0.0 24.0
12.8378315 64.151054 0.0432 0.0 24.0
12.8378315 67.171974 0.0432 0.0 24.0
12.8378315 67.171974 0.0433 0.0 25.0
10.698193 69.30455 0.0433 0.0 25.0
12.8378315 67.171974 0.0434 0.0 25.0
12.8378315 70.192894 0.0434 0.0 25.0
12.8378315 61.130135 0.0435 7.0 23.0
14.97747 63.26271 0.0435 7.0 23.0
14.97747 63.26271 0.0436 0.0 24.0
17.998371 63.252724 0.0436 0.0 24.0
14.97747 63.26271 0.0437 6.0 24.0
17.11711 65.39529 0.0437 6.0 24.0
17.11711 65.39529 0.0438 0.0 25.0
17.11711 68.41621 0.0438 0.0 25.0
17.11711 65.39529 0.0439 0.0 25.0
19.256748 67.52786 0.0439 0.0 25.0
17.11711 65.39529 0.0440 1.0 25.0
20.13801 65.3853 0.0440 1.0 25.0
20.13801 65.3853 0.0441 0.0 26.0
22.263504 63.238625 0.0441 0.0 26.0
20.13801 65.3853 0.0442 0.0 26.0
23.15891 65.37531 0.0442 0.0 26.0
23.15891 65.37531 0.0443 0.0 27.0
25.29855 67.50789 0.0443 0.0 27.0
23.15891 65.37531 0.0444 0.0 27.0
26.179811 65.365326 0.0444 0.0 27.0
17.11711 65.39529 0.0445 1.0 25.0
19.256748 67.52786 0.0445 1.0 25.0
19.256748 67.52786 0.0446 0.0 26.0
22.277649 67.517876 0.0446 0.0 26.0
19.256748 67.52786 0.0447 0.0 26.0
21.396387 69.66044 0.0447 0.0 26.0
21.396387 69.66044 0.0448 0.0 27.0
21.396387 72.68136 0.0448 0.0 27.0
21.396387 69.66044 0.0449 0.0 27.0
23.536026 71.793015 0.0449 0.0 27.0
17.11711 65.39529 0.0450 5.0 25.0
20.13801 65.3853 0.0450 5.0 25.0
20.13801 65.3853 0.0451 0.0 26.0
22.263504 63.238625 0.0451 0.0 26.0
20.13801 65.3853 0.0452 4.0 26.0
23.15891 65.37531 0.0452 4.0 26.0
23.15891 65.37531 0.0453 0.0 27.0
25.29855 67.50789 0.0453 0.0 27.0
23.15891 65.37531 0.0454 0.0 27.0
26.179811 65.365326 0.0454 0.0 27.0
23.15891 65.37531 0.0455 1.0 27.0
25.29855 67.50789 0.0455 1.0 27.0
25.29855 67.50789 0.0456 0.0 28.0
28.31945 67.4979 0.0456 0.0 28.0
25.29855 67.50789 0.0457 0.0 28.0
27.438189 69.640465 0.0457 0.0 28.0
27.438189 69.640465 0.0458 0.0 29.0
27.438189 72.661385 0.0458 0.0 29.0
27.438189 69.640465 0.0459 0.0 29.0
29.577827 71.77304 0.0459 0.0 29.0
23.15891 65.37531 0.0460 3.0 27.0
26.179811 65.365326 0.0460 3.0 27.0
26.179811 65.365326 0.0461 0.0 28.0
28.305305 63.21865 0.0461 0.0 28.0
26.179811 65.365326 0.0462 2.0 28.0
29.200712 65.35534 0.0462 2.0 28.0
29.200712 65.35534 0.0463 0.0 29.0
31.340351 67.487915 0.0463 0.0 29.0
29.200712 65.35534 0.0464 0.0 29.0
32.221615 65.34535 0.0464 0.0 29.0
29.200712 65.35534 0.0465 1.0 29.0
31.326206 63.208664 0.0465 1.0 29.0
31.326206 63.208664 0.0466 0.0 30.0
31.306236 60.187813 0.0466 0.0 30.0
31.326206 63.208664 0.0467 0.0 30.0
33.4517 61.06199 0.0467 0.0 30.0
33.4517 61.06199 0.0468 0.0 31.0
36.4726 61.052002 0.0468 0.0 31.0
33.4517 61.06199 0.0469 0.0 31.0
35.57719 58.915314 0.0469 0.0 31.0
29.200712 65.35534 0.0470 1.0 29.0
32.221615 65.34535 0.0470 1.0 29.0
32.221615 65.34535 0.0471 0.0 30.0
34.347107 63.198677 0.0471 0.0 30.0
32.221615 65.34535 0.0472 0.0 30.0
35.242516 65.335365 0.0472 0.0 30.0
35.242516 65.335365 0.0473 0.0 31.0
37.382153 67.46794 0.0473 0.0 31.0
35.242516 65.335365 0.0474 0.0 31.0
38.263416 65.32538 0.0474 0.0 31.0
17.11711 65.39529 0.0475 5.0 25.0
19.256748 67.52786 0.0475 5.0 25.0
19.256748 67.52786 0.0476 0.0 26.0
22.277649 67.517876 0.0476 0.0 26.0
19.256748 67.52786 0.0477 4.0 26.0
21.396387 69.66044 0.0477 4.0 26.0
21.396387 69.66044 0.0478 0.0 27.0
21.396387 72.68136 0.0478 0.0 27.0
21.396387 69.66044 0.0479 0.0 27.0
23.536026 71.793015 0.0479 0.0 27.0
21.396387 69.66044 0.0480 1.0 27.0
21.396387 72.68136 0.0480 1.0 27.0
21.396387 72.68136 0.0481 0.0 28.0
23.536026 74.813934 0.0481 0.0 28.0
21.396387 72.68136 0.0482 0.0 28.0
21.396387 75.70228 0.0482 0.0 28.0
21.396387 75.70228 0.0483 0.0 29.0
19.256748 77.834854 0.0483 0.0 29.0
21.396387 75.70228 0.0484 0.0 29.0
21.396387 78.7232 0.0484 0.0 29.0
21.396387 69.66044 0.0485 3.0 27.0
23.536026 71.793015 0.0485 3.0 27.0
23.536026 71.793015 0.0486 0.0 28.0
26.556927 71.78303 0.0486 0.0 28.0
23.536026 71.793015 0.0487 2.0 28.0
25.675665 73.92559 0.0487 2.0 28.0
25.675665 73.92559 0.0488 0.0 29.0
25.675665 76.94651 0.0488 0.0 29.0
25.675665 73.92559 0.0489 0.0 29.0
27.815304 76.05817 0.0489 0.0 29.0
25.675665 73.92559 0.0490 1.0 29.0
28.696566 73.9156 0.0490 1.0 29.0
28.696566 73.9156 0.0491 0.0 30.0
30.82206 71.76893 0.0491 0.0 30.0
28.696566 73.9156 0.0492 0.0 30.0
31.717466 73.90562 0.0492 0.0 30.0
31.717466 73.90562 0.0493 0.0 31.0
33.857105 76.03819 0.0493 0.0 31.0
31.717466 73.90562 0.0494 0.0 31.0
34.73837 73.89563 0.0494 0.0 31.0
25.675665 73.92559 0.0495 1.0 29.0
27.815304 76.05817 0.0495 1.0 29.0
27.815304 76.05817 0.0496 0.0 30.0
30.836205 76.04818 0.0496 0.0 30.0
27.815304 76.05817 0.0497 0.0 30.0
29.954943 78.19074 0.0497 0.0 30.0
29.954943 78.19074 0.0498 0.0 31.0
29.954943 81.21166 0.0498 0.0 31.0
29.954943 78.19074 0.0499 0.0 31.0
32.09458 80.32332 0.0499 0.0 31.0
0.0 48.334675 0.0500 13.0 17.0
0.0 51.35559 0.0500 13.0 17.0
0.0 51.35559 0.0501 0.0 18.0
2.1396384 53.488167 0.0501 0.0 18.0
0.0 51.35559 0.0502 12.0 18.0
0.0 54.376507 0.0502 12.0 18.0
0.0 54.376507 0.0503 0.0 19.0
-2.1396384 56.509087 0.0503 0.0 19.0
0.0 54.376507 0.0504 0.0 19.0
0.0 57.397423 0.0504 0.0 19.0
0.0 54.376507 0.0505 1.0 19.0
-2.1396384 56.509087 0.0505 1.0 19.0
-2.1396384 56.509087 0.0506 0.0 20.0
-2.1396384 59.530003 0.0506 0.0 20.0
-2.1396384 56.509087 0.0507 0.0 20.0
-4.279277 58.641663 0.0507 0.0 20.0
-4.279277 58.641663 0.0508 0.0 21.0
-7.3001776 58.631676 0.0508 0.0 21.0
-4.279277 58.641663 0.0509 0.0 21.0
-6.4189153 60.77424 0.0509 0.0 21.0
0.0 54.376507 0.0510 11.0 19.0
0.0 57.397423 0.0510 11.0 19.0
0.0 57.397423 0.0511 0.0 20.0
2.1396384 59.53 0.0511 0.0 20.0
0.0 57.397423 0.0512 10.0 20.0
0.0 60.41834 0.0512 10.0 20.0
0.0 60.41834 0.0513 0.0 21.0
-2.1396384 62.55092 0.0513 0.0 21.0
0.0 60.41834 0.0514 0.0 21.0
0.0 63.439255 0.0514 0.0 21.0
0.0 60.41834 0.0515 1.0 21.0
2.1396384 62.55092 0.0515 1.0 21.0
2.1396384 62.55092 0.0516 0.0 22.0
5.1605396 62.54093 0.0516 0.0 22.0
2.1396384 62.55092 0.0517 0.0 22.0
4.279277 64.683495 0.0517 0.0 22.0
4.279277 64.683495 0.0518 0.0 23.0
4.279277 67.704414 0.0518 0.0 23.0
4.279277 64.683495 0.0519 0.0 23.0
6.4189153 66.81607 0.0519 0.0 23.0
0.0 60.41834 0.0520 1.0 21.0
0.0 63.439255 0.0520 1.0 21.0
0.0 63.439255 0.0521 0.0 22.0
2.1396384 65.57183 0.0521 0.0 22.0
0.0 63.439255 0.0522 0.0 22.0
0.0 66.460175 0.0522 0.0 22.0
0.0 66.460175 0.0523 0.0 23.0
-2.1396384 68.59275 0.0523 0.0 23.0
0.0 66.460175 0.0524 0.0 23.0
0.0 69.481094 0.0524 0.0 23.0
0.0 60.41834 0.0525 5.0 21.0
2.1396384 62.55092 0.0525 5.0 21.0
2.1396384 62.55092 0.0526 0.0 22.0
5.1605396 62.54093 0.0526 0.0 22.0
2.1396384 62.55092 0.0527 4.0 22.0
4.279277 64.683495 0.0527 4.0 22.0
4.279277 64.683495 0.0528 0.0 23.0
4.279277 67.704414 0.0528 0.0 23.0
4.279277 64.683495 0.0529 0.0 23.0
6.4189153 66.81607 0.0529 0.0 23.0
4.279277 64.683495 0.0530 1.0 23.0
4.279277 67.704414 0.0530 1.0 23.0
4.279277 67.704414 0.0531 0.0 24.0
6.4189153 69.83699 0.0531 0.0 24.0
4.279277 67.704414 0.0532 0.0 24.0
4.279277 70.725334 0.0532 0.0 24.0
4.279277 70.725334 0.0533 0.0 25.0
2.1396384 72.85791 0.0533 0.0 25.0
4.279277 70.725334 0.0534 0.0 25.0
4.279277 73.746254 0.0534 0.0 25.0
4.279277 64.683495 0.0535 3.0 23.0
6.4189153 66.81607 0.0535 3.0 23.0
6.4189153 66.81607 0.0536 0.0 24.0
9.439816 66.80608 0.0536 0.0 24.0
6.4189153 66.81607 0.0537 2.0 24.0
8.558554 68.94865 0.0537 2.0 24.0
8.558554 68.94865 0.0538 0.0 25.0
8.558554 71.96957 0.0538 0.0 25.0
8.558554 68.94865 0.0539 0.0 25.0
10.698193 71.08122 0.0539 0.0 25.0
8.558554 68.94865 0.0540 1.0 25.0
11.579454 68.93866 0.0540 1.0 25.0
11.579454 68.93866 0.0541 0.0 26.0
13.704948 66.791985 0.0541 0.0 26.0
11.579454 68.93866 0.0542 0.0 26.0
14.600355 68.92867 0.0542 0.0 26.0
14.600355 68.92867 0.0543 0.0 27.0
16.739994 71.06125 0.0543 0.0 27.0
14.600355 68.92867 0.0544 0.0 27.0
17.621256 68.918686 0.0544 0.0 27.0
8.558554 68.94865 0.0545 1.0 25.0
10.698193 71.08122 0.0545 1.0 25.0
10.698193 71.08122 0.0546 0.0 26.0
13.719093 71.071236 0.0546 0.0 26.0
10.698193 71.08122 0.0547 0.0 26.0
12.8378315 73.2138 0.0547 0.0 26.0
12.8378315 73.2138 0.0548 0.0 27.0
12.8378315 76.23472 0.0548 0.0 27.0
12.8378315 73.2138 0.0549 0.0 27.0
14.97747 75.346375 0.0549 0.0 27.0
0.0 60.41834 0.0550 9.0 21.0
0.0 63.439255 0.0550 9.0 21.0
0.0 63.439255 0.0551 0.0 22.0
2.1396384 65.57183 0.0551 0.0 22.0
0.0 63.439255 0.0552 8.0 22.0
0.0 66.460175 0.0552 8.0 22.0
0.0 66.460175 0.0553 0.0 23.0
-2.1396384 68.59275 0.0553 0.0 23.0
0.0 66.460175 0.0554 0.0 23.0
0.0 69.481094 0.0554 0.0 23.0
0.0 66.460175 0.0555 1.0 23.0
-2.1396384 68.59275 0.0555 1.0 23.0
-2.1396384 68.59275 0.0556 0.0 24.0
-2.1396384 71.61367 0.0556 0.0 24.0
-2.1396384 68.59275 0.0557 0.0 24.0
-4.279277 70.72533 0.0557 0.0 24.0
-4.279277 70.72533 0.0558 0.0 25.0
-7.3001776 70.71534 0.0558 0.0 25.0
-4.279277 70.72533 0.0559 0.0 25.0
-6.4189153 72.8579 0.0559 0.0 25.0
0.0 66.460175 0.0560 7.0 23.0
0.0 69.481094 0.0560 7.0 23.0
0.0 69.481094 0.0561 0.0 24.0
2.1396384 71.61367 0.0561 0.0 24.0
0.0 69.481094 0.0562 6.0 24.0
0.0 72.502014 0.0562 6.0 24.0
0.0 72.502014 0.0563 0.0 25.0
-2.1396384 74.63459 0.0563 0.0 25.0
0.0 72.502014 0.0564 0.0 25.0
0.0 75.522934 0.0564 0.0 25.0
0.0 72.502014 0.0565 1.0 25.0
2.1396384 74.63459 0.0565 1.0 25.0
2.1396384 74.63459 0.0566 0.0 26.0
5.1605396 74.6246 0.0566 0.0 26.0
2.1396384 74.63459 0.0567 0.0 26.0
4.279277 76.767166 0.0567 0.0 26.0
4.279277 76.767166 0.0568 0.0 27.0
4.279277 79.788086 0.0568 0.0 27.0
4.279277 76.767166 0.0569 0.0 27.0
6.4189153 78.89974 0.0569 0.0 27.0
0.0 72.502014 0.0570 1.0 25.0
0.0 75.522934 0.0570 1.0 25.0
0.0 75.522934 0.0571 0.0 26.0
2.1396384 77.65551 0.0571 0.0 26.0
0.0 75.522934 0.0572 0.0 26.0
0.0 78.54385 0.0572 0.0 26.0
0.0 78.54385 0.0573 0.0 27.0
-2.1396384 80.67643 0.0573 0.0 27.0
0.0 78.54385 0.0574 0.0 27.0
0.0 81.56477 0.0574 0.0 27.0
0.0 72.502014 0.0575 5.0 25.0
2.1396384 74.63459 0.0575 5.0 25.0
2.1396384 74.63459 0.0576 0.0 26.0
5.1605396 74.6246 0.0576 0.0 26.0
2.1396384 74.63459 0.0577 4.0 26.0
4.279277 76.767166 0.0577 4.0 26.0
4.279277 76.767166 0.0578 0.0 27.0
4.279277 79.788086 0.0578 0.0 27.0
4.279277 76.767166 0.0579 0.0 27.0
6.4189153 78.89974 0.0579 0.0 27.0
4.279277 76.767166 0.0580 1.0 27.0
4.279277 79.788086 0.0580 1.0 27.0
4.279277 79.788086 0.0581 0.0 28.0
6.4189153 81.92066 0.0581 0.0 28.0
4.279277 79.788086 0.0582 0.0 28.0
4.279277 82.809006 0.0582 0.0 28.0
4.279277 82.809006 0.0583 0.0 29.0
2.1396384 84.94158 0.0583 0.0 29.0
4.279277 82.809006 0.0584 0.0 29.0
4.279277 85.829926 0.0584 0.0 29.0
4.279277 76.767166 0.0585 3.0 27.0
6.4189153 78.89974 0.0585 3.0 27.0
6.4189153 78.89974 0.0586 0.0 28.0
9.439816 78.889755 0.0586 0.0 28.0
6.4189153 78.89974 0.0587 2.0 28.0
8.558554 81.03232 0.0587 2.0 28.0
8.558554 81.03232 0.0588 0.0 29.0
8.558554 84.05324 0.0588 0.0 29.0
8.558554 81.03232 0.0589 0.0 29.0
10.698193 83.164894 0.0589 0.0 29.0
8.558554 81.03232 0.0590 1.0 29.0
11.579454 81.02233 0.0590 1.0 29.0
11.579454 81.02233 0.0591 0.0 30.0
13.704948 78.875656 0.0591 0.0 30.0
11.579454 81.02233 0.0592 0.0 30.0
14.600355 81.012344 0.0592 0.0 30.0
14.600355 81.012344 0.0593 0.0 31.0
16.739994 83.14492 0.0593 0.0 31.0
14.600355 81.012344 0.0594 0.0 31.0
17.621256 81.00236 0.0594 0.0 31.0
8.558554 81.03232 0.0595 1.0 29.0
10.698193 83.164894 0.0595 1.0 29.0
10.698193 83.164894 0.0596 0.0 30.0
13.719093 83.15491 0.0596 0.0 30.0
10.698193 83.164894 0.0597 0.0 30.0
12.8378315 85.29747 0.0597 0.0 30.0
12.8378315 85.29747 0.0598 0.0 31.0
12.8378315 88.31839 0.0598 0.0 31.0
12.8378315 85.29747 0.0599 0.0 31.0
14.97747 87.430046 0.0599 0.0 31.0
0.0 72.502014 0.0600 5.0 25.0
0.0 75.522934 0.0600 5.0 25.0
0.0 75.522934 0.0601 0.0 26.0
2.1396384 77.65551 0.0601 0.0 26.0
0.0 75.522934 0.0602 4.0 26.0
0.0 78.54385 0.0602 4.0 26.0
0.0 78.54385 0.0603 0.0 27.0
-2.1396384 80.67643 0.0603 0.0 27.0
0.0 78.54385 0.0604 0.0 27.0
0.0 81.56477 0.0604 0.0 27.0
0.0 78.54385 0.0605 1.0 27.0
-2.1396384 80.67643 0.0605 1.0 27.0
-2.1396384 80.67643 0.0606 0.0 28.0
-2.1396384 83.69735 0.0606 0.0 28.0
-2.1396384 80.67643 0.0607 0.0 28.0
-4.279277 82.809006 0.0607 0.0 28.0
-4.279277 82.809006 0.0608 0.0 29.0
-7.3001776 82.79902 0.0608 0.0 29.0
-4.279277 82.809006 0.0609 0.0 29.0
-6.4189153 84.94158 0.0609 0.0 29.0
0.0 78.54385 0.0610 3.0 27.0
0.0 81.56477 0.0610 3.0 27.0
0.0 81.56477 0.0611 0.0 28.0
2.1396384 83.69735 0.0611 0.0 28.0
0.0 81.56477 0.0612 2.0 28.0
0.0 84.58569 0.0612 2.0 28.0
0.0 84.58569 0.0613 0.0 29.0
-2.1396384 86.71827 0.0613 0.0 29.0
0.0 84.58569 0.0614 0.0 29.0
0.0 87.60661 0.0614 0.0 29.0
0.0 84.58569 0.0615 1.0 29.0
2.1396384 86.71827 0.0615 1.0 29.0
2.1396384 86.71827 0.0616 0.0 30.0
5.1605396 86.70828 0.0616 0.0 30.0
2.1396384 86.71827 0.0617 0.0 30.0
4.279277 88.850845 0.0617 0.0 30.0
4.279277 88.850845 0.0618 0.0 31.0
4.279277 91.871765 0.0618 0.0 31.0
4.279277 88.850845 0.0619 0.0 31.0
6.4189153 90.98342 0.0619 0.0 31.0
0.0 84.58569 0.0620 1.0 29.0
0.0 87.60661 0.0620 1.0 29.0
0.0 87.60661 0.0621 0.0 30.0
2.1396384 89.73919 0.0621 0.0 30.0
0.0 87.60661 0.0622 0.0 30.0
0.0 90.62753 0.0622 0.0 30.0
0.0 90.62753 0.0623 0.0 31.0
-2.1396384 92.76011 0.0623 0.0 31.0
0.0 90.62753 0.0624 0.0 31.0
0.0 93.64845 0.0624 0.0 31.0
