0.0 0.0 0.00 29.0 1.0
0.0 4.6397266 0.00 29.0 1.0
0.0 4.6397266 0.01 0.0 2.0
2.231614 8.707522 0.01 0.0 2.0
0.0 4.6397266 0.02 28.0 2.0
0.0 9.279453 0.02 28.0 2.0
0.0 9.279453 0.03 0.0 3.0
-2.231614 13.347249 0.03 0.0 3.0
0.0 9.279453 0.04 0.0 3.0
0.0 13.91918 0.04 0.0 3.0
0.0 9.279453 0.05 1.0 3.0
2.231614 13.347249 0.05 1.0 3.0
2.231614 13.347249 0.06 0.0 4.0
6.144668 15.840254 0.06 0.0 4.0
2.231614 13.347249 0.07 0.0 4.0
4.463228 17.415045 0.07 0.0 4.0
4.463228 17.415045 0.08 0.0 5.0
4.463228 22.054771 0.08 0.0 5.0
4.463228 17.415045 0.09 0.0 5.0
6.6948423 21.482841 0.09 0.0 5.0
0.0 9.279453 0.010 27.0 3.0
0.0 13.91918 0.010 27.0 3.0
0.0 13.91918 0.011 0.0 4.0
2.231614 17.986977 0.011 0.0 4.0
0.0 13.91918 0.012 26.0 4.0
0.0 18.558907 0.012 26.0 4.0
0.0 18.558907 0.013 0.0 5.0
-2.231614 22.626701 0.013 0.0 5.0
0.0 18.558907 0.014 0.0 5.0
0.0 23.198633 0.014 0.0 5.0
0.0 18.558907 0.015 1.0 5.0
-2.231614 22.626701 0.015 1.0 5.0
-2.231614 22.626701 0.016 0.0 6.0
-2.231614 27.266428 0.016 0.0 6.0
-2.231614 22.626701 0.017 0.0 6.0
-4.463228 26.694496 0.017 0.0 6.0
-4.463228 26.694496 0.018 0.0 7.0
-8.376282 29.1875 0.018 0.0 7.0
-4.463228 26.694496 0.019 0.0 7.0
-6.6948423 30.762291 0.019 0.0 7.0
0.0 18.558907 0.020 1.0 5.0
0.0 23.198633 0.020 1.0 5.0
0.0 23.198633 0.021 0.0 6.0
2.231614 27.26643 0.021 0.0 6.0
0.0 23.198633 0.022 0.0 6.0
0.0 27.83836 0.022 0.0 6.0
0.0 27.83836 0.023 0.0 7.0
-2.231614 31.906155 0.023 0.0 7.0
0.0 27.83836 0.024 0.0 7.0
0.0 32.47809 0.024 0.0 7.0
0.0 18.558907 0.025 5.0 5.0
2.231614 22.626701 0.025 5.0 5.0
2.231614 22.626701 0.026 0.0 6.0
6.144668 25.119705 0.026 0.0 6.0
2.231614 22.626701 0.027 4.0 6.0
4.463228 26.694496 0.027 4.0 6.0
4.463228 26.694496 0.028 0.0 7.0
4.463228 31.334223 0.028 0.0 7.0
4.463228 26.694496 0.029 0.0 7.0
6.6948423 30.762291 0.029 0.0 7.0
4.463228 26.694496 0.030 1.0 7.0
8.376282 29.1875 0.030 1.0 7.0
8.376282 29.1875 0.031 0.0 8.0
13.006065 29.491096 0.031 0.0 8.0
8.376282 29.1875 0.032 0.0 8.0
12.289335 31.680504 0.032 0.0 8.0
12.289335 31.680504 0.033 0.0 9.0
14.520949 35.7483 0.033 0.0 9.0
12.289335 31.680504 0.034 0.0 9.0
16.202389 34.173508 0.034 0.0 9.0
4.463228 26.694496 0.035 3.0 7.0
6.6948423 30.762291 0.035 3.0 7.0
6.6948423 30.762291 0.036 0.0 8.0
10.607897 33.255295 0.036 0.0 8.0
6.6948423 30.762291 0.037 2.0 8.0
8.926456 34.830086 0.037 2.0 8.0
8.926456 34.830086 0.038 0.0 9.0
8.926456 39.46981 0.038 0.0 9.0
8.926456 34.830086 0.039 0.0 9.0
11.158071 38.89788 0.039 0.0 9.0
8.926456 34.830086 0.040 1.0 9.0
8.926456 39.46981 0.040 1.0 9.0
8.926456 39.46981 0.041 0.0 10.0
11.158071 43.537605 0.041 0.0 10.0
8.926456 39.46981 0.042 0.0 10.0
8.926456 44.109535 0.042 0.0 10.0
8.926456 44.109535 0.043 0.0 11.0
6.6948423 48.17733 0.043 0.0 11.0
8.926456 44.109535 0.044 0.0 11.0
8.926456 48.74926 0.044 0.0 11.0
8.926456 34.830086 0.045 1.0 9.0
11.158071 38.89788 0.045 1.0 9.0
11.158071 38.89788 0.046 0.0 10.0
15.071125 41.390884 0.046 0.0 10.0
11.158071 38.89788 0.047 0.0 10.0
13.389685 42.965675 0.047 0.0 10.0
13.389685 42.965675 0.048 0.0 11.0
13.389685 47.6054 0.048 0.0 11.0
13.389685 42.965675 0.049 0.0 11.0
15.621299 47.03347 0.049 0.0 11.0
0.0 18.558907 0.050 25.0 5.0
0.0 23.198633 0.050 25.0 5.0
0.0 23.198633 0.051 0.0 6.0
2.231614 27.26643 0.051 0.0 6.0
0.0 23.198633 0.052 24.0 6.0
0.0 27.83836 0.052 24.0 6.0
0.0 27.83836 0.053 0.0 7.0
-2.231614 31.906155 0.053 0.0 7.0
0.0 27.83836 0.054 0.0 7.0
0.0 32.47809 0.054 0.0 7.0
0.0 27.83836 0.055 1.0 7.0
2.231614 31.906155 0.055 1.0 7.0
2.231614 31.906155 0.056 0.0 8.0
6.144668 34.39916 0.056 0.0 8.0
2.231614 31.906155 0.057 0.0 8.0
4.463228 35.97395 0.057 0.0 8.0
4.463228 35.97395 0.058 0.0 9.0
4.463228 40.613678 0.058 0.0 9.0
4.463228 35.97395 0.059 0.0 9.0
6.6948423 40.041744 0.059 0.0 9.0
0.0 27.83836 0.060 23.0 7.0
0.0 32.47809 0.060 23.0 7.0
0.0 32.47809 0.061 0.0 8.0
2.231614 36.545883 0.061 0.0 8.0
0.0 32.47809 0.062 22.0 8.0
0.0 37.117813 0.062 22.0 8.0
0.0 37.117813 0.063 0.0 9.0
-2.231614 41.185608 0.063 0.0 9.0
0.0 37.117813 0.064 0.0 9.0
0.0 41.757538 0.064 0.0 9.0
0.0 37.117813 0.065 1.0 9.0
-2.231614 41.185608 0.065 1.0 9.0
-2.231614 41.185608 0.066 0.0 10.0
-2.231614 45.825333 0.066 0.0 10.0
-2.231614 41.185608 0.067 0.0 10.0
-4.463228 45.253403 0.067 0.0 10.0
-4.463228 45.253403 0.068 0.0 11.0
-8.376282 47.746407 0.068 0.0 11.0
-4.463228 45.253403 0.069 0.0 11.0
-6.6948423 49.321198 0.069 0.0 11.0
0.0 37.117813 0.070 1.0 9.0
0.0 41.757538 0.070 1.0 9.0
0.0 41.757538 0.071 0.0 10.0
2.231614 45.825333 0.071 0.0 10.0
0.0 41.757538 0.072 0.0 10.0
0.0 46.397263 0.072 0.0 10.0
0.0 46.397263 0.073 0.0 11.0
-2.231614 50.465057 0.073 0.0 11.0
0.0 46.397263 0.074 0.0 11.0
0.0 51.036987 0.074 0.0 11.0
0.0 37.117813 0.075 5.0 9.0
2.231614 41.185608 0.075 5.0 9.0
2.231614 41.185608 0.076 0.0 10.0
6.144668 43.67861 0.076 0.0 10.0
2.231614 41.185608 0.077 4.0 10.0
4.463228 45.253403 0.077 4.0 10.0
4.463228 45.253403 0.078 0.0 11.0
4.463228 49.893127 0.078 0.0 11.0
4.463228 45.253403 0.079 0.0 11.0
6.6948423 49.321198 0.079 0.0 11.0
4.463228 45.253403 0.080 1.0 11.0
8.376282 47.746407 0.080 1.0 11.0
8.376282 47.746407 0.081 0.0 12.0
13.006065 48.050003 0.081 0.0 12.0
8.376282 47.746407 0.082 0.0 12.0
12.289335 50.23941 0.082 0.0 12.0
12.289335 50.23941 0.083 0.0 13.0
14.520949 54.307205 0.083 0.0 13.0
12.289335 50.23941 0.084 0.0 13.0
16.202389 52.732414 0.084 0.0 13.0
4.463228 45.253403 0.085 3.0 11.0
6.6948423 49.321198 0.085 3.0 11.0
6.6948423 49.321198 0.086 0.0 12.0
10.607897 51.8142 0.086 0.0 12.0
6.6948423 49.321198 0.087 2.0 12.0
8.926456 53.388992 0.087 2.0 12.0
8.926456 53.388992 0.088 0.0 13.0
8.926456 58.028717 0.088 0.0 13.0
8.926456 53.388992 0.089 0.0 13.0
11.158071 57.456787 0.089 0.0 13.0
8.926456 53.388992 0.090 1.0 13.0
8.926456 58.028717 0.090 1.0 13.0
8.926456 58.028717 0.091 0.0 14.0
11.158071 62.09651 0.091 0.0 14.0
8.926456 58.028717 0.092 0.0 14.0
8.926456 62.66844 0.092 0.0 14.0
8.926456 62.66844 0.093 0.0 15.0
6.6948423 66.73624 0.093 0.0 15.0
8.926456 62.66844 0.094 0.0 15.0
8.926456 67.30817 0.094 0.0 15.0
8.926456 53.388992 0.095 1.0 13.0
11.158071 57.456787 0.095 1.0 13.0
11.158071 57.456787 0.096 0.0 14.0
15.071125 59.94979 0.096 0.0 14.0
11.158071 57.456787 0.097 0.0 14.0
13.389685 61.524582 0.097 0.0 14.0
13.389685 61.524582 0.098 0.0 15.0
13.389685 66.16431 0.098 0.0 15.0
13.389685 61.524582 0.099 0.0 15.0
15.621299 65.59238 0.099 0.0 15.0
0.0 37.117813 0.0100 5.0 9.0
0.0 41.757538 0.0100 5.0 9.0
0.0 41.757538 0.0101 0.0 10.0
2.231614 45.825333 0.0101 0.0 10.0
0.0 41.757538 0.0102 4.0 10.0
0.0 46.397263 0.0102 4.0 10.0
0.0 46.397263 0.0103 0.0 11.0
-2.231614 50.465057 0.0103 0.0 11.0
0.0 46.397263 0.0104 0.0 11.0
0.0 51.036987 0.0104 0.0 11.0
0.0 46.397263 0.0105 1.0 11.0
2.231614 50.465057 0.0105 1.0 11.0
2.231614 50.465057 0.0106 0.0 12.0
6.144668 52.95806 0.0106 0.0 12.0
2.231614 50.465057 0.0107 0.0 12.0
4.463228 54.532852 0.0107 0.0 12.0
4.463228 54.532852 0.0108 0.0 13.0
4.463228 59.172577 0.0108 0.0 13.0
4.463228 54.532852 0.0109 0.0 13.0
6.6948423 58.600647 0.0109 0.0 13.0
0.0 46.397263 0.0110 3.0 11.0
0.0 51.036987 0.0110 3.0 11.0
0.0 51.036987 0.0111 0.0 12.0
2.231614 55.104782 0.0111 0.0 12.0
0.0 51.036987 0.0112 2.0 12.0
0.0 55.676712 0.0112 2.0 12.0
0.0 55.676712 0.0113 0.0 13.0
-2.231614 59.744507 0.0113 0.0 13.0
0.0 55.676712 0.0114 0.0 13.0
0.0 60.316437 0.0114 0.0 13.0
0.0 55.676712 0.0115 1.0 13.0
-2.231614 59.744507 0.0115 1.0 13.0
-2.231614 59.744507 0.0116 0.0 14.0
-2.231614 64.38423 0.0116 0.0 14.0
-2.231614 59.744507 0.0117 0.0 14.0
-4.463228 63.8123 0.0117 0.0 14.0
-4.463228 63.8123 0.0118 0.0 15.0
-8.376282 66.305305 0.0118 0.0 15.0
-4.463228 63.8123 0.0119 0.0 15.0
-6.6948423 67.8801 0.0119 0.0 15.0
0.0 55.676712 0.0120 1.0 13.0
0.0 60.316437 0.0120 1.0 13.0
0.0 60.316437 0.0121 0.0 14.0
2.231614 64.38423 0.0121 0.0 14.0
0.0 60.316437 0.0122 0.0 14.0
0.0 64.95616 0.0122 0.0 14.0
0.0 64.95616 0.0123 0.0 15.0
-2.231614 69.02396 0.0123 0.0 15.0
0.0 64.95616 0.0124 0.0 15.0
0.0 69.59589 0.0124 0.0 15.0
0.0 37.117813 0.0125 13.0 9.0
2.231614 41.185608 0.0125 13.0 9.0
2.231614 41.185608 0.0126 0.0 10.0
6.144668 43.67861 0.0126 0.0 10.0
2.231614 41.185608 0.0127 12.0 10.0
4.463228 45.253403 0.0127 12.0 10.0
4.463228 45.253403 0.0128 0.0 11.0
4.463228 49.893127 0.0128 0.0 11.0
4.463228 45.253403 0.0129 0.0 11.0
6.6948423 49.321198 0.0129 0.0 11.0
4.463228 45.253403 0.0130 1.0 11.0
8.376282 47.746407 0.0130 1.0 11.0
8.376282 47.746407 0.0131 0.0 12.0
13.006065 48.050003 0.0131 0.0 12.0
8.376282 47.746407 0.0132 0.0 12.0
12.289335 50.23941 0.0132 0.0 12.0
12.289335 50.23941 0.0133 0.0 13.0
14.520949 54.307205 0.0133 0.0 13.0
12.289335 50.23941 0.0134 0.0 13.0
16.202389 52.732414 0.0134 0.0 13.0
4.463228 45.253403 0.0135 11.0 11.0
6.6948423 49.321198 0.0135 11.0 11.0
6.6948423 49.321198 0.0136 0.0 12.0
10.607897 51.8142 0.0136 0.0 12.0
6.6948423 49.321198 0.0137 10.0 12.0
8.926456 53.388992 0.0137 10.0 12.0
8.926456 53.388992 0.0138 0.0 13.0
8.926456 58.028717 0.0138 0.0 13.0
8.926456 53.388992 0.0139 0.0 13.0
11.158071 57.456787 0.0139 0.0 13.0
8.926456 53.388992 0.0140 1.0 13.0
8.926456 58.028717 0.0140 1.0 13.0
8.926456 58.028717 0.0141 0.0 14.0
11.158071 62.09651 0.0141 0.0 14.0
8.926456 58.028717 0.0142 0.0 14.0
8.926456 62.66844 0.0142 0.0 14.0
8.926456 62.66844 0.0143 0.0 15.0
6.6948423 66.73624 0.0143 0.0 15.0
8.926456 62.66844 0.0144 0.0 15.0
8.926456 67.30817 0.0144 0.0 15.0
8.926456 53.388992 0.0145 1.0 13.0
11.158071 57.456787 0.0145 1.0 13.0
11.158071 57.456787 0.0146 0.0 14.0
15.071125 59.94979 0.0146 0.0 14.0
11.158071 57.456787 0.0147 0.0 14.0
13.389685 61.524582 0.0147 0.0 14.0
13.389685 61.524582 0.0148 0.0 15.0
13.389685 66.16431 0.0148 0.0 15.0
13.389685 61.524582 0.0149 0.0 15.0
15.621299 65.59238 0.0149 0.0 15.0
8.926456 53.388992 0.0150 5.0 13.0
12.83951 55.881996 0.0150 5.0 13.0
12.83951 55.881996 0.0151 0.0 14.0
17.469294 56.185593 0.0151 0.0 14.0
12.83951 55.881996 0.0152 4.0 14.0
16.752563 58.375 0.0152 4.0 14.0
16.752563 58.375 0.0153 0.0 15.0
18.984177 62.442795 0.0153 0.0 15.0
16.752563 58.375 0.0154 0.0 15.0
20.665617 60.868004 0.0154 0.0 15.0
16.752563 58.375 0.0155 1.0 15.0
21.382347 58.678596 0.0155 1.0 15.0
21.382347 58.678596 0.0156 0.0 16.0
25.587448 56.717937 0.0156 0.0 16.0
21.382347 58.678596 0.0157 0.0 16.0
26.01213 58.982193 0.0157 0.0 16.0
26.01213 58.982193 0.0158 0.0 17.0
29.925184 61.475197 0.0158 0.0 17.0
26.01213 58.982193 0.0159 0.0 17.0
30.641914 59.28579 0.0159 0.0 17.0
16.752563 58.375 0.0160 3.0 15.0
20.665617 60.868004 0.0160 3.0 15.0
20.665617 60.868004 0.0161 0.0 16.0
25.2954 61.1716 0.0161 0.0 16.0
20.665617 60.868004 0.0162 2.0 16.0
24.57867 63.361008 0.0162 2.0 16.0
24.57867 63.361008 0.0163 0.0 17.0
26.810284 67.4288 0.0163 0.0 17.0
24.57867 63.361008 0.0164 0.0 17.0
28.491724 65.85401 0.0164 0.0 17.0
24.57867 63.361008 0.0165 1.0 17.0
26.810284 67.4288 0.0165 1.0 17.0
26.810284 67.4288 0.0166 0.0 18.0
30.723337 69.92181 0.0166 0.0 18.0
26.810284 67.4288 0.0167 0.0 18.0
29.041897 71.4966 0.0167 0.0 18.0
29.041897 71.4966 0.0168 0.0 19.0
29.041897 76.13632 0.0168 0.0 19.0
29.041897 71.4966 0.0169 0.0 19.0
31.27351 75.56439 0.0169 0.0 19.0
24.57867 63.361008 0.0170 1.0 17.0
28.491724 65.85401 0.0170 1.0 17.0
28.491724 65.85401 0.0171 0.0 18.0
33.121506 66.15761 0.0171 0.0 18.0
28.491724 65.85401 0.0172 0.0 18.0
32.404778 68.347015 0.0172 0.0 18.0
32.404778 68.347015 0.0173 0.0 19.0
34.63639 72.41481 0.0173 0.0 19.0
32.404778 68.347015 0.0174 0.0 19.0
36.317833 70.84002 0.0174 0.0 19.0
8.926456 53.388992 0.0175 9.0 13.0
11.158071 57.456787 0.0175 9.0 13.0
11.158071 57.456787 0.0176 0.0 14.0
15.071125 59.94979 0.0176 0.0 14.0
11.158071 57.456787 0.0177 8.0 14.0
13.389685 61.524582 0.0177 8.0 14.0
13.389685 61.524582 0.0178 0.0 15.0
13.389685 66.16431 0.0178 0.0 15.0
13.389685 61.524582 0.0179 0.0 15.0
15.621299 65.59238 0.0179 0.0 15.0
13.389685 61.524582 0.0180 1.0 15.0
17.302738 64.017586 0.0180 1.0 15.0
17.302738 64.017586 0.0181 0.0 16.0
21.932522 64.32118 0.0181 0.0 16.0
17.302738 64.017586 0.0182 0.0 16.0
21.215792 66.51059 0.0182 0.0 16.0
21.215792 66.51059 0.0183 0.0 17.0
23.447407 70.578384 0.0183 0.0 17.0
21.215792 66.51059 0.0184 0.0 17.0
25.128845 69.00359 0.0184 0.0 17.0
13.389685 61.524582 0.0185 7.0 15.0
15.621299 65.59238 0.0185 7.0 15.0
15.621299 65.59238 0.0186 0.0 16.0
19.534353 68.08538 0.0186 0.0 16.0
15.621299 65.59238 0.0187 6.0 16.0
17.852913 69.66017 0.0187 6.0 16.0
17.852913 69.66017 0.0188 0.0 17.0
17.852913 74.2999 0.0188 0.0 17.0
17.852913 69.66017 0.0189 0.0 17.0
20.084526 73.72797 0.0189 0.0 17.0
17.852913 69.66017 0.0190 1.0 17.0
17.852913 74.2999 0.0190 1.0 17.0
17.852913 74.2999 0.0191 0.0 18.0
20.084526 78.36769 0.0191 0.0 18.0
17.852913 74.2999 0.0192 0.0 18.0
17.852913 78.93962 0.0192 0.0 18.0
17.852913 78.93962 0.0193 0.0 19.0
15.621299 83.007416 0.0193 0.0 19.0
17.852913 78.93962 0.0194 0.0 19.0
17.852913 83.579346 0.0194 0.0 19.0
17.852913 69.66017 0.0195 1.0 17.0
20.084526 73.72797 0.0195 1.0 17.0
20.084526 73.72797 0.0196 0.0 18.0
23.99758 76.22097 0.0196 0.0 18.0
20.084526 73.72797 0.0197 0.0 18.0
22.31614 77.79576 0.0197 0.0 18.0
22.31614 77.79576 0.0198 0.0 19.0
22.31614 82.435486 0.0198 0.0 19.0
22.31614 77.79576 0.0199 0.0 19.0
24.547752 81.863556 0.0199 0.0 19.0
17.852913 69.66017 0.0200 5.0 17.0
21.765966 72.153175 0.0200 5.0 17.0
21.765966 72.153175 0.0201 0.0 18.0
26.39575 72.45677 0.0201 0.0 18.0
21.765966 72.153175 0.0202 4.0 18.0
25.67902 74.64618 0.0202 4.0 18.0
25.67902 74.64618 0.0203 0.0 19.0
27.910633 78.713974 0.0203 0.0 19.0
25.67902 74.64618 0.0204 0.0 19.0
29.592073 77.13918 0.0204 0.0 19.0
25.67902 74.64618 0.0205 1.0 19.0
30.308804 74.949776 0.0205 1.0 19.0
30.308804 74.949776 0.0206 0.0 20.0
34.513905 72.98912 0.0206 0.0 20.0
30.308804 74.949776 0.0207 0.0 20.0
34.938587 75.25337 0.0207 0.0 20.0
34.938587 75.25337 0.0208 0.0 21.0
38.851643 77.746376 0.0208 0.0 21.0
34.938587 75.25337 0.0209 0.0 21.0
39.56837 75.55697 0.0209 0.0 21.0
25.67902 74.64618 0.0210 3.0 19.0
29.592073 77.13918 0.0210 3.0 19.0
29.592073 77.13918 0.0211 0.0 20.0
34.221855 77.44278 0.0211 0.0 20.0
29.592073 77.13918 0.0212 2.0 20.0
33.505127 79.63219 0.0212 2.0 20.0
33.505127 79.63219 0.0213 0.0 21.0
35.73674 83.69998 0.0213 0.0 21.0
33.505127 79.63219 0.0214 0.0 21.0
37.418182 82.12519 0.0214 0.0 21.0
33.505127 79.63219 0.0215 1.0 21.0
35.73674 83.69998 0.0215 1.0 21.0
35.73674 83.69998 0.0216 0.0 22.0
39.649796 86.192986 0.0216 0.0 22.0
35.73674 83.69998 0.0217 0.0 22.0
37.968353 87.76778 0.0217 0.0 22.0
37.968353 87.76778 0.0218 0.0 23.0
37.968353 92.4075 0.0218 0.0 23.0
37.968353 87.76778 0.0219 0.0 23.0
40.199966 91.83557 0.0219 0.0 23.0
33.505127 79.63219 0.0220 1.0 21.0
37.418182 82.12519 0.0220 1.0 21.0
37.418182 82.12519 0.0221 0.0 22.0
42.047966 82.42879 0.0221 0.0 22.0
37.418182 82.12519 0.0222 0.0 22.0
41.331238 84.618195 0.0222 0.0 22.0
41.331238 84.618195 0.0223 0.0 23.0
43.56285 88.68599 0.0223 0.0 23.0
41.331238 84.618195 0.0224 0.0 23.0
45.244293 87.1112 0.0224 0.0 23.0
17.852913 69.66017 0.0225 5.0 17.0
20.084526 73.72797 0.0225 5.0 17.0
20.084526 73.72797 0.0226 0.0 18.0
23.99758 76.22097 0.0226 0.0 18.0
20.084526 73.72797 0.0227 4.0 18.0
22.31614 77.79576 0.0227 4.0 18.0
22.31614 77.79576 0.0228 0.0 19.0
22.31614 82.435486 0.0228 0.0 19.0
22.31614 77.79576 0.0229 0.0 19.0
24.547752 81.863556 0.0229 0.0 19.0
22.31614 77.79576 0.0230 1.0 19.0
26.229193 80.288765 0.0230 1.0 19.0
26.229193 80.288765 0.0231 0.0 20.0
30.858976 80.59236 0.0231 0.0 20.0
26.229193 80.288765 0.0232 0.0 20.0
30.142246 82.78177 0.0232 0.0 20.0
30.142246 82.78177 0.0233 0.0 21.0
32.37386 86.84956 0.0233 0.0 21.0
30.142246 82.78177 0.0234 0.0 21.0
34.0553 85.27477 0.0234 0.0 21.0
22.31614 77.79576 0.0235 3.0 19.0
24.547752 81.863556 0.0235 3.0 19.0
24.547752 81.863556 0.0236 0.0 20.0
28.460806 84.35656 0.0236 0.0 20.0
24.547752 81.863556 0.0237 2.0 20.0
26.779366 85.93135 0.0237 2.0 20.0
26.779366 85.93135 0.0238 0.0 21.0
26.779366 90.571075 0.0238 0.0 21.0
26.779366 85.93135 0.0239 0.0 21.0
29.010979 89.999146 0.0239 0.0 21.0
26.779366 85.93135 0.0240 1.0 21.0
26.779366 90.571075 0.0240 1.0 21.0
26.779366 90.571075 0.0241 0.0 22.0
29.010979 94.63887 0.0241 0.0 22.0
26.779366 90.571075 0.0242 0.0 22.0
26.779366 95.2108 0.0242 0.0 22.0
26.779366 95.2108 0.0243 0.0 23.0
24.547752 99.278595 0.0243 0.0 23.0
26.779366 95.2108 0.0244 0.0 23.0
26.779366 99.850525 0.0244 0.0 23.0
26.779366 85.93135 0.0245 1.0 21.0
29.010979 89.999146 0.0245 1.0 21.0
29.010979 89.999146 0.0246 0.0 22.0
32.924034 92.49215 0.0246 0.0 22.0
29.010979 89.999146 0.0247 0.0 22.0
31.242592 94.06694 0.0247 0.0 22.0
31.242592 94.06694 0.0248 0.0 23.0
31.242592 98.706665 0.0248 0.0 23.0
31.242592 94.06694 0.0249 0.0 23.0
33.474205 98.134735 0.0249 0.0 23.0
0.0 37.117813 0.0250 21.0 9.0
0.0 41.757538 0.0250 21.0 9.0
0.0 41.757538 0.0251 0.0 10.0
2.231614 45.825333 0.0251 0.0 10.0
0.0 41.757538 0.0252 20.0 10.0
0.0 46.397263 0.0252 20.0 10.0
0.0 46.397263 0.0253 0.0 11.0
-2.231614 50.465057 0.0253 0.0 11.0
0.0 46.397263 0.0254 0.0 11.0
0.0 51.036987 0.0254 0.0 11.0
0.0 46.397263 0.0255 1.0 11.0
2.231614 50.465057 0.0255 1.0 11.0
2.231614 50.465057 0.0256 0.0 12.0
6.144668 52.95806 0.0256 0.0 12.0
2.231614 50.465057 0.0257 0.0 12.0
4.463228 54.532852 0.0257 0.0 12.0
4.463228 54.532852 0.0258 0.0 13.0
4.463228 59.172577 0.0258 0.0 13.0
4.463228 54.532852 0.0259 0.0 13.0
6.6948423 58.600647 0.0259 0.0 13.0
0.0 46.397263 0.0260 19.0 11.0
0.0 51.036987 0.0260 19.0 11.0
0.0 51.036987 0.0261 0.0 12.0
2.231614 55.104782 0.0261 0.0 12.0
0.0 51.036987 0.0262 18.0 12.0
0.0 55.676712 0.0262 18.0 12.0
0.0 55.676712 0.0263 0.0 13.0
-2.231614 59.744507 0.0263 0.0 13.0
0.0 55.676712 0.0264 0.0 13.0
0.0 60.316437 0.0264 0.0 13.0
0.0 55.676712 0.0265 1.0 13.0
-2.231614 59.744507 0.0265 1.0 13.0
-2.231614 59.744507 0.0266 0.0 14.0
-2.231614 64.38423 0.0266 0.0 14.0
-2.231614 59.744507 0.0267 0.0 14.0
-4.463228 63.8123 0.0267 0.0 14.0
-4.463228 63.8123 0.0268 0.0 15.0
-8.376282 66.305305 0.0268 0.0 15.0
-4.463228 63.8123 0.0269 0.0 15.0
-6.6948423 67.8801 0.0269 0.0 15.0
0.0 55.676712 0.0270 1.0 13.0
0.0 60.316437 0.0270 1.0 13.0
0.0 60.316437 0.0271 0.0 14.0
2.231614 64.38423 0.0271 0.0 14.0
0.0 60.316437 0.0272 0.0 14.0
0.0 64.95616 0.0272 0.0 14.0
0.0 64.95616 0.0273 0.0 15.0
-2.231614 69.02396 0.0273 0.0 15.0
0.0 64.95616 0.0274 0.0 15.0
0.0 69.59589 0.0274 0.0 15.0
0.0 55.676712 0.0275 5.0 13.0
2.231614 59.744507 0.0275 5.0 13.0
2.231614 59.744507 0.0276 0.0 14.0
6.144668 62.23751 0.0276 0.0 14.0
2.231614 59.744507 0.0277 4.0 14.0
4.463228 63.8123 0.0277 4.0 14.0
4.463228 63.8123 0.0278 0.0 15.0
4.463228 68.45203 0.0278 0.0 15.0
4.463228 63.8123 0.0279 0.0 15.0
6.6948423 67.8801 0.0279 0.0 15.0
4.463228 63.8123 0.0280 1.0 15.0
8.376282 66.305305 0.0280 1.0 15.0
8.376282 66.305305 0.0281 0.0 16.0
13.006065 66.6089 0.0281 0.0 16.0
8.376282 66.305305 0.0282 0.0 16.0
12.289335 68.79831 0.0282 0.0 16.0
12.289335 68.79831 0.0283 0.0 17.0
14.520949 72.866104 0.0283 0.0 17.0
12.289335 68.79831 0.0284 0.0 17.0
16.202389 71.29131 0.0284 0.0 17.0
4.463228 63.8123 0.0285 3.0 15.0
6.6948423 67.8801 0.0285 3.0 15.0
6.6948423 67.8801 0.0286 0.0 16.0
10.607897 70.3731 0.0286 0.0 16.0
6.6948423 67.8801 0.0287 2.0 16.0
8.926456 71.94789 0.0287 2.0 16.0
8.926456 71.94789 0.0288 0.0 17.0
8.926456 76.587616 0.0288 0.0 17.0
8.926456 71.94789 0.0289 0.0 17.0
11.158071 76.015686 0.0289 0.0 17.0
8.926456 71.94789 0.0290 1.0 17.0
8.926456 76.587616 0.0290 1.0 17.0
8.926456 76.587616 0.0291 0.0 18.0
11.158071 80.65541 0.0291 0.0 18.0
8.926456 76.587616 0.0292 0.0 18.0
8.926456 81.22734 0.0292 0.0 18.0
8.926456 81.22734 0.0293 0.0 19.0
6.6948423 85.295135 0.0293 0.0 19.0
8.926456 81.22734 0.0294 0.0 19.0
8.926456 85.867065 0.0294 0.0 19.0
8.926456 71.94789 0.0295 1.0 17.0
11.158071 76.015686 0.0295 1.0 17.0
11.158071 76.015686 0.0296 0.0 18.0
15.071125 78.50869 0.0296 0.0 18.0
11.158071 76.015686 0.0297 0.0 18.0
13.389685 80.08348 0.0297 0.0 18.0
13.389685 80.08348 0.0298 0.0 19.0
13.389685 84.723206 0.0298 0.0 19.0
13.389685 80.08348 0.0299 0.0 19.0
15.621299 84.151276 0.0299 0.0 19.0
0.0 55.676712 0.0300 17.0 13.0
0.0 60.316437 0.0300 17.0 13.0
0.0 60.316437 0.0301 0.0 14.0
2.231614 64.38423 0.0301 0.0 14.0
0.0 60.316437 0.0302 16.0 14.0
0.0 64.95616 0.0302 16.0 14.0
0.0 64.95616 0.0303 0.0 15.0
-2.231614 69.02396 0.0303 0.0 15.0
0.0 64.95616 0.0304 0.0 15.0
0.0 69.59589 0.0304 0.0 15.0
0.0 64.95616 0.0305 1.0 15.0
2.231614 69.02396 0.0305 1.0 15.0
2.231614 69.02396 0.0306 0.0 16.0
6.144668 71.51696 0.0306 0.0 16.0
2.231614 69.02396 0.0307 0.0 16.0
4.463228 73.09175 0.0307 0.0 16.0
4.463228 73.09175 0.0308 0.0 17.0
4.463228 77.731476 0.0308 0.0 17.0
4.463228 73.09175 0.0309 0.0 17.0
6.6948423 77.159546 0.0309 0.0 17.0
0.0 64.95616 0.0310 15.0 15.0
0.0 69.59589 0.0310 15.0 15.0
0.0 69.59589 0.0311 0.0 16.0
2.231614 73.66368 0.0311 0.0 16.0
0.0 69.59589 0.0312 14.0 16.0
0.0 74.23561 0.0312 14.0 16.0
0.0 74.23561 0.0313 0.0 17.0
-2.231614 78.303406 0.0313 0.0 17.0
0.0 74.23561 0.0314 0.0 17.0
0.0 78.875336 0.0314 0.0 17.0
0.0 74.23561 0.0315 1.0 17.0
-2.231614 78.303406 0.0315 1.0 17.0
-2.231614 78.303406 0.0316 0.0 18.0
-2.231614 82.94313 0.0316 0.0 18.0
-2.231614 78.303406 0.0317 0.0 18.0
-4.463228 82.3712 0.0317 0.0 18.0
-4.463228 82.3712 0.0318 0.0 19.0
-8.376282 84.864204 0.0318 0.0 19.0
-4.463228 82.3712 0.0319 0.0 19.0
-6.6948423 86.438995 0.0319 0.0 19.0
0.0 74.23561 0.0320 1.0 17.0
0.0 78.875336 0.0320 1.0 17.0
0.0 78.875336 0.0321 0.0 18.0
2.231614 82.94313 0.0321 0.0 18.0
0.0 78.875336 0.0322 0.0 18.0
0.0 83.51506 0.0322 0.0 18.0
0.0 83.51506 0.0323 0.0 19.0
-2.231614 87.582855 0.0323 0.0 19.0
0.0 83.51506 0.0324 0.0 19.0
0.0 88.154785 0.0324 0.0 19.0
0.0 74.23561 0.0325 5.0 17.0
2.231614 78.303406 0.0325 5.0 17.0
2.231614 78.303406 0.0326 0.0 18.0
6.144668 80.79641 0.0326 0.0 18.0
2.231614 78.303406 0.0327 4.0 18.0
4.463228 82.3712 0.0327 4.0 18.0
4.463228 82.3712 0.0328 0.0 19.0
4.463228 87.010925 0.0328 0.0 19.0
4.463228 82.3712 0.0329 0.0 19.0
6.6948423 86.438995 0.0329 0.0 19.0
4.463228 82.3712 0.0330 1.0 19.0
8.376282 84.864204 0.0330 1.0 19.0
8.376282 84.864204 0.0331 0.0 20.0
13.006065 85.1678 0.0331 0.0 20.0
8.376282 84.864204 0.0332 0.0 20.0
12.289335 87.35721 0.0332 0.0 20.0
12.289335 87.35721 0.0333 0.0 21.0
14.520949 91.425 0.0333 0.0 21.0
12.289335 87.35721 0.0334 0.0 21.0
16.202389 89.85021 0.0334 0.0 21.0
4.463228 82.3712 0.0335 3.0 19.0
6.6948423 86.438995 0.0335 3.0 19.0
6.6948423 86.438995 0.0336 0.0 20.0
10.607897 88.932 0.0336 0.0 20.0
6.6948423 86.438995 0.0337 2.0 20.0
8.926456 90.50679 0.0337 2.0 20.0
8.926456 90.50679 0.0338 0.0 21.0
8.926456 95.146515 0.0338 0.0 21.0
8.926456 90.50679 0.0339 0.0 21.0
11.158071 94.574585 0.0339 0.0 21.0
8.926456 90.50679 0.0340 1.0 21.0
8.926456 95.146515 0.0340 1.0 21.0
8.926456 95.146515 0.0341 0.0 22.0
11.158071 99.21431 0.0341 0.0 22.0
8.926456 95.146515 0.0342 0.0 22.0
8.926456 99.78624 0.0342 0.0 22.0
8.926456 99.78624 0.0343 0.0 23.0
6.6948423 103.854034 0.0343 0.0 23.0
8.926456 99.78624 0.0344 0.0 23.0
8.926456 104.425964 0.0344 0.0 23.0
8.926456 90.50679 0.0345 1.0 21.0
11.158071 94.574585 0.0345 1.0 21.0
11.158071 94.574585 0.0346 0.0 22.0
15.071125 97.06759 0.0346 0.0 22.0
11.158071 94.574585 0.0347 0.0 22.0
13.389685 98.64238 0.0347 0.0 22.0
13.389685 98.64238 0.0348 0.0 23.0
13.389685 103.282104 0.0348 0.0 23.0
13.389685 98.64238 0.0349 0.0 23.0
15.621299 102.710175 0.0349 0.0 23.0
0.0 74.23561 0.0350 5.0 17.0
0.0 78.875336 0.0350 5.0 17.0
0.0 78.875336 0.0351 0.0 18.0
2.231614 82.94313 0.0351 0.0 18.0
0.0 78.875336 0.0352 4.0 18.0
0.0 83.51506 0.0352 4.0 18.0
0.0 83.51506 0.0353 0.0 19.0
-2.231614 87.582855 0.0353 0.0 19.0
0.0 83.51506 0.0354 0.0 19.0
0.0 88.154785 0.0354 0.0 19.0
0.0 83.51506 0.0355 1.0 19.0
2.231614 87.582855 0.0355 1.0 19.0
2.231614 87.582855 0.0356 0.0 20.0
6.144668 90.07586 0.0356 0.0 20.0
2.231614 87.582855 0.0357 0.0 20.0
4.463228 91.65065 0.0357 0.0 20.0
4.463228 91.65065 0.0358 0.0 21.0
4.463228 96.290375 0.0358 0.0 21.0
4.463228 91.65065 0.0359 0.0 21.0
6.6948423 95.718445 0.0359 0.0 21.0
0.0 83.51506 0.0360 3.0 19.0
0.0 88.154785 0.0360 3.0 19.0
0.0 88.154785 0.0361 0.0 20.0
2.231614 92.22258 0.0361 0.0 20.0
0.0 88.154785 0.0362 2.0 20.0
0.0 92.79451 0.0362 2.0 20.0
0.0 92.79451 0.0363 0.0 21.0
-2.231614 96.862305 0.0363 0.0 21.0
0.0 92.79451 0.0364 0.0 21.0
0.0 97.434235 0.0364 0.0 21.0
0.0 92.79451 0.0365 1.0 21.0
-2.231614 96.862305 0.0365 1.0 21.0
-2.231614 96.862305 0.0366 0.0 22.0
-2.231614 101.50203 0.0366 0.0 22.0
-2.231614 96.862305 0.0367 0.0 22.0
-4.463228 100.9301 0.0367 0.0 22.0
-4.463228 100.9301 0.0368 0.0 23.0
-8.376282 103.4231 0.0368 0.0 23.0
-4.463228 100.9301 0.0369 0.0 23.0
-6.6948423 104.997894 0.0369 0.0 23.0
0.0 92.79451 0.0370 1.0 21.0
0.0 97.434235 0.0370 1.0 21.0
0.0 97.434235 0.0371 0.0 22.0
2.231614 101.50203 0.0371 0.0 22.0
0.0 97.434235 0.0372 0.0 22.0
0.0 102.07396 0.0372 0.0 22.0
0.0 102.07396 0.0373 0.0 23.0
-2.231614 106.141754 0.0373 0.0 23.0
0.0 102.07396 0.0374 0.0 23.0
0.0 106.713684 0.0374 0.0 23.0
0.0 74.23561 0.0375 13.0 17.0
-2.231614 78.303406 0.0375 13.0 17.0
-2.231614 78.303406 0.0376 0.0 18.0
-2.231614 82.94313 0.0376 0.0 18.0
-2.231614 78.303406 0.0377 12.0 18.0
-4.463228 82.3712 0.0377 12.0 18.0
-4.463228 82.3712 0.0378 0.0 19.0
-8.376282 84.864204 0.0378 0.0 19.0
-4.463228 82.3712 0.0379 0.0 19.0
-6.6948423 86.438995 0.0379 0.0 19.0
-4.463228 82.3712 0.0380 1.0 19.0
-4.463228 87.010925 0.0380 1.0 19.0
-4.463228 87.010925 0.0381 0.0 20.0
-2.231614 91.07872 0.0381 0.0 20.0
-4.463228 87.010925 0.0382 0.0 20.0
-4.463228 91.65065 0.0382 0.0 20.0
-4.463228 91.65065 0.0383 0.0 21.0
-6.6948423 95.718445 0.0383 0.0 21.0
-4.463228 91.65065 0.0384 0.0 21.0
-4.463228 96.290375 0.0384 0.0 21.0
-4.463228 82.3712 0.0385 11.0 19.0
-6.6948423 86.438995 0.0385 11.0 19.0
-6.6948423 86.438995 0.0386 0.0 20.0
-6.6948423 91.07872 0.0386 0.0 20.0
-6.6948423 86.438995 0.0387 10.0 20.0
-8.926456 90.50679 0.0387 10.0 20.0
-8.926456 90.50679 0.0388 0.0 21.0
-12.83951 92.999794 0.0388 0.0 21.0
-8.926456 90.50679 0.0389 0.0 21.0
-11.158071 94.574585 0.0389 0.0 21.0
-8.926456 90.50679 0.0390 1.0 21.0
-12.83951 92.999794 0.0390 1.0 21.0
-12.83951 92.999794 0.0391 0.0 22.0
-15.071124 97.06759 0.0391 0.0 22.0
-12.83951 92.999794 0.0392 0.0 22.0
-16.752563 95.4928 0.0392 0.0 22.0
-16.752563 95.4928 0.0393 0.0 23.0
-21.382347 95.796394 0.0393 0.0 23.0
-16.752563 95.4928 0.0394 0.0 23.0
-20.665617 97.9858 0.0394 0.0 23.0
-8.926456 90.50679 0.0395 1.0 21.0
-11.158071 94.574585 0.0395 1.0 21.0
-11.158071 94.574585 0.0396 0.0 22.0
-11.158071 99.21431 0.0396 0.0 22.0
-11.158071 94.574585 0.0397 0.0 22.0
-13.389685 98.64238 0.0397 0.0 22.0
-13.389685 98.64238 0.0398 0.0 23.0
-17.302738 101.13538 0.0398 0.0 23.0
-13.389685 98.64238 0.0399 0.0 23.0
-15.621299 102.710175 0.0399 0.0 23.0
-8.926456 90.50679 0.0400 5.0 21.0
-8.926456 95.146515 0.0400 5.0 21.0
-8.926456 95.146515 0.0401 0.0 22.0
-6.6948423 99.21431 0.0401 0.0 22.0
-8.926456 95.146515 0.0402 4.0 22.0
-8.926456 99.78624 0.0402 4.0 22.0
-8.926456 99.78624 0.0403 0.0 23.0
-11.158071 103.854034 0.0403 0.0 23.0
-8.926456 99.78624 0.0404 0.0 23.0
-8.926456 104.425964 0.0404 0.0 23.0
-8.926456 99.78624 0.0405 1.0 23.0
-6.6948423 103.854034 0.0405 1.0 23.0
-6.6948423 103.854034 0.0406 0.0 24.0
-2.7817883 106.34704 0.0406 0.0 24.0
-6.6948423 103.854034 0.0407 0.0 24.0
-4.463228 107.92183 0.0407 0.0 24.0
-4.463228 107.92183 0.0408 0.0 25.0
-4.463228 112.561554 0.0408 0.0 25.0
-4.463228 107.92183 0.0409 0.0 25.0
-2.231614 111.989624 0.0409 0.0 25.0
-8.926456 99.78624 0.0410 3.0 23.0
-8.926456 104.425964 0.0410 3.0 23.0
-8.926456 104.425964 0.0411 0.0 24.0
-6.6948423 108.49376 0.0411 0.0 24.0
-8.926456 104.425964 0.0412 2.0 24.0
-8.926456 109.06569 0.0412 2.0 24.0
-8.926456 109.06569 0.0413 0.0 25.0
-11.158071 113.133484 0.0413 0.0 25.0
-8.926456 109.06569 0.0414 0.0 25.0
-8.926456 113.705414 0.0414 0.0 25.0
-8.926456 109.06569 0.0415 1.0 25.0
-11.158071 113.133484 0.0415 1.0 25.0
-11.158071 113.133484 0.0416 0.0 26.0
-11.158071 117.77321 0.0416 0.0 26.0
-11.158071 113.133484 0.0417 0.0 26.0
-13.389685 117.20128 0.0417 0.0 26.0
-13.389685 117.20128 0.0418 0.0 27.0
-17.302738 119.69428 0.0418 0.0 27.0
-13.389685 117.20128 0.0419 0.0 27.0
-15.621299 121.26907 0.0419 0.0 27.0
-8.926456 109.06569 0.0420 1.0 25.0
-8.926456 113.705414 0.0420 1.0 25.0
-8.926456 113.705414 0.0421 0.0 26.0
-6.6948423 117.77321 0.0421 0.0 26.0
-8.926456 113.705414 0.0422 0.0 26.0
-8.926456 118.34514 0.0422 0.0 26.0
-8.926456 118.34514 0.0423 0.0 27.0
-11.158071 122.41293 0.0423 0.0 27.0
-8.926456 118.34514 0.0424 0.0 27.0
-8.926456 122.98486 0.0424 0.0 27.0
-8.926456 90.50679 0.0425 9.0 21.0
-11.158071 94.574585 0.0425 9.0 21.0
-11.158071 94.574585 0.0426 0.0 22.0
-11.158071 99.21431 0.0426 0.0 22.0
-11.158071 94.574585 0.0427 8.0 22.0
-13.389685 98.64238 0.0427 8.0 22.0
-13.389685 98.64238 0.0428 0.0 23.0
-17.302738 101.13538 0.0428 0.0 23.0
-13.389685 98.64238 0.0429 0.0 23.0
-15.621299 102.710175 0.0429 0.0 23.0
-13.389685 98.64238 0.0430 1.0 23.0
-13.389685 103.282104 0.0430 1.0 23.0
-13.389685 103.282104 0.0431 0.0 24.0
-11.158071 107.3499 0.0431 0.0 24.0
-13.389685 103.282104 0.0432 0.0 24.0
-13.389685 107.92183 0.0432 0.0 24.0
-13.389685 107.92183 0.0433 0.0 25.0
-15.621299 111.989624 0.0433 0.0 25.0
-13.389685 107.92183 0.0434 0.0 25.0
-13.389685 112.561554 0.0434 0.0 25.0
-13.389685 98.64238 0.0435 7.0 23.0
-15.621299 102.710175 0.0435 7.0 23.0
-15.621299 102.710175 0.0436 0.0 24.0
-15.621299 107.3499 0.0436 0.0 24.0
-15.621299 102.710175 0.0437 6.0 24.0
-17.852913 106.77797 0.0437 6.0 24.0
-17.852913 106.77797 0.0438 0.0 25.0
-21.765966 109.27097 0.0438 0.0 25.0
-17.852913 106.77797 0.0439 0.0 25.0
-20.084526 110.845764 0.0439 0.0 25.0
-17.852913 106.77797 0.0440 1.0 25.0
-21.765966 109.27097 0.0440 1.0 25.0
-21.765966 109.27097 0.0441 0.0 26.0
-23.997581 113.33877 0.0441 0.0 26.0
-21.765966 109.27097 0.0442 0.0 26.0
-25.67902 111.76398 0.0442 0.0 26.0
-25.67902 111.76398 0.0443 0.0 27.0
-30.308804 112.06757 0.0443 0.0 27.0
-25.67902 111.76398 0.0444 0.0 27.0
-29.592073 114.25698 0.0444 0.0 27.0
-17.852913 106.77797 0.0445 1.0 25.0
-20.084526 110.845764 0.0445 1.0 25.0
-20.084526 110.845764 0.0446 0.0 26.0
-20.084526 115.48549 0.0446 0.0 26.0
-20.084526 110.845764 0.0447 0.0 26.0
-22.31614 114.91356 0.0447 0.0 26.0
-22.31614 114.91356 0.0448 0.0 27.0
-26.229193 117.40656 0.0448 0.0 27.0
-22.31614 114.91356 0.0449 0.0 27.0
-24.547752 118.98135 0.0449 0.0 27.0
-17.852913 106.77797 0.0450 5.0 25.0
-17.852913 111.417694 0.0450 5.0 25.0
-17.852913 111.417694 0.0451 0.0 26.0
-15.621299 115.48549 0.0451 0.0 26.0
-17.852913 111.417694 0.0452 4.0 26.0
-17.852913 116.05742 0.0452 4.0 26.0
-17.852913 116.05742 0.0453 0.0 27.0
-20.084526 120.12521 0.0453 0.0 27.0
-17.852913 116.05742 0.0454 0.0 27.0
-17.852913 120.69714 0.0454 0.0 27.0
-17.852913 116.05742 0.0455 1.0 27.0
-15.621299 120.12521 0.0455 1.0 27.0
-15.621299 120.12521 0.0456 0.0 28.0
-11.708244 122.61822 0.0456 0.0 28.0
-15.621299 120.12521 0.0457 0.0 28.0
-13.389685 124.19301 0.0457 0.0 28.0
-13.389685 124.19301 0.0458 0.0 29.0
-13.389685 128.83273 0.0458 0.0 29.0
-13.389685 124.19301 0.0459 0.0 29.0
-11.158071 128.2608 0.0459 0.0 29.0
-17.852913 116.05742 0.0460 3.0 27.0
-17.852913 120.69714 0.0460 3.0 27.0
-17.852913 120.69714 0.0461 0.0 28.0
-15.621299 124.76494 0.0461 0.0 28.0
-17.852913 120.69714 0.0462 2.0 28.0
-17.852913 125.33687 0.0462 2.0 28.0
-17.852913 125.33687 0.0463 0.0 29.0
-20.084526 129.40466 0.0463 0.0 29.0
-17.852913 125.33687 0.0464 0.0 29.0
-17.852913 129.9766 0.0464 0.0 29.0
-17.852913 125.33687 0.0465 1.0 29.0
-20.084526 129.40466 0.0465 1.0 29.0
-20.084526 129.40466 0.0466 0.0 30.0
-20.084526 134.04439 0.0466 0.0 30.0
-20.084526 129.40466 0.0467 0.0 30.0
-22.31614 133.47246 0.0467 0.0 30.0
-22.31614 133.47246 0.0468 0.0 31.0
-26.229193 135.96547 0.0468 0.0 31.0
-22.31614 133.47246 0.0469 0.0 31.0
-24.547752 137.54025 0.0469 0.0 31.0
-17.852913 125.33687 0.0470 1.0 29.0
-17.852913 129.9766 0.0470 1.0 29.0
-17.852913 129.9766 0.0471 0.0 30.0
-15.621299 134.04439 0.0471 0.0 30.0
-17.852913 129.9766 0.0472 0.0 30.0
-17.852913 134.61632 0.0472 0.0 30.0
-17.852913 134.61632 0.0473 0.0 31.0
-20.084526 138.68411 0.0473 0.0 31.0
-17.852913 134.61632 0.0474 0.0 31.0
-17.852913 139.25604 0.0474 0.0 31.0
-17.852913 106.77797 0.0475 5.0 25.0
-20.084526 110.845764 0.0475 5.0 25.0
-20.084526 110.845764 0.0476 0.0 26.0
-20.084526 115.48549 0.0476 0.0 26.0
-20.084526 110.845764 0.0477 4.0 26.0
-22.31614 114.91356 0.0477 4.0 26.0
-22.31614 114.91356 0.0478 0.0 27.0
-26.229193 117.40656 0.0478 0.0 27.0
-22.31614 114.91356 0.0479 0.0 27.0
-24.547752 118.98135 0.0479 0.0 27.0
-22.31614 114.91356 0.0480 1.0 27.0
-22.31614 119.55328 0.0480 1.0 27.0
-22.31614 119.55328 0.0481 0.0 28.0
-20.084526 123.62108 0.0481 0.0 28.0
-22.31614 119.55328 0.0482 0.0 28.0
-22.31614 124.19301 0.0482 0.0 28.0
-22.31614 124.19301 0.0483 0.0 29.0
-24.547752 128.2608 0.0483 0.0 29.0
-22.31614 124.19301 0.0484 0.0 29.0
-22.31614 128.83273 0.0484 0.0 29.0
-22.31614 114.91356 0.0485 3.0 27.0
-24.547752 118.98135 0.0485 3.0 27.0
-24.547752 118.98135 0.0486 0.0 28.0
-24.547752 123.62108 0.0486 0.0 28.0
-24.547752 118.98135 0.0487 2.0 28.0
-26.779366 123.04915 0.0487 2.0 28.0
-26.779366 123.04915 0.0488 0.0 29.0
-30.69242 125.54215 0.0488 0.0 29.0
-26.779366 123.04915 0.0489 0.0 29.0
-29.010979 127.11694 0.0489 0.0 29.0
-26.779366 123.04915 0.0490 1.0 29.0
-30.69242 125.54215 0.0490 1.0 29.0
-30.69242 125.54215 0.0491 0.0 30.0
-32.924034 129.60995 0.0491 0.0 30.0
-30.69242 125.54215 0.0492 0.0 30.0
-34.605473 128.03516 0.0492 0.0 30.0
-34.605473 128.03516 0.0493 0.0 31.0
-39.235256 128.33876 0.0493 0.0 31.0
-34.605473 128.03516 0.0494 0.0 31.0
-38.518528 130.52817 0.0494 0.0 31.0
-26.779366 123.04915 0.0495 1.0 29.0
-29.010979 127.11694 0.0495 1.0 29.0
-29.010979 127.11694 0.0496 0.0 30.0
-29.010979 131.75667 0.0496 0.0 30.0
-29.010979 127.11694 0.0497 0.0 30.0
-31.242592 131.18474 0.0497 0.0 30.0
-31.242592 131.18474 0.0498 0.0 31.0
-35.155647 133.67775 0.0498 0.0 31.0
-31.242592 131.18474 0.0499 0.0 31.0
-33.474205 135.25253 0.0499 0.0 31.0
0.0 74.23561 0.0500 13.0 17.0
0.0 78.875336 0.0500 13.0 17.0
0.0 78.875336 0.0501 0.0 18.0
2.231614 82.94313 0.0501 0.0 18.0
0.0 78.875336 0.0502 12.0 18.0
0.0 83.51506 0.0502 12.0 18.0
0.0 83.51506 0.0503 0.0 19.0
-2.231614 87.582855 0.0503 0.0 19.0
0.0 83.51506 0.0504 0.0 19.0
0.0 88.154785 0.0504 0.0 19.0
0.0 83.51506 0.0505 1.0 19.0
2.231614 87.582855 0.0505 1.0 19.0
2.231614 87.582855 0.0506 0.0 20.0
6.144668 90.07586 0.0506 0.0 20.0
2.231614 87.582855 0.0507 0.0 20.0
4.463228 91.65065 0.0507 0.0 20.0
4.463228 91.65065 0.0508 0.0 21.0
4.463228 96.290375 0.0508 0.0 21.0
4.463228 91.65065 0.0509 0.0 21.0
6.6948423 95.718445 0.0509 0.0 21.0
0.0 83.51506 0.0510 11.0 19.0
0.0 88.154785 0.0510 11.0 19.0
0.0 88.154785 0.0511 0.0 20.0
2.231614 92.22258 0.0511 0.0 20.0
0.0 88.154785 0.0512 10.0 20.0
0.0 92.79451 0.0512 10.0 20.0
0.0 92.79451 0.0513 0.0 21.0
-2.231614 96.862305 0.0513 0.0 21.0
0.0 92.79451 0.0514 0.0 21.0
0.0 97.434235 0.0514 0.0 21.0
0.0 92.79451 0.0515 1.0 21.0
-2.231614 96.862305 0.0515 1.0 21.0
-2.231614 96.862305 0.0516 0.0 22.0
-2.231614 101.50203 0.0516 0.0 22.0
-2.231614 96.862305 0.0517 0.0 22.0
-4.463228 100.9301 0.0517 0.0 22.0
-4.463228 100.9301 0.0518 0.0 23.0
-8.376282 103.4231 0.0518 0.0 23.0
-4.463228 100.9301 0.0519 0.0 23.0
-6.6948423 104.997894 0.0519 0.0 23.0
0.0 92.79451 0.0520 1.0 21.0
0.0 97.434235 0.0520 1.0 21.0
0.0 97.434235 0.0521 0.0 22.0
2.231614 101.50203 0.0521 0.0 22.0
0.0 97.434235 0.0522 0.0 22.0
0.0 102.07396 0.0522 0.0 22.0
0.0 102.07396 0.0523 0.0 23.0
-2.231614 106.141754 0.0523 0.0 23.0
0.0 102.07396 0.0524 0.0 23.0
0.0 106.713684 0.0524 0.0 23.0
0.0 92.79451 0.0525 5.0 21.0
2.231614 96.862305 0.0525 5.0 21.0
2.231614 96.862305 0.0526 0.0 22.0
6.144668 99.35531 0.0526 0.0 22.0
2.231614 96.862305 0.0527 4.0 22.0
4.463228 100.9301 0.0527 4.0 22.0
4.463228 100.9301 0.0528 0.0 23.0
4.463228 105.569824 0.0528 0.0 23.0
4.463228 100.9301 0.0529 0.0 23.0
6.6948423 104.997894 0.0529 0.0 23.0
4.463228 100.9301 0.0530 1.0 23.0
8.376282 103.4231 0.0530 1.0 23.0
8.376282 103.4231 0.0531 0.0 24.0
13.006065 103.7267 0.0531 0.0 24.0
8.376282 103.4231 0.0532 0.0 24.0
12.289335 105.91611 0.0532 0.0 24.0
12.289335 105.91611 0.0533 0.0 25.0
14.520949 109.9839 0.0533 0.0 25.0
12.289335 105.91611 0.0534 0.0 25.0
16.202389 108.40911 0.0534 0.0 25.0
4.463228 100.9301 0.0535 3.0 23.0
6.6948423 104.997894 0.0535 3.0 23.0
6.6948423 104.997894 0.0536 0.0 24.0
10.607897 107.4909 0.0536 0.0 24.0
6.6948423 104.997894 0.0537 2.0 24.0
8.926456 109.06569 0.0537 2.0 24.0
8.926456 109.06569 0.0538 0.0 25.0
8.926456 113.705414 0.0538 0.0 25.0
8.926456 109.06569 0.0539 0.0 25.0
11.158071 113.133484 0.0539 0.0 25.0
8.926456 109.06569 0.0540 1.0 25.0
8.926456 113.705414 0.0540 1.0 25.0
8.926456 113.705414 0.0541 0.0 26.0
11.158071 117.77321 0.0541 0.0 26.0
8.926456 113.705414 0.0542 0.0 26.0
8.926456 118.34514 0.0542 0.0 26.0
8.926456 118.34514 0.0543 0.0 27.0
6.6948423 122.41293 0.0543 0.0 27.0
8.926456 118.34514 0.0544 0.0 27.0
8.926456 122.98486 0.0544 0.0 27.0
8.926456 109.06569 0.0545 1.0 25.0
11.158071 113.133484 0.0545 1.0 25.0
11.158071 113.133484 0.0546 0.0 26.0
15.071125 115.62649 0.0546 0.0 26.0
11.158071 113.133484 0.0547 0.0 26.0
13.389685 117.20128 0.0547 0.0 26.0
13.389685 117.20128 0.0548 0.0 27.0
13.389685 121.841 0.0548 0.0 27.0
13.389685 117.20128 0.0549 0.0 27.0
15.621299 121.26907 0.0549 0.0 27.0
0.0 92.79451 0.0550 9.0 21.0
0.0 97.434235 0.0550 9.0 21.0
0.0 97.434235 0.0551 0.0 22.0
2.231614 101.50203 0.0551 0.0 22.0
0.0 97.434235 0.0552 8.0 22.0
0.0 102.07396 0.0552 8.0 22.0
0.0 102.07396 0.0553 0.0 23.0
-2.231614 106.141754 0.0553 0.0 23.0
0.0 102.07396 0.0554 0.0 23.0
0.0 106.713684 0.0554 0.0 23.0
0.0 102.07396 0.0555 1.0 23.0
2.231614 106.141754 0.0555 1.0 23.0
2.231614 106.141754 0.0556 0.0 24.0
6.144668 108.63476 0.0556 0.0 24.0
2.231614 106.141754 0.0557 0.0 24.0
4.463228 110.20955 0.0557 0.0 24.0
4.463228 110.20955 0.0558 0.0 25.0
4.463228 114.84927 0.0558 0.0 25.0
4.463228 110.20955 0.0559 0.0 25.0
6.6948423 114.27734 0.0559 0.0 25.0
0.0 102.07396 0.0560 7.0 23.0
0.0 106.713684 0.0560 7.0 23.0
0.0 106.713684 0.0561 0.0 24.0
2.231614 110.78148 0.0561 0.0 24.0
0.0 106.713684 0.0562 6.0 24.0
0.0 111.35341 0.0562 6.0 24.0
0.0 111.35341 0.0563 0.0 25.0
-2.231614 115.4212 0.0563 0.0 25.0
0.0 111.35341 0.0564 0.0 25.0
0.0 115.99313 0.0564 0.0 25.0
0.0 111.35341 0.0565 1.0 25.0
-2.231614 115.4212 0.0565 1.0 25.0
-2.231614 115.4212 0.0566 0.0 26.0
-2.231614 120.06093 0.0566 0.0 26.0
-2.231614 115.4212 0.0567 0.0 26.0
-4.463228 119.489 0.0567 0.0 26.0
-4.463228 119.489 0.0568 0.0 27.0
-8.376282 121.982 0.0568 0.0 27.0
-4.463228 119.489 0.0569 0.0 27.0
-6.6948423 123.55679 0.0569 0.0 27.0
0.0 111.35341 0.0570 1.0 25.0
0.0 115.99313 0.0570 1.0 25.0
0.0 115.99313 0.0571 0.0 26.0
2.231614 120.06093 0.0571 0.0 26.0
0.0 115.99313 0.0572 0.0 26.0
0.0 120.63286 0.0572 0.0 26.0
0.0 120.63286 0.0573 0.0 27.0
-2.231614 124.70065 0.0573 0.0 27.0
0.0 120.63286 0.0574 0.0 27.0
0.0 125.27258 0.0574 0.0 27.0
0.0 111.35341 0.0575 5.0 25.0
2.231614 115.4212 0.0575 5.0 25.0
2.231614 115.4212 0.0576 0.0 26.0
6.144668 117.91421 0.0576 0.0 26.0
2.231614 115.4212 0.0577 4.0 26.0
4.463228 119.489 0.0577 4.0 26.0
4.463228 119.489 0.0578 0.0 27.0
4.463228 124.12872 0.0578 0.0 27.0
4.463228 119.489 0.0579 0.0 27.0
6.6948423 123.55679 0.0579 0.0 27.0
4.463228 119.489 0.0580 1.0 27.0
8.376282 121.982 0.0580 1.0 27.0
8.376282 121.982 0.0581 0.0 28.0
13.006065 122.2856 0.0581 0.0 28.0
8.376282 121.982 0.0582 0.0 28.0
12.289335 124.475006 0.0582 0.0 28.0
12.289335 124.475006 0.0583 0.0 29.0
14.520949 128.5428 0.0583 0.0 29.0
12.289335 124.475006 0.0584 0.0 29.0
16.202389 126.96801 0.0584 0.0 29.0
4.463228 119.489 0.0585 3.0 27.0
6.6948423 123.55679 0.0585 3.0 27.0
6.6948423 123.55679 0.0586 0.0 28.0
10.607897 126.0498 0.0586 0.0 28.0
6.6948423 123.55679 0.0587 2.0 28.0
8.926456 127.62459 0.0587 2.0 28.0
8.926456 127.62459 0.0588 0.0 29.0
8.926456 132.26431 0.0588 0.0 29.0
8.926456 127.62459 0.0589 0.0 29.0
11.158071 131.69238 0.0589 0.0 29.0
8.926456 127.62459 0.0590 1.0 29.0
8.926456 132.26431 0.0590 1.0 29.0
8.926456 132.26431 0.0591 0.0 30.0
11.158071 136.3321 0.0591 0.0 30.0
8.926456 132.26431 0.0592 0.0 30.0
8.926456 136.90404 0.0592 0.0 30.0
8.926456 136.90404 0.0593 0.0 31.0
6.6948423 140.97183 0.0593 0.0 31.0
8.926456 136.90404 0.0594 0.0 31.0
8.926456 141.54376 0.0594 0.0 31.0
8.926456 127.62459 0.0595 1.0 29.0
11.158071 131.69238 0.0595 1.0 29.0
11.158071 131.69238 0.0596 0.0 30.0
15.071125 134.1854 0.0596 0.0 30.0
11.158071 131.69238 0.0597 0.0 30.0
13.389685 135.76018 0.0597 0.0 30.0
13.389685 135.76018 0.0598 0.0 31.0
13.389685 140.3999 0.0598 0.0 31.0
13.389685 135.76018 0.0599 0.0 31.0
15.621299 139.82797 0.0599 0.0 31.0
0.0 111.35341 0.0600 5.0 25.0
0.0 115.99313 0.0600 5.0 25.0
0.0 115.99313 0.0601 0.0 26.0
2.231614 120.06093 0.0601 0.0 26.0
0.0 115.99313 0.0602 4.0 26.0
0.0 120.63286 0.0602 4.0 26.0
0.0 120.63286 0.0603 0.0 27.0
-2.231614 124.70065 0.0603 0.0 27.0
0.0 120.63286 0.0604 0.0 27.0
0.0 125.27258 0.0604 0.0 27.0
0.0 120.63286 0.0605 1.0 27.0
2.231614 124.70065 0.0605 1.0 27.0
2.231614 124.70065 0.0606 0.0 28.0
6.144668 127.19366 0.0606 0.0 28.0
2.231614 124.70065 0.0607 0.0 28.0
4.463228 128.76845 0.0607 0.0 28.0
4.463228 128.76845 0.0608 0.0 29.0
4.463228 133.40817 0.0608 0.0 29.0
4.463228 128.76845 0.0609 0.0 29.0
6.6948423 132.83624 0.0609 0.0 29.0
0.0 120.63286 0.0610 3.0 27.0
0.0 125.27258 0.0610 3.0 27.0
0.0 125.27258 0.0611 0.0 28.0
2.231614 129.34038 0.0611 0.0 28.0
0.0 125.27258 0.0612 2.0 28.0
0.0 129.91231 0.0612 2.0 28.0
0.0 129.91231 0.0613 0.0 29.0
-2.231614 133.9801 0.0613 0.0 29.0
0.0 129.91231 0.0614 0.0 29.0
0.0 134.55203 0.0614 0.0 29.0
0.0 129.91231 0.0615 1.0 29.0
-2.231614 133.9801 0.0615 1.0 29.0
-2.231614 133.9801 0.0616 0.0 30.0
-2.231614 138.61983 0.0616 0.0 30.0
-2.231614 133.9801 0.0617 0.0 30.0
-4.463228 138.0479 0.0617 0.0 30.0
-4.463228 138.0479 0.0618 0.0 31.0
-8.376282 140.54091 0.0618 0.0 31.0
-4.463228 138.0479 0.0619 0.0 31.0
-6.6948423 142.11569 0.0619 0.0 31.0
0.0 129.91231 0.0620 1.0 29.0
0.0 134.55203 0.0620 1.0 29.0
0.0 134.55203 0.0621 0.0 30.0
2.231614 138.61983 0.0621 0.0 30.0
0.0 134.55203 0.0622 0.0 30.0
0.0 139.19176 0.0622 0.0 30.0
0.0 139.19176 0.0623 0.0 31.0
-2.231614 143.25955 0.0623 0.0 31.0
0.0 139.19176 0.0624 0.0 31.0
0.0 143.83148 0.0624 0.0 31.0
