0.0 0.0 0.00 43.0 1.0
0.0 3.6005104 0.00 43.0 1.0
0.0 3.6005104 0.01 42.0 2.0
0.0 7.2010207 0.01 42.0 2.0
0.0 7.2010207 0.02 41.0 3.0
0.0 10.801531 0.02 41.0 3.0
0.0 10.801531 0.03 40.0 4.0
0.0 14.402041 0.03 40.0 4.0
0.0 14.402041 0.04 39.0 5.0
0.0 18.002552 0.04 39.0 5.0
0.0 18.002552 0.05 38.0 6.0
0.0 21.603062 0.05 38.0 6.0
0.0 21.603062 0.06 37.0 7.0
0.0 25.203571 0.06 37.0 7.0
0.0 25.203571 0.07 36.0 8.0
0.0 28.804081 0.07 36.0 8.0
0.0 28.804081 0.08 19.0 9.0
1.6492275 32.00466 0.08 19.0 9.0
1.6492275 32.00466 0.09 18.0 10.0
3.298455 35.205242 0.09 18.0 10.0
3.298455 35.205242 0.010 17.0 11.0
4.9476824 38.405823 0.010 17.0 11.0
4.9476824 38.405823 0.011 16.0 12.0
6.59691 41.606403 0.011 16.0 12.0
6.59691 41.606403 0.012 7.0 13.0
9.528988 43.696045 0.012 7.0 13.0
9.528988 43.696045 0.013 6.0 14.0
12.461065 45.785686 0.013 6.0 14.0
12.461065 45.785686 0.014 1.0 15.0
16.024628 46.30017 0.014 1.0 15.0
16.024628 46.30017 0.015 0.0 16.0
19.58819 46.814655 0.015 0.0 16.0
19.58819 46.814655 0.016 0.0 17.0
22.991589 45.639687 0.016 0.0 17.0
12.461065 45.785686 0.017 1.0 15.0
15.393143 47.875328 0.017 1.0 15.0
15.393143 47.875328 0.018 0.0 16.0
18.32522 49.96497 0.018 0.0 16.0
18.32522 49.96497 0.019 0.0 17.0
21.888783 50.479454 0.019 0.0 17.0
12.461065 45.785686 0.020 5.0 15.0
15.393143 47.875328 0.020 5.0 15.0
15.393143 47.875328 0.021 4.0 16.0
18.32522 49.96497 0.021 4.0 16.0
18.32522 49.96497 0.022 3.0 17.0
19.974447 53.16555 0.022 3.0 17.0
19.974447 53.16555 0.023 2.0 18.0
21.623674 56.36613 0.023 2.0 18.0
21.623674 56.36613 0.024 1.0 19.0
23.272902 59.56671 0.024 1.0 19.0
23.272902 59.56671 0.025 0.0 20.0
24.922129 62.767292 0.025 0.0 20.0
24.922129 62.767292 0.026 0.0 21.0
27.854206 64.85693 0.026 0.0 21.0
18.32522 49.96497 0.027 1.0 17.0
21.888783 50.479454 0.027 1.0 17.0
21.888783 50.479454 0.028 0.0 18.0
25.452345 50.99394 0.028 0.0 18.0
25.452345 50.99394 0.029 0.0 19.0
28.855743 49.81897 0.029 0.0 19.0
6.59691 41.606403 0.030 7.0 13.0
8.246138 44.806984 0.030 7.0 13.0
8.246138 44.806984 0.031 6.0 14.0
9.895365 48.007565 0.031 6.0 14.0
9.895365 48.007565 0.032 1.0 15.0
12.827442 50.097206 0.032 1.0 15.0
12.827442 50.097206 0.033 0.0 16.0
15.75952 52.186848 0.033 0.0 16.0
15.75952 52.186848 0.034 0.0 17.0
19.323082 52.701332 0.034 0.0 17.0
9.895365 48.007565 0.035 1.0 15.0
11.544592 51.208145 0.035 1.0 15.0
11.544592 51.208145 0.036 0.0 16.0
13.193819 54.408726 0.036 0.0 16.0
13.193819 54.408726 0.037 0.0 17.0
16.125896 56.498367 0.037 0.0 17.0
9.895365 48.007565 0.038 5.0 15.0
11.544592 51.208145 0.038 5.0 15.0
11.544592 51.208145 0.039 4.0 16.0
13.193819 54.408726 0.039 4.0 16.0
13.193819 54.408726 0.040 3.0 17.0
13.193819 58.009235 0.040 3.0 17.0
13.193819 58.009235 0.041 2.0 18.0
13.193819 61.609745 0.041 2.0 18.0
13.193819 61.609745 0.042 1.0 19.0
13.193819 65.21026 0.042 1.0 19.0
13.193819 65.21026 0.043 0.0 20.0
13.193819 68.81077 0.043 0.0 20.0
13.193819 68.81077 0.044 0.0 21.0
14.843046 72.01135 0.044 0.0 21.0
13.193819 54.408726 0.045 1.0 17.0
16.125896 56.498367 0.045 1.0 17.0
16.125896 56.498367 0.046 0.0 18.0
19.057974 58.58801 0.046 0.0 18.0
19.057974 58.58801 0.047 0.0 19.0
22.621536 59.102493 0.047 0.0 19.0
6.59691 41.606403 0.048 15.0 13.0
8.246138 44.806984 0.048 15.0 13.0
8.246138 44.806984 0.049 14.0 14.0
9.895365 48.007565 0.049 14.0 14.0
9.895365 48.007565 0.050 13.0 15.0
11.544592 51.208145 0.050 13.0 15.0
11.544592 51.208145 0.051 12.0 16.0
13.193819 54.408726 0.051 12.0 16.0
13.193819 54.408726 0.052 11.0 17.0
13.193819 58.009235 0.052 11.0 17.0
13.193819 58.009235 0.053 10.0 18.0
13.193819 61.609745 0.053 10.0 18.0
13.193819 61.609745 0.054 9.0 19.0
13.193819 65.21026 0.054 9.0 19.0
13.193819 65.21026 0.055 8.0 20.0
13.193819 68.81077 0.055 8.0 20.0
13.193819 68.81077 0.056 7.0 21.0
13.193819 72.41128 0.056 7.0 21.0
13.193819 72.41128 0.057 6.0 22.0
13.193819 76.01179 0.057 6.0 22.0
13.193819 76.01179 0.058 1.0 23.0
14.843046 79.21237 0.058 1.0 23.0
14.843046 79.21237 0.059 0.0 24.0
16.492273 82.41296 0.059 0.0 24.0
16.492273 82.41296 0.060 0.0 25.0
19.42435 84.502594 0.060 0.0 25.0
13.193819 76.01179 0.061 1.0 23.0
13.193819 79.6123 0.061 1.0 23.0
13.193819 79.6123 0.062 0.0 24.0
13.193819 83.21281 0.062 0.0 24.0
13.193819 83.21281 0.063 0.0 25.0
14.843046 86.41339 0.063 0.0 25.0
13.193819 76.01179 0.064 5.0 23.0
13.193819 79.6123 0.064 5.0 23.0
13.193819 79.6123 0.065 4.0 24.0
13.193819 83.21281 0.065 4.0 24.0
13.193819 83.21281 0.066 3.0 25.0
11.544592 86.41339 0.066 3.0 25.0
11.544592 86.41339 0.067 2.0 26.0
9.895365 89.613976 0.067 2.0 26.0
9.895365 89.613976 0.068 1.0 27.0
8.246138 92.81456 0.068 1.0 27.0
8.246138 92.81456 0.069 0.0 28.0
6.59691 96.015144 0.069 0.0 28.0
6.59691 96.015144 0.070 0.0 29.0
6.59691 99.615654 0.070 0.0 29.0
13.193819 83.21281 0.071 1.0 25.0
14.843046 86.41339 0.071 1.0 25.0
14.843046 86.41339 0.072 0.0 26.0
16.492273 89.613976 0.072 0.0 26.0
16.492273 89.613976 0.073 0.0 27.0
19.42435 91.70361 0.073 0.0 27.0
13.193819 54.408726 0.074 7.0 17.0
16.125896 56.498367 0.074 7.0 17.0
16.125896 56.498367 0.075 6.0 18.0
19.057974 58.58801 0.075 6.0 18.0
19.057974 58.58801 0.076 1.0 19.0
22.621536 59.102493 0.076 1.0 19.0
22.621536 59.102493 0.077 0.0 20.0
26.185099 59.616978 0.077 0.0 20.0
26.185099 59.616978 0.078 0.0 21.0
29.588497 58.44201 0.078 0.0 21.0
19.057974 58.58801 0.079 1.0 19.0
21.990051 60.67765 0.079 1.0 19.0
21.990051 60.67765 0.080 0.0 20.0
24.922129 62.767292 0.080 0.0 20.0
24.922129 62.767292 0.081 0.0 21.0
28.485691 63.281776 0.081 0.0 21.0
19.057974 58.58801 0.082 5.0 19.0
21.990051 60.67765 0.082 5.0 19.0
21.990051 60.67765 0.083 4.0 20.0
24.922129 62.767292 0.083 4.0 20.0
24.922129 62.767292 0.084 3.0 21.0
26.571356 65.96787 0.084 3.0 21.0
26.571356 65.96787 0.085 2.0 22.0
28.220583 69.16846 0.085 2.0 22.0
28.220583 69.16846 0.086 1.0 23.0
29.86981 72.36904 0.086 1.0 23.0
29.86981 72.36904 0.087 0.0 24.0
31.519037 75.569626 0.087 0.0 24.0
31.519037 75.569626 0.088 0.0 25.0
34.451115 77.65926 0.088 0.0 25.0
24.922129 62.767292 0.089 1.0 21.0
28.485691 63.281776 0.089 1.0 21.0
28.485691 63.281776 0.090 0.0 22.0
32.049255 63.79626 0.090 0.0 22.0
32.049255 63.79626 0.091 0.0 23.0
35.452656 62.621292 0.091 0.0 23.0
0.0 28.804081 0.092 19.0 9.0
2.9320774 30.89372 0.092 19.0 9.0
2.9320774 30.89372 0.093 18.0 10.0
5.864155 32.98336 0.093 18.0 10.0
5.864155 32.98336 0.094 17.0 11.0
8.796232 35.073 0.094 17.0 11.0
8.796232 35.073 0.095 16.0 12.0
11.72831 37.162643 0.095 16.0 12.0
11.72831 37.162643 0.096 7.0 13.0
15.291873 37.677128 0.096 7.0 13.0
15.291873 37.677128 0.097 6.0 14.0
18.855436 38.191612 0.097 6.0 14.0
18.855436 38.191612 0.098 1.0 15.0
22.258835 37.016644 0.098 1.0 15.0
22.258835 37.016644 0.099 0.0 16.0
25.662233 35.841675 0.099 0.0 16.0
25.662233 35.841675 0.0100 0.0 17.0
28.1494 33.238277 0.0100 0.0 17.0
18.855436 38.191612 0.0101 1.0 15.0
22.418999 38.706097 0.0101 1.0 15.0
22.418999 38.706097 0.0102 0.0 16.0
25.982561 39.22058 0.0102 0.0 16.0
25.982561 39.22058 0.0103 0.0 17.0
29.38596 38.045612 0.0103 0.0 17.0
18.855436 38.191612 0.0104 5.0 15.0
22.418999 38.706097 0.0104 5.0 15.0
22.418999 38.706097 0.0105 4.0 16.0
25.982561 39.22058 0.0105 4.0 16.0
25.982561 39.22058 0.0106 3.0 17.0
28.914639 41.310223 0.0106 3.0 17.0
28.914639 41.310223 0.0107 2.0 18.0
31.846716 43.399864 0.0107 2.0 18.0
31.846716 43.399864 0.0108 1.0 19.0
34.778793 45.489506 0.0108 1.0 19.0
34.778793 45.489506 0.0109 0.0 20.0
37.710873 47.579147 0.0109 0.0 20.0
37.710873 47.579147 0.0110 0.0 21.0
41.274437 48.09363 0.0110 0.0 21.0
25.982561 39.22058 0.0111 1.0 17.0
29.38596 38.045612 0.0111 1.0 17.0
29.38596 38.045612 0.0112 0.0 18.0
32.78936 36.870644 0.0112 0.0 18.0
32.78936 36.870644 0.0113 0.0 19.0
35.276527 34.267246 0.0113 0.0 19.0
11.72831 37.162643 0.0114 7.0 13.0
14.660387 39.252285 0.0114 7.0 13.0
14.660387 39.252285 0.0115 6.0 14.0
17.592464 41.341927 0.0115 6.0 14.0
17.592464 41.341927 0.0116 1.0 15.0
21.156027 41.85641 0.0116 1.0 15.0
21.156027 41.85641 0.0117 0.0 16.0
24.71959 42.370895 0.0117 0.0 16.0
24.71959 42.370895 0.0118 0.0 17.0
28.12299 41.195927 0.0118 0.0 17.0
17.592464 41.341927 0.0119 1.0 15.0
20.524542 43.43157 0.0119 1.0 15.0
20.524542 43.43157 0.0120 0.0 16.0
23.45662 45.52121 0.0120 0.0 16.0
23.45662 45.52121 0.0121 0.0 17.0
27.020182 46.035694 0.0121 0.0 17.0
17.592464 41.341927 0.0122 5.0 15.0
20.524542 43.43157 0.0122 5.0 15.0
20.524542 43.43157 0.0123 4.0 16.0
23.45662 45.52121 0.0123 4.0 16.0
23.45662 45.52121 0.0124 3.0 17.0
25.105846 48.72179 0.0124 3.0 17.0
25.105846 48.72179 0.0125 2.0 18.0
26.755074 51.92237 0.0125 2.0 18.0
26.755074 51.92237 0.0126 1.0 19.0
28.4043 55.12295 0.0126 1.0 19.0
28.4043 55.12295 0.0127 0.0 20.0
30.053528 58.323532 0.0127 0.0 20.0
30.053528 58.323532 0.0128 0.0 21.0
32.985607 60.413174 0.0128 0.0 21.0
23.45662 45.52121 0.0129 1.0 17.0
27.020182 46.035694 0.0129 1.0 17.0
27.020182 46.035694 0.0130 0.0 18.0
30.583744 46.55018 0.0130 0.0 18.0
30.583744 46.55018 0.0131 0.0 19.0
33.987144 45.37521 0.0131 0.0 19.0
11.72831 37.162643 0.0132 15.0 13.0
14.660387 39.252285 0.0132 15.0 13.0
14.660387 39.252285 0.0133 14.0 14.0
17.592464 41.341927 0.0133 14.0 14.0
17.592464 41.341927 0.0134 13.0 15.0
20.524542 43.43157 0.0134 13.0 15.0
20.524542 43.43157 0.0135 12.0 16.0
23.45662 45.52121 0.0135 12.0 16.0
23.45662 45.52121 0.0136 11.0 17.0
25.105846 48.72179 0.0136 11.0 17.0
25.105846 48.72179 0.0137 10.0 18.0
26.755074 51.92237 0.0137 10.0 18.0
26.755074 51.92237 0.0138 9.0 19.0
28.4043 55.12295 0.0138 9.0 19.0
28.4043 55.12295 0.0139 8.0 20.0
30.053528 58.323532 0.0139 8.0 20.0
30.053528 58.323532 0.0140 7.0 21.0
31.702755 61.524113 0.0140 7.0 21.0
31.702755 61.524113 0.0141 6.0 22.0
33.351982 64.72469 0.0141 6.0 22.0
33.351982 64.72469 0.0142 1.0 23.0
36.28406 66.81433 0.0142 1.0 23.0
36.28406 66.81433 0.0143 0.0 24.0
39.21614 68.90397 0.0143 0.0 24.0
39.21614 68.90397 0.0144 0.0 25.0
42.779705 69.41845 0.0144 0.0 25.0
33.351982 64.72469 0.0145 1.0 23.0
35.00121 67.92528 0.0145 1.0 23.0
35.00121 67.92528 0.0146 0.0 24.0
36.650436 71.12586 0.0146 0.0 24.0
36.650436 71.12586 0.0147 0.0 25.0
39.582516 73.2155 0.0147 0.0 25.0
33.351982 64.72469 0.0148 5.0 23.0
35.00121 67.92528 0.0148 5.0 23.0
35.00121 67.92528 0.0149 4.0 24.0
36.650436 71.12586 0.0149 4.0 24.0
36.650436 71.12586 0.0150 3.0 25.0
36.650436 74.72637 0.0150 3.0 25.0
36.650436 74.72637 0.0151 2.0 26.0
36.650436 78.32688 0.0151 2.0 26.0
36.650436 78.32688 0.0152 1.0 27.0
36.650436 81.92739 0.0152 1.0 27.0
36.650436 81.92739 0.0153 0.0 28.0
36.650436 85.5279 0.0153 0.0 28.0
36.650436 85.5279 0.0154 0.0 29.0
38.299664 88.728485 0.0154 0.0 29.0
36.650436 71.12586 0.0155 1.0 25.0
39.582516 73.2155 0.0155 1.0 25.0
39.582516 73.2155 0.0156 0.0 26.0
42.514595 75.30514 0.0156 0.0 26.0
42.514595 75.30514 0.0157 0.0 27.0
46.07816 75.81962 0.0157 0.0 27.0
23.45662 45.52121 0.0158 7.0 17.0
27.020182 46.035694 0.0158 7.0 17.0
27.020182 46.035694 0.0159 6.0 18.0
30.583744 46.55018 0.0159 6.0 18.0
30.583744 46.55018 0.0160 1.0 19.0
33.987144 45.37521 0.0160 1.0 19.0
33.987144 45.37521 0.0161 0.0 20.0
37.390545 44.20024 0.0161 0.0 20.0
37.390545 44.20024 0.0162 0.0 21.0
39.877712 41.596844 0.0162 0.0 21.0
30.583744 46.55018 0.0163 1.0 19.0
34.14731 47.064663 0.0163 1.0 19.0
34.14731 47.064663 0.0164 0.0 20.0
37.710873 47.579147 0.0164 0.0 20.0
37.710873 47.579147 0.0165 0.0 21.0
41.114273 46.40418 0.0165 0.0 21.0
30.583744 46.55018 0.0166 5.0 19.0
34.14731 47.064663 0.0166 5.0 19.0
34.14731 47.064663 0.0167 4.0 20.0
37.710873 47.579147 0.0167 4.0 20.0
37.710873 47.579147 0.0168 3.0 21.0
40.642952 49.66879 0.0168 3.0 21.0
40.642952 49.66879 0.0169 2.0 22.0
43.57503 51.75843 0.0169 2.0 22.0
43.57503 51.75843 0.0170 1.0 23.0
46.50711 53.848072 0.0170 1.0 23.0
46.50711 53.848072 0.0171 0.0 24.0
49.43919 55.937714 0.0171 0.0 24.0
49.43919 55.937714 0.0172 0.0 25.0
53.002754 56.452198 0.0172 0.0 25.0
37.710873 47.579147 0.0173 1.0 21.0
41.114273 46.40418 0.0173 1.0 21.0
41.114273 46.40418 0.0174 0.0 22.0
44.517673 45.22921 0.0174 0.0 22.0
44.517673 45.22921 0.0175 0.0 23.0
47.00484 42.625813 0.0175 0.0 23.0
0.0 28.804081 0.0176 35.0 9.0
0.0 32.40459 0.0176 35.0 9.0
0.0 32.40459 0.0177 34.0 10.0
0.0 36.0051 0.0177 34.0 10.0
0.0 36.0051 0.0178 33.0 11.0
0.0 39.60561 0.0178 33.0 11.0
0.0 39.60561 0.0179 32.0 12.0
0.0 43.20612 0.0179 32.0 12.0
0.0 43.20612 0.0180 31.0 13.0
0.0 46.80663 0.0180 31.0 13.0
0.0 46.80663 0.0181 30.0 14.0
0.0 50.40714 0.0181 30.0 14.0
0.0 50.40714 0.0182 29.0 15.0
0.0 54.00765 0.0182 29.0 15.0
0.0 54.00765 0.0183 28.0 16.0
0.0 57.60816 0.0183 28.0 16.0
0.0 57.60816 0.0184 27.0 17.0
1.6492275 60.80874 0.0184 27.0 17.0
1.6492275 60.80874 0.0185 26.0 18.0
3.298455 64.00932 0.0185 26.0 18.0
3.298455 64.00932 0.0186 25.0 19.0
4.9476824 67.20991 0.0186 25.0 19.0
4.9476824 67.20991 0.0187 24.0 20.0
6.59691 70.41049 0.0187 24.0 20.0
6.59691 70.41049 0.0188 23.0 21.0
8.246138 73.61108 0.0188 23.0 21.0
8.246138 73.61108 0.0189 22.0 22.0
9.895365 76.81166 0.0189 22.0 22.0
9.895365 76.81166 0.0190 21.0 23.0
11.544592 80.012245 0.0190 21.0 23.0
11.544592 80.012245 0.0191 20.0 24.0
13.193819 83.21283 0.0191 20.0 24.0
13.193819 83.21283 0.0192 19.0 25.0
14.843046 86.413414 0.0192 19.0 25.0
14.843046 86.413414 0.0193 18.0 26.0
16.492273 89.614 0.0193 18.0 26.0
16.492273 89.614 0.0194 17.0 27.0
18.1415 92.81458 0.0194 17.0 27.0
18.1415 92.81458 0.0195 16.0 28.0
19.790728 96.01517 0.0195 16.0 28.0
19.790728 96.01517 0.0196 7.0 29.0
22.722805 98.104805 0.0196 7.0 29.0
22.722805 98.104805 0.0197 6.0 30.0
25.654882 100.19444 0.0197 6.0 30.0
25.654882 100.19444 0.0198 1.0 31.0
29.218445 100.70892 0.0198 1.0 31.0
29.218445 100.70892 0.0199 0.0 32.0
32.78201 101.223404 0.0199 0.0 32.0
32.78201 101.223404 0.0200 0.0 33.0
36.18541 100.04844 0.0200 0.0 33.0
25.654882 100.19444 0.0201 1.0 31.0
28.58696 102.28408 0.0201 1.0 31.0
28.58696 102.28408 0.0202 0.0 32.0
31.519037 104.37372 0.0202 0.0 32.0
31.519037 104.37372 0.0203 0.0 33.0
35.0826 104.8882 0.0203 0.0 33.0
25.654882 100.19444 0.0204 5.0 31.0
28.58696 102.28408 0.0204 5.0 31.0
28.58696 102.28408 0.0205 4.0 32.0
31.519037 104.37372 0.0205 4.0 32.0
31.519037 104.37372 0.0206 3.0 33.0
33.168266 107.5743 0.0206 3.0 33.0
33.168266 107.5743 0.0207 2.0 34.0
34.817493 110.77489 0.0207 2.0 34.0
34.817493 110.77489 0.0208 1.0 35.0
36.46672 113.97547 0.0208 1.0 35.0
36.46672 113.97547 0.0209 0.0 36.0
38.115948 117.176056 0.0209 0.0 36.0
38.115948 117.176056 0.0210 0.0 37.0
41.048027 119.26569 0.0210 0.0 37.0
31.519037 104.37372 0.0211 1.0 33.0
35.0826 104.8882 0.0211 1.0 33.0
35.0826 104.8882 0.0212 0.0 34.0
38.646164 105.40268 0.0212 0.0 34.0
38.646164 105.40268 0.0213 0.0 35.0
42.049564 104.227715 0.0213 0.0 35.0
19.790728 96.01517 0.0214 7.0 29.0
21.439955 99.21575 0.0214 7.0 29.0
21.439955 99.21575 0.0215 6.0 30.0
23.089182 102.416336 0.0215 6.0 30.0
23.089182 102.416336 0.0216 1.0 31.0
26.02126 104.505974 0.0216 1.0 31.0
26.02126 104.505974 0.0217 0.0 32.0
28.953337 106.59561 0.0217 0.0 32.0
28.953337 106.59561 0.0218 0.0 33.0
32.5169 107.11009 0.0218 0.0 33.0
23.089182 102.416336 0.0219 1.0 31.0
24.738409 105.61692 0.0219 1.0 31.0
24.738409 105.61692 0.0220 0.0 32.0
26.387636 108.817505 0.0220 0.0 32.0
26.387636 108.817505 0.0221 0.0 33.0
29.319714 110.90714 0.0221 0.0 33.0
23.089182 102.416336 0.0222 5.0 31.0
24.738409 105.61692 0.0222 5.0 31.0
24.738409 105.61692 0.0223 4.0 32.0
26.387636 108.817505 0.0223 4.0 32.0
26.387636 108.817505 0.0224 3.0 33.0
26.387636 112.418015 0.0224 3.0 33.0
26.387636 112.418015 0.0225 2.0 34.0
26.387636 116.018524 0.0225 2.0 34.0
26.387636 116.018524 0.0226 1.0 35.0
26.387636 119.61903 0.0226 1.0 35.0
26.387636 119.61903 0.0227 0.0 36.0
26.387636 123.21954 0.0227 0.0 36.0
26.387636 123.21954 0.0228 0.0 37.0
28.036863 126.42013 0.0228 0.0 37.0
26.387636 108.817505 0.0229 1.0 33.0
29.319714 110.90714 0.0229 1.0 33.0
29.319714 110.90714 0.0230 0.0 34.0
32.251793 112.99678 0.0230 0.0 34.0
32.251793 112.99678 0.0231 0.0 35.0
35.815357 113.51126 0.0231 0.0 35.0
19.790728 96.01517 0.0232 15.0 29.0
21.439955 99.21575 0.0232 15.0 29.0
21.439955 99.21575 0.0233 14.0 30.0
23.089182 102.416336 0.0233 14.0 30.0
23.089182 102.416336 0.0234 13.0 31.0
24.738409 105.61692 0.0234 13.0 31.0
24.738409 105.61692 0.0235 12.0 32.0
26.387636 108.817505 0.0235 12.0 32.0
26.387636 108.817505 0.0236 11.0 33.0
26.387636 112.418015 0.0236 11.0 33.0
26.387636 112.418015 0.0237 10.0 34.0
26.387636 116.018524 0.0237 10.0 34.0
26.387636 116.018524 0.0238 9.0 35.0
26.387636 119.61903 0.0238 9.0 35.0
26.387636 119.61903 0.0239 8.0 36.0
26.387636 123.21954 0.0239 8.0 36.0
26.387636 123.21954 0.0240 7.0 37.0
26.387636 126.82005 0.0240 7.0 37.0
26.387636 126.82005 0.0241 6.0 38.0
26.387636 130.42056 0.0241 6.0 38.0
26.387636 130.42056 0.0242 1.0 39.0
28.036863 133.62114 0.0242 1.0 39.0
28.036863 133.62114 0.0243 0.0 40.0
29.68609 136.82172 0.0243 0.0 40.0
29.68609 136.82172 0.0244 0.0 41.0
32.618168 138.91136 0.0244 0.0 41.0
26.387636 130.42056 0.0245 1.0 39.0
26.387636 134.02107 0.0245 1.0 39.0
26.387636 134.02107 0.0246 0.0 40.0
26.387636 137.62158 0.0246 0.0 40.0
26.387636 137.62158 0.0247 0.0 41.0
28.036863 140.82216 0.0247 0.0 41.0
26.387636 130.42056 0.0248 5.0 39.0
26.387636 134.02107 0.0248 5.0 39.0
26.387636 134.02107 0.0249 4.0 40.0
26.387636 137.62158 0.0249 4.0 40.0
26.387636 137.62158 0.0250 3.0 41.0
24.738409 140.82216 0.0250 3.0 41.0
24.738409 140.82216 0.0251 2.0 42.0
23.089182 144.02274 0.0251 2.0 42.0
23.089182 144.02274 0.0252 1.0 43.0
21.439955 147.22331 0.0252 1.0 43.0
21.439955 147.22331 0.0253 0.0 44.0
19.790728 150.42389 0.0253 0.0 44.0
19.790728 150.42389 0.0254 0.0 45.0
19.790728 154.0244 0.0254 0.0 45.0
26.387636 137.62158 0.0255 1.0 41.0
28.036863 140.82216 0.0255 1.0 41.0
28.036863 140.82216 0.0256 0.0 42.0
29.68609 144.02274 0.0256 0.0 42.0
29.68609 144.02274 0.0257 0.0 43.0
32.618168 146.11238 0.0257 0.0 43.0
26.387636 108.817505 0.0258 7.0 33.0
29.319714 110.90714 0.0258 7.0 33.0
29.319714 110.90714 0.0259 6.0 34.0
32.251793 112.99678 0.0259 6.0 34.0
32.251793 112.99678 0.0260 1.0 35.0
35.815357 113.51126 0.0260 1.0 35.0
35.815357 113.51126 0.0261 0.0 36.0
39.37892 114.02574 0.0261 0.0 36.0
39.37892 114.02574 0.0262 0.0 37.0
42.782322 112.85078 0.0262 0.0 37.0
32.251793 112.99678 0.0263 1.0 35.0
35.183872 115.08642 0.0263 1.0 35.0
35.183872 115.08642 0.0264 0.0 36.0
38.11595 117.176056 0.0264 0.0 36.0
38.11595 117.176056 0.0265 0.0 37.0
41.679516 117.69054 0.0265 0.0 37.0
32.251793 112.99678 0.0266 5.0 35.0
35.183872 115.08642 0.0266 5.0 35.0
35.183872 115.08642 0.0267 4.0 36.0
38.11595 117.176056 0.0267 4.0 36.0
38.11595 117.176056 0.0268 3.0 37.0
39.76518 120.37664 0.0268 3.0 37.0
39.76518 120.37664 0.0269 2.0 38.0
41.414406 123.577225 0.0269 2.0 38.0
41.414406 123.577225 0.0270 1.0 39.0
43.063633 126.77781 0.0270 1.0 39.0
43.063633 126.77781 0.0271 0.0 40.0
44.71286 129.9784 0.0271 0.0 40.0
44.71286 129.9784 0.0272 0.0 41.0
47.64494 132.06804 0.0272 0.0 41.0
38.11595 117.176056 0.0273 1.0 37.0
41.679516 117.69054 0.0273 1.0 37.0
41.679516 117.69054 0.0274 0.0 38.0
45.24308 118.20502 0.0274 0.0 38.0
45.24308 118.20502 0.0275 0.0 39.0
48.64648 117.03005 0.0275 0.0 39.0
0.0 57.60816 0.0276 19.0 17.0
1.6492275 60.80874 0.0276 19.0 17.0
1.6492275 60.80874 0.0277 18.0 18.0
3.298455 64.00932 0.0277 18.0 18.0
3.298455 64.00932 0.0278 17.0 19.0
4.9476824 67.20991 0.0278 17.0 19.0
4.9476824 67.20991 0.0279 16.0 20.0
6.59691 70.41049 0.0279 16.0 20.0
6.59691 70.41049 0.0280 7.0 21.0
9.528988 72.50013 0.0280 7.0 21.0
9.528988 72.50013 0.0281 6.0 22.0
12.461065 74.58977 0.0281 6.0 22.0
12.461065 74.58977 0.0282 1.0 23.0
16.024628 75.10425 0.0282 1.0 23.0
16.024628 75.10425 0.0283 0.0 24.0
19.58819 75.61873 0.0283 0.0 24.0
19.58819 75.61873 0.0284 0.0 25.0
22.991589 74.44376 0.0284 0.0 25.0
12.461065 74.58977 0.0285 1.0 23.0
15.393143 76.679405 0.0285 1.0 23.0
15.393143 76.679405 0.0286 0.0 24.0
18.32522 78.76904 0.0286 0.0 24.0
18.32522 78.76904 0.0287 0.0 25.0
21.888783 79.28352 0.0287 0.0 25.0
12.461065 74.58977 0.0288 5.0 23.0
15.393143 76.679405 0.0288 5.0 23.0
15.393143 76.679405 0.0289 4.0 24.0
18.32522 78.76904 0.0289 4.0 24.0
18.32522 78.76904 0.0290 3.0 25.0
19.974447 81.96963 0.0290 3.0 25.0
19.974447 81.96963 0.0291 2.0 26.0
21.623674 85.17021 0.0291 2.0 26.0
21.623674 85.17021 0.0292 1.0 27.0
23.272902 88.3708 0.0292 1.0 27.0
23.272902 88.3708 0.0293 0.0 28.0
24.922129 91.57138 0.0293 0.0 28.0
24.922129 91.57138 0.0294 0.0 29.0
27.854206 93.66102 0.0294 0.0 29.0
18.32522 78.76904 0.0295 1.0 25.0
21.888783 79.28352 0.0295 1.0 25.0
21.888783 79.28352 0.0296 0.0 26.0
25.452345 79.798004 0.0296 0.0 26.0
25.452345 79.798004 0.0297 0.0 27.0
28.855743 78.62304 0.0297 0.0 27.0
6.59691 70.41049 0.0298 7.0 21.0
8.246138 73.61108 0.0298 7.0 21.0
8.246138 73.61108 0.0299 6.0 22.0
9.895365 76.81166 0.0299 6.0 22.0
9.895365 76.81166 0.0300 1.0 23.0
12.827442 78.9013 0.0300 1.0 23.0
12.827442 78.9013 0.0301 0.0 24.0
15.75952 80.99094 0.0301 0.0 24.0
15.75952 80.99094 0.0302 0.0 25.0
19.323082 81.50542 0.0302 0.0 25.0
9.895365 76.81166 0.0303 1.0 23.0
11.544592 80.012245 0.0303 1.0 23.0
11.544592 80.012245 0.0304 0.0 24.0
13.193819 83.21283 0.0304 0.0 24.0
13.193819 83.21283 0.0305 0.0 25.0
16.125896 85.30247 0.0305 0.0 25.0
9.895365 76.81166 0.0306 5.0 23.0
11.544592 80.012245 0.0306 5.0 23.0
11.544592 80.012245 0.0307 4.0 24.0
13.193819 83.21283 0.0307 4.0 24.0
13.193819 83.21283 0.0308 3.0 25.0
13.193819 86.81334 0.0308 3.0 25.0
13.193819 86.81334 0.0309 2.0 26.0
13.193819 90.41385 0.0309 2.0 26.0
13.193819 90.41385 0.0310 1.0 27.0
13.193819 94.01436 0.0310 1.0 27.0
13.193819 94.01436 0.0311 0.0 28.0
13.193819 97.61487 0.0311 0.0 28.0
13.193819 97.61487 0.0312 0.0 29.0
14.843046 100.81545 0.0312 0.0 29.0
13.193819 83.21283 0.0313 1.0 25.0
16.125896 85.30247 0.0313 1.0 25.0
16.125896 85.30247 0.0314 0.0 26.0
19.057974 87.392105 0.0314 0.0 26.0
19.057974 87.392105 0.0315 0.0 27.0
22.621536 87.906586 0.0315 0.0 27.0
6.59691 70.41049 0.0316 15.0 21.0
8.246138 73.61108 0.0316 15.0 21.0
8.246138 73.61108 0.0317 14.0 22.0
9.895365 76.81166 0.0317 14.0 22.0
9.895365 76.81166 0.0318 13.0 23.0
11.544592 80.012245 0.0318 13.0 23.0
11.544592 80.012245 0.0319 12.0 24.0
13.193819 83.21283 0.0319 12.0 24.0
13.193819 83.21283 0.0320 11.0 25.0
13.193819 86.81334 0.0320 11.0 25.0
13.193819 86.81334 0.0321 10.0 26.0
13.193819 90.41385 0.0321 10.0 26.0
13.193819 90.41385 0.0322 9.0 27.0
13.193819 94.01436 0.0322 9.0 27.0
13.193819 94.01436 0.0323 8.0 28.0
13.193819 97.61487 0.0323 8.0 28.0
13.193819 97.61487 0.0324 7.0 29.0
13.193819 101.21538 0.0324 7.0 29.0
13.193819 101.21538 0.0325 6.0 30.0
13.193819 104.81589 0.0325 6.0 30.0
13.193819 104.81589 0.0326 1.0 31.0
14.843046 108.01647 0.0326 1.0 31.0
14.843046 108.01647 0.0327 0.0 32.0
16.492273 111.21706 0.0327 0.0 32.0
16.492273 111.21706 0.0328 0.0 33.0
19.42435 113.306694 0.0328 0.0 33.0
13.193819 104.81589 0.0329 1.0 31.0
13.193819 108.4164 0.0329 1.0 31.0
13.193819 108.4164 0.0330 0.0 32.0
13.193819 112.01691 0.0330 0.0 32.0
13.193819 112.01691 0.0331 0.0 33.0
14.843046 115.21749 0.0331 0.0 33.0
13.193819 104.81589 0.0332 5.0 31.0
13.193819 108.4164 0.0332 5.0 31.0
13.193819 108.4164 0.0333 4.0 32.0
13.193819 112.01691 0.0333 4.0 32.0
13.193819 112.01691 0.0334 3.0 33.0
11.544592 115.21749 0.0334 3.0 33.0
11.544592 115.21749 0.0335 2.0 34.0
9.895365 118.418076 0.0335 2.0 34.0
9.895365 118.418076 0.0336 1.0 35.0
8.246138 121.61866 0.0336 1.0 35.0
8.246138 121.61866 0.0337 0.0 36.0
6.59691 124.819244 0.0337 0.0 36.0
6.59691 124.819244 0.0338 0.0 37.0
6.59691 128.41975 0.0338 0.0 37.0
13.193819 112.01691 0.0339 1.0 33.0
14.843046 115.21749 0.0339 1.0 33.0
14.843046 115.21749 0.0340 0.0 34.0
16.492273 118.418076 0.0340 0.0 34.0
16.492273 118.418076 0.0341 0.0 35.0
19.42435 120.50771 0.0341 0.0 35.0
13.193819 83.21283 0.0342 7.0 25.0
16.125896 85.30247 0.0342 7.0 25.0
16.125896 85.30247 0.0343 6.0 26.0
19.057974 87.392105 0.0343 6.0 26.0
19.057974 87.392105 0.0344 1.0 27.0
22.621536 87.906586 0.0344 1.0 27.0
22.621536 87.906586 0.0345 0.0 28.0
26.185099 88.42107 0.0345 0.0 28.0
26.185099 88.42107 0.0346 0.0 29.0
29.588497 87.2461 0.0346 0.0 29.0
19.057974 87.392105 0.0347 1.0 27.0
21.990051 89.48174 0.0347 1.0 27.0
21.990051 89.48174 0.0348 0.0 28.0
24.922129 91.57138 0.0348 0.0 28.0
24.922129 91.57138 0.0349 0.0 29.0
28.485691 92.08586 0.0349 0.0 29.0
19.057974 87.392105 0.0350 5.0 27.0
21.990051 89.48174 0.0350 5.0 27.0
21.990051 89.48174 0.0351 4.0 28.0
24.922129 91.57138 0.0351 4.0 28.0
24.922129 91.57138 0.0352 3.0 29.0
26.571356 94.771965 0.0352 3.0 29.0
26.571356 94.771965 0.0353 2.0 30.0
28.220583 97.97255 0.0353 2.0 30.0
28.220583 97.97255 0.0354 1.0 31.0
29.86981 101.173134 0.0354 1.0 31.0
29.86981 101.173134 0.0355 0.0 32.0
31.519037 104.37372 0.0355 0.0 32.0
31.519037 104.37372 0.0356 0.0 33.0
34.451115 106.463356 0.0356 0.0 33.0
24.922129 91.57138 0.0357 1.0 29.0
28.485691 92.08586 0.0357 1.0 29.0
28.485691 92.08586 0.0358 0.0 30.0
32.049255 92.60034 0.0358 0.0 30.0
32.049255 92.60034 0.0359 0.0 31.0
35.452656 91.42538 0.0359 0.0 31.0
