0.0 0.0 0.00 79.0 1.0
0.0 4.9035664 0.00 79.0 1.0
0.0 4.9035664 0.01 0.0 2.0
1.8034713 9.46344 0.01 0.0 2.0
0.0 4.9035664 0.02 78.0 2.0
0.0 9.807133 0.02 78.0 2.0
0.0 9.807133 0.03 0.0 3.0
1.8034713 14.367006 0.03 0.0 3.0
0.0 9.807133 0.04 77.0 3.0
0.0 14.710699 0.04 77.0 3.0
0.0 14.710699 0.05 1.0 4.0
-1.8034713 19.270573 0.05 1.0 4.0
-1.8034713 19.270573 0.06 0.0 5.0
-1.8034713 24.174139 0.06 0.0 5.0
-1.8034713 19.270573 0.07 0.0 5.0
-3.6069427 23.830446 0.07 0.0 5.0
-3.6069427 23.830446 0.08 0.0 6.0
-3.6069427 28.734013 0.08 0.0 6.0
-3.6069427 23.830446 0.09 0.0 6.0
-5.4104137 28.39032 0.09 0.0 6.0
0.0 14.710699 0.010 76.0 4.0
0.0 19.614265 0.010 76.0 4.0
0.0 19.614265 0.011 0.0 5.0
1.8034713 24.174139 0.011 0.0 5.0
0.0 19.614265 0.012 75.0 5.0
0.0 24.517832 0.012 75.0 5.0
0.0 24.517832 0.013 0.0 6.0
1.8034713 29.077705 0.013 0.0 6.0
0.0 24.517832 0.014 74.0 6.0
0.0 29.421398 0.014 74.0 6.0
0.0 29.421398 0.015 1.0 7.0
1.8034713 33.981274 0.015 1.0 7.0
1.8034713 33.981274 0.016 0.0 8.0
5.1576023 37.55825 0.016 0.0 8.0
1.8034713 33.981274 0.017 0.0 8.0
3.6069427 38.54115 0.017 0.0 8.0
3.6069427 38.54115 0.018 0.0 9.0
6.961074 42.118126 0.018 0.0 9.0
3.6069427 38.54115 0.019 0.0 9.0
5.4104137 43.101025 0.019 0.0 9.0
0.0 29.421398 0.020 73.0 7.0
0.0 34.324966 0.020 73.0 7.0
0.0 34.324966 0.021 0.0 8.0
1.8034713 38.884842 0.021 0.0 8.0
0.0 34.324966 0.022 72.0 8.0
0.0 39.22853 0.022 72.0 8.0
0.0 39.22853 0.023 0.0 9.0
1.8034713 43.788406 0.023 0.0 9.0
0.0 39.22853 0.024 71.0 9.0
0.0 44.132095 0.024 71.0 9.0
0.0 44.132095 0.025 7.0 10.0
-1.8034713 48.69197 0.025 7.0 10.0
-1.8034713 48.69197 0.026 0.0 11.0
-1.8034713 53.595535 0.026 0.0 11.0
-1.8034713 48.69197 0.027 6.0 11.0
-3.6069427 53.251846 0.027 6.0 11.0
-3.6069427 53.251846 0.028 0.0 12.0
-3.6069427 58.15541 0.028 0.0 12.0
-3.6069427 53.251846 0.029 5.0 12.0
-5.4104137 57.81172 0.029 5.0 12.0
-5.4104137 57.81172 0.030 1.0 13.0
-8.764545 61.3887 0.030 1.0 13.0
-8.764545 61.3887 0.031 0.0 14.0
-10.568017 65.94857 0.031 0.0 14.0
-8.764545 61.3887 0.032 0.0 14.0
-12.118677 64.965675 0.032 0.0 14.0
-12.118677 64.965675 0.033 0.0 15.0
-13.922149 69.52555 0.033 0.0 15.0
-12.118677 64.965675 0.034 0.0 15.0
-15.472809 68.542656 0.034 0.0 15.0
-5.4104137 57.81172 0.035 4.0 13.0
-7.2138853 62.371597 0.035 4.0 13.0
-7.2138853 62.371597 0.036 0.0 14.0
-7.2138853 67.27516 0.036 0.0 14.0
-7.2138853 62.371597 0.037 3.0 14.0
-9.017357 66.93147 0.037 3.0 14.0
-9.017357 66.93147 0.038 0.0 15.0
-9.017357 71.83504 0.038 0.0 15.0
-9.017357 66.93147 0.039 2.0 15.0
-10.820828 71.49135 0.039 2.0 15.0
-10.820828 71.49135 0.040 1.0 16.0
-10.820828 76.39491 0.040 1.0 16.0
-10.820828 76.39491 0.041 0.0 17.0
-9.017357 80.95479 0.041 0.0 17.0
-10.820828 76.39491 0.042 0.0 17.0
-10.820828 81.29848 0.042 0.0 17.0
-10.820828 81.29848 0.043 0.0 18.0
-9.017357 85.85835 0.043 0.0 18.0
-10.820828 81.29848 0.044 0.0 18.0
-10.820828 86.20204 0.044 0.0 18.0
-10.820828 71.49135 0.045 1.0 16.0
-12.6243 76.05122 0.045 1.0 16.0
-12.6243 76.05122 0.046 0.0 17.0
-12.6243 80.95479 0.046 0.0 17.0
-12.6243 76.05122 0.047 0.0 17.0
-14.427772 80.6111 0.047 0.0 17.0
-14.427772 80.6111 0.048 0.0 18.0
-14.427772 85.51466 0.048 0.0 18.0
-14.427772 80.6111 0.049 0.0 18.0
-16.231243 85.170975 0.049 0.0 18.0
0.0 44.132095 0.050 70.0 10.0
0.0 49.03566 0.050 70.0 10.0
0.0 49.03566 0.051 0.0 11.0
1.8034713 53.595535 0.051 0.0 11.0
0.0 49.03566 0.052 69.0 11.0
0.0 53.939224 0.052 69.0 11.0
0.0 53.939224 0.053 0.0 12.0
1.8034713 58.4991 0.053 0.0 12.0
0.0 53.939224 0.054 68.0 12.0
0.0 58.84279 0.054 68.0 12.0
0.0 58.84279 0.055 1.0 13.0
-1.8034713 63.402664 0.055 1.0 13.0
-1.8034713 63.402664 0.056 0.0 14.0
-1.8034713 68.30623 0.056 0.0 14.0
-1.8034713 63.402664 0.057 0.0 14.0
-3.6069427 67.96254 0.057 0.0 14.0
-3.6069427 67.96254 0.058 0.0 15.0
-3.6069427 72.866104 0.058 0.0 15.0
-3.6069427 67.96254 0.059 0.0 15.0
-5.4104137 72.522415 0.059 0.0 15.0
0.0 58.84279 0.060 67.0 13.0
0.0 63.746353 0.060 67.0 13.0
0.0 63.746353 0.061 0.0 14.0
1.8034713 68.30623 0.061 0.0 14.0
0.0 63.746353 0.062 66.0 14.0
0.0 68.64992 0.062 66.0 14.0
0.0 68.64992 0.063 0.0 15.0
1.8034713 73.20979 0.063 0.0 15.0
0.0 68.64992 0.064 65.0 15.0
0.0 73.55348 0.064 65.0 15.0
0.0 73.55348 0.065 1.0 16.0
1.8034713 78.11336 0.065 1.0 16.0
1.8034713 78.11336 0.066 0.0 17.0
5.1576023 81.69034 0.066 0.0 17.0
1.8034713 78.11336 0.067 0.0 17.0
3.6069427 82.67323 0.067 0.0 17.0
3.6069427 82.67323 0.068 0.0 18.0
6.961074 86.25021 0.068 0.0 18.0
3.6069427 82.67323 0.069 0.0 18.0
5.4104137 87.23311 0.069 0.0 18.0
0.0 73.55348 0.070 64.0 16.0
0.0 78.45705 0.070 64.0 16.0
0.0 78.45705 0.071 0.0 17.0
1.8034713 83.01692 0.071 0.0 17.0
0.0 78.45705 0.072 63.0 17.0
0.0 83.36061 0.072 63.0 17.0
0.0 83.36061 0.073 0.0 18.0
1.8034713 87.92049 0.073 0.0 18.0
0.0 83.36061 0.074 62.0 18.0
0.0 88.264175 0.074 62.0 18.0
0.0 88.264175 0.075 7.0 19.0
1.8034713 92.82405 0.075 7.0 19.0
1.8034713 92.82405 0.076 0.0 20.0
5.1576023 96.40103 0.076 0.0 20.0
1.8034713 92.82405 0.077 6.0 20.0
3.6069427 97.38393 0.077 6.0 20.0
3.6069427 97.38393 0.078 0.0 21.0
6.961074 100.96091 0.078 0.0 21.0
3.6069427 97.38393 0.079 5.0 21.0
5.4104137 101.9438 0.079 5.0 21.0
5.4104137 101.9438 0.080 1.0 22.0
5.4104137 106.84737 0.080 1.0 22.0
5.4104137 106.84737 0.081 0.0 23.0
7.2138853 111.40724 0.081 0.0 23.0
5.4104137 106.84737 0.082 0.0 23.0
5.4104137 111.75093 0.082 0.0 23.0
5.4104137 111.75093 0.083 0.0 24.0
7.2138853 116.31081 0.083 0.0 24.0
5.4104137 111.75093 0.084 0.0 24.0
5.4104137 116.654495 0.084 0.0 24.0
5.4104137 101.9438 0.085 4.0 22.0
7.2138853 106.50368 0.085 4.0 22.0
7.2138853 106.50368 0.086 0.0 23.0
10.568016 110.08066 0.086 0.0 23.0
7.2138853 106.50368 0.087 3.0 23.0
9.017357 111.06355 0.087 3.0 23.0
9.017357 111.06355 0.088 0.0 24.0
12.371489 114.64053 0.088 0.0 24.0
9.017357 111.06355 0.089 2.0 24.0
10.820828 115.62343 0.089 2.0 24.0
10.820828 115.62343 0.090 1.0 25.0
14.174959 119.20041 0.090 1.0 25.0
14.174959 119.20041 0.091 0.0 26.0
18.609566 121.29307 0.091 0.0 26.0
14.174959 119.20041 0.092 0.0 26.0
17.52909 122.77739 0.092 0.0 26.0
17.52909 122.77739 0.093 0.0 27.0
21.9637 124.87005 0.093 0.0 27.0
17.52909 122.77739 0.094 0.0 27.0
20.883223 126.35437 0.094 0.0 27.0
10.820828 115.62343 0.095 1.0 25.0
12.6243 120.183304 0.095 1.0 25.0
12.6243 120.183304 0.096 0.0 26.0
15.978432 123.760284 0.096 0.0 26.0
12.6243 120.183304 0.097 0.0 26.0
14.427772 124.74318 0.097 0.0 26.0
14.427772 124.74318 0.098 0.0 27.0
17.781902 128.32016 0.098 0.0 27.0
14.427772 124.74318 0.099 0.0 27.0
16.231243 129.30305 0.099 0.0 27.0
0.0 88.264175 0.0100 61.0 19.0
0.0 93.16774 0.0100 61.0 19.0
0.0 93.16774 0.0101 0.0 20.0
1.8034713 97.727615 0.0101 0.0 20.0
0.0 93.16774 0.0102 60.0 20.0
0.0 98.071304 0.0102 60.0 20.0
0.0 98.071304 0.0103 0.0 21.0
1.8034713 102.63118 0.0103 0.0 21.0
0.0 98.071304 0.0104 59.0 21.0
0.0 102.97487 0.0104 59.0 21.0
0.0 102.97487 0.0105 1.0 22.0
-1.8034713 107.534744 0.0105 1.0 22.0
-1.8034713 107.534744 0.0106 0.0 23.0
-1.8034713 112.43831 0.0106 0.0 23.0
-1.8034713 107.534744 0.0107 0.0 23.0
-3.6069427 112.09462 0.0107 0.0 23.0
-3.6069427 112.09462 0.0108 0.0 24.0
-3.6069427 116.998184 0.0108 0.0 24.0
-3.6069427 112.09462 0.0109 0.0 24.0
-5.4104137 116.654495 0.0109 0.0 24.0
0.0 102.97487 0.0110 58.0 22.0
0.0 107.87843 0.0110 58.0 22.0
0.0 107.87843 0.0111 0.0 23.0
1.8034713 112.43831 0.0111 0.0 23.0
0.0 107.87843 0.0112 57.0 23.0
0.0 112.782 0.0112 57.0 23.0
0.0 112.782 0.0113 0.0 24.0
1.8034713 117.34187 0.0113 0.0 24.0
0.0 112.782 0.0114 56.0 24.0
0.0 117.68556 0.0114 56.0 24.0
0.0 117.68556 0.0115 1.0 25.0
1.8034713 122.24544 0.0115 1.0 25.0
1.8034713 122.24544 0.0116 0.0 26.0
5.1576023 125.82242 0.0116 0.0 26.0
1.8034713 122.24544 0.0117 0.0 26.0
3.6069427 126.80531 0.0117 0.0 26.0
3.6069427 126.80531 0.0118 0.0 27.0
6.961074 130.3823 0.0118 0.0 27.0
3.6069427 126.80531 0.0119 0.0 27.0
5.4104137 131.36519 0.0119 0.0 27.0
0.0 117.68556 0.0120 55.0 25.0
0.0 122.58913 0.0120 55.0 25.0
0.0 122.58913 0.0121 0.0 26.0
1.8034713 127.149 0.0121 0.0 26.0
0.0 122.58913 0.0122 54.0 26.0
0.0 127.49269 0.0122 54.0 26.0
0.0 127.49269 0.0123 0.0 27.0
1.8034713 132.05257 0.0123 0.0 27.0
0.0 127.49269 0.0124 53.0 27.0
0.0 132.39626 0.0124 53.0 27.0
0.0 132.39626 0.0125 25.0 28.0
1.8034713 136.95613 0.0125 25.0 28.0
1.8034713 136.95613 0.0126 0.0 29.0
5.1576023 140.53311 0.0126 0.0 29.0
1.8034713 136.95613 0.0127 24.0 29.0
3.6069427 141.516 0.0127 24.0 29.0
3.6069427 141.516 0.0128 0.0 30.0
6.961074 145.09299 0.0128 0.0 30.0
3.6069427 141.516 0.0129 23.0 30.0
5.4104137 146.07588 0.0129 23.0 30.0
5.4104137 146.07588 0.0130 1.0 31.0
5.4104137 150.97945 0.0130 1.0 31.0
5.4104137 150.97945 0.0131 0.0 32.0
7.2138853 155.53932 0.0131 0.0 32.0
5.4104137 150.97945 0.0132 0.0 32.0
5.4104137 155.88301 0.0132 0.0 32.0
5.4104137 155.88301 0.0133 0.0 33.0
7.2138853 160.44289 0.0133 0.0 33.0
5.4104137 155.88301 0.0134 0.0 33.0
5.4104137 160.78658 0.0134 0.0 33.0
5.4104137 146.07588 0.0135 22.0 31.0
7.2138853 150.63576 0.0135 22.0 31.0
7.2138853 150.63576 0.0136 0.0 32.0
10.568016 154.21274 0.0136 0.0 32.0
7.2138853 150.63576 0.0137 21.0 32.0
9.017357 155.19563 0.0137 21.0 32.0
9.017357 155.19563 0.0138 0.0 33.0
12.371489 158.77261 0.0138 0.0 33.0
9.017357 155.19563 0.0139 20.0 33.0
10.820828 159.75551 0.0139 20.0 33.0
10.820828 159.75551 0.0140 1.0 34.0
14.174959 163.33249 0.0140 1.0 34.0
14.174959 163.33249 0.0141 0.0 35.0
18.609566 165.42514 0.0141 0.0 35.0
14.174959 163.33249 0.0142 0.0 35.0
17.52909 166.90947 0.0142 0.0 35.0
17.52909 166.90947 0.0143 0.0 36.0
21.9637 169.00212 0.0143 0.0 36.0
17.52909 166.90947 0.0144 0.0 36.0
20.883223 170.48645 0.0144 0.0 36.0
10.820828 159.75551 0.0145 19.0 34.0
12.6243 164.31538 0.0145 19.0 34.0
12.6243 164.31538 0.0146 0.0 35.0
15.978432 167.89236 0.0146 0.0 35.0
12.6243 164.31538 0.0147 18.0 35.0
14.427772 168.87526 0.0147 18.0 35.0
14.427772 168.87526 0.0148 0.0 36.0
17.781902 172.45224 0.0148 0.0 36.0
14.427772 168.87526 0.0149 17.0 36.0
16.231243 173.43513 0.0149 17.0 36.0
16.231243 173.43513 0.0150 7.0 37.0
16.231243 178.3387 0.0150 7.0 37.0
16.231243 178.3387 0.0151 0.0 38.0
18.034714 182.89857 0.0151 0.0 38.0
16.231243 178.3387 0.0152 6.0 38.0
16.231243 183.24226 0.0152 6.0 38.0
16.231243 183.24226 0.0153 0.0 39.0
18.034714 187.80214 0.0153 0.0 39.0
16.231243 183.24226 0.0154 5.0 39.0
16.231243 188.14583 0.0154 5.0 39.0
16.231243 188.14583 0.0155 1.0 40.0
14.427772 192.7057 0.0155 1.0 40.0
14.427772 192.7057 0.0156 0.0 41.0
14.427772 197.60927 0.0156 0.0 41.0
14.427772 192.7057 0.0157 0.0 41.0
12.6243 197.26558 0.0157 0.0 41.0
12.6243 197.26558 0.0158 0.0 42.0
12.6243 202.16914 0.0158 0.0 42.0
12.6243 197.26558 0.0159 0.0 42.0
10.820828 201.82545 0.0159 0.0 42.0
16.231243 188.14583 0.0160 4.0 40.0
16.231243 193.0494 0.0160 4.0 40.0
16.231243 193.0494 0.0161 0.0 41.0
18.034714 197.60927 0.0161 0.0 41.0
16.231243 193.0494 0.0162 3.0 41.0
16.231243 197.95296 0.0162 3.0 41.0
16.231243 197.95296 0.0163 0.0 42.0
18.034714 202.51283 0.0163 0.0 42.0
16.231243 197.95296 0.0164 2.0 42.0
16.231243 202.85652 0.0164 2.0 42.0
16.231243 202.85652 0.0165 1.0 43.0
18.034714 207.4164 0.0165 1.0 43.0
18.034714 207.4164 0.0166 0.0 44.0
21.388845 210.99338 0.0166 0.0 44.0
18.034714 207.4164 0.0167 0.0 44.0
19.838184 211.97627 0.0167 0.0 44.0
19.838184 211.97627 0.0168 0.0 45.0
23.192316 215.55325 0.0168 0.0 45.0
19.838184 211.97627 0.0169 0.0 45.0
21.641655 216.53615 0.0169 0.0 45.0
16.231243 202.85652 0.0170 1.0 43.0
16.231243 207.76009 0.0170 1.0 43.0
16.231243 207.76009 0.0171 0.0 44.0
18.034714 212.31996 0.0171 0.0 44.0
16.231243 207.76009 0.0172 0.0 44.0
16.231243 212.66365 0.0172 0.0 44.0
16.231243 212.66365 0.0173 0.0 45.0
18.034714 217.22353 0.0173 0.0 45.0
16.231243 212.66365 0.0174 0.0 45.0
16.231243 217.56721 0.0174 0.0 45.0
16.231243 173.43513 0.0175 16.0 37.0
18.034714 177.99501 0.0175 16.0 37.0
18.034714 177.99501 0.0176 0.0 38.0
21.388845 181.57199 0.0176 0.0 38.0
18.034714 177.99501 0.0177 15.0 38.0
19.838184 182.55489 0.0177 15.0 38.0
19.838184 182.55489 0.0178 0.0 39.0
23.192316 186.13187 0.0178 0.0 39.0
19.838184 182.55489 0.0179 14.0 39.0
21.641655 187.11476 0.0179 14.0 39.0
21.641655 187.11476 0.0180 1.0 40.0
21.641655 192.01833 0.0180 1.0 40.0
21.641655 192.01833 0.0181 0.0 41.0
23.445126 196.5782 0.0181 0.0 41.0
21.641655 192.01833 0.0182 0.0 41.0
21.641655 196.92189 0.0182 0.0 41.0
21.641655 196.92189 0.0183 0.0 42.0
23.445126 201.48177 0.0183 0.0 42.0
21.641655 196.92189 0.0184 0.0 42.0
21.641655 201.82545 0.0184 0.0 42.0
21.641655 187.11476 0.0185 13.0 40.0
23.445126 191.67464 0.0185 13.0 40.0
23.445126 191.67464 0.0186 0.0 41.0
26.799257 195.25162 0.0186 0.0 41.0
23.445126 191.67464 0.0187 12.0 41.0
25.248596 196.23451 0.0187 12.0 41.0
25.248596 196.23451 0.0188 0.0 42.0
28.602728 199.8115 0.0188 0.0 42.0
25.248596 196.23451 0.0189 11.0 42.0
27.052067 200.79439 0.0189 11.0 42.0
27.052067 200.79439 0.0190 1.0 43.0
30.406199 204.37137 0.0190 1.0 43.0
30.406199 204.37137 0.0191 0.0 44.0
34.840805 206.46402 0.0191 0.0 44.0
30.406199 204.37137 0.0192 0.0 44.0
33.76033 207.94835 0.0192 0.0 44.0
33.76033 207.94835 0.0193 0.0 45.0
38.19494 210.041 0.0193 0.0 45.0
33.76033 207.94835 0.0194 0.0 45.0
37.11446 211.52533 0.0194 0.0 45.0
27.052067 200.79439 0.0195 10.0 43.0
28.855537 205.35426 0.0195 10.0 43.0
28.855537 205.35426 0.0196 0.0 44.0
32.209667 208.93124 0.0196 0.0 44.0
28.855537 205.35426 0.0197 9.0 44.0
30.659008 209.91414 0.0197 9.0 44.0
30.659008 209.91414 0.0198 0.0 45.0
34.013138 213.49112 0.0198 0.0 45.0
30.659008 209.91414 0.0199 8.0 45.0
32.46248 214.47401 0.0199 8.0 45.0
32.46248 214.47401 0.0200 7.0 46.0
35.81661 218.051 0.0200 7.0 46.0
35.81661 218.051 0.0201 0.0 47.0
40.251217 220.14365 0.0201 0.0 47.0
35.81661 218.051 0.0202 6.0 47.0
39.17074 221.62798 0.0202 6.0 47.0
39.17074 221.62798 0.0203 0.0 48.0
43.605347 223.72063 0.0203 0.0 48.0
39.17074 221.62798 0.0204 5.0 48.0
42.524868 225.20496 0.0204 5.0 48.0
42.524868 225.20496 0.0205 1.0 49.0
44.32834 229.76483 0.0205 1.0 49.0
44.32834 229.76483 0.0206 0.0 50.0
47.68247 233.34181 0.0206 0.0 50.0
44.32834 229.76483 0.0207 0.0 50.0
46.13181 234.3247 0.0207 0.0 50.0
46.13181 234.3247 0.0208 0.0 51.0
49.48594 237.90169 0.0208 0.0 51.0
46.13181 234.3247 0.0209 0.0 51.0
47.93528 238.88458 0.0209 0.0 51.0
42.524868 225.20496 0.0210 4.0 49.0
45.878998 228.78194 0.0210 4.0 49.0
45.878998 228.78194 0.0211 0.0 50.0
50.313606 230.87459 0.0211 0.0 50.0
45.878998 228.78194 0.0212 3.0 50.0
49.233128 232.35892 0.0212 3.0 50.0
49.233128 232.35892 0.0213 0.0 51.0
53.667736 234.45157 0.0213 0.0 51.0
49.233128 232.35892 0.0214 2.0 51.0
52.587257 235.9359 0.0214 2.0 51.0
52.587257 235.9359 0.0215 1.0 52.0
57.021866 238.02855 0.0215 1.0 52.0
57.021866 238.02855 0.0216 0.0 53.0
61.915306 238.34354 0.0216 0.0 53.0
57.021866 238.02855 0.0217 0.0 53.0
61.456474 240.1212 0.0217 0.0 53.0
61.456474 240.1212 0.0218 0.0 54.0
66.349915 240.43619 0.0218 0.0 54.0
61.456474 240.1212 0.0219 0.0 54.0
65.89108 242.21385 0.0219 0.0 54.0
52.587257 235.9359 0.0220 1.0 52.0
55.941387 239.51288 0.0220 1.0 52.0
55.941387 239.51288 0.0221 0.0 53.0
60.375996 241.60553 0.0221 0.0 53.0
55.941387 239.51288 0.0222 0.0 53.0
59.295517 243.08986 0.0222 0.0 53.0
59.295517 243.08986 0.0223 0.0 54.0
63.730125 245.18251 0.0223 0.0 54.0
59.295517 243.08986 0.0224 0.0 54.0
62.649647 246.66684 0.0224 0.0 54.0
32.46248 214.47401 0.0225 7.0 46.0
34.26595 219.03389 0.0225 7.0 46.0
34.26595 219.03389 0.0226 0.0 47.0
37.62008 222.61087 0.0226 0.0 47.0
34.26595 219.03389 0.0227 6.0 47.0
36.06942 223.59377 0.0227 6.0 47.0
36.06942 223.59377 0.0228 0.0 48.0
39.42355 227.17075 0.0228 0.0 48.0
36.06942 223.59377 0.0229 5.0 48.0
37.87289 228.15364 0.0229 5.0 48.0
37.87289 228.15364 0.0230 1.0 49.0
37.87289 233.0572 0.0230 1.0 49.0
37.87289 233.0572 0.0231 0.0 50.0
39.67636 237.61708 0.0231 0.0 50.0
37.87289 233.0572 0.0232 0.0 50.0
37.87289 237.96077 0.0232 0.0 50.0
37.87289 237.96077 0.0233 0.0 51.0
39.67636 242.52065 0.0233 0.0 51.0
37.87289 237.96077 0.0234 0.0 51.0
37.87289 242.86433 0.0234 0.0 51.0
37.87289 228.15364 0.0235 4.0 49.0
39.67636 232.71352 0.0235 4.0 49.0
39.67636 232.71352 0.0236 0.0 50.0
43.03049 236.2905 0.0236 0.0 50.0
39.67636 232.71352 0.0237 3.0 50.0
41.47983 237.27339 0.0237 3.0 50.0
41.47983 237.27339 0.0238 0.0 51.0
44.83396 240.85037 0.0238 0.0 51.0
41.47983 237.27339 0.0239 2.0 51.0
43.283302 241.83327 0.0239 2.0 51.0
43.283302 241.83327 0.0240 1.0 52.0
46.637432 245.41025 0.0240 1.0 52.0
46.637432 245.41025 0.0241 0.0 53.0
51.07204 247.5029 0.0241 0.0 53.0
46.637432 245.41025 0.0242 0.0 53.0
49.99156 248.98723 0.0242 0.0 53.0
49.99156 248.98723 0.0243 0.0 54.0
54.42617 251.07988 0.0243 0.0 54.0
49.99156 248.98723 0.0244 0.0 54.0
53.34569 252.56421 0.0244 0.0 54.0
43.283302 241.83327 0.0245 1.0 52.0
45.086773 246.39314 0.0245 1.0 52.0
45.086773 246.39314 0.0246 0.0 53.0
48.440903 249.97012 0.0246 0.0 53.0
45.086773 246.39314 0.0247 0.0 53.0
46.890244 250.95302 0.0247 0.0 53.0
46.890244 250.95302 0.0248 0.0 54.0
50.244373 254.53 0.0248 0.0 54.0
46.890244 250.95302 0.0249 0.0 54.0
48.693714 255.5129 0.0249 0.0 54.0
0.0 132.39626 0.0250 52.0 28.0
0.0 137.29982 0.0250 52.0 28.0
0.0 137.29982 0.0251 0.0 29.0
1.8034713 141.8597 0.0251 0.0 29.0
0.0 137.29982 0.0252 51.0 29.0
0.0 142.20338 0.0252 51.0 29.0
0.0 142.20338 0.0253 0.0 30.0
1.8034713 146.76326 0.0253 0.0 30.0
0.0 142.20338 0.0254 50.0 30.0
0.0 147.10695 0.0254 50.0 30.0
0.0 147.10695 0.0255 1.0 31.0
-1.8034713 151.66682 0.0255 1.0 31.0
-1.8034713 151.66682 0.0256 0.0 32.0
-1.8034713 156.57039 0.0256 0.0 32.0
-1.8034713 151.66682 0.0257 0.0 32.0
-3.6069427 156.2267 0.0257 0.0 32.0
-3.6069427 156.2267 0.0258 0.0 33.0
-3.6069427 161.13026 0.0258 0.0 33.0
-3.6069427 156.2267 0.0259 0.0 33.0
-5.4104137 160.78658 0.0259 0.0 33.0
0.0 147.10695 0.0260 49.0 31.0
0.0 152.01051 0.0260 49.0 31.0
0.0 152.01051 0.0261 0.0 32.0
1.8034713 156.57039 0.0261 0.0 32.0
0.0 152.01051 0.0262 48.0 32.0
0.0 156.91408 0.0262 48.0 32.0
0.0 156.91408 0.0263 0.0 33.0
1.8034713 161.47395 0.0263 0.0 33.0
0.0 156.91408 0.0264 47.0 33.0
0.0 161.81764 0.0264 47.0 33.0
0.0 161.81764 0.0265 1.0 34.0
1.8034713 166.37752 0.0265 1.0 34.0
1.8034713 166.37752 0.0266 0.0 35.0
5.1576023 169.9545 0.0266 0.0 35.0
1.8034713 166.37752 0.0267 0.0 35.0
3.6069427 170.9374 0.0267 0.0 35.0
3.6069427 170.9374 0.0268 0.0 36.0
6.961074 174.51437 0.0268 0.0 36.0
3.6069427 170.9374 0.0269 0.0 36.0
5.4104137 175.49727 0.0269 0.0 36.0
0.0 161.81764 0.0270 46.0 34.0
0.0 166.7212 0.0270 46.0 34.0
0.0 166.7212 0.0271 0.0 35.0
1.8034713 171.28108 0.0271 0.0 35.0
0.0 166.7212 0.0272 45.0 35.0
0.0 171.62477 0.0272 45.0 35.0
0.0 171.62477 0.0273 0.0 36.0
1.8034713 176.18465 0.0273 0.0 36.0
0.0 171.62477 0.0274 44.0 36.0
0.0 176.52834 0.0274 44.0 36.0
0.0 176.52834 0.0275 7.0 37.0
-1.8034713 181.08821 0.0275 7.0 37.0
-1.8034713 181.08821 0.0276 0.0 38.0
-1.8034713 185.99178 0.0276 0.0 38.0
-1.8034713 181.08821 0.0277 6.0 38.0
-3.6069427 185.64809 0.0277 6.0 38.0
-3.6069427 185.64809 0.0278 0.0 39.0
-3.6069427 190.55165 0.0278 0.0 39.0
-3.6069427 185.64809 0.0279 5.0 39.0
-5.4104137 190.20796 0.0279 5.0 39.0
-5.4104137 190.20796 0.0280 1.0 40.0
-8.764545 193.78494 0.0280 1.0 40.0
-8.764545 193.78494 0.0281 0.0 41.0
-10.568017 198.34482 0.0281 0.0 41.0
-8.764545 193.78494 0.0282 0.0 41.0
-12.118677 197.36192 0.0282 0.0 41.0
-12.118677 197.36192 0.0283 0.0 42.0
-13.922149 201.9218 0.0283 0.0 42.0
-12.118677 197.36192 0.0284 0.0 42.0
-15.472809 200.9389 0.0284 0.0 42.0
-5.4104137 190.20796 0.0285 4.0 40.0
-7.2138853 194.76784 0.0285 4.0 40.0
-7.2138853 194.76784 0.0286 0.0 41.0
-7.2138853 199.6714 0.0286 0.0 41.0
-7.2138853 194.76784 0.0287 3.0 41.0
-9.017357 199.32771 0.0287 3.0 41.0
-9.017357 199.32771 0.0288 0.0 42.0
-9.017357 204.23128 0.0288 0.0 42.0
-9.017357 199.32771 0.0289 2.0 42.0
-10.820828 203.88759 0.0289 2.0 42.0
-10.820828 203.88759 0.0290 1.0 43.0
-10.820828 208.79115 0.0290 1.0 43.0
-10.820828 208.79115 0.0291 0.0 44.0
-9.017357 213.35103 0.0291 0.0 44.0
-10.820828 208.79115 0.0292 0.0 44.0
-10.820828 213.69472 0.0292 0.0 44.0
-10.820828 213.69472 0.0293 0.0 45.0
-9.017357 218.2546 0.0293 0.0 45.0
-10.820828 213.69472 0.0294 0.0 45.0
-10.820828 218.59828 0.0294 0.0 45.0
-10.820828 203.88759 0.0295 1.0 43.0
-12.6243 208.44746 0.0295 1.0 43.0
-12.6243 208.44746 0.0296 0.0 44.0
-12.6243 213.35103 0.0296 0.0 44.0
-12.6243 208.44746 0.0297 0.0 44.0
-14.427772 213.00734 0.0297 0.0 44.0
-14.427772 213.00734 0.0298 0.0 45.0
-14.427772 217.9109 0.0298 0.0 45.0
-14.427772 213.00734 0.0299 0.0 45.0
-16.231243 217.56721 0.0299 0.0 45.0
0.0 176.52834 0.0300 43.0 37.0
0.0 181.4319 0.0300 43.0 37.0
0.0 181.4319 0.0301 0.0 38.0
1.8034713 185.99178 0.0301 0.0 38.0
0.0 181.4319 0.0302 42.0 38.0
0.0 186.33546 0.0302 42.0 38.0
0.0 186.33546 0.0303 0.0 39.0
1.8034713 190.89534 0.0303 0.0 39.0
0.0 186.33546 0.0304 41.0 39.0
0.0 191.23903 0.0304 41.0 39.0
0.0 191.23903 0.0305 1.0 40.0
-1.8034713 195.7989 0.0305 1.0 40.0
-1.8034713 195.7989 0.0306 0.0 41.0
-1.8034713 200.70247 0.0306 0.0 41.0
-1.8034713 195.7989 0.0307 0.0 41.0
-3.6069427 200.35878 0.0307 0.0 41.0
-3.6069427 200.35878 0.0308 0.0 42.0
-3.6069427 205.26234 0.0308 0.0 42.0
-3.6069427 200.35878 0.0309 0.0 42.0
-5.4104137 204.91866 0.0309 0.0 42.0
0.0 191.23903 0.0310 40.0 40.0
0.0 196.1426 0.0310 40.0 40.0
0.0 196.1426 0.0311 0.0 41.0
1.8034713 200.70247 0.0311 0.0 41.0
0.0 196.1426 0.0312 39.0 41.0
0.0 201.04616 0.0312 39.0 41.0
0.0 201.04616 0.0313 0.0 42.0
1.8034713 205.60603 0.0313 0.0 42.0
0.0 201.04616 0.0314 38.0 42.0
0.0 205.94972 0.0314 38.0 42.0
0.0 205.94972 0.0315 1.0 43.0
1.8034713 210.5096 0.0315 1.0 43.0
1.8034713 210.5096 0.0316 0.0 44.0
5.1576023 214.08658 0.0316 0.0 44.0
1.8034713 210.5096 0.0317 0.0 44.0
3.6069427 215.06947 0.0317 0.0 44.0
3.6069427 215.06947 0.0318 0.0 45.0
6.961074 218.64645 0.0318 0.0 45.0
3.6069427 215.06947 0.0319 0.0 45.0
5.4104137 219.62935 0.0319 0.0 45.0
0.0 205.94972 0.0320 37.0 43.0
0.0 210.85329 0.0320 37.0 43.0
0.0 210.85329 0.0321 0.0 44.0
1.8034713 215.41316 0.0321 0.0 44.0
0.0 210.85329 0.0322 36.0 44.0
0.0 215.75685 0.0322 36.0 44.0
0.0 215.75685 0.0323 0.0 45.0
1.8034713 220.31673 0.0323 0.0 45.0
0.0 215.75685 0.0324 35.0 45.0
0.0 220.66042 0.0324 35.0 45.0
0.0 220.66042 0.0325 7.0 46.0
1.8034713 225.22029 0.0325 7.0 46.0
1.8034713 225.22029 0.0326 0.0 47.0
5.1576023 228.79727 0.0326 0.0 47.0
1.8034713 225.22029 0.0327 6.0 47.0
3.6069427 229.78017 0.0327 6.0 47.0
3.6069427 229.78017 0.0328 0.0 48.0
6.961074 233.35715 0.0328 0.0 48.0
3.6069427 229.78017 0.0329 5.0 48.0
5.4104137 234.34004 0.0329 5.0 48.0
5.4104137 234.34004 0.0330 1.0 49.0
5.4104137 239.2436 0.0330 1.0 49.0
5.4104137 239.2436 0.0331 0.0 50.0
7.2138853 243.80348 0.0331 0.0 50.0
5.4104137 239.2436 0.0332 0.0 50.0
5.4104137 244.14717 0.0332 0.0 50.0
5.4104137 244.14717 0.0333 0.0 51.0
7.2138853 248.70705 0.0333 0.0 51.0
5.4104137 244.14717 0.0334 0.0 51.0
5.4104137 249.05074 0.0334 0.0 51.0
5.4104137 234.34004 0.0335 4.0 49.0
7.2138853 238.89992 0.0335 4.0 49.0
7.2138853 238.89992 0.0336 0.0 50.0
10.568016 242.4769 0.0336 0.0 50.0
7.2138853 238.89992 0.0337 3.0 50.0
9.017357 243.4598 0.0337 3.0 50.0
9.017357 243.4598 0.0338 0.0 51.0
12.371489 247.03677 0.0338 0.0 51.0
9.017357 243.4598 0.0339 2.0 51.0
10.820828 248.01967 0.0339 2.0 51.0
10.820828 248.01967 0.0340 1.0 52.0
14.174959 251.59665 0.0340 1.0 52.0
14.174959 251.59665 0.0341 0.0 53.0
18.609566 253.6893 0.0341 0.0 53.0
14.174959 251.59665 0.0342 0.0 53.0
17.52909 255.17363 0.0342 0.0 53.0
17.52909 255.17363 0.0343 0.0 54.0
21.9637 257.2663 0.0343 0.0 54.0
17.52909 255.17363 0.0344 0.0 54.0
20.883223 258.7506 0.0344 0.0 54.0
10.820828 248.01967 0.0345 1.0 52.0
12.6243 252.57954 0.0345 1.0 52.0
12.6243 252.57954 0.0346 0.0 53.0
15.978432 256.15652 0.0346 0.0 53.0
12.6243 252.57954 0.0347 0.0 53.0
14.427772 257.1394 0.0347 0.0 53.0
14.427772 257.1394 0.0348 0.0 54.0
17.781902 260.71637 0.0348 0.0 54.0
14.427772 257.1394 0.0349 0.0 54.0
16.231243 261.69928 0.0349 0.0 54.0
0.0 220.66042 0.0350 34.0 46.0
0.0 225.56398 0.0350 34.0 46.0
0.0 225.56398 0.0351 0.0 47.0
1.8034713 230.12386 0.0351 0.0 47.0
0.0 225.56398 0.0352 33.0 47.0
0.0 230.46754 0.0352 33.0 47.0
0.0 230.46754 0.0353 0.0 48.0
1.8034713 235.02742 0.0353 0.0 48.0
0.0 230.46754 0.0354 32.0 48.0
0.0 235.37111 0.0354 32.0 48.0
0.0 235.37111 0.0355 1.0 49.0
-1.8034713 239.93098 0.0355 1.0 49.0
-1.8034713 239.93098 0.0356 0.0 50.0
-1.8034713 244.83455 0.0356 0.0 50.0
-1.8034713 239.93098 0.0357 0.0 50.0
-3.6069427 244.49086 0.0357 0.0 50.0
-3.6069427 244.49086 0.0358 0.0 51.0
-3.6069427 249.39442 0.0358 0.0 51.0
-3.6069427 244.49086 0.0359 0.0 51.0
-5.4104137 249.05074 0.0359 0.0 51.0
0.0 235.37111 0.0360 31.0 49.0
0.0 240.27467 0.0360 31.0 49.0
0.0 240.27467 0.0361 0.0 50.0
1.8034713 244.83455 0.0361 0.0 50.0
0.0 240.27467 0.0362 30.0 50.0
0.0 245.17824 0.0362 30.0 50.0
0.0 245.17824 0.0363 0.0 51.0
1.8034713 249.73811 0.0363 0.0 51.0
0.0 245.17824 0.0364 29.0 51.0
0.0 250.0818 0.0364 29.0 51.0
0.0 250.0818 0.0365 1.0 52.0
1.8034713 254.64168 0.0365 1.0 52.0
1.8034713 254.64168 0.0366 0.0 53.0
5.1576023 258.21866 0.0366 0.0 53.0
1.8034713 254.64168 0.0367 0.0 53.0
3.6069427 259.20154 0.0367 0.0 53.0
3.6069427 259.20154 0.0368 0.0 54.0
6.961074 262.7785 0.0368 0.0 54.0
3.6069427 259.20154 0.0369 0.0 54.0
5.4104137 263.7614 0.0369 0.0 54.0
0.0 250.0818 0.0370 28.0 52.0
0.0 254.98537 0.0370 28.0 52.0
0.0 254.98537 0.0371 0.0 53.0
1.8034713 259.54523 0.0371 0.0 53.0
0.0 254.98537 0.0372 27.0 53.0
0.0 259.88895 0.0372 27.0 53.0
0.0 259.88895 0.0373 0.0 54.0
1.8034713 264.44882 0.0373 0.0 54.0
0.0 259.88895 0.0374 26.0 54.0
0.0 264.7925 0.0374 26.0 54.0
0.0 264.7925 0.0375 25.0 55.0
1.8034713 269.3524 0.0375 25.0 55.0
1.8034713 269.3524 0.0376 0.0 56.0
5.1576023 272.92935 0.0376 0.0 56.0
1.8034713 269.3524 0.0377 24.0 56.0
3.6069427 273.91226 0.0377 24.0 56.0
3.6069427 273.91226 0.0378 0.0 57.0
6.961074 277.48923 0.0378 0.0 57.0
3.6069427 273.91226 0.0379 23.0 57.0
5.4104137 278.47214 0.0379 23.0 57.0
5.4104137 278.47214 0.0380 1.0 58.0
5.4104137 283.3757 0.0380 1.0 58.0
5.4104137 283.3757 0.0381 0.0 59.0
7.2138853 287.93558 0.0381 0.0 59.0
5.4104137 283.3757 0.0382 0.0 59.0
5.4104137 288.27927 0.0382 0.0 59.0
5.4104137 288.27927 0.0383 0.0 60.0
7.2138853 292.83914 0.0383 0.0 60.0
5.4104137 288.27927 0.0384 0.0 60.0
5.4104137 293.18283 0.0384 0.0 60.0
5.4104137 278.47214 0.0385 22.0 58.0
7.2138853 283.032 0.0385 22.0 58.0
7.2138853 283.032 0.0386 0.0 59.0
10.568016 286.60898 0.0386 0.0 59.0
7.2138853 283.032 0.0387 21.0 59.0
9.017357 287.5919 0.0387 21.0 59.0
9.017357 287.5919 0.0388 0.0 60.0
12.371489 291.16885 0.0388 0.0 60.0
9.017357 287.5919 0.0389 20.0 60.0
10.820828 292.15176 0.0389 20.0 60.0
10.820828 292.15176 0.0390 1.0 61.0
14.174959 295.72873 0.0390 1.0 61.0
14.174959 295.72873 0.0391 0.0 62.0
18.609566 297.82138 0.0391 0.0 62.0
14.174959 295.72873 0.0392 0.0 62.0
17.52909 299.3057 0.0392 0.0 62.0
17.52909 299.3057 0.0393 0.0 63.0
21.9637 301.39835 0.0393 0.0 63.0
17.52909 299.3057 0.0394 0.0 63.0
20.883223 302.88266 0.0394 0.0 63.0
10.820828 292.15176 0.0395 19.0 61.0
12.6243 296.71164 0.0395 19.0 61.0
12.6243 296.71164 0.0396 0.0 62.0
15.978432 300.2886 0.0396 0.0 62.0
12.6243 296.71164 0.0397 18.0 62.0
14.427772 301.2715 0.0397 18.0 62.0
14.427772 301.2715 0.0398 0.0 63.0
17.781902 304.84848 0.0398 0.0 63.0
14.427772 301.2715 0.0399 17.0 63.0
16.231243 305.8314 0.0399 17.0 63.0
16.231243 305.8314 0.0400 7.0 64.0
16.231243 310.73495 0.0400 7.0 64.0
16.231243 310.73495 0.0401 0.0 65.0
18.034714 315.29483 0.0401 0.0 65.0
16.231243 310.73495 0.0402 6.0 65.0
16.231243 315.63852 0.0402 6.0 65.0
16.231243 315.63852 0.0403 0.0 66.0
18.034714 320.1984 0.0403 0.0 66.0
16.231243 315.63852 0.0404 5.0 66.0
16.231243 320.54208 0.0404 5.0 66.0
16.231243 320.54208 0.0405 1.0 67.0
14.427772 325.10196 0.0405 1.0 67.0
14.427772 325.10196 0.0406 0.0 68.0
14.427772 330.00552 0.0406 0.0 68.0
14.427772 325.10196 0.0407 0.0 68.0
12.6243 329.66183 0.0407 0.0 68.0
12.6243 329.66183 0.0408 0.0 69.0
12.6243 334.5654 0.0408 0.0 69.0
12.6243 329.66183 0.0409 0.0 69.0
10.820828 334.2217 0.0409 0.0 69.0
16.231243 320.54208 0.0410 4.0 67.0
16.231243 325.44565 0.0410 4.0 67.0
16.231243 325.44565 0.0411 0.0 68.0
18.034714 330.00552 0.0411 0.0 68.0
16.231243 325.44565 0.0412 3.0 68.0
16.231243 330.3492 0.0412 3.0 68.0
16.231243 330.3492 0.0413 0.0 69.0
18.034714 334.9091 0.0413 0.0 69.0
16.231243 330.3492 0.0414 2.0 69.0
16.231243 335.25278 0.0414 2.0 69.0
16.231243 335.25278 0.0415 1.0 70.0
18.034714 339.81265 0.0415 1.0 70.0
18.034714 339.81265 0.0416 0.0 71.0
21.388845 343.38962 0.0416 0.0 71.0
18.034714 339.81265 0.0417 0.0 71.0
19.838184 344.37253 0.0417 0.0 71.0
19.838184 344.37253 0.0418 0.0 72.0
23.192316 347.9495 0.0418 0.0 72.0
19.838184 344.37253 0.0419 0.0 72.0
21.641655 348.9324 0.0419 0.0 72.0
16.231243 335.25278 0.0420 1.0 70.0
16.231243 340.15634 0.0420 1.0 70.0
16.231243 340.15634 0.0421 0.0 71.0
18.034714 344.71622 0.0421 0.0 71.0
16.231243 340.15634 0.0422 0.0 71.0
16.231243 345.0599 0.0422 0.0 71.0
16.231243 345.0599 0.0423 0.0 72.0
18.034714 349.61978 0.0423 0.0 72.0
16.231243 345.0599 0.0424 0.0 72.0
16.231243 349.96347 0.0424 0.0 72.0
16.231243 305.8314 0.0425 16.0 64.0
18.034714 310.39127 0.0425 16.0 64.0
18.034714 310.39127 0.0426 0.0 65.0
21.388845 313.96823 0.0426 0.0 65.0
18.034714 310.39127 0.0427 15.0 65.0
19.838184 314.95114 0.0427 15.0 65.0
19.838184 314.95114 0.0428 0.0 66.0
23.192316 318.5281 0.0428 0.0 66.0
19.838184 314.95114 0.0429 14.0 66.0
21.641655 319.51102 0.0429 14.0 66.0
21.641655 319.51102 0.0430 1.0 67.0
21.641655 324.41458 0.0430 1.0 67.0
21.641655 324.41458 0.0431 0.0 68.0
23.445126 328.97446 0.0431 0.0 68.0
21.641655 324.41458 0.0432 0.0 68.0
21.641655 329.31815 0.0432 0.0 68.0
21.641655 329.31815 0.0433 0.0 69.0
23.445126 333.87802 0.0433 0.0 69.0
21.641655 329.31815 0.0434 0.0 69.0
21.641655 334.2217 0.0434 0.0 69.0
21.641655 319.51102 0.0435 13.0 67.0
23.445126 324.0709 0.0435 13.0 67.0
23.445126 324.0709 0.0436 0.0 68.0
26.799257 327.64786 0.0436 0.0 68.0
23.445126 324.0709 0.0437 12.0 68.0
25.248596 328.63077 0.0437 12.0 68.0
25.248596 328.63077 0.0438 0.0 69.0
28.602728 332.20773 0.0438 0.0 69.0
25.248596 328.63077 0.0439 11.0 69.0
27.052067 333.19064 0.0439 11.0 69.0
27.052067 333.19064 0.0440 1.0 70.0
30.406199 336.7676 0.0440 1.0 70.0
30.406199 336.7676 0.0441 0.0 71.0
34.840805 338.86026 0.0441 0.0 71.0
30.406199 336.7676 0.0442 0.0 71.0
33.76033 340.34457 0.0442 0.0 71.0
33.76033 340.34457 0.0443 0.0 72.0
38.19494 342.43723 0.0443 0.0 72.0
33.76033 340.34457 0.0444 0.0 72.0
37.11446 343.92154 0.0444 0.0 72.0
27.052067 333.19064 0.0445 10.0 70.0
28.855537 337.75052 0.0445 10.0 70.0
28.855537 337.75052 0.0446 0.0 71.0
32.209667 341.32748 0.0446 0.0 71.0
28.855537 337.75052 0.0447 9.0 71.0
30.659008 342.3104 0.0447 9.0 71.0
30.659008 342.3104 0.0448 0.0 72.0
34.013138 345.88736 0.0448 0.0 72.0
30.659008 342.3104 0.0449 8.0 72.0
32.46248 346.87027 0.0449 8.0 72.0
32.46248 346.87027 0.0450 7.0 73.0
35.81661 350.44724 0.0450 7.0 73.0
35.81661 350.44724 0.0451 0.0 74.0
40.251217 352.5399 0.0451 0.0 74.0
35.81661 350.44724 0.0452 6.0 74.0
39.17074 354.0242 0.0452 6.0 74.0
39.17074 354.0242 0.0453 0.0 75.0
43.605347 356.11685 0.0453 0.0 75.0
39.17074 354.0242 0.0454 5.0 75.0
42.524868 357.60117 0.0454 5.0 75.0
42.524868 357.60117 0.0455 1.0 76.0
44.32834 362.16104 0.0455 1.0 76.0
44.32834 362.16104 0.0456 0.0 77.0
47.68247 365.738 0.0456 0.0 77.0
44.32834 362.16104 0.0457 0.0 77.0
46.13181 366.72092 0.0457 0.0 77.0
46.13181 366.72092 0.0458 0.0 78.0
49.48594 370.29788 0.0458 0.0 78.0
46.13181 366.72092 0.0459 0.0 78.0
47.93528 371.2808 0.0459 0.0 78.0
42.524868 357.60117 0.0460 4.0 76.0
45.878998 361.17813 0.0460 4.0 76.0
45.878998 361.17813 0.0461 0.0 77.0
50.313606 363.27078 0.0461 0.0 77.0
45.878998 361.17813 0.0462 3.0 77.0
49.233128 364.7551 0.0462 3.0 77.0
49.233128 364.7551 0.0463 0.0 78.0
53.667736 366.84775 0.0463 0.0 78.0
49.233128 364.7551 0.0464 2.0 78.0
52.587257 368.33206 0.0464 2.0 78.0
52.587257 368.33206 0.0465 1.0 79.0
57.021866 370.4247 0.0465 1.0 79.0
57.021866 370.4247 0.0466 0.0 80.0
61.915306 370.73972 0.0466 0.0 80.0
57.021866 370.4247 0.0467 0.0 80.0
61.456474 372.51736 0.0467 0.0 80.0
61.456474 372.51736 0.0468 0.0 81.0
66.349915 372.83237 0.0468 0.0 81.0
61.456474 372.51736 0.0469 0.0 81.0
65.89108 374.61002 0.0469 0.0 81.0
52.587257 368.33206 0.0470 1.0 79.0
55.941387 371.90903 0.0470 1.0 79.0
55.941387 371.90903 0.0471 0.0 80.0
60.375996 374.00168 0.0471 0.0 80.0
55.941387 371.90903 0.0472 0.0 80.0
59.295517 375.486 0.0472 0.0 80.0
59.295517 375.486 0.0473 0.0 81.0
63.730125 377.57864 0.0473 0.0 81.0
59.295517 375.486 0.0474 0.0 81.0
62.649647 379.06296 0.0474 0.0 81.0
32.46248 346.87027 0.0475 7.0 73.0
34.26595 351.43015 0.0475 7.0 73.0
34.26595 351.43015 0.0476 0.0 74.0
37.62008 355.0071 0.0476 0.0 74.0
34.26595 351.43015 0.0477 6.0 74.0
36.06942 355.99002 0.0477 6.0 74.0
36.06942 355.99002 0.0478 0.0 75.0
39.42355 359.567 0.0478 0.0 75.0
36.06942 355.99002 0.0479 5.0 75.0
37.87289 360.5499 0.0479 5.0 75.0
37.87289 360.5499 0.0480 1.0 76.0
37.87289 365.45346 0.0480 1.0 76.0
37.87289 365.45346 0.0481 0.0 77.0
39.67636 370.01334 0.0481 0.0 77.0
37.87289 365.45346 0.0482 0.0 77.0
37.87289 370.35703 0.0482 0.0 77.0
37.87289 370.35703 0.0483 0.0 78.0
39.67636 374.9169 0.0483 0.0 78.0
37.87289 370.35703 0.0484 0.0 78.0
37.87289 375.2606 0.0484 0.0 78.0
37.87289 360.5499 0.0485 4.0 76.0
39.67636 365.10977 0.0485 4.0 76.0
39.67636 365.10977 0.0486 0.0 77.0
43.03049 368.68674 0.0486 0.0 77.0
39.67636 365.10977 0.0487 3.0 77.0
41.47983 369.66965 0.0487 3.0 77.0
41.47983 369.66965 0.0488 0.0 78.0
44.83396 373.2466 0.0488 0.0 78.0
41.47983 369.66965 0.0489 2.0 78.0
43.283302 374.22952 0.0489 2.0 78.0
43.283302 374.22952 0.0490 1.0 79.0
46.637432 377.8065 0.0490 1.0 79.0
46.637432 377.8065 0.0491 0.0 80.0
51.07204 379.89914 0.0491 0.0 80.0
46.637432 377.8065 0.0492 0.0 80.0
49.99156 381.38345 0.0492 0.0 80.0
49.99156 381.38345 0.0493 0.0 81.0
54.42617 383.4761 0.0493 0.0 81.0
49.99156 381.38345 0.0494 0.0 81.0
53.34569 384.96042 0.0494 0.0 81.0
43.283302 374.22952 0.0495 1.0 79.0
45.086773 378.7894 0.0495 1.0 79.0
45.086773 378.7894 0.0496 0.0 80.0
48.440903 382.36636 0.0496 0.0 80.0
45.086773 378.7894 0.0497 0.0 80.0
46.890244 383.34927 0.0497 0.0 80.0
46.890244 383.34927 0.0498 0.0 81.0
50.244373 386.92624 0.0498 0.0 81.0
46.890244 383.34927 0.0499 0.0 81.0
48.693714 387.90915 0.0499 0.0 81.0
0.0 264.7925 0.0500 25.0 55.0
0.0 269.69608 0.0500 25.0 55.0
0.0 269.69608 0.0501 0.0 56.0
1.8034713 274.25595 0.0501 0.0 56.0
0.0 269.69608 0.0502 24.0 56.0
0.0 274.59964 0.0502 24.0 56.0
0.0 274.59964 0.0503 0.0 57.0
1.8034713 279.15952 0.0503 0.0 57.0
0.0 274.59964 0.0504 23.0 57.0
0.0 279.5032 0.0504 23.0 57.0
0.0 279.5032 0.0505 1.0 58.0
-1.8034713 284.06308 0.0505 1.0 58.0
-1.8034713 284.06308 0.0506 0.0 59.0
-1.8034713 288.96664 0.0506 0.0 59.0
-1.8034713 284.06308 0.0507 0.0 59.0
-3.6069427 288.62296 0.0507 0.0 59.0
-3.6069427 288.62296 0.0508 0.0 60.0
-3.6069427 293.52652 0.0508 0.0 60.0
-3.6069427 288.62296 0.0509 0.0 60.0
-5.4104137 293.18283 0.0509 0.0 60.0
0.0 279.5032 0.0510 22.0 58.0
0.0 284.40677 0.0510 22.0 58.0
0.0 284.40677 0.0511 0.0 59.0
1.8034713 288.96664 0.0511 0.0 59.0
0.0 284.40677 0.0512 21.0 59.0
0.0 289.31033 0.0512 21.0 59.0
0.0 289.31033 0.0513 0.0 60.0
1.8034713 293.8702 0.0513 0.0 60.0
0.0 289.31033 0.0514 20.0 60.0
0.0 294.2139 0.0514 20.0 60.0
0.0 294.2139 0.0515 1.0 61.0
1.8034713 298.77377 0.0515 1.0 61.0
1.8034713 298.77377 0.0516 0.0 62.0
5.1576023 302.35074 0.0516 0.0 62.0
1.8034713 298.77377 0.0517 0.0 62.0
3.6069427 303.33365 0.0517 0.0 62.0
3.6069427 303.33365 0.0518 0.0 63.0
6.961074 306.9106 0.0518 0.0 63.0
3.6069427 303.33365 0.0519 0.0 63.0
5.4104137 307.89352 0.0519 0.0 63.0
0.0 294.2139 0.0520 19.0 61.0
0.0 299.11746 0.0520 19.0 61.0
0.0 299.11746 0.0521 0.0 62.0
1.8034713 303.67734 0.0521 0.0 62.0
0.0 299.11746 0.0522 18.0 62.0
0.0 304.02103 0.0522 18.0 62.0
0.0 304.02103 0.0523 0.0 63.0
1.8034713 308.5809 0.0523 0.0 63.0
0.0 304.02103 0.0524 17.0 63.0
0.0 308.9246 0.0524 17.0 63.0
0.0 308.9246 0.0525 7.0 64.0
-1.8034713 313.48447 0.0525 7.0 64.0
-1.8034713 313.48447 0.0526 0.0 65.0
-1.8034713 318.38803 0.0526 0.0 65.0
-1.8034713 313.48447 0.0527 6.0 65.0
-3.6069427 318.04434 0.0527 6.0 65.0
-3.6069427 318.04434 0.0528 0.0 66.0
-3.6069427 322.9479 0.0528 0.0 66.0
-3.6069427 318.04434 0.0529 5.0 66.0
-5.4104137 322.60422 0.0529 5.0 66.0
-5.4104137 322.60422 0.0530 1.0 67.0
-8.764545 326.18118 0.0530 1.0 67.0
-8.764545 326.18118 0.0531 0.0 68.0
-10.568017 330.74106 0.0531 0.0 68.0
-8.764545 326.18118 0.0532 0.0 68.0
-12.118677 329.75815 0.0532 0.0 68.0
-12.118677 329.75815 0.0533 0.0 69.0
-13.922149 334.31802 0.0533 0.0 69.0
-12.118677 329.75815 0.0534 0.0 69.0
-15.472809 333.3351 0.0534 0.0 69.0
-5.4104137 322.60422 0.0535 4.0 67.0
-7.2138853 327.1641 0.0535 4.0 67.0
-7.2138853 327.1641 0.0536 0.0 68.0
-7.2138853 332.06766 0.0536 0.0 68.0
-7.2138853 327.1641 0.0537 3.0 68.0
-9.017357 331.72397 0.0537 3.0 68.0
-9.017357 331.72397 0.0538 0.0 69.0
-9.017357 336.62753 0.0538 0.0 69.0
-9.017357 331.72397 0.0539 2.0 69.0
-10.820828 336.28384 0.0539 2.0 69.0
-10.820828 336.28384 0.0540 1.0 70.0
-10.820828 341.1874 0.0540 1.0 70.0
-10.820828 341.1874 0.0541 0.0 71.0
-9.017357 345.74728 0.0541 0.0 71.0
-10.820828 341.1874 0.0542 0.0 71.0
-10.820828 346.09097 0.0542 0.0 71.0
-10.820828 346.09097 0.0543 0.0 72.0
-9.017357 350.65085 0.0543 0.0 72.0
-10.820828 346.09097 0.0544 0.0 72.0
-10.820828 350.99454 0.0544 0.0 72.0
-10.820828 336.28384 0.0545 1.0 70.0
-12.6243 340.84372 0.0545 1.0 70.0
-12.6243 340.84372 0.0546 0.0 71.0
-12.6243 345.74728 0.0546 0.0 71.0
-12.6243 340.84372 0.0547 0.0 71.0
-14.427772 345.4036 0.0547 0.0 71.0
-14.427772 345.4036 0.0548 0.0 72.0
-14.427772 350.30716 0.0548 0.0 72.0
-14.427772 345.4036 0.0549 0.0 72.0
-16.231243 349.96347 0.0549 0.0 72.0
0.0 308.9246 0.0550 16.0 64.0
0.0 313.82816 0.0550 16.0 64.0
0.0 313.82816 0.0551 0.0 65.0
1.8034713 318.38803 0.0551 0.0 65.0
0.0 313.82816 0.0552 15.0 65.0
0.0 318.73172 0.0552 15.0 65.0
0.0 318.73172 0.0553 0.0 66.0
1.8034713 323.2916 0.0553 0.0 66.0
0.0 318.73172 0.0554 14.0 66.0
0.0 323.63528 0.0554 14.0 66.0
0.0 323.63528 0.0555 1.0 67.0
-1.8034713 328.19516 0.0555 1.0 67.0
-1.8034713 328.19516 0.0556 0.0 68.0
-1.8034713 333.09872 0.0556 0.0 68.0
-1.8034713 328.19516 0.0557 0.0 68.0
-3.6069427 332.75504 0.0557 0.0 68.0
-3.6069427 332.75504 0.0558 0.0 69.0
-3.6069427 337.6586 0.0558 0.0 69.0
-3.6069427 332.75504 0.0559 0.0 69.0
-5.4104137 337.3149 0.0559 0.0 69.0
0.0 323.63528 0.0560 13.0 67.0
0.0 328.53885 0.0560 13.0 67.0
0.0 328.53885 0.0561 0.0 68.0
1.8034713 333.09872 0.0561 0.0 68.0
0.0 328.53885 0.0562 12.0 68.0
0.0 333.4424 0.0562 12.0 68.0
0.0 333.4424 0.0563 0.0 69.0
1.8034713 338.0023 0.0563 0.0 69.0
0.0 333.4424 0.0564 11.0 69.0
0.0 338.34598 0.0564 11.0 69.0
0.0 338.34598 0.0565 1.0 70.0
1.8034713 342.90585 0.0565 1.0 70.0
1.8034713 342.90585 0.0566 0.0 71.0
5.1576023 346.48282 0.0566 0.0 71.0
1.8034713 342.90585 0.0567 0.0 71.0
3.6069427 347.46573 0.0567 0.0 71.0
3.6069427 347.46573 0.0568 0.0 72.0
6.961074 351.0427 0.0568 0.0 72.0
3.6069427 347.46573 0.0569 0.0 72.0
5.4104137 352.0256 0.0569 0.0 72.0
0.0 338.34598 0.0570 10.0 70.0
0.0 343.24954 0.0570 10.0 70.0
0.0 343.24954 0.0571 0.0 71.0
1.8034713 347.80942 0.0571 0.0 71.0
0.0 343.24954 0.0572 9.0 71.0
0.0 348.1531 0.0572 9.0 71.0
0.0 348.1531 0.0573 0.0 72.0
1.8034713 352.71298 0.0573 0.0 72.0
0.0 348.1531 0.0574 8.0 72.0
0.0 353.05667 0.0574 8.0 72.0
0.0 353.05667 0.0575 7.0 73.0
1.8034713 357.61655 0.0575 7.0 73.0
1.8034713 357.61655 0.0576 0.0 74.0
5.1576023 361.1935 0.0576 0.0 74.0
1.8034713 357.61655 0.0577 6.0 74.0
3.6069427 362.17642 0.0577 6.0 74.0
3.6069427 362.17642 0.0578 0.0 75.0
6.961074 365.7534 0.0578 0.0 75.0
3.6069427 362.17642 0.0579 5.0 75.0
5.4104137 366.7363 0.0579 5.0 75.0
5.4104137 366.7363 0.0580 1.0 76.0
5.4104137 371.63986 0.0580 1.0 76.0
5.4104137 371.63986 0.0581 0.0 77.0
7.2138853 376.19974 0.0581 0.0 77.0
5.4104137 371.63986 0.0582 0.0 77.0
5.4104137 376.54343 0.0582 0.0 77.0
5.4104137 376.54343 0.0583 0.0 78.0
7.2138853 381.1033 0.0583 0.0 78.0
5.4104137 376.54343 0.0584 0.0 78.0
5.4104137 381.447 0.0584 0.0 78.0
5.4104137 366.7363 0.0585 4.0 76.0
7.2138853 371.29617 0.0585 4.0 76.0
7.2138853 371.29617 0.0586 0.0 77.0
10.568016 374.87314 0.0586 0.0 77.0
7.2138853 371.29617 0.0587 3.0 77.0
9.017357 375.85605 0.0587 3.0 77.0
9.017357 375.85605 0.0588 0.0 78.0
12.371489 379.433 0.0588 0.0 78.0
9.017357 375.85605 0.0589 2.0 78.0
10.820828 380.41592 0.0589 2.0 78.0
10.820828 380.41592 0.0590 1.0 79.0
14.174959 383.9929 0.0590 1.0 79.0
14.174959 383.9929 0.0591 0.0 80.0
18.609566 386.08554 0.0591 0.0 80.0
14.174959 383.9929 0.0592 0.0 80.0
17.52909 387.56985 0.0592 0.0 80.0
17.52909 387.56985 0.0593 0.0 81.0
21.9637 389.6625 0.0593 0.0 81.0
17.52909 387.56985 0.0594 0.0 81.0
20.883223 391.14682 0.0594 0.0 81.0
10.820828 380.41592 0.0595 1.0 79.0
12.6243 384.9758 0.0595 1.0 79.0
12.6243 384.9758 0.0596 0.0 80.0
15.978432 388.55276 0.0596 0.0 80.0
12.6243 384.9758 0.0597 0.0 80.0
14.427772 389.53568 0.0597 0.0 80.0
14.427772 389.53568 0.0598 0.0 81.0
17.781902 393.11264 0.0598 0.0 81.0
14.427772 389.53568 0.0599 0.0 81.0
16.231243 394.09555 0.0599 0.0 81.0
0.0 353.05667 0.0600 7.0 73.0
0.0 357.96024 0.0600 7.0 73.0
0.0 357.96024 0.0601 0.0 74.0
1.8034713 362.5201 0.0601 0.0 74.0
0.0 357.96024 0.0602 6.0 74.0
0.0 362.8638 0.0602 6.0 74.0
0.0 362.8638 0.0603 0.0 75.0
1.8034713 367.42368 0.0603 0.0 75.0
0.0 362.8638 0.0604 5.0 75.0
0.0 367.76736 0.0604 5.0 75.0
0.0 367.76736 0.0605 1.0 76.0
-1.8034713 372.32724 0.0605 1.0 76.0
-1.8034713 372.32724 0.0606 0.0 77.0
-1.8034713 377.2308 0.0606 0.0 77.0
-1.8034713 372.32724 0.0607 0.0 77.0
-3.6069427 376.88712 0.0607 0.0 77.0
-3.6069427 376.88712 0.0608 0.0 78.0
-3.6069427 381.79068 0.0608 0.0 78.0
-3.6069427 376.88712 0.0609 0.0 78.0
-5.4104137 381.447 0.0609 0.0 78.0
0.0 367.76736 0.0610 4.0 76.0
0.0 372.67093 0.0610 4.0 76.0
0.0 372.67093 0.0611 0.0 77.0
1.8034713 377.2308 0.0611 0.0 77.0
0.0 372.67093 0.0612 3.0 77.0
0.0 377.5745 0.0612 3.0 77.0
0.0 377.5745 0.0613 0.0 78.0
1.8034713 382.13437 0.0613 0.0 78.0
0.0 377.5745 0.0614 2.0 78.0
0.0 382.47806 0.0614 2.0 78.0
0.0 382.47806 0.0615 1.0 79.0
1.8034713 387.03793 0.0615 1.0 79.0
1.8034713 387.03793 0.0616 0.0 80.0
5.1576023 390.6149 0.0616 0.0 80.0
1.8034713 387.03793 0.0617 0.0 80.0
3.6069427 391.5978 0.0617 0.0 80.0
3.6069427 391.5978 0.0618 0.0 81.0
6.961074 395.17477 0.0618 0.0 81.0
3.6069427 391.5978 0.0619 0.0 81.0
5.4104137 396.15768 0.0619 0.0 81.0
0.0 382.47806 0.0620 1.0 79.0
0.0 387.38162 0.0620 1.0 79.0
0.0 387.38162 0.0621 0.0 80.0
1.8034713 391.9415 0.0621 0.0 80.0
0.0 387.38162 0.0622 0.0 80.0
0.0 392.2852 0.0622 0.0 80.0
0.0 392.2852 0.0623 0.0 81.0
1.8034713 396.84506 0.0623 0.0 81.0
0.0 392.2852 0.0624 0.0 81.0
0.0 397.18875 0.0624 0.0 81.0
