0.0 0.0 0.00 43.0 1.0
0.0 1.5842644 0.00 43.0 1.0
0.0 1.5842644 0.01 42.0 2.0
0.0 3.1685288 0.01 42.0 2.0
0.0 3.1685288 0.02 41.0 3.0
0.0 4.7527933 0.02 41.0 3.0
0.0 4.7527933 0.03 40.0 4.0
0.0 6.3370576 0.03 40.0 4.0
0.0 6.3370576 0.04 39.0 5.0
0.0 7.921322 0.04 39.0 5.0
0.0 7.921322 0.05 38.0 6.0
0.0 9.505587 0.05 38.0 6.0
0.0 9.505587 0.06 37.0 7.0
0.0 11.089851 0.06 37.0 7.0
0.0 11.089851 0.07 36.0 8.0
0.0 12.674116 0.07 36.0 8.0
0.0 12.674116 0.08 19.0 9.0
0.7502983 14.069447 0.08 19.0 9.0
0.7502983 14.069447 0.09 18.0 10.0
1.5005966 15.464777 0.09 18.0 10.0
1.5005966 15.464777 0.010 17.0 11.0
2.250895 16.860107 0.010 17.0 11.0
2.250895 16.860107 0.011 16.0 12.0
3.0011933 18.255438 0.011 16.0 12.0
3.0011933 18.255438 0.012 7.0 13.0
4.3228335 19.129028 0.012 7.0 13.0
4.3228335 19.129028 0.013 6.0 14.0
5.644474 20.002619 0.013 6.0 14.0
5.644474 20.002619 0.014 1.0 15.0
7.222227 20.146107 0.014 1.0 15.0
7.222227 20.146107 0.015 0.0 16.0
8.79998 20.289595 0.015 0.0 16.0
8.79998 20.289595 0.016 0.0 17.0
10.25753 19.668756 0.016 0.0 17.0
5.644474 20.002619 0.017 1.0 15.0
7.1020246 19.38178 0.017 1.0 15.0
7.1020246 19.38178 0.018 0.0 16.0
8.559575 18.760942 0.018 0.0 16.0
8.559575 18.760942 0.019 0.0 17.0
9.549277 17.523855 0.019 0.0 17.0
5.644474 20.002619 0.020 5.0 15.0
6.9661145 20.87621 0.020 5.0 15.0
6.9661145 20.87621 0.021 4.0 16.0
8.287755 21.7498 0.021 4.0 16.0
8.287755 21.7498 0.022 3.0 17.0
9.865508 21.893288 0.022 3.0 17.0
9.865508 21.893288 0.023 2.0 18.0
11.443261 22.036776 0.023 2.0 18.0
11.443261 22.036776 0.024 1.0 19.0
13.021014 22.180264 0.024 1.0 19.0
13.021014 22.180264 0.025 0.0 20.0
14.598767 22.323751 0.025 0.0 20.0
14.598767 22.323751 0.026 0.0 21.0
16.056318 21.702913 0.026 0.0 21.0
8.287755 21.7498 0.027 1.0 17.0
9.865508 21.893288 0.027 1.0 17.0
9.865508 21.893288 0.028 0.0 18.0
11.443261 22.036776 0.028 0.0 18.0
11.443261 22.036776 0.029 0.0 19.0
12.900811 21.415937 0.029 0.0 19.0
3.0011933 18.255438 0.030 7.0 13.0
4.578946 18.398926 0.030 7.0 13.0
4.578946 18.398926 0.031 6.0 14.0
6.156699 18.542414 0.031 6.0 14.0
6.156699 18.542414 0.032 1.0 15.0
7.6142497 17.921576 0.032 1.0 15.0
7.6142497 17.921576 0.033 0.0 16.0
9.0718 17.300737 0.033 0.0 16.0
9.0718 17.300737 0.034 0.0 17.0
10.061502 16.06365 0.034 0.0 17.0
6.156699 18.542414 0.035 1.0 15.0
7.1464014 17.305326 0.035 1.0 15.0
7.1464014 17.305326 0.036 0.0 16.0
8.136104 16.06824 0.036 0.0 16.0
8.136104 16.06824 0.037 0.0 17.0
8.4219 14.509967 0.037 0.0 17.0
6.156699 18.542414 0.038 5.0 15.0
7.7344522 18.685902 0.038 5.0 15.0
7.7344522 18.685902 0.039 4.0 16.0
9.312205 18.82939 0.039 4.0 16.0
9.312205 18.82939 0.040 3.0 17.0
10.769755 18.208551 0.040 3.0 17.0
10.769755 18.208551 0.041 2.0 18.0
12.227305 17.587713 0.041 2.0 18.0
12.227305 17.587713 0.042 1.0 19.0
13.684855 16.966875 0.042 1.0 19.0
13.684855 16.966875 0.043 0.0 20.0
15.1424055 16.346037 0.043 0.0 20.0
15.1424055 16.346037 0.044 0.0 21.0
16.132107 15.108951 0.044 0.0 21.0
9.312205 18.82939 0.045 1.0 17.0
10.769755 18.208551 0.045 1.0 17.0
10.769755 18.208551 0.046 0.0 18.0
12.227305 17.587713 0.046 0.0 18.0
12.227305 17.587713 0.047 0.0 19.0
13.217008 16.350626 0.047 0.0 19.0
3.0011933 18.255438 0.048 15.0 13.0
3.7514915 19.650768 0.048 15.0 13.0
3.7514915 19.650768 0.049 14.0 14.0
4.50179 21.046099 0.049 14.0 14.0
4.50179 21.046099 0.050 13.0 15.0
5.2520885 22.44143 0.050 13.0 15.0
5.2520885 22.44143 0.051 12.0 16.0
6.002387 23.83676 0.051 12.0 16.0
6.002387 23.83676 0.052 11.0 17.0
7.3240275 24.71035 0.052 11.0 17.0
7.3240275 24.71035 0.053 10.0 18.0
8.645668 25.58394 0.053 10.0 18.0
8.645668 25.58394 0.054 9.0 19.0
9.967308 26.457531 0.054 9.0 19.0
9.967308 26.457531 0.055 8.0 20.0
11.288948 27.331121 0.055 8.0 20.0
11.288948 27.331121 0.056 7.0 21.0
12.610588 28.204712 0.056 7.0 21.0
12.610588 28.204712 0.057 6.0 22.0
13.932228 29.078302 0.057 6.0 22.0
13.932228 29.078302 0.058 1.0 23.0
15.509981 29.22179 0.058 1.0 23.0
15.509981 29.22179 0.059 0.0 24.0
17.087734 29.365278 0.059 0.0 24.0
17.087734 29.365278 0.060 0.0 25.0
18.545284 28.74444 0.060 0.0 25.0
13.932228 29.078302 0.061 1.0 23.0
15.389778 28.457464 0.061 1.0 23.0
15.389778 28.457464 0.062 0.0 24.0
16.847328 27.836626 0.062 0.0 24.0
16.847328 27.836626 0.063 0.0 25.0
17.83703 26.599539 0.063 0.0 25.0
13.932228 29.078302 0.064 5.0 23.0
15.253868 29.951893 0.064 5.0 23.0
15.253868 29.951893 0.065 4.0 24.0
16.575508 30.825483 0.065 4.0 24.0
16.575508 30.825483 0.066 3.0 25.0
18.153261 30.968971 0.066 3.0 25.0
18.153261 30.968971 0.067 2.0 26.0
19.731014 31.11246 0.067 2.0 26.0
19.731014 31.11246 0.068 1.0 27.0
21.308767 31.255947 0.068 1.0 27.0
21.308767 31.255947 0.069 0.0 28.0
22.88652 31.399435 0.069 0.0 28.0
22.88652 31.399435 0.070 0.0 29.0
24.34407 30.778597 0.070 0.0 29.0
16.575508 30.825483 0.071 1.0 25.0
18.153261 30.968971 0.071 1.0 25.0
18.153261 30.968971 0.072 0.0 26.0
19.731014 31.11246 0.072 0.0 26.0
19.731014 31.11246 0.073 0.0 27.0
21.188564 30.491621 0.073 0.0 27.0
6.002387 23.83676 0.074 7.0 17.0
7.3240275 24.71035 0.074 7.0 17.0
7.3240275 24.71035 0.075 6.0 18.0
8.645668 25.58394 0.075 6.0 18.0
8.645668 25.58394 0.076 1.0 19.0
10.223421 25.727428 0.076 1.0 19.0
10.223421 25.727428 0.077 0.0 20.0
11.801174 25.870916 0.077 0.0 20.0
11.801174 25.870916 0.078 0.0 21.0
13.258724 25.250078 0.078 0.0 21.0
8.645668 25.58394 0.079 1.0 19.0
10.103218 24.963102 0.079 1.0 19.0
10.103218 24.963102 0.080 0.0 20.0
11.560768 24.342264 0.080 0.0 20.0
11.560768 24.342264 0.081 0.0 21.0
12.55047 23.105177 0.081 0.0 21.0
8.645668 25.58394 0.082 5.0 19.0
9.967308 26.457531 0.082 5.0 19.0
9.967308 26.457531 0.083 4.0 20.0
11.288948 27.331121 0.083 4.0 20.0
11.288948 27.331121 0.084 3.0 21.0
12.866701 27.47461 0.084 3.0 21.0
12.866701 27.47461 0.085 2.0 22.0
14.444454 27.618097 0.085 2.0 22.0
14.444454 27.618097 0.086 1.0 23.0
16.022207 27.761585 0.086 1.0 23.0
16.022207 27.761585 0.087 0.0 24.0
17.59996 27.905073 0.087 0.0 24.0
17.59996 27.905073 0.088 0.0 25.0
19.05751 27.284235 0.088 0.0 25.0
11.288948 27.331121 0.089 1.0 21.0
12.866701 27.47461 0.089 1.0 21.0
12.866701 27.47461 0.090 0.0 22.0
14.444454 27.618097 0.090 0.0 22.0
14.444454 27.618097 0.091 0.0 23.0
15.902004 26.99726 0.091 0.0 23.0
0.0 12.674116 0.092 19.0 9.0
1.3216404 13.547707 0.092 19.0 9.0
1.3216404 13.547707 0.093 18.0 10.0
2.6432807 14.421297 0.093 18.0 10.0
2.6432807 14.421297 0.094 17.0 11.0
3.964921 15.294888 0.094 17.0 11.0
3.964921 15.294888 0.095 16.0 12.0
5.2865615 16.168478 0.095 16.0 12.0
5.2865615 16.168478 0.096 7.0 13.0
6.8643146 16.311966 0.096 7.0 13.0
6.8643146 16.311966 0.097 6.0 14.0
8.442068 16.455454 0.097 6.0 14.0
8.442068 16.455454 0.098 1.0 15.0
9.899618 15.834616 0.098 1.0 15.0
9.899618 15.834616 0.099 0.0 16.0
11.357168 15.213778 0.099 0.0 16.0
11.357168 15.213778 0.0100 0.0 17.0
12.34687 13.976691 0.0100 0.0 17.0
8.442068 16.455454 0.0101 1.0 15.0
9.43177 15.218368 0.0101 1.0 15.0
9.43177 15.218368 0.0102 0.0 16.0
10.421473 13.981281 0.0102 0.0 16.0
10.421473 13.981281 0.0103 0.0 17.0
10.707269 12.423009 0.0103 0.0 17.0
8.442068 16.455454 0.0104 5.0 15.0
10.019821 16.598942 0.0104 5.0 15.0
10.019821 16.598942 0.0105 4.0 16.0
11.597574 16.74243 0.0105 4.0 16.0
11.597574 16.74243 0.0106 3.0 17.0
13.055124 16.121592 0.0106 3.0 17.0
13.055124 16.121592 0.0107 2.0 18.0
14.512674 15.500753 0.0107 2.0 18.0
14.512674 15.500753 0.0108 1.0 19.0
15.970224 14.879915 0.0108 1.0 19.0
15.970224 14.879915 0.0109 0.0 20.0
17.427774 14.259077 0.0109 0.0 20.0
17.427774 14.259077 0.0110 0.0 21.0
18.417477 13.021991 0.0110 0.0 21.0
11.597574 16.74243 0.0111 1.0 17.0
13.055124 16.121592 0.0111 1.0 17.0
13.055124 16.121592 0.0112 0.0 18.0
14.512674 15.500753 0.0112 0.0 18.0
14.512674 15.500753 0.0113 0.0 19.0
15.502377 14.263667 0.0113 0.0 19.0
5.2865615 16.168478 0.0114 7.0 13.0
6.744112 15.54764 0.0114 7.0 13.0
6.744112 15.54764 0.0115 6.0 14.0
8.201662 14.926802 0.0115 6.0 14.0
8.201662 14.926802 0.0116 1.0 15.0
9.191364 13.689715 0.0116 1.0 15.0
9.191364 13.689715 0.0117 0.0 16.0
10.1810665 12.452629 0.0117 0.0 16.0
10.1810665 12.452629 0.0118 0.0 17.0
10.466863 10.894357 0.0118 0.0 17.0
8.201662 14.926802 0.0119 1.0 15.0
8.487458 13.368529 0.0119 1.0 15.0
8.487458 13.368529 0.0120 0.0 16.0
8.773254 11.810257 0.0120 0.0 16.0
8.773254 11.810257 0.0121 0.0 17.0
8.286979 10.302467 0.0121 0.0 17.0
8.201662 14.926802 0.0122 5.0 15.0
9.659212 14.3059635 0.0122 5.0 15.0
9.659212 14.3059635 0.0123 4.0 16.0
11.116762 13.685125 0.0123 4.0 16.0
11.116762 13.685125 0.0124 3.0 17.0
12.106464 12.448039 0.0124 3.0 17.0
12.106464 12.448039 0.0125 2.0 18.0
13.096167 11.210953 0.0125 2.0 18.0
13.096167 11.210953 0.0126 1.0 19.0
14.085869 9.973866 0.0126 1.0 19.0
14.085869 9.973866 0.0127 0.0 20.0
15.075571 8.73678 0.0127 0.0 20.0
15.075571 8.73678 0.0128 0.0 21.0
15.361367 7.1785073 0.0128 0.0 21.0
11.116762 13.685125 0.0129 1.0 17.0
12.106464 12.448039 0.0129 1.0 17.0
12.106464 12.448039 0.0130 0.0 18.0
13.096167 11.210953 0.0130 0.0 18.0
13.096167 11.210953 0.0131 0.0 19.0
13.381963 9.65268 0.0131 0.0 19.0
5.2865615 16.168478 0.0132 15.0 13.0
6.608202 17.042068 0.0132 15.0 13.0
6.608202 17.042068 0.0133 14.0 14.0
7.9298425 17.915659 0.0133 14.0 14.0
7.9298425 17.915659 0.0134 13.0 15.0
9.251483 18.78925 0.0134 13.0 15.0
9.251483 18.78925 0.0135 12.0 16.0
10.573123 19.66284 0.0135 12.0 16.0
10.573123 19.66284 0.0136 11.0 17.0
12.150876 19.806328 0.0136 11.0 17.0
12.150876 19.806328 0.0137 10.0 18.0
13.728629 19.949816 0.0137 10.0 18.0
13.728629 19.949816 0.0138 9.0 19.0
15.306382 20.093304 0.0138 9.0 19.0
15.306382 20.093304 0.0139 8.0 20.0
16.884136 20.236792 0.0139 8.0 20.0
16.884136 20.236792 0.0140 7.0 21.0
18.46189 20.38028 0.0140 7.0 21.0
18.46189 20.38028 0.0141 6.0 22.0
20.039642 20.523767 0.0141 6.0 22.0
20.039642 20.523767 0.0142 1.0 23.0
21.497192 19.90293 0.0142 1.0 23.0
21.497192 19.90293 0.0143 0.0 24.0
22.954742 19.282091 0.0143 0.0 24.0
22.954742 19.282091 0.0144 0.0 25.0
23.944445 18.045004 0.0144 0.0 25.0
20.039642 20.523767 0.0145 1.0 23.0
21.029345 19.28668 0.0145 1.0 23.0
21.029345 19.28668 0.0146 0.0 24.0
22.019047 18.049593 0.0146 0.0 24.0
22.019047 18.049593 0.0147 0.0 25.0
22.304844 16.49132 0.0147 0.0 25.0
20.039642 20.523767 0.0148 5.0 23.0
21.617395 20.667255 0.0148 5.0 23.0
21.617395 20.667255 0.0149 4.0 24.0
23.195148 20.810743 0.0149 4.0 24.0
23.195148 20.810743 0.0150 3.0 25.0
24.652699 20.189905 0.0150 3.0 25.0
24.652699 20.189905 0.0151 2.0 26.0
26.110249 19.569067 0.0151 2.0 26.0
26.110249 19.569067 0.0152 1.0 27.0
27.567799 18.948229 0.0152 1.0 27.0
27.567799 18.948229 0.0153 0.0 28.0
29.025349 18.32739 0.0153 0.0 28.0
29.025349 18.32739 0.0154 0.0 29.0
30.01505 17.090303 0.0154 0.0 29.0
23.195148 20.810743 0.0155 1.0 25.0
24.652699 20.189905 0.0155 1.0 25.0
24.652699 20.189905 0.0156 0.0 26.0
26.110249 19.569067 0.0156 0.0 26.0
26.110249 19.569067 0.0157 0.0 27.0
27.09995 18.33198 0.0157 0.0 27.0
10.573123 19.66284 0.0158 7.0 17.0
12.150876 19.806328 0.0158 7.0 17.0
12.150876 19.806328 0.0159 6.0 18.0
13.728629 19.949816 0.0159 6.0 18.0
13.728629 19.949816 0.0160 1.0 19.0
15.186179 19.328978 0.0160 1.0 19.0
15.186179 19.328978 0.0161 0.0 20.0
16.64373 18.70814 0.0161 0.0 20.0
16.64373 18.70814 0.0162 0.0 21.0
17.633432 17.471052 0.0162 0.0 21.0
13.728629 19.949816 0.0163 1.0 19.0
14.718331 18.712729 0.0163 1.0 19.0
14.718331 18.712729 0.0164 0.0 20.0
15.708034 17.475641 0.0164 0.0 20.0
15.708034 17.475641 0.0165 0.0 21.0
15.99383 15.917369 0.0165 0.0 21.0
13.728629 19.949816 0.0166 5.0 19.0
15.306382 20.093304 0.0166 5.0 19.0
15.306382 20.093304 0.0167 4.0 20.0
16.884136 20.236792 0.0167 4.0 20.0
16.884136 20.236792 0.0168 3.0 21.0
18.341686 19.615953 0.0168 3.0 21.0
18.341686 19.615953 0.0169 2.0 22.0
19.799236 18.995115 0.0169 2.0 22.0
19.799236 18.995115 0.0170 1.0 23.0
21.256786 18.374277 0.0170 1.0 23.0
21.256786 18.374277 0.0171 0.0 24.0
22.714336 17.753439 0.0171 0.0 24.0
22.714336 17.753439 0.0172 0.0 25.0
23.704039 16.516352 0.0172 0.0 25.0
16.884136 20.236792 0.0173 1.0 21.0
18.341686 19.615953 0.0173 1.0 21.0
18.341686 19.615953 0.0174 0.0 22.0
19.799236 18.995115 0.0174 0.0 22.0
19.799236 18.995115 0.0175 0.0 23.0
20.788939 17.758028 0.0175 0.0 23.0
0.0 12.674116 0.0176 35.0 9.0
0.0 14.258381 0.0176 35.0 9.0
0.0 14.258381 0.0177 34.0 10.0
0.0 15.842646 0.0177 34.0 10.0
0.0 15.842646 0.0178 33.0 11.0
0.0 17.42691 0.0178 33.0 11.0
0.0 17.42691 0.0179 32.0 12.0
0.0 19.011175 0.0179 32.0 12.0
0.0 19.011175 0.0180 31.0 13.0
0.0 20.59544 0.0180 31.0 13.0
0.0 20.59544 0.0181 30.0 14.0
0.0 22.179705 0.0181 30.0 14.0
0.0 22.179705 0.0182 29.0 15.0
0.0 23.76397 0.0182 29.0 15.0
0.0 23.76397 0.0183 28.0 16.0
0.0 25.348234 0.0183 28.0 16.0
0.0 25.348234 0.0184 27.0 17.0
0.7502983 26.743565 0.0184 27.0 17.0
0.7502983 26.743565 0.0185 26.0 18.0
1.5005966 28.138895 0.0185 26.0 18.0
1.5005966 28.138895 0.0186 25.0 19.0
2.250895 29.534225 0.0186 25.0 19.0
2.250895 29.534225 0.0187 24.0 20.0
3.0011933 30.929556 0.0187 24.0 20.0
3.0011933 30.929556 0.0188 23.0 21.0
3.7514915 32.324886 0.0188 23.0 21.0
3.7514915 32.324886 0.0189 22.0 22.0
4.50179 33.720215 0.0189 22.0 22.0
4.50179 33.720215 0.0190 21.0 23.0
5.2520885 35.115543 0.0190 21.0 23.0
5.2520885 35.115543 0.0191 20.0 24.0
6.002387 36.51087 0.0191 20.0 24.0
6.002387 36.51087 0.0192 19.0 25.0
6.7526855 37.9062 0.0192 19.0 25.0
6.7526855 37.9062 0.0193 18.0 26.0
7.502984 39.30153 0.0193 18.0 26.0
7.502984 39.30153 0.0194 17.0 27.0
8.253283 40.696857 0.0194 17.0 27.0
8.253283 40.696857 0.0195 16.0 28.0
9.003581 42.092186 0.0195 16.0 28.0
9.003581 42.092186 0.0196 7.0 29.0
10.325221 42.96578 0.0196 7.0 29.0
10.325221 42.96578 0.0197 6.0 30.0
11.646861 43.83937 0.0197 6.0 30.0
11.646861 43.83937 0.0198 1.0 31.0
13.224614 43.982857 0.0198 1.0 31.0
13.224614 43.982857 0.0199 0.0 32.0
14.802367 44.126343 0.0199 0.0 32.0
14.802367 44.126343 0.0200 0.0 33.0
16.259918 43.505505 0.0200 0.0 33.0
11.646861 43.83937 0.0201 1.0 31.0
13.104411 43.218533 0.0201 1.0 31.0
13.104411 43.218533 0.0202 0.0 32.0
14.561961 42.597694 0.0202 0.0 32.0
14.561961 42.597694 0.0203 0.0 33.0
15.551663 41.360607 0.0203 0.0 33.0
11.646861 43.83937 0.0204 5.0 31.0
12.968501 44.712963 0.0204 5.0 31.0
12.968501 44.712963 0.0205 4.0 32.0
14.290141 45.586555 0.0205 4.0 32.0
14.290141 45.586555 0.0206 3.0 33.0
15.867894 45.73004 0.0206 3.0 33.0
15.867894 45.73004 0.0207 2.0 34.0
17.445648 45.873528 0.0207 2.0 34.0
17.445648 45.873528 0.0208 1.0 35.0
19.023401 46.017014 0.0208 1.0 35.0
19.023401 46.017014 0.0209 0.0 36.0
20.601154 46.1605 0.0209 0.0 36.0
20.601154 46.1605 0.0210 0.0 37.0
22.058704 45.53966 0.0210 0.0 37.0
14.290141 45.586555 0.0211 1.0 33.0
15.867894 45.73004 0.0211 1.0 33.0
15.867894 45.73004 0.0212 0.0 34.0
17.445648 45.873528 0.0212 0.0 34.0
17.445648 45.873528 0.0213 0.0 35.0
18.903198 45.25269 0.0213 0.0 35.0
9.003581 42.092186 0.0214 7.0 29.0
10.581334 42.235672 0.0214 7.0 29.0
10.581334 42.235672 0.0215 6.0 30.0
12.159087 42.379158 0.0215 6.0 30.0
12.159087 42.379158 0.0216 1.0 31.0
13.616637 41.75832 0.0216 1.0 31.0
13.616637 41.75832 0.0217 0.0 32.0
15.074187 41.13748 0.0217 0.0 32.0
15.074187 41.13748 0.0218 0.0 33.0
16.063889 39.900394 0.0218 0.0 33.0
12.159087 42.379158 0.0219 1.0 31.0
13.148789 41.14207 0.0219 1.0 31.0
13.148789 41.14207 0.0220 0.0 32.0
14.138492 39.904984 0.0220 0.0 32.0
14.138492 39.904984 0.0221 0.0 33.0
14.424288 38.34671 0.0221 0.0 33.0
12.159087 42.379158 0.0222 5.0 31.0
13.73684 42.522644 0.0222 5.0 31.0
13.73684 42.522644 0.0223 4.0 32.0
15.314593 42.66613 0.0223 4.0 32.0
15.314593 42.66613 0.0224 3.0 33.0
16.772144 42.04529 0.0224 3.0 33.0
16.772144 42.04529 0.0225 2.0 34.0
18.229694 41.424454 0.0225 2.0 34.0
18.229694 41.424454 0.0226 1.0 35.0
19.687244 40.803616 0.0226 1.0 35.0
19.687244 40.803616 0.0227 0.0 36.0
21.144794 40.182777 0.0227 0.0 36.0
21.144794 40.182777 0.0228 0.0 37.0
22.134497 38.94569 0.0228 0.0 37.0
15.314593 42.66613 0.0229 1.0 33.0
16.772144 42.04529 0.0229 1.0 33.0
16.772144 42.04529 0.0230 0.0 34.0
18.229694 41.424454 0.0230 0.0 34.0
18.229694 41.424454 0.0231 0.0 35.0
19.219397 40.187366 0.0231 0.0 35.0
9.003581 42.092186 0.0232 15.0 29.0
9.75388 43.487514 0.0232 15.0 29.0
9.75388 43.487514 0.0233 14.0 30.0
10.504178 44.882843 0.0233 14.0 30.0
10.504178 44.882843 0.0234 13.0 31.0
11.254477 46.27817 0.0234 13.0 31.0
11.254477 46.27817 0.0235 12.0 32.0
12.004775 47.6735 0.0235 12.0 32.0
12.004775 47.6735 0.0236 11.0 33.0
13.326415 48.547092 0.0236 11.0 33.0
13.326415 48.547092 0.0237 10.0 34.0
14.648055 49.420685 0.0237 10.0 34.0
14.648055 49.420685 0.0238 9.0 35.0
15.969695 50.294277 0.0238 9.0 35.0
15.969695 50.294277 0.0239 8.0 36.0
17.291336 51.16787 0.0239 8.0 36.0
17.291336 51.16787 0.0240 7.0 37.0
18.612976 52.041462 0.0240 7.0 37.0
18.612976 52.041462 0.0241 6.0 38.0
19.934616 52.915054 0.0241 6.0 38.0
19.934616 52.915054 0.0242 1.0 39.0
21.51237 53.05854 0.0242 1.0 39.0
21.51237 53.05854 0.0243 0.0 40.0
23.090122 53.202026 0.0243 0.0 40.0
23.090122 53.202026 0.0244 0.0 41.0
24.547672 52.58119 0.0244 0.0 41.0
19.934616 52.915054 0.0245 1.0 39.0
21.392166 52.294216 0.0245 1.0 39.0
21.392166 52.294216 0.0246 0.0 40.0
22.849716 51.673378 0.0246 0.0 40.0
22.849716 51.673378 0.0247 0.0 41.0
23.839418 50.43629 0.0247 0.0 41.0
19.934616 52.915054 0.0248 5.0 39.0
21.256256 53.788647 0.0248 5.0 39.0
21.256256 53.788647 0.0249 4.0 40.0
22.577896 54.66224 0.0249 4.0 40.0
22.577896 54.66224 0.0250 3.0 41.0
24.15565 54.805725 0.0250 3.0 41.0
24.15565 54.805725 0.0251 2.0 42.0
25.733402 54.94921 0.0251 2.0 42.0
25.733402 54.94921 0.0252 1.0 43.0
27.311155 55.092697 0.0252 1.0 43.0
27.311155 55.092697 0.0253 0.0 44.0
28.888908 55.236183 0.0253 0.0 44.0
28.888908 55.236183 0.0254 0.0 45.0
30.346458 54.615345 0.0254 0.0 45.0
22.577896 54.66224 0.0255 1.0 41.0
24.15565 54.805725 0.0255 1.0 41.0
24.15565 54.805725 0.0256 0.0 42.0
25.733402 54.94921 0.0256 0.0 42.0
25.733402 54.94921 0.0257 0.0 43.0
27.190952 54.328373 0.0257 0.0 43.0
12.004775 47.6735 0.0258 7.0 33.0
13.326415 48.547092 0.0258 7.0 33.0
13.326415 48.547092 0.0259 6.0 34.0
14.648055 49.420685 0.0259 6.0 34.0
14.648055 49.420685 0.0260 1.0 35.0
16.225807 49.56417 0.0260 1.0 35.0
16.225807 49.56417 0.0261 0.0 36.0
17.80356 49.707657 0.0261 0.0 36.0
17.80356 49.707657 0.0262 0.0 37.0
19.26111 49.08682 0.0262 0.0 37.0
14.648055 49.420685 0.0263 1.0 35.0
16.105606 48.799847 0.0263 1.0 35.0
16.105606 48.799847 0.0264 0.0 36.0
17.563156 48.17901 0.0264 0.0 36.0
17.563156 48.17901 0.0265 0.0 37.0
18.552858 46.94192 0.0265 0.0 37.0
14.648055 49.420685 0.0266 5.0 35.0
15.969695 50.294277 0.0266 5.0 35.0
15.969695 50.294277 0.0267 4.0 36.0
17.291336 51.16787 0.0267 4.0 36.0
17.291336 51.16787 0.0268 3.0 37.0
18.86909 51.311356 0.0268 3.0 37.0
18.86909 51.311356 0.0269 2.0 38.0
20.446842 51.45484 0.0269 2.0 38.0
20.446842 51.45484 0.0270 1.0 39.0
22.024595 51.598328 0.0270 1.0 39.0
22.024595 51.598328 0.0271 0.0 40.0
23.602348 51.741814 0.0271 0.0 40.0
23.602348 51.741814 0.0272 0.0 41.0
25.059898 51.120975 0.0272 0.0 41.0
17.291336 51.16787 0.0273 1.0 37.0
18.86909 51.311356 0.0273 1.0 37.0
18.86909 51.311356 0.0274 0.0 38.0
20.446842 51.45484 0.0274 0.0 38.0
20.446842 51.45484 0.0275 0.0 39.0
21.904392 50.834003 0.0275 0.0 39.0
0.0 25.348234 0.0276 19.0 17.0
0.7502983 26.743565 0.0276 19.0 17.0
0.7502983 26.743565 0.0277 18.0 18.0
1.5005966 28.138895 0.0277 18.0 18.0
1.5005966 28.138895 0.0278 17.0 19.0
2.250895 29.534225 0.0278 17.0 19.0
2.250895 29.534225 0.0279 16.0 20.0
3.0011933 30.929556 0.0279 16.0 20.0
3.0011933 30.929556 0.0280 7.0 21.0
4.3228335 31.803146 0.0280 7.0 21.0
4.3228335 31.803146 0.0281 6.0 22.0
5.644474 32.67674 0.0281 6.0 22.0
5.644474 32.67674 0.0282 1.0 23.0
7.222227 32.82023 0.0282 1.0 23.0
7.222227 32.82023 0.0283 0.0 24.0
8.79998 32.963715 0.0283 0.0 24.0
8.79998 32.963715 0.0284 0.0 25.0
10.25753 32.342876 0.0284 0.0 25.0
5.644474 32.67674 0.0285 1.0 23.0
7.1020246 32.0559 0.0285 1.0 23.0
7.1020246 32.0559 0.0286 0.0 24.0
8.559575 31.435062 0.0286 0.0 24.0
8.559575 31.435062 0.0287 0.0 25.0
9.549277 30.197975 0.0287 0.0 25.0
5.644474 32.67674 0.0288 5.0 23.0
6.9661145 33.55033 0.0288 5.0 23.0
6.9661145 33.55033 0.0289 4.0 24.0
8.287755 34.423923 0.0289 4.0 24.0
8.287755 34.423923 0.0290 3.0 25.0
9.865508 34.567413 0.0290 3.0 25.0
9.865508 34.567413 0.0291 2.0 26.0
11.443261 34.7109 0.0291 2.0 26.0
11.443261 34.7109 0.0292 1.0 27.0
13.021014 34.854385 0.0292 1.0 27.0
13.021014 34.854385 0.0293 0.0 28.0
14.598767 34.99787 0.0293 0.0 28.0
14.598767 34.99787 0.0294 0.0 29.0
16.056318 34.377033 0.0294 0.0 29.0
8.287755 34.423923 0.0295 1.0 25.0
9.865508 34.567413 0.0295 1.0 25.0
9.865508 34.567413 0.0296 0.0 26.0
11.443261 34.7109 0.0296 0.0 26.0
11.443261 34.7109 0.0297 0.0 27.0
12.900811 34.09006 0.0297 0.0 27.0
3.0011933 30.929556 0.0298 7.0 21.0
4.578946 31.073044 0.0298 7.0 21.0
4.578946 31.073044 0.0299 6.0 22.0
6.156699 31.216532 0.0299 6.0 22.0
6.156699 31.216532 0.0300 1.0 23.0
7.6142497 30.595694 0.0300 1.0 23.0
7.6142497 30.595694 0.0301 0.0 24.0
9.0718 29.974855 0.0301 0.0 24.0
9.0718 29.974855 0.0302 0.0 25.0
10.061502 28.737768 0.0302 0.0 25.0
6.156699 31.216532 0.0303 1.0 23.0
7.1464014 29.979445 0.0303 1.0 23.0
7.1464014 29.979445 0.0304 0.0 24.0
8.136104 28.742357 0.0304 0.0 24.0
8.136104 28.742357 0.0305 0.0 25.0
8.4219 27.184084 0.0305 0.0 25.0
6.156699 31.216532 0.0306 5.0 23.0
7.7344522 31.36002 0.0306 5.0 23.0
7.7344522 31.36002 0.0307 4.0 24.0
9.312205 31.503508 0.0307 4.0 24.0
9.312205 31.503508 0.0308 3.0 25.0
10.769755 30.88267 0.0308 3.0 25.0
10.769755 30.88267 0.0309 2.0 26.0
12.227305 30.261831 0.0309 2.0 26.0
12.227305 30.261831 0.0310 1.0 27.0
13.684855 29.640993 0.0310 1.0 27.0
13.684855 29.640993 0.0311 0.0 28.0
15.1424055 29.020155 0.0311 0.0 28.0
15.1424055 29.020155 0.0312 0.0 29.0
16.132107 27.783068 0.0312 0.0 29.0
9.312205 31.503508 0.0313 1.0 25.0
10.769755 30.88267 0.0313 1.0 25.0
10.769755 30.88267 0.0314 0.0 26.0
12.227305 30.261831 0.0314 0.0 26.0
12.227305 30.261831 0.0315 0.0 27.0
13.217008 29.024744 0.0315 0.0 27.0
3.0011933 30.929556 0.0316 15.0 21.0
3.7514915 32.324886 0.0316 15.0 21.0
3.7514915 32.324886 0.0317 14.0 22.0
4.50179 33.720215 0.0317 14.0 22.0
4.50179 33.720215 0.0318 13.0 23.0
5.2520885 35.115543 0.0318 13.0 23.0
5.2520885 35.115543 0.0319 12.0 24.0
6.002387 36.51087 0.0319 12.0 24.0
6.002387 36.51087 0.0320 11.0 25.0
7.3240275 37.384464 0.0320 11.0 25.0
7.3240275 37.384464 0.0321 10.0 26.0
8.645668 38.258057 0.0321 10.0 26.0
8.645668 38.258057 0.0322 9.0 27.0
9.967308 39.13165 0.0322 9.0 27.0
9.967308 39.13165 0.0323 8.0 28.0
11.288948 40.00524 0.0323 8.0 28.0
11.288948 40.00524 0.0324 7.0 29.0
12.610588 40.878834 0.0324 7.0 29.0
12.610588 40.878834 0.0325 6.0 30.0
13.932228 41.752426 0.0325 6.0 30.0
13.932228 41.752426 0.0326 1.0 31.0
15.509981 41.895912 0.0326 1.0 31.0
15.509981 41.895912 0.0327 0.0 32.0
17.087734 42.0394 0.0327 0.0 32.0
17.087734 42.0394 0.0328 0.0 33.0
18.545284 41.41856 0.0328 0.0 33.0
13.932228 41.752426 0.0329 1.0 31.0
15.389778 41.131588 0.0329 1.0 31.0
15.389778 41.131588 0.0330 0.0 32.0
16.847328 40.51075 0.0330 0.0 32.0
16.847328 40.51075 0.0331 0.0 33.0
17.83703 39.273663 0.0331 0.0 33.0
13.932228 41.752426 0.0332 5.0 31.0
15.253868 42.62602 0.0332 5.0 31.0
15.253868 42.62602 0.0333 4.0 32.0
16.575508 43.49961 0.0333 4.0 32.0
16.575508 43.49961 0.0334 3.0 33.0
18.153261 43.643097 0.0334 3.0 33.0
18.153261 43.643097 0.0335 2.0 34.0
19.731014 43.786583 0.0335 2.0 34.0
19.731014 43.786583 0.0336 1.0 35.0
21.308767 43.93007 0.0336 1.0 35.0
21.308767 43.93007 0.0337 0.0 36.0
22.88652 44.073555 0.0337 0.0 36.0
22.88652 44.073555 0.0338 0.0 37.0
24.34407 43.452717 0.0338 0.0 37.0
16.575508 43.49961 0.0339 1.0 33.0
18.153261 43.643097 0.0339 1.0 33.0
18.153261 43.643097 0.0340 0.0 34.0
19.731014 43.786583 0.0340 0.0 34.0
19.731014 43.786583 0.0341 0.0 35.0
21.188564 43.165745 0.0341 0.0 35.0
6.002387 36.51087 0.0342 7.0 25.0
7.3240275 37.384464 0.0342 7.0 25.0
7.3240275 37.384464 0.0343 6.0 26.0
8.645668 38.258057 0.0343 6.0 26.0
8.645668 38.258057 0.0344 1.0 27.0
10.223421 38.401543 0.0344 1.0 27.0
10.223421 38.401543 0.0345 0.0 28.0
11.801174 38.54503 0.0345 0.0 28.0
11.801174 38.54503 0.0346 0.0 29.0
13.258724 37.92419 0.0346 0.0 29.0
8.645668 38.258057 0.0347 1.0 27.0
10.103218 37.63722 0.0347 1.0 27.0
10.103218 37.63722 0.0348 0.0 28.0
11.560768 37.01638 0.0348 0.0 28.0
11.560768 37.01638 0.0349 0.0 29.0
12.55047 35.779293 0.0349 0.0 29.0
8.645668 38.258057 0.0350 5.0 27.0
9.967308 39.13165 0.0350 5.0 27.0
9.967308 39.13165 0.0351 4.0 28.0
11.288948 40.00524 0.0351 4.0 28.0
11.288948 40.00524 0.0352 3.0 29.0
12.866701 40.148727 0.0352 3.0 29.0
12.866701 40.148727 0.0353 2.0 30.0
14.444454 40.292213 0.0353 2.0 30.0
14.444454 40.292213 0.0354 1.0 31.0
16.022207 40.4357 0.0354 1.0 31.0
16.022207 40.4357 0.0355 0.0 32.0
17.59996 40.579185 0.0355 0.0 32.0
17.59996 40.579185 0.0356 0.0 33.0
19.05751 39.958347 0.0356 0.0 33.0
11.288948 40.00524 0.0357 1.0 29.0
12.866701 40.148727 0.0357 1.0 29.0
12.866701 40.148727 0.0358 0.0 30.0
14.444454 40.292213 0.0358 0.0 30.0
14.444454 40.292213 0.0359 0.0 31.0
15.902004 39.671375 0.0359 0.0 31.0
