0.0 0.0 0.00 60.0 1.0
0.0 2.7148077 0.00 60.0 1.0
0.0 2.7148077 0.01 59.0 2.0
0.0 5.4296155 0.01 59.0 2.0
0.0 5.4296155 0.02 58.0 3.0
0.0 8.1444235 0.02 58.0 3.0
0.0 8.1444235 0.03 57.0 4.0
0.0 10.859231 0.03 57.0 4.0
0.0 10.859231 0.04 56.0 5.0
0.0 13.5740385 0.04 56.0 5.0
0.0 13.5740385 0.05 55.0 6.0
0.0 16.288847 0.05 55.0 6.0
0.0 16.288847 0.06 54.0 7.0
0.0 19.003654 0.06 54.0 7.0
0.0 19.003654 0.07 53.0 8.0
0.0 21.718462 0.07 53.0 8.0
0.0 21.718462 0.08 52.0 9.0
0.0 24.43327 0.08 52.0 9.0
0.0 24.43327 0.09 51.0 10.0
0.0 27.148077 0.09 51.0 10.0
0.0 27.148077 0.010 50.0 11.0
0.0 29.862885 0.010 50.0 11.0
0.0 29.862885 0.011 49.0 12.0
0.0 32.577694 0.011 49.0 12.0
0.0 32.577694 0.012 48.0 13.0
0.0 35.292503 0.012 48.0 13.0
0.0 35.292503 0.013 47.0 14.0
0.0 38.007313 0.013 47.0 14.0
0.0 38.007313 0.014 46.0 15.0
0.0 40.722122 0.014 46.0 15.0
0.0 40.722122 0.015 45.0 16.0
0.0 43.43693 0.015 45.0 16.0
0.0 43.43693 0.016 28.0 17.0
-0.5372492 46.09805 0.016 28.0 17.0
-0.5372492 46.09805 0.017 27.0 18.0
-1.0744984 48.759167 0.017 27.0 18.0
-1.0744984 48.759167 0.018 26.0 19.0
-1.6117476 51.420284 0.018 26.0 19.0
-1.6117476 51.420284 0.019 25.0 20.0
-2.1489968 54.0814 0.019 25.0 20.0
-2.1489968 54.0814 0.020 24.0 21.0
-2.686246 56.74252 0.020 24.0 21.0
-2.686246 56.74252 0.021 23.0 22.0
-3.223495 59.403637 0.021 23.0 22.0
-3.223495 59.403637 0.022 22.0 23.0
-3.760744 62.064754 0.022 22.0 23.0
-3.760744 62.064754 0.023 21.0 24.0
-4.297993 64.72587 0.023 21.0 24.0
-4.297993 64.72587 0.024 12.0 25.0
-4.297993 67.440674 0.024 12.0 25.0
-4.297993 67.440674 0.025 11.0 26.0
-4.297993 70.15548 0.025 11.0 26.0
-4.297993 70.15548 0.026 10.0 27.0
-4.297993 72.870285 0.026 10.0 27.0
-4.297993 72.870285 0.027 9.0 28.0
-4.297993 75.58509 0.027 9.0 28.0
-4.297993 75.58509 0.028 4.0 29.0
-3.760744 78.24621 0.028 4.0 29.0
-3.760744 78.24621 0.029 3.0 30.0
-3.223495 80.907326 0.029 3.0 30.0
-3.223495 80.907326 0.030 0.0 31.0
-2.170247 83.40949 0.030 0.0 31.0
-2.170247 83.40949 0.031 0.0 32.0
-1.116999 85.91166 0.031 0.0 32.0
-3.223495 80.907326 0.032 2.0 31.0
-2.686246 83.56844 0.032 2.0 31.0
-2.686246 83.56844 0.033 1.0 32.0
-2.1489968 86.22956 0.033 1.0 32.0
-2.1489968 86.22956 0.034 0.0 33.0
-1.0957488 88.73173 0.034 0.0 33.0
-1.0957488 88.73173 0.035 0.0 34.0
-0.042500734 91.233894 0.035 0.0 34.0
-2.1489968 86.22956 0.036 0.0 33.0
-2.1489968 88.94437 0.036 0.0 33.0
-2.1489968 88.94437 0.037 0.0 34.0
-2.1489968 91.65917 0.037 0.0 34.0
-4.297993 75.58509 0.038 8.0 29.0
-4.297993 78.2999 0.038 8.0 29.0
-4.297993 78.2999 0.039 7.0 30.0
-4.297993 81.0147 0.039 7.0 30.0
-4.297993 81.0147 0.040 6.0 31.0
-4.297993 83.72951 0.040 6.0 31.0
-4.297993 83.72951 0.041 5.0 32.0
-4.297993 86.44431 0.041 5.0 32.0
-4.297993 86.44431 0.042 4.0 33.0
-3.760744 89.10543 0.042 4.0 33.0
-3.760744 89.10543 0.043 3.0 34.0
-3.223495 91.76655 0.043 3.0 34.0
-3.223495 91.76655 0.044 0.0 35.0
-2.170247 94.268715 0.044 0.0 35.0
-2.170247 94.268715 0.045 0.0 36.0
-1.116999 96.77088 0.045 0.0 36.0
-3.223495 91.76655 0.046 2.0 35.0
-2.686246 94.427666 0.046 2.0 35.0
-2.686246 94.427666 0.047 1.0 36.0
-2.1489968 97.08878 0.047 1.0 36.0
-2.1489968 97.08878 0.048 0.0 37.0
-1.0957488 99.59095 0.048 0.0 37.0
-1.0957488 99.59095 0.049 0.0 38.0
-0.042500734 102.09312 0.049 0.0 38.0
-2.1489968 97.08878 0.050 0.0 37.0
-2.1489968 99.80359 0.050 0.0 37.0
-2.1489968 99.80359 0.051 0.0 38.0
-2.1489968 102.518394 0.051 0.0 38.0
-4.297993 86.44431 0.052 4.0 33.0
-4.8352423 89.10543 0.052 4.0 33.0
-4.8352423 89.10543 0.053 3.0 34.0
-5.3724914 91.76655 0.053 3.0 34.0
-5.3724914 91.76655 0.054 0.0 35.0
-5.3724914 94.48135 0.054 0.0 35.0
-5.3724914 94.48135 0.055 0.0 36.0
-5.3724914 97.19616 0.055 0.0 36.0
-5.3724914 91.76655 0.056 2.0 35.0
-5.9097404 94.427666 0.056 2.0 35.0
-5.9097404 94.427666 0.057 1.0 36.0
-6.4469895 97.08878 0.057 1.0 36.0
-6.4469895 97.08878 0.058 0.0 37.0
-6.4469895 99.80359 0.058 0.0 37.0
-6.4469895 99.80359 0.059 0.0 38.0
-6.4469895 102.518394 0.059 0.0 38.0
-6.4469895 97.08878 0.060 0.0 37.0
-7.5002375 99.59095 0.060 0.0 37.0
-7.5002375 99.59095 0.061 0.0 38.0
-8.553486 102.09312 0.061 0.0 38.0
-4.297993 64.72587 0.062 20.0 25.0
-4.8352423 67.386986 0.062 20.0 25.0
-4.8352423 67.386986 0.063 19.0 26.0
-5.3724914 70.0481 0.063 19.0 26.0
-5.3724914 70.0481 0.064 18.0 27.0
-5.9097404 72.70922 0.064 18.0 27.0
-5.9097404 72.70922 0.065 17.0 28.0
-6.4469895 75.37034 0.065 17.0 28.0
-6.4469895 75.37034 0.066 16.0 29.0
-6.9842386 78.031456 0.066 16.0 29.0
-6.9842386 78.031456 0.067 15.0 30.0
-7.5214877 80.69257 0.067 15.0 30.0
-7.5214877 80.69257 0.068 14.0 31.0
-8.058737 83.35369 0.068 14.0 31.0
-8.058737 83.35369 0.069 13.0 32.0
-8.595986 86.01481 0.069 13.0 32.0
-8.595986 86.01481 0.070 12.0 33.0
-8.595986 88.729614 0.070 12.0 33.0
-8.595986 88.729614 0.071 11.0 34.0
-8.595986 91.44442 0.071 11.0 34.0
-8.595986 91.44442 0.072 10.0 35.0
-8.595986 94.159225 0.072 10.0 35.0
-8.595986 94.159225 0.073 9.0 36.0
-8.595986 96.87403 0.073 9.0 36.0
-8.595986 96.87403 0.074 4.0 37.0
-8.058737 99.53515 0.074 4.0 37.0
-8.058737 99.53515 0.075 3.0 38.0
-7.5214877 102.196266 0.075 3.0 38.0
-7.5214877 102.196266 0.076 0.0 39.0
-6.46824 104.69843 0.076 0.0 39.0
-6.46824 104.69843 0.077 0.0 40.0
-5.414992 107.2006 0.077 0.0 40.0
-7.5214877 102.196266 0.078 2.0 39.0
-6.9842386 104.85738 0.078 2.0 39.0
-6.9842386 104.85738 0.079 1.0 40.0
-6.4469895 107.5185 0.079 1.0 40.0
-6.4469895 107.5185 0.080 0.0 41.0
-5.3937416 110.02067 0.080 0.0 41.0
-5.3937416 110.02067 0.081 0.0 42.0
-4.3404937 112.522835 0.081 0.0 42.0
-6.4469895 107.5185 0.082 0.0 41.0
-6.4469895 110.23331 0.082 0.0 41.0
-6.4469895 110.23331 0.083 0.0 42.0
-6.4469895 112.94811 0.083 0.0 42.0
-8.595986 96.87403 0.084 8.0 37.0
-8.595986 99.58884 0.084 8.0 37.0
-8.595986 99.58884 0.085 7.0 38.0
-8.595986 102.30364 0.085 7.0 38.0
-8.595986 102.30364 0.086 6.0 39.0
-8.595986 105.01845 0.086 6.0 39.0
-8.595986 105.01845 0.087 5.0 40.0
-8.595986 107.73325 0.087 5.0 40.0
-8.595986 107.73325 0.088 4.0 41.0
-8.058737 110.39437 0.088 4.0 41.0
-8.058737 110.39437 0.089 3.0 42.0
-7.5214877 113.05549 0.089 3.0 42.0
-7.5214877 113.05549 0.090 0.0 43.0
-6.46824 115.557655 0.090 0.0 43.0
-6.46824 115.557655 0.091 0.0 44.0
-5.414992 118.05982 0.091 0.0 44.0
-7.5214877 113.05549 0.092 2.0 43.0
-6.9842386 115.716606 0.092 2.0 43.0
-6.9842386 115.716606 0.093 1.0 44.0
-6.4469895 118.37772 0.093 1.0 44.0
-6.4469895 118.37772 0.094 0.0 45.0
-5.3937416 120.87989 0.094 0.0 45.0
-5.3937416 120.87989 0.095 0.0 46.0
-4.3404937 123.38206 0.095 0.0 46.0
-6.4469895 118.37772 0.096 0.0 45.0
-6.4469895 121.09253 0.096 0.0 45.0
-6.4469895 121.09253 0.097 0.0 46.0
-6.4469895 123.807335 0.097 0.0 46.0
-8.595986 107.73325 0.098 4.0 41.0
-9.133236 110.39437 0.098 4.0 41.0
-9.133236 110.39437 0.099 3.0 42.0
-9.6704855 113.05549 0.099 3.0 42.0
-9.6704855 113.05549 0.0100 0.0 43.0
-9.6704855 115.770294 0.0100 0.0 43.0
-9.6704855 115.770294 0.0101 0.0 44.0
-9.6704855 118.4851 0.0101 0.0 44.0
-9.6704855 113.05549 0.0102 2.0 43.0
-10.207735 115.716606 0.0102 2.0 43.0
-10.207735 115.716606 0.0103 1.0 44.0
-10.744985 118.37772 0.0103 1.0 44.0
-10.744985 118.37772 0.0104 0.0 45.0
-10.744985 121.09253 0.0104 0.0 45.0
-10.744985 121.09253 0.0105 0.0 46.0
-10.744985 123.807335 0.0105 0.0 46.0
-10.744985 118.37772 0.0106 0.0 45.0
-11.798233 120.87989 0.0106 0.0 45.0
-11.798233 120.87989 0.0107 0.0 46.0
-12.851481 123.38206 0.0107 0.0 46.0
-8.595986 86.01481 0.0108 12.0 33.0
-9.649235 88.516975 0.0108 12.0 33.0
-9.649235 88.516975 0.0109 11.0 34.0
-10.702483 91.01914 0.0109 11.0 34.0
-10.702483 91.01914 0.0110 10.0 35.0
-11.755732 93.52131 0.0110 10.0 35.0
-11.755732 93.52131 0.0111 9.0 36.0
-12.80898 96.023476 0.0111 9.0 36.0
-12.80898 96.023476 0.0112 4.0 37.0
-13.34623 98.68459 0.0112 4.0 37.0
-13.34623 98.68459 0.0113 3.0 38.0
-13.883479 101.34571 0.0113 3.0 38.0
-13.883479 101.34571 0.0114 0.0 39.0
-13.883479 104.06052 0.0114 0.0 39.0
-13.883479 104.06052 0.0115 0.0 40.0
-13.883479 106.77532 0.0115 0.0 40.0
-13.883479 101.34571 0.0116 2.0 39.0
-14.420729 104.00683 0.0116 2.0 39.0
-14.420729 104.00683 0.0117 1.0 40.0
-14.957978 106.667946 0.0117 1.0 40.0
-14.957978 106.667946 0.0118 0.0 41.0
-14.957978 109.38275 0.0118 0.0 41.0
-14.957978 109.38275 0.0119 0.0 42.0
-14.957978 112.09756 0.0119 0.0 42.0
-14.957978 106.667946 0.0120 0.0 41.0
-16.011227 109.17011 0.0120 0.0 41.0
-16.011227 109.17011 0.0121 0.0 42.0
-17.064474 111.67228 0.0121 0.0 42.0
-12.80898 96.023476 0.0122 8.0 37.0
-13.862228 98.52564 0.0122 8.0 37.0
-13.862228 98.52564 0.0123 7.0 38.0
-14.915477 101.02781 0.0123 7.0 38.0
-14.915477 101.02781 0.0124 6.0 39.0
-15.968725 103.529976 0.0124 6.0 39.0
-15.968725 103.529976 0.0125 5.0 40.0
-17.021973 106.03214 0.0125 5.0 40.0
-17.021973 106.03214 0.0126 4.0 41.0
-17.559221 108.69326 0.0126 4.0 41.0
-17.559221 108.69326 0.0127 3.0 42.0
-18.09647 111.35438 0.0127 3.0 42.0
-18.09647 111.35438 0.0128 0.0 43.0
-18.09647 114.06918 0.0128 0.0 43.0
-18.09647 114.06918 0.0129 0.0 44.0
-18.09647 116.78399 0.0129 0.0 44.0
-18.09647 111.35438 0.0130 2.0 43.0
-18.633718 114.015495 0.0130 2.0 43.0
-18.633718 114.015495 0.0131 1.0 44.0
-19.170967 116.67661 0.0131 1.0 44.0
-19.170967 116.67661 0.0132 0.0 45.0
-19.170967 119.39142 0.0132 0.0 45.0
-19.170967 119.39142 0.0133 0.0 46.0
-19.170967 122.106224 0.0133 0.0 46.0
-19.170967 116.67661 0.0134 0.0 45.0
-20.224215 119.17878 0.0134 0.0 45.0
-20.224215 119.17878 0.0135 0.0 46.0
-21.277462 121.68095 0.0135 0.0 46.0
-17.021973 106.03214 0.0136 4.0 41.0
-18.549559 108.27639 0.0136 4.0 41.0
-18.549559 108.27639 0.0137 3.0 42.0
-20.077145 110.52064 0.0137 3.0 42.0
-20.077145 110.52064 0.0138 0.0 43.0
-21.130392 113.022804 0.0138 0.0 43.0
-21.130392 113.022804 0.0139 0.0 44.0
-22.18364 115.52497 0.0139 0.0 44.0
-20.077145 110.52064 0.0140 2.0 43.0
-21.60473 112.764885 0.0140 2.0 43.0
-21.60473 112.764885 0.0141 1.0 44.0
-23.132317 115.00913 0.0141 1.0 44.0
-23.132317 115.00913 0.0142 0.0 45.0
-24.185564 117.5113 0.0142 0.0 45.0
-24.185564 117.5113 0.0143 0.0 46.0
-25.238811 120.013466 0.0143 0.0 46.0
-23.132317 115.00913 0.0144 0.0 45.0
-25.07382 116.90669 0.0144 0.0 45.0
-25.07382 116.90669 0.0145 0.0 46.0
-27.015324 118.80425 0.0145 0.0 46.0
0.0 43.43693 0.0146 44.0 17.0
0.0 46.15174 0.0146 44.0 17.0
0.0 46.15174 0.0147 43.0 18.0
0.0 48.86655 0.0147 43.0 18.0
0.0 48.86655 0.0148 42.0 19.0
0.0 51.58136 0.0148 42.0 19.0
0.0 51.58136 0.0149 41.0 20.0
0.0 54.29617 0.0149 41.0 20.0
0.0 54.29617 0.0150 40.0 21.0
0.0 57.01098 0.0150 40.0 21.0
0.0 57.01098 0.0151 39.0 22.0
0.0 59.72579 0.0151 39.0 22.0
0.0 59.72579 0.0152 38.0 23.0
0.0 62.440598 0.0152 38.0 23.0
0.0 62.440598 0.0153 37.0 24.0
0.0 65.1554 0.0153 37.0 24.0
0.0 65.1554 0.0154 36.0 25.0
0.0 67.87021 0.0154 36.0 25.0
0.0 67.87021 0.0155 35.0 26.0
0.0 70.585014 0.0155 35.0 26.0
0.0 70.585014 0.0156 34.0 27.0
0.0 73.29982 0.0156 34.0 27.0
0.0 73.29982 0.0157 33.0 28.0
0.0 76.014626 0.0157 33.0 28.0
0.0 76.014626 0.0158 32.0 29.0
0.0 78.72943 0.0158 32.0 29.0
0.0 78.72943 0.0159 31.0 30.0
0.0 81.44424 0.0159 31.0 30.0
0.0 81.44424 0.0160 30.0 31.0
0.0 84.15904 0.0160 30.0 31.0
0.0 84.15904 0.0161 29.0 32.0
0.0 86.87385 0.0161 29.0 32.0
0.0 86.87385 0.0162 28.0 33.0
0.5372492 89.534966 0.0162 28.0 33.0
0.5372492 89.534966 0.0163 27.0 34.0
1.0744984 92.19608 0.0163 27.0 34.0
1.0744984 92.19608 0.0164 26.0 35.0
1.6117476 94.8572 0.0164 26.0 35.0
1.6117476 94.8572 0.0165 25.0 36.0
2.1489968 97.51832 0.0165 25.0 36.0
2.1489968 97.51832 0.0166 24.0 37.0
2.686246 100.179436 0.0166 24.0 37.0
2.686246 100.179436 0.0167 23.0 38.0
3.223495 102.84055 0.0167 23.0 38.0
3.223495 102.84055 0.0168 22.0 39.0
3.760744 105.50167 0.0168 22.0 39.0
3.760744 105.50167 0.0169 21.0 40.0
4.297993 108.16279 0.0169 21.0 40.0
4.297993 108.16279 0.0170 12.0 41.0
5.351241 110.664955 0.0170 12.0 41.0
5.351241 110.664955 0.0171 11.0 42.0
6.404489 113.16712 0.0171 11.0 42.0
6.404489 113.16712 0.0172 10.0 43.0
7.457737 115.66929 0.0172 10.0 43.0
7.457737 115.66929 0.0173 9.0 44.0
8.510985 118.171455 0.0173 9.0 44.0
8.510985 118.171455 0.0174 4.0 45.0
10.038572 120.4157 0.0174 4.0 45.0
10.038572 120.4157 0.0175 3.0 46.0
11.566159 122.65995 0.0175 3.0 46.0
11.566159 122.65995 0.0176 0.0 47.0
13.507663 124.55751 0.0176 0.0 47.0
13.507663 124.55751 0.0177 0.0 48.0
15.449166 126.45507 0.0177 0.0 48.0
11.566159 122.65995 0.0178 2.0 47.0
13.093746 124.9042 0.0178 2.0 47.0
13.093746 124.9042 0.0179 1.0 48.0
14.621333 127.148445 0.0179 1.0 48.0
14.621333 127.148445 0.0180 0.0 49.0
16.562838 129.046 0.0180 0.0 49.0
16.562838 129.046 0.0181 0.0 50.0
18.504341 130.94357 0.0181 0.0 50.0
14.621333 127.148445 0.0182 0.0 49.0
15.674582 129.65062 0.0182 0.0 49.0
15.674582 129.65062 0.0183 0.0 50.0
16.727829 132.15279 0.0183 0.0 50.0
8.510985 118.171455 0.0184 8.0 45.0
9.564234 120.67362 0.0184 8.0 45.0
9.564234 120.67362 0.0185 7.0 46.0
10.617482 123.17579 0.0185 7.0 46.0
10.617482 123.17579 0.0186 6.0 47.0
11.670731 125.677956 0.0186 6.0 47.0
11.670731 125.677956 0.0187 5.0 48.0
12.723979 128.18013 0.0187 5.0 48.0
12.723979 128.18013 0.0188 4.0 49.0
14.251566 130.42438 0.0188 4.0 49.0
14.251566 130.42438 0.0189 3.0 50.0
15.779153 132.66862 0.0189 3.0 50.0
15.779153 132.66862 0.0190 0.0 51.0
17.720657 134.5662 0.0190 0.0 51.0
17.720657 134.5662 0.0191 0.0 52.0
19.66216 136.46376 0.0191 0.0 52.0
15.779153 132.66862 0.0192 2.0 51.0
17.30674 134.91287 0.0192 2.0 51.0
17.30674 134.91287 0.0193 1.0 52.0
18.834326 137.15712 0.0193 1.0 52.0
18.834326 137.15712 0.0194 0.0 53.0
20.77583 139.05469 0.0194 0.0 53.0
20.77583 139.05469 0.0195 0.0 54.0
22.717333 140.95226 0.0195 0.0 54.0
18.834326 137.15712 0.0196 0.0 53.0
19.887573 139.65929 0.0196 0.0 53.0
19.887573 139.65929 0.0197 0.0 54.0
20.94082 142.16145 0.0197 0.0 54.0
12.723979 128.18013 0.0198 4.0 49.0
13.261229 130.84125 0.0198 4.0 49.0
13.261229 130.84125 0.0199 3.0 50.0
13.798478 133.50237 0.0199 3.0 50.0
13.798478 133.50237 0.0200 0.0 51.0
14.851727 136.00453 0.0200 0.0 51.0
14.851727 136.00453 0.0201 0.0 52.0
15.904975 138.5067 0.0201 0.0 52.0
13.798478 133.50237 0.0202 2.0 51.0
14.335728 136.16348 0.0202 2.0 51.0
14.335728 136.16348 0.0203 1.0 52.0
14.872977 138.8246 0.0203 1.0 52.0
14.872977 138.8246 0.0204 0.0 53.0
15.926226 141.32677 0.0204 0.0 53.0
15.926226 141.32677 0.0205 0.0 54.0
16.979473 143.82893 0.0205 0.0 54.0
14.872977 138.8246 0.0206 0.0 53.0
14.872977 141.53941 0.0206 0.0 53.0
14.872977 141.53941 0.0207 0.0 54.0
14.872977 144.25423 0.0207 0.0 54.0
4.297993 108.16279 0.0208 20.0 41.0
4.8352423 110.823906 0.0208 20.0 41.0
4.8352423 110.823906 0.0209 19.0 42.0
5.3724914 113.48502 0.0209 19.0 42.0
5.3724914 113.48502 0.0210 18.0 43.0
5.9097404 116.14614 0.0210 18.0 43.0
5.9097404 116.14614 0.0211 17.0 44.0
6.4469895 118.80726 0.0211 17.0 44.0
6.4469895 118.80726 0.0212 16.0 45.0
6.9842386 121.468376 0.0212 16.0 45.0
6.9842386 121.468376 0.0213 15.0 46.0
7.5214877 124.12949 0.0213 15.0 46.0
7.5214877 124.12949 0.0214 14.0 47.0
8.058737 126.79061 0.0214 14.0 47.0
8.058737 126.79061 0.0215 13.0 48.0
8.595986 129.45172 0.0215 13.0 48.0
8.595986 129.45172 0.0216 12.0 49.0
9.649235 131.95389 0.0216 12.0 49.0
9.649235 131.95389 0.0217 11.0 50.0
10.702483 134.45605 0.0217 11.0 50.0
10.702483 134.45605 0.0218 10.0 51.0
11.755732 136.95822 0.0218 10.0 51.0
11.755732 136.95822 0.0219 9.0 52.0
12.80898 139.46039 0.0219 9.0 52.0
12.80898 139.46039 0.0220 4.0 53.0
14.336567 141.70464 0.0220 4.0 53.0
14.336567 141.70464 0.0221 3.0 54.0
15.864154 143.94888 0.0221 3.0 54.0
15.864154 143.94888 0.0222 0.0 55.0
17.805658 145.84645 0.0222 0.0 55.0
17.805658 145.84645 0.0223 0.0 56.0
19.747162 147.74402 0.0223 0.0 56.0
15.864154 143.94888 0.0224 2.0 55.0
17.39174 146.19313 0.0224 2.0 55.0
17.39174 146.19313 0.0225 1.0 56.0
18.919327 148.43738 0.0225 1.0 56.0
18.919327 148.43738 0.0226 0.0 57.0
20.86083 150.33495 0.0226 0.0 57.0
20.86083 150.33495 0.0227 0.0 58.0
22.802334 152.23251 0.0227 0.0 58.0
18.919327 148.43738 0.0228 0.0 57.0
19.972574 150.93954 0.0228 0.0 57.0
19.972574 150.93954 0.0229 0.0 58.0
21.025822 153.44171 0.0229 0.0 58.0
12.80898 139.46039 0.0230 8.0 53.0
13.862228 141.96255 0.0230 8.0 53.0
13.862228 141.96255 0.0231 7.0 54.0
14.915477 144.46472 0.0231 7.0 54.0
14.915477 144.46472 0.0232 6.0 55.0
15.968725 146.96689 0.0232 6.0 55.0
15.968725 146.96689 0.0233 5.0 56.0
17.021973 149.46906 0.0233 5.0 56.0
17.021973 149.46906 0.0234 4.0 57.0
18.549559 151.7133 0.0234 4.0 57.0
18.549559 151.7133 0.0235 3.0 58.0
20.077145 153.95755 0.0235 3.0 58.0
20.077145 153.95755 0.0236 0.0 59.0
22.018648 155.85512 0.0236 0.0 59.0
22.018648 155.85512 0.0237 0.0 60.0
23.960152 157.75269 0.0237 0.0 60.0
20.077145 153.95755 0.0238 2.0 59.0
21.60473 156.2018 0.0238 2.0 59.0
21.60473 156.2018 0.0239 1.0 60.0
23.132317 158.44604 0.0239 1.0 60.0
23.132317 158.44604 0.0240 0.0 61.0
25.07382 160.34361 0.0240 0.0 61.0
25.07382 160.34361 0.0241 0.0 62.0
27.015324 162.24118 0.0241 0.0 62.0
23.132317 158.44604 0.0242 0.0 61.0
24.185564 160.94821 0.0242 0.0 61.0
24.185564 160.94821 0.0243 0.0 62.0
25.238811 163.45038 0.0243 0.0 62.0
17.021973 149.46906 0.0244 4.0 57.0
17.559221 152.13017 0.0244 4.0 57.0
17.559221 152.13017 0.0245 3.0 58.0
18.09647 154.79129 0.0245 3.0 58.0
18.09647 154.79129 0.0246 0.0 59.0
19.149717 157.29346 0.0246 0.0 59.0
19.149717 157.29346 0.0247 0.0 60.0
20.202965 159.79562 0.0247 0.0 60.0
18.09647 154.79129 0.0248 2.0 59.0
18.633718 157.45241 0.0248 2.0 59.0
18.633718 157.45241 0.0249 1.0 60.0
19.170967 160.11353 0.0249 1.0 60.0
19.170967 160.11353 0.0250 0.0 61.0
20.224215 162.61569 0.0250 0.0 61.0
20.224215 162.61569 0.0251 0.0 62.0
21.277462 165.11786 0.0251 0.0 62.0
19.170967 160.11353 0.0252 0.0 61.0
19.170967 162.82834 0.0252 0.0 61.0
19.170967 162.82834 0.0253 0.0 62.0
19.170967 165.54315 0.0253 0.0 62.0
8.595986 129.45172 0.0254 12.0 49.0
8.595986 132.16653 0.0254 12.0 49.0
8.595986 132.16653 0.0255 11.0 50.0
8.595986 134.88135 0.0255 11.0 50.0
8.595986 134.88135 0.0256 10.0 51.0
8.595986 137.59616 0.0256 10.0 51.0
8.595986 137.59616 0.0257 9.0 52.0
8.595986 140.31097 0.0257 9.0 52.0
8.595986 140.31097 0.0258 4.0 53.0
9.133236 142.97209 0.0258 4.0 53.0
9.133236 142.97209 0.0259 3.0 54.0
9.6704855 145.63321 0.0259 3.0 54.0
9.6704855 145.63321 0.0260 0.0 55.0
10.723734 148.13538 0.0260 0.0 55.0
10.723734 148.13538 0.0261 0.0 56.0
11.776982 150.63754 0.0261 0.0 56.0
9.6704855 145.63321 0.0262 2.0 55.0
10.207735 148.29433 0.0262 2.0 55.0
10.207735 148.29433 0.0263 1.0 56.0
10.744985 150.95544 0.0263 1.0 56.0
10.744985 150.95544 0.0264 0.0 57.0
11.798233 153.45761 0.0264 0.0 57.0
11.798233 153.45761 0.0265 0.0 58.0
12.851481 155.95978 0.0265 0.0 58.0
10.744985 150.95544 0.0266 0.0 57.0
10.744985 153.67026 0.0266 0.0 57.0
10.744985 153.67026 0.0267 0.0 58.0
10.744985 156.38507 0.0267 0.0 58.0
8.595986 140.31097 0.0268 8.0 53.0
8.595986 143.02579 0.0268 8.0 53.0
8.595986 143.02579 0.0269 7.0 54.0
8.595986 145.7406 0.0269 7.0 54.0
8.595986 145.7406 0.0270 6.0 55.0
8.595986 148.45541 0.0270 6.0 55.0
8.595986 148.45541 0.0271 5.0 56.0
8.595986 151.17023 0.0271 5.0 56.0
8.595986 151.17023 0.0272 4.0 57.0
9.133236 153.83134 0.0272 4.0 57.0
9.133236 153.83134 0.0273 3.0 58.0
9.6704855 156.49246 0.0273 3.0 58.0
9.6704855 156.49246 0.0274 0.0 59.0
10.723734 158.99463 0.0274 0.0 59.0
10.723734 158.99463 0.0275 0.0 60.0
11.776982 161.4968 0.0275 0.0 60.0
9.6704855 156.49246 0.0276 2.0 59.0
10.207735 159.15358 0.0276 2.0 59.0
10.207735 159.15358 0.0277 1.0 60.0
10.744985 161.8147 0.0277 1.0 60.0
10.744985 161.8147 0.0278 0.0 61.0
11.798233 164.31686 0.0278 0.0 61.0
11.798233 164.31686 0.0279 0.0 62.0
12.851481 166.81903 0.0279 0.0 62.0
10.744985 161.8147 0.0280 0.0 61.0
10.744985 164.52951 0.0280 0.0 61.0
10.744985 164.52951 0.0281 0.0 62.0
10.744985 167.24432 0.0281 0.0 62.0
8.595986 151.17023 0.0282 4.0 57.0
8.058737 153.83134 0.0282 4.0 57.0
8.058737 153.83134 0.0283 3.0 58.0
7.5214877 156.49246 0.0283 3.0 58.0
7.5214877 156.49246 0.0284 0.0 59.0
7.5214877 159.20728 0.0284 0.0 59.0
7.5214877 159.20728 0.0285 0.0 60.0
7.5214877 161.92209 0.0285 0.0 60.0
7.5214877 156.49246 0.0286 2.0 59.0
6.9842386 159.15358 0.0286 2.0 59.0
6.9842386 159.15358 0.0287 1.0 60.0
6.4469895 161.8147 0.0287 1.0 60.0
6.4469895 161.8147 0.0288 0.0 61.0
6.4469895 164.52951 0.0288 0.0 61.0
6.4469895 164.52951 0.0289 0.0 62.0
6.4469895 167.24432 0.0289 0.0 62.0
6.4469895 161.8147 0.0290 0.0 61.0
5.3937416 164.31686 0.0290 0.0 61.0
5.3937416 164.31686 0.0291 0.0 62.0
4.3404937 166.81903 0.0291 0.0 62.0
0.0 86.87385 0.0292 28.0 33.0
-0.5372492 89.534966 0.0292 28.0 33.0
-0.5372492 89.534966 0.0293 27.0 34.0
-1.0744984 92.19608 0.0293 27.0 34.0
-1.0744984 92.19608 0.0294 26.0 35.0
-1.6117476 94.8572 0.0294 26.0 35.0
-1.6117476 94.8572 0.0295 25.0 36.0
-2.1489968 97.51832 0.0295 25.0 36.0
-2.1489968 97.51832 0.0296 24.0 37.0
-2.686246 100.179436 0.0296 24.0 37.0
-2.686246 100.179436 0.0297 23.0 38.0
-3.223495 102.84055 0.0297 23.0 38.0
-3.223495 102.84055 0.0298 22.0 39.0
-3.760744 105.50167 0.0298 22.0 39.0
-3.760744 105.50167 0.0299 21.0 40.0
-4.297993 108.16279 0.0299 21.0 40.0
-4.297993 108.16279 0.0300 12.0 41.0
-4.297993 110.877594 0.0300 12.0 41.0
-4.297993 110.877594 0.0301 11.0 42.0
-4.297993 113.5924 0.0301 11.0 42.0
-4.297993 113.5924 0.0302 10.0 43.0
-4.297993 116.307205 0.0302 10.0 43.0
-4.297993 116.307205 0.0303 9.0 44.0
-4.297993 119.02201 0.0303 9.0 44.0
-4.297993 119.02201 0.0304 4.0 45.0
-3.760744 121.68313 0.0304 4.0 45.0
-3.760744 121.68313 0.0305 3.0 46.0
-3.223495 124.344246 0.0305 3.0 46.0
-3.223495 124.344246 0.0306 0.0 47.0
-2.170247 126.84641 0.0306 0.0 47.0
-2.170247 126.84641 0.0307 0.0 48.0
-1.116999 129.34859 0.0307 0.0 48.0
-3.223495 124.344246 0.0308 2.0 47.0
-2.686246 127.00536 0.0308 2.0 47.0
-2.686246 127.00536 0.0309 1.0 48.0
-2.1489968 129.66647 0.0309 1.0 48.0
-2.1489968 129.66647 0.0310 0.0 49.0
-1.0957488 132.16864 0.0310 0.0 49.0
-1.0957488 132.16864 0.0311 0.0 50.0
-0.042500734 134.6708 0.0311 0.0 50.0
-2.1489968 129.66647 0.0312 0.0 49.0
-2.1489968 132.38129 0.0312 0.0 49.0
-2.1489968 132.38129 0.0313 0.0 50.0
-2.1489968 135.0961 0.0313 0.0 50.0
-4.297993 119.02201 0.0314 8.0 45.0
-4.297993 121.73682 0.0314 8.0 45.0
-4.297993 121.73682 0.0315 7.0 46.0
-4.297993 124.45162 0.0315 7.0 46.0
-4.297993 124.45162 0.0316 6.0 47.0
-4.297993 127.16643 0.0316 6.0 47.0
-4.297993 127.16643 0.0317 5.0 48.0
-4.297993 129.88124 0.0317 5.0 48.0
-4.297993 129.88124 0.0318 4.0 49.0
-3.760744 132.54236 0.0318 4.0 49.0
-3.760744 132.54236 0.0319 3.0 50.0
-3.223495 135.20348 0.0319 3.0 50.0
-3.223495 135.20348 0.0320 0.0 51.0
-2.170247 137.70564 0.0320 0.0 51.0
-2.170247 137.70564 0.0321 0.0 52.0
-1.116999 140.20781 0.0321 0.0 52.0
-3.223495 135.20348 0.0322 2.0 51.0
-2.686246 137.8646 0.0322 2.0 51.0
-2.686246 137.8646 0.0323 1.0 52.0
-2.1489968 140.52571 0.0323 1.0 52.0
-2.1489968 140.52571 0.0324 0.0 53.0
-1.0957488 143.02788 0.0324 0.0 53.0
-1.0957488 143.02788 0.0325 0.0 54.0
-0.042500734 145.53004 0.0325 0.0 54.0
-2.1489968 140.52571 0.0326 0.0 53.0
-2.1489968 143.24052 0.0326 0.0 53.0
-2.1489968 143.24052 0.0327 0.0 54.0
-2.1489968 145.95534 0.0327 0.0 54.0
-4.297993 129.88124 0.0328 4.0 49.0
-4.8352423 132.54236 0.0328 4.0 49.0
-4.8352423 132.54236 0.0329 3.0 50.0
-5.3724914 135.20348 0.0329 3.0 50.0
-5.3724914 135.20348 0.0330 0.0 51.0
-5.3724914 137.91829 0.0330 0.0 51.0
-5.3724914 137.91829 0.0331 0.0 52.0
-5.3724914 140.6331 0.0331 0.0 52.0
-5.3724914 135.20348 0.0332 2.0 51.0
-5.9097404 137.8646 0.0332 2.0 51.0
-5.9097404 137.8646 0.0333 1.0 52.0
-6.4469895 140.52571 0.0333 1.0 52.0
-6.4469895 140.52571 0.0334 0.0 53.0
-6.4469895 143.24052 0.0334 0.0 53.0
-6.4469895 143.24052 0.0335 0.0 54.0
-6.4469895 145.95534 0.0335 0.0 54.0
-6.4469895 140.52571 0.0336 0.0 53.0
-7.5002375 143.02788 0.0336 0.0 53.0
-7.5002375 143.02788 0.0337 0.0 54.0
-8.553486 145.53004 0.0337 0.0 54.0
-4.297993 108.16279 0.0338 20.0 41.0
-4.8352423 110.823906 0.0338 20.0 41.0
-4.8352423 110.823906 0.0339 19.0 42.0
-5.3724914 113.48502 0.0339 19.0 42.0
-5.3724914 113.48502 0.0340 18.0 43.0
-5.9097404 116.14614 0.0340 18.0 43.0
-5.9097404 116.14614 0.0341 17.0 44.0
-6.4469895 118.80726 0.0341 17.0 44.0
-6.4469895 118.80726 0.0342 16.0 45.0
-6.9842386 121.468376 0.0342 16.0 45.0
-6.9842386 121.468376 0.0343 15.0 46.0
-7.5214877 124.12949 0.0343 15.0 46.0
-7.5214877 124.12949 0.0344 14.0 47.0
-8.058737 126.79061 0.0344 14.0 47.0
-8.058737 126.79061 0.0345 13.0 48.0
-8.595986 129.45172 0.0345 13.0 48.0
-8.595986 129.45172 0.0346 12.0 49.0
-8.595986 132.16653 0.0346 12.0 49.0
-8.595986 132.16653 0.0347 11.0 50.0
-8.595986 134.88135 0.0347 11.0 50.0
-8.595986 134.88135 0.0348 10.0 51.0
-8.595986 137.59616 0.0348 10.0 51.0
-8.595986 137.59616 0.0349 9.0 52.0
-8.595986 140.31097 0.0349 9.0 52.0
-8.595986 140.31097 0.0350 4.0 53.0
-8.058737 142.97209 0.0350 4.0 53.0
-8.058737 142.97209 0.0351 3.0 54.0
-7.5214877 145.63321 0.0351 3.0 54.0
-7.5214877 145.63321 0.0352 0.0 55.0
-6.46824 148.13538 0.0352 0.0 55.0
-6.46824 148.13538 0.0353 0.0 56.0
-5.414992 150.63754 0.0353 0.0 56.0
-7.5214877 145.63321 0.0354 2.0 55.0
-6.9842386 148.29433 0.0354 2.0 55.0
-6.9842386 148.29433 0.0355 1.0 56.0
-6.4469895 150.95544 0.0355 1.0 56.0
-6.4469895 150.95544 0.0356 0.0 57.0
-5.3937416 153.45761 0.0356 0.0 57.0
-5.3937416 153.45761 0.0357 0.0 58.0
-4.3404937 155.95978 0.0357 0.0 58.0
-6.4469895 150.95544 0.0358 0.0 57.0
-6.4469895 153.67026 0.0358 0.0 57.0
-6.4469895 153.67026 0.0359 0.0 58.0
-6.4469895 156.38507 0.0359 0.0 58.0
-8.595986 140.31097 0.0360 8.0 53.0
-8.595986 143.02579 0.0360 8.0 53.0
-8.595986 143.02579 0.0361 7.0 54.0
-8.595986 145.7406 0.0361 7.0 54.0
-8.595986 145.7406 0.0362 6.0 55.0
-8.595986 148.45541 0.0362 6.0 55.0
-8.595986 148.45541 0.0363 5.0 56.0
-8.595986 151.17023 0.0363 5.0 56.0
-8.595986 151.17023 0.0364 4.0 57.0
-8.058737 153.83134 0.0364 4.0 57.0
-8.058737 153.83134 0.0365 3.0 58.0
-7.5214877 156.49246 0.0365 3.0 58.0
-7.5214877 156.49246 0.0366 0.0 59.0
-6.46824 158.99463 0.0366 0.0 59.0
-6.46824 158.99463 0.0367 0.0 60.0
-5.414992 161.4968 0.0367 0.0 60.0
-7.5214877 156.49246 0.0368 2.0 59.0
-6.9842386 159.15358 0.0368 2.0 59.0
-6.9842386 159.15358 0.0369 1.0 60.0
-6.4469895 161.8147 0.0369 1.0 60.0
-6.4469895 161.8147 0.0370 0.0 61.0
-5.3937416 164.31686 0.0370 0.0 61.0
-5.3937416 164.31686 0.0371 0.0 62.0
-4.3404937 166.81903 0.0371 0.0 62.0
-6.4469895 161.8147 0.0372 0.0 61.0
-6.4469895 164.52951 0.0372 0.0 61.0
-6.4469895 164.52951 0.0373 0.0 62.0
-6.4469895 167.24432 0.0373 0.0 62.0
-8.595986 151.17023 0.0374 4.0 57.0
-9.133236 153.83134 0.0374 4.0 57.0
-9.133236 153.83134 0.0375 3.0 58.0
-9.6704855 156.49246 0.0375 3.0 58.0
-9.6704855 156.49246 0.0376 0.0 59.0
-9.6704855 159.20728 0.0376 0.0 59.0
-9.6704855 159.20728 0.0377 0.0 60.0
-9.6704855 161.92209 0.0377 0.0 60.0
-9.6704855 156.49246 0.0378 2.0 59.0
-10.207735 159.15358 0.0378 2.0 59.0
-10.207735 159.15358 0.0379 1.0 60.0
-10.744985 161.8147 0.0379 1.0 60.0
-10.744985 161.8147 0.0380 0.0 61.0
-10.744985 164.52951 0.0380 0.0 61.0
-10.744985 164.52951 0.0381 0.0 62.0
-10.744985 167.24432 0.0381 0.0 62.0
-10.744985 161.8147 0.0382 0.0 61.0
-11.798233 164.31686 0.0382 0.0 61.0
-11.798233 164.31686 0.0383 0.0 62.0
-12.851481 166.81903 0.0383 0.0 62.0
-8.595986 129.45172 0.0384 12.0 49.0
-9.649235 131.95389 0.0384 12.0 49.0
-9.649235 131.95389 0.0385 11.0 50.0
-10.702483 134.45605 0.0385 11.0 50.0
-10.702483 134.45605 0.0386 10.0 51.0
-11.755732 136.95822 0.0386 10.0 51.0
-11.755732 136.95822 0.0387 9.0 52.0
-12.80898 139.46039 0.0387 9.0 52.0
-12.80898 139.46039 0.0388 4.0 53.0
-13.34623 142.1215 0.0388 4.0 53.0
-13.34623 142.1215 0.0389 3.0 54.0
-13.883479 144.78262 0.0389 3.0 54.0
-13.883479 144.78262 0.0390 0.0 55.0
-13.883479 147.49744 0.0390 0.0 55.0
-13.883479 147.49744 0.0391 0.0 56.0
-13.883479 150.21225 0.0391 0.0 56.0
-13.883479 144.78262 0.0392 2.0 55.0
-14.420729 147.44374 0.0392 2.0 55.0
-14.420729 147.44374 0.0393 1.0 56.0
-14.957978 150.10486 0.0393 1.0 56.0
-14.957978 150.10486 0.0394 0.0 57.0
-14.957978 152.81967 0.0394 0.0 57.0
-14.957978 152.81967 0.0395 0.0 58.0
-14.957978 155.53448 0.0395 0.0 58.0
-14.957978 150.10486 0.0396 0.0 57.0
-16.011227 152.60703 0.0396 0.0 57.0
-16.011227 152.60703 0.0397 0.0 58.0
-17.064474 155.10919 0.0397 0.0 58.0
-12.80898 139.46039 0.0398 8.0 53.0
-13.862228 141.96255 0.0398 8.0 53.0
-13.862228 141.96255 0.0399 7.0 54.0
-14.915477 144.46472 0.0399 7.0 54.0
-14.915477 144.46472 0.0400 6.0 55.0
-15.968725 146.96689 0.0400 6.0 55.0
-15.968725 146.96689 0.0401 5.0 56.0
-17.021973 149.46906 0.0401 5.0 56.0
-17.021973 149.46906 0.0402 4.0 57.0
-17.559221 152.13017 0.0402 4.0 57.0
-17.559221 152.13017 0.0403 3.0 58.0
-18.09647 154.79129 0.0403 3.0 58.0
-18.09647 154.79129 0.0404 0.0 59.0
-18.09647 157.5061 0.0404 0.0 59.0
-18.09647 157.5061 0.0405 0.0 60.0
-18.09647 160.22092 0.0405 0.0 60.0
-18.09647 154.79129 0.0406 2.0 59.0
-18.633718 157.45241 0.0406 2.0 59.0
-18.633718 157.45241 0.0407 1.0 60.0
-19.170967 160.11353 0.0407 1.0 60.0
-19.170967 160.11353 0.0408 0.0 61.0
-19.170967 162.82834 0.0408 0.0 61.0
-19.170967 162.82834 0.0409 0.0 62.0
-19.170967 165.54315 0.0409 0.0 62.0
-19.170967 160.11353 0.0410 0.0 61.0
-20.224215 162.61569 0.0410 0.0 61.0
-20.224215 162.61569 0.0411 0.0 62.0
-21.277462 165.11786 0.0411 0.0 62.0
-17.021973 149.46906 0.0412 4.0 57.0
-18.549559 151.7133 0.0412 4.0 57.0
-18.549559 151.7133 0.0413 3.0 58.0
-20.077145 153.95755 0.0413 3.0 58.0
-20.077145 153.95755 0.0414 0.0 59.0
-21.130392 156.45972 0.0414 0.0 59.0
-21.130392 156.45972 0.0415 0.0 60.0
-22.18364 158.96188 0.0415 0.0 60.0
-20.077145 153.95755 0.0416 2.0 59.0
-21.60473 156.2018 0.0416 2.0 59.0
-21.60473 156.2018 0.0417 1.0 60.0
-23.132317 158.44604 0.0417 1.0 60.0
-23.132317 158.44604 0.0418 0.0 61.0
-24.185564 160.94821 0.0418 0.0 61.0
-24.185564 160.94821 0.0419 0.0 62.0
-25.238811 163.45038 0.0419 0.0 62.0
-23.132317 158.44604 0.0420 0.0 61.0
-25.07382 160.34361 0.0420 0.0 61.0
-25.07382 160.34361 0.0421 0.0 62.0
-27.015324 162.24118 0.0421 0.0 62.0
