0.0 0.0 0.00 43.0 1.0
0.0 2.1563113 0.00 43.0 1.0
0.0 2.1563113 0.01 42.0 2.0
0.0 4.3126225 0.01 42.0 2.0
0.0 4.3126225 0.02 41.0 3.0
0.0 6.468934 0.02 41.0 3.0
0.0 6.468934 0.03 40.0 4.0
0.0 8.625245 0.03 40.0 4.0
0.0 8.625245 0.04 39.0 5.0
0.0 10.781556 0.04 39.0 5.0
0.0 10.781556 0.05 38.0 6.0
0.0 12.937867 0.05 38.0 6.0
0.0 12.937867 0.06 37.0 7.0
0.0 15.094178 0.06 37.0 7.0
0.0 15.094178 0.07 36.0 8.0
0.0 17.25049 0.07 36.0 8.0
0.0 17.25049 0.08 19.0 9.0
0.99322695 19.164433 0.08 19.0 9.0
0.99322695 19.164433 0.09 18.0 10.0
1.9864539 21.078375 0.09 18.0 10.0
1.9864539 21.078375 0.010 17.0 11.0
2.9796808 22.992317 0.010 17.0 11.0
2.9796808 22.992317 0.011 16.0 12.0
3.9729078 24.90626 0.011 16.0 12.0
3.9729078 24.90626 0.012 7.0 13.0
5.7360854 26.147583 0.012 7.0 13.0
5.7360854 26.147583 0.013 6.0 14.0
7.4992633 27.388906 0.013 6.0 14.0
7.4992633 27.388906 0.014 1.0 15.0
9.636032 27.678562 0.014 1.0 15.0
9.636032 27.678562 0.015 0.0 16.0
11.7728 27.968218 0.015 0.0 16.0
11.7728 27.968218 0.016 0.0 17.0
13.535978 29.209541 0.016 0.0 17.0
7.4992633 27.388906 0.017 1.0 15.0
9.262441 28.63023 0.017 1.0 15.0
9.262441 28.63023 0.018 0.0 16.0
11.025619 29.871553 0.018 0.0 16.0
11.025619 29.871553 0.019 0.0 17.0
12.018846 31.785496 0.019 0.0 17.0
7.4992633 27.388906 0.020 5.0 15.0
9.262441 28.63023 0.020 5.0 15.0
9.262441 28.63023 0.021 4.0 16.0
11.025619 29.871553 0.021 4.0 16.0
11.025619 29.871553 0.022 3.0 17.0
12.018846 31.785496 0.022 3.0 17.0
12.018846 31.785496 0.023 2.0 18.0
13.012073 33.69944 0.023 2.0 18.0
13.012073 33.69944 0.024 1.0 19.0
14.0053 35.613384 0.024 1.0 19.0
14.0053 35.613384 0.025 0.0 20.0
14.998527 37.52733 0.025 0.0 20.0
14.998527 37.52733 0.026 0.0 21.0
14.998527 39.68364 0.026 0.0 21.0
11.025619 29.871553 0.027 1.0 17.0
13.162387 30.16121 0.027 1.0 17.0
13.162387 30.16121 0.028 0.0 18.0
15.299155 30.450865 0.028 0.0 18.0
15.299155 30.450865 0.029 0.0 19.0
17.062332 31.692188 0.029 0.0 19.0
3.9729078 24.90626 0.030 7.0 13.0
4.9661345 26.820202 0.030 7.0 13.0
4.9661345 26.820202 0.031 6.0 14.0
5.9593616 28.734144 0.031 6.0 14.0
5.9593616 28.734144 0.032 1.0 15.0
7.7225394 29.975468 0.032 1.0 15.0
7.7225394 29.975468 0.033 0.0 16.0
9.485717 31.216791 0.033 0.0 16.0
9.485717 31.216791 0.034 0.0 17.0
10.478944 33.130733 0.034 0.0 17.0
5.9593616 28.734144 0.035 1.0 15.0
6.9525886 30.648087 0.035 1.0 15.0
6.9525886 30.648087 0.036 0.0 16.0
7.9458156 32.56203 0.036 0.0 16.0
7.9458156 32.56203 0.037 0.0 17.0
7.9458156 34.71834 0.037 0.0 17.0
5.9593616 28.734144 0.038 5.0 15.0
6.9525886 30.648087 0.038 5.0 15.0
6.9525886 30.648087 0.039 4.0 16.0
7.9458156 32.56203 0.039 4.0 16.0
7.9458156 32.56203 0.040 3.0 17.0
7.9458156 34.71834 0.040 3.0 17.0
7.9458156 34.71834 0.041 2.0 18.0
7.9458156 36.874653 0.041 2.0 18.0
7.9458156 36.874653 0.042 1.0 19.0
7.9458156 39.030964 0.042 1.0 19.0
7.9458156 39.030964 0.043 0.0 20.0
7.9458156 41.187275 0.043 0.0 20.0
7.9458156 41.187275 0.044 0.0 21.0
6.9525886 43.10122 0.044 0.0 21.0
7.9458156 32.56203 0.045 1.0 17.0
9.708993 33.803352 0.045 1.0 17.0
9.708993 33.803352 0.046 0.0 18.0
11.472171 35.044674 0.046 0.0 18.0
11.472171 35.044674 0.047 0.0 19.0
12.465398 36.95862 0.047 0.0 19.0
3.9729078 24.90626 0.048 15.0 13.0
4.9661345 26.820202 0.048 15.0 13.0
4.9661345 26.820202 0.049 14.0 14.0
5.9593616 28.734144 0.049 14.0 14.0
5.9593616 28.734144 0.050 13.0 15.0
6.9525886 30.648087 0.050 13.0 15.0
6.9525886 30.648087 0.051 12.0 16.0
7.9458156 32.56203 0.051 12.0 16.0
7.9458156 32.56203 0.052 11.0 17.0
7.9458156 34.71834 0.052 11.0 17.0
7.9458156 34.71834 0.053 10.0 18.0
7.9458156 36.874653 0.053 10.0 18.0
7.9458156 36.874653 0.054 9.0 19.0
7.9458156 39.030964 0.054 9.0 19.0
7.9458156 39.030964 0.055 8.0 20.0
7.9458156 41.187275 0.055 8.0 20.0
7.9458156 41.187275 0.056 7.0 21.0
7.9458156 43.343586 0.056 7.0 21.0
7.9458156 43.343586 0.057 6.0 22.0
7.9458156 45.499897 0.057 6.0 22.0
7.9458156 45.499897 0.058 1.0 23.0
8.939042 47.41384 0.058 1.0 23.0
8.939042 47.41384 0.059 0.0 24.0
9.932269 49.327785 0.059 0.0 24.0
9.932269 49.327785 0.060 0.0 25.0
9.932269 51.484097 0.060 0.0 25.0
7.9458156 45.499897 0.061 1.0 23.0
7.9458156 47.656208 0.061 1.0 23.0
7.9458156 47.656208 0.062 0.0 24.0
7.9458156 49.81252 0.062 0.0 24.0
7.9458156 49.81252 0.063 0.0 25.0
6.9525886 51.726463 0.063 0.0 25.0
7.9458156 45.499897 0.064 5.0 23.0
7.9458156 47.656208 0.064 5.0 23.0
7.9458156 47.656208 0.065 4.0 24.0
7.9458156 49.81252 0.065 4.0 24.0
7.9458156 49.81252 0.066 3.0 25.0
6.9525886 51.726463 0.066 3.0 25.0
6.9525886 51.726463 0.067 2.0 26.0
5.9593616 53.640408 0.067 2.0 26.0
5.9593616 53.640408 0.068 1.0 27.0
4.9661345 55.55435 0.068 1.0 27.0
4.9661345 55.55435 0.069 0.0 28.0
3.9729075 57.468296 0.069 0.0 28.0
3.9729075 57.468296 0.070 0.0 29.0
2.2097297 58.709618 0.070 0.0 29.0
7.9458156 49.81252 0.071 1.0 25.0
8.939042 51.726463 0.071 1.0 25.0
8.939042 51.726463 0.072 0.0 26.0
9.932269 53.640408 0.072 0.0 26.0
9.932269 53.640408 0.073 0.0 27.0
9.932269 55.79672 0.073 0.0 27.0
7.9458156 32.56203 0.074 7.0 17.0
9.708993 33.803352 0.074 7.0 17.0
9.708993 33.803352 0.075 6.0 18.0
11.472171 35.044674 0.075 6.0 18.0
11.472171 35.044674 0.076 1.0 19.0
13.608939 35.334328 0.076 1.0 19.0
13.608939 35.334328 0.077 0.0 20.0
15.7457075 35.62398 0.077 0.0 20.0
15.7457075 35.62398 0.078 0.0 21.0
17.508884 36.865303 0.078 0.0 21.0
11.472171 35.044674 0.079 1.0 19.0
13.235349 36.285995 0.079 1.0 19.0
13.235349 36.285995 0.080 0.0 20.0
14.998527 37.527317 0.080 0.0 20.0
14.998527 37.527317 0.081 0.0 21.0
15.991754 39.44126 0.081 0.0 21.0
11.472171 35.044674 0.082 5.0 19.0
13.235349 36.285995 0.082 5.0 19.0
13.235349 36.285995 0.083 4.0 20.0
14.998527 37.527317 0.083 4.0 20.0
14.998527 37.527317 0.084 3.0 21.0
15.991754 39.44126 0.084 3.0 21.0
15.991754 39.44126 0.085 2.0 22.0
16.984982 41.355206 0.085 2.0 22.0
16.984982 41.355206 0.086 1.0 23.0
17.978209 43.26915 0.086 1.0 23.0
17.978209 43.26915 0.087 0.0 24.0
18.971436 45.183094 0.087 0.0 24.0
18.971436 45.183094 0.088 0.0 25.0
18.971436 47.339405 0.088 0.0 25.0
14.998527 37.527317 0.089 1.0 21.0
17.135296 37.81697 0.089 1.0 21.0
17.135296 37.81697 0.090 0.0 22.0
19.272064 38.106625 0.090 0.0 22.0
19.272064 38.106625 0.091 0.0 23.0
21.035242 39.347946 0.091 0.0 23.0
0.0 17.25049 0.092 19.0 9.0
1.7631778 18.491814 0.092 19.0 9.0
1.7631778 18.491814 0.093 18.0 10.0
3.5263555 19.733137 0.093 18.0 10.0
3.5263555 19.733137 0.094 17.0 11.0
5.289533 20.97446 0.094 17.0 11.0
5.289533 20.97446 0.095 16.0 12.0
7.052711 22.215784 0.095 16.0 12.0
7.052711 22.215784 0.096 7.0 13.0
9.18948 22.50544 0.096 7.0 13.0
9.18948 22.50544 0.097 6.0 14.0
11.326248 22.795095 0.097 6.0 14.0
11.326248 22.795095 0.098 1.0 15.0
13.356264 22.067968 0.098 1.0 15.0
13.356264 22.067968 0.099 0.0 16.0
15.38628 21.340841 0.099 0.0 16.0
15.38628 21.340841 0.0100 0.0 17.0
17.523048 21.630497 0.0100 0.0 17.0
11.326248 22.795095 0.0101 1.0 15.0
13.4630165 23.084751 0.0101 1.0 15.0
13.4630165 23.084751 0.0102 0.0 16.0
15.599785 23.374407 0.0102 0.0 16.0
15.599785 23.374407 0.0103 0.0 17.0
17.362963 24.61573 0.0103 0.0 17.0
11.326248 22.795095 0.0104 5.0 15.0
13.4630165 23.084751 0.0104 5.0 15.0
13.4630165 23.084751 0.0105 4.0 16.0
15.599785 23.374407 0.0105 4.0 16.0
15.599785 23.374407 0.0106 3.0 17.0
17.362963 24.61573 0.0106 3.0 17.0
17.362963 24.61573 0.0107 2.0 18.0
19.12614 25.857054 0.0107 2.0 18.0
19.12614 25.857054 0.0108 1.0 19.0
20.889318 27.098377 0.0108 1.0 19.0
20.889318 27.098377 0.0109 0.0 20.0
22.652496 28.3397 0.0109 0.0 20.0
22.652496 28.3397 0.0110 0.0 21.0
23.645723 30.253643 0.0110 0.0 21.0
15.599785 23.374407 0.0111 1.0 17.0
17.6298 22.64728 0.0111 1.0 17.0
17.6298 22.64728 0.0112 0.0 18.0
19.659817 21.920153 0.0112 0.0 18.0
19.659817 21.920153 0.0113 0.0 19.0
21.796585 22.209808 0.0113 0.0 19.0
7.052711 22.215784 0.0114 7.0 13.0
8.815888 23.457108 0.0114 7.0 13.0
8.815888 23.457108 0.0115 6.0 14.0
10.579066 24.698431 0.0115 6.0 14.0
10.579066 24.698431 0.0116 1.0 15.0
12.715835 24.988087 0.0116 1.0 15.0
12.715835 24.988087 0.0117 0.0 16.0
14.852603 25.277742 0.0117 0.0 16.0
14.852603 25.277742 0.0118 0.0 17.0
16.61578 26.519066 0.0118 0.0 17.0
10.579066 24.698431 0.0119 1.0 15.0
12.342244 25.939754 0.0119 1.0 15.0
12.342244 25.939754 0.0120 0.0 16.0
14.105422 27.181078 0.0120 0.0 16.0
14.105422 27.181078 0.0121 0.0 17.0
15.098649 29.09502 0.0121 0.0 17.0
10.579066 24.698431 0.0122 5.0 15.0
12.342244 25.939754 0.0122 5.0 15.0
12.342244 25.939754 0.0123 4.0 16.0
14.105422 27.181078 0.0123 4.0 16.0
14.105422 27.181078 0.0124 3.0 17.0
15.098649 29.09502 0.0124 3.0 17.0
15.098649 29.09502 0.0125 2.0 18.0
16.091877 31.008963 0.0125 2.0 18.0
16.091877 31.008963 0.0126 1.0 19.0
17.085104 32.922905 0.0126 1.0 19.0
17.085104 32.922905 0.0127 0.0 20.0
18.078331 34.83685 0.0127 0.0 20.0
18.078331 34.83685 0.0128 0.0 21.0
18.078331 36.99316 0.0128 0.0 21.0
14.105422 27.181078 0.0129 1.0 17.0
16.242191 27.470734 0.0129 1.0 17.0
16.242191 27.470734 0.0130 0.0 18.0
18.37896 27.76039 0.0130 0.0 18.0
18.37896 27.76039 0.0131 0.0 19.0
20.142138 29.001713 0.0131 0.0 19.0
7.052711 22.215784 0.0132 15.0 13.0
8.815888 23.457108 0.0132 15.0 13.0
8.815888 23.457108 0.0133 14.0 14.0
10.579066 24.698431 0.0133 14.0 14.0
10.579066 24.698431 0.0134 13.0 15.0
12.342244 25.939754 0.0134 13.0 15.0
12.342244 25.939754 0.0135 12.0 16.0
14.105422 27.181078 0.0135 12.0 16.0
14.105422 27.181078 0.0136 11.0 17.0
15.098649 29.09502 0.0136 11.0 17.0
15.098649 29.09502 0.0137 10.0 18.0
16.091877 31.008963 0.0137 10.0 18.0
16.091877 31.008963 0.0138 9.0 19.0
17.085104 32.922905 0.0138 9.0 19.0
17.085104 32.922905 0.0139 8.0 20.0
18.078331 34.83685 0.0139 8.0 20.0
18.078331 34.83685 0.0140 7.0 21.0
19.071558 36.750793 0.0140 7.0 21.0
19.071558 36.750793 0.0141 6.0 22.0
20.064785 38.664738 0.0141 6.0 22.0
20.064785 38.664738 0.0142 1.0 23.0
21.827963 39.90606 0.0142 1.0 23.0
21.827963 39.90606 0.0143 0.0 24.0
23.59114 41.14738 0.0143 0.0 24.0
23.59114 41.14738 0.0144 0.0 25.0
24.584368 43.061325 0.0144 0.0 25.0
20.064785 38.664738 0.0145 1.0 23.0
21.058012 40.578682 0.0145 1.0 23.0
21.058012 40.578682 0.0146 0.0 24.0
22.051239 42.492626 0.0146 0.0 24.0
22.051239 42.492626 0.0147 0.0 25.0
22.051239 44.648937 0.0147 0.0 25.0
20.064785 38.664738 0.0148 5.0 23.0
21.058012 40.578682 0.0148 5.0 23.0
21.058012 40.578682 0.0149 4.0 24.0
22.051239 42.492626 0.0149 4.0 24.0
22.051239 42.492626 0.0150 3.0 25.0
22.051239 44.648937 0.0150 3.0 25.0
22.051239 44.648937 0.0151 2.0 26.0
22.051239 46.80525 0.0151 2.0 26.0
22.051239 46.80525 0.0152 1.0 27.0
22.051239 48.96156 0.0152 1.0 27.0
22.051239 48.96156 0.0153 0.0 28.0
22.051239 51.11787 0.0153 0.0 28.0
22.051239 51.11787 0.0154 0.0 29.0
21.058012 53.031815 0.0154 0.0 29.0
22.051239 42.492626 0.0155 1.0 25.0
23.814417 43.733948 0.0155 1.0 25.0
23.814417 43.733948 0.0156 0.0 26.0
25.577595 44.97527 0.0156 0.0 26.0
25.577595 44.97527 0.0157 0.0 27.0
26.570822 46.889214 0.0157 0.0 27.0
14.105422 27.181078 0.0158 7.0 17.0
16.242191 27.470734 0.0158 7.0 17.0
16.242191 27.470734 0.0159 6.0 18.0
18.37896 27.76039 0.0159 6.0 18.0
18.37896 27.76039 0.0160 1.0 19.0
20.408976 27.033262 0.0160 1.0 19.0
20.408976 27.033262 0.0161 0.0 20.0
22.438992 26.306135 0.0161 0.0 20.0
22.438992 26.306135 0.0162 0.0 21.0
24.57576 26.59579 0.0162 0.0 21.0
18.37896 27.76039 0.0163 1.0 19.0
20.515728 28.050045 0.0163 1.0 19.0
20.515728 28.050045 0.0164 0.0 20.0
22.652496 28.3397 0.0164 0.0 20.0
22.652496 28.3397 0.0165 0.0 21.0
24.415674 29.581024 0.0165 0.0 21.0
18.37896 27.76039 0.0166 5.0 19.0
20.515728 28.050045 0.0166 5.0 19.0
20.515728 28.050045 0.0167 4.0 20.0
22.652496 28.3397 0.0167 4.0 20.0
22.652496 28.3397 0.0168 3.0 21.0
24.415674 29.581024 0.0168 3.0 21.0
24.415674 29.581024 0.0169 2.0 22.0
26.178852 30.822348 0.0169 2.0 22.0
26.178852 30.822348 0.0170 1.0 23.0
27.94203 32.06367 0.0170 1.0 23.0
27.94203 32.06367 0.0171 0.0 24.0
29.705208 33.304993 0.0171 0.0 24.0
29.705208 33.304993 0.0172 0.0 25.0
30.698435 35.218937 0.0172 0.0 25.0
22.652496 28.3397 0.0173 1.0 21.0
24.682512 27.612574 0.0173 1.0 21.0
24.682512 27.612574 0.0174 0.0 22.0
26.712528 26.885447 0.0174 0.0 22.0
26.712528 26.885447 0.0175 0.0 23.0
28.849297 27.175102 0.0175 0.0 23.0
0.0 17.25049 0.0176 35.0 9.0
0.0 19.406801 0.0176 35.0 9.0
0.0 19.406801 0.0177 34.0 10.0
0.0 21.563112 0.0177 34.0 10.0
0.0 21.563112 0.0178 33.0 11.0
0.0 23.719423 0.0178 33.0 11.0
0.0 23.719423 0.0179 32.0 12.0
0.0 25.875734 0.0179 32.0 12.0
0.0 25.875734 0.0180 31.0 13.0
0.0 28.032045 0.0180 31.0 13.0
0.0 28.032045 0.0181 30.0 14.0
0.0 30.188356 0.0181 30.0 14.0
0.0 30.188356 0.0182 29.0 15.0
0.0 32.34467 0.0182 29.0 15.0
0.0 32.34467 0.0183 28.0 16.0
0.0 34.50098 0.0183 28.0 16.0
0.0 34.50098 0.0184 27.0 17.0
0.99322695 36.414925 0.0184 27.0 17.0
0.99322695 36.414925 0.0185 26.0 18.0
1.9864539 38.32887 0.0185 26.0 18.0
1.9864539 38.32887 0.0186 25.0 19.0
2.9796808 40.242813 0.0186 25.0 19.0
2.9796808 40.242813 0.0187 24.0 20.0
3.9729078 42.156757 0.0187 24.0 20.0
3.9729078 42.156757 0.0188 23.0 21.0
4.9661345 44.0707 0.0188 23.0 21.0
4.9661345 44.0707 0.0189 22.0 22.0
5.9593616 45.984646 0.0189 22.0 22.0
5.9593616 45.984646 0.0190 21.0 23.0
6.9525886 47.89859 0.0190 21.0 23.0
6.9525886 47.89859 0.0191 20.0 24.0
7.9458156 49.812534 0.0191 20.0 24.0
7.9458156 49.812534 0.0192 19.0 25.0
8.939042 51.72648 0.0192 19.0 25.0
8.939042 51.72648 0.0193 18.0 26.0
9.932269 53.640423 0.0193 18.0 26.0
9.932269 53.640423 0.0194 17.0 27.0
10.925496 55.554367 0.0194 17.0 27.0
10.925496 55.554367 0.0195 16.0 28.0
11.918723 57.46831 0.0195 16.0 28.0
11.918723 57.46831 0.0196 7.0 29.0
13.681901 58.709633 0.0196 7.0 29.0
13.681901 58.709633 0.0197 6.0 30.0
15.445079 59.950954 0.0197 6.0 30.0
15.445079 59.950954 0.0198 1.0 31.0
17.581848 60.24061 0.0198 1.0 31.0
17.581848 60.24061 0.0199 0.0 32.0
19.718616 60.530262 0.0199 0.0 32.0
19.718616 60.530262 0.0200 0.0 33.0
21.481794 61.771584 0.0200 0.0 33.0
15.445079 59.950954 0.0201 1.0 31.0
17.208256 61.192276 0.0201 1.0 31.0
17.208256 61.192276 0.0202 0.0 32.0
18.971434 62.433598 0.0202 0.0 32.0
18.971434 62.433598 0.0203 0.0 33.0
19.96466 64.34754 0.0203 0.0 33.0
15.445079 59.950954 0.0204 5.0 31.0
17.208256 61.192276 0.0204 5.0 31.0
17.208256 61.192276 0.0205 4.0 32.0
18.971434 62.433598 0.0205 4.0 32.0
18.971434 62.433598 0.0206 3.0 33.0
19.96466 64.34754 0.0206 3.0 33.0
19.96466 64.34754 0.0207 2.0 34.0
20.957888 66.26148 0.0207 2.0 34.0
20.957888 66.26148 0.0208 1.0 35.0
21.951115 68.17542 0.0208 1.0 35.0
21.951115 68.17542 0.0209 0.0 36.0
22.944342 70.08936 0.0209 0.0 36.0
22.944342 70.08936 0.0210 0.0 37.0
22.944342 72.245674 0.0210 0.0 37.0
18.971434 62.433598 0.0211 1.0 33.0
21.108202 62.72325 0.0211 1.0 33.0
21.108202 62.72325 0.0212 0.0 34.0
23.24497 63.012905 0.0212 0.0 34.0
23.24497 63.012905 0.0213 0.0 35.0
25.008148 64.25423 0.0213 0.0 35.0
11.918723 57.46831 0.0214 7.0 29.0
12.91195 59.382256 0.0214 7.0 29.0
12.91195 59.382256 0.0215 6.0 30.0
13.905177 61.2962 0.0215 6.0 30.0
13.905177 61.2962 0.0216 1.0 31.0
15.668355 62.53752 0.0216 1.0 31.0
15.668355 62.53752 0.0217 0.0 32.0
17.431532 63.778843 0.0217 0.0 32.0
17.431532 63.778843 0.0218 0.0 33.0
18.424759 65.69279 0.0218 0.0 33.0
13.905177 61.2962 0.0219 1.0 31.0
14.898404 63.210144 0.0219 1.0 31.0
14.898404 63.210144 0.0220 0.0 32.0
15.891631 65.124084 0.0220 0.0 32.0
15.891631 65.124084 0.0221 0.0 33.0
15.891631 67.280396 0.0221 0.0 33.0
13.905177 61.2962 0.0222 5.0 31.0
14.898404 63.210144 0.0222 5.0 31.0
14.898404 63.210144 0.0223 4.0 32.0
15.891631 65.124084 0.0223 4.0 32.0
15.891631 65.124084 0.0224 3.0 33.0
15.891631 67.280396 0.0224 3.0 33.0
15.891631 67.280396 0.0225 2.0 34.0
15.891631 69.43671 0.0225 2.0 34.0
15.891631 69.43671 0.0226 1.0 35.0
15.891631 71.59302 0.0226 1.0 35.0
15.891631 71.59302 0.0227 0.0 36.0
15.891631 73.74933 0.0227 0.0 36.0
15.891631 73.74933 0.0228 0.0 37.0
14.898404 75.66327 0.0228 0.0 37.0
15.891631 65.124084 0.0229 1.0 33.0
17.654808 66.36541 0.0229 1.0 33.0
17.654808 66.36541 0.0230 0.0 34.0
19.417986 67.606735 0.0230 0.0 34.0
19.417986 67.606735 0.0231 0.0 35.0
20.411213 69.520676 0.0231 0.0 35.0
11.918723 57.46831 0.0232 15.0 29.0
12.91195 59.382256 0.0232 15.0 29.0
12.91195 59.382256 0.0233 14.0 30.0
13.905177 61.2962 0.0233 14.0 30.0
13.905177 61.2962 0.0234 13.0 31.0
14.898404 63.210144 0.0234 13.0 31.0
14.898404 63.210144 0.0235 12.0 32.0
15.891631 65.124084 0.0235 12.0 32.0
15.891631 65.124084 0.0236 11.0 33.0
15.891631 67.280396 0.0236 11.0 33.0
15.891631 67.280396 0.0237 10.0 34.0
15.891631 69.43671 0.0237 10.0 34.0
15.891631 69.43671 0.0238 9.0 35.0
15.891631 71.59302 0.0238 9.0 35.0
15.891631 71.59302 0.0239 8.0 36.0
15.891631 73.74933 0.0239 8.0 36.0
15.891631 73.74933 0.0240 7.0 37.0
15.891631 75.90564 0.0240 7.0 37.0
15.891631 75.90564 0.0241 6.0 38.0
15.891631 78.06195 0.0241 6.0 38.0
15.891631 78.06195 0.0242 1.0 39.0
16.884857 79.97589 0.0242 1.0 39.0
16.884857 79.97589 0.0243 0.0 40.0
17.878084 81.88983 0.0243 0.0 40.0
17.878084 81.88983 0.0244 0.0 41.0
17.878084 84.04614 0.0244 0.0 41.0
15.891631 78.06195 0.0245 1.0 39.0
15.891631 80.21826 0.0245 1.0 39.0
15.891631 80.21826 0.0246 0.0 40.0
15.891631 82.37457 0.0246 0.0 40.0
15.891631 82.37457 0.0247 0.0 41.0
14.898404 84.28851 0.0247 0.0 41.0
15.891631 78.06195 0.0248 5.0 39.0
15.891631 80.21826 0.0248 5.0 39.0
15.891631 80.21826 0.0249 4.0 40.0
15.891631 82.37457 0.0249 4.0 40.0
15.891631 82.37457 0.0250 3.0 41.0
14.898404 84.28851 0.0250 3.0 41.0
14.898404 84.28851 0.0251 2.0 42.0
13.905177 86.20245 0.0251 2.0 42.0
13.905177 86.20245 0.0252 1.0 43.0
12.91195 88.116394 0.0252 1.0 43.0
12.91195 88.116394 0.0253 0.0 44.0
11.918723 90.030334 0.0253 0.0 44.0
11.918723 90.030334 0.0254 0.0 45.0
10.155545 91.27166 0.0254 0.0 45.0
15.891631 82.37457 0.0255 1.0 41.0
16.884857 84.28851 0.0255 1.0 41.0
16.884857 84.28851 0.0256 0.0 42.0
17.878084 86.20245 0.0256 0.0 42.0
17.878084 86.20245 0.0257 0.0 43.0
17.878084 88.358765 0.0257 0.0 43.0
15.891631 65.124084 0.0258 7.0 33.0
17.654808 66.36541 0.0258 7.0 33.0
17.654808 66.36541 0.0259 6.0 34.0
19.417986 67.606735 0.0259 6.0 34.0
19.417986 67.606735 0.0260 1.0 35.0
21.554754 67.89639 0.0260 1.0 35.0
21.554754 67.89639 0.0261 0.0 36.0
23.691523 68.18605 0.0261 0.0 36.0
23.691523 68.18605 0.0262 0.0 37.0
25.4547 69.427376 0.0262 0.0 37.0
19.417986 67.606735 0.0263 1.0 35.0
21.181164 68.84806 0.0263 1.0 35.0
21.181164 68.84806 0.0264 0.0 36.0
22.944342 70.089386 0.0264 0.0 36.0
22.944342 70.089386 0.0265 0.0 37.0
23.937569 72.00333 0.0265 0.0 37.0
19.417986 67.606735 0.0266 5.0 35.0
21.181164 68.84806 0.0266 5.0 35.0
21.181164 68.84806 0.0267 4.0 36.0
22.944342 70.089386 0.0267 4.0 36.0
22.944342 70.089386 0.0268 3.0 37.0
23.937569 72.00333 0.0268 3.0 37.0
23.937569 72.00333 0.0269 2.0 38.0
24.930796 73.91727 0.0269 2.0 38.0
24.930796 73.91727 0.0270 1.0 39.0
25.924023 75.83121 0.0270 1.0 39.0
25.924023 75.83121 0.0271 0.0 40.0
26.91725 77.74515 0.0271 0.0 40.0
26.91725 77.74515 0.0272 0.0 41.0
26.91725 79.90146 0.0272 0.0 41.0
22.944342 70.089386 0.0273 1.0 37.0
25.08111 70.37904 0.0273 1.0 37.0
25.08111 70.37904 0.0274 0.0 38.0
27.217878 70.6687 0.0274 0.0 38.0
27.217878 70.6687 0.0275 0.0 39.0
28.981056 71.91003 0.0275 0.0 39.0
0.0 34.50098 0.0276 19.0 17.0
0.99322695 36.414925 0.0276 19.0 17.0
0.99322695 36.414925 0.0277 18.0 18.0
1.9864539 38.32887 0.0277 18.0 18.0
1.9864539 38.32887 0.0278 17.0 19.0
2.9796808 40.242813 0.0278 17.0 19.0
2.9796808 40.242813 0.0279 16.0 20.0
3.9729078 42.156757 0.0279 16.0 20.0
3.9729078 42.156757 0.0280 7.0 21.0
5.7360854 43.39808 0.0280 7.0 21.0
5.7360854 43.39808 0.0281 6.0 22.0
7.4992633 44.6394 0.0281 6.0 22.0
7.4992633 44.6394 0.0282 1.0 23.0
9.636032 44.929054 0.0282 1.0 23.0
9.636032 44.929054 0.0283 0.0 24.0
11.7728 45.218708 0.0283 0.0 24.0
11.7728 45.218708 0.0284 0.0 25.0
13.535978 46.46003 0.0284 0.0 25.0
7.4992633 44.6394 0.0285 1.0 23.0
9.262441 45.880722 0.0285 1.0 23.0
9.262441 45.880722 0.0286 0.0 24.0
11.025619 47.122044 0.0286 0.0 24.0
11.025619 47.122044 0.0287 0.0 25.0
12.018846 49.035988 0.0287 0.0 25.0
7.4992633 44.6394 0.0288 5.0 23.0
9.262441 45.880722 0.0288 5.0 23.0
9.262441 45.880722 0.0289 4.0 24.0
11.025619 47.122044 0.0289 4.0 24.0
11.025619 47.122044 0.0290 3.0 25.0
12.018846 49.035988 0.0290 3.0 25.0
12.018846 49.035988 0.0291 2.0 26.0
13.012073 50.949932 0.0291 2.0 26.0
13.012073 50.949932 0.0292 1.0 27.0
14.0053 52.863876 0.0292 1.0 27.0
14.0053 52.863876 0.0293 0.0 28.0
14.998527 54.77782 0.0293 0.0 28.0
14.998527 54.77782 0.0294 0.0 29.0
14.998527 56.93413 0.0294 0.0 29.0
11.025619 47.122044 0.0295 1.0 25.0
13.162387 47.411697 0.0295 1.0 25.0
13.162387 47.411697 0.0296 0.0 26.0
15.299155 47.70135 0.0296 0.0 26.0
15.299155 47.70135 0.0297 0.0 27.0
17.062332 48.942673 0.0297 0.0 27.0
3.9729078 42.156757 0.0298 7.0 21.0
4.9661345 44.0707 0.0298 7.0 21.0
4.9661345 44.0707 0.0299 6.0 22.0
5.9593616 45.984646 0.0299 6.0 22.0
5.9593616 45.984646 0.0300 1.0 23.0
7.7225394 47.225967 0.0300 1.0 23.0
7.7225394 47.225967 0.0301 0.0 24.0
9.485717 48.46729 0.0301 0.0 24.0
9.485717 48.46729 0.0302 0.0 25.0
10.478944 50.381233 0.0302 0.0 25.0
5.9593616 45.984646 0.0303 1.0 23.0
6.9525886 47.89859 0.0303 1.0 23.0
6.9525886 47.89859 0.0304 0.0 24.0
7.9458156 49.812534 0.0304 0.0 24.0
7.9458156 49.812534 0.0305 0.0 25.0
7.9458156 51.968845 0.0305 0.0 25.0
5.9593616 45.984646 0.0306 5.0 23.0
6.9525886 47.89859 0.0306 5.0 23.0
6.9525886 47.89859 0.0307 4.0 24.0
7.9458156 49.812534 0.0307 4.0 24.0
7.9458156 49.812534 0.0308 3.0 25.0
7.9458156 51.968845 0.0308 3.0 25.0
7.9458156 51.968845 0.0309 2.0 26.0
7.9458156 54.125156 0.0309 2.0 26.0
7.9458156 54.125156 0.0310 1.0 27.0
7.9458156 56.281467 0.0310 1.0 27.0
7.9458156 56.281467 0.0311 0.0 28.0
7.9458156 58.43778 0.0311 0.0 28.0
7.9458156 58.43778 0.0312 0.0 29.0
6.9525886 60.351723 0.0312 0.0 29.0
7.9458156 49.812534 0.0313 1.0 25.0
9.708993 51.053856 0.0313 1.0 25.0
9.708993 51.053856 0.0314 0.0 26.0
11.472171 52.295177 0.0314 0.0 26.0
11.472171 52.295177 0.0315 0.0 27.0
12.465398 54.20912 0.0315 0.0 27.0
3.9729078 42.156757 0.0316 15.0 21.0
4.9661345 44.0707 0.0316 15.0 21.0
4.9661345 44.0707 0.0317 14.0 22.0
5.9593616 45.984646 0.0317 14.0 22.0
5.9593616 45.984646 0.0318 13.0 23.0
6.9525886 47.89859 0.0318 13.0 23.0
6.9525886 47.89859 0.0319 12.0 24.0
7.9458156 49.812534 0.0319 12.0 24.0
7.9458156 49.812534 0.0320 11.0 25.0
7.9458156 51.968845 0.0320 11.0 25.0
7.9458156 51.968845 0.0321 10.0 26.0
7.9458156 54.125156 0.0321 10.0 26.0
7.9458156 54.125156 0.0322 9.0 27.0
7.9458156 56.281467 0.0322 9.0 27.0
7.9458156 56.281467 0.0323 8.0 28.0
7.9458156 58.43778 0.0323 8.0 28.0
7.9458156 58.43778 0.0324 7.0 29.0
7.9458156 60.59409 0.0324 7.0 29.0
7.9458156 60.59409 0.0325 6.0 30.0
7.9458156 62.7504 0.0325 6.0 30.0
7.9458156 62.7504 0.0326 1.0 31.0
8.939042 64.664345 0.0326 1.0 31.0
8.939042 64.664345 0.0327 0.0 32.0
9.932269 66.578285 0.0327 0.0 32.0
9.932269 66.578285 0.0328 0.0 33.0
9.932269 68.7346 0.0328 0.0 33.0
7.9458156 62.7504 0.0329 1.0 31.0
7.9458156 64.906715 0.0329 1.0 31.0
7.9458156 64.906715 0.0330 0.0 32.0
7.9458156 67.06303 0.0330 0.0 32.0
7.9458156 67.06303 0.0331 0.0 33.0
6.9525886 68.97697 0.0331 0.0 33.0
7.9458156 62.7504 0.0332 5.0 31.0
7.9458156 64.906715 0.0332 5.0 31.0
7.9458156 64.906715 0.0333 4.0 32.0
7.9458156 67.06303 0.0333 4.0 32.0
7.9458156 67.06303 0.0334 3.0 33.0
6.9525886 68.97697 0.0334 3.0 33.0
6.9525886 68.97697 0.0335 2.0 34.0
5.9593616 70.89091 0.0335 2.0 34.0
5.9593616 70.89091 0.0336 1.0 35.0
4.9661345 72.80485 0.0336 1.0 35.0
4.9661345 72.80485 0.0337 0.0 36.0
3.9729075 74.71879 0.0337 0.0 36.0
3.9729075 74.71879 0.0338 0.0 37.0
2.2097297 75.96011 0.0338 0.0 37.0
7.9458156 67.06303 0.0339 1.0 33.0
8.939042 68.97697 0.0339 1.0 33.0
8.939042 68.97697 0.0340 0.0 34.0
9.932269 70.89091 0.0340 0.0 34.0
9.932269 70.89091 0.0341 0.0 35.0
9.932269 73.04722 0.0341 0.0 35.0
7.9458156 49.812534 0.0342 7.0 25.0
9.708993 51.053856 0.0342 7.0 25.0
9.708993 51.053856 0.0343 6.0 26.0
11.472171 52.295177 0.0343 6.0 26.0
11.472171 52.295177 0.0344 1.0 27.0
13.608939 52.58483 0.0344 1.0 27.0
13.608939 52.58483 0.0345 0.0 28.0
15.7457075 52.874485 0.0345 0.0 28.0
15.7457075 52.874485 0.0346 0.0 29.0
17.508884 54.115807 0.0346 0.0 29.0
11.472171 52.295177 0.0347 1.0 27.0
13.235349 53.5365 0.0347 1.0 27.0
13.235349 53.5365 0.0348 0.0 28.0
14.998527 54.77782 0.0348 0.0 28.0
14.998527 54.77782 0.0349 0.0 29.0
15.991754 56.691765 0.0349 0.0 29.0
11.472171 52.295177 0.0350 5.0 27.0
13.235349 53.5365 0.0350 5.0 27.0
13.235349 53.5365 0.0351 4.0 28.0
14.998527 54.77782 0.0351 4.0 28.0
14.998527 54.77782 0.0352 3.0 29.0
15.991754 56.691765 0.0352 3.0 29.0
15.991754 56.691765 0.0353 2.0 30.0
16.984982 58.60571 0.0353 2.0 30.0
16.984982 58.60571 0.0354 1.0 31.0
17.978209 60.519653 0.0354 1.0 31.0
17.978209 60.519653 0.0355 0.0 32.0
18.971436 62.433598 0.0355 0.0 32.0
18.971436 62.433598 0.0356 0.0 33.0
18.971436 64.58991 0.0356 0.0 33.0
14.998527 54.77782 0.0357 1.0 29.0
17.135296 55.067474 0.0357 1.0 29.0
17.135296 55.067474 0.0358 0.0 30.0
19.272064 55.35713 0.0358 0.0 30.0
19.272064 55.35713 0.0359 0.0 31.0
21.035242 56.59845 0.0359 0.0 31.0
