0.0 0.0 0.00 30.0 1.0
0.0 3.0485156 0.00 30.0 1.0
0.0 3.0485156 0.01 0.0 2.0
-1.0133699 5.9236727 0.01 0.0 2.0
0.0 3.0485156 0.02 29.0 2.0
0.0 6.097031 0.02 29.0 2.0
0.0 6.097031 0.03 0.0 3.0
1.0133699 8.972188 0.03 0.0 3.0
1.0133699 8.972188 0.04 0.0 4.0
1.0133699 12.020703 0.04 0.0 4.0
1.0133699 8.972188 0.05 0.0 4.0
2.0267398 11.847345 0.05 0.0 4.0
0.0 6.097031 0.06 28.0 3.0
0.0 9.145547 0.06 28.0 3.0
0.0 9.145547 0.07 0.0 4.0
-1.0133699 12.020704 0.07 0.0 4.0
0.0 9.145547 0.08 27.0 4.0
0.0 12.194062 0.08 27.0 4.0
0.0 12.194062 0.09 2.0 5.0
-1.0133699 15.06922 0.09 2.0 5.0
-1.0133699 15.06922 0.010 0.0 6.0
-2.9248562 17.444017 0.010 0.0 6.0
-1.0133699 15.06922 0.011 1.0 6.0
-2.0267398 17.944376 0.011 1.0 6.0
-2.0267398 17.944376 0.012 0.0 7.0
-2.0267398 20.992891 0.012 0.0 7.0
-2.0267398 20.992891 0.013 0.0 8.0
-3.0401096 23.868048 0.013 0.0 8.0
-2.0267398 20.992891 0.014 0.0 8.0
-2.0267398 24.041407 0.014 0.0 8.0
-2.0267398 17.944376 0.015 0.0 7.0
-3.0401096 20.819532 0.015 0.0 7.0
-3.0401096 20.819532 0.016 0.0 8.0
-4.951596 23.19433 0.016 0.0 8.0
-3.0401096 20.819532 0.017 0.0 8.0
-4.0534797 23.694689 0.017 0.0 8.0
0.0 12.194062 0.018 26.0 5.0
0.0 15.242578 0.018 26.0 5.0
0.0 15.242578 0.019 0.0 6.0
-1.0133699 18.117735 0.019 0.0 6.0
0.0 15.242578 0.020 25.0 6.0
0.0 18.291094 0.020 25.0 6.0
0.0 18.291094 0.021 0.0 7.0
1.0133699 21.16625 0.021 0.0 7.0
1.0133699 21.16625 0.022 0.0 8.0
1.0133699 24.214766 0.022 0.0 8.0
1.0133699 21.16625 0.023 0.0 8.0
2.0267398 24.041407 0.023 0.0 8.0
0.0 18.291094 0.024 24.0 7.0
0.0 21.33961 0.024 24.0 7.0
0.0 21.33961 0.025 0.0 8.0
-1.0133699 24.214766 0.025 0.0 8.0
0.0 21.33961 0.026 23.0 8.0
0.0 24.388124 0.026 23.0 8.0
0.0 24.388124 0.027 6.0 9.0
1.0133699 27.26328 0.027 6.0 9.0
1.0133699 27.26328 0.028 0.0 10.0
1.0133699 30.311796 0.028 0.0 10.0
1.0133699 27.26328 0.029 5.0 10.0
2.0267398 30.138437 0.029 5.0 10.0
2.0267398 30.138437 0.030 0.0 11.0
3.9382262 32.513237 0.030 0.0 11.0
3.9382262 32.513237 0.031 0.0 12.0
4.9515963 35.388393 0.031 0.0 12.0
3.9382262 32.513237 0.032 0.0 12.0
5.8497124 34.888035 0.032 0.0 12.0
2.0267398 30.138437 0.033 4.0 11.0
3.0401096 33.013596 0.033 4.0 11.0
3.0401096 33.013596 0.034 0.0 12.0
3.0401096 36.06211 0.034 0.0 12.0
3.0401096 33.013596 0.035 3.0 12.0
4.0534797 35.888752 0.035 3.0 12.0
4.0534797 35.888752 0.036 2.0 13.0
4.0534797 38.937267 0.036 2.0 13.0
4.0534797 38.937267 0.037 0.0 14.0
3.0401096 41.812424 0.037 0.0 14.0
4.0534797 38.937267 0.038 1.0 14.0
4.0534797 41.985783 0.038 1.0 14.0
4.0534797 41.985783 0.039 0.0 15.0
5.0668497 44.86094 0.039 0.0 15.0
5.0668497 44.86094 0.040 0.0 16.0
5.0668497 47.909454 0.040 0.0 16.0
5.0668497 44.86094 0.041 0.0 16.0
6.0802197 47.736095 0.041 0.0 16.0
4.0534797 41.985783 0.042 0.0 15.0
4.0534797 45.034298 0.042 0.0 15.0
4.0534797 45.034298 0.043 0.0 16.0
3.0401096 47.909454 0.043 0.0 16.0
4.0534797 45.034298 0.044 0.0 16.0
4.0534797 48.082813 0.044 0.0 16.0
4.0534797 35.888752 0.045 2.0 13.0
5.0668497 38.76391 0.045 2.0 13.0
5.0668497 38.76391 0.046 0.0 14.0
5.0668497 41.812424 0.046 0.0 14.0
5.0668497 38.76391 0.047 1.0 14.0
6.0802197 41.639065 0.047 1.0 14.0
6.0802197 41.639065 0.048 0.0 15.0
7.991706 44.013863 0.048 0.0 15.0
7.991706 44.013863 0.049 0.0 16.0
9.005075 46.88902 0.049 0.0 16.0
7.991706 44.013863 0.050 0.0 16.0
9.9031925 46.38866 0.050 0.0 16.0
6.0802197 41.639065 0.051 0.0 15.0
7.09359 44.51422 0.051 0.0 15.0
7.09359 44.51422 0.052 0.0 16.0
7.09359 47.562737 0.052 0.0 16.0
7.09359 44.51422 0.053 0.0 16.0
8.106959 47.389378 0.053 0.0 16.0
0.0 24.388124 0.054 22.0 9.0
0.0 27.43664 0.054 22.0 9.0
0.0 27.43664 0.055 0.0 10.0
-1.0133699 30.311796 0.055 0.0 10.0
0.0 27.43664 0.056 21.0 10.0
0.0 30.485155 0.056 21.0 10.0
0.0 30.485155 0.057 0.0 11.0
1.0133699 33.360313 0.057 0.0 11.0
1.0133699 33.360313 0.058 0.0 12.0
1.0133699 36.40883 0.058 0.0 12.0
1.0133699 33.360313 0.059 0.0 12.0
2.0267398 36.23547 0.059 0.0 12.0
0.0 30.485155 0.060 20.0 11.0
0.0 33.533672 0.060 20.0 11.0
0.0 33.533672 0.061 0.0 12.0
-1.0133699 36.40883 0.061 0.0 12.0
0.0 33.533672 0.062 19.0 12.0
0.0 36.582188 0.062 19.0 12.0
0.0 36.582188 0.063 2.0 13.0
-1.0133699 39.457344 0.063 2.0 13.0
-1.0133699 39.457344 0.064 0.0 14.0
-2.9248562 41.83214 0.064 0.0 14.0
-1.0133699 39.457344 0.065 1.0 14.0
-2.0267398 42.3325 0.065 1.0 14.0
-2.0267398 42.3325 0.066 0.0 15.0
-2.0267398 45.381016 0.066 0.0 15.0
-2.0267398 45.381016 0.067 0.0 16.0
-3.0401096 48.256172 0.067 0.0 16.0
-2.0267398 45.381016 0.068 0.0 16.0
-2.0267398 48.42953 0.068 0.0 16.0
-2.0267398 42.3325 0.069 0.0 15.0
-3.0401096 45.207657 0.069 0.0 15.0
-3.0401096 45.207657 0.070 0.0 16.0
-4.951596 47.582455 0.070 0.0 16.0
-3.0401096 45.207657 0.071 0.0 16.0
-4.0534797 48.082813 0.071 0.0 16.0
0.0 36.582188 0.072 18.0 13.0
0.0 39.630703 0.072 18.0 13.0
0.0 39.630703 0.073 0.0 14.0
-1.0133699 42.50586 0.073 0.0 14.0
0.0 39.630703 0.074 17.0 14.0
0.0 42.67922 0.074 17.0 14.0
0.0 42.67922 0.075 0.0 15.0
1.0133699 45.554375 0.075 0.0 15.0
1.0133699 45.554375 0.076 0.0 16.0
1.0133699 48.60289 0.076 0.0 16.0
1.0133699 45.554375 0.077 0.0 16.0
2.0267398 48.42953 0.077 0.0 16.0
0.0 42.67922 0.078 16.0 15.0
0.0 45.727734 0.078 16.0 15.0
0.0 45.727734 0.079 0.0 16.0
-1.0133699 48.60289 0.079 0.0 16.0
0.0 45.727734 0.080 15.0 16.0
0.0 48.77625 0.080 15.0 16.0
0.0 48.77625 0.081 14.0 17.0
-1.0133699 51.651405 0.081 14.0 17.0
-1.0133699 51.651405 0.082 0.0 18.0
-2.9248562 54.026203 0.082 0.0 18.0
-1.0133699 51.651405 0.083 13.0 18.0
-2.0267398 54.52656 0.083 13.0 18.0
-2.0267398 54.52656 0.084 0.0 19.0
-2.0267398 57.575077 0.084 0.0 19.0
-2.0267398 57.575077 0.085 0.0 20.0
-3.0401096 60.450233 0.085 0.0 20.0
-2.0267398 57.575077 0.086 0.0 20.0
-2.0267398 60.623592 0.086 0.0 20.0
-2.0267398 54.52656 0.087 12.0 19.0
-3.0401096 57.40172 0.087 12.0 19.0
-3.0401096 57.40172 0.088 0.0 20.0
-4.951596 59.776516 0.088 0.0 20.0
-3.0401096 57.40172 0.089 11.0 20.0
-4.0534797 60.276875 0.089 11.0 20.0
-4.0534797 60.276875 0.090 2.0 21.0
-5.964966 62.651672 0.090 2.0 21.0
-5.964966 62.651672 0.091 0.0 22.0
-8.557169 64.25602 0.091 0.0 22.0
-5.964966 62.651672 0.092 1.0 22.0
-7.876452 65.026474 0.092 1.0 22.0
-7.876452 65.026474 0.093 0.0 23.0
-8.889822 67.901634 0.093 0.0 23.0
-8.889822 67.901634 0.094 0.0 24.0
-10.801309 70.276436 0.094 0.0 24.0
-8.889822 67.901634 0.095 0.0 24.0
-9.903192 70.776794 0.095 0.0 24.0
-7.876452 65.026474 0.096 0.0 23.0
-9.787938 67.401276 0.096 0.0 23.0
-9.787938 67.401276 0.097 0.0 24.0
-12.380142 69.00562 0.097 0.0 24.0
-9.787938 67.401276 0.098 0.0 24.0
-11.699425 69.77608 0.098 0.0 24.0
-4.0534797 60.276875 0.099 10.0 21.0
-5.0668497 63.15203 0.099 10.0 21.0
-5.0668497 63.15203 0.0100 0.0 22.0
-6.978336 65.52683 0.0100 0.0 22.0
-5.0668497 63.15203 0.0101 9.0 22.0
-6.0802197 66.02719 0.0101 9.0 22.0
-6.0802197 66.02719 0.0102 0.0 23.0
-6.0802197 69.07571 0.0102 0.0 23.0
-6.0802197 69.07571 0.0103 0.0 24.0
-7.09359 71.95087 0.0103 0.0 24.0
-6.0802197 69.07571 0.0104 0.0 24.0
-6.0802197 72.12422 0.0104 0.0 24.0
-6.0802197 66.02719 0.0105 8.0 23.0
-7.09359 68.90235 0.0105 8.0 23.0
-7.09359 68.90235 0.0106 0.0 24.0
-9.005076 71.27715 0.0106 0.0 24.0
-7.09359 68.90235 0.0107 7.0 24.0
-8.106959 71.77751 0.0107 7.0 24.0
-8.106959 71.77751 0.0108 6.0 25.0
-8.106959 74.82603 0.0108 6.0 25.0
-8.106959 74.82603 0.0109 0.0 26.0
-9.120329 77.70119 0.0109 0.0 26.0
-8.106959 74.82603 0.0110 5.0 26.0
-8.106959 77.87454 0.0110 5.0 26.0
-8.106959 77.87454 0.0111 0.0 27.0
-7.0935893 80.7497 0.0111 0.0 27.0
-7.0935893 80.7497 0.0112 0.0 28.0
-7.0935893 83.79822 0.0112 0.0 28.0
-7.0935893 80.7497 0.0113 0.0 28.0
-6.0802193 83.62486 0.0113 0.0 28.0
-8.106959 77.87454 0.0114 4.0 27.0
-8.106959 80.92306 0.0114 4.0 27.0
-8.106959 80.92306 0.0115 0.0 28.0
-9.120329 83.79822 0.0115 0.0 28.0
-8.106959 80.92306 0.0116 3.0 28.0
-8.106959 83.97157 0.0116 3.0 28.0
-8.106959 83.97157 0.0117 2.0 29.0
-9.120329 86.84673 0.0117 2.0 29.0
-9.120329 86.84673 0.0118 0.0 30.0
-11.031816 89.221535 0.0118 0.0 30.0
-9.120329 86.84673 0.0119 1.0 30.0
-10.133698 89.72189 0.0119 1.0 30.0
-10.133698 89.72189 0.0120 0.0 31.0
-10.133698 92.77041 0.0120 0.0 31.0
-10.133698 92.77041 0.0121 0.0 32.0
-11.147068 95.64557 0.0121 0.0 32.0
-10.133698 92.77041 0.0122 0.0 32.0
-10.133698 95.818924 0.0122 0.0 32.0
-10.133698 89.72189 0.0123 0.0 31.0
-11.147068 92.59705 0.0123 0.0 31.0
-11.147068 92.59705 0.0124 0.0 32.0
-13.058555 94.971855 0.0124 0.0 32.0
-11.147068 92.59705 0.0125 0.0 32.0
-12.160438 95.47221 0.0125 0.0 32.0
-8.106959 83.97157 0.0126 2.0 29.0
-8.106959 87.02009 0.0126 2.0 29.0
-8.106959 87.02009 0.0127 0.0 30.0
-9.120329 89.89525 0.0127 0.0 30.0
-8.106959 87.02009 0.0128 1.0 30.0
-8.106959 90.0686 0.0128 1.0 30.0
-8.106959 90.0686 0.0129 0.0 31.0
-7.0935893 92.94376 0.0129 0.0 31.0
-7.0935893 92.94376 0.0130 0.0 32.0
-7.0935893 95.99228 0.0130 0.0 32.0
-7.0935893 92.94376 0.0131 0.0 32.0
-6.0802193 95.818924 0.0131 0.0 32.0
-8.106959 90.0686 0.0132 0.0 31.0
-8.106959 93.11712 0.0132 0.0 31.0
-8.106959 93.11712 0.0133 0.0 32.0
-9.120329 95.99228 0.0133 0.0 32.0
-8.106959 93.11712 0.0134 0.0 32.0
-8.106959 96.165634 0.0134 0.0 32.0
-8.106959 71.77751 0.0135 6.0 25.0
-9.120329 74.65267 0.0135 6.0 25.0
-9.120329 74.65267 0.0136 0.0 26.0
-11.031816 77.02747 0.0136 0.0 26.0
-9.120329 74.65267 0.0137 5.0 26.0
-10.133698 77.52783 0.0137 5.0 26.0
-10.133698 77.52783 0.0138 0.0 27.0
-10.133698 80.57635 0.0138 0.0 27.0
-10.133698 80.57635 0.0139 0.0 28.0
-11.147068 83.45151 0.0139 0.0 28.0
-10.133698 80.57635 0.0140 0.0 28.0
-10.133698 83.62486 0.0140 0.0 28.0
-10.133698 77.52783 0.0141 4.0 27.0
-11.147068 80.40299 0.0141 4.0 27.0
-11.147068 80.40299 0.0142 0.0 28.0
-13.058555 82.777794 0.0142 0.0 28.0
-11.147068 80.40299 0.0143 3.0 28.0
-12.160438 83.27815 0.0143 3.0 28.0
-12.160438 83.27815 0.0144 2.0 29.0
-14.071924 85.652954 0.0144 2.0 29.0
-14.071924 85.652954 0.0145 0.0 30.0
-16.664127 87.2573 0.0145 0.0 30.0
-14.071924 85.652954 0.0146 1.0 30.0
-15.983411 88.027756 0.0146 1.0 30.0
-15.983411 88.027756 0.0147 0.0 31.0
-16.99678 90.902916 0.0147 0.0 31.0
-16.99678 90.902916 0.0148 0.0 32.0
-18.908266 93.27772 0.0148 0.0 32.0
-16.99678 90.902916 0.0149 0.0 32.0
-18.01015 93.778076 0.0149 0.0 32.0
-15.983411 88.027756 0.0150 0.0 31.0
-17.894897 90.40256 0.0150 0.0 31.0
-17.894897 90.40256 0.0151 0.0 32.0
-20.4871 92.006905 0.0151 0.0 32.0
-17.894897 90.40256 0.0152 0.0 32.0
-19.806383 92.77736 0.0152 0.0 32.0
-12.160438 83.27815 0.0153 2.0 29.0
-13.173807 86.15331 0.0153 2.0 29.0
-13.173807 86.15331 0.0154 0.0 30.0
-15.085294 88.528114 0.0154 0.0 30.0
-13.173807 86.15331 0.0155 1.0 30.0
-14.187177 89.02847 0.0155 1.0 30.0
-14.187177 89.02847 0.0156 0.0 31.0
-14.187177 92.07699 0.0156 0.0 31.0
-14.187177 92.07699 0.0157 0.0 32.0
-15.200546 94.95215 0.0157 0.0 32.0
-14.187177 92.07699 0.0158 0.0 32.0
-14.187177 95.1255 0.0158 0.0 32.0
-14.187177 89.02847 0.0159 0.0 31.0
-15.200546 91.90363 0.0159 0.0 31.0
-15.200546 91.90363 0.0160 0.0 32.0
-17.112032 94.278435 0.0160 0.0 32.0
-15.200546 91.90363 0.0161 0.0 32.0
-16.213917 94.77879 0.0161 0.0 32.0
0.0 48.77625 0.0162 14.0 17.0
0.0 51.824764 0.0162 14.0 17.0
0.0 51.824764 0.0163 0.0 18.0
-1.0133699 54.69992 0.0163 0.0 18.0
0.0 51.824764 0.0164 13.0 18.0
0.0 54.87328 0.0164 13.0 18.0
0.0 54.87328 0.0165 0.0 19.0
1.0133699 57.748436 0.0165 0.0 19.0
1.0133699 57.748436 0.0166 0.0 20.0
1.0133699 60.79695 0.0166 0.0 20.0
1.0133699 57.748436 0.0167 0.0 20.0
2.0267398 60.623592 0.0167 0.0 20.0
0.0 54.87328 0.0168 12.0 19.0
0.0 57.921795 0.0168 12.0 19.0
0.0 57.921795 0.0169 0.0 20.0
-1.0133699 60.79695 0.0169 0.0 20.0
0.0 57.921795 0.0170 11.0 20.0
0.0 60.97031 0.0170 11.0 20.0
0.0 60.97031 0.0171 2.0 21.0
-1.0133699 63.845467 0.0171 2.0 21.0
-1.0133699 63.845467 0.0172 0.0 22.0
-2.9248562 66.22027 0.0172 0.0 22.0
-1.0133699 63.845467 0.0173 1.0 22.0
-2.0267398 66.72063 0.0173 1.0 22.0
-2.0267398 66.72063 0.0174 0.0 23.0
-2.0267398 69.76914 0.0174 0.0 23.0
-2.0267398 69.76914 0.0175 0.0 24.0
-3.0401096 72.6443 0.0175 0.0 24.0
-2.0267398 69.76914 0.0176 0.0 24.0
-2.0267398 72.81766 0.0176 0.0 24.0
-2.0267398 66.72063 0.0177 0.0 23.0
-3.0401096 69.59579 0.0177 0.0 23.0
-3.0401096 69.59579 0.0178 0.0 24.0
-4.951596 71.97059 0.0178 0.0 24.0
-3.0401096 69.59579 0.0179 0.0 24.0
-4.0534797 72.47095 0.0179 0.0 24.0
0.0 60.97031 0.0180 10.0 21.0
0.0 64.01883 0.0180 10.0 21.0
0.0 64.01883 0.0181 0.0 22.0
-1.0133699 66.89399 0.0181 0.0 22.0
0.0 64.01883 0.0182 9.0 22.0
0.0 67.067345 0.0182 9.0 22.0
0.0 67.067345 0.0183 0.0 23.0
1.0133699 69.942505 0.0183 0.0 23.0
1.0133699 69.942505 0.0184 0.0 24.0
1.0133699 72.99102 0.0184 0.0 24.0
1.0133699 69.942505 0.0185 0.0 24.0
2.0267398 72.817665 0.0185 0.0 24.0
0.0 67.067345 0.0186 8.0 23.0
0.0 70.11586 0.0186 8.0 23.0
0.0 70.11586 0.0187 0.0 24.0
-1.0133699 72.99102 0.0187 0.0 24.0
0.0 70.11586 0.0188 7.0 24.0
0.0 73.164375 0.0188 7.0 24.0
0.0 73.164375 0.0189 6.0 25.0
1.0133699 76.039536 0.0189 6.0 25.0
1.0133699 76.039536 0.0190 0.0 26.0
1.0133699 79.08805 0.0190 0.0 26.0
1.0133699 76.039536 0.0191 5.0 26.0
2.0267398 78.914696 0.0191 5.0 26.0
2.0267398 78.914696 0.0192 0.0 27.0
3.9382262 81.2895 0.0192 0.0 27.0
3.9382262 81.2895 0.0193 0.0 28.0
4.9515963 84.16466 0.0193 0.0 28.0
3.9382262 81.2895 0.0194 0.0 28.0
5.8497124 83.6643 0.0194 0.0 28.0
2.0267398 78.914696 0.0195 4.0 27.0
3.0401096 81.789856 0.0195 4.0 27.0
3.0401096 81.789856 0.0196 0.0 28.0
3.0401096 84.83837 0.0196 0.0 28.0
3.0401096 81.789856 0.0197 3.0 28.0
4.0534797 84.665016 0.0197 3.0 28.0
4.0534797 84.665016 0.0198 2.0 29.0
4.0534797 87.71353 0.0198 2.0 29.0
4.0534797 87.71353 0.0199 0.0 30.0
3.0401096 90.58869 0.0199 0.0 30.0
4.0534797 87.71353 0.0200 1.0 30.0
4.0534797 90.76205 0.0200 1.0 30.0
4.0534797 90.76205 0.0201 0.0 31.0
5.0668497 93.63721 0.0201 0.0 31.0
5.0668497 93.63721 0.0202 0.0 32.0
5.0668497 96.68572 0.0202 0.0 32.0
5.0668497 93.63721 0.0203 0.0 32.0
6.0802197 96.51237 0.0203 0.0 32.0
4.0534797 90.76205 0.0204 0.0 31.0
4.0534797 93.81056 0.0204 0.0 31.0
4.0534797 93.81056 0.0205 0.0 32.0
3.0401096 96.68572 0.0205 0.0 32.0
4.0534797 93.81056 0.0206 0.0 32.0
4.0534797 96.85908 0.0206 0.0 32.0
4.0534797 84.665016 0.0207 2.0 29.0
5.0668497 87.54018 0.0207 2.0 29.0
5.0668497 87.54018 0.0208 0.0 30.0
5.0668497 90.58869 0.0208 0.0 30.0
5.0668497 87.54018 0.0209 1.0 30.0
6.0802197 90.41534 0.0209 1.0 30.0
6.0802197 90.41534 0.0210 0.0 31.0
7.991706 92.79014 0.0210 0.0 31.0
7.991706 92.79014 0.0211 0.0 32.0
9.005075 95.6653 0.0211 0.0 32.0
7.991706 92.79014 0.0212 0.0 32.0
9.9031925 95.16494 0.0212 0.0 32.0
6.0802197 90.41534 0.0213 0.0 31.0
7.09359 93.2905 0.0213 0.0 31.0
7.09359 93.2905 0.0214 0.0 32.0
7.09359 96.33901 0.0214 0.0 32.0
7.09359 93.2905 0.0215 0.0 32.0
8.106959 96.16566 0.0215 0.0 32.0
0.0 73.164375 0.0216 6.0 25.0
0.0 76.21289 0.0216 6.0 25.0
0.0 76.21289 0.0217 0.0 26.0
-1.0133699 79.08805 0.0217 0.0 26.0
0.0 76.21289 0.0218 5.0 26.0
0.0 79.261406 0.0218 5.0 26.0
0.0 79.261406 0.0219 0.0 27.0
1.0133699 82.136566 0.0219 0.0 27.0
1.0133699 82.136566 0.0220 0.0 28.0
1.0133699 85.18508 0.0220 0.0 28.0
1.0133699 82.136566 0.0221 0.0 28.0
2.0267398 85.01173 0.0221 0.0 28.0
0.0 79.261406 0.0222 4.0 27.0
0.0 82.30992 0.0222 4.0 27.0
0.0 82.30992 0.0223 0.0 28.0
-1.0133699 85.18508 0.0223 0.0 28.0
0.0 82.30992 0.0224 3.0 28.0
0.0 85.35844 0.0224 3.0 28.0
0.0 85.35844 0.0225 2.0 29.0
-1.0133699 88.2336 0.0225 2.0 29.0
-1.0133699 88.2336 0.0226 0.0 30.0
-2.9248562 90.6084 0.0226 0.0 30.0
-1.0133699 88.2336 0.0227 1.0 30.0
-2.0267398 91.10876 0.0227 1.0 30.0
-2.0267398 91.10876 0.0228 0.0 31.0
-2.0267398 94.15727 0.0228 0.0 31.0
-2.0267398 94.15727 0.0229 0.0 32.0
-3.0401096 97.03243 0.0229 0.0 32.0
-2.0267398 94.15727 0.0230 0.0 32.0
-2.0267398 97.20579 0.0230 0.0 32.0
-2.0267398 91.10876 0.0231 0.0 31.0
-3.0401096 93.98392 0.0231 0.0 31.0
-3.0401096 93.98392 0.0232 0.0 32.0
-4.951596 96.35872 0.0232 0.0 32.0
-3.0401096 93.98392 0.0233 0.0 32.0
-4.0534797 96.85908 0.0233 0.0 32.0
0.0 85.35844 0.0234 2.0 29.0
0.0 88.40695 0.0234 2.0 29.0
0.0 88.40695 0.0235 0.0 30.0
-1.0133699 91.28211 0.0235 0.0 30.0
0.0 88.40695 0.0236 1.0 30.0
0.0 91.45547 0.0236 1.0 30.0
0.0 91.45547 0.0237 0.0 31.0
1.0133699 94.33063 0.0237 0.0 31.0
1.0133699 94.33063 0.0238 0.0 32.0
1.0133699 97.37914 0.0238 0.0 32.0
1.0133699 94.33063 0.0239 0.0 32.0
2.0267398 97.20579 0.0239 0.0 32.0
0.0 91.45547 0.0240 0.0 31.0
0.0 94.50398 0.0240 0.0 31.0
0.0 94.50398 0.0241 0.0 32.0
-1.0133699 97.37914 0.0241 0.0 32.0
0.0 94.50398 0.0242 0.0 32.0
0.0 97.5525 0.0242 0.0 32.0
