0.0 0.0 0.00 60.0 1.0
0.0 1.4387976 0.00 60.0 1.0
0.0 1.4387976 0.01 59.0 2.0
0.0 2.8775952 0.01 59.0 2.0
0.0 2.8775952 0.02 58.0 3.0
0.0 4.316393 0.02 58.0 3.0
0.0 4.316393 0.03 57.0 4.0
0.0 5.7551904 0.03 57.0 4.0
0.0 5.7551904 0.04 56.0 5.0
0.0 7.193988 0.04 56.0 5.0
0.0 7.193988 0.05 55.0 6.0
0.0 8.632786 0.05 55.0 6.0
0.0 8.632786 0.06 54.0 7.0
0.0 10.071584 0.06 54.0 7.0
0.0 10.071584 0.07 53.0 8.0
0.0 11.510382 0.07 53.0 8.0
0.0 11.510382 0.08 52.0 9.0
0.0 12.94918 0.08 52.0 9.0
0.0 12.94918 0.09 51.0 10.0
0.0 14.387978 0.09 51.0 10.0
0.0 14.387978 0.010 50.0 11.0
0.0 15.826776 0.010 50.0 11.0
0.0 15.826776 0.011 49.0 12.0
0.0 17.265574 0.011 49.0 12.0
0.0 17.265574 0.012 48.0 13.0
0.0 18.70437 0.012 48.0 13.0
0.0 18.70437 0.013 47.0 14.0
0.0 20.143167 0.013 47.0 14.0
0.0 20.143167 0.014 46.0 15.0
0.0 21.581964 0.014 46.0 15.0
0.0 21.581964 0.015 45.0 16.0
0.0 23.020761 0.015 45.0 16.0
0.0 23.020761 0.016 28.0 17.0
-0.25422654 24.43692 0.016 28.0 17.0
-0.25422654 24.43692 0.017 27.0 18.0
-0.5084531 25.853079 0.017 27.0 18.0
-0.5084531 25.853079 0.018 26.0 19.0
-0.7626796 27.269238 0.018 26.0 19.0
-0.7626796 27.269238 0.019 25.0 20.0
-1.0169061 28.685396 0.019 25.0 20.0
-1.0169061 28.685396 0.020 24.0 21.0
-1.2711327 30.101555 0.020 24.0 21.0
-1.2711327 30.101555 0.021 23.0 22.0
-1.5253593 31.517714 0.021 23.0 22.0
-1.5253593 31.517714 0.022 22.0 23.0
-1.7795858 32.933872 0.022 22.0 23.0
-1.7795858 32.933872 0.023 21.0 24.0
-2.0338123 34.350033 0.023 21.0 24.0
-2.0338123 34.350033 0.024 12.0 25.0
-2.5342653 35.69899 0.024 12.0 25.0
-2.5342653 35.69899 0.025 11.0 26.0
-3.0347183 37.047947 0.025 11.0 26.0
-3.0347183 37.047947 0.026 10.0 27.0
-3.5351713 38.396904 0.026 10.0 27.0
-3.5351713 38.396904 0.027 9.0 28.0
-4.0356245 39.74586 0.027 9.0 28.0
-4.0356245 39.74586 0.028 4.0 29.0
-4.766556 40.98517 0.028 4.0 29.0
-4.766556 40.98517 0.029 3.0 30.0
-5.497487 42.224476 0.029 3.0 30.0
-5.497487 42.224476 0.030 0.0 31.0
-6.435895 43.315132 0.030 0.0 31.0
-6.435895 43.315132 0.031 0.0 32.0
-7.374303 44.40579 0.031 0.0 32.0
-5.497487 42.224476 0.032 0.0 31.0
-5.99794 43.573433 0.032 0.0 31.0
-5.99794 43.573433 0.033 0.0 32.0
-6.498393 44.92239 0.033 0.0 32.0
-5.497487 42.224476 0.034 2.0 31.0
-6.2284184 43.463783 0.034 2.0 31.0
-6.2284184 43.463783 0.035 1.0 32.0
-6.9593496 44.70309 0.035 1.0 32.0
-6.9593496 44.70309 0.036 0.0 33.0
-7.690281 45.942398 0.036 0.0 33.0
-7.690281 45.942398 0.037 0.0 34.0
-8.421212 47.181705 0.037 0.0 34.0
-4.0356245 39.74586 0.038 4.0 29.0
-4.289851 41.16202 0.038 4.0 29.0
-4.289851 41.16202 0.039 3.0 30.0
-4.544078 42.578182 0.039 3.0 30.0
-4.544078 42.578182 0.040 0.0 31.0
-5.044531 43.92714 0.040 0.0 31.0
-5.044531 43.92714 0.041 0.0 32.0
-5.544984 45.276096 0.041 0.0 32.0
-4.544078 42.578182 0.042 0.0 31.0
-4.544078 44.01698 0.042 0.0 31.0
-4.544078 44.01698 0.043 0.0 32.0
-4.544078 45.455776 0.043 0.0 32.0
-4.544078 42.578182 0.044 2.0 31.0
-4.7983046 43.994343 0.044 2.0 31.0
-4.7983046 43.994343 0.045 1.0 32.0
-5.0525312 45.410503 0.045 1.0 32.0
-5.0525312 45.410503 0.046 0.0 33.0
-5.306758 46.826664 0.046 0.0 33.0
-5.306758 46.826664 0.047 0.0 34.0
-5.5609846 48.242825 0.047 0.0 34.0
-4.0356245 39.74586 0.048 8.0 29.0
-4.5360775 41.09482 0.048 8.0 29.0
-4.5360775 41.09482 0.049 7.0 30.0
-5.0365305 42.443775 0.049 7.0 30.0
-5.0365305 42.443775 0.050 6.0 31.0
-5.5369835 43.792732 0.050 6.0 31.0
-5.5369835 43.792732 0.051 5.0 32.0
-6.0374365 45.14169 0.051 5.0 32.0
-6.0374365 45.14169 0.052 4.0 33.0
-6.5378895 46.490646 0.052 4.0 33.0
-6.5378895 46.490646 0.053 3.0 34.0
-7.0383425 47.839603 0.053 3.0 34.0
-7.0383425 47.839603 0.054 0.0 35.0
-7.7692738 49.07891 0.054 0.0 35.0
-7.7692738 49.07891 0.055 0.0 36.0
-8.500205 50.31822 0.055 0.0 36.0
-7.0383425 47.839603 0.056 0.0 35.0
-7.292569 49.255764 0.056 0.0 35.0
-7.292569 49.255764 0.057 0.0 36.0
-7.546796 50.671925 0.057 0.0 36.0
-7.0383425 47.839603 0.058 2.0 35.0
-7.5387955 49.18856 0.058 2.0 35.0
-7.5387955 49.18856 0.059 1.0 36.0
-8.039248 50.537518 0.059 1.0 36.0
-8.039248 50.537518 0.060 0.0 37.0
-8.539701 51.886475 0.060 0.0 37.0
-8.539701 51.886475 0.061 0.0 38.0
-9.040154 53.23543 0.061 0.0 38.0
-2.0338123 34.350033 0.062 12.0 25.0
-2.0338123 35.78883 0.062 12.0 25.0
-2.0338123 35.78883 0.063 11.0 26.0
-2.0338123 37.227627 0.063 11.0 26.0
-2.0338123 37.227627 0.064 10.0 27.0
-2.0338123 38.666424 0.064 10.0 27.0
-2.0338123 38.666424 0.065 9.0 28.0
-2.0338123 40.10522 0.065 9.0 28.0
-2.0338123 40.10522 0.066 4.0 29.0
-2.2880387 41.52138 0.066 4.0 29.0
-2.2880387 41.52138 0.067 3.0 30.0
-2.5422652 42.937542 0.067 3.0 30.0
-2.5422652 42.937542 0.068 0.0 31.0
-3.0427182 44.2865 0.068 0.0 31.0
-3.0427182 44.2865 0.069 0.0 32.0
-3.5431712 45.635456 0.069 0.0 32.0
-2.5422652 42.937542 0.070 0.0 31.0
-2.5422652 44.37634 0.070 0.0 31.0
-2.5422652 44.37634 0.071 0.0 32.0
-2.5422652 45.815136 0.071 0.0 32.0
-2.5422652 42.937542 0.072 2.0 31.0
-2.7964916 44.353703 0.072 2.0 31.0
-2.7964916 44.353703 0.073 1.0 32.0
-3.050718 45.769863 0.073 1.0 32.0
-3.050718 45.769863 0.074 0.0 33.0
-3.3049445 47.186024 0.074 0.0 33.0
-3.3049445 47.186024 0.075 0.0 34.0
-3.559171 48.602184 0.075 0.0 34.0
-2.0338123 40.10522 0.076 4.0 29.0
-1.7795857 41.52138 0.076 4.0 29.0
-1.7795857 41.52138 0.077 3.0 30.0
-1.5253592 42.937542 0.077 3.0 30.0
-1.5253592 42.937542 0.078 0.0 31.0
-1.5253592 44.37634 0.078 0.0 31.0
-1.5253592 44.37634 0.079 0.0 32.0
-1.5253592 45.815136 0.079 0.0 32.0
-1.5253592 42.937542 0.080 0.0 31.0
-1.0249062 44.2865 0.080 0.0 31.0
-1.0249062 44.2865 0.081 0.0 32.0
-0.52445316 45.635456 0.081 0.0 32.0
-1.5253592 42.937542 0.082 2.0 31.0
-1.2711326 44.353703 0.082 2.0 31.0
-1.2711326 44.353703 0.083 1.0 32.0
-1.016906 45.769863 0.083 1.0 32.0
-1.016906 45.769863 0.084 0.0 33.0
-0.76267946 47.186024 0.084 0.0 33.0
-0.76267946 47.186024 0.085 0.0 34.0
-0.5084529 48.602184 0.085 0.0 34.0
-2.0338123 40.10522 0.086 8.0 29.0
-2.0338123 41.544018 0.086 8.0 29.0
-2.0338123 41.544018 0.087 7.0 30.0
-2.0338123 42.982815 0.087 7.0 30.0
-2.0338123 42.982815 0.088 6.0 31.0
-2.0338123 44.42161 0.088 6.0 31.0
-2.0338123 44.42161 0.089 5.0 32.0
-2.0338123 45.86041 0.089 5.0 32.0
-2.0338123 45.86041 0.090 4.0 33.0
-2.0338123 47.299206 0.090 4.0 33.0
-2.0338123 47.299206 0.091 3.0 34.0
-2.0338123 48.738003 0.091 3.0 34.0
-2.0338123 48.738003 0.092 0.0 35.0
-2.2880387 50.154163 0.092 0.0 35.0
-2.2880387 50.154163 0.093 0.0 36.0
-2.5422652 51.570324 0.093 0.0 36.0
-2.0338123 48.738003 0.094 0.0 35.0
-1.7795857 50.154163 0.094 0.0 35.0
-1.7795857 50.154163 0.095 0.0 36.0
-1.5253592 51.570324 0.095 0.0 36.0
-2.0338123 48.738003 0.096 2.0 35.0
-2.0338123 50.1768 0.096 2.0 35.0
-2.0338123 50.1768 0.097 1.0 36.0
-2.0338123 51.615597 0.097 1.0 36.0
-2.0338123 51.615597 0.098 0.0 37.0
-2.0338123 53.054394 0.098 0.0 37.0
-2.0338123 53.054394 0.099 0.0 38.0
-2.0338123 54.49319 0.099 0.0 38.0
-2.0338123 34.350033 0.0100 20.0 25.0
-2.2880387 35.766193 0.0100 20.0 25.0
-2.2880387 35.766193 0.0101 19.0 26.0
-2.5422652 37.182354 0.0101 19.0 26.0
-2.5422652 37.182354 0.0102 18.0 27.0
-2.7964916 38.598515 0.0102 18.0 27.0
-2.7964916 38.598515 0.0103 17.0 28.0
-3.050718 40.014675 0.0103 17.0 28.0
-3.050718 40.014675 0.0104 16.0 29.0
-3.3049445 41.430836 0.0104 16.0 29.0
-3.3049445 41.430836 0.0105 15.0 30.0
-3.559171 42.846996 0.0105 15.0 30.0
-3.559171 42.846996 0.0106 14.0 31.0
-3.8133974 44.263157 0.0106 14.0 31.0
-3.8133974 44.263157 0.0107 13.0 32.0
-4.067624 45.679317 0.0107 13.0 32.0
-4.067624 45.679317 0.0108 12.0 33.0
-4.321851 47.095478 0.0108 12.0 33.0
-4.321851 47.095478 0.0109 11.0 34.0
-4.5760775 48.51164 0.0109 11.0 34.0
-4.5760775 48.51164 0.0110 10.0 35.0
-4.830304 49.9278 0.0110 10.0 35.0
-4.830304 49.9278 0.0111 9.0 36.0
-5.084531 51.34396 0.0111 9.0 36.0
-5.084531 51.34396 0.0112 4.0 37.0
-5.584984 52.692917 0.0112 4.0 37.0
-5.584984 52.692917 0.0113 3.0 38.0
-6.085437 54.041874 0.0113 3.0 38.0
-6.085437 54.041874 0.0114 0.0 39.0
-6.816368 55.28118 0.0114 0.0 39.0
-6.816368 55.28118 0.0115 0.0 40.0
-7.5472994 56.52049 0.0115 0.0 40.0
-6.085437 54.041874 0.0116 0.0 39.0
-6.3396635 55.458035 0.0116 0.0 39.0
-6.3396635 55.458035 0.0117 0.0 40.0
-6.59389 56.874195 0.0117 0.0 40.0
-6.085437 54.041874 0.0118 2.0 39.0
-6.58589 55.39083 0.0118 2.0 39.0
-6.58589 55.39083 0.0119 1.0 40.0
-7.086343 56.739788 0.0119 1.0 40.0
-7.086343 56.739788 0.0120 0.0 41.0
-7.586796 58.088745 0.0120 0.0 41.0
-7.586796 58.088745 0.0121 0.0 42.0
-8.087249 59.437702 0.0121 0.0 42.0
-5.084531 51.34396 0.0122 4.0 37.0
-5.084531 52.782757 0.0122 4.0 37.0
-5.084531 52.782757 0.0123 3.0 38.0
-5.084531 54.221554 0.0123 3.0 38.0
-5.084531 54.221554 0.0124 0.0 39.0
-5.3387575 55.637714 0.0124 0.0 39.0
-5.3387575 55.637714 0.0125 0.0 40.0
-5.592984 57.053875 0.0125 0.0 40.0
-5.084531 54.221554 0.0126 0.0 39.0
-4.830304 55.637714 0.0126 0.0 39.0
-4.830304 55.637714 0.0127 0.0 40.0
-4.5760775 57.053875 0.0127 0.0 40.0
-5.084531 54.221554 0.0128 2.0 39.0
-5.084531 55.66035 0.0128 2.0 39.0
-5.084531 55.66035 0.0129 1.0 40.0
-5.084531 57.099148 0.0129 1.0 40.0
-5.084531 57.099148 0.0130 0.0 41.0
-5.084531 58.537945 0.0130 0.0 41.0
-5.084531 58.537945 0.0131 0.0 42.0
-5.084531 59.97674 0.0131 0.0 42.0
-5.084531 51.34396 0.0132 8.0 37.0
-5.3387575 52.76012 0.0132 8.0 37.0
-5.3387575 52.76012 0.0133 7.0 38.0
-5.592984 54.17628 0.0133 7.0 38.0
-5.592984 54.17628 0.0134 6.0 39.0
-5.847211 55.59244 0.0134 6.0 39.0
-5.847211 55.59244 0.0135 5.0 40.0
-6.1014376 57.008602 0.0135 5.0 40.0
-6.1014376 57.008602 0.0136 4.0 41.0
-6.3556643 58.424763 0.0136 4.0 41.0
-6.3556643 58.424763 0.0137 3.0 42.0
-6.609891 59.840923 0.0137 3.0 42.0
-6.609891 59.840923 0.0138 0.0 43.0
-7.110344 61.18988 0.0138 0.0 43.0
-7.110344 61.18988 0.0139 0.0 44.0
-7.610797 62.538837 0.0139 0.0 44.0
-6.609891 59.840923 0.0140 0.0 43.0
-6.609891 61.27972 0.0140 0.0 43.0
-6.609891 61.27972 0.0141 0.0 44.0
-6.609891 62.718517 0.0141 0.0 44.0
-6.609891 59.840923 0.0142 2.0 43.0
-6.8641176 61.257084 0.0142 2.0 43.0
-6.8641176 61.257084 0.0143 1.0 44.0
-7.1183443 62.673244 0.0143 1.0 44.0
-7.1183443 62.673244 0.0144 0.0 45.0
-7.372571 64.0894 0.0144 0.0 45.0
-7.372571 64.0894 0.0145 0.0 46.0
-7.6267977 65.50556 0.0145 0.0 46.0
0.0 23.020761 0.0146 28.0 17.0
0.25422654 24.43692 0.0146 28.0 17.0
0.25422654 24.43692 0.0147 27.0 18.0
0.5084531 25.853079 0.0147 27.0 18.0
0.5084531 25.853079 0.0148 26.0 19.0
0.7626796 27.269238 0.0148 26.0 19.0
0.7626796 27.269238 0.0149 25.0 20.0
1.0169061 28.685396 0.0149 25.0 20.0
1.0169061 28.685396 0.0150 24.0 21.0
1.2711327 30.101555 0.0150 24.0 21.0
1.2711327 30.101555 0.0151 23.0 22.0
1.5253593 31.517714 0.0151 23.0 22.0
1.5253593 31.517714 0.0152 22.0 23.0
1.7795858 32.933872 0.0152 22.0 23.0
1.7795858 32.933872 0.0153 21.0 24.0
2.0338123 34.350033 0.0153 21.0 24.0
2.0338123 34.350033 0.0154 12.0 25.0
2.0338123 35.78883 0.0154 12.0 25.0
2.0338123 35.78883 0.0155 11.0 26.0
2.0338123 37.227627 0.0155 11.0 26.0
2.0338123 37.227627 0.0156 10.0 27.0
2.0338123 38.666424 0.0156 10.0 27.0
2.0338123 38.666424 0.0157 9.0 28.0
2.0338123 40.10522 0.0157 9.0 28.0
2.0338123 40.10522 0.0158 4.0 29.0
1.7795857 41.52138 0.0158 4.0 29.0
1.7795857 41.52138 0.0159 3.0 30.0
1.5253592 42.937542 0.0159 3.0 30.0
1.5253592 42.937542 0.0160 0.0 31.0
1.0249062 44.2865 0.0160 0.0 31.0
1.0249062 44.2865 0.0161 0.0 32.0
0.52445316 45.635456 0.0161 0.0 32.0
1.5253592 42.937542 0.0162 0.0 31.0
1.5253592 44.37634 0.0162 0.0 31.0
1.5253592 44.37634 0.0163 0.0 32.0
1.5253592 45.815136 0.0163 0.0 32.0
1.5253592 42.937542 0.0164 2.0 31.0
1.2711326 44.353703 0.0164 2.0 31.0
1.2711326 44.353703 0.0165 1.0 32.0
1.016906 45.769863 0.0165 1.0 32.0
1.016906 45.769863 0.0166 0.0 33.0
0.76267946 47.186024 0.0166 0.0 33.0
0.76267946 47.186024 0.0167 0.0 34.0
0.5084529 48.602184 0.0167 0.0 34.0
2.0338123 40.10522 0.0168 4.0 29.0
2.2880387 41.52138 0.0168 4.0 29.0
2.2880387 41.52138 0.0169 3.0 30.0
2.5422652 42.937542 0.0169 3.0 30.0
2.5422652 42.937542 0.0170 0.0 31.0
2.5422652 44.37634 0.0170 0.0 31.0
2.5422652 44.37634 0.0171 0.0 32.0
2.5422652 45.815136 0.0171 0.0 32.0
2.5422652 42.937542 0.0172 0.0 31.0
3.0427182 44.2865 0.0172 0.0 31.0
3.0427182 44.2865 0.0173 0.0 32.0
3.5431712 45.635456 0.0173 0.0 32.0
2.5422652 42.937542 0.0174 2.0 31.0
2.7964916 44.353703 0.0174 2.0 31.0
2.7964916 44.353703 0.0175 1.0 32.0
3.050718 45.769863 0.0175 1.0 32.0
3.050718 45.769863 0.0176 0.0 33.0
3.3049445 47.186024 0.0176 0.0 33.0
3.3049445 47.186024 0.0177 0.0 34.0
3.559171 48.602184 0.0177 0.0 34.0
2.0338123 40.10522 0.0178 8.0 29.0
2.0338123 41.544018 0.0178 8.0 29.0
2.0338123 41.544018 0.0179 7.0 30.0
2.0338123 42.982815 0.0179 7.0 30.0
2.0338123 42.982815 0.0180 6.0 31.0
2.0338123 44.42161 0.0180 6.0 31.0
2.0338123 44.42161 0.0181 5.0 32.0
2.0338123 45.86041 0.0181 5.0 32.0
2.0338123 45.86041 0.0182 4.0 33.0
2.0338123 47.299206 0.0182 4.0 33.0
2.0338123 47.299206 0.0183 3.0 34.0
2.0338123 48.738003 0.0183 3.0 34.0
2.0338123 48.738003 0.0184 0.0 35.0
1.7795857 50.154163 0.0184 0.0 35.0
1.7795857 50.154163 0.0185 0.0 36.0
1.5253592 51.570324 0.0185 0.0 36.0
2.0338123 48.738003 0.0186 0.0 35.0
2.2880387 50.154163 0.0186 0.0 35.0
2.2880387 50.154163 0.0187 0.0 36.0
2.5422652 51.570324 0.0187 0.0 36.0
2.0338123 48.738003 0.0188 2.0 35.0
2.0338123 50.1768 0.0188 2.0 35.0
2.0338123 50.1768 0.0189 1.0 36.0
2.0338123 51.615597 0.0189 1.0 36.0
2.0338123 51.615597 0.0190 0.0 37.0
2.0338123 53.054394 0.0190 0.0 37.0
2.0338123 53.054394 0.0191 0.0 38.0
2.0338123 54.49319 0.0191 0.0 38.0
2.0338123 34.350033 0.0192 12.0 25.0
2.5342653 35.69899 0.0192 12.0 25.0
2.5342653 35.69899 0.0193 11.0 26.0
3.0347183 37.047947 0.0193 11.0 26.0
3.0347183 37.047947 0.0194 10.0 27.0
3.5351713 38.396904 0.0194 10.0 27.0
3.5351713 38.396904 0.0195 9.0 28.0
4.0356245 39.74586 0.0195 9.0 28.0
4.0356245 39.74586 0.0196 4.0 29.0
4.289851 41.16202 0.0196 4.0 29.0
4.289851 41.16202 0.0197 3.0 30.0
4.544078 42.578182 0.0197 3.0 30.0
4.544078 42.578182 0.0198 0.0 31.0
4.544078 44.01698 0.0198 0.0 31.0
4.544078 44.01698 0.0199 0.0 32.0
4.544078 45.455776 0.0199 0.0 32.0
4.544078 42.578182 0.0200 0.0 31.0
5.044531 43.92714 0.0200 0.0 31.0
5.044531 43.92714 0.0201 0.0 32.0
5.544984 45.276096 0.0201 0.0 32.0
4.544078 42.578182 0.0202 2.0 31.0
4.7983046 43.994343 0.0202 2.0 31.0
4.7983046 43.994343 0.0203 1.0 32.0
5.0525312 45.410503 0.0203 1.0 32.0
5.0525312 45.410503 0.0204 0.0 33.0
5.306758 46.826664 0.0204 0.0 33.0
5.306758 46.826664 0.0205 0.0 34.0
5.5609846 48.242825 0.0205 0.0 34.0
4.0356245 39.74586 0.0206 4.0 29.0
4.766556 40.98517 0.0206 4.0 29.0
4.766556 40.98517 0.0207 3.0 30.0
5.497487 42.224476 0.0207 3.0 30.0
5.497487 42.224476 0.0208 0.0 31.0
5.99794 43.573433 0.0208 0.0 31.0
5.99794 43.573433 0.0209 0.0 32.0
6.498393 44.92239 0.0209 0.0 32.0
5.497487 42.224476 0.0210 0.0 31.0
6.435895 43.315132 0.0210 0.0 31.0
6.435895 43.315132 0.0211 0.0 32.0
7.374303 44.40579 0.0211 0.0 32.0
5.497487 42.224476 0.0212 2.0 31.0
6.2284184 43.463783 0.0212 2.0 31.0
6.2284184 43.463783 0.0213 1.0 32.0
6.9593496 44.70309 0.0213 1.0 32.0
6.9593496 44.70309 0.0214 0.0 33.0
7.690281 45.942398 0.0214 0.0 33.0
7.690281 45.942398 0.0215 0.0 34.0
8.421212 47.181705 0.0215 0.0 34.0
4.0356245 39.74586 0.0216 8.0 29.0
4.5360775 41.09482 0.0216 8.0 29.0
4.5360775 41.09482 0.0217 7.0 30.0
5.0365305 42.443775 0.0217 7.0 30.0
5.0365305 42.443775 0.0218 6.0 31.0
5.5369835 43.792732 0.0218 6.0 31.0
5.5369835 43.792732 0.0219 5.0 32.0
6.0374365 45.14169 0.0219 5.0 32.0
6.0374365 45.14169 0.0220 4.0 33.0
6.5378895 46.490646 0.0220 4.0 33.0
6.5378895 46.490646 0.0221 3.0 34.0
7.0383425 47.839603 0.0221 3.0 34.0
7.0383425 47.839603 0.0222 0.0 35.0
7.292569 49.255764 0.0222 0.0 35.0
7.292569 49.255764 0.0223 0.0 36.0
7.546796 50.671925 0.0223 0.0 36.0
7.0383425 47.839603 0.0224 0.0 35.0
7.7692738 49.07891 0.0224 0.0 35.0
7.7692738 49.07891 0.0225 0.0 36.0
8.500205 50.31822 0.0225 0.0 36.0
7.0383425 47.839603 0.0226 2.0 35.0
7.5387955 49.18856 0.0226 2.0 35.0
7.5387955 49.18856 0.0227 1.0 36.0
8.039248 50.537518 0.0227 1.0 36.0
8.039248 50.537518 0.0228 0.0 37.0
8.539701 51.886475 0.0228 0.0 37.0
8.539701 51.886475 0.0229 0.0 38.0
9.040154 53.23543 0.0229 0.0 38.0
2.0338123 34.350033 0.0230 20.0 25.0
2.2880387 35.766193 0.0230 20.0 25.0
2.2880387 35.766193 0.0231 19.0 26.0
2.5422652 37.182354 0.0231 19.0 26.0
2.5422652 37.182354 0.0232 18.0 27.0
2.7964916 38.598515 0.0232 18.0 27.0
2.7964916 38.598515 0.0233 17.0 28.0
3.050718 40.014675 0.0233 17.0 28.0
3.050718 40.014675 0.0234 16.0 29.0
3.3049445 41.430836 0.0234 16.0 29.0
3.3049445 41.430836 0.0235 15.0 30.0
3.559171 42.846996 0.0235 15.0 30.0
3.559171 42.846996 0.0236 14.0 31.0
3.8133974 44.263157 0.0236 14.0 31.0
3.8133974 44.263157 0.0237 13.0 32.0
4.067624 45.679317 0.0237 13.0 32.0
4.067624 45.679317 0.0238 12.0 33.0
4.321851 47.095478 0.0238 12.0 33.0
4.321851 47.095478 0.0239 11.0 34.0
4.5760775 48.51164 0.0239 11.0 34.0
4.5760775 48.51164 0.0240 10.0 35.0
4.830304 49.9278 0.0240 10.0 35.0
4.830304 49.9278 0.0241 9.0 36.0
5.084531 51.34396 0.0241 9.0 36.0
5.084531 51.34396 0.0242 4.0 37.0
5.084531 52.782757 0.0242 4.0 37.0
5.084531 52.782757 0.0243 3.0 38.0
5.084531 54.221554 0.0243 3.0 38.0
5.084531 54.221554 0.0244 0.0 39.0
4.830304 55.637714 0.0244 0.0 39.0
4.830304 55.637714 0.0245 0.0 40.0
4.5760775 57.053875 0.0245 0.0 40.0
5.084531 54.221554 0.0246 0.0 39.0
5.3387575 55.637714 0.0246 0.0 39.0
5.3387575 55.637714 0.0247 0.0 40.0
5.592984 57.053875 0.0247 0.0 40.0
5.084531 54.221554 0.0248 2.0 39.0
5.084531 55.66035 0.0248 2.0 39.0
5.084531 55.66035 0.0249 1.0 40.0
5.084531 57.099148 0.0249 1.0 40.0
5.084531 57.099148 0.0250 0.0 41.0
5.084531 58.537945 0.0250 0.0 41.0
5.084531 58.537945 0.0251 0.0 42.0
5.084531 59.97674 0.0251 0.0 42.0
5.084531 51.34396 0.0252 4.0 37.0
5.584984 52.692917 0.0252 4.0 37.0
5.584984 52.692917 0.0253 3.0 38.0
6.085437 54.041874 0.0253 3.0 38.0
6.085437 54.041874 0.0254 0.0 39.0
6.3396635 55.458035 0.0254 0.0 39.0
6.3396635 55.458035 0.0255 0.0 40.0
6.59389 56.874195 0.0255 0.0 40.0
6.085437 54.041874 0.0256 0.0 39.0
6.816368 55.28118 0.0256 0.0 39.0
6.816368 55.28118 0.0257 0.0 40.0
7.5472994 56.52049 0.0257 0.0 40.0
6.085437 54.041874 0.0258 2.0 39.0
6.58589 55.39083 0.0258 2.0 39.0
6.58589 55.39083 0.0259 1.0 40.0
7.086343 56.739788 0.0259 1.0 40.0
7.086343 56.739788 0.0260 0.0 41.0
7.586796 58.088745 0.0260 0.0 41.0
7.586796 58.088745 0.0261 0.0 42.0
8.087249 59.437702 0.0261 0.0 42.0
5.084531 51.34396 0.0262 8.0 37.0
5.3387575 52.76012 0.0262 8.0 37.0
5.3387575 52.76012 0.0263 7.0 38.0
5.592984 54.17628 0.0263 7.0 38.0
5.592984 54.17628 0.0264 6.0 39.0
5.847211 55.59244 0.0264 6.0 39.0
5.847211 55.59244 0.0265 5.0 40.0
6.1014376 57.008602 0.0265 5.0 40.0
6.1014376 57.008602 0.0266 4.0 41.0
6.3556643 58.424763 0.0266 4.0 41.0
6.3556643 58.424763 0.0267 3.0 42.0
6.609891 59.840923 0.0267 3.0 42.0
6.609891 59.840923 0.0268 0.0 43.0
6.609891 61.27972 0.0268 0.0 43.0
6.609891 61.27972 0.0269 0.0 44.0
6.609891 62.718517 0.0269 0.0 44.0
6.609891 59.840923 0.0270 0.0 43.0
7.110344 61.18988 0.0270 0.0 43.0
7.110344 61.18988 0.0271 0.0 44.0
7.610797 62.538837 0.0271 0.0 44.0
6.609891 59.840923 0.0272 2.0 43.0
6.8641176 61.257084 0.0272 2.0 43.0
6.8641176 61.257084 0.0273 1.0 44.0
7.1183443 62.673244 0.0273 1.0 44.0
7.1183443 62.673244 0.0274 0.0 45.0
7.372571 64.0894 0.0274 0.0 45.0
7.372571 64.0894 0.0275 0.0 46.0
7.6267977 65.50556 0.0275 0.0 46.0
0.0 23.020761 0.0276 44.0 17.0
0.0 24.459558 0.0276 44.0 17.0
0.0 24.459558 0.0277 43.0 18.0
0.0 25.898355 0.0277 43.0 18.0
0.0 25.898355 0.0278 42.0 19.0
0.0 27.337152 0.0278 42.0 19.0
0.0 27.337152 0.0279 41.0 20.0
0.0 28.77595 0.0279 41.0 20.0
0.0 28.77595 0.0280 40.0 21.0
0.0 30.214746 0.0280 40.0 21.0
0.0 30.214746 0.0281 39.0 22.0
0.0 31.653543 0.0281 39.0 22.0
0.0 31.653543 0.0282 38.0 23.0
0.0 33.092342 0.0282 38.0 23.0
0.0 33.092342 0.0283 37.0 24.0
0.0 34.53114 0.0283 37.0 24.0
0.0 34.53114 0.0284 36.0 25.0
0.0 35.969936 0.0284 36.0 25.0
0.0 35.969936 0.0285 35.0 26.0
0.0 37.408733 0.0285 35.0 26.0
0.0 37.408733 0.0286 34.0 27.0
0.0 38.84753 0.0286 34.0 27.0
0.0 38.84753 0.0287 33.0 28.0
0.0 40.286327 0.0287 33.0 28.0
0.0 40.286327 0.0288 32.0 29.0
0.0 41.725124 0.0288 32.0 29.0
0.0 41.725124 0.0289 31.0 30.0
0.0 43.16392 0.0289 31.0 30.0
0.0 43.16392 0.0290 30.0 31.0
0.0 44.60272 0.0290 30.0 31.0
0.0 44.60272 0.0291 29.0 32.0
0.0 46.041515 0.0291 29.0 32.0
0.0 46.041515 0.0292 28.0 33.0
0.0 47.480312 0.0292 28.0 33.0
0.0 47.480312 0.0293 27.0 34.0
0.0 48.91911 0.0293 27.0 34.0
0.0 48.91911 0.0294 26.0 35.0
0.0 50.357906 0.0294 26.0 35.0
0.0 50.357906 0.0295 25.0 36.0
0.0 51.796703 0.0295 25.0 36.0
0.0 51.796703 0.0296 24.0 37.0
0.0 53.2355 0.0296 24.0 37.0
0.0 53.2355 0.0297 23.0 38.0
0.0 54.674297 0.0297 23.0 38.0
0.0 54.674297 0.0298 22.0 39.0
0.0 56.113094 0.0298 22.0 39.0
0.0 56.113094 0.0299 21.0 40.0
0.0 57.55189 0.0299 21.0 40.0
0.0 57.55189 0.0300 12.0 41.0
-0.25422654 58.968052 0.0300 12.0 41.0
-0.25422654 58.968052 0.0301 11.0 42.0
-0.5084531 60.384212 0.0301 11.0 42.0
-0.5084531 60.384212 0.0302 10.0 43.0
-0.7626796 61.800373 0.0302 10.0 43.0
-0.7626796 61.800373 0.0303 9.0 44.0
-1.0169061 63.216534 0.0303 9.0 44.0
-1.0169061 63.216534 0.0304 4.0 45.0
-1.5173591 64.56549 0.0304 4.0 45.0
-1.5173591 64.56549 0.0305 3.0 46.0
-2.0178123 65.91445 0.0305 3.0 46.0
-2.0178123 65.91445 0.0306 0.0 47.0
-2.7487433 67.153755 0.0306 0.0 47.0
-2.7487433 67.153755 0.0307 0.0 48.0
-3.4796743 68.39306 0.0307 0.0 48.0
-2.0178123 65.91445 0.0308 0.0 47.0
-2.2720387 67.33061 0.0308 0.0 47.0
-2.2720387 67.33061 0.0309 0.0 48.0
-2.5262651 68.74677 0.0309 0.0 48.0
-2.0178123 65.91445 0.0310 2.0 47.0
-2.5182652 67.26341 0.0310 2.0 47.0
-2.5182652 67.26341 0.0311 1.0 48.0
-3.0187182 68.61237 0.0311 1.0 48.0
-3.0187182 68.61237 0.0312 0.0 49.0
-3.5191712 69.961334 0.0312 0.0 49.0
-3.5191712 69.961334 0.0313 0.0 50.0
-4.019624 71.310295 0.0313 0.0 50.0
-1.0169061 63.216534 0.0314 4.0 45.0
-1.0169061 64.655334 0.0314 4.0 45.0
-1.0169061 64.655334 0.0315 3.0 46.0
-1.0169061 66.09413 0.0315 3.0 46.0
-1.0169061 66.09413 0.0316 0.0 47.0
-1.2711327 67.51029 0.0316 0.0 47.0
-1.2711327 67.51029 0.0317 0.0 48.0
-1.5253593 68.92645 0.0317 0.0 48.0
-1.0169061 66.09413 0.0318 0.0 47.0
-0.7626796 67.51029 0.0318 0.0 47.0
-0.7626796 67.51029 0.0319 0.0 48.0
-0.508453 68.92645 0.0319 0.0 48.0
-1.0169061 66.09413 0.0320 2.0 47.0
-1.0169061 67.53293 0.0320 2.0 47.0
-1.0169061 67.53293 0.0321 1.0 48.0
-1.0169061 68.971725 0.0321 1.0 48.0
-1.0169061 68.971725 0.0322 0.0 49.0
-1.0169061 70.41052 0.0322 0.0 49.0
-1.0169061 70.41052 0.0323 0.0 50.0
-1.0169061 71.84932 0.0323 0.0 50.0
-1.0169061 63.216534 0.0324 8.0 45.0
-1.2711327 64.63269 0.0324 8.0 45.0
-1.2711327 64.63269 0.0325 7.0 46.0
-1.5253593 66.04885 0.0325 7.0 46.0
-1.5253593 66.04885 0.0326 6.0 47.0
-1.7795858 67.46501 0.0326 6.0 47.0
-1.7795858 67.46501 0.0327 5.0 48.0
-2.0338123 68.88117 0.0327 5.0 48.0
-2.0338123 68.88117 0.0328 4.0 49.0
-2.2880387 70.29733 0.0328 4.0 49.0
-2.2880387 70.29733 0.0329 3.0 50.0
-2.5422652 71.71349 0.0329 3.0 50.0
-2.5422652 71.71349 0.0330 0.0 51.0
-3.0427182 73.062454 0.0330 0.0 51.0
-3.0427182 73.062454 0.0331 0.0 52.0
-3.5431712 74.411415 0.0331 0.0 52.0
-2.5422652 71.71349 0.0332 0.0 51.0
-2.5422652 73.15229 0.0332 0.0 51.0
-2.5422652 73.15229 0.0333 0.0 52.0
-2.5422652 74.59109 0.0333 0.0 52.0
-2.5422652 71.71349 0.0334 2.0 51.0
-2.7964916 73.129654 0.0334 2.0 51.0
-2.7964916 73.129654 0.0335 1.0 52.0
-3.050718 74.545815 0.0335 1.0 52.0
-3.050718 74.545815 0.0336 0.0 53.0
-3.3049445 75.961975 0.0336 0.0 53.0
-3.3049445 75.961975 0.0337 0.0 54.0
-3.559171 77.378136 0.0337 0.0 54.0
0.0 57.55189 0.0338 12.0 41.0
0.25422654 58.968052 0.0338 12.0 41.0
0.25422654 58.968052 0.0339 11.0 42.0
0.5084531 60.384212 0.0339 11.0 42.0
0.5084531 60.384212 0.0340 10.0 43.0
0.7626796 61.800373 0.0340 10.0 43.0
0.7626796 61.800373 0.0341 9.0 44.0
1.0169061 63.216534 0.0341 9.0 44.0
1.0169061 63.216534 0.0342 4.0 45.0
1.0169061 64.655334 0.0342 4.0 45.0
1.0169061 64.655334 0.0343 3.0 46.0
1.0169061 66.09413 0.0343 3.0 46.0
1.0169061 66.09413 0.0344 0.0 47.0
0.7626796 67.51029 0.0344 0.0 47.0
0.7626796 67.51029 0.0345 0.0 48.0
0.508453 68.92645 0.0345 0.0 48.0
1.0169061 66.09413 0.0346 0.0 47.0
1.2711327 67.51029 0.0346 0.0 47.0
1.2711327 67.51029 0.0347 0.0 48.0
1.5253593 68.92645 0.0347 0.0 48.0
1.0169061 66.09413 0.0348 2.0 47.0
1.0169061 67.53293 0.0348 2.0 47.0
1.0169061 67.53293 0.0349 1.0 48.0
1.0169061 68.971725 0.0349 1.0 48.0
1.0169061 68.971725 0.0350 0.0 49.0
1.0169061 70.41052 0.0350 0.0 49.0
1.0169061 70.41052 0.0351 0.0 50.0
1.0169061 71.84932 0.0351 0.0 50.0
1.0169061 63.216534 0.0352 4.0 45.0
1.5173591 64.56549 0.0352 4.0 45.0
1.5173591 64.56549 0.0353 3.0 46.0
2.0178123 65.91445 0.0353 3.0 46.0
2.0178123 65.91445 0.0354 0.0 47.0
2.2720387 67.33061 0.0354 0.0 47.0
2.2720387 67.33061 0.0355 0.0 48.0
2.5262651 68.74677 0.0355 0.0 48.0
2.0178123 65.91445 0.0356 0.0 47.0
2.7487433 67.153755 0.0356 0.0 47.0
2.7487433 67.153755 0.0357 0.0 48.0
3.4796743 68.39306 0.0357 0.0 48.0
2.0178123 65.91445 0.0358 2.0 47.0
2.5182652 67.26341 0.0358 2.0 47.0
2.5182652 67.26341 0.0359 1.0 48.0
3.0187182 68.61237 0.0359 1.0 48.0
3.0187182 68.61237 0.0360 0.0 49.0
3.5191712 69.961334 0.0360 0.0 49.0
3.5191712 69.961334 0.0361 0.0 50.0
4.019624 71.310295 0.0361 0.0 50.0
1.0169061 63.216534 0.0362 8.0 45.0
1.2711327 64.63269 0.0362 8.0 45.0
1.2711327 64.63269 0.0363 7.0 46.0
1.5253593 66.04885 0.0363 7.0 46.0
1.5253593 66.04885 0.0364 6.0 47.0
1.7795858 67.46501 0.0364 6.0 47.0
1.7795858 67.46501 0.0365 5.0 48.0
2.0338123 68.88117 0.0365 5.0 48.0
2.0338123 68.88117 0.0366 4.0 49.0
2.2880387 70.29733 0.0366 4.0 49.0
2.2880387 70.29733 0.0367 3.0 50.0
2.5422652 71.71349 0.0367 3.0 50.0
2.5422652 71.71349 0.0368 0.0 51.0
2.5422652 73.15229 0.0368 0.0 51.0
2.5422652 73.15229 0.0369 0.0 52.0
2.5422652 74.59109 0.0369 0.0 52.0
2.5422652 71.71349 0.0370 0.0 51.0
3.0427182 73.062454 0.0370 0.0 51.0
3.0427182 73.062454 0.0371 0.0 52.0
3.5431712 74.411415 0.0371 0.0 52.0
2.5422652 71.71349 0.0372 2.0 51.0
2.7964916 73.129654 0.0372 2.0 51.0
2.7964916 73.129654 0.0373 1.0 52.0
3.050718 74.545815 0.0373 1.0 52.0
3.050718 74.545815 0.0374 0.0 53.0
3.3049445 75.961975 0.0374 0.0 53.0
3.3049445 75.961975 0.0375 0.0 54.0
3.559171 77.378136 0.0375 0.0 54.0
0.0 57.55189 0.0376 20.0 41.0
0.0 58.99069 0.0376 20.0 41.0
0.0 58.99069 0.0377 19.0 42.0
0.0 60.429485 0.0377 19.0 42.0
0.0 60.429485 0.0378 18.0 43.0
0.0 61.868282 0.0378 18.0 43.0
0.0 61.868282 0.0379 17.0 44.0
0.0 63.30708 0.0379 17.0 44.0
0.0 63.30708 0.0380 16.0 45.0
0.0 64.74588 0.0380 16.0 45.0
0.0 64.74588 0.0381 15.0 46.0
0.0 66.18468 0.0381 15.0 46.0
0.0 66.18468 0.0382 14.0 47.0
0.0 67.623474 0.0382 14.0 47.0
0.0 67.623474 0.0383 13.0 48.0
0.0 69.06227 0.0383 13.0 48.0
0.0 69.06227 0.0384 12.0 49.0
0.0 70.50107 0.0384 12.0 49.0
0.0 70.50107 0.0385 11.0 50.0
0.0 71.939865 0.0385 11.0 50.0
0.0 71.939865 0.0386 10.0 51.0
0.0 73.37866 0.0386 10.0 51.0
0.0 73.37866 0.0387 9.0 52.0
0.0 74.81746 0.0387 9.0 52.0
0.0 74.81746 0.0388 4.0 53.0
-0.25422654 76.23362 0.0388 4.0 53.0
-0.25422654 76.23362 0.0389 3.0 54.0
-0.5084531 77.64978 0.0389 3.0 54.0
-0.5084531 77.64978 0.0390 0.0 55.0
-1.0089061 78.99874 0.0390 0.0 55.0
-1.0089061 78.99874 0.0391 0.0 56.0
-1.5093591 80.3477 0.0391 0.0 56.0
-0.5084531 77.64978 0.0392 0.0 55.0
-0.5084531 79.08858 0.0392 0.0 55.0
-0.5084531 79.08858 0.0393 0.0 56.0
-0.5084531 80.527374 0.0393 0.0 56.0
-0.5084531 77.64978 0.0394 2.0 55.0
-0.7626796 79.06594 0.0394 2.0 55.0
-0.7626796 79.06594 0.0395 1.0 56.0
-1.0169061 80.4821 0.0395 1.0 56.0
-1.0169061 80.4821 0.0396 0.0 57.0
-1.2711327 81.89826 0.0396 0.0 57.0
-1.2711327 81.89826 0.0397 0.0 58.0
-1.5253593 83.31442 0.0397 0.0 58.0
0.0 74.81746 0.0398 4.0 53.0
0.25422654 76.23362 0.0398 4.0 53.0
0.25422654 76.23362 0.0399 3.0 54.0
0.5084531 77.64978 0.0399 3.0 54.0
0.5084531 77.64978 0.0400 0.0 55.0
0.5084531 79.08858 0.0400 0.0 55.0
0.5084531 79.08858 0.0401 0.0 56.0
0.5084531 80.527374 0.0401 0.0 56.0
0.5084531 77.64978 0.0402 0.0 55.0
1.0089061 78.99874 0.0402 0.0 55.0
1.0089061 78.99874 0.0403 0.0 56.0
1.5093591 80.3477 0.0403 0.0 56.0
0.5084531 77.64978 0.0404 2.0 55.0
0.7626796 79.06594 0.0404 2.0 55.0
0.7626796 79.06594 0.0405 1.0 56.0
1.0169061 80.4821 0.0405 1.0 56.0
1.0169061 80.4821 0.0406 0.0 57.0
1.2711327 81.89826 0.0406 0.0 57.0
1.2711327 81.89826 0.0407 0.0 58.0
1.5253593 83.31442 0.0407 0.0 58.0
0.0 74.81746 0.0408 8.0 53.0
0.0 76.256256 0.0408 8.0 53.0
0.0 76.256256 0.0409 7.0 54.0
0.0 77.69505 0.0409 7.0 54.0
0.0 77.69505 0.0410 6.0 55.0
0.0 79.13385 0.0410 6.0 55.0
0.0 79.13385 0.0411 5.0 56.0
0.0 80.57265 0.0411 5.0 56.0
0.0 80.57265 0.0412 4.0 57.0
0.0 82.011444 0.0412 4.0 57.0
0.0 82.011444 0.0413 3.0 58.0
0.0 83.45024 0.0413 3.0 58.0
0.0 83.45024 0.0414 0.0 59.0
-0.25422654 84.8664 0.0414 0.0 59.0
-0.25422654 84.8664 0.0415 0.0 60.0
-0.5084531 86.28256 0.0415 0.0 60.0
0.0 83.45024 0.0416 0.0 59.0
0.25422654 84.8664 0.0416 0.0 59.0
0.25422654 84.8664 0.0417 0.0 60.0
0.5084531 86.28256 0.0417 0.0 60.0
0.0 83.45024 0.0418 2.0 59.0
0.0 84.88904 0.0418 2.0 59.0
0.0 84.88904 0.0419 1.0 60.0
0.0 86.327835 0.0419 1.0 60.0
0.0 86.327835 0.0420 0.0 61.0
0.0 87.76663 0.0420 0.0 61.0
0.0 87.76663 0.0421 0.0 62.0
0.0 89.20543 0.0421 0.0 62.0
