0.0 0.0 0.00 27.0 1.0
0.0 1.7828465 0.00 27.0 1.0
0.0 1.7828465 0.01 26.0 2.0
0.0 3.565693 0.01 26.0 2.0
0.0 3.565693 0.02 1.0 3.0
0.0 5.3485394 0.02 1.0 3.0
0.0 5.3485394 0.03 0.0 4.0
-0.8565118 6.912166 0.03 0.0 4.0
-0.8565118 6.912166 0.04 0.0 5.0
-2.3589013 7.872045 0.04 0.0 5.0
0.0 3.565693 0.05 1.0 3.0
-1.7787982 3.6857696 0.05 1.0 3.0
-1.7787982 3.6857696 0.06 0.0 4.0
-3.2811875 4.6456485 0.06 0.0 4.0
-3.2811875 4.6456485 0.07 0.0 5.0
-4.137699 6.2092752 0.07 0.0 5.0
0.0 3.565693 0.08 25.0 3.0
-1.5023894 4.525572 0.08 25.0 3.0
-1.5023894 4.525572 0.09 24.0 4.0
-3.0047789 5.4854507 0.09 24.0 4.0
-3.0047789 5.4854507 0.010 1.0 5.0
-4.5071683 6.4453297 0.010 1.0 5.0
-4.5071683 6.4453297 0.011 0.0 6.0
-6.2859664 6.5654063 0.011 0.0 6.0
-6.2859664 6.5654063 0.012 0.0 7.0
-7.90373 5.816151 0.012 0.0 7.0
-3.0047789 5.4854507 0.013 1.0 5.0
-4.0636654 4.0511217 0.013 1.0 5.0
-4.0636654 4.0511217 0.014 0.0 6.0
-5.681429 3.3018665 0.014 0.0 6.0
-5.681429 3.3018665 0.015 0.0 7.0
-7.460227 3.4219432 0.015 0.0 7.0
-3.0047789 5.4854507 0.016 7.0 5.0
-4.6225424 4.7361956 0.016 7.0 5.0
-4.6225424 4.7361956 0.017 6.0 6.0
-6.240306 3.9869404 0.017 6.0 6.0
-6.240306 3.9869404 0.018 1.0 7.0
-7.8580694 3.2376852 0.018 1.0 7.0
-7.8580694 3.2376852 0.019 0.0 8.0
-8.916956 1.8033559 0.019 0.0 8.0
-8.916956 1.8033559 0.020 0.0 9.0
-9.156564 0.036684036 0.020 0.0 9.0
-6.240306 3.9869404 0.021 1.0 7.0
-5.60171 2.3223875 0.021 1.0 7.0
-5.60171 2.3223875 0.022 0.0 8.0
-5.841317 0.55571556 0.022 0.0 8.0
-5.841317 0.55571556 0.023 0.0 9.0
-6.9002037 -0.8786137 0.023 0.0 9.0
-6.240306 3.9869404 0.024 5.0 7.0
-5.60171 2.3223875 0.024 5.0 7.0
-5.60171 2.3223875 0.025 4.0 8.0
-4.963114 0.65783453 0.025 4.0 8.0
-4.963114 0.65783453 0.026 1.0 9.0
-4.3245177 -1.0067184 0.026 1.0 9.0
-4.3245177 -1.0067184 0.027 0.0 10.0
-2.9647622 -2.1598039 0.027 0.0 10.0
-2.9647622 -2.1598039 0.028 0.0 11.0
-1.2182394 -2.5178537 0.028 0.0 11.0
-4.963114 0.65783453 0.029 1.0 9.0
-3.2593305 1.1828718 0.029 1.0 9.0
-3.2593305 1.1828718 0.030 0.0 10.0
-1.5128077 0.8248218 0.030 0.0 10.0
-1.5128077 0.8248218 0.031 0.0 11.0
-0.15305209 -0.32826352 0.031 0.0 11.0
-4.963114 0.65783453 0.032 3.0 9.0
-3.2593305 1.1828718 0.032 3.0 9.0
-3.2593305 1.1828718 0.033 2.0 10.0
-1.5555472 1.7079091 0.033 2.0 10.0
-1.5555472 1.7079091 0.034 1.0 11.0
0.14823604 2.2329464 0.034 1.0 11.0
0.14823604 2.2329464 0.035 0.0 12.0
1.3902837 3.5119534 0.035 0.0 12.0
1.3902837 3.5119534 0.036 0.0 13.0
1.8651502 5.2303953 0.036 0.0 13.0
-1.5555472 1.7079091 0.037 1.0 11.0
-1.9646415 3.4431853 0.037 1.0 11.0
-1.9646415 3.4431853 0.038 0.0 12.0
-1.489775 5.1616273 0.038 0.0 12.0
-1.489775 5.1616273 0.039 0.0 13.0
-0.24772727 6.4406343 0.039 0.0 13.0
-3.0047789 5.4854507 0.040 7.0 5.0
-2.3661826 3.8208978 0.040 7.0 5.0
-2.3661826 3.8208978 0.041 6.0 6.0
-1.7275863 2.156345 0.041 6.0 6.0
-1.7275863 2.156345 0.042 1.0 7.0
-1.08899 0.49179196 0.042 1.0 7.0
-1.08899 0.49179196 0.043 0.0 8.0
0.27076566 -0.6612934 0.043 0.0 8.0
0.27076566 -0.6612934 0.044 0.0 9.0
2.0172884 -1.0193434 0.044 0.0 9.0
-1.7275863 2.156345 0.045 1.0 7.0
-0.023802996 2.6813822 0.045 1.0 7.0
-0.023802996 2.6813822 0.046 0.0 8.0
1.7227198 2.3233323 0.046 0.0 8.0
1.7227198 2.3233323 0.047 0.0 9.0
3.0824754 1.170247 0.047 0.0 9.0
-1.7275863 2.156345 0.048 5.0 7.0
-0.36783063 1.0032595 0.048 5.0 7.0
-0.36783063 1.0032595 0.049 4.0 8.0
0.991925 -0.14982581 0.049 4.0 8.0
0.991925 -0.14982581 0.050 1.0 9.0
2.3516808 -1.3029112 0.050 1.0 9.0
2.3516808 -1.3029112 0.051 0.0 10.0
4.0982037 -1.6609612 0.051 0.0 10.0
4.0982037 -1.6609612 0.052 0.0 11.0
5.8019867 -1.1359239 0.052 0.0 11.0
0.991925 -0.14982581 0.053 1.0 9.0
2.2339725 1.1291813 0.053 1.0 9.0
2.2339725 1.1291813 0.054 0.0 10.0
3.9377558 1.6542187 0.054 0.0 10.0
3.9377558 1.6542187 0.055 0.0 11.0
5.6842785 1.2961687 0.055 0.0 11.0
0.991925 -0.14982581 0.056 3.0 9.0
2.7384477 -0.5078758 0.056 3.0 9.0
2.7384477 -0.5078758 0.057 2.0 10.0
4.4849706 -0.8659258 0.057 2.0 10.0
4.4849706 -0.8659258 0.058 1.0 11.0
6.2314935 -1.2239758 0.058 1.0 11.0
6.2314935 -1.2239758 0.059 0.0 12.0
7.935277 -0.6989384 0.059 0.0 12.0
7.935277 -0.6989384 0.060 0.0 13.0
9.177324 0.58006865 0.060 0.0 13.0
4.4849706 -0.8659258 0.061 1.0 11.0
4.959837 0.8525163 0.061 1.0 11.0
4.959837 0.8525163 0.062 0.0 12.0
6.2018847 2.1315234 0.062 0.0 12.0
6.2018847 2.1315234 0.063 0.0 13.0
7.9056683 2.6565607 0.063 0.0 13.0
-3.0047789 5.4854507 0.064 23.0 5.0
-3.2443864 3.7187788 0.064 23.0 5.0
-3.2443864 3.7187788 0.065 22.0 6.0
-3.483994 1.952107 0.065 22.0 6.0
-3.483994 1.952107 0.066 1.0 7.0
-3.7236016 0.18543506 0.066 1.0 7.0
-3.7236016 0.18543506 0.067 0.0 8.0
-3.0850053 -1.4791179 0.067 0.0 8.0
-3.0850053 -1.4791179 0.068 0.0 9.0
-1.7252496 -2.632203 0.068 0.0 9.0
-3.483994 1.952107 0.069 1.0 7.0
-1.7374712 1.594057 0.069 1.0 7.0
-1.7374712 1.594057 0.070 0.0 8.0
-0.3777156 0.4409716 0.070 0.0 8.0
-0.3777156 0.4409716 0.071 0.0 9.0
0.26088065 -1.2235813 0.071 0.0 9.0
-3.483994 1.952107 0.072 21.0 7.0
-2.1242385 0.7990216 0.072 21.0 7.0
-2.1242385 0.7990216 0.073 20.0 8.0
-0.76448286 -0.35406375 0.073 20.0 8.0
-0.76448286 -0.35406375 0.074 1.0 9.0
0.5952728 -1.5071491 0.074 1.0 9.0
0.5952728 -1.5071491 0.075 0.0 10.0
2.3417954 -1.8651991 0.075 0.0 10.0
2.3417954 -1.8651991 0.076 0.0 11.0
4.045579 -1.3401618 0.076 0.0 11.0
-0.76448286 -0.35406375 0.077 1.0 9.0
0.4775648 0.9249433 0.077 1.0 9.0
0.4775648 0.9249433 0.078 0.0 10.0
2.181348 1.4499807 0.078 0.0 10.0
2.181348 1.4499807 0.079 0.0 11.0
3.9278708 1.0919307 0.079 0.0 11.0
-0.76448286 -0.35406375 0.080 7.0 9.0
0.9393004 0.1709736 0.080 7.0 9.0
0.9393004 0.1709736 0.081 6.0 10.0
2.6430836 0.69601095 0.081 6.0 10.0
2.6430836 0.69601095 0.082 1.0 11.0
4.3468666 1.2210484 0.082 1.0 11.0
4.3468666 1.2210484 0.083 0.0 12.0
5.5889144 2.5000553 0.083 0.0 12.0
5.5889144 2.5000553 0.084 0.0 13.0
6.063781 4.2184973 0.084 0.0 13.0
2.6430836 0.69601095 0.085 1.0 11.0
2.2339892 2.4312873 0.085 1.0 11.0
2.2339892 2.4312873 0.086 0.0 12.0
2.7088556 4.1497293 0.086 0.0 12.0
2.7088556 4.1497293 0.087 0.0 13.0
3.9509034 5.428736 0.087 0.0 13.0
2.6430836 0.69601095 0.088 5.0 11.0
2.2339892 2.4312873 0.088 5.0 11.0
2.2339892 2.4312873 0.089 4.0 12.0
1.824895 4.1665635 0.089 4.0 12.0
1.824895 4.1665635 0.090 1.0 13.0
1.4158008 5.9018397 0.090 1.0 13.0
1.4158008 5.9018397 0.091 0.0 14.0
0.22335064 7.227209 0.091 0.0 14.0
0.22335064 7.227209 0.092 0.0 15.0
-1.4592069 7.8167357 0.092 0.0 15.0
1.824895 4.1665635 0.093 1.0 13.0
0.066006064 3.875271 0.093 1.0 13.0
0.066006064 3.875271 0.094 0.0 14.0
-1.6165512 4.4647985 0.094 0.0 14.0
-1.6165512 4.4647985 0.095 0.0 15.0
-2.8090007 5.790169 0.095 0.0 15.0
1.824895 4.1665635 0.096 3.0 13.0
0.066006064 3.875271 0.096 3.0 13.0
0.066006064 3.875271 0.097 2.0 14.0
-1.6928829 3.5839787 0.097 2.0 14.0
-1.6928829 3.5839787 0.098 1.0 15.0
-3.4517717 3.2926862 0.098 1.0 15.0
-3.4517717 3.2926862 0.099 0.0 16.0
-4.854445 2.1922097 0.099 0.0 16.0
-4.854445 2.1922097 0.0100 0.0 17.0
-5.555957 0.55317867 0.0100 0.0 17.0
-1.6928829 3.5839787 0.0101 1.0 15.0
-1.5207168 1.8094645 0.0101 1.0 15.0
-1.5207168 1.8094645 0.0102 0.0 16.0
-2.2222285 0.1704334 0.0102 0.0 16.0
-2.2222285 0.1704334 0.0103 0.0 17.0
-3.6249018 -0.9300432 0.0103 0.0 17.0
-0.76448286 -0.35406375 0.0104 7.0 9.0
-1.1735771 1.3812125 0.0104 7.0 9.0
-1.1735771 1.3812125 0.0105 6.0 10.0
-1.5826713 3.1164887 0.0105 6.0 10.0
-1.5826713 3.1164887 0.0106 1.0 11.0
-1.9917655 4.8517647 0.0106 1.0 11.0
-1.9917655 4.8517647 0.0107 0.0 12.0
-3.1842155 6.177134 0.0107 0.0 12.0
-3.1842155 6.177134 0.0108 0.0 13.0
-4.866773 6.7666607 0.0108 0.0 13.0
-1.5826713 3.1164887 0.0109 1.0 11.0
-3.3415604 2.8251963 0.0109 1.0 11.0
-3.3415604 2.8251963 0.0110 0.0 12.0
-5.0241175 3.4147236 0.0110 0.0 12.0
-5.0241175 3.4147236 0.0111 0.0 13.0
-6.216567 4.7400937 0.0111 0.0 13.0
-1.5826713 3.1164887 0.0112 5.0 11.0
-2.7751215 4.4418583 0.0112 5.0 11.0
-2.7751215 4.4418583 0.0113 4.0 12.0
-3.9675717 5.7672276 0.0113 4.0 12.0
-3.9675717 5.7672276 0.0114 1.0 13.0
-5.160022 7.092597 0.0114 1.0 13.0
-5.160022 7.092597 0.0115 0.0 14.0
-6.8425794 7.6821237 0.0115 0.0 14.0
-6.8425794 7.6821237 0.0116 0.0 15.0
-8.601468 7.390831 0.0116 0.0 15.0
-3.9675717 5.7672276 0.0117 1.0 13.0
-5.370245 4.666751 0.0117 1.0 13.0
-5.370245 4.666751 0.0118 0.0 14.0
-7.129134 4.3754587 0.0118 0.0 14.0
-7.129134 4.3754587 0.0119 0.0 15.0
-8.811691 4.964986 0.0119 0.0 15.0
-3.9675717 5.7672276 0.0120 3.0 13.0
-5.650129 6.3567553 0.0120 3.0 13.0
-5.650129 6.3567553 0.0121 2.0 14.0
-7.332686 6.9462824 0.0121 2.0 14.0
-7.332686 6.9462824 0.0122 1.0 15.0
-9.015244 7.5358095 0.0122 1.0 15.0
-9.015244 7.5358095 0.0123 0.0 16.0
-10.774133 7.2445173 0.0123 0.0 16.0
-10.774133 7.2445173 0.0124 0.0 17.0
-12.176806 6.1440406 0.0124 0.0 17.0
-7.332686 6.9462824 0.0125 1.0 15.0
-8.034198 5.3072515 0.0125 1.0 15.0
-8.034198 5.3072515 0.0126 0.0 16.0
-9.436872 4.2067747 0.0126 0.0 16.0
-9.436872 4.2067747 0.0127 0.0 17.0
-11.195761 3.9154823 0.0127 0.0 17.0
-0.76448286 -0.35406375 0.0128 19.0 9.0
-0.28961635 1.3643783 0.0128 19.0 9.0
-0.28961635 1.3643783 0.0129 18.0 10.0
0.18525016 3.0828204 0.0129 18.0 10.0
0.18525016 3.0828204 0.0130 1.0 11.0
0.6601167 4.8012624 0.0130 1.0 11.0
0.6601167 4.8012624 0.0131 0.0 12.0
0.25102243 6.5365386 0.0131 0.0 12.0
0.25102243 6.5365386 0.0132 0.0 13.0
-0.9414277 7.861908 0.0132 0.0 13.0
0.18525016 3.0828204 0.0133 1.0 11.0
-1.4973074 3.672347 0.0133 1.0 11.0
-1.4973074 3.672347 0.0134 0.0 12.0
-2.6897576 4.9977164 0.0134 0.0 12.0
-2.6897576 4.9977164 0.0135 0.0 13.0
-3.098852 6.7329926 0.0135 0.0 13.0
0.18525016 3.0828204 0.0136 17.0 11.0
-1.0072 4.40819 0.0136 17.0 11.0
-1.0072 4.40819 0.0137 16.0 12.0
-2.1996503 5.733559 0.0137 16.0 12.0
-2.1996503 5.733559 0.0138 1.0 13.0
-3.3921003 7.0589285 0.0138 1.0 13.0
-3.3921003 7.0589285 0.0139 0.0 14.0
-5.074658 7.648455 0.0139 0.0 14.0
-5.074658 7.648455 0.0140 0.0 15.0
-6.8335466 7.3571625 0.0140 0.0 15.0
-2.1996503 5.733559 0.0141 1.0 13.0
-3.6023235 4.6330824 0.0141 1.0 13.0
-3.6023235 4.6330824 0.0142 0.0 14.0
-5.3612127 4.34179 0.0142 0.0 14.0
-5.3612127 4.34179 0.0143 0.0 15.0
-7.04377 4.9313173 0.0143 0.0 15.0
-2.1996503 5.733559 0.0144 7.0 13.0
-3.9585392 5.4422665 0.0144 7.0 13.0
-3.9585392 5.4422665 0.0145 6.0 14.0
-5.717428 5.1509743 0.0145 6.0 14.0
-5.717428 5.1509743 0.0146 1.0 15.0
-7.4763174 4.859682 0.0146 1.0 15.0
-7.4763174 4.859682 0.0147 0.0 16.0
-8.878991 3.7592053 0.0147 0.0 16.0
-8.878991 3.7592053 0.0148 0.0 17.0
-9.5805025 2.1201744 0.0148 0.0 17.0
-5.717428 5.1509743 0.0149 1.0 15.0
-5.5452623 3.37646 0.0149 1.0 15.0
-5.5452623 3.37646 0.0150 0.0 16.0
-6.246774 1.737429 0.0150 0.0 16.0
-6.246774 1.737429 0.0151 0.0 17.0
-7.6494474 0.6369524 0.0151 0.0 17.0
-5.717428 5.1509743 0.0152 5.0 15.0
-5.5452623 3.37646 0.0152 5.0 15.0
-5.5452623 3.37646 0.0153 4.0 16.0
-5.3730965 1.6019459 0.0153 4.0 16.0
-5.3730965 1.6019459 0.0154 1.0 17.0
-5.2009306 -0.17256832 0.0154 1.0 17.0
-5.2009306 -0.17256832 0.0155 0.0 18.0
-4.197426 -1.646176 0.0155 0.0 18.0
-4.197426 -1.646176 0.0156 0.0 19.0
-2.609365 -2.456487 0.0156 0.0 19.0
-5.3730965 1.6019459 0.0157 1.0 17.0
-3.591016 1.6542037 0.0157 1.0 17.0
-3.591016 1.6542037 0.0158 0.0 18.0
-2.0029552 0.84389263 0.0158 0.0 18.0
-2.0029552 0.84389263 0.0159 0.0 19.0
-0.99945056 -0.629715 0.0159 0.0 19.0
-5.3730965 1.6019459 0.0160 3.0 17.0
-3.591016 1.6542037 0.0160 3.0 17.0
-3.591016 1.6542037 0.0161 2.0 18.0
-1.8089356 1.7064614 0.0161 2.0 18.0
-1.8089356 1.7064614 0.0162 1.0 19.0
-0.02685523 1.7587192 0.0162 1.0 19.0
-0.02685523 1.7587192 0.0163 0.0 20.0
1.5109944 2.6606946 0.0163 0.0 20.0
1.5109944 2.6606946 0.0164 0.0 21.0
2.4264247 4.190573 0.0164 0.0 21.0
-1.8089356 1.7064614 0.0165 1.0 19.0
-1.7410479 3.4880147 0.0165 1.0 19.0
-1.7410479 3.4880147 0.0166 0.0 20.0
-0.82561755 5.0178933 0.0166 0.0 20.0
-0.82561755 5.0178933 0.0167 0.0 21.0
0.7122321 5.919869 0.0167 0.0 21.0
-2.1996503 5.733559 0.0168 7.0 13.0
-2.0274842 3.959045 0.0168 7.0 13.0
-2.0274842 3.959045 0.0169 6.0 14.0
-1.8553181 2.1845307 0.0169 6.0 14.0
-1.8553181 2.1845307 0.0170 1.0 15.0
-1.683152 0.41001654 0.0170 1.0 15.0
-1.683152 0.41001654 0.0171 0.0 16.0
-0.6796473 -1.0635911 0.0171 0.0 16.0
-0.6796473 -1.0635911 0.0172 0.0 17.0
0.9084135 -1.8739021 0.0172 0.0 17.0
-1.8553181 2.1845307 0.0173 1.0 15.0
-0.07323766 2.2367885 0.0173 1.0 15.0
-0.07323766 2.2367885 0.0174 0.0 16.0
1.5148232 1.4264774 0.0174 0.0 16.0
1.5148232 1.4264774 0.0175 0.0 17.0
2.5183277 -0.047130227 0.0175 0.0 17.0
-1.8553181 2.1845307 0.0176 5.0 15.0
-0.85181344 0.7109231 0.0176 5.0 15.0
-0.85181344 0.7109231 0.0177 4.0 16.0
0.1516912 -0.7626846 0.0177 4.0 16.0
0.1516912 -0.7626846 0.0178 1.0 17.0
1.1551958 -2.2362924 0.0178 1.0 17.0
1.1551958 -2.2362924 0.0179 0.0 18.0
2.7432566 -3.0466034 0.0179 0.0 18.0
2.7432566 -3.0466034 0.0180 0.0 19.0
4.525337 -2.9943457 0.0180 0.0 19.0
0.1516912 -0.7626846 0.0181 1.0 17.0
1.6895409 0.13929087 0.0181 1.0 17.0
1.6895409 0.13929087 0.0182 0.0 18.0
3.4716213 0.1915487 0.0182 0.0 18.0
3.4716213 0.1915487 0.0183 0.0 19.0
5.059682 -0.6187623 0.0183 0.0 19.0
0.1516912 -0.7626846 0.0184 3.0 17.0
1.739752 -1.5729957 0.0184 3.0 17.0
1.739752 -1.5729957 0.0185 2.0 18.0
3.327813 -2.3833067 0.0185 2.0 18.0
3.327813 -2.3833067 0.0186 1.0 19.0
4.9158735 -3.1936178 0.0186 1.0 19.0
4.9158735 -3.1936178 0.0187 0.0 20.0
6.697954 -3.14136 0.0187 0.0 20.0
6.697954 -3.14136 0.0188 0.0 21.0
8.235804 -2.2393847 0.0188 0.0 21.0
3.327813 -2.3833067 0.0189 1.0 19.0
4.243243 -0.853428 0.0189 1.0 19.0
4.243243 -0.853428 0.0190 0.0 20.0
5.7810926 0.048547447 0.0190 0.0 20.0
5.7810926 0.048547447 0.0191 0.0 21.0
7.5631733 0.10080528 0.0191 0.0 21.0
-2.1996503 5.733559 0.0192 15.0 13.0
-2.0274842 3.959045 0.0192 15.0 13.0
-2.0274842 3.959045 0.0193 14.0 14.0
-1.8553181 2.1845307 0.0193 14.0 14.0
-1.8553181 2.1845307 0.0194 1.0 15.0
-1.683152 0.41001654 0.0194 1.0 15.0
-1.683152 0.41001654 0.0195 0.0 16.0
-0.6796473 -1.0635911 0.0195 0.0 16.0
-0.6796473 -1.0635911 0.0196 0.0 17.0
0.9084135 -1.8739021 0.0196 0.0 17.0
-1.8553181 2.1845307 0.0197 1.0 15.0
-0.07323766 2.2367885 0.0197 1.0 15.0
-0.07323766 2.2367885 0.0198 0.0 16.0
1.5148232 1.4264774 0.0198 0.0 16.0
1.5148232 1.4264774 0.0199 0.0 17.0
2.5183277 -0.047130227 0.0199 0.0 17.0
-1.8553181 2.1845307 0.0200 13.0 15.0
-0.2672572 1.3742197 0.0200 13.0 15.0
-0.2672572 1.3742197 0.0201 12.0 16.0
1.3208036 0.56390864 0.0201 12.0 16.0
1.3208036 0.56390864 0.0202 1.0 17.0
2.9088645 -0.24640238 0.0202 1.0 17.0
2.9088645 -0.24640238 0.0203 0.0 18.0
4.6909447 -0.19414455 0.0203 0.0 18.0
4.6909447 -0.19414455 0.0204 0.0 19.0
6.228794 0.7078309 0.0204 0.0 19.0
1.3208036 0.56390864 0.0205 1.0 17.0
2.236234 2.0937874 0.0205 1.0 17.0
2.236234 2.0937874 0.0206 0.0 18.0
3.7740836 2.9957628 0.0206 0.0 18.0
3.7740836 2.9957628 0.0207 0.0 19.0
5.556164 3.0480206 0.0207 0.0 19.0
1.3208036 0.56390864 0.0208 7.0 17.0
2.8586533 1.4658841 0.0208 7.0 17.0
2.8586533 1.4658841 0.0209 6.0 18.0
4.396503 2.3678596 0.0209 6.0 18.0
4.396503 2.3678596 0.0210 1.0 19.0
5.934353 3.269835 0.0210 1.0 19.0
5.934353 3.269835 0.0211 0.0 20.0
6.849783 4.7997136 0.0211 0.0 20.0
6.849783 4.7997136 0.0212 0.0 21.0
6.9176707 6.581267 0.0212 0.0 21.0
4.396503 2.3678596 0.0213 1.0 19.0
3.6001532 3.9629674 0.0213 1.0 19.0
3.6001532 3.9629674 0.0214 0.0 20.0
3.668041 5.7445207 0.0214 0.0 20.0
3.668041 5.7445207 0.0215 0.0 21.0
4.5834713 7.2743993 0.0215 0.0 21.0
4.396503 2.3678596 0.0216 5.0 19.0
3.6001532 3.9629674 0.0216 5.0 19.0
3.6001532 3.9629674 0.0217 4.0 20.0
2.8038034 5.558075 0.0217 4.0 20.0
2.8038034 5.558075 0.0218 1.0 21.0
2.0074537 7.1531825 0.0218 1.0 21.0
2.0074537 7.1531825 0.0219 0.0 22.0
0.5427052 8.169575 0.0219 0.0 22.0
0.5427052 8.169575 0.0220 0.0 23.0
-1.2302305 8.3573 0.0220 0.0 23.0
2.8038034 5.558075 0.0221 1.0 21.0
1.158682 4.8709674 0.0221 1.0 21.0
1.158682 4.8709674 0.0222 0.0 22.0
-0.61425364 5.0586925 0.0222 0.0 22.0
-0.61425364 5.0586925 0.0223 0.0 23.0
-2.0790021 6.0750847 0.0223 0.0 23.0
2.8038034 5.558075 0.0224 3.0 21.0
1.158682 4.8709674 0.0224 3.0 21.0
1.158682 4.8709674 0.0225 2.0 22.0
-0.48643947 4.18386 0.0225 2.0 22.0
-0.48643947 4.18386 0.0226 1.0 23.0
-2.1315608 3.4967523 0.0226 1.0 23.0
-2.1315608 3.4967523 0.0227 0.0 24.0
-3.244299 2.103786 0.0227 0.0 24.0
-3.244299 2.103786 0.0228 0.0 25.0
-3.5510087 0.34751987 0.0228 0.0 25.0
-0.48643947 4.18386 0.0229 1.0 23.0
0.08830708 2.4961963 0.0229 1.0 23.0
0.08830708 2.4961963 0.0230 0.0 24.0
-0.21840096 0.7399299 0.0230 0.0 24.0
-0.21840096 0.7399299 0.0231 0.0 25.0
-1.3311378 -0.6530374 0.0231 0.0 25.0
1.3208036 0.56390864 0.0232 7.0 17.0
0.5244538 2.1590164 0.0232 7.0 17.0
0.5244538 2.1590164 0.0233 6.0 18.0
-0.271896 3.7541242 0.0233 6.0 18.0
-0.271896 3.7541242 0.0234 1.0 19.0
-1.0682459 5.3492317 0.0234 1.0 19.0
-1.0682459 5.3492317 0.0235 0.0 20.0
-2.5329943 6.365624 0.0235 0.0 20.0
-2.5329943 6.365624 0.0236 0.0 21.0
-4.30593 6.553349 0.0236 0.0 21.0
-0.271896 3.7541242 0.0237 1.0 19.0
-1.9170175 3.0670166 0.0237 1.0 19.0
-1.9170175 3.0670166 0.0238 0.0 20.0
-3.689953 3.2547417 0.0238 0.0 20.0
-3.689953 3.2547417 0.0239 0.0 21.0
-5.1547017 4.271134 0.0239 0.0 21.0
-0.271896 3.7541242 0.0240 5.0 19.0
-1.7366445 4.7705164 0.0240 5.0 19.0
-1.7366445 4.7705164 0.0241 4.0 20.0
-3.2013931 5.7869086 0.0241 4.0 20.0
-3.2013931 5.7869086 0.0242 1.0 21.0
-4.6661415 6.803301 0.0242 1.0 21.0
-4.6661415 6.803301 0.0243 0.0 22.0
-6.4390774 6.991026 0.0243 0.0 22.0
-6.4390774 6.991026 0.0244 0.0 23.0
-8.084199 6.3039184 0.0244 0.0 23.0
-3.2013931 5.7869086 0.0245 1.0 21.0
-4.3141313 4.3939424 0.0245 1.0 21.0
-4.3141313 4.3939424 0.0246 0.0 22.0
-5.959253 3.7068348 0.0246 0.0 22.0
-5.959253 3.7068348 0.0247 0.0 23.0
-7.732188 3.8945599 0.0247 0.0 23.0
-3.2013931 5.7869086 0.0248 3.0 21.0
-4.974329 5.9746337 0.0248 3.0 21.0
-4.974329 5.9746337 0.0249 2.0 22.0
-6.747265 6.1623588 0.0249 2.0 22.0
-6.747265 6.1623588 0.0250 1.0 23.0
-8.520201 6.350084 0.0250 1.0 23.0
-8.520201 6.350084 0.0251 0.0 24.0
-10.165322 5.6629763 0.0251 0.0 24.0
-10.165322 5.6629763 0.0252 0.0 25.0
-11.278061 4.27001 0.0252 0.0 25.0
-6.747265 6.1623588 0.0253 1.0 23.0
-7.0539746 4.4060926 0.0253 1.0 23.0
-7.0539746 4.4060926 0.0254 0.0 24.0
-8.166713 3.0131264 0.0254 0.0 24.0
-8.166713 3.0131264 0.0255 0.0 25.0
-9.811834 2.3260188 0.0255 0.0 25.0
1.3208036 0.56390864 0.0256 11.0 17.0
0.5244538 2.1590164 0.0256 11.0 17.0
0.5244538 2.1590164 0.0257 10.0 18.0
-0.271896 3.7541242 0.0257 10.0 18.0
-0.271896 3.7541242 0.0258 1.0 19.0
-1.0682459 5.3492317 0.0258 1.0 19.0
-1.0682459 5.3492317 0.0259 0.0 20.0
-2.5329943 6.365624 0.0259 0.0 20.0
-2.5329943 6.365624 0.0260 0.0 21.0
-4.30593 6.553349 0.0260 0.0 21.0
-0.271896 3.7541242 0.0261 1.0 19.0
-1.9170175 3.0670166 0.0261 1.0 19.0
-1.9170175 3.0670166 0.0262 0.0 20.0
-3.689953 3.2547417 0.0262 0.0 20.0
-3.689953 3.2547417 0.0263 0.0 21.0
-5.1547017 4.271134 0.0263 0.0 21.0
-0.271896 3.7541242 0.0264 9.0 19.0
-2.0448318 3.9418492 0.0264 9.0 19.0
-2.0448318 3.9418492 0.0265 8.0 20.0
-3.8177674 4.1295743 0.0265 8.0 20.0
-3.8177674 4.1295743 0.0266 1.0 21.0
-5.590703 4.3172994 0.0266 1.0 21.0
-5.590703 4.3172994 0.0267 0.0 22.0
-7.2358246 3.6301918 0.0267 0.0 22.0
-7.2358246 3.6301918 0.0268 0.0 23.0
-8.348562 2.2372255 0.0268 0.0 23.0
-3.8177674 4.1295743 0.0269 1.0 21.0
-4.124477 2.3733082 0.0269 1.0 21.0
-4.124477 2.3733082 0.0270 0.0 22.0
-5.237215 0.9803419 0.0270 0.0 22.0
-5.237215 0.9803419 0.0271 0.0 23.0
-6.8823366 0.29323435 0.0271 0.0 23.0
-3.8177674 4.1295743 0.0272 7.0 21.0
-4.9305058 2.736608 0.0272 7.0 21.0
-4.9305058 2.736608 0.0273 6.0 22.0
-6.043244 1.3436418 0.0273 6.0 22.0
-6.043244 1.3436418 0.0274 1.0 23.0
-7.155982 -0.049324512 0.0274 1.0 23.0
-7.155982 -0.049324512 0.0275 0.0 24.0
-7.462692 -1.8055906 0.0275 0.0 24.0
-7.462692 -1.8055906 0.0276 0.0 25.0
-6.887945 -3.4932542 0.0276 0.0 25.0
-6.043244 1.3436418 0.0277 1.0 23.0
-4.728385 0.13961232 0.0277 1.0 23.0
-4.728385 0.13961232 0.0278 0.0 24.0
-4.1536384 -1.5480511 0.0278 0.0 24.0
-4.1536384 -1.5480511 0.0279 0.0 25.0
-4.460346 -3.3043175 0.0279 0.0 25.0
-6.043244 1.3436418 0.0280 5.0 23.0
-4.728385 0.13961232 0.0280 5.0 23.0
-4.728385 0.13961232 0.0281 4.0 24.0
-3.4135258 -1.0644171 0.0281 4.0 24.0
-3.4135258 -1.0644171 0.0282 1.0 25.0
-2.0986667 -2.2684464 0.0282 1.0 25.0
-2.0986667 -2.2684464 0.0283 0.0 26.0
-0.36704576 -2.6927464 0.0283 0.0 26.0
-0.36704576 -2.6927464 0.0284 0.0 27.0
1.3554958 -2.2329726 0.0284 0.0 27.0
-3.4135258 -1.0644171 0.0285 1.0 25.0
-2.123672 0.1663624 0.0285 1.0 25.0
-2.123672 0.1663624 0.0286 0.0 26.0
-0.40113044 0.6261361 0.0286 0.0 26.0
-0.40113044 0.6261361 0.0287 0.0 27.0
1.3304905 0.20183626 0.0287 0.0 27.0
-3.4135258 -1.0644171 0.0288 3.0 25.0
-2.123672 0.1663624 0.0288 3.0 25.0
-2.123672 0.1663624 0.0289 2.0 26.0
-0.8338181 1.3971419 0.0289 2.0 26.0
-0.8338181 1.3971419 0.0290 1.0 27.0
0.45603585 2.6279216 0.0290 1.0 27.0
0.45603585 2.6279216 0.0291 0.0 28.0
0.9960006 4.327033 0.0291 0.0 28.0
0.9960006 4.327033 0.0292 0.0 29.0
0.65328777 6.07663 0.0292 0.0 29.0
-0.8338181 1.3971419 0.0293 1.0 27.0
-1.9749284 2.7669625 0.0293 1.0 27.0
-1.9749284 2.7669625 0.0294 0.0 28.0
-2.3176413 4.5165596 0.0294 0.0 28.0
-2.3176413 4.5165596 0.0295 0.0 29.0
-1.7776766 6.215671 0.0295 0.0 29.0
-3.8177674 4.1295743 0.0296 7.0 21.0
-2.5029082 2.9255447 0.0296 7.0 21.0
-2.5029082 2.9255447 0.0297 6.0 22.0
-1.1880491 1.7215153 0.0297 6.0 22.0
-1.1880491 1.7215153 0.0298 1.0 23.0
0.12681007 0.51748586 0.0298 1.0 23.0
0.12681007 0.51748586 0.0299 0.0 24.0
1.858431 0.09318599 0.0299 0.0 24.0
1.858431 0.09318599 0.0300 0.0 25.0
3.5809727 0.5529597 0.0300 0.0 25.0
-1.1880491 1.7215153 0.0301 1.0 23.0
0.10180485 2.9522948 0.0301 1.0 23.0
0.10180485 2.9522948 0.0302 0.0 24.0
1.8243464 3.4120686 0.0302 0.0 24.0
1.8243464 3.4120686 0.0303 0.0 25.0
3.5559673 2.9877687 0.0303 0.0 25.0
-1.1880491 1.7215153 0.0304 5.0 23.0
0.5435718 1.2972155 0.0304 5.0 23.0
0.5435718 1.2972155 0.0305 4.0 24.0
2.2751927 0.8729156 0.0305 4.0 24.0
2.2751927 0.8729156 0.0306 1.0 25.0
4.0068135 0.44861576 0.0306 1.0 25.0
4.0068135 0.44861576 0.0307 0.0 26.0
5.729355 0.90838945 0.0307 0.0 26.0
5.729355 0.90838945 0.0308 0.0 27.0
7.019209 2.139169 0.0308 0.0 27.0
2.2751927 0.8729156 0.0309 1.0 25.0
2.8151574 2.5720272 0.0309 1.0 25.0
2.8151574 2.5720272 0.0310 0.0 26.0
4.1050115 3.8028069 0.0310 0.0 26.0
4.1050115 3.8028069 0.0311 0.0 27.0
5.827553 4.2625804 0.0311 0.0 27.0
2.2751927 0.8729156 0.0312 3.0 25.0
3.9977343 1.3326893 0.0312 3.0 25.0
3.9977343 1.3326893 0.0313 2.0 26.0
5.720276 1.7924631 0.0313 2.0 26.0
5.720276 1.7924631 0.0314 1.0 27.0
7.4428177 2.2522368 0.0314 1.0 27.0
7.4428177 2.2522368 0.0315 0.0 28.0
8.732672 3.4830165 0.0315 0.0 28.0
8.732672 3.4830165 0.0316 0.0 29.0
9.272636 5.182128 0.0316 0.0 29.0
5.720276 1.7924631 0.0317 1.0 27.0
5.377563 3.54206 0.0317 1.0 27.0
5.377563 3.54206 0.0318 0.0 28.0
5.9175277 5.2411714 0.0318 0.0 28.0
5.9175277 5.2411714 0.0319 0.0 29.0
7.2073817 6.471951 0.0319 0.0 29.0
-0.76448286 -0.35406375 0.0320 19.0 9.0
-2.4470406 0.23546278 0.0320 19.0 9.0
-2.4470406 0.23546278 0.0321 18.0 10.0
-4.129598 0.8249893 0.0321 18.0 10.0
-4.129598 0.8249893 0.0322 1.0 11.0
-5.8121552 1.4145167 0.0322 1.0 11.0
-5.8121552 1.4145167 0.0323 0.0 12.0
-7.571044 1.1232243 0.0323 0.0 12.0
-7.571044 1.1232243 0.0324 0.0 13.0
-8.973718 0.022747636 0.0324 0.0 13.0
-4.129598 0.8249893 0.0325 1.0 11.0
-4.83111 -0.81404173 0.0325 1.0 11.0
-4.83111 -0.81404173 0.0326 0.0 12.0
-6.2337832 -1.9145184 0.0326 0.0 12.0
-6.2337832 -1.9145184 0.0327 0.0 13.0
-7.992672 -2.2058108 0.0327 0.0 13.0
-4.129598 0.8249893 0.0328 17.0 11.0
-5.5322714 -0.2754873 0.0328 17.0 11.0
-5.5322714 -0.2754873 0.0329 16.0 12.0
-6.9349446 -1.3759639 0.0329 16.0 12.0
-6.9349446 -1.3759639 0.0330 1.0 13.0
-8.337618 -2.4764404 0.0330 1.0 13.0
-8.337618 -2.4764404 0.0331 0.0 14.0
-9.039129 -4.1154714 0.0331 0.0 14.0
-9.039129 -4.1154714 0.0332 0.0 15.0
-8.866963 -5.8899856 0.0332 0.0 15.0
-6.9349446 -1.3759639 0.0333 1.0 13.0
-5.93144 -2.8495717 0.0333 1.0 13.0
-5.93144 -2.8495717 0.0334 0.0 14.0
-5.759274 -4.624086 0.0334 0.0 14.0
-5.759274 -4.624086 0.0335 0.0 15.0
-6.460786 -6.263117 0.0335 0.0 15.0
-6.9349446 -1.3759639 0.0336 7.0 13.0
-6.7627788 -3.1504781 0.0336 7.0 13.0
-6.7627788 -3.1504781 0.0337 6.0 14.0
-6.590613 -4.9249926 0.0337 6.0 14.0
-6.590613 -4.9249926 0.0338 1.0 15.0
-6.418447 -6.6995068 0.0338 1.0 15.0
-6.418447 -6.6995068 0.0339 0.0 16.0
-5.4149423 -8.173115 0.0339 0.0 16.0
-5.4149423 -8.173115 0.0340 0.0 17.0
-3.8268814 -8.983426 0.0340 0.0 17.0
-6.590613 -4.9249926 0.0341 1.0 15.0
-4.8085327 -4.8727345 0.0341 1.0 15.0
-4.8085327 -4.8727345 0.0342 0.0 16.0
-3.2204719 -5.6830454 0.0342 0.0 16.0
-3.2204719 -5.6830454 0.0343 0.0 17.0
-2.216967 -7.156653 0.0343 0.0 17.0
-6.590613 -4.9249926 0.0344 5.0 15.0
-4.8085327 -4.8727345 0.0344 5.0 15.0
-4.8085327 -4.8727345 0.0345 4.0 16.0
-3.0264523 -4.8204765 0.0345 4.0 16.0
-3.0264523 -4.8204765 0.0346 1.0 17.0
-1.2443719 -4.7682185 0.0346 1.0 17.0
-1.2443719 -4.7682185 0.0347 0.0 18.0
0.29347777 -3.8662431 0.0347 0.0 18.0
0.29347777 -3.8662431 0.0348 0.0 19.0
1.2089081 -2.3363643 0.0348 0.0 19.0
-3.0264523 -4.8204765 0.0349 1.0 17.0
-2.9585645 -3.0389233 0.0349 1.0 17.0
-2.9585645 -3.0389233 0.0350 0.0 18.0
-2.0431342 -1.5090445 0.0350 0.0 18.0
-2.0431342 -1.5090445 0.0351 0.0 19.0
-0.50528455 -0.6070691 0.0351 0.0 19.0
-3.0264523 -4.8204765 0.0352 3.0 17.0
-2.9585645 -3.0389233 0.0352 3.0 17.0
-2.9585645 -3.0389233 0.0353 2.0 18.0
-2.8906767 -1.2573699 0.0353 2.0 18.0
-2.8906767 -1.2573699 0.0354 1.0 19.0
-2.822789 0.5241835 0.0354 1.0 19.0
-2.822789 0.5241835 0.0355 0.0 20.0
-3.6191387 2.1192913 0.0355 0.0 20.0
-3.6191387 2.1192913 0.0356 0.0 21.0
-5.083887 3.1356835 0.0356 0.0 21.0
-2.8906767 -1.2573699 0.0357 1.0 19.0
-4.6636124 -1.0696449 0.0357 1.0 19.0
-4.6636124 -1.0696449 0.0358 0.0 20.0
-6.1283607 -0.053252816 0.0358 0.0 20.0
-6.1283607 -0.053252816 0.0359 0.0 21.0
-6.9247108 1.5418549 0.0359 0.0 21.0
-6.9349446 -1.3759639 0.0360 7.0 13.0
-5.1528645 -1.3237062 0.0360 7.0 13.0
-5.1528645 -1.3237062 0.0361 6.0 14.0
-3.370784 -1.2714484 0.0361 6.0 14.0
-3.370784 -1.2714484 0.0362 1.0 15.0
-1.5887036 -1.2191906 0.0362 1.0 15.0
-1.5887036 -1.2191906 0.0363 0.0 16.0
-0.050853968 -0.31721514 0.0363 0.0 16.0
-0.050853968 -0.31721514 0.0364 0.0 17.0
0.86457634 1.2126637 0.0364 0.0 17.0
-3.370784 -1.2714484 0.0365 1.0 15.0
-3.3028963 0.510105 0.0365 1.0 15.0
-3.3028963 0.510105 0.0366 0.0 16.0
-2.387466 2.0399837 0.0366 0.0 16.0
-2.387466 2.0399837 0.0367 0.0 17.0
-0.8496163 2.9419591 0.0367 0.0 17.0
-3.370784 -1.2714484 0.0368 5.0 15.0
-1.8329344 -0.36947292 0.0368 5.0 15.0
-1.8329344 -0.36947292 0.0369 4.0 16.0
-0.2950847 0.53250253 0.0369 4.0 16.0
-0.2950847 0.53250253 0.0370 1.0 17.0
1.242765 1.434478 0.0370 1.0 17.0
1.242765 1.434478 0.0371 0.0 18.0
2.1581953 2.964357 0.0371 0.0 18.0
2.1581953 2.964357 0.0372 0.0 19.0
2.226083 4.74591 0.0372 0.0 19.0
-0.2950847 0.53250253 0.0373 1.0 17.0
-1.0914345 2.1276102 0.0373 1.0 17.0
-1.0914345 2.1276102 0.0374 0.0 18.0
-1.0235467 3.9091635 0.0374 0.0 18.0
-1.0235467 3.9091635 0.0375 0.0 19.0
-0.10811639 5.439042 0.0375 0.0 19.0
-0.2950847 0.53250253 0.0376 3.0 17.0
0.6203456 2.0623813 0.0376 3.0 17.0
0.6203456 2.0623813 0.0377 2.0 18.0
1.5357759 3.59226 0.0377 2.0 18.0
1.5357759 3.59226 0.0378 1.0 19.0
2.4512062 5.1221385 0.0378 1.0 19.0
2.4512062 5.1221385 0.0379 0.0 20.0
2.519094 6.903692 0.0379 0.0 20.0
2.519094 6.903692 0.0380 0.0 21.0
1.7227442 8.498799 0.0380 0.0 21.0
1.5357759 3.59226 0.0381 1.0 19.0
0.0710274 4.608652 0.0381 1.0 19.0
0.0710274 4.608652 0.0382 0.0 20.0
-0.7253224 6.2037597 0.0382 0.0 20.0
-0.7253224 6.2037597 0.0383 0.0 21.0
-0.6574347 7.985313 0.0383 0.0 21.0
-6.9349446 -1.3759639 0.0384 15.0 13.0
-5.93144 -2.8495717 0.0384 15.0 13.0
-5.93144 -2.8495717 0.0385 14.0 14.0
-4.927935 -4.3231792 0.0385 14.0 14.0
-4.927935 -4.3231792 0.0386 1.0 15.0
-3.9244304 -5.796787 0.0386 1.0 15.0
-3.9244304 -5.796787 0.0387 0.0 16.0
-2.3363695 -6.6070976 0.0387 0.0 16.0
-2.3363695 -6.6070976 0.0388 0.0 17.0
-0.5542891 -6.5548396 0.0388 0.0 17.0
-4.927935 -4.3231792 0.0389 1.0 15.0
-3.3900855 -3.4212039 0.0389 1.0 15.0
-3.3900855 -3.4212039 0.0390 0.0 16.0
-1.608005 -3.368946 0.0390 0.0 16.0
-1.608005 -3.368946 0.0391 0.0 17.0
-0.019944191 -4.179257 0.0391 0.0 17.0
-4.927935 -4.3231792 0.0392 13.0 15.0
-3.1458547 -4.270921 0.0392 13.0 15.0
-3.1458547 -4.270921 0.0393 12.0 16.0
-1.3637743 -4.218663 0.0393 12.0 16.0
-1.3637743 -4.218663 0.0394 1.0 17.0
0.4183061 -4.166405 0.0394 1.0 17.0
0.4183061 -4.166405 0.0395 0.0 18.0
1.9561558 -3.2644298 0.0395 0.0 18.0
1.9561558 -3.2644298 0.0396 0.0 19.0
2.871586 -1.7345511 0.0396 0.0 19.0
-1.3637743 -4.218663 0.0397 1.0 17.0
-1.2958865 -2.43711 0.0397 1.0 17.0
-1.2958865 -2.43711 0.0398 0.0 18.0
-0.3804562 -0.9072312 0.0398 0.0 18.0
-0.3804562 -0.9072312 0.0399 0.0 19.0
1.1573935 -0.0052557588 0.0399 0.0 19.0
-1.3637743 -4.218663 0.0400 7.0 17.0
-0.448344 -2.6887846 0.0400 7.0 17.0
-0.448344 -2.6887846 0.0401 6.0 18.0
0.46708632 -1.1589059 0.0401 6.0 18.0
0.46708632 -1.1589059 0.0402 1.0 19.0
1.3825166 0.37097287 0.0402 1.0 19.0
1.3825166 0.37097287 0.0403 0.0 20.0
1.4504044 2.1525264 0.0403 0.0 20.0
1.4504044 2.1525264 0.0404 0.0 21.0
0.6540546 3.747634 0.0404 0.0 21.0
0.46708632 -1.1589059 0.0405 1.0 19.0
-0.9976622 -0.14251375 0.0405 1.0 19.0
-0.9976622 -0.14251375 0.0406 0.0 20.0
-1.7940121 1.4525939 0.0406 0.0 20.0
-1.7940121 1.4525939 0.0407 0.0 21.0
-1.7261243 3.2341473 0.0407 0.0 21.0
0.46708632 -1.1589059 0.0408 5.0 19.0
-0.9976622 -0.14251375 0.0408 5.0 19.0
-0.9976622 -0.14251375 0.0409 4.0 20.0
-2.4624107 0.87387836 0.0409 4.0 20.0
-2.4624107 0.87387836 0.0410 1.0 21.0
-3.9271593 1.8902705 0.0410 1.0 21.0
-3.9271593 1.8902705 0.0411 0.0 22.0
-5.700095 2.0779955 0.0411 0.0 22.0
-5.700095 2.0779955 0.0412 0.0 23.0
-7.3452168 1.390888 0.0412 0.0 23.0
-2.4624107 0.87387836 0.0413 1.0 21.0
-3.5751488 -0.5190879 0.0413 1.0 21.0
-3.5751488 -0.5190879 0.0414 0.0 22.0
-5.22027 -1.2061955 0.0414 0.0 22.0
-5.22027 -1.2061955 0.0415 0.0 23.0
-6.993206 -1.0184705 0.0415 0.0 23.0
-2.4624107 0.87387836 0.0416 3.0 21.0
-3.5751488 -0.5190879 0.0416 3.0 21.0
-3.5751488 -0.5190879 0.0417 2.0 22.0
-4.687887 -1.9120542 0.0417 2.0 22.0
-4.687887 -1.9120542 0.0418 1.0 23.0
-5.8006253 -3.3050203 0.0418 1.0 23.0
-5.8006253 -3.3050203 0.0419 0.0 24.0
-6.107335 -5.0612864 0.0419 0.0 24.0
-6.107335 -5.0612864 0.0420 0.0 25.0
-5.5325885 -6.74895 0.0420 0.0 25.0
-4.687887 -1.9120542 0.0421 1.0 23.0
-3.373028 -3.1160836 0.0421 1.0 23.0
-3.373028 -3.1160836 0.0422 0.0 24.0
-2.7982814 -4.803747 0.0422 0.0 24.0
-2.7982814 -4.803747 0.0423 0.0 25.0
-3.1049895 -6.560014 0.0423 0.0 25.0
-1.3637743 -4.218663 0.0424 7.0 17.0
-2.8285227 -3.202271 0.0424 7.0 17.0
-2.8285227 -3.202271 0.0425 6.0 18.0
-4.293271 -2.1858788 0.0425 6.0 18.0
-4.293271 -2.1858788 0.0426 1.0 19.0
-5.7580194 -1.1694866 0.0426 1.0 19.0
-5.7580194 -1.1694866 0.0427 0.0 20.0
-7.5309553 -0.98176163 0.0427 0.0 20.0
-7.5309553 -0.98176163 0.0428 0.0 21.0
-9.176077 -1.6688693 0.0428 0.0 21.0
-4.293271 -2.1858788 0.0429 1.0 19.0
-5.406009 -3.578845 0.0429 1.0 19.0
-5.406009 -3.578845 0.0430 0.0 20.0
-7.051131 -4.2659526 0.0430 0.0 20.0
-7.051131 -4.2659526 0.0431 0.0 21.0
-8.824066 -4.0782275 0.0431 0.0 21.0
-4.293271 -2.1858788 0.0432 5.0 19.0
-6.066207 -1.9981538 0.0432 5.0 19.0
-6.066207 -1.9981538 0.0433 4.0 20.0
-7.839143 -1.8104289 0.0433 4.0 20.0
-7.839143 -1.8104289 0.0434 1.0 21.0
-9.612079 -1.6227039 0.0434 1.0 21.0
-9.612079 -1.6227039 0.0435 0.0 22.0
-11.2572 -2.3098116 0.0435 0.0 22.0
-11.2572 -2.3098116 0.0436 0.0 23.0
-12.369938 -3.7027779 0.0436 0.0 23.0
-7.839143 -1.8104289 0.0437 1.0 21.0
-8.145852 -3.566695 0.0437 1.0 21.0
-8.145852 -3.566695 0.0438 0.0 22.0
-9.258591 -4.9596615 0.0438 0.0 22.0
-9.258591 -4.9596615 0.0439 0.0 23.0
-10.903712 -5.646769 0.0439 0.0 23.0
-7.839143 -1.8104289 0.0440 3.0 21.0
-9.484264 -2.4975364 0.0440 3.0 21.0
-9.484264 -2.4975364 0.0441 2.0 22.0
-11.129386 -3.184644 0.0441 2.0 22.0
-11.129386 -3.184644 0.0442 1.0 23.0
-12.7745075 -3.8717515 0.0442 1.0 23.0
-12.7745075 -3.8717515 0.0443 0.0 24.0
-13.887245 -5.264718 0.0443 0.0 24.0
-13.887245 -5.264718 0.0444 0.0 25.0
-14.193954 -7.020984 0.0444 0.0 25.0
-11.129386 -3.184644 0.0445 1.0 23.0
-10.55464 -4.8723073 0.0445 1.0 23.0
-10.55464 -4.8723073 0.0446 0.0 24.0
-10.861348 -6.6285734 0.0446 0.0 24.0
-10.861348 -6.6285734 0.0447 0.0 25.0
-11.974085 -8.021541 0.0447 0.0 25.0
-1.3637743 -4.218663 0.0448 11.0 17.0
-1.2958865 -2.43711 0.0448 11.0 17.0
-1.2958865 -2.43711 0.0449 10.0 18.0
-1.2279987 -0.65555656 0.0449 10.0 18.0
-1.2279987 -0.65555656 0.0450 1.0 19.0
-1.160111 1.1259968 0.0450 1.0 19.0
-1.160111 1.1259968 0.0451 0.0 20.0
-1.9564607 2.7211046 0.0451 0.0 20.0
-1.9564607 2.7211046 0.0452 0.0 21.0
-3.4212093 3.7374969 0.0452 0.0 21.0
-1.2279987 -0.65555656 0.0453 1.0 19.0
-3.0009344 -0.46783155 0.0453 1.0 19.0
-3.0009344 -0.46783155 0.0454 0.0 20.0
-4.465683 0.54856056 0.0454 0.0 20.0
-4.465683 0.54856056 0.0455 0.0 21.0
-5.262033 2.1436682 0.0455 0.0 21.0
-1.2279987 -0.65555656 0.0456 9.0 19.0
-2.692747 0.36083555 0.0456 9.0 19.0
-2.692747 0.36083555 0.0457 8.0 20.0
-4.1574955 1.3772277 0.0457 8.0 20.0
-4.1574955 1.3772277 0.0458 1.0 21.0
-5.622244 2.3936198 0.0458 1.0 21.0
-5.622244 2.3936198 0.0459 0.0 22.0
-7.3951797 2.5813448 0.0459 0.0 22.0
-7.3951797 2.5813448 0.0460 0.0 23.0
-9.040301 1.8942373 0.0460 0.0 23.0
-4.1574955 1.3772277 0.0461 1.0 21.0
-5.2702336 -0.015738606 0.0461 1.0 21.0
-5.2702336 -0.015738606 0.0462 0.0 22.0
-6.915355 -0.70284617 0.0462 0.0 22.0
-6.915355 -0.70284617 0.0463 0.0 23.0
-8.688291 -0.51512116 0.0463 0.0 23.0
-4.1574955 1.3772277 0.0464 7.0 21.0
-5.802617 0.6901201 0.0464 7.0 21.0
-5.802617 0.6901201 0.0465 6.0 22.0
-7.4477386 0.003012538 0.0465 6.0 22.0
-7.4477386 0.003012538 0.0466 1.0 23.0
-9.09286 -0.684095 0.0466 1.0 23.0
-9.09286 -0.684095 0.0467 0.0 24.0
-10.205599 -2.0770612 0.0467 0.0 24.0
-10.205599 -2.0770612 0.0468 0.0 25.0
-10.512308 -3.8333273 0.0468 0.0 25.0
-7.4477386 0.003012538 0.0469 1.0 23.0
-6.872992 -1.6846509 0.0469 1.0 23.0
-6.872992 -1.6846509 0.0470 0.0 24.0
-7.1797 -3.4409173 0.0470 0.0 24.0
-7.1797 -3.4409173 0.0471 0.0 25.0
-8.292437 -4.8338847 0.0471 0.0 25.0
-7.4477386 0.003012538 0.0472 5.0 23.0
-6.872992 -1.6846509 0.0472 5.0 23.0
-6.872992 -1.6846509 0.0473 4.0 24.0
-6.2982454 -3.3723145 0.0473 4.0 24.0
-6.2982454 -3.3723145 0.0474 1.0 25.0
-5.723499 -5.059978 0.0474 1.0 25.0
-5.723499 -5.059978 0.0475 0.0 26.0
-4.40864 -6.2640076 0.0475 0.0 26.0
-4.40864 -6.2640076 0.0476 0.0 27.0
-2.6770191 -6.6883073 0.0476 0.0 27.0
-6.2982454 -3.3723145 0.0477 1.0 25.0
-4.5757036 -2.9125407 0.0477 1.0 25.0
-4.5757036 -2.9125407 0.0478 0.0 26.0
-2.8440828 -3.3368406 0.0478 0.0 26.0
-2.8440828 -3.3368406 0.0479 0.0 27.0
-1.5292237 -4.54087 0.0479 0.0 27.0
-6.2982454 -3.3723145 0.0480 3.0 25.0
-4.5757036 -2.9125407 0.0480 3.0 25.0
-4.5757036 -2.9125407 0.0481 2.0 26.0
-2.853162 -2.452767 0.0481 2.0 26.0
-2.853162 -2.452767 0.0482 1.0 27.0
-1.1306205 -1.9929931 0.0482 1.0 27.0
-1.1306205 -1.9929931 0.0483 0.0 28.0
0.15923345 -0.7622136 0.0483 0.0 28.0
0.15923345 -0.7622136 0.0484 0.0 29.0
0.6991982 0.9368979 0.0484 0.0 29.0
-2.853162 -2.452767 0.0485 1.0 27.0
-3.195875 -0.70316994 0.0485 1.0 27.0
-3.195875 -0.70316994 0.0486 0.0 28.0
-2.6559103 0.9959415 0.0486 0.0 28.0
-2.6559103 0.9959415 0.0487 0.0 29.0
-1.3660563 2.226721 0.0487 0.0 29.0
-4.1574955 1.3772277 0.0488 7.0 21.0
-3.582749 -0.31043577 0.0488 7.0 21.0
-3.582749 -0.31043577 0.0489 6.0 22.0
-3.0080023 -1.9980992 0.0489 6.0 22.0
-3.0080023 -1.9980992 0.0490 1.0 23.0
-2.4332557 -3.6857626 0.0490 1.0 23.0
-2.4332557 -3.6857626 0.0491 0.0 24.0
-1.1183965 -4.889792 0.0491 0.0 24.0
-1.1183965 -4.889792 0.0492 0.0 25.0
0.6132244 -5.3140917 0.0492 0.0 25.0
-3.0080023 -1.9980992 0.0493 1.0 23.0
-1.2854607 -1.5383255 0.0493 1.0 23.0
-1.2854607 -1.5383255 0.0494 0.0 24.0
0.4461602 -1.9626254 0.0494 0.0 24.0
0.4461602 -1.9626254 0.0495 0.0 25.0
1.7610193 -3.1666548 0.0495 0.0 25.0
-3.0080023 -1.9980992 0.0496 5.0 23.0
-1.6931431 -3.2021286 0.0496 5.0 23.0
-1.6931431 -3.2021286 0.0497 4.0 24.0
-0.37828398 -4.406158 0.0497 4.0 24.0
-0.37828398 -4.406158 0.0498 1.0 25.0
0.9365752 -5.6101875 0.0498 1.0 25.0
0.9365752 -5.6101875 0.0499 0.0 26.0
2.6681962 -6.0344872 0.0499 0.0 26.0
2.6681962 -6.0344872 0.0500 0.0 27.0
4.3907375 -5.5747137 0.0500 0.0 27.0
-0.37828398 -4.406158 0.0501 1.0 25.0
0.91156995 -3.1753783 0.0501 1.0 25.0
0.91156995 -3.1753783 0.0502 0.0 26.0
2.6341114 -2.7156045 0.0502 0.0 26.0
2.6341114 -2.7156045 0.0503 0.0 27.0
4.365732 -3.1399045 0.0503 0.0 27.0
-0.37828398 -4.406158 0.0504 3.0 25.0
1.3533369 -4.8304577 0.0504 3.0 25.0
1.3533369 -4.8304577 0.0505 2.0 26.0
3.0849578 -5.2547574 0.0505 2.0 26.0
3.0849578 -5.2547574 0.0506 1.0 27.0
4.816579 -5.679057 0.0506 1.0 27.0
4.816579 -5.679057 0.0507 0.0 28.0
6.5391207 -5.2192836 0.0507 0.0 28.0
6.5391207 -5.2192836 0.0508 0.0 29.0
7.8289747 -3.988504 0.0508 0.0 29.0
3.0849578 -5.2547574 0.0509 1.0 27.0
3.6249225 -3.555646 0.0509 1.0 27.0
3.6249225 -3.555646 0.0510 0.0 28.0
4.9147763 -2.3248663 0.0510 0.0 28.0
4.9147763 -2.3248663 0.0511 0.0 29.0
6.6373177 -1.8650925 0.0511 0.0 29.0
