0.0 0.0 0.00 60.0 1.0
0.0 3.0657268 0.00 60.0 1.0
0.0 3.0657268 0.01 59.0 2.0
0.0 6.1314535 0.01 59.0 2.0
0.0 6.1314535 0.02 58.0 3.0
0.0 9.19718 0.02 58.0 3.0
0.0 9.19718 0.03 57.0 4.0
0.0 12.262907 0.03 57.0 4.0
0.0 12.262907 0.04 56.0 5.0
0.0 15.328634 0.04 56.0 5.0
0.0 15.328634 0.05 55.0 6.0
0.0 18.394361 0.05 55.0 6.0
0.0 18.394361 0.06 54.0 7.0
0.0 21.460089 0.06 54.0 7.0
0.0 21.460089 0.07 53.0 8.0
0.0 24.525816 0.07 53.0 8.0
0.0 24.525816 0.08 52.0 9.0
0.0 27.591543 0.08 52.0 9.0
0.0 27.591543 0.09 51.0 10.0
0.0 30.65727 0.09 51.0 10.0
0.0 30.65727 0.010 50.0 11.0
0.0 33.722996 0.010 50.0 11.0
0.0 33.722996 0.011 49.0 12.0
0.0 36.788723 0.011 49.0 12.0
0.0 36.788723 0.012 48.0 13.0
0.0 39.85445 0.012 48.0 13.0
0.0 39.85445 0.013 47.0 14.0
0.0 42.920177 0.013 47.0 14.0
0.0 42.920177 0.014 46.0 15.0
0.0 45.985905 0.014 46.0 15.0
0.0 45.985905 0.015 45.0 16.0
0.0 49.051632 0.015 45.0 16.0
0.0 49.051632 0.016 28.0 17.0
-2.0028918 51.372646 0.016 28.0 17.0
-2.0028918 51.372646 0.017 27.0 18.0
-4.0057836 53.69366 0.017 27.0 18.0
-4.0057836 53.69366 0.018 26.0 19.0
-6.0086756 56.014675 0.018 26.0 19.0
-6.0086756 56.014675 0.019 25.0 20.0
-8.011567 58.33569 0.019 25.0 20.0
-8.011567 58.33569 0.020 24.0 21.0
-10.014459 60.656704 0.020 24.0 21.0
-10.014459 60.656704 0.021 23.0 22.0
-12.01735 62.97772 0.021 23.0 22.0
-12.01735 62.97772 0.022 22.0 23.0
-14.020242 65.29873 0.022 22.0 23.0
-14.020242 65.29873 0.023 21.0 24.0
-16.023134 67.61974 0.023 21.0 24.0
-16.023134 67.61974 0.024 12.0 25.0
-19.055851 68.06842 0.024 12.0 25.0
-19.055851 68.06842 0.025 11.0 26.0
-22.088568 68.5171 0.025 11.0 26.0
-22.088568 68.5171 0.026 10.0 27.0
-25.121284 68.965775 0.026 10.0 27.0
-25.121284 68.965775 0.027 9.0 28.0
-28.154001 69.41445 0.027 9.0 28.0
-28.154001 69.41445 0.028 4.0 29.0
-30.743153 67.77281 0.028 4.0 29.0
-30.743153 67.77281 0.029 3.0 30.0
-33.332306 66.13117 0.029 3.0 30.0
-33.332306 66.13117 0.030 0.0 31.0
-34.22 63.196777 0.030 0.0 31.0
-34.22 63.196777 0.031 0.0 32.0
-35.107697 60.262383 0.031 0.0 32.0
-33.332306 66.13117 0.032 2.0 31.0
-35.92146 64.48953 0.032 2.0 31.0
-35.92146 64.48953 0.033 1.0 32.0
-38.510612 62.847897 0.033 1.0 32.0
-38.510612 62.847897 0.034 0.0 33.0
-41.543327 63.296577 0.034 0.0 33.0
-41.543327 63.296577 0.035 0.0 34.0
-44.576042 63.74526 0.035 0.0 34.0
-38.510612 62.847897 0.036 0.0 33.0
-39.398308 59.9135 0.036 0.0 33.0
-39.398308 59.9135 0.037 0.0 34.0
-40.286003 56.979107 0.037 0.0 34.0
-28.154001 69.41445 0.038 8.0 29.0
-31.186718 69.86313 0.038 8.0 29.0
-31.186718 69.86313 0.039 7.0 30.0
-34.219433 70.311806 0.039 7.0 30.0
-34.219433 70.311806 0.040 6.0 31.0
-37.252148 70.76048 0.040 6.0 31.0
-37.252148 70.76048 0.041 5.0 32.0
-40.284863 71.20916 0.041 5.0 32.0
-40.284863 71.20916 0.042 4.0 33.0
-42.287754 73.530174 0.042 4.0 33.0
-42.287754 73.530174 0.043 3.0 34.0
-44.290646 75.85119 0.043 3.0 34.0
-44.290646 75.85119 0.044 0.0 35.0
-47.32336 76.299866 0.044 0.0 35.0
-47.32336 76.299866 0.045 0.0 36.0
-50.356075 76.74854 0.045 0.0 36.0
-44.290646 75.85119 0.046 2.0 35.0
-46.293537 78.1722 0.046 2.0 35.0
-46.293537 78.1722 0.047 1.0 36.0
-48.29643 80.49322 0.047 1.0 36.0
-48.29643 80.49322 0.048 0.0 37.0
-48.29643 83.558945 0.048 0.0 37.0
-48.29643 83.558945 0.049 0.0 38.0
-48.29643 86.62467 0.049 0.0 38.0
-48.29643 80.49322 0.050 0.0 37.0
-51.329144 80.941895 0.050 0.0 37.0
-51.329144 80.941895 0.051 0.0 38.0
-54.36186 81.39057 0.051 0.0 38.0
-40.284863 71.20916 0.052 4.0 33.0
-42.874016 69.56752 0.052 4.0 33.0
-42.874016 69.56752 0.053 3.0 34.0
-45.46317 67.92588 0.053 3.0 34.0
-45.46317 67.92588 0.054 0.0 35.0
-46.35087 64.991486 0.054 0.0 35.0
-46.35087 64.991486 0.055 0.0 36.0
-47.238564 62.05709 0.055 0.0 36.0
-45.46317 67.92588 0.056 2.0 35.0
-48.052322 66.28424 0.056 2.0 35.0
-48.052322 66.28424 0.057 1.0 36.0
-50.641476 64.6426 0.057 1.0 36.0
-50.641476 64.6426 0.058 0.0 37.0
-53.67419 65.09128 0.058 0.0 37.0
-53.67419 65.09128 0.059 0.0 38.0
-56.706905 65.539955 0.059 0.0 38.0
-50.641476 64.6426 0.060 0.0 37.0
-51.529175 61.708206 0.060 0.0 37.0
-51.529175 61.708206 0.061 0.0 38.0
-52.41687 58.77381 0.061 0.0 38.0
-16.023134 67.61974 0.062 20.0 25.0
-18.026026 69.94076 0.062 20.0 25.0
-18.026026 69.94076 0.063 19.0 26.0
-20.028917 72.26177 0.063 19.0 26.0
-20.028917 72.26177 0.064 18.0 27.0
-22.031809 74.58279 0.064 18.0 27.0
-22.031809 74.58279 0.065 17.0 28.0
-24.0347 76.9038 0.065 17.0 28.0
-24.0347 76.9038 0.066 16.0 29.0
-26.037592 79.224815 0.066 16.0 29.0
-26.037592 79.224815 0.067 15.0 30.0
-28.040483 81.54583 0.067 15.0 30.0
-28.040483 81.54583 0.068 14.0 31.0
-30.043375 83.866844 0.068 14.0 31.0
-30.043375 83.866844 0.069 13.0 32.0
-32.04627 86.18786 0.069 13.0 32.0
-32.04627 86.18786 0.070 12.0 33.0
-32.04627 89.253586 0.070 12.0 33.0
-32.04627 89.253586 0.071 11.0 34.0
-32.04627 92.31931 0.071 11.0 34.0
-32.04627 92.31931 0.072 10.0 35.0
-32.04627 95.38504 0.072 10.0 35.0
-32.04627 95.38504 0.073 9.0 36.0
-32.04627 98.45077 0.073 9.0 36.0
-32.04627 98.45077 0.074 4.0 37.0
-34.04916 100.77178 0.074 4.0 37.0
-34.04916 100.77178 0.075 3.0 38.0
-36.05205 103.0928 0.075 3.0 38.0
-36.05205 103.0928 0.076 0.0 39.0
-39.084766 103.54147 0.076 0.0 39.0
-39.084766 103.54147 0.077 0.0 40.0
-42.11748 103.99015 0.077 0.0 40.0
-36.05205 103.0928 0.078 2.0 39.0
-38.054943 105.41381 0.078 2.0 39.0
-38.054943 105.41381 0.079 1.0 40.0
-40.057835 107.734825 0.079 1.0 40.0
-40.057835 107.734825 0.080 0.0 41.0
-40.057835 110.80055 0.080 0.0 41.0
-40.057835 110.80055 0.081 0.0 42.0
-40.057835 113.86628 0.081 0.0 42.0
-40.057835 107.734825 0.082 0.0 41.0
-43.09055 108.1835 0.082 0.0 41.0
-43.09055 108.1835 0.083 0.0 42.0
-46.123264 108.63218 0.083 0.0 42.0
-32.04627 98.45077 0.084 8.0 37.0
-32.04627 101.516495 0.084 8.0 37.0
-32.04627 101.516495 0.085 7.0 38.0
-32.04627 104.58222 0.085 7.0 38.0
-32.04627 104.58222 0.086 6.0 39.0
-32.04627 107.64795 0.086 6.0 39.0
-32.04627 107.64795 0.087 5.0 40.0
-32.04627 110.71368 0.087 5.0 40.0
-32.04627 110.71368 0.088 4.0 41.0
-30.043377 113.03469 0.088 4.0 41.0
-30.043377 113.03469 0.089 3.0 42.0
-28.040485 115.355705 0.089 3.0 42.0
-28.040485 115.355705 0.090 0.0 43.0
-28.040485 118.42143 0.090 0.0 43.0
-28.040485 118.42143 0.091 0.0 44.0
-28.040485 121.48716 0.091 0.0 44.0
-28.040485 115.355705 0.092 2.0 43.0
-26.037594 117.67672 0.092 2.0 43.0
-26.037594 117.67672 0.093 1.0 44.0
-24.034702 119.997734 0.093 1.0 44.0
-24.034702 119.997734 0.094 0.0 45.0
-21.001986 120.44641 0.094 0.0 45.0
-21.001986 120.44641 0.095 0.0 46.0
-17.969269 120.89509 0.095 0.0 46.0
-24.034702 119.997734 0.096 0.0 45.0
-24.034702 123.06346 0.096 0.0 45.0
-24.034702 123.06346 0.097 0.0 46.0
-24.034702 126.12919 0.097 0.0 46.0
-32.04627 110.71368 0.098 4.0 41.0
-34.04916 113.03469 0.098 4.0 41.0
-34.04916 113.03469 0.099 3.0 42.0
-36.05205 115.355705 0.099 3.0 42.0
-36.05205 115.355705 0.0100 0.0 43.0
-39.084766 115.80438 0.0100 0.0 43.0
-39.084766 115.80438 0.0101 0.0 44.0
-42.11748 116.25306 0.0101 0.0 44.0
-36.05205 115.355705 0.0102 2.0 43.0
-38.054943 117.67672 0.0102 2.0 43.0
-38.054943 117.67672 0.0103 1.0 44.0
-40.057835 119.997734 0.0103 1.0 44.0
-40.057835 119.997734 0.0104 0.0 45.0
-40.057835 123.06346 0.0104 0.0 45.0
-40.057835 123.06346 0.0105 0.0 46.0
-40.057835 126.12919 0.0105 0.0 46.0
-40.057835 119.997734 0.0106 0.0 45.0
-43.09055 120.44641 0.0106 0.0 45.0
-43.09055 120.44641 0.0107 0.0 46.0
-46.123264 120.89509 0.0107 0.0 46.0
-32.04627 86.18786 0.0108 12.0 33.0
-35.078983 86.636536 0.0108 12.0 33.0
-35.078983 86.636536 0.0109 11.0 34.0
-38.1117 87.08521 0.0109 11.0 34.0
-38.1117 87.08521 0.0110 10.0 35.0
-41.144413 87.53389 0.0110 10.0 35.0
-41.144413 87.53389 0.0111 9.0 36.0
-44.177128 87.98257 0.0111 9.0 36.0
-44.177128 87.98257 0.0112 4.0 37.0
-46.76628 86.34093 0.0112 4.0 37.0
-46.76628 86.34093 0.0113 3.0 38.0
-49.355434 84.69929 0.0113 3.0 38.0
-49.355434 84.69929 0.0114 0.0 39.0
-50.243134 81.76489 0.0114 0.0 39.0
-50.243134 81.76489 0.0115 0.0 40.0
-51.13083 78.8305 0.0115 0.0 40.0
-49.355434 84.69929 0.0116 2.0 39.0
-51.944588 83.05765 0.0116 2.0 39.0
-51.944588 83.05765 0.0117 1.0 40.0
-54.53374 81.41601 0.0117 1.0 40.0
-54.53374 81.41601 0.0118 0.0 41.0
-57.566456 81.864685 0.0118 0.0 41.0
-57.566456 81.864685 0.0119 0.0 42.0
-60.59917 82.31336 0.0119 0.0 42.0
-54.53374 81.41601 0.0120 0.0 41.0
-55.42144 78.48161 0.0120 0.0 41.0
-55.42144 78.48161 0.0121 0.0 42.0
-56.309135 75.54722 0.0121 0.0 42.0
-44.177128 87.98257 0.0122 8.0 37.0
-47.209843 88.431244 0.0122 8.0 37.0
-47.209843 88.431244 0.0123 7.0 38.0
-50.242558 88.87992 0.0123 7.0 38.0
-50.242558 88.87992 0.0124 6.0 39.0
-53.275272 89.3286 0.0124 6.0 39.0
-53.275272 89.3286 0.0125 5.0 40.0
-56.307987 89.777275 0.0125 5.0 40.0
-56.307987 89.777275 0.0126 4.0 41.0
-58.31088 92.09829 0.0126 4.0 41.0
-58.31088 92.09829 0.0127 3.0 42.0
-60.31377 94.419304 0.0127 3.0 42.0
-60.31377 94.419304 0.0128 0.0 43.0
-63.346485 94.86798 0.0128 0.0 43.0
-63.346485 94.86798 0.0129 0.0 44.0
-66.3792 95.31666 0.0129 0.0 44.0
-60.31377 94.419304 0.0130 2.0 43.0
-62.31666 96.74032 0.0130 2.0 43.0
-62.31666 96.74032 0.0131 1.0 44.0
-64.31956 99.06133 0.0131 1.0 44.0
-64.31956 99.06133 0.0132 0.0 45.0
-64.31956 102.12706 0.0132 0.0 45.0
-64.31956 102.12706 0.0133 0.0 46.0
-64.31956 105.19279 0.0133 0.0 46.0
-64.31956 99.06133 0.0134 0.0 45.0
-67.35227 99.51001 0.0134 0.0 45.0
-67.35227 99.51001 0.0135 0.0 46.0
-70.38499 99.95869 0.0135 0.0 46.0
-56.307987 89.777275 0.0136 4.0 41.0
-58.89714 88.135635 0.0136 4.0 41.0
-58.89714 88.135635 0.0137 3.0 42.0
-61.486294 86.493996 0.0137 3.0 42.0
-61.486294 86.493996 0.0138 0.0 43.0
-62.373993 83.5596 0.0138 0.0 43.0
-62.373993 83.5596 0.0139 0.0 44.0
-63.26169 80.625206 0.0139 0.0 44.0
-61.486294 86.493996 0.0140 2.0 43.0
-64.07545 84.852356 0.0140 2.0 43.0
-64.07545 84.852356 0.0141 1.0 44.0
-66.6646 83.21072 0.0141 1.0 44.0
-66.6646 83.21072 0.0142 0.0 45.0
-69.69731 83.65939 0.0142 0.0 45.0
-69.69731 83.65939 0.0143 0.0 46.0
-72.73003 84.10807 0.0143 0.0 46.0
-66.6646 83.21072 0.0144 0.0 45.0
-67.55229 80.27632 0.0144 0.0 45.0
-67.55229 80.27632 0.0145 0.0 46.0
-68.43999 77.34193 0.0145 0.0 46.0
0.0 49.051632 0.0146 44.0 17.0
0.0 52.11736 0.0146 44.0 17.0
0.0 52.11736 0.0147 43.0 18.0
0.0 55.183086 0.0147 43.0 18.0
0.0 55.183086 0.0148 42.0 19.0
0.0 58.248814 0.0148 42.0 19.0
0.0 58.248814 0.0149 41.0 20.0
0.0 61.31454 0.0149 41.0 20.0
0.0 61.31454 0.0150 40.0 21.0
0.0 64.380264 0.0150 40.0 21.0
0.0 64.380264 0.0151 39.0 22.0
0.0 67.44599 0.0151 39.0 22.0
0.0 67.44599 0.0152 38.0 23.0
0.0 70.51172 0.0152 38.0 23.0
0.0 70.51172 0.0153 37.0 24.0
0.0 73.577446 0.0153 37.0 24.0
0.0 73.577446 0.0154 36.0 25.0
0.0 76.64317 0.0154 36.0 25.0
0.0 76.64317 0.0155 35.0 26.0
0.0 79.7089 0.0155 35.0 26.0
0.0 79.7089 0.0156 34.0 27.0
0.0 82.77463 0.0156 34.0 27.0
0.0 82.77463 0.0157 33.0 28.0
0.0 85.840355 0.0157 33.0 28.0
0.0 85.840355 0.0158 32.0 29.0
0.0 88.90608 0.0158 32.0 29.0
0.0 88.90608 0.0159 31.0 30.0
0.0 91.97181 0.0159 31.0 30.0
0.0 91.97181 0.0160 30.0 31.0
0.0 95.03754 0.0160 30.0 31.0
0.0 95.03754 0.0161 29.0 32.0
0.0 98.103264 0.0161 29.0 32.0
0.0 98.103264 0.0162 28.0 33.0
2.0028918 100.42428 0.0162 28.0 33.0
2.0028918 100.42428 0.0163 27.0 34.0
4.0057836 102.74529 0.0163 27.0 34.0
4.0057836 102.74529 0.0164 26.0 35.0
6.0086756 105.06631 0.0164 26.0 35.0
6.0086756 105.06631 0.0165 25.0 36.0
8.011567 107.38732 0.0165 25.0 36.0
8.011567 107.38732 0.0166 24.0 37.0
10.014459 109.708336 0.0166 24.0 37.0
10.014459 109.708336 0.0167 23.0 38.0
12.01735 112.02935 0.0167 23.0 38.0
12.01735 112.02935 0.0168 22.0 39.0
14.020242 114.350365 0.0168 22.0 39.0
14.020242 114.350365 0.0169 21.0 40.0
16.023134 116.67138 0.0169 21.0 40.0
16.023134 116.67138 0.0170 12.0 41.0
16.023134 119.73711 0.0170 12.0 41.0
16.023134 119.73711 0.0171 11.0 42.0
16.023134 122.80283 0.0171 11.0 42.0
16.023134 122.80283 0.0172 10.0 43.0
16.023134 125.86856 0.0172 10.0 43.0
16.023134 125.86856 0.0173 9.0 44.0
16.023134 128.93428 0.0173 9.0 44.0
16.023134 128.93428 0.0174 4.0 45.0
14.020243 131.2553 0.0174 4.0 45.0
14.020243 131.2553 0.0175 3.0 46.0
12.017351 133.57631 0.0175 3.0 46.0
12.017351 133.57631 0.0176 0.0 47.0
8.984635 134.025 0.0176 0.0 47.0
8.984635 134.025 0.0177 0.0 48.0
5.9519196 134.47368 0.0177 0.0 48.0
12.017351 133.57631 0.0178 2.0 47.0
10.01446 135.89732 0.0178 2.0 47.0
10.01446 135.89732 0.0179 1.0 48.0
8.011568 138.21834 0.0179 1.0 48.0
8.011568 138.21834 0.0180 0.0 49.0
8.011568 141.28406 0.0180 0.0 49.0
8.011568 141.28406 0.0181 0.0 50.0
8.011568 144.34978 0.0181 0.0 50.0
8.011568 138.21834 0.0182 0.0 49.0
4.9788523 138.66702 0.0182 0.0 49.0
4.9788523 138.66702 0.0183 0.0 50.0
1.9461362 139.1157 0.0183 0.0 50.0
16.023134 128.93428 0.0184 8.0 45.0
16.023134 132.0 0.0184 8.0 45.0
16.023134 132.0 0.0185 7.0 46.0
16.023134 135.06572 0.0185 7.0 46.0
16.023134 135.06572 0.0186 6.0 47.0
16.023134 138.13144 0.0186 6.0 47.0
16.023134 138.13144 0.0187 5.0 48.0
16.023134 141.19716 0.0187 5.0 48.0
16.023134 141.19716 0.0188 4.0 49.0
18.026026 143.51817 0.0188 4.0 49.0
18.026026 143.51817 0.0189 3.0 50.0
20.028917 145.83919 0.0189 3.0 50.0
20.028917 145.83919 0.0190 0.0 51.0
20.028917 148.9049 0.0190 0.0 51.0
20.028917 148.9049 0.0191 0.0 52.0
20.028917 151.97063 0.0191 0.0 52.0
20.028917 145.83919 0.0192 2.0 51.0
22.031809 148.1602 0.0192 2.0 51.0
22.031809 148.1602 0.0193 1.0 52.0
24.0347 150.48122 0.0193 1.0 52.0
24.0347 150.48122 0.0194 0.0 53.0
27.067417 150.9299 0.0194 0.0 53.0
27.067417 150.9299 0.0195 0.0 54.0
30.100134 151.37859 0.0195 0.0 54.0
24.0347 150.48122 0.0196 0.0 53.0
24.0347 153.54694 0.0196 0.0 53.0
24.0347 153.54694 0.0197 0.0 54.0
24.0347 156.61266 0.0197 0.0 54.0
16.023134 141.19716 0.0198 4.0 49.0
14.020243 143.51817 0.0198 4.0 49.0
14.020243 143.51817 0.0199 3.0 50.0
12.017351 145.83919 0.0199 3.0 50.0
12.017351 145.83919 0.0200 0.0 51.0
8.984635 146.28787 0.0200 0.0 51.0
8.984635 146.28787 0.0201 0.0 52.0
5.9519196 146.73656 0.0201 0.0 52.0
12.017351 145.83919 0.0202 2.0 51.0
10.01446 148.1602 0.0202 2.0 51.0
10.01446 148.1602 0.0203 1.0 52.0
8.011568 150.48122 0.0203 1.0 52.0
8.011568 150.48122 0.0204 0.0 53.0
8.011568 153.54694 0.0204 0.0 53.0
8.011568 153.54694 0.0205 0.0 54.0
8.011568 156.61266 0.0205 0.0 54.0
8.011568 150.48122 0.0206 0.0 53.0
4.9788523 150.9299 0.0206 0.0 53.0
4.9788523 150.9299 0.0207 0.0 54.0
1.9461362 151.37859 0.0207 0.0 54.0
16.023134 116.67138 0.0208 20.0 41.0
18.026026 118.99239 0.0208 20.0 41.0
18.026026 118.99239 0.0209 19.0 42.0
20.028917 121.31341 0.0209 19.0 42.0
20.028917 121.31341 0.0210 18.0 43.0
22.031809 123.63442 0.0210 18.0 43.0
22.031809 123.63442 0.0211 17.0 44.0
24.0347 125.95544 0.0211 17.0 44.0
24.0347 125.95544 0.0212 16.0 45.0
26.037592 128.27644 0.0212 16.0 45.0
26.037592 128.27644 0.0213 15.0 46.0
28.040483 130.59746 0.0213 15.0 46.0
28.040483 130.59746 0.0214 14.0 47.0
30.043375 132.91847 0.0214 14.0 47.0
30.043375 132.91847 0.0215 13.0 48.0
32.04627 135.23949 0.0215 13.0 48.0
32.04627 135.23949 0.0216 12.0 49.0
35.078983 135.68817 0.0216 12.0 49.0
35.078983 135.68817 0.0217 11.0 50.0
38.1117 136.13686 0.0217 11.0 50.0
38.1117 136.13686 0.0218 10.0 51.0
41.144413 136.58554 0.0218 10.0 51.0
41.144413 136.58554 0.0219 9.0 52.0
44.177128 137.03423 0.0219 9.0 52.0
44.177128 137.03423 0.0220 4.0 53.0
46.18002 139.35524 0.0220 4.0 53.0
46.18002 139.35524 0.0221 3.0 54.0
48.18291 141.67625 0.0221 3.0 54.0
48.18291 141.67625 0.0222 0.0 55.0
48.18291 144.74197 0.0222 0.0 55.0
48.18291 144.74197 0.0223 0.0 56.0
48.18291 147.8077 0.0223 0.0 56.0
48.18291 141.67625 0.0224 2.0 55.0
50.185802 143.99727 0.0224 2.0 55.0
50.185802 143.99727 0.0225 1.0 56.0
52.188694 146.31828 0.0225 1.0 56.0
52.188694 146.31828 0.0226 0.0 57.0
55.22141 146.76697 0.0226 0.0 57.0
55.22141 146.76697 0.0227 0.0 58.0
58.254124 147.21565 0.0227 0.0 58.0
52.188694 146.31828 0.0228 0.0 57.0
52.188694 149.384 0.0228 0.0 57.0
52.188694 149.384 0.0229 0.0 58.0
52.188694 152.44972 0.0229 0.0 58.0
44.177128 137.03423 0.0230 8.0 53.0
47.209843 137.48291 0.0230 8.0 53.0
47.209843 137.48291 0.0231 7.0 54.0
50.242558 137.9316 0.0231 7.0 54.0
50.242558 137.9316 0.0232 6.0 55.0
53.275272 138.38028 0.0232 6.0 55.0
53.275272 138.38028 0.0233 5.0 56.0
56.307987 138.82896 0.0233 5.0 56.0
56.307987 138.82896 0.0234 4.0 57.0
58.89714 137.18733 0.0234 4.0 57.0
58.89714 137.18733 0.0235 3.0 58.0
61.486294 135.5457 0.0235 3.0 58.0
61.486294 135.5457 0.0236 0.0 59.0
64.51901 135.99438 0.0236 0.0 59.0
64.51901 135.99438 0.0237 0.0 60.0
67.55173 136.44307 0.0237 0.0 60.0
61.486294 135.5457 0.0238 2.0 59.0
64.07545 133.90407 0.0238 2.0 59.0
64.07545 133.90407 0.0239 1.0 60.0
66.6646 132.26244 0.0239 1.0 60.0
66.6646 132.26244 0.0240 0.0 61.0
67.55229 129.32803 0.0240 0.0 61.0
67.55229 129.32803 0.0241 0.0 62.0
68.43999 126.39364 0.0241 0.0 62.0
66.6646 132.26244 0.0242 0.0 61.0
69.69731 132.71112 0.0242 0.0 61.0
69.69731 132.71112 0.0243 0.0 62.0
72.73003 133.1598 0.0243 0.0 62.0
56.307987 138.82896 0.0244 4.0 57.0
58.31088 141.14998 0.0244 4.0 57.0
58.31088 141.14998 0.0245 3.0 58.0
60.31377 143.471 0.0245 3.0 58.0
60.31377 143.471 0.0246 0.0 59.0
60.31377 146.53671 0.0246 0.0 59.0
60.31377 146.53671 0.0247 0.0 60.0
60.31377 149.60243 0.0247 0.0 60.0
60.31377 143.471 0.0248 2.0 59.0
62.31666 145.792 0.0248 2.0 59.0
62.31666 145.792 0.0249 1.0 60.0
64.31956 148.11302 0.0249 1.0 60.0
64.31956 148.11302 0.0250 0.0 61.0
67.35227 148.5617 0.0250 0.0 61.0
67.35227 148.5617 0.0251 0.0 62.0
70.38499 149.01039 0.0251 0.0 62.0
64.31956 148.11302 0.0252 0.0 61.0
64.31956 151.17874 0.0252 0.0 61.0
64.31956 151.17874 0.0253 0.0 62.0
64.31956 154.24446 0.0253 0.0 62.0
32.04627 135.23949 0.0254 12.0 49.0
32.04627 138.3052 0.0254 12.0 49.0
32.04627 138.3052 0.0255 11.0 50.0
32.04627 141.37093 0.0255 11.0 50.0
32.04627 141.37093 0.0256 10.0 51.0
32.04627 144.43665 0.0256 10.0 51.0
32.04627 144.43665 0.0257 9.0 52.0
32.04627 147.50237 0.0257 9.0 52.0
32.04627 147.50237 0.0258 4.0 53.0
30.043377 149.82338 0.0258 4.0 53.0
30.043377 149.82338 0.0259 3.0 54.0
28.040485 152.1444 0.0259 3.0 54.0
28.040485 152.1444 0.0260 0.0 55.0
25.007769 152.59308 0.0260 0.0 55.0
25.007769 152.59308 0.0261 0.0 56.0
21.975052 153.04176 0.0261 0.0 56.0
28.040485 152.1444 0.0262 2.0 55.0
26.037594 154.46541 0.0262 2.0 55.0
26.037594 154.46541 0.0263 1.0 56.0
24.034702 156.78642 0.0263 1.0 56.0
24.034702 156.78642 0.0264 0.0 57.0
24.034702 159.85214 0.0264 0.0 57.0
24.034702 159.85214 0.0265 0.0 58.0
24.034702 162.91786 0.0265 0.0 58.0
24.034702 156.78642 0.0266 0.0 57.0
21.001986 157.2351 0.0266 0.0 57.0
21.001986 157.2351 0.0267 0.0 58.0
17.969269 157.68379 0.0267 0.0 58.0
32.04627 147.50237 0.0268 8.0 53.0
32.04627 150.56808 0.0268 8.0 53.0
32.04627 150.56808 0.0269 7.0 54.0
32.04627 153.6338 0.0269 7.0 54.0
32.04627 153.6338 0.0270 6.0 55.0
32.04627 156.69952 0.0270 6.0 55.0
32.04627 156.69952 0.0271 5.0 56.0
32.04627 159.76524 0.0271 5.0 56.0
32.04627 159.76524 0.0272 4.0 57.0
34.04916 162.08626 0.0272 4.0 57.0
34.04916 162.08626 0.0273 3.0 58.0
36.05205 164.40727 0.0273 3.0 58.0
36.05205 164.40727 0.0274 0.0 59.0
36.05205 167.47299 0.0274 0.0 59.0
36.05205 167.47299 0.0275 0.0 60.0
36.05205 170.53871 0.0275 0.0 60.0
36.05205 164.40727 0.0276 2.0 59.0
38.054943 166.72829 0.0276 2.0 59.0
38.054943 166.72829 0.0277 1.0 60.0
40.057835 169.0493 0.0277 1.0 60.0
40.057835 169.0493 0.0278 0.0 61.0
43.09055 169.49799 0.0278 0.0 61.0
43.09055 169.49799 0.0279 0.0 62.0
46.123264 169.94667 0.0279 0.0 62.0
40.057835 169.0493 0.0280 0.0 61.0
40.057835 172.11502 0.0280 0.0 61.0
40.057835 172.11502 0.0281 0.0 62.0
40.057835 175.18074 0.0281 0.0 62.0
32.04627 159.76524 0.0282 4.0 57.0
30.043377 162.08626 0.0282 4.0 57.0
30.043377 162.08626 0.0283 3.0 58.0
28.040485 164.40727 0.0283 3.0 58.0
28.040485 164.40727 0.0284 0.0 59.0
25.007769 164.85596 0.0284 0.0 59.0
25.007769 164.85596 0.0285 0.0 60.0
21.975052 165.30464 0.0285 0.0 60.0
28.040485 164.40727 0.0286 2.0 59.0
26.037594 166.72829 0.0286 2.0 59.0
26.037594 166.72829 0.0287 1.0 60.0
24.034702 169.0493 0.0287 1.0 60.0
24.034702 169.0493 0.0288 0.0 61.0
24.034702 172.11502 0.0288 0.0 61.0
24.034702 172.11502 0.0289 0.0 62.0
24.034702 175.18074 0.0289 0.0 62.0
24.034702 169.0493 0.0290 0.0 61.0
21.001986 169.49799 0.0290 0.0 61.0
21.001986 169.49799 0.0291 0.0 62.0
17.969269 169.94667 0.0291 0.0 62.0
0.0 98.103264 0.0292 28.0 33.0
-2.0028918 100.42428 0.0292 28.0 33.0
-2.0028918 100.42428 0.0293 27.0 34.0
-4.0057836 102.74529 0.0293 27.0 34.0
-4.0057836 102.74529 0.0294 26.0 35.0
-6.0086756 105.06631 0.0294 26.0 35.0
-6.0086756 105.06631 0.0295 25.0 36.0
-8.011567 107.38732 0.0295 25.0 36.0
-8.011567 107.38732 0.0296 24.0 37.0
-10.014459 109.708336 0.0296 24.0 37.0
-10.014459 109.708336 0.0297 23.0 38.0
-12.01735 112.02935 0.0297 23.0 38.0
-12.01735 112.02935 0.0298 22.0 39.0
-14.020242 114.350365 0.0298 22.0 39.0
-14.020242 114.350365 0.0299 21.0 40.0
-16.023134 116.67138 0.0299 21.0 40.0
-16.023134 116.67138 0.0300 12.0 41.0
-19.055851 117.120056 0.0300 12.0 41.0
-19.055851 117.120056 0.0301 11.0 42.0
-22.088568 117.56873 0.0301 11.0 42.0
-22.088568 117.56873 0.0302 10.0 43.0
-25.121284 118.01741 0.0302 10.0 43.0
-25.121284 118.01741 0.0303 9.0 44.0
-28.154001 118.46609 0.0303 9.0 44.0
-28.154001 118.46609 0.0304 4.0 45.0
-30.743153 116.82445 0.0304 4.0 45.0
-30.743153 116.82445 0.0305 3.0 46.0
-33.332306 115.18281 0.0305 3.0 46.0
-33.332306 115.18281 0.0306 0.0 47.0
-34.22 112.24841 0.0306 0.0 47.0
-34.22 112.24841 0.0307 0.0 48.0
-35.107697 109.31402 0.0307 0.0 48.0
-33.332306 115.18281 0.0308 2.0 47.0
-35.92146 113.54117 0.0308 2.0 47.0
-35.92146 113.54117 0.0309 1.0 48.0
-38.510612 111.89953 0.0309 1.0 48.0
-38.510612 111.89953 0.0310 0.0 49.0
-41.543327 112.348206 0.0310 0.0 49.0
-41.543327 112.348206 0.0311 0.0 50.0
-44.576042 112.79688 0.0311 0.0 50.0
-38.510612 111.89953 0.0312 0.0 49.0
-39.398308 108.96513 0.0312 0.0 49.0
-39.398308 108.96513 0.0313 0.0 50.0
-40.286003 106.03074 0.0313 0.0 50.0
-28.154001 118.46609 0.0314 8.0 45.0
-31.186718 118.914764 0.0314 8.0 45.0
-31.186718 118.914764 0.0315 7.0 46.0
-34.219433 119.36344 0.0315 7.0 46.0
-34.219433 119.36344 0.0316 6.0 47.0
-37.252148 119.81212 0.0316 6.0 47.0
-37.252148 119.81212 0.0317 5.0 48.0
-40.284863 120.260796 0.0317 5.0 48.0
-40.284863 120.260796 0.0318 4.0 49.0
-42.287754 122.58181 0.0318 4.0 49.0
-42.287754 122.58181 0.0319 3.0 50.0
-44.290646 124.902824 0.0319 3.0 50.0
-44.290646 124.902824 0.0320 0.0 51.0
-47.32336 125.3515 0.0320 0.0 51.0
-47.32336 125.3515 0.0321 0.0 52.0
-50.356075 125.80018 0.0321 0.0 52.0
-44.290646 124.902824 0.0322 2.0 51.0
-46.293537 127.22384 0.0322 2.0 51.0
-46.293537 127.22384 0.0323 1.0 52.0
-48.29643 129.54485 0.0323 1.0 52.0
-48.29643 129.54485 0.0324 0.0 53.0
-48.29643 132.61057 0.0324 0.0 53.0
-48.29643 132.61057 0.0325 0.0 54.0
-48.29643 135.67628 0.0325 0.0 54.0
-48.29643 129.54485 0.0326 0.0 53.0
-51.329144 129.99353 0.0326 0.0 53.0
-51.329144 129.99353 0.0327 0.0 54.0
-54.36186 130.44221 0.0327 0.0 54.0
-40.284863 120.260796 0.0328 4.0 49.0
-42.874016 118.619156 0.0328 4.0 49.0
-42.874016 118.619156 0.0329 3.0 50.0
-45.46317 116.977516 0.0329 3.0 50.0
-45.46317 116.977516 0.0330 0.0 51.0
-46.35087 114.04312 0.0330 0.0 51.0
-46.35087 114.04312 0.0331 0.0 52.0
-47.238564 111.10873 0.0331 0.0 52.0
-45.46317 116.977516 0.0332 2.0 51.0
-48.052322 115.33588 0.0332 2.0 51.0
-48.052322 115.33588 0.0333 1.0 52.0
-50.641476 113.69424 0.0333 1.0 52.0
-50.641476 113.69424 0.0334 0.0 53.0
-53.67419 114.142914 0.0334 0.0 53.0
-53.67419 114.142914 0.0335 0.0 54.0
-56.706905 114.59159 0.0335 0.0 54.0
-50.641476 113.69424 0.0336 0.0 53.0
-51.529175 110.75984 0.0336 0.0 53.0
-51.529175 110.75984 0.0337 0.0 54.0
-52.41687 107.82545 0.0337 0.0 54.0
-16.023134 116.67138 0.0338 20.0 41.0
-18.026026 118.99239 0.0338 20.0 41.0
-18.026026 118.99239 0.0339 19.0 42.0
-20.028917 121.31341 0.0339 19.0 42.0
-20.028917 121.31341 0.0340 18.0 43.0
-22.031809 123.63442 0.0340 18.0 43.0
-22.031809 123.63442 0.0341 17.0 44.0
-24.0347 125.95544 0.0341 17.0 44.0
-24.0347 125.95544 0.0342 16.0 45.0
-26.037592 128.27644 0.0342 16.0 45.0
-26.037592 128.27644 0.0343 15.0 46.0
-28.040483 130.59746 0.0343 15.0 46.0
-28.040483 130.59746 0.0344 14.0 47.0
-30.043375 132.91847 0.0344 14.0 47.0
-30.043375 132.91847 0.0345 13.0 48.0
-32.04627 135.23949 0.0345 13.0 48.0
-32.04627 135.23949 0.0346 12.0 49.0
-32.04627 138.3052 0.0346 12.0 49.0
-32.04627 138.3052 0.0347 11.0 50.0
-32.04627 141.37093 0.0347 11.0 50.0
-32.04627 141.37093 0.0348 10.0 51.0
-32.04627 144.43665 0.0348 10.0 51.0
-32.04627 144.43665 0.0349 9.0 52.0
-32.04627 147.50237 0.0349 9.0 52.0
-32.04627 147.50237 0.0350 4.0 53.0
-34.04916 149.82338 0.0350 4.0 53.0
-34.04916 149.82338 0.0351 3.0 54.0
-36.05205 152.1444 0.0351 3.0 54.0
-36.05205 152.1444 0.0352 0.0 55.0
-39.084766 152.59308 0.0352 0.0 55.0
-39.084766 152.59308 0.0353 0.0 56.0
-42.11748 153.04176 0.0353 0.0 56.0
-36.05205 152.1444 0.0354 2.0 55.0
-38.054943 154.46541 0.0354 2.0 55.0
-38.054943 154.46541 0.0355 1.0 56.0
-40.057835 156.78642 0.0355 1.0 56.0
-40.057835 156.78642 0.0356 0.0 57.0
-40.057835 159.85214 0.0356 0.0 57.0
-40.057835 159.85214 0.0357 0.0 58.0
-40.057835 162.91786 0.0357 0.0 58.0
-40.057835 156.78642 0.0358 0.0 57.0
-43.09055 157.2351 0.0358 0.0 57.0
-43.09055 157.2351 0.0359 0.0 58.0
-46.123264 157.68379 0.0359 0.0 58.0
-32.04627 147.50237 0.0360 8.0 53.0
-32.04627 150.56808 0.0360 8.0 53.0
-32.04627 150.56808 0.0361 7.0 54.0
-32.04627 153.6338 0.0361 7.0 54.0
-32.04627 153.6338 0.0362 6.0 55.0
-32.04627 156.69952 0.0362 6.0 55.0
-32.04627 156.69952 0.0363 5.0 56.0
-32.04627 159.76524 0.0363 5.0 56.0
-32.04627 159.76524 0.0364 4.0 57.0
-30.043377 162.08626 0.0364 4.0 57.0
-30.043377 162.08626 0.0365 3.0 58.0
-28.040485 164.40727 0.0365 3.0 58.0
-28.040485 164.40727 0.0366 0.0 59.0
-28.040485 167.47299 0.0366 0.0 59.0
-28.040485 167.47299 0.0367 0.0 60.0
-28.040485 170.53871 0.0367 0.0 60.0
-28.040485 164.40727 0.0368 2.0 59.0
-26.037594 166.72829 0.0368 2.0 59.0
-26.037594 166.72829 0.0369 1.0 60.0
-24.034702 169.0493 0.0369 1.0 60.0
-24.034702 169.0493 0.0370 0.0 61.0
-21.001986 169.49799 0.0370 0.0 61.0
-21.001986 169.49799 0.0371 0.0 62.0
-17.969269 169.94667 0.0371 0.0 62.0
-24.034702 169.0493 0.0372 0.0 61.0
-24.034702 172.11502 0.0372 0.0 61.0
-24.034702 172.11502 0.0373 0.0 62.0
-24.034702 175.18074 0.0373 0.0 62.0
-32.04627 159.76524 0.0374 4.0 57.0
-34.04916 162.08626 0.0374 4.0 57.0
-34.04916 162.08626 0.0375 3.0 58.0
-36.05205 164.40727 0.0375 3.0 58.0
-36.05205 164.40727 0.0376 0.0 59.0
-39.084766 164.85596 0.0376 0.0 59.0
-39.084766 164.85596 0.0377 0.0 60.0
-42.11748 165.30464 0.0377 0.0 60.0
-36.05205 164.40727 0.0378 2.0 59.0
-38.054943 166.72829 0.0378 2.0 59.0
-38.054943 166.72829 0.0379 1.0 60.0
-40.057835 169.0493 0.0379 1.0 60.0
-40.057835 169.0493 0.0380 0.0 61.0
-40.057835 172.11502 0.0380 0.0 61.0
-40.057835 172.11502 0.0381 0.0 62.0
-40.057835 175.18074 0.0381 0.0 62.0
-40.057835 169.0493 0.0382 0.0 61.0
-43.09055 169.49799 0.0382 0.0 61.0
-43.09055 169.49799 0.0383 0.0 62.0
-46.123264 169.94667 0.0383 0.0 62.0
-32.04627 135.23949 0.0384 12.0 49.0
-35.078983 135.68817 0.0384 12.0 49.0
-35.078983 135.68817 0.0385 11.0 50.0
-38.1117 136.13686 0.0385 11.0 50.0
-38.1117 136.13686 0.0386 10.0 51.0
-41.144413 136.58554 0.0386 10.0 51.0
-41.144413 136.58554 0.0387 9.0 52.0
-44.177128 137.03423 0.0387 9.0 52.0
-44.177128 137.03423 0.0388 4.0 53.0
-46.76628 135.3926 0.0388 4.0 53.0
-46.76628 135.3926 0.0389 3.0 54.0
-49.355434 133.75096 0.0389 3.0 54.0
-49.355434 133.75096 0.0390 0.0 55.0
-50.243134 130.81656 0.0390 0.0 55.0
-50.243134 130.81656 0.0391 0.0 56.0
-51.13083 127.882164 0.0391 0.0 56.0
-49.355434 133.75096 0.0392 2.0 55.0
-51.944588 132.10933 0.0392 2.0 55.0
-51.944588 132.10933 0.0393 1.0 56.0
-54.53374 130.4677 0.0393 1.0 56.0
-54.53374 130.4677 0.0394 0.0 57.0
-57.566456 130.91638 0.0394 0.0 57.0
-57.566456 130.91638 0.0395 0.0 58.0
-60.59917 131.36507 0.0395 0.0 58.0
-54.53374 130.4677 0.0396 0.0 57.0
-55.42144 127.5333 0.0396 0.0 57.0
-55.42144 127.5333 0.0397 0.0 58.0
-56.309135 124.59891 0.0397 0.0 58.0
-44.177128 137.03423 0.0398 8.0 53.0
-47.209843 137.48291 0.0398 8.0 53.0
-47.209843 137.48291 0.0399 7.0 54.0
-50.242558 137.9316 0.0399 7.0 54.0
-50.242558 137.9316 0.0400 6.0 55.0
-53.275272 138.38028 0.0400 6.0 55.0
-53.275272 138.38028 0.0401 5.0 56.0
-56.307987 138.82896 0.0401 5.0 56.0
-56.307987 138.82896 0.0402 4.0 57.0
-58.31088 141.14998 0.0402 4.0 57.0
-58.31088 141.14998 0.0403 3.0 58.0
-60.31377 143.471 0.0403 3.0 58.0
-60.31377 143.471 0.0404 0.0 59.0
-63.346485 143.91968 0.0404 0.0 59.0
-63.346485 143.91968 0.0405 0.0 60.0
-66.3792 144.36836 0.0405 0.0 60.0
-60.31377 143.471 0.0406 2.0 59.0
-62.31666 145.792 0.0406 2.0 59.0
-62.31666 145.792 0.0407 1.0 60.0
-64.31956 148.11302 0.0407 1.0 60.0
-64.31956 148.11302 0.0408 0.0 61.0
-64.31956 151.17874 0.0408 0.0 61.0
-64.31956 151.17874 0.0409 0.0 62.0
-64.31956 154.24446 0.0409 0.0 62.0
-64.31956 148.11302 0.0410 0.0 61.0
-67.35227 148.5617 0.0410 0.0 61.0
-67.35227 148.5617 0.0411 0.0 62.0
-70.38499 149.01039 0.0411 0.0 62.0
-56.307987 138.82896 0.0412 4.0 57.0
-58.89714 137.18733 0.0412 4.0 57.0
-58.89714 137.18733 0.0413 3.0 58.0
-61.486294 135.5457 0.0413 3.0 58.0
-61.486294 135.5457 0.0414 0.0 59.0
-62.373993 132.6113 0.0414 0.0 59.0
-62.373993 132.6113 0.0415 0.0 60.0
-63.26169 129.6769 0.0415 0.0 60.0
-61.486294 135.5457 0.0416 2.0 59.0
-64.07545 133.90407 0.0416 2.0 59.0
-64.07545 133.90407 0.0417 1.0 60.0
-66.6646 132.26244 0.0417 1.0 60.0
-66.6646 132.26244 0.0418 0.0 61.0
-69.69731 132.71112 0.0418 0.0 61.0
-69.69731 132.71112 0.0419 0.0 62.0
-72.73003 133.1598 0.0419 0.0 62.0
-66.6646 132.26244 0.0420 0.0 61.0
-67.55229 129.32803 0.0420 0.0 61.0
-67.55229 129.32803 0.0421 0.0 62.0
-68.43999 126.39364 0.0421 0.0 62.0
