0.0 0.0 0.00 43.0 1.0
0.0 0.74050045 0.00 43.0 1.0
0.0 0.74050045 0.01 42.0 2.0
0.0 1.4810009 0.01 42.0 2.0
0.0 1.4810009 0.02 41.0 3.0
0.0 2.2215014 0.02 41.0 3.0
0.0 2.2215014 0.03 40.0 4.0
0.0 2.9620018 0.03 40.0 4.0
0.0 2.9620018 0.04 39.0 5.0
0.0 3.7025023 0.04 39.0 5.0
0.0 3.7025023 0.05 38.0 6.0
0.0 4.4430027 0.05 38.0 6.0
0.0 4.4430027 0.06 37.0 7.0
0.0 5.183503 0.06 37.0 7.0
0.0 5.183503 0.07 36.0 8.0
0.0 5.9240036 0.07 36.0 8.0
0.0 5.9240036 0.08 19.0 9.0
0.37428847 6.5629473 0.08 19.0 9.0
0.37428847 6.5629473 0.09 18.0 10.0
0.74857694 7.201891 0.09 18.0 10.0
0.74857694 7.201891 0.010 17.0 11.0
1.1228654 7.8408346 0.010 17.0 11.0
1.1228654 7.8408346 0.011 16.0 12.0
1.4971539 8.479778 0.011 16.0 12.0
1.4971539 8.479778 0.012 7.0 13.0
2.1430664 8.8419075 0.012 7.0 13.0
2.1430664 8.8419075 0.013 6.0 14.0
2.788979 9.204037 0.013 6.0 14.0
2.788979 9.204037 0.014 1.0 15.0
3.529347 9.190023 0.014 1.0 15.0
3.529347 9.190023 0.015 0.0 16.0
4.269715 9.17601 0.015 0.0 16.0
4.269715 9.17601 0.016 0.0 17.0
4.9014606 8.789697 0.016 0.0 17.0
2.788979 9.204037 0.017 1.0 15.0
3.4348917 9.566166 0.017 1.0 15.0
3.4348917 9.566166 0.018 0.0 16.0
4.0808043 9.928295 0.018 0.0 16.0
4.0808043 9.928295 0.019 0.0 17.0
4.821172 9.914282 0.019 0.0 17.0
2.788979 9.204037 0.020 5.0 15.0
3.4348917 9.566166 0.020 5.0 15.0
3.4348917 9.566166 0.021 4.0 16.0
4.0808043 9.928295 0.021 4.0 16.0
4.0808043 9.928295 0.022 3.0 17.0
4.455093 10.567239 0.022 3.0 17.0
4.455093 10.567239 0.023 2.0 18.0
4.8293815 11.2061825 0.023 2.0 18.0
4.8293815 11.2061825 0.024 1.0 19.0
5.20367 11.845126 0.024 1.0 19.0
5.20367 11.845126 0.025 0.0 20.0
5.5779586 12.48407 0.025 0.0 20.0
5.5779586 12.48407 0.026 0.0 21.0
6.223871 12.846199 0.026 0.0 21.0
4.0808043 9.928295 0.027 1.0 17.0
4.821172 9.914282 0.027 1.0 17.0
4.821172 9.914282 0.028 0.0 18.0
5.56154 9.900269 0.028 0.0 18.0
5.56154 9.900269 0.029 0.0 19.0
6.193286 9.513955 0.029 0.0 19.0
1.4971539 8.479778 0.030 7.0 13.0
2.2375216 8.465765 0.030 7.0 13.0
2.2375216 8.465765 0.031 6.0 14.0
2.9778895 8.451752 0.031 6.0 14.0
2.9778895 8.451752 0.032 1.0 15.0
3.6096356 8.065438 0.032 1.0 15.0
3.6096356 8.065438 0.033 0.0 16.0
4.2413816 7.679125 0.033 0.0 16.0
4.2413816 7.679125 0.034 0.0 17.0
4.591223 7.026475 0.034 0.0 17.0
2.9778895 8.451752 0.035 1.0 15.0
3.7182574 8.437738 0.035 1.0 15.0
3.7182574 8.437738 0.036 0.0 16.0
4.4586253 8.423725 0.036 0.0 16.0
4.4586253 8.423725 0.037 0.0 17.0
5.090371 8.037412 0.037 0.0 17.0
2.9778895 8.451752 0.038 5.0 15.0
3.7182574 8.437738 0.038 5.0 15.0
3.7182574 8.437738 0.039 4.0 16.0
4.4586253 8.423725 0.039 4.0 16.0
4.4586253 8.423725 0.040 3.0 17.0
5.104538 8.785854 0.040 3.0 17.0
5.104538 8.785854 0.041 2.0 18.0
5.7504506 9.147984 0.041 2.0 18.0
5.7504506 9.147984 0.042 1.0 19.0
6.3963633 9.510113 0.042 1.0 19.0
6.3963633 9.510113 0.043 0.0 20.0
7.042276 9.872242 0.043 0.0 20.0
7.042276 9.872242 0.044 0.0 21.0
7.782644 9.858229 0.044 0.0 21.0
4.4586253 8.423725 0.045 1.0 17.0
5.090371 8.037412 0.045 1.0 17.0
5.090371 8.037412 0.046 0.0 18.0
5.7221174 7.6510983 0.046 0.0 18.0
5.7221174 7.6510983 0.047 0.0 19.0
6.0719585 6.9984484 0.047 0.0 19.0
1.4971539 8.479778 0.048 15.0 13.0
1.8714423 9.118722 0.048 15.0 13.0
1.8714423 9.118722 0.049 14.0 14.0
2.2457309 9.757666 0.049 14.0 14.0
2.2457309 9.757666 0.050 13.0 15.0
2.6200194 10.396609 0.050 13.0 15.0
2.6200194 10.396609 0.051 12.0 16.0
2.994308 11.035553 0.051 12.0 16.0
2.994308 11.035553 0.052 11.0 17.0
3.6402206 11.397682 0.052 11.0 17.0
3.6402206 11.397682 0.053 10.0 18.0
4.2861333 11.759811 0.053 10.0 18.0
4.2861333 11.759811 0.054 9.0 19.0
4.932046 12.121941 0.054 9.0 19.0
4.932046 12.121941 0.055 8.0 20.0
5.5779586 12.48407 0.055 8.0 20.0
5.5779586 12.48407 0.056 7.0 21.0
6.223871 12.846199 0.056 7.0 21.0
6.223871 12.846199 0.057 6.0 22.0
6.869784 13.208328 0.057 6.0 22.0
6.869784 13.208328 0.058 1.0 23.0
7.610152 13.194315 0.058 1.0 23.0
7.610152 13.194315 0.059 0.0 24.0
8.350519 13.180302 0.059 0.0 24.0
8.350519 13.180302 0.060 0.0 25.0
8.982265 12.793988 0.060 0.0 25.0
6.869784 13.208328 0.061 1.0 23.0
7.5156965 13.570457 0.061 1.0 23.0
7.5156965 13.570457 0.062 0.0 24.0
8.161609 13.932587 0.062 0.0 24.0
8.161609 13.932587 0.063 0.0 25.0
8.901977 13.918573 0.063 0.0 25.0
6.869784 13.208328 0.064 5.0 23.0
7.5156965 13.570457 0.064 5.0 23.0
7.5156965 13.570457 0.065 4.0 24.0
8.161609 13.932587 0.065 4.0 24.0
8.161609 13.932587 0.066 3.0 25.0
8.535897 14.57153 0.066 3.0 25.0
8.535897 14.57153 0.067 2.0 26.0
8.910186 15.210474 0.067 2.0 26.0
8.910186 15.210474 0.068 1.0 27.0
9.284474 15.849418 0.068 1.0 27.0
9.284474 15.849418 0.069 0.0 28.0
9.658763 16.488361 0.069 0.0 28.0
9.658763 16.488361 0.070 0.0 29.0
10.304675 16.85049 0.070 0.0 29.0
8.161609 13.932587 0.071 1.0 25.0
8.901977 13.918573 0.071 1.0 25.0
8.901977 13.918573 0.072 0.0 26.0
9.642344 13.90456 0.072 0.0 26.0
9.642344 13.90456 0.073 0.0 27.0
10.274091 13.518247 0.073 0.0 27.0
2.994308 11.035553 0.074 7.0 17.0
3.6402206 11.397682 0.074 7.0 17.0
3.6402206 11.397682 0.075 6.0 18.0
4.2861333 11.759811 0.075 6.0 18.0
4.2861333 11.759811 0.076 1.0 19.0
5.026501 11.745798 0.076 1.0 19.0
5.026501 11.745798 0.077 0.0 20.0
5.766869 11.731785 0.077 0.0 20.0
5.766869 11.731785 0.078 0.0 21.0
6.398615 11.345471 0.078 0.0 21.0
4.2861333 11.759811 0.079 1.0 19.0
4.932046 12.121941 0.079 1.0 19.0
4.932046 12.121941 0.080 0.0 20.0
5.5779586 12.48407 0.080 0.0 20.0
5.5779586 12.48407 0.081 0.0 21.0
6.3183265 12.470057 0.081 0.0 21.0
4.2861333 11.759811 0.082 5.0 19.0
4.932046 12.121941 0.082 5.0 19.0
4.932046 12.121941 0.083 4.0 20.0
5.5779586 12.48407 0.083 4.0 20.0
5.5779586 12.48407 0.084 3.0 21.0
5.952247 13.1230135 0.084 3.0 21.0
5.952247 13.1230135 0.085 2.0 22.0
6.3265357 13.761957 0.085 2.0 22.0
6.3265357 13.761957 0.086 1.0 23.0
6.7008243 14.400901 0.086 1.0 23.0
6.7008243 14.400901 0.087 0.0 24.0
7.075113 15.0398445 0.087 0.0 24.0
7.075113 15.0398445 0.088 0.0 25.0
7.7210255 15.401974 0.088 0.0 25.0
5.5779586 12.48407 0.089 1.0 21.0
6.3183265 12.470057 0.089 1.0 21.0
6.3183265 12.470057 0.090 0.0 22.0
7.0586944 12.456043 0.090 0.0 22.0
7.0586944 12.456043 0.091 0.0 23.0
7.69044 12.06973 0.091 0.0 23.0
0.0 5.9240036 0.092 19.0 9.0
0.6459125 6.2861333 0.092 19.0 9.0
0.6459125 6.2861333 0.093 18.0 10.0
1.291825 6.648263 0.093 18.0 10.0
1.291825 6.648263 0.094 17.0 11.0
1.9377376 7.0103927 0.094 17.0 11.0
1.9377376 7.0103927 0.095 16.0 12.0
2.58365 7.3725224 0.095 16.0 12.0
2.58365 7.3725224 0.096 7.0 13.0
3.324018 7.3585086 0.096 7.0 13.0
3.324018 7.3585086 0.097 6.0 14.0
4.064386 7.344495 0.097 6.0 14.0
4.064386 7.344495 0.098 1.0 15.0
4.6961317 6.9581814 0.098 1.0 15.0
4.6961317 6.9581814 0.099 0.0 16.0
5.327878 6.571868 0.099 0.0 16.0
5.327878 6.571868 0.0100 0.0 17.0
5.677719 5.919218 0.0100 0.0 17.0
4.064386 7.344495 0.0101 1.0 15.0
4.804754 7.330481 0.0101 1.0 15.0
4.804754 7.330481 0.0102 0.0 16.0
5.5451217 7.3164673 0.0102 0.0 16.0
5.5451217 7.3164673 0.0103 0.0 17.0
6.1768675 6.930154 0.0103 0.0 17.0
4.064386 7.344495 0.0104 5.0 15.0
4.804754 7.330481 0.0104 5.0 15.0
4.804754 7.330481 0.0105 4.0 16.0
5.5451217 7.3164673 0.0105 4.0 16.0
5.5451217 7.3164673 0.0106 3.0 17.0
6.1910343 7.678597 0.0106 3.0 17.0
6.1910343 7.678597 0.0107 2.0 18.0
6.836947 8.040727 0.0107 2.0 18.0
6.836947 8.040727 0.0108 1.0 19.0
7.4828596 8.402857 0.0108 1.0 19.0
7.4828596 8.402857 0.0109 0.0 20.0
8.128772 8.764986 0.0109 0.0 20.0
8.128772 8.764986 0.0110 0.0 21.0
8.86914 8.750973 0.0110 0.0 21.0
5.5451217 7.3164673 0.0111 1.0 17.0
6.1768675 6.930154 0.0111 1.0 17.0
6.1768675 6.930154 0.0112 0.0 18.0
6.808614 6.5438404 0.0112 0.0 18.0
6.808614 6.5438404 0.0113 0.0 19.0
7.158455 5.8911905 0.0113 0.0 19.0
2.58365 7.3725224 0.0114 7.0 13.0
3.2153962 6.986209 0.0114 7.0 13.0
3.2153962 6.986209 0.0115 6.0 14.0
3.8471422 6.5998955 0.0115 6.0 14.0
3.8471422 6.5998955 0.0116 1.0 15.0
4.1969833 5.9472456 0.0116 1.0 15.0
4.1969833 5.9472456 0.0117 0.0 16.0
4.5468245 5.2945957 0.0117 0.0 16.0
4.5468245 5.2945957 0.0118 0.0 17.0
4.518802 4.5546255 0.0118 0.0 17.0
3.8471422 6.5998955 0.0119 1.0 15.0
4.4788885 6.213582 0.0119 1.0 15.0
4.4788885 6.213582 0.0120 0.0 16.0
5.110635 5.8272686 0.0120 0.0 16.0
5.110635 5.8272686 0.0121 0.0 17.0
5.460476 5.1746187 0.0121 0.0 17.0
3.8471422 6.5998955 0.0122 5.0 15.0
4.4788885 6.213582 0.0122 5.0 15.0
4.4788885 6.213582 0.0123 4.0 16.0
5.110635 5.8272686 0.0123 4.0 16.0
5.110635 5.8272686 0.0124 3.0 17.0
5.8510027 5.813255 0.0124 3.0 17.0
5.8510027 5.813255 0.0125 2.0 18.0
6.5913706 5.799241 0.0125 2.0 18.0
6.5913706 5.799241 0.0126 1.0 19.0
7.3317385 5.7852273 0.0126 1.0 19.0
7.3317385 5.7852273 0.0127 0.0 20.0
8.072106 5.7712135 0.0127 0.0 20.0
8.072106 5.7712135 0.0128 0.0 21.0
8.703853 5.3849 0.0128 0.0 21.0
5.110635 5.8272686 0.0129 1.0 17.0
5.460476 5.1746187 0.0129 1.0 17.0
5.460476 5.1746187 0.0130 0.0 18.0
5.810317 4.521969 0.0130 0.0 18.0
5.810317 4.521969 0.0131 0.0 19.0
5.7822948 3.7819989 0.0131 0.0 19.0
2.58365 7.3725224 0.0132 15.0 13.0
3.2295628 7.734652 0.0132 15.0 13.0
3.2295628 7.734652 0.0133 14.0 14.0
3.8754754 8.096782 0.0133 14.0 14.0
3.8754754 8.096782 0.0134 13.0 15.0
4.521388 8.458912 0.0134 13.0 15.0
4.521388 8.458912 0.0135 12.0 16.0
5.1673007 8.821041 0.0135 12.0 16.0
5.1673007 8.821041 0.0136 11.0 17.0
5.9076686 8.807028 0.0136 11.0 17.0
5.9076686 8.807028 0.0137 10.0 18.0
6.6480365 8.793015 0.0137 10.0 18.0
6.6480365 8.793015 0.0138 9.0 19.0
7.3884044 8.779001 0.0138 9.0 19.0
7.3884044 8.779001 0.0139 8.0 20.0
8.128772 8.764988 0.0139 8.0 20.0
8.128772 8.764988 0.0140 7.0 21.0
8.86914 8.750975 0.0140 7.0 21.0
8.86914 8.750975 0.0141 6.0 22.0
9.609508 8.736961 0.0141 6.0 22.0
9.609508 8.736961 0.0142 1.0 23.0
10.241254 8.350648 0.0142 1.0 23.0
10.241254 8.350648 0.0143 0.0 24.0
10.873 7.9643345 0.0143 0.0 24.0
10.873 7.9643345 0.0144 0.0 25.0
11.222841 7.3116846 0.0144 0.0 25.0
9.609508 8.736961 0.0145 1.0 23.0
10.349875 8.722948 0.0145 1.0 23.0
10.349875 8.722948 0.0146 0.0 24.0
11.090243 8.708935 0.0146 0.0 24.0
11.090243 8.708935 0.0147 0.0 25.0
11.72199 8.322621 0.0147 0.0 25.0
9.609508 8.736961 0.0148 5.0 23.0
10.349875 8.722948 0.0148 5.0 23.0
10.349875 8.722948 0.0149 4.0 24.0
11.090243 8.708935 0.0149 4.0 24.0
11.090243 8.708935 0.0150 3.0 25.0
11.7361555 9.071064 0.0150 3.0 25.0
11.7361555 9.071064 0.0151 2.0 26.0
12.382068 9.433193 0.0151 2.0 26.0
12.382068 9.433193 0.0152 1.0 27.0
13.02798 9.795322 0.0152 1.0 27.0
13.02798 9.795322 0.0153 0.0 28.0
13.673892 10.157452 0.0153 0.0 28.0
13.673892 10.157452 0.0154 0.0 29.0
14.41426 10.143438 0.0154 0.0 29.0
11.090243 8.708935 0.0155 1.0 25.0
11.72199 8.322621 0.0155 1.0 25.0
11.72199 8.322621 0.0156 0.0 26.0
12.353736 7.936308 0.0156 0.0 26.0
12.353736 7.936308 0.0157 0.0 27.0
12.703577 7.283658 0.0157 0.0 27.0
5.1673007 8.821041 0.0158 7.0 17.0
5.9076686 8.807028 0.0158 7.0 17.0
5.9076686 8.807028 0.0159 6.0 18.0
6.6480365 8.793015 0.0159 6.0 18.0
6.6480365 8.793015 0.0160 1.0 19.0
7.2797823 8.406701 0.0160 1.0 19.0
7.2797823 8.406701 0.0161 0.0 20.0
7.9115286 8.020388 0.0161 0.0 20.0
7.9115286 8.020388 0.0162 0.0 21.0
8.26137 7.367738 0.0162 0.0 21.0
6.6480365 8.793015 0.0163 1.0 19.0
7.3884044 8.779001 0.0163 1.0 19.0
7.3884044 8.779001 0.0164 0.0 20.0
8.128772 8.764988 0.0164 0.0 20.0
8.128772 8.764988 0.0165 0.0 21.0
8.760518 8.3786745 0.0165 0.0 21.0
6.6480365 8.793015 0.0166 5.0 19.0
7.3884044 8.779001 0.0166 5.0 19.0
7.3884044 8.779001 0.0167 4.0 20.0
8.128772 8.764988 0.0167 4.0 20.0
8.128772 8.764988 0.0168 3.0 21.0
8.774684 9.127117 0.0168 3.0 21.0
8.774684 9.127117 0.0169 2.0 22.0
9.420596 9.489246 0.0169 2.0 22.0
9.420596 9.489246 0.0170 1.0 23.0
10.066508 9.851376 0.0170 1.0 23.0
10.066508 9.851376 0.0171 0.0 24.0
10.71242 10.213505 0.0171 0.0 24.0
10.71242 10.213505 0.0172 0.0 25.0
11.452788 10.1994915 0.0172 0.0 25.0
8.128772 8.764988 0.0173 1.0 21.0
8.760518 8.3786745 0.0173 1.0 21.0
8.760518 8.3786745 0.0174 0.0 22.0
9.392264 7.992361 0.0174 0.0 22.0
9.392264 7.992361 0.0175 0.0 23.0
9.7421055 7.339711 0.0175 0.0 23.0
0.0 5.9240036 0.0176 35.0 9.0
0.0 6.664504 0.0176 35.0 9.0
0.0 6.664504 0.0177 34.0 10.0
0.0 7.4050045 0.0177 34.0 10.0
0.0 7.4050045 0.0178 33.0 11.0
0.0 8.145505 0.0178 33.0 11.0
0.0 8.145505 0.0179 32.0 12.0
0.0 8.886005 0.0179 32.0 12.0
0.0 8.886005 0.0180 31.0 13.0
0.0 9.626506 0.0180 31.0 13.0
0.0 9.626506 0.0181 30.0 14.0
0.0 10.367006 0.0181 30.0 14.0
0.0 10.367006 0.0182 29.0 15.0
0.0 11.107507 0.0182 29.0 15.0
0.0 11.107507 0.0183 28.0 16.0
0.0 11.848007 0.0183 28.0 16.0
0.0 11.848007 0.0184 27.0 17.0
0.37428847 12.486951 0.0184 27.0 17.0
0.37428847 12.486951 0.0185 26.0 18.0
0.74857694 13.125895 0.0185 26.0 18.0
0.74857694 13.125895 0.0186 25.0 19.0
1.1228654 13.764838 0.0186 25.0 19.0
1.1228654 13.764838 0.0187 24.0 20.0
1.4971539 14.403782 0.0187 24.0 20.0
1.4971539 14.403782 0.0188 23.0 21.0
1.8714423 15.042726 0.0188 23.0 21.0
1.8714423 15.042726 0.0189 22.0 22.0
2.2457309 15.681669 0.0189 22.0 22.0
2.2457309 15.681669 0.0190 21.0 23.0
2.6200194 16.320614 0.0190 21.0 23.0
2.6200194 16.320614 0.0191 20.0 24.0
2.994308 16.959557 0.0191 20.0 24.0
2.994308 16.959557 0.0192 19.0 25.0
3.3685966 17.5985 0.0192 19.0 25.0
3.3685966 17.5985 0.0193 18.0 26.0
3.742885 18.237442 0.0193 18.0 26.0
3.742885 18.237442 0.0194 17.0 27.0
4.1171737 18.876385 0.0194 17.0 27.0
4.1171737 18.876385 0.0195 16.0 28.0
4.491462 19.515327 0.0195 16.0 28.0
4.491462 19.515327 0.0196 7.0 29.0
5.137375 19.877457 0.0196 7.0 29.0
5.137375 19.877457 0.0197 6.0 30.0
5.7832875 20.239586 0.0197 6.0 30.0
5.7832875 20.239586 0.0198 1.0 31.0
6.5236554 20.225573 0.0198 1.0 31.0
6.5236554 20.225573 0.0199 0.0 32.0
7.2640233 20.21156 0.0199 0.0 32.0
7.2640233 20.21156 0.0200 0.0 33.0
7.895769 19.825247 0.0200 0.0 33.0
5.7832875 20.239586 0.0201 1.0 31.0
6.4292 20.601715 0.0201 1.0 31.0
6.4292 20.601715 0.0202 0.0 32.0
7.075113 20.963844 0.0202 0.0 32.0
7.075113 20.963844 0.0203 0.0 33.0
7.8154807 20.949831 0.0203 0.0 33.0
5.7832875 20.239586 0.0204 5.0 31.0
6.4292 20.601715 0.0204 5.0 31.0
6.4292 20.601715 0.0205 4.0 32.0
7.075113 20.963844 0.0205 4.0 32.0
7.075113 20.963844 0.0206 3.0 33.0
7.4494014 21.602787 0.0206 3.0 33.0
7.4494014 21.602787 0.0207 2.0 34.0
7.82369 22.24173 0.0207 2.0 34.0
7.82369 22.24173 0.0208 1.0 35.0
8.197978 22.880672 0.0208 1.0 35.0
8.197978 22.880672 0.0209 0.0 36.0
8.572267 23.519615 0.0209 0.0 36.0
8.572267 23.519615 0.0210 0.0 37.0
9.218179 23.881744 0.0210 0.0 37.0
7.075113 20.963844 0.0211 1.0 33.0
7.8154807 20.949831 0.0211 1.0 33.0
7.8154807 20.949831 0.0212 0.0 34.0
8.555848 20.935818 0.0212 0.0 34.0
8.555848 20.935818 0.0213 0.0 35.0
9.187594 20.549505 0.0213 0.0 35.0
4.491462 19.515327 0.0214 7.0 29.0
5.23183 19.501314 0.0214 7.0 29.0
5.23183 19.501314 0.0215 6.0 30.0
5.972198 19.4873 0.0215 6.0 30.0
5.972198 19.4873 0.0216 1.0 31.0
6.603944 19.100988 0.0216 1.0 31.0
6.603944 19.100988 0.0217 0.0 32.0
7.23569 18.714676 0.0217 0.0 32.0
7.23569 18.714676 0.0218 0.0 33.0
7.585531 18.062025 0.0218 0.0 33.0
5.972198 19.4873 0.0219 1.0 31.0
6.712566 19.473288 0.0219 1.0 31.0
6.712566 19.473288 0.0220 0.0 32.0
7.452934 19.459274 0.0220 0.0 32.0
7.452934 19.459274 0.0221 0.0 33.0
8.08468 19.072962 0.0221 0.0 33.0
5.972198 19.4873 0.0222 5.0 31.0
6.712566 19.473288 0.0222 5.0 31.0
6.712566 19.473288 0.0223 4.0 32.0
7.452934 19.459274 0.0223 4.0 32.0
7.452934 19.459274 0.0224 3.0 33.0
8.098846 19.821404 0.0224 3.0 33.0
8.098846 19.821404 0.0225 2.0 34.0
8.744759 20.183533 0.0225 2.0 34.0
8.744759 20.183533 0.0226 1.0 35.0
9.390671 20.545662 0.0226 1.0 35.0
9.390671 20.545662 0.0227 0.0 36.0
10.036583 20.907791 0.0227 0.0 36.0
10.036583 20.907791 0.0228 0.0 37.0
10.776951 20.893778 0.0228 0.0 37.0
7.452934 19.459274 0.0229 1.0 33.0
8.08468 19.072962 0.0229 1.0 33.0
8.08468 19.072962 0.0230 0.0 34.0
8.716426 18.68665 0.0230 0.0 34.0
8.716426 18.68665 0.0231 0.0 35.0
9.066267 18.033998 0.0231 0.0 35.0
4.491462 19.515327 0.0232 15.0 29.0
4.865751 20.15427 0.0232 15.0 29.0
4.865751 20.15427 0.0233 14.0 30.0
5.2400393 20.793213 0.0233 14.0 30.0
5.2400393 20.793213 0.0234 13.0 31.0
5.614328 21.432156 0.0234 13.0 31.0
5.614328 21.432156 0.0235 12.0 32.0
5.9886165 22.071098 0.0235 12.0 32.0
5.9886165 22.071098 0.0236 11.0 33.0
6.634529 22.433228 0.0236 11.0 33.0
6.634529 22.433228 0.0237 10.0 34.0
7.2804418 22.795357 0.0237 10.0 34.0
7.2804418 22.795357 0.0238 9.0 35.0
7.9263544 23.157486 0.0238 9.0 35.0
7.9263544 23.157486 0.0239 8.0 36.0
8.572267 23.519615 0.0239 8.0 36.0
8.572267 23.519615 0.0240 7.0 37.0
9.218179 23.881744 0.0240 7.0 37.0
9.218179 23.881744 0.0241 6.0 38.0
9.864091 24.243874 0.0241 6.0 38.0
9.864091 24.243874 0.0242 1.0 39.0
10.604459 24.22986 0.0242 1.0 39.0
10.604459 24.22986 0.0243 0.0 40.0
11.344827 24.215847 0.0243 0.0 40.0
11.344827 24.215847 0.0244 0.0 41.0
11.976573 23.829535 0.0244 0.0 41.0
9.864091 24.243874 0.0245 1.0 39.0
10.510003 24.606003 0.0245 1.0 39.0
10.510003 24.606003 0.0246 0.0 40.0
11.155915 24.968132 0.0246 0.0 40.0
11.155915 24.968132 0.0247 0.0 41.0
11.896283 24.954119 0.0247 0.0 41.0
9.864091 24.243874 0.0248 5.0 39.0
10.510003 24.606003 0.0248 5.0 39.0
10.510003 24.606003 0.0249 4.0 40.0
11.155915 24.968132 0.0249 4.0 40.0
11.155915 24.968132 0.0250 3.0 41.0
11.530204 25.607075 0.0250 3.0 41.0
11.530204 25.607075 0.0251 2.0 42.0
11.904492 26.246017 0.0251 2.0 42.0
11.904492 26.246017 0.0252 1.0 43.0
12.278781 26.88496 0.0252 1.0 43.0
12.278781 26.88496 0.0253 0.0 44.0
12.6530695 27.523903 0.0253 0.0 44.0
12.6530695 27.523903 0.0254 0.0 45.0
13.298982 27.886032 0.0254 0.0 45.0
11.155915 24.968132 0.0255 1.0 41.0
11.896283 24.954119 0.0255 1.0 41.0
11.896283 24.954119 0.0256 0.0 42.0
12.636651 24.940105 0.0256 0.0 42.0
12.636651 24.940105 0.0257 0.0 43.0
13.268397 24.553793 0.0257 0.0 43.0
5.9886165 22.071098 0.0258 7.0 33.0
6.634529 22.433228 0.0258 7.0 33.0
6.634529 22.433228 0.0259 6.0 34.0
7.2804418 22.795357 0.0259 6.0 34.0
7.2804418 22.795357 0.0260 1.0 35.0
8.020809 22.781343 0.0260 1.0 35.0
8.020809 22.781343 0.0261 0.0 36.0
8.761177 22.76733 0.0261 0.0 36.0
8.761177 22.76733 0.0262 0.0 37.0
9.392923 22.381018 0.0262 0.0 37.0
7.2804418 22.795357 0.0263 1.0 35.0
7.9263544 23.157486 0.0263 1.0 35.0
7.9263544 23.157486 0.0264 0.0 36.0
8.572267 23.519615 0.0264 0.0 36.0
8.572267 23.519615 0.0265 0.0 37.0
9.312634 23.505602 0.0265 0.0 37.0
7.2804418 22.795357 0.0266 5.0 35.0
7.9263544 23.157486 0.0266 5.0 35.0
7.9263544 23.157486 0.0267 4.0 36.0
8.572267 23.519615 0.0267 4.0 36.0
8.572267 23.519615 0.0268 3.0 37.0
8.946555 24.158558 0.0268 3.0 37.0
8.946555 24.158558 0.0269 2.0 38.0
9.320844 24.7975 0.0269 2.0 38.0
9.320844 24.7975 0.0270 1.0 39.0
9.695132 25.436443 0.0270 1.0 39.0
9.695132 25.436443 0.0271 0.0 40.0
10.069421 26.075386 0.0271 0.0 40.0
10.069421 26.075386 0.0272 0.0 41.0
10.715333 26.437515 0.0272 0.0 41.0
8.572267 23.519615 0.0273 1.0 37.0
9.312634 23.505602 0.0273 1.0 37.0
9.312634 23.505602 0.0274 0.0 38.0
10.053002 23.491589 0.0274 0.0 38.0
10.053002 23.491589 0.0275 0.0 39.0
10.684749 23.105276 0.0275 0.0 39.0
0.0 11.848007 0.0276 19.0 17.0
0.37428847 12.486951 0.0276 19.0 17.0
0.37428847 12.486951 0.0277 18.0 18.0
0.74857694 13.125895 0.0277 18.0 18.0
0.74857694 13.125895 0.0278 17.0 19.0
1.1228654 13.764838 0.0278 17.0 19.0
1.1228654 13.764838 0.0279 16.0 20.0
1.4971539 14.403782 0.0279 16.0 20.0
1.4971539 14.403782 0.0280 7.0 21.0
2.1430664 14.765911 0.0280 7.0 21.0
2.1430664 14.765911 0.0281 6.0 22.0
2.788979 15.12804 0.0281 6.0 22.0
2.788979 15.12804 0.0282 1.0 23.0
3.529347 15.114027 0.0282 1.0 23.0
3.529347 15.114027 0.0283 0.0 24.0
4.269715 15.100014 0.0283 0.0 24.0
4.269715 15.100014 0.0284 0.0 25.0
4.9014606 14.7137 0.0284 0.0 25.0
2.788979 15.12804 0.0285 1.0 23.0
3.4348917 15.49017 0.0285 1.0 23.0
3.4348917 15.49017 0.0286 0.0 24.0
4.0808043 15.852299 0.0286 0.0 24.0
4.0808043 15.852299 0.0287 0.0 25.0
4.821172 15.838285 0.0287 0.0 25.0
2.788979 15.12804 0.0288 5.0 23.0
3.4348917 15.49017 0.0288 5.0 23.0
3.4348917 15.49017 0.0289 4.0 24.0
4.0808043 15.852299 0.0289 4.0 24.0
4.0808043 15.852299 0.0290 3.0 25.0
4.455093 16.491241 0.0290 3.0 25.0
4.455093 16.491241 0.0291 2.0 26.0
4.8293815 17.130184 0.0291 2.0 26.0
4.8293815 17.130184 0.0292 1.0 27.0
5.20367 17.769127 0.0292 1.0 27.0
5.20367 17.769127 0.0293 0.0 28.0
5.5779586 18.40807 0.0293 0.0 28.0
5.5779586 18.40807 0.0294 0.0 29.0
6.223871 18.770199 0.0294 0.0 29.0
4.0808043 15.852299 0.0295 1.0 25.0
4.821172 15.838285 0.0295 1.0 25.0
4.821172 15.838285 0.0296 0.0 26.0
5.56154 15.824272 0.0296 0.0 26.0
5.56154 15.824272 0.0297 0.0 27.0
6.193286 15.437959 0.0297 0.0 27.0
1.4971539 14.403782 0.0298 7.0 21.0
2.2375216 14.389769 0.0298 7.0 21.0
2.2375216 14.389769 0.0299 6.0 22.0
2.9778895 14.375755 0.0299 6.0 22.0
2.9778895 14.375755 0.0300 1.0 23.0
3.6096356 13.989442 0.0300 1.0 23.0
3.6096356 13.989442 0.0301 0.0 24.0
4.2413816 13.603128 0.0301 0.0 24.0
4.2413816 13.603128 0.0302 0.0 25.0
4.591223 12.950479 0.0302 0.0 25.0
2.9778895 14.375755 0.0303 1.0 23.0
3.7182574 14.361742 0.0303 1.0 23.0
3.7182574 14.361742 0.0304 0.0 24.0
4.4586253 14.347729 0.0304 0.0 24.0
4.4586253 14.347729 0.0305 0.0 25.0
5.090371 13.961415 0.0305 0.0 25.0
2.9778895 14.375755 0.0306 5.0 23.0
3.7182574 14.361742 0.0306 5.0 23.0
3.7182574 14.361742 0.0307 4.0 24.0
4.4586253 14.347729 0.0307 4.0 24.0
4.4586253 14.347729 0.0308 3.0 25.0
5.104538 14.709858 0.0308 3.0 25.0
5.104538 14.709858 0.0309 2.0 26.0
5.7504506 15.071987 0.0309 2.0 26.0
5.7504506 15.071987 0.0310 1.0 27.0
6.3963633 15.434116 0.0310 1.0 27.0
6.3963633 15.434116 0.0311 0.0 28.0
7.042276 15.796246 0.0311 0.0 28.0
7.042276 15.796246 0.0312 0.0 29.0
7.782644 15.782232 0.0312 0.0 29.0
4.4586253 14.347729 0.0313 1.0 25.0
5.090371 13.961415 0.0313 1.0 25.0
5.090371 13.961415 0.0314 0.0 26.0
5.7221174 13.575102 0.0314 0.0 26.0
5.7221174 13.575102 0.0315 0.0 27.0
6.0719585 12.922452 0.0315 0.0 27.0
1.4971539 14.403782 0.0316 15.0 21.0
1.8714423 15.042726 0.0316 15.0 21.0
1.8714423 15.042726 0.0317 14.0 22.0
2.2457309 15.681669 0.0317 14.0 22.0
2.2457309 15.681669 0.0318 13.0 23.0
2.6200194 16.320614 0.0318 13.0 23.0
2.6200194 16.320614 0.0319 12.0 24.0
2.994308 16.959557 0.0319 12.0 24.0
2.994308 16.959557 0.0320 11.0 25.0
3.6402206 17.321686 0.0320 11.0 25.0
3.6402206 17.321686 0.0321 10.0 26.0
4.2861333 17.683815 0.0321 10.0 26.0
4.2861333 17.683815 0.0322 9.0 27.0
4.932046 18.045944 0.0322 9.0 27.0
4.932046 18.045944 0.0323 8.0 28.0
5.5779586 18.408073 0.0323 8.0 28.0
5.5779586 18.408073 0.0324 7.0 29.0
6.223871 18.770203 0.0324 7.0 29.0
6.223871 18.770203 0.0325 6.0 30.0
6.869784 19.132332 0.0325 6.0 30.0
6.869784 19.132332 0.0326 1.0 31.0
7.610152 19.118319 0.0326 1.0 31.0
7.610152 19.118319 0.0327 0.0 32.0
8.350519 19.104305 0.0327 0.0 32.0
8.350519 19.104305 0.0328 0.0 33.0
8.982265 18.717993 0.0328 0.0 33.0
6.869784 19.132332 0.0329 1.0 31.0
7.5156965 19.494461 0.0329 1.0 31.0
7.5156965 19.494461 0.0330 0.0 32.0
8.161609 19.85659 0.0330 0.0 32.0
8.161609 19.85659 0.0331 0.0 33.0
8.901977 19.842577 0.0331 0.0 33.0
6.869784 19.132332 0.0332 5.0 31.0
7.5156965 19.494461 0.0332 5.0 31.0
7.5156965 19.494461 0.0333 4.0 32.0
8.161609 19.85659 0.0333 4.0 32.0
8.161609 19.85659 0.0334 3.0 33.0
8.535897 20.495533 0.0334 3.0 33.0
8.535897 20.495533 0.0335 2.0 34.0
8.910186 21.134476 0.0335 2.0 34.0
8.910186 21.134476 0.0336 1.0 35.0
9.284474 21.773418 0.0336 1.0 35.0
9.284474 21.773418 0.0337 0.0 36.0
9.658763 22.412361 0.0337 0.0 36.0
9.658763 22.412361 0.0338 0.0 37.0
10.304675 22.77449 0.0338 0.0 37.0
8.161609 19.85659 0.0339 1.0 33.0
8.901977 19.842577 0.0339 1.0 33.0
8.901977 19.842577 0.0340 0.0 34.0
9.642344 19.828564 0.0340 0.0 34.0
9.642344 19.828564 0.0341 0.0 35.0
10.274091 19.442251 0.0341 0.0 35.0
2.994308 16.959557 0.0342 7.0 25.0
3.6402206 17.321686 0.0342 7.0 25.0
3.6402206 17.321686 0.0343 6.0 26.0
4.2861333 17.683815 0.0343 6.0 26.0
4.2861333 17.683815 0.0344 1.0 27.0
5.026501 17.669802 0.0344 1.0 27.0
5.026501 17.669802 0.0345 0.0 28.0
5.766869 17.655788 0.0345 0.0 28.0
5.766869 17.655788 0.0346 0.0 29.0
6.398615 17.269476 0.0346 0.0 29.0
4.2861333 17.683815 0.0347 1.0 27.0
4.932046 18.045944 0.0347 1.0 27.0
4.932046 18.045944 0.0348 0.0 28.0
5.5779586 18.408073 0.0348 0.0 28.0
5.5779586 18.408073 0.0349 0.0 29.0
6.3183265 18.39406 0.0349 0.0 29.0
4.2861333 17.683815 0.0350 5.0 27.0
4.932046 18.045944 0.0350 5.0 27.0
4.932046 18.045944 0.0351 4.0 28.0
5.5779586 18.408073 0.0351 4.0 28.0
5.5779586 18.408073 0.0352 3.0 29.0
5.952247 19.047016 0.0352 3.0 29.0
5.952247 19.047016 0.0353 2.0 30.0
6.3265357 19.685959 0.0353 2.0 30.0
6.3265357 19.685959 0.0354 1.0 31.0
6.7008243 20.324902 0.0354 1.0 31.0
6.7008243 20.324902 0.0355 0.0 32.0
7.075113 20.963844 0.0355 0.0 32.0
7.075113 20.963844 0.0356 0.0 33.0
7.7210255 21.325974 0.0356 0.0 33.0
5.5779586 18.408073 0.0357 1.0 29.0
6.3183265 18.39406 0.0357 1.0 29.0
6.3183265 18.39406 0.0358 0.0 30.0
7.0586944 18.380047 0.0358 0.0 30.0
7.0586944 18.380047 0.0359 0.0 31.0
7.69044 17.993734 0.0359 0.0 31.0
