0.0 0.0 0.00 60.0 1.0
0.0 0.3490256 0.00 60.0 1.0
0.0 0.3490256 0.01 59.0 2.0
0.0 0.6980512 0.01 59.0 2.0
0.0 0.6980512 0.02 58.0 3.0
0.0 1.0470768 0.02 58.0 3.0
0.0 1.0470768 0.03 57.0 4.0
0.0 1.3961024 0.03 57.0 4.0
0.0 1.3961024 0.04 56.0 5.0
0.0 1.745128 0.04 56.0 5.0
0.0 1.745128 0.05 55.0 6.0
0.0 2.0941536 0.05 55.0 6.0
0.0 2.0941536 0.06 54.0 7.0
0.0 2.4431791 0.06 54.0 7.0
0.0 2.4431791 0.07 53.0 8.0
0.0 2.7922049 0.07 53.0 8.0
0.0 2.7922049 0.08 52.0 9.0
0.0 3.1412306 0.08 52.0 9.0
0.0 3.1412306 0.09 51.0 10.0
0.0 3.4902563 0.09 51.0 10.0
0.0 3.4902563 0.010 50.0 11.0
0.0 3.839282 0.010 50.0 11.0
0.0 3.839282 0.011 49.0 12.0
0.0 4.188308 0.011 49.0 12.0
0.0 4.188308 0.012 48.0 13.0
0.0 4.5373335 0.012 48.0 13.0
0.0 4.5373335 0.013 47.0 14.0
0.0 4.886359 0.013 47.0 14.0
0.0 4.886359 0.014 46.0 15.0
0.0 5.235385 0.014 46.0 15.0
0.0 5.235385 0.015 45.0 16.0
0.0 5.5844107 0.015 45.0 16.0
0.0 5.5844107 0.016 28.0 17.0
-0.23801455 5.8396907 0.016 28.0 17.0
-0.23801455 5.8396907 0.017 27.0 18.0
-0.4760291 6.0949707 0.017 27.0 18.0
-0.4760291 6.0949707 0.018 26.0 19.0
-0.7140436 6.3502507 0.018 26.0 19.0
-0.7140436 6.3502507 0.019 25.0 20.0
-0.9520582 6.6055307 0.019 25.0 20.0
-0.9520582 6.6055307 0.020 24.0 21.0
-1.1900728 6.8608108 0.020 24.0 21.0
-1.1900728 6.8608108 0.021 23.0 22.0
-1.4280874 7.116091 0.021 23.0 22.0
-1.4280874 7.116091 0.022 22.0 23.0
-1.6661019 7.371371 0.022 22.0 23.0
-1.6661019 7.371371 0.023 21.0 24.0
-1.9041165 7.626651 0.023 21.0 24.0
-1.9041165 7.626651 0.024 12.0 25.0
-2.252288 7.651053 0.024 12.0 25.0
-2.252288 7.651053 0.025 11.0 26.0
-2.6004596 7.675455 0.025 11.0 26.0
-2.6004596 7.675455 0.026 10.0 27.0
-2.948631 7.699857 0.026 10.0 27.0
-2.948631 7.699857 0.027 9.0 28.0
-3.2968025 7.7242594 0.027 9.0 28.0
-3.2968025 7.7242594 0.028 4.0 29.0
-3.534817 7.9795394 0.028 4.0 29.0
-3.534817 7.9795394 0.029 3.0 30.0
-3.7728314 8.234819 0.029 3.0 30.0
-3.7728314 8.234819 0.030 0.0 31.0
-4.121003 8.259222 0.030 0.0 31.0
-4.121003 8.259222 0.031 0.0 32.0
-4.469175 8.283625 0.031 0.0 32.0
-3.7728314 8.234819 0.032 2.0 31.0
-4.010846 8.4901 0.032 2.0 31.0
-4.010846 8.4901 0.033 1.0 32.0
-4.248861 8.74538 0.033 1.0 32.0
-4.248861 8.74538 0.034 0.0 33.0
-4.248861 9.094406 0.034 0.0 33.0
-4.248861 9.094406 0.035 0.0 34.0
-4.248861 9.443432 0.035 0.0 34.0
-4.248861 8.74538 0.036 0.0 33.0
-4.5970325 8.769783 0.036 0.0 33.0
-4.5970325 8.769783 0.037 0.0 34.0
-4.9452043 8.794186 0.037 0.0 34.0
-3.2968025 7.7242594 0.038 8.0 29.0
-3.644974 7.7486615 0.038 8.0 29.0
-3.644974 7.7486615 0.039 7.0 30.0
-3.9931455 7.7730637 0.039 7.0 30.0
-3.9931455 7.7730637 0.040 6.0 31.0
-4.341317 7.797466 0.040 6.0 31.0
-4.341317 7.797466 0.041 5.0 32.0
-4.689489 7.821868 0.041 5.0 32.0
-4.689489 7.821868 0.042 4.0 33.0
-4.9275036 8.077148 0.042 4.0 33.0
-4.9275036 8.077148 0.043 3.0 34.0
-5.1655183 8.332429 0.043 3.0 34.0
-5.1655183 8.332429 0.044 0.0 35.0
-5.51369 8.356832 0.044 0.0 35.0
-5.51369 8.356832 0.045 0.0 36.0
-5.8618617 8.381234 0.045 0.0 36.0
-5.1655183 8.332429 0.046 2.0 35.0
-5.403533 8.587709 0.046 2.0 35.0
-5.403533 8.587709 0.047 1.0 36.0
-5.6415477 8.84299 0.047 1.0 36.0
-5.6415477 8.84299 0.048 0.0 37.0
-5.6415477 9.192016 0.048 0.0 37.0
-5.6415477 9.192016 0.049 0.0 38.0
-5.6415477 9.541041 0.049 0.0 38.0
-5.6415477 8.84299 0.050 0.0 37.0
-5.9897194 8.867393 0.050 0.0 37.0
-5.9897194 8.867393 0.051 0.0 38.0
-6.337891 8.891795 0.051 0.0 38.0
-4.689489 7.821868 0.052 4.0 33.0
-4.9607854 7.602284 0.052 4.0 33.0
-4.9607854 7.602284 0.053 3.0 34.0
-5.232082 7.3827 0.053 3.0 34.0
-5.232082 7.3827 0.054 0.0 35.0
-5.280767 7.0370865 0.054 0.0 35.0
-5.280767 7.0370865 0.055 0.0 36.0
-5.329452 6.691473 0.055 0.0 36.0
-5.232082 7.3827 0.056 2.0 35.0
-5.5033784 7.163116 0.056 2.0 35.0
-5.5033784 7.163116 0.057 1.0 36.0
-5.774675 6.943532 0.057 1.0 36.0
-5.774675 6.943532 0.058 0.0 37.0
-6.1228466 6.967934 0.058 0.0 37.0
-6.1228466 6.967934 0.059 0.0 38.0
-6.4710183 6.9923363 0.059 0.0 38.0
-5.774675 6.943532 0.060 0.0 37.0
-5.82336 6.5979185 0.060 0.0 37.0
-5.82336 6.5979185 0.061 0.0 38.0
-5.872045 6.252305 0.061 0.0 38.0
-1.9041165 7.626651 0.062 20.0 25.0
-2.142131 7.881931 0.062 20.0 25.0
-2.142131 7.881931 0.063 19.0 26.0
-2.3801455 8.137211 0.063 19.0 26.0
-2.3801455 8.137211 0.064 18.0 27.0
-2.61816 8.392491 0.064 18.0 27.0
-2.61816 8.392491 0.065 17.0 28.0
-2.8561745 8.647772 0.065 17.0 28.0
-2.8561745 8.647772 0.066 16.0 29.0
-3.094189 8.903052 0.066 16.0 29.0
-3.094189 8.903052 0.067 15.0 30.0
-3.3322034 9.158333 0.067 15.0 30.0
-3.3322034 9.158333 0.068 14.0 31.0
-3.5702178 9.413613 0.068 14.0 31.0
-3.5702178 9.413613 0.069 13.0 32.0
-3.8082323 9.668894 0.069 13.0 32.0
-3.8082323 9.668894 0.070 12.0 33.0
-3.8082323 10.01792 0.070 12.0 33.0
-3.8082323 10.01792 0.071 11.0 34.0
-3.8082323 10.366945 0.071 11.0 34.0
-3.8082323 10.366945 0.072 10.0 35.0
-3.8082323 10.715971 0.072 10.0 35.0
-3.8082323 10.715971 0.073 9.0 36.0
-3.8082323 11.064997 0.073 9.0 36.0
-3.8082323 11.064997 0.074 4.0 37.0
-3.5702178 11.320277 0.074 4.0 37.0
-3.5702178 11.320277 0.075 3.0 38.0
-3.3322034 11.575558 0.075 3.0 38.0
-3.3322034 11.575558 0.076 0.0 39.0
-3.3322034 11.924583 0.076 0.0 39.0
-3.3322034 11.924583 0.077 0.0 40.0
-3.3322034 12.273609 0.077 0.0 40.0
-3.3322034 11.575558 0.078 2.0 39.0
-3.094189 11.830838 0.078 2.0 39.0
-3.094189 11.830838 0.079 1.0 40.0
-2.8561745 12.086119 0.079 1.0 40.0
-2.8561745 12.086119 0.080 0.0 41.0
-2.508003 12.110521 0.080 0.0 41.0
-2.508003 12.110521 0.081 0.0 42.0
-2.1598315 12.134924 0.081 0.0 42.0
-2.8561745 12.086119 0.082 0.0 41.0
-2.8561745 12.435144 0.082 0.0 41.0
-2.8561745 12.435144 0.083 0.0 42.0
-2.8561745 12.78417 0.083 0.0 42.0
-3.8082323 11.064997 0.084 8.0 37.0
-3.8082323 11.414022 0.084 8.0 37.0
-3.8082323 11.414022 0.085 7.0 38.0
-3.8082323 11.763048 0.085 7.0 38.0
-3.8082323 11.763048 0.086 6.0 39.0
-3.8082323 12.112074 0.086 6.0 39.0
-3.8082323 12.112074 0.087 5.0 40.0
-3.8082323 12.4611 0.087 5.0 40.0
-3.8082323 12.4611 0.088 4.0 41.0
-3.5702178 12.71638 0.088 4.0 41.0
-3.5702178 12.71638 0.089 3.0 42.0
-3.3322034 12.971661 0.089 3.0 42.0
-3.3322034 12.971661 0.090 0.0 43.0
-3.3322034 13.320686 0.090 0.0 43.0
-3.3322034 13.320686 0.091 0.0 44.0
-3.3322034 13.669712 0.091 0.0 44.0
-3.3322034 12.971661 0.092 2.0 43.0
-3.094189 13.226941 0.092 2.0 43.0
-3.094189 13.226941 0.093 1.0 44.0
-2.8561745 13.482222 0.093 1.0 44.0
-2.8561745 13.482222 0.094 0.0 45.0
-2.508003 13.506624 0.094 0.0 45.0
-2.508003 13.506624 0.095 0.0 46.0
-2.1598315 13.531027 0.095 0.0 46.0
-2.8561745 13.482222 0.096 0.0 45.0
-2.8561745 13.831247 0.096 0.0 45.0
-2.8561745 13.831247 0.097 0.0 46.0
-2.8561745 14.180273 0.097 0.0 46.0
-3.8082323 12.4611 0.098 4.0 41.0
-4.046247 12.71638 0.098 4.0 41.0
-4.046247 12.71638 0.099 3.0 42.0
-4.2842617 12.971661 0.099 3.0 42.0
-4.2842617 12.971661 0.0100 0.0 43.0
-4.6324334 12.996063 0.0100 0.0 43.0
-4.6324334 12.996063 0.0101 0.0 44.0
-4.980605 13.020466 0.0101 0.0 44.0
-4.2842617 12.971661 0.0102 2.0 43.0
-4.5222764 13.226941 0.0102 2.0 43.0
-4.5222764 13.226941 0.0103 1.0 44.0
-4.760291 13.482222 0.0103 1.0 44.0
-4.760291 13.482222 0.0104 0.0 45.0
-4.760291 13.831247 0.0104 0.0 45.0
-4.760291 13.831247 0.0105 0.0 46.0
-4.760291 14.180273 0.0105 0.0 46.0
-4.760291 13.482222 0.0106 0.0 45.0
-5.108463 13.506624 0.0106 0.0 45.0
-5.108463 13.506624 0.0107 0.0 46.0
-5.4566345 13.531027 0.0107 0.0 46.0
-3.8082323 9.668894 0.0108 12.0 33.0
-4.156404 9.693296 0.0108 12.0 33.0
-4.156404 9.693296 0.0109 11.0 34.0
-4.5045757 9.717699 0.0109 11.0 34.0
-4.5045757 9.717699 0.0110 10.0 35.0
-4.8527474 9.742102 0.0110 10.0 35.0
-4.8527474 9.742102 0.0111 9.0 36.0
-5.200919 9.766504 0.0111 9.0 36.0
-5.200919 9.766504 0.0112 4.0 37.0
-5.438934 10.021785 0.0112 4.0 37.0
-5.438934 10.021785 0.0113 3.0 38.0
-5.6769485 10.277065 0.0113 3.0 38.0
-5.6769485 10.277065 0.0114 0.0 39.0
-6.0251203 10.301468 0.0114 0.0 39.0
-6.0251203 10.301468 0.0115 0.0 40.0
-6.373292 10.3258705 0.0115 0.0 40.0
-5.6769485 10.277065 0.0116 2.0 39.0
-5.9149632 10.532346 0.0116 2.0 39.0
-5.9149632 10.532346 0.0117 1.0 40.0
-6.152978 10.787626 0.0117 1.0 40.0
-6.152978 10.787626 0.0118 0.0 41.0
-6.152978 11.136652 0.0118 0.0 41.0
-6.152978 11.136652 0.0119 0.0 42.0
-6.152978 11.485678 0.0119 0.0 42.0
-6.152978 10.787626 0.0120 0.0 41.0
-6.5011497 10.812029 0.0120 0.0 41.0
-6.5011497 10.812029 0.0121 0.0 42.0
-6.8493214 10.8364315 0.0121 0.0 42.0
-5.200919 9.766504 0.0122 8.0 37.0
-5.549091 9.790907 0.0122 8.0 37.0
-5.549091 9.790907 0.0123 7.0 38.0
-5.8972626 9.81531 0.0123 7.0 38.0
-5.8972626 9.81531 0.0124 6.0 39.0
-6.2454343 9.839712 0.0124 6.0 39.0
-6.2454343 9.839712 0.0125 5.0 40.0
-6.593606 9.864115 0.0125 5.0 40.0
-6.593606 9.864115 0.0126 4.0 41.0
-6.8316207 10.119395 0.0126 4.0 41.0
-6.8316207 10.119395 0.0127 3.0 42.0
-7.0696354 10.374676 0.0127 3.0 42.0
-7.0696354 10.374676 0.0128 0.0 43.0
-7.417807 10.399078 0.0128 0.0 43.0
-7.417807 10.399078 0.0129 0.0 44.0
-7.765979 10.423481 0.0129 0.0 44.0
-7.0696354 10.374676 0.0130 2.0 43.0
-7.30765 10.629956 0.0130 2.0 43.0
-7.30765 10.629956 0.0131 1.0 44.0
-7.545665 10.885237 0.0131 1.0 44.0
-7.545665 10.885237 0.0132 0.0 45.0
-7.545665 11.234262 0.0132 0.0 45.0
-7.545665 11.234262 0.0133 0.0 46.0
-7.545665 11.583288 0.0133 0.0 46.0
-7.545665 10.885237 0.0134 0.0 45.0
-7.8938365 10.909639 0.0134 0.0 45.0
-7.8938365 10.909639 0.0135 0.0 46.0
-8.242008 10.934042 0.0135 0.0 46.0
-6.593606 9.864115 0.0136 4.0 41.0
-6.8649025 9.64453 0.0136 4.0 41.0
-6.8649025 9.64453 0.0137 3.0 42.0
-7.136199 9.424946 0.0137 3.0 42.0
-7.136199 9.424946 0.0138 0.0 43.0
-7.184884 9.079332 0.0138 0.0 43.0
-7.184884 9.079332 0.0139 0.0 44.0
-7.233569 8.733719 0.0139 0.0 44.0
-7.136199 9.424946 0.0140 2.0 43.0
-7.4074955 9.205361 0.0140 2.0 43.0
-7.4074955 9.205361 0.0141 1.0 44.0
-7.678792 8.985777 0.0141 1.0 44.0
-7.678792 8.985777 0.0142 0.0 45.0
-8.026963 9.0101795 0.0142 0.0 45.0
-8.026963 9.0101795 0.0143 0.0 46.0
-8.375134 9.034582 0.0143 0.0 46.0
-7.678792 8.985777 0.0144 0.0 45.0
-7.727477 8.640163 0.0144 0.0 45.0
-7.727477 8.640163 0.0145 0.0 46.0
-7.776162 8.29455 0.0145 0.0 46.0
0.0 5.5844107 0.0146 44.0 17.0
0.0 5.9334364 0.0146 44.0 17.0
0.0 5.9334364 0.0147 43.0 18.0
0.0 6.282462 0.0147 43.0 18.0
0.0 6.282462 0.0148 42.0 19.0
0.0 6.631488 0.0148 42.0 19.0
0.0 6.631488 0.0149 41.0 20.0
0.0 6.9805136 0.0149 41.0 20.0
0.0 6.9805136 0.0150 40.0 21.0
0.0 7.3295393 0.0150 40.0 21.0
0.0 7.3295393 0.0151 39.0 22.0
0.0 7.678565 0.0151 39.0 22.0
0.0 7.678565 0.0152 38.0 23.0
0.0 8.027591 0.0152 38.0 23.0
0.0 8.027591 0.0153 37.0 24.0
0.0 8.3766165 0.0153 37.0 24.0
0.0 8.3766165 0.0154 36.0 25.0
0.0 8.725642 0.0154 36.0 25.0
0.0 8.725642 0.0155 35.0 26.0
0.0 9.074668 0.0155 35.0 26.0
0.0 9.074668 0.0156 34.0 27.0
0.0 9.423694 0.0156 34.0 27.0
0.0 9.423694 0.0157 33.0 28.0
0.0 9.772719 0.0157 33.0 28.0
0.0 9.772719 0.0158 32.0 29.0
0.0 10.121745 0.0158 32.0 29.0
0.0 10.121745 0.0159 31.0 30.0
0.0 10.470771 0.0159 31.0 30.0
0.0 10.470771 0.0160 30.0 31.0
0.0 10.819797 0.0160 30.0 31.0
0.0 10.819797 0.0161 29.0 32.0
0.0 11.168822 0.0161 29.0 32.0
0.0 11.168822 0.0162 28.0 33.0
0.23801455 11.424103 0.0162 28.0 33.0
0.23801455 11.424103 0.0163 27.0 34.0
0.4760291 11.679383 0.0163 27.0 34.0
0.4760291 11.679383 0.0164 26.0 35.0
0.7140436 11.934664 0.0164 26.0 35.0
0.7140436 11.934664 0.0165 25.0 36.0
0.9520582 12.189944 0.0165 25.0 36.0
0.9520582 12.189944 0.0166 24.0 37.0
1.1900728 12.445225 0.0166 24.0 37.0
1.1900728 12.445225 0.0167 23.0 38.0
1.4280874 12.700505 0.0167 23.0 38.0
1.4280874 12.700505 0.0168 22.0 39.0
1.6661019 12.955786 0.0168 22.0 39.0
1.6661019 12.955786 0.0169 21.0 40.0
1.9041165 13.211066 0.0169 21.0 40.0
1.9041165 13.211066 0.0170 12.0 41.0
1.9041165 13.560092 0.0170 12.0 41.0
1.9041165 13.560092 0.0171 11.0 42.0
1.9041165 13.909118 0.0171 11.0 42.0
1.9041165 13.909118 0.0172 10.0 43.0
1.9041165 14.258143 0.0172 10.0 43.0
1.9041165 14.258143 0.0173 9.0 44.0
1.9041165 14.607169 0.0173 9.0 44.0
1.9041165 14.607169 0.0174 4.0 45.0
2.142131 14.86245 0.0174 4.0 45.0
2.142131 14.86245 0.0175 3.0 46.0
2.3801455 15.11773 0.0175 3.0 46.0
2.3801455 15.11773 0.0176 0.0 47.0
2.3801455 15.466756 0.0176 0.0 47.0
2.3801455 15.466756 0.0177 0.0 48.0
2.3801455 15.815782 0.0177 0.0 48.0
2.3801455 15.11773 0.0178 2.0 47.0
2.61816 15.373011 0.0178 2.0 47.0
2.61816 15.373011 0.0179 1.0 48.0
2.8561745 15.628291 0.0179 1.0 48.0
2.8561745 15.628291 0.0180 0.0 49.0
3.204346 15.652694 0.0180 0.0 49.0
3.204346 15.652694 0.0181 0.0 50.0
3.5525174 15.677096 0.0181 0.0 50.0
2.8561745 15.628291 0.0182 0.0 49.0
2.8561745 15.977317 0.0182 0.0 49.0
2.8561745 15.977317 0.0183 0.0 50.0
2.8561745 16.326342 0.0183 0.0 50.0
1.9041165 14.607169 0.0184 8.0 45.0
1.9041165 14.956195 0.0184 8.0 45.0
1.9041165 14.956195 0.0185 7.0 46.0
1.9041165 15.305221 0.0185 7.0 46.0
1.9041165 15.305221 0.0186 6.0 47.0
1.9041165 15.654246 0.0186 6.0 47.0
1.9041165 15.654246 0.0187 5.0 48.0
1.9041165 16.003271 0.0187 5.0 48.0
1.9041165 16.003271 0.0188 4.0 49.0
2.142131 16.25855 0.0188 4.0 49.0
2.142131 16.25855 0.0189 3.0 50.0
2.3801455 16.51383 0.0189 3.0 50.0
2.3801455 16.51383 0.0190 0.0 51.0
2.3801455 16.862856 0.0190 0.0 51.0
2.3801455 16.862856 0.0191 0.0 52.0
2.3801455 17.211882 0.0191 0.0 52.0
2.3801455 16.51383 0.0192 2.0 51.0
2.61816 16.76911 0.0192 2.0 51.0
2.61816 16.76911 0.0193 1.0 52.0
2.8561745 17.02439 0.0193 1.0 52.0
2.8561745 17.02439 0.0194 0.0 53.0
3.204346 17.048792 0.0194 0.0 53.0
3.204346 17.048792 0.0195 0.0 54.0
3.5525174 17.073195 0.0195 0.0 54.0
2.8561745 17.02439 0.0196 0.0 53.0
2.8561745 17.373415 0.0196 0.0 53.0
2.8561745 17.373415 0.0197 0.0 54.0
2.8561745 17.72244 0.0197 0.0 54.0
1.9041165 16.003271 0.0198 4.0 49.0
1.6661019 16.25855 0.0198 4.0 49.0
1.6661019 16.25855 0.0199 3.0 50.0
1.4280874 16.51383 0.0199 3.0 50.0
1.4280874 16.51383 0.0200 0.0 51.0
1.0799158 16.538233 0.0200 0.0 51.0
1.0799158 16.538233 0.0201 0.0 52.0
0.7317442 16.562635 0.0201 0.0 52.0
1.4280874 16.51383 0.0202 2.0 51.0
1.1900728 16.76911 0.0202 2.0 51.0
1.1900728 16.76911 0.0203 1.0 52.0
0.9520582 17.02439 0.0203 1.0 52.0
0.9520582 17.02439 0.0204 0.0 53.0
0.9520582 17.373415 0.0204 0.0 53.0
0.9520582 17.373415 0.0205 0.0 54.0
0.9520582 17.72244 0.0205 0.0 54.0
0.9520582 17.02439 0.0206 0.0 53.0
0.60388666 17.048792 0.0206 0.0 53.0
0.60388666 17.048792 0.0207 0.0 54.0
0.25571513 17.073195 0.0207 0.0 54.0
1.9041165 13.211066 0.0208 20.0 41.0
2.142131 13.466347 0.0208 20.0 41.0
2.142131 13.466347 0.0209 19.0 42.0
2.3801455 13.721627 0.0209 19.0 42.0
2.3801455 13.721627 0.0210 18.0 43.0
2.61816 13.976908 0.0210 18.0 43.0
2.61816 13.976908 0.0211 17.0 44.0
2.8561745 14.232188 0.0211 17.0 44.0
2.8561745 14.232188 0.0212 16.0 45.0
3.094189 14.487469 0.0212 16.0 45.0
3.094189 14.487469 0.0213 15.0 46.0
3.3322034 14.742749 0.0213 15.0 46.0
3.3322034 14.742749 0.0214 14.0 47.0
3.5702178 14.99803 0.0214 14.0 47.0
3.5702178 14.99803 0.0215 13.0 48.0
3.8082323 15.25331 0.0215 13.0 48.0
3.8082323 15.25331 0.0216 12.0 49.0
4.156404 15.277713 0.0216 12.0 49.0
4.156404 15.277713 0.0217 11.0 50.0
4.5045757 15.302115 0.0217 11.0 50.0
4.5045757 15.302115 0.0218 10.0 51.0
4.8527474 15.326518 0.0218 10.0 51.0
4.8527474 15.326518 0.0219 9.0 52.0
5.200919 15.350921 0.0219 9.0 52.0
5.200919 15.350921 0.0220 4.0 53.0
5.4722157 15.131336 0.0220 4.0 53.0
5.4722157 15.131336 0.0221 3.0 54.0
5.743512 14.911752 0.0221 3.0 54.0
5.743512 14.911752 0.0222 0.0 55.0
6.091684 14.936154 0.0222 0.0 55.0
6.091684 14.936154 0.0223 0.0 56.0
6.4398556 14.960557 0.0223 0.0 56.0
5.743512 14.911752 0.0224 2.0 55.0
6.0148087 14.692167 0.0224 2.0 55.0
6.0148087 14.692167 0.0225 1.0 56.0
6.286105 14.472583 0.0225 1.0 56.0
6.286105 14.472583 0.0226 0.0 57.0
6.33479 14.126969 0.0226 0.0 57.0
6.33479 14.126969 0.0227 0.0 58.0
6.3834753 13.781356 0.0227 0.0 58.0
6.286105 14.472583 0.0228 0.0 57.0
6.634277 14.496985 0.0228 0.0 57.0
6.634277 14.496985 0.0229 0.0 58.0
6.9824486 14.521388 0.0229 0.0 58.0
5.200919 15.350921 0.0230 8.0 53.0
5.549091 15.375323 0.0230 8.0 53.0
5.549091 15.375323 0.0231 7.0 54.0
5.8972626 15.399726 0.0231 7.0 54.0
5.8972626 15.399726 0.0232 6.0 55.0
6.2454343 15.424129 0.0232 6.0 55.0
6.2454343 15.424129 0.0233 5.0 56.0
6.593606 15.448531 0.0233 5.0 56.0
6.593606 15.448531 0.0234 4.0 57.0
6.8649025 15.228947 0.0234 4.0 57.0
6.8649025 15.228947 0.0235 3.0 58.0
7.136199 15.009362 0.0235 3.0 58.0
7.136199 15.009362 0.0236 0.0 59.0
7.4843707 15.033765 0.0236 0.0 59.0
7.4843707 15.033765 0.0237 0.0 60.0
7.8325424 15.058167 0.0237 0.0 60.0
7.136199 15.009362 0.0238 2.0 59.0
7.4074955 14.789778 0.0238 2.0 59.0
7.4074955 14.789778 0.0239 1.0 60.0
7.678792 14.570193 0.0239 1.0 60.0
7.678792 14.570193 0.0240 0.0 61.0
7.727477 14.22458 0.0240 0.0 61.0
7.727477 14.22458 0.0241 0.0 62.0
7.776162 13.878966 0.0241 0.0 62.0
7.678792 14.570193 0.0242 0.0 61.0
8.026963 14.594596 0.0242 0.0 61.0
8.026963 14.594596 0.0243 0.0 62.0
8.375134 14.618999 0.0243 0.0 62.0
6.593606 15.448531 0.0244 4.0 57.0
6.8316207 15.703812 0.0244 4.0 57.0
6.8316207 15.703812 0.0245 3.0 58.0
7.0696354 15.959092 0.0245 3.0 58.0
7.0696354 15.959092 0.0246 0.0 59.0
7.0696354 16.308117 0.0246 0.0 59.0
7.0696354 16.308117 0.0247 0.0 60.0
7.0696354 16.657143 0.0247 0.0 60.0
7.0696354 15.959092 0.0248 2.0 59.0
7.30765 16.214373 0.0248 2.0 59.0
7.30765 16.214373 0.0249 1.0 60.0
7.545665 16.469652 0.0249 1.0 60.0
7.545665 16.469652 0.0250 0.0 61.0
7.8938365 16.494055 0.0250 0.0 61.0
7.8938365 16.494055 0.0251 0.0 62.0
8.242008 16.518457 0.0251 0.0 62.0
7.545665 16.469652 0.0252 0.0 61.0
7.545665 16.818678 0.0252 0.0 61.0
7.545665 16.818678 0.0253 0.0 62.0
7.545665 17.167704 0.0253 0.0 62.0
3.8082323 15.25331 0.0254 12.0 49.0
3.8082323 15.602336 0.0254 12.0 49.0
3.8082323 15.602336 0.0255 11.0 50.0
3.8082323 15.951362 0.0255 11.0 50.0
3.8082323 15.951362 0.0256 10.0 51.0
3.8082323 16.300386 0.0256 10.0 51.0
3.8082323 16.300386 0.0257 9.0 52.0
3.8082323 16.649412 0.0257 9.0 52.0
3.8082323 16.649412 0.0258 4.0 53.0
4.046247 16.904692 0.0258 4.0 53.0
4.046247 16.904692 0.0259 3.0 54.0
4.2842617 17.159971 0.0259 3.0 54.0
4.2842617 17.159971 0.0260 0.0 55.0
4.2842617 17.508997 0.0260 0.0 55.0
4.2842617 17.508997 0.0261 0.0 56.0
4.2842617 17.858023 0.0261 0.0 56.0
4.2842617 17.159971 0.0262 2.0 55.0
4.5222764 17.41525 0.0262 2.0 55.0
4.5222764 17.41525 0.0263 1.0 56.0
4.760291 17.67053 0.0263 1.0 56.0
4.760291 17.67053 0.0264 0.0 57.0
5.108463 17.694933 0.0264 0.0 57.0
5.108463 17.694933 0.0265 0.0 58.0
5.4566345 17.719336 0.0265 0.0 58.0
4.760291 17.67053 0.0266 0.0 57.0
4.760291 18.019556 0.0266 0.0 57.0
4.760291 18.019556 0.0267 0.0 58.0
4.760291 18.368582 0.0267 0.0 58.0
3.8082323 16.649412 0.0268 8.0 53.0
3.8082323 16.998438 0.0268 8.0 53.0
3.8082323 16.998438 0.0269 7.0 54.0
3.8082323 17.347464 0.0269 7.0 54.0
3.8082323 17.347464 0.0270 6.0 55.0
3.8082323 17.69649 0.0270 6.0 55.0
3.8082323 17.69649 0.0271 5.0 56.0
3.8082323 18.045515 0.0271 5.0 56.0
3.8082323 18.045515 0.0272 4.0 57.0
4.046247 18.300795 0.0272 4.0 57.0
4.046247 18.300795 0.0273 3.0 58.0
4.2842617 18.556074 0.0273 3.0 58.0
4.2842617 18.556074 0.0274 0.0 59.0
4.2842617 18.9051 0.0274 0.0 59.0
4.2842617 18.9051 0.0275 0.0 60.0
4.2842617 19.254126 0.0275 0.0 60.0
4.2842617 18.556074 0.0276 2.0 59.0
4.5222764 18.811354 0.0276 2.0 59.0
4.5222764 18.811354 0.0277 1.0 60.0
4.760291 19.066633 0.0277 1.0 60.0
4.760291 19.066633 0.0278 0.0 61.0
5.108463 19.091036 0.0278 0.0 61.0
5.108463 19.091036 0.0279 0.0 62.0
5.4566345 19.115438 0.0279 0.0 62.0
4.760291 19.066633 0.0280 0.0 61.0
4.760291 19.415659 0.0280 0.0 61.0
4.760291 19.415659 0.0281 0.0 62.0
4.760291 19.764685 0.0281 0.0 62.0
3.8082323 18.045515 0.0282 4.0 57.0
3.5702178 18.300795 0.0282 4.0 57.0
3.5702178 18.300795 0.0283 3.0 58.0
3.3322034 18.556074 0.0283 3.0 58.0
3.3322034 18.556074 0.0284 0.0 59.0
2.984032 18.580477 0.0284 0.0 59.0
2.984032 18.580477 0.0285 0.0 60.0
2.6358604 18.60488 0.0285 0.0 60.0
3.3322034 18.556074 0.0286 2.0 59.0
3.094189 18.811354 0.0286 2.0 59.0
3.094189 18.811354 0.0287 1.0 60.0
2.8561745 19.066633 0.0287 1.0 60.0
2.8561745 19.066633 0.0288 0.0 61.0
2.8561745 19.415659 0.0288 0.0 61.0
2.8561745 19.415659 0.0289 0.0 62.0
2.8561745 19.764685 0.0289 0.0 62.0
2.8561745 19.066633 0.0290 0.0 61.0
2.508003 19.091036 0.0290 0.0 61.0
2.508003 19.091036 0.0291 0.0 62.0
2.1598315 19.115438 0.0291 0.0 62.0
0.0 11.168822 0.0292 28.0 33.0
-0.23801455 11.424103 0.0292 28.0 33.0
-0.23801455 11.424103 0.0293 27.0 34.0
-0.4760291 11.679383 0.0293 27.0 34.0
-0.4760291 11.679383 0.0294 26.0 35.0
-0.7140436 11.934664 0.0294 26.0 35.0
-0.7140436 11.934664 0.0295 25.0 36.0
-0.9520582 12.189944 0.0295 25.0 36.0
-0.9520582 12.189944 0.0296 24.0 37.0
-1.1900728 12.445225 0.0296 24.0 37.0
-1.1900728 12.445225 0.0297 23.0 38.0
-1.4280874 12.700505 0.0297 23.0 38.0
-1.4280874 12.700505 0.0298 22.0 39.0
-1.6661019 12.955786 0.0298 22.0 39.0
-1.6661019 12.955786 0.0299 21.0 40.0
-1.9041165 13.211066 0.0299 21.0 40.0
-1.9041165 13.211066 0.0300 12.0 41.0
-2.252288 13.235469 0.0300 12.0 41.0
-2.252288 13.235469 0.0301 11.0 42.0
-2.6004596 13.2598715 0.0301 11.0 42.0
-2.6004596 13.2598715 0.0302 10.0 43.0
-2.948631 13.284274 0.0302 10.0 43.0
-2.948631 13.284274 0.0303 9.0 44.0
-3.2968025 13.308677 0.0303 9.0 44.0
-3.2968025 13.308677 0.0304 4.0 45.0
-3.534817 13.563957 0.0304 4.0 45.0
-3.534817 13.563957 0.0305 3.0 46.0
-3.7728314 13.819238 0.0305 3.0 46.0
-3.7728314 13.819238 0.0306 0.0 47.0
-4.121003 13.84364 0.0306 0.0 47.0
-4.121003 13.84364 0.0307 0.0 48.0
-4.469175 13.868043 0.0307 0.0 48.0
-3.7728314 13.819238 0.0308 2.0 47.0
-4.010846 14.074518 0.0308 2.0 47.0
-4.010846 14.074518 0.0309 1.0 48.0
-4.248861 14.329799 0.0309 1.0 48.0
-4.248861 14.329799 0.0310 0.0 49.0
-4.248861 14.678824 0.0310 0.0 49.0
-4.248861 14.678824 0.0311 0.0 50.0
-4.248861 15.02785 0.0311 0.0 50.0
-4.248861 14.329799 0.0312 0.0 49.0
-4.5970325 14.354201 0.0312 0.0 49.0
-4.5970325 14.354201 0.0313 0.0 50.0
-4.9452043 14.378604 0.0313 0.0 50.0
-3.2968025 13.308677 0.0314 8.0 45.0
-3.644974 13.333079 0.0314 8.0 45.0
-3.644974 13.333079 0.0315 7.0 46.0
-3.9931455 13.357482 0.0315 7.0 46.0
-3.9931455 13.357482 0.0316 6.0 47.0
-4.341317 13.381885 0.0316 6.0 47.0
-4.341317 13.381885 0.0317 5.0 48.0
-4.689489 13.406287 0.0317 5.0 48.0
-4.689489 13.406287 0.0318 4.0 49.0
-4.9275036 13.661568 0.0318 4.0 49.0
-4.9275036 13.661568 0.0319 3.0 50.0
-5.1655183 13.916848 0.0319 3.0 50.0
-5.1655183 13.916848 0.0320 0.0 51.0
-5.51369 13.941251 0.0320 0.0 51.0
-5.51369 13.941251 0.0321 0.0 52.0
-5.8618617 13.965653 0.0321 0.0 52.0
-5.1655183 13.916848 0.0322 2.0 51.0
-5.403533 14.172129 0.0322 2.0 51.0
-5.403533 14.172129 0.0323 1.0 52.0
-5.6415477 14.427409 0.0323 1.0 52.0
-5.6415477 14.427409 0.0324 0.0 53.0
-5.6415477 14.776435 0.0324 0.0 53.0
-5.6415477 14.776435 0.0325 0.0 54.0
-5.6415477 15.125461 0.0325 0.0 54.0
-5.6415477 14.427409 0.0326 0.0 53.0
-5.9897194 14.451812 0.0326 0.0 53.0
-5.9897194 14.451812 0.0327 0.0 54.0
-6.337891 14.476214 0.0327 0.0 54.0
-4.689489 13.406287 0.0328 4.0 49.0
-4.9607854 13.186703 0.0328 4.0 49.0
-4.9607854 13.186703 0.0329 3.0 50.0
-5.232082 12.967118 0.0329 3.0 50.0
-5.232082 12.967118 0.0330 0.0 51.0
-5.280767 12.621505 0.0330 0.0 51.0
-5.280767 12.621505 0.0331 0.0 52.0
-5.329452 12.275891 0.0331 0.0 52.0
-5.232082 12.967118 0.0332 2.0 51.0
-5.5033784 12.747534 0.0332 2.0 51.0
-5.5033784 12.747534 0.0333 1.0 52.0
-5.774675 12.527949 0.0333 1.0 52.0
-5.774675 12.527949 0.0334 0.0 53.0
-6.1228466 12.552352 0.0334 0.0 53.0
-6.1228466 12.552352 0.0335 0.0 54.0
-6.4710183 12.576755 0.0335 0.0 54.0
-5.774675 12.527949 0.0336 0.0 53.0
-5.82336 12.182336 0.0336 0.0 53.0
-5.82336 12.182336 0.0337 0.0 54.0
-5.872045 11.836722 0.0337 0.0 54.0
-1.9041165 13.211066 0.0338 20.0 41.0
-2.142131 13.466347 0.0338 20.0 41.0
-2.142131 13.466347 0.0339 19.0 42.0
-2.3801455 13.721627 0.0339 19.0 42.0
-2.3801455 13.721627 0.0340 18.0 43.0
-2.61816 13.976908 0.0340 18.0 43.0
-2.61816 13.976908 0.0341 17.0 44.0
-2.8561745 14.232188 0.0341 17.0 44.0
-2.8561745 14.232188 0.0342 16.0 45.0
-3.094189 14.487469 0.0342 16.0 45.0
-3.094189 14.487469 0.0343 15.0 46.0
-3.3322034 14.742749 0.0343 15.0 46.0
-3.3322034 14.742749 0.0344 14.0 47.0
-3.5702178 14.99803 0.0344 14.0 47.0
-3.5702178 14.99803 0.0345 13.0 48.0
-3.8082323 15.25331 0.0345 13.0 48.0
-3.8082323 15.25331 0.0346 12.0 49.0
-3.8082323 15.602336 0.0346 12.0 49.0
-3.8082323 15.602336 0.0347 11.0 50.0
-3.8082323 15.951362 0.0347 11.0 50.0
-3.8082323 15.951362 0.0348 10.0 51.0
-3.8082323 16.300386 0.0348 10.0 51.0
-3.8082323 16.300386 0.0349 9.0 52.0
-3.8082323 16.649412 0.0349 9.0 52.0
-3.8082323 16.649412 0.0350 4.0 53.0
-3.5702178 16.904692 0.0350 4.0 53.0
-3.5702178 16.904692 0.0351 3.0 54.0
-3.3322034 17.159971 0.0351 3.0 54.0
-3.3322034 17.159971 0.0352 0.0 55.0
-3.3322034 17.508997 0.0352 0.0 55.0
-3.3322034 17.508997 0.0353 0.0 56.0
-3.3322034 17.858023 0.0353 0.0 56.0
-3.3322034 17.159971 0.0354 2.0 55.0
-3.094189 17.41525 0.0354 2.0 55.0
-3.094189 17.41525 0.0355 1.0 56.0
-2.8561745 17.67053 0.0355 1.0 56.0
-2.8561745 17.67053 0.0356 0.0 57.0
-2.508003 17.694933 0.0356 0.0 57.0
-2.508003 17.694933 0.0357 0.0 58.0
-2.1598315 17.719336 0.0357 0.0 58.0
-2.8561745 17.67053 0.0358 0.0 57.0
-2.8561745 18.019556 0.0358 0.0 57.0
-2.8561745 18.019556 0.0359 0.0 58.0
-2.8561745 18.368582 0.0359 0.0 58.0
-3.8082323 16.649412 0.0360 8.0 53.0
-3.8082323 16.998438 0.0360 8.0 53.0
-3.8082323 16.998438 0.0361 7.0 54.0
-3.8082323 17.347464 0.0361 7.0 54.0
-3.8082323 17.347464 0.0362 6.0 55.0
-3.8082323 17.69649 0.0362 6.0 55.0
-3.8082323 17.69649 0.0363 5.0 56.0
-3.8082323 18.045515 0.0363 5.0 56.0
-3.8082323 18.045515 0.0364 4.0 57.0
-3.5702178 18.300795 0.0364 4.0 57.0
-3.5702178 18.300795 0.0365 3.0 58.0
-3.3322034 18.556074 0.0365 3.0 58.0
-3.3322034 18.556074 0.0366 0.0 59.0
-3.3322034 18.9051 0.0366 0.0 59.0
-3.3322034 18.9051 0.0367 0.0 60.0
-3.3322034 19.254126 0.0367 0.0 60.0
-3.3322034 18.556074 0.0368 2.0 59.0
-3.094189 18.811354 0.0368 2.0 59.0
-3.094189 18.811354 0.0369 1.0 60.0
-2.8561745 19.066633 0.0369 1.0 60.0
-2.8561745 19.066633 0.0370 0.0 61.0
-2.508003 19.091036 0.0370 0.0 61.0
-2.508003 19.091036 0.0371 0.0 62.0
-2.1598315 19.115438 0.0371 0.0 62.0
-2.8561745 19.066633 0.0372 0.0 61.0
-2.8561745 19.415659 0.0372 0.0 61.0
-2.8561745 19.415659 0.0373 0.0 62.0
-2.8561745 19.764685 0.0373 0.0 62.0
-3.8082323 18.045515 0.0374 4.0 57.0
-4.046247 18.300795 0.0374 4.0 57.0
-4.046247 18.300795 0.0375 3.0 58.0
-4.2842617 18.556074 0.0375 3.0 58.0
-4.2842617 18.556074 0.0376 0.0 59.0
-4.6324334 18.580477 0.0376 0.0 59.0
-4.6324334 18.580477 0.0377 0.0 60.0
-4.980605 18.60488 0.0377 0.0 60.0
-4.2842617 18.556074 0.0378 2.0 59.0
-4.5222764 18.811354 0.0378 2.0 59.0
-4.5222764 18.811354 0.0379 1.0 60.0
-4.760291 19.066633 0.0379 1.0 60.0
-4.760291 19.066633 0.0380 0.0 61.0
-4.760291 19.415659 0.0380 0.0 61.0
-4.760291 19.415659 0.0381 0.0 62.0
-4.760291 19.764685 0.0381 0.0 62.0
-4.760291 19.066633 0.0382 0.0 61.0
-5.108463 19.091036 0.0382 0.0 61.0
-5.108463 19.091036 0.0383 0.0 62.0
-5.4566345 19.115438 0.0383 0.0 62.0
-3.8082323 15.25331 0.0384 12.0 49.0
-4.156404 15.277713 0.0384 12.0 49.0
-4.156404 15.277713 0.0385 11.0 50.0
-4.5045757 15.302115 0.0385 11.0 50.0
-4.5045757 15.302115 0.0386 10.0 51.0
-4.8527474 15.326518 0.0386 10.0 51.0
-4.8527474 15.326518 0.0387 9.0 52.0
-5.200919 15.350921 0.0387 9.0 52.0
-5.200919 15.350921 0.0388 4.0 53.0
-5.438934 15.606201 0.0388 4.0 53.0
-5.438934 15.606201 0.0389 3.0 54.0
-5.6769485 15.861482 0.0389 3.0 54.0
-5.6769485 15.861482 0.0390 0.0 55.0
-6.0251203 15.885884 0.0390 0.0 55.0
-6.0251203 15.885884 0.0391 0.0 56.0
-6.373292 15.910287 0.0391 0.0 56.0
-5.6769485 15.861482 0.0392 2.0 55.0
-5.9149632 16.116762 0.0392 2.0 55.0
-5.9149632 16.116762 0.0393 1.0 56.0
-6.152978 16.372042 0.0393 1.0 56.0
-6.152978 16.372042 0.0394 0.0 57.0
-6.152978 16.721067 0.0394 0.0 57.0
-6.152978 16.721067 0.0395 0.0 58.0
-6.152978 17.070093 0.0395 0.0 58.0
-6.152978 16.372042 0.0396 0.0 57.0
-6.5011497 16.396444 0.0396 0.0 57.0
-6.5011497 16.396444 0.0397 0.0 58.0
-6.8493214 16.420847 0.0397 0.0 58.0
-5.200919 15.350921 0.0398 8.0 53.0
-5.549091 15.375323 0.0398 8.0 53.0
-5.549091 15.375323 0.0399 7.0 54.0
-5.8972626 15.399726 0.0399 7.0 54.0
-5.8972626 15.399726 0.0400 6.0 55.0
-6.2454343 15.424129 0.0400 6.0 55.0
-6.2454343 15.424129 0.0401 5.0 56.0
-6.593606 15.448531 0.0401 5.0 56.0
-6.593606 15.448531 0.0402 4.0 57.0
-6.8316207 15.703812 0.0402 4.0 57.0
-6.8316207 15.703812 0.0403 3.0 58.0
-7.0696354 15.959092 0.0403 3.0 58.0
-7.0696354 15.959092 0.0404 0.0 59.0
-7.417807 15.983495 0.0404 0.0 59.0
-7.417807 15.983495 0.0405 0.0 60.0
-7.765979 16.007896 0.0405 0.0 60.0
-7.0696354 15.959092 0.0406 2.0 59.0
-7.30765 16.214373 0.0406 2.0 59.0
-7.30765 16.214373 0.0407 1.0 60.0
-7.545665 16.469652 0.0407 1.0 60.0
-7.545665 16.469652 0.0408 0.0 61.0
-7.545665 16.818678 0.0408 0.0 61.0
-7.545665 16.818678 0.0409 0.0 62.0
-7.545665 17.167704 0.0409 0.0 62.0
-7.545665 16.469652 0.0410 0.0 61.0
-7.8938365 16.494055 0.0410 0.0 61.0
-7.8938365 16.494055 0.0411 0.0 62.0
-8.242008 16.518457 0.0411 0.0 62.0
-6.593606 15.448531 0.0412 4.0 57.0
-6.8649025 15.228947 0.0412 4.0 57.0
-6.8649025 15.228947 0.0413 3.0 58.0
-7.136199 15.009362 0.0413 3.0 58.0
-7.136199 15.009362 0.0414 0.0 59.0
-7.184884 14.663749 0.0414 0.0 59.0
-7.184884 14.663749 0.0415 0.0 60.0
-7.233569 14.318135 0.0415 0.0 60.0
-7.136199 15.009362 0.0416 2.0 59.0
-7.4074955 14.789778 0.0416 2.0 59.0
-7.4074955 14.789778 0.0417 1.0 60.0
-7.678792 14.570193 0.0417 1.0 60.0
-7.678792 14.570193 0.0418 0.0 61.0
-8.026963 14.594596 0.0418 0.0 61.0
-8.026963 14.594596 0.0419 0.0 62.0
-8.375134 14.618999 0.0419 0.0 62.0
-7.678792 14.570193 0.0420 0.0 61.0
-7.727477 14.22458 0.0420 0.0 61.0
-7.727477 14.22458 0.0421 0.0 62.0
-7.776162 13.878966 0.0421 0.0 62.0
