0.0 0.0 0.00 60.0 1.0
0.0 0.91293275 0.00 60.0 1.0
0.0 0.91293275 0.01 59.0 2.0
0.0 1.8258655 0.01 59.0 2.0
0.0 1.8258655 0.02 58.0 3.0
0.0 2.7387981 0.02 58.0 3.0
0.0 2.7387981 0.03 57.0 4.0
0.0 3.651731 0.03 57.0 4.0
0.0 3.651731 0.04 56.0 5.0
0.0 4.564664 0.04 56.0 5.0
0.0 4.564664 0.05 55.0 6.0
0.0 5.4775968 0.05 55.0 6.0
0.0 5.4775968 0.06 54.0 7.0
0.0 6.3905296 0.06 54.0 7.0
0.0 6.3905296 0.07 53.0 8.0
0.0 7.3034625 0.07 53.0 8.0
0.0 7.3034625 0.08 52.0 9.0
0.0 8.216395 0.08 52.0 9.0
0.0 8.216395 0.09 51.0 10.0
0.0 9.129328 0.09 51.0 10.0
0.0 9.129328 0.010 50.0 11.0
0.0 10.04226 0.010 50.0 11.0
0.0 10.04226 0.011 49.0 12.0
0.0 10.955193 0.011 49.0 12.0
0.0 10.955193 0.012 48.0 13.0
0.0 11.868125 0.012 48.0 13.0
0.0 11.868125 0.013 47.0 14.0
0.0 12.781057 0.013 47.0 14.0
0.0 12.781057 0.014 46.0 15.0
0.0 13.69399 0.014 46.0 15.0
0.0 13.69399 0.015 45.0 16.0
0.0 14.606922 0.015 45.0 16.0
0.0 14.606922 0.016 28.0 17.0
-0.26857978 15.479454 0.016 28.0 17.0
-0.26857978 15.479454 0.017 27.0 18.0
-0.53715956 16.351986 0.017 27.0 18.0
-0.53715956 16.351986 0.018 26.0 19.0
-0.80573934 17.224518 0.018 26.0 19.0
-0.80573934 17.224518 0.019 25.0 20.0
-1.0743191 18.09705 0.019 25.0 20.0
-1.0743191 18.09705 0.020 24.0 21.0
-1.3428988 18.969582 0.020 24.0 21.0
-1.3428988 18.969582 0.021 23.0 22.0
-1.6114786 19.842113 0.021 23.0 22.0
-1.6114786 19.842113 0.022 22.0 23.0
-1.8800583 20.714645 0.022 22.0 23.0
-1.8800583 20.714645 0.023 21.0 24.0
-2.148638 21.587177 0.023 21.0 24.0
-2.148638 21.587177 0.024 12.0 25.0
-2.662026 22.342081 0.024 12.0 25.0
-2.662026 22.342081 0.025 11.0 26.0
-3.1754138 23.096985 0.025 11.0 26.0
-3.1754138 23.096985 0.026 10.0 27.0
-3.6888018 23.851889 0.026 10.0 27.0
-3.6888018 23.851889 0.027 9.0 28.0
-4.2021894 24.606792 0.027 9.0 28.0
-4.2021894 24.606792 0.028 4.0 29.0
-4.914946 25.177252 0.028 4.0 29.0
-4.914946 25.177252 0.029 3.0 30.0
-5.6277027 25.747711 0.029 3.0 30.0
-5.6277027 25.747711 0.030 0.0 31.0
-6.4767427 26.083237 0.030 0.0 31.0
-6.4767427 26.083237 0.031 0.0 32.0
-7.325783 26.418762 0.031 0.0 32.0
-5.6277027 25.747711 0.032 0.0 31.0
-6.1410904 26.502615 0.032 0.0 31.0
-6.1410904 26.502615 0.033 0.0 32.0
-6.654478 27.257519 0.033 0.0 32.0
-5.6277027 25.747711 0.034 2.0 31.0
-6.3404593 26.31817 0.034 2.0 31.0
-6.3404593 26.31817 0.035 1.0 32.0
-7.053216 26.88863 0.035 1.0 32.0
-7.053216 26.88863 0.036 0.0 33.0
-7.7659726 27.45909 0.036 0.0 33.0
-7.7659726 27.45909 0.037 0.0 34.0
-8.478729 28.029549 0.037 0.0 34.0
-4.2021894 24.606792 0.038 4.0 29.0
-4.4707694 25.479324 0.038 4.0 29.0
-4.4707694 25.479324 0.039 3.0 30.0
-4.7393494 26.351856 0.039 3.0 30.0
-4.7393494 26.351856 0.040 0.0 31.0
-5.252737 27.10676 0.040 0.0 31.0
-5.252737 27.10676 0.041 0.0 32.0
-5.7661247 27.861664 0.041 0.0 32.0
-4.7393494 26.351856 0.042 0.0 31.0
-4.7393494 27.26479 0.042 0.0 31.0
-4.7393494 27.26479 0.043 0.0 32.0
-4.7393494 28.177723 0.043 0.0 32.0
-4.7393494 26.351856 0.044 2.0 31.0
-5.0079293 27.224388 0.044 2.0 31.0
-5.0079293 27.224388 0.045 1.0 32.0
-5.2765093 28.09692 0.045 1.0 32.0
-5.2765093 28.09692 0.046 0.0 33.0
-5.5450892 28.969452 0.046 0.0 33.0
-5.5450892 28.969452 0.047 0.0 34.0
-5.813669 29.841984 0.047 0.0 34.0
-4.2021894 24.606792 0.048 8.0 29.0
-4.715577 25.361696 0.048 8.0 29.0
-4.715577 25.361696 0.049 7.0 30.0
-5.228965 26.1166 0.049 7.0 30.0
-5.228965 26.1166 0.050 6.0 31.0
-5.7423525 26.871504 0.050 6.0 31.0
-5.7423525 26.871504 0.051 5.0 32.0
-6.25574 27.626408 0.051 5.0 32.0
-6.25574 27.626408 0.052 4.0 33.0
-6.769128 28.381311 0.052 4.0 33.0
-6.769128 28.381311 0.053 3.0 34.0
-7.2825155 29.136215 0.053 3.0 34.0
-7.2825155 29.136215 0.054 0.0 35.0
-7.995272 29.706675 0.054 0.0 35.0
-7.995272 29.706675 0.055 0.0 36.0
-8.708029 30.277134 0.055 0.0 36.0
-7.2825155 29.136215 0.056 0.0 35.0
-7.5510955 30.008747 0.056 0.0 35.0
-7.5510955 30.008747 0.057 0.0 36.0
-7.8196754 30.881279 0.057 0.0 36.0
-7.2825155 29.136215 0.058 2.0 35.0
-7.795903 29.891119 0.058 2.0 35.0
-7.795903 29.891119 0.059 1.0 36.0
-8.309291 30.646023 0.059 1.0 36.0
-8.309291 30.646023 0.060 0.0 37.0
-8.822679 31.400927 0.060 0.0 37.0
-8.822679 31.400927 0.061 0.0 38.0
-9.336066 32.15583 0.061 0.0 38.0
-2.148638 21.587177 0.062 12.0 25.0
-2.148638 22.50011 0.062 12.0 25.0
-2.148638 22.50011 0.063 11.0 26.0
-2.148638 23.413044 0.063 11.0 26.0
-2.148638 23.413044 0.064 10.0 27.0
-2.148638 24.325977 0.064 10.0 27.0
-2.148638 24.325977 0.065 9.0 28.0
-2.148638 25.23891 0.065 9.0 28.0
-2.148638 25.23891 0.066 4.0 29.0
-2.4172177 26.111443 0.066 4.0 29.0
-2.4172177 26.111443 0.067 3.0 30.0
-2.6857975 26.983974 0.067 3.0 30.0
-2.6857975 26.983974 0.068 0.0 31.0
-3.1991854 27.738878 0.068 0.0 31.0
-3.1991854 27.738878 0.069 0.0 32.0
-3.7125733 28.493782 0.069 0.0 32.0
-2.6857975 26.983974 0.070 0.0 31.0
-2.6857975 27.896908 0.070 0.0 31.0
-2.6857975 27.896908 0.071 0.0 32.0
-2.6857975 28.809841 0.071 0.0 32.0
-2.6857975 26.983974 0.072 2.0 31.0
-2.9543772 27.856506 0.072 2.0 31.0
-2.9543772 27.856506 0.073 1.0 32.0
-3.222957 28.729038 0.073 1.0 32.0
-3.222957 28.729038 0.074 0.0 33.0
-3.4915366 29.60157 0.074 0.0 33.0
-3.4915366 29.60157 0.075 0.0 34.0
-3.7601163 30.474102 0.075 0.0 34.0
-2.148638 25.23891 0.076 4.0 29.0
-1.8800583 26.111443 0.076 4.0 29.0
-1.8800583 26.111443 0.077 3.0 30.0
-1.6114786 26.983974 0.077 3.0 30.0
-1.6114786 26.983974 0.078 0.0 31.0
-1.6114786 27.896908 0.078 0.0 31.0
-1.6114786 27.896908 0.079 0.0 32.0
-1.6114786 28.809841 0.079 0.0 32.0
-1.6114786 26.983974 0.080 0.0 31.0
-1.0980906 27.738878 0.080 0.0 31.0
-1.0980906 27.738878 0.081 0.0 32.0
-0.5847028 28.493782 0.081 0.0 32.0
-1.6114786 26.983974 0.082 2.0 31.0
-1.3428988 27.856506 0.082 2.0 31.0
-1.3428988 27.856506 0.083 1.0 32.0
-1.0743191 28.729038 0.083 1.0 32.0
-1.0743191 28.729038 0.084 0.0 33.0
-0.80573934 29.60157 0.084 0.0 33.0
-0.80573934 29.60157 0.085 0.0 34.0
-0.53715956 30.474102 0.085 0.0 34.0
-2.148638 25.23891 0.086 8.0 29.0
-2.148638 26.151844 0.086 8.0 29.0
-2.148638 26.151844 0.087 7.0 30.0
-2.148638 27.064777 0.087 7.0 30.0
-2.148638 27.064777 0.088 6.0 31.0
-2.148638 27.97771 0.088 6.0 31.0
-2.148638 27.97771 0.089 5.0 32.0
-2.148638 28.890644 0.089 5.0 32.0
-2.148638 28.890644 0.090 4.0 33.0
-2.148638 29.803577 0.090 4.0 33.0
-2.148638 29.803577 0.091 3.0 34.0
-2.148638 30.71651 0.091 3.0 34.0
-2.148638 30.71651 0.092 0.0 35.0
-2.4172177 31.589043 0.092 0.0 35.0
-2.4172177 31.589043 0.093 0.0 36.0
-2.6857975 32.461575 0.093 0.0 36.0
-2.148638 30.71651 0.094 0.0 35.0
-1.8800583 31.589043 0.094 0.0 35.0
-1.8800583 31.589043 0.095 0.0 36.0
-1.6114786 32.461575 0.095 0.0 36.0
-2.148638 30.71651 0.096 2.0 35.0
-2.148638 31.629444 0.096 2.0 35.0
-2.148638 31.629444 0.097 1.0 36.0
-2.148638 32.542377 0.097 1.0 36.0
-2.148638 32.542377 0.098 0.0 37.0
-2.148638 33.45531 0.098 0.0 37.0
-2.148638 33.45531 0.099 0.0 38.0
-2.148638 34.368244 0.099 0.0 38.0
-2.148638 21.587177 0.0100 20.0 25.0
-2.4172177 22.45971 0.0100 20.0 25.0
-2.4172177 22.45971 0.0101 19.0 26.0
-2.6857975 23.332241 0.0101 19.0 26.0
-2.6857975 23.332241 0.0102 18.0 27.0
-2.9543772 24.204773 0.0102 18.0 27.0
-2.9543772 24.204773 0.0103 17.0 28.0
-3.222957 25.077305 0.0103 17.0 28.0
-3.222957 25.077305 0.0104 16.0 29.0
-3.4915366 25.949837 0.0104 16.0 29.0
-3.4915366 25.949837 0.0105 15.0 30.0
-3.7601163 26.822369 0.0105 15.0 30.0
-3.7601163 26.822369 0.0106 14.0 31.0
-4.028696 27.6949 0.0106 14.0 31.0
-4.028696 27.6949 0.0107 13.0 32.0
-4.297276 28.567432 0.0107 13.0 32.0
-4.297276 28.567432 0.0108 12.0 33.0
-4.565856 29.439964 0.0108 12.0 33.0
-4.565856 29.439964 0.0109 11.0 34.0
-4.834436 30.312496 0.0109 11.0 34.0
-4.834436 30.312496 0.0110 10.0 35.0
-5.103016 31.185028 0.0110 10.0 35.0
-5.103016 31.185028 0.0111 9.0 36.0
-5.371596 32.05756 0.0111 9.0 36.0
-5.371596 32.05756 0.0112 4.0 37.0
-5.8849835 32.81246 0.0112 4.0 37.0
-5.8849835 32.81246 0.0113 3.0 38.0
-6.398371 33.567364 0.0113 3.0 38.0
-6.398371 33.567364 0.0114 0.0 39.0
-7.111128 34.137825 0.0114 0.0 39.0
-7.111128 34.137825 0.0115 0.0 40.0
-7.8238845 34.708286 0.0115 0.0 40.0
-6.398371 33.567364 0.0116 0.0 39.0
-6.666951 34.439896 0.0116 0.0 39.0
-6.666951 34.439896 0.0117 0.0 40.0
-6.935531 35.312428 0.0117 0.0 40.0
-6.398371 33.567364 0.0118 2.0 39.0
-6.911759 34.322266 0.0118 2.0 39.0
-6.911759 34.322266 0.0119 1.0 40.0
-7.4251466 35.077168 0.0119 1.0 40.0
-7.4251466 35.077168 0.0120 0.0 41.0
-7.9385343 35.83207 0.0120 0.0 41.0
-7.9385343 35.83207 0.0121 0.0 42.0
-8.451922 36.58697 0.0121 0.0 42.0
-5.371596 32.05756 0.0122 4.0 37.0
-5.371596 32.970493 0.0122 4.0 37.0
-5.371596 32.970493 0.0123 3.0 38.0
-5.371596 33.883427 0.0123 3.0 38.0
-5.371596 33.883427 0.0124 0.0 39.0
-5.640176 34.75596 0.0124 0.0 39.0
-5.640176 34.75596 0.0125 0.0 40.0
-5.908756 35.62849 0.0125 0.0 40.0
-5.371596 33.883427 0.0126 0.0 39.0
-5.103016 34.75596 0.0126 0.0 39.0
-5.103016 34.75596 0.0127 0.0 40.0
-4.834436 35.62849 0.0127 0.0 40.0
-5.371596 33.883427 0.0128 2.0 39.0
-5.371596 34.79636 0.0128 2.0 39.0
-5.371596 34.79636 0.0129 1.0 40.0
-5.371596 35.709293 0.0129 1.0 40.0
-5.371596 35.709293 0.0130 0.0 41.0
-5.371596 36.622227 0.0130 0.0 41.0
-5.371596 36.622227 0.0131 0.0 42.0
-5.371596 37.53516 0.0131 0.0 42.0
-5.371596 32.05756 0.0132 8.0 37.0
-5.640176 32.93009 0.0132 8.0 37.0
-5.640176 32.93009 0.0133 7.0 38.0
-5.908756 33.802624 0.0133 7.0 38.0
-5.908756 33.802624 0.0134 6.0 39.0
-6.1773357 34.675156 0.0134 6.0 39.0
-6.1773357 34.675156 0.0135 5.0 40.0
-6.4459157 35.547688 0.0135 5.0 40.0
-6.4459157 35.547688 0.0136 4.0 41.0
-6.7144957 36.42022 0.0136 4.0 41.0
-6.7144957 36.42022 0.0137 3.0 42.0
-6.9830756 37.29275 0.0137 3.0 42.0
-6.9830756 37.29275 0.0138 0.0 43.0
-7.4964633 38.047653 0.0138 0.0 43.0
-7.4964633 38.047653 0.0139 0.0 44.0
-8.009851 38.802555 0.0139 0.0 44.0
-6.9830756 37.29275 0.0140 0.0 43.0
-6.9830756 38.205685 0.0140 0.0 43.0
-6.9830756 38.205685 0.0141 0.0 44.0
-6.9830756 39.118618 0.0141 0.0 44.0
-6.9830756 37.29275 0.0142 2.0 43.0
-7.2516556 38.165283 0.0142 2.0 43.0
-7.2516556 38.165283 0.0143 1.0 44.0
-7.5202355 39.037815 0.0143 1.0 44.0
-7.5202355 39.037815 0.0144 0.0 45.0
-7.7888155 39.910347 0.0144 0.0 45.0
-7.7888155 39.910347 0.0145 0.0 46.0
-8.057395 40.78288 0.0145 0.0 46.0
0.0 14.606922 0.0146 28.0 17.0
0.26857978 15.479454 0.0146 28.0 17.0
0.26857978 15.479454 0.0147 27.0 18.0
0.53715956 16.351986 0.0147 27.0 18.0
0.53715956 16.351986 0.0148 26.0 19.0
0.80573934 17.224518 0.0148 26.0 19.0
0.80573934 17.224518 0.0149 25.0 20.0
1.0743191 18.09705 0.0149 25.0 20.0
1.0743191 18.09705 0.0150 24.0 21.0
1.3428988 18.969582 0.0150 24.0 21.0
1.3428988 18.969582 0.0151 23.0 22.0
1.6114786 19.842113 0.0151 23.0 22.0
1.6114786 19.842113 0.0152 22.0 23.0
1.8800583 20.714645 0.0152 22.0 23.0
1.8800583 20.714645 0.0153 21.0 24.0
2.148638 21.587177 0.0153 21.0 24.0
2.148638 21.587177 0.0154 12.0 25.0
2.148638 22.50011 0.0154 12.0 25.0
2.148638 22.50011 0.0155 11.0 26.0
2.148638 23.413044 0.0155 11.0 26.0
2.148638 23.413044 0.0156 10.0 27.0
2.148638 24.325977 0.0156 10.0 27.0
2.148638 24.325977 0.0157 9.0 28.0
2.148638 25.23891 0.0157 9.0 28.0
2.148638 25.23891 0.0158 4.0 29.0
1.8800583 26.111443 0.0158 4.0 29.0
1.8800583 26.111443 0.0159 3.0 30.0
1.6114786 26.983974 0.0159 3.0 30.0
1.6114786 26.983974 0.0160 0.0 31.0
1.0980906 27.738878 0.0160 0.0 31.0
1.0980906 27.738878 0.0161 0.0 32.0
0.5847028 28.493782 0.0161 0.0 32.0
1.6114786 26.983974 0.0162 0.0 31.0
1.6114786 27.896908 0.0162 0.0 31.0
1.6114786 27.896908 0.0163 0.0 32.0
1.6114786 28.809841 0.0163 0.0 32.0
1.6114786 26.983974 0.0164 2.0 31.0
1.3428988 27.856506 0.0164 2.0 31.0
1.3428988 27.856506 0.0165 1.0 32.0
1.0743191 28.729038 0.0165 1.0 32.0
1.0743191 28.729038 0.0166 0.0 33.0
0.80573934 29.60157 0.0166 0.0 33.0
0.80573934 29.60157 0.0167 0.0 34.0
0.53715956 30.474102 0.0167 0.0 34.0
2.148638 25.23891 0.0168 4.0 29.0
2.4172177 26.111443 0.0168 4.0 29.0
2.4172177 26.111443 0.0169 3.0 30.0
2.6857975 26.983974 0.0169 3.0 30.0
2.6857975 26.983974 0.0170 0.0 31.0
2.6857975 27.896908 0.0170 0.0 31.0
2.6857975 27.896908 0.0171 0.0 32.0
2.6857975 28.809841 0.0171 0.0 32.0
2.6857975 26.983974 0.0172 0.0 31.0
3.1991854 27.738878 0.0172 0.0 31.0
3.1991854 27.738878 0.0173 0.0 32.0
3.7125733 28.493782 0.0173 0.0 32.0
2.6857975 26.983974 0.0174 2.0 31.0
2.9543772 27.856506 0.0174 2.0 31.0
2.9543772 27.856506 0.0175 1.0 32.0
3.222957 28.729038 0.0175 1.0 32.0
3.222957 28.729038 0.0176 0.0 33.0
3.4915366 29.60157 0.0176 0.0 33.0
3.4915366 29.60157 0.0177 0.0 34.0
3.7601163 30.474102 0.0177 0.0 34.0
2.148638 25.23891 0.0178 8.0 29.0
2.148638 26.151844 0.0178 8.0 29.0
2.148638 26.151844 0.0179 7.0 30.0
2.148638 27.064777 0.0179 7.0 30.0
2.148638 27.064777 0.0180 6.0 31.0
2.148638 27.97771 0.0180 6.0 31.0
2.148638 27.97771 0.0181 5.0 32.0
2.148638 28.890644 0.0181 5.0 32.0
2.148638 28.890644 0.0182 4.0 33.0
2.148638 29.803577 0.0182 4.0 33.0
2.148638 29.803577 0.0183 3.0 34.0
2.148638 30.71651 0.0183 3.0 34.0
2.148638 30.71651 0.0184 0.0 35.0
1.8800583 31.589043 0.0184 0.0 35.0
1.8800583 31.589043 0.0185 0.0 36.0
1.6114786 32.461575 0.0185 0.0 36.0
2.148638 30.71651 0.0186 0.0 35.0
2.4172177 31.589043 0.0186 0.0 35.0
2.4172177 31.589043 0.0187 0.0 36.0
2.6857975 32.461575 0.0187 0.0 36.0
2.148638 30.71651 0.0188 2.0 35.0
2.148638 31.629444 0.0188 2.0 35.0
2.148638 31.629444 0.0189 1.0 36.0
2.148638 32.542377 0.0189 1.0 36.0
2.148638 32.542377 0.0190 0.0 37.0
2.148638 33.45531 0.0190 0.0 37.0
2.148638 33.45531 0.0191 0.0 38.0
2.148638 34.368244 0.0191 0.0 38.0
2.148638 21.587177 0.0192 12.0 25.0
2.662026 22.342081 0.0192 12.0 25.0
2.662026 22.342081 0.0193 11.0 26.0
3.1754138 23.096985 0.0193 11.0 26.0
3.1754138 23.096985 0.0194 10.0 27.0
3.6888018 23.851889 0.0194 10.0 27.0
3.6888018 23.851889 0.0195 9.0 28.0
4.2021894 24.606792 0.0195 9.0 28.0
4.2021894 24.606792 0.0196 4.0 29.0
4.4707694 25.479324 0.0196 4.0 29.0
4.4707694 25.479324 0.0197 3.0 30.0
4.7393494 26.351856 0.0197 3.0 30.0
4.7393494 26.351856 0.0198 0.0 31.0
4.7393494 27.26479 0.0198 0.0 31.0
4.7393494 27.26479 0.0199 0.0 32.0
4.7393494 28.177723 0.0199 0.0 32.0
4.7393494 26.351856 0.0200 0.0 31.0
5.252737 27.10676 0.0200 0.0 31.0
5.252737 27.10676 0.0201 0.0 32.0
5.7661247 27.861664 0.0201 0.0 32.0
4.7393494 26.351856 0.0202 2.0 31.0
5.0079293 27.224388 0.0202 2.0 31.0
5.0079293 27.224388 0.0203 1.0 32.0
5.2765093 28.09692 0.0203 1.0 32.0
5.2765093 28.09692 0.0204 0.0 33.0
5.5450892 28.969452 0.0204 0.0 33.0
5.5450892 28.969452 0.0205 0.0 34.0
5.813669 29.841984 0.0205 0.0 34.0
4.2021894 24.606792 0.0206 4.0 29.0
4.914946 25.177252 0.0206 4.0 29.0
4.914946 25.177252 0.0207 3.0 30.0
5.6277027 25.747711 0.0207 3.0 30.0
5.6277027 25.747711 0.0208 0.0 31.0
6.1410904 26.502615 0.0208 0.0 31.0
6.1410904 26.502615 0.0209 0.0 32.0
6.654478 27.257519 0.0209 0.0 32.0
5.6277027 25.747711 0.0210 0.0 31.0
6.4767427 26.083237 0.0210 0.0 31.0
6.4767427 26.083237 0.0211 0.0 32.0
7.325783 26.418762 0.0211 0.0 32.0
5.6277027 25.747711 0.0212 2.0 31.0
6.3404593 26.31817 0.0212 2.0 31.0
6.3404593 26.31817 0.0213 1.0 32.0
7.053216 26.88863 0.0213 1.0 32.0
7.053216 26.88863 0.0214 0.0 33.0
7.7659726 27.45909 0.0214 0.0 33.0
7.7659726 27.45909 0.0215 0.0 34.0
8.478729 28.029549 0.0215 0.0 34.0
4.2021894 24.606792 0.0216 8.0 29.0
4.715577 25.361696 0.0216 8.0 29.0
4.715577 25.361696 0.0217 7.0 30.0
5.228965 26.1166 0.0217 7.0 30.0
5.228965 26.1166 0.0218 6.0 31.0
5.7423525 26.871504 0.0218 6.0 31.0
5.7423525 26.871504 0.0219 5.0 32.0
6.25574 27.626408 0.0219 5.0 32.0
6.25574 27.626408 0.0220 4.0 33.0
6.769128 28.381311 0.0220 4.0 33.0
6.769128 28.381311 0.0221 3.0 34.0
7.2825155 29.136215 0.0221 3.0 34.0
7.2825155 29.136215 0.0222 0.0 35.0
7.5510955 30.008747 0.0222 0.0 35.0
7.5510955 30.008747 0.0223 0.0 36.0
7.8196754 30.881279 0.0223 0.0 36.0
7.2825155 29.136215 0.0224 0.0 35.0
7.995272 29.706675 0.0224 0.0 35.0
7.995272 29.706675 0.0225 0.0 36.0
8.708029 30.277134 0.0225 0.0 36.0
7.2825155 29.136215 0.0226 2.0 35.0
7.795903 29.891119 0.0226 2.0 35.0
7.795903 29.891119 0.0227 1.0 36.0
8.309291 30.646023 0.0227 1.0 36.0
8.309291 30.646023 0.0228 0.0 37.0
8.822679 31.400927 0.0228 0.0 37.0
8.822679 31.400927 0.0229 0.0 38.0
9.336066 32.15583 0.0229 0.0 38.0
2.148638 21.587177 0.0230 20.0 25.0
2.4172177 22.45971 0.0230 20.0 25.0
2.4172177 22.45971 0.0231 19.0 26.0
2.6857975 23.332241 0.0231 19.0 26.0
2.6857975 23.332241 0.0232 18.0 27.0
2.9543772 24.204773 0.0232 18.0 27.0
2.9543772 24.204773 0.0233 17.0 28.0
3.222957 25.077305 0.0233 17.0 28.0
3.222957 25.077305 0.0234 16.0 29.0
3.4915366 25.949837 0.0234 16.0 29.0
3.4915366 25.949837 0.0235 15.0 30.0
3.7601163 26.822369 0.0235 15.0 30.0
3.7601163 26.822369 0.0236 14.0 31.0
4.028696 27.6949 0.0236 14.0 31.0
4.028696 27.6949 0.0237 13.0 32.0
4.297276 28.567432 0.0237 13.0 32.0
4.297276 28.567432 0.0238 12.0 33.0
4.565856 29.439964 0.0238 12.0 33.0
4.565856 29.439964 0.0239 11.0 34.0
4.834436 30.312496 0.0239 11.0 34.0
4.834436 30.312496 0.0240 10.0 35.0
5.103016 31.185028 0.0240 10.0 35.0
5.103016 31.185028 0.0241 9.0 36.0
5.371596 32.05756 0.0241 9.0 36.0
5.371596 32.05756 0.0242 4.0 37.0
5.371596 32.970493 0.0242 4.0 37.0
5.371596 32.970493 0.0243 3.0 38.0
5.371596 33.883427 0.0243 3.0 38.0
5.371596 33.883427 0.0244 0.0 39.0
5.103016 34.75596 0.0244 0.0 39.0
5.103016 34.75596 0.0245 0.0 40.0
4.834436 35.62849 0.0245 0.0 40.0
5.371596 33.883427 0.0246 0.0 39.0
5.640176 34.75596 0.0246 0.0 39.0
5.640176 34.75596 0.0247 0.0 40.0
5.908756 35.62849 0.0247 0.0 40.0
5.371596 33.883427 0.0248 2.0 39.0
5.371596 34.79636 0.0248 2.0 39.0
5.371596 34.79636 0.0249 1.0 40.0
5.371596 35.709293 0.0249 1.0 40.0
5.371596 35.709293 0.0250 0.0 41.0
5.371596 36.622227 0.0250 0.0 41.0
5.371596 36.622227 0.0251 0.0 42.0
5.371596 37.53516 0.0251 0.0 42.0
5.371596 32.05756 0.0252 4.0 37.0
5.8849835 32.81246 0.0252 4.0 37.0
5.8849835 32.81246 0.0253 3.0 38.0
6.398371 33.567364 0.0253 3.0 38.0
6.398371 33.567364 0.0254 0.0 39.0
6.666951 34.439896 0.0254 0.0 39.0
6.666951 34.439896 0.0255 0.0 40.0
6.935531 35.312428 0.0255 0.0 40.0
6.398371 33.567364 0.0256 0.0 39.0
7.111128 34.137825 0.0256 0.0 39.0
7.111128 34.137825 0.0257 0.0 40.0
7.8238845 34.708286 0.0257 0.0 40.0
6.398371 33.567364 0.0258 2.0 39.0
6.911759 34.322266 0.0258 2.0 39.0
6.911759 34.322266 0.0259 1.0 40.0
7.4251466 35.077168 0.0259 1.0 40.0
7.4251466 35.077168 0.0260 0.0 41.0
7.9385343 35.83207 0.0260 0.0 41.0
7.9385343 35.83207 0.0261 0.0 42.0
8.451922 36.58697 0.0261 0.0 42.0
5.371596 32.05756 0.0262 8.0 37.0
5.640176 32.93009 0.0262 8.0 37.0
5.640176 32.93009 0.0263 7.0 38.0
5.908756 33.802624 0.0263 7.0 38.0
5.908756 33.802624 0.0264 6.0 39.0
6.1773357 34.675156 0.0264 6.0 39.0
6.1773357 34.675156 0.0265 5.0 40.0
6.4459157 35.547688 0.0265 5.0 40.0
6.4459157 35.547688 0.0266 4.0 41.0
6.7144957 36.42022 0.0266 4.0 41.0
6.7144957 36.42022 0.0267 3.0 42.0
6.9830756 37.29275 0.0267 3.0 42.0
6.9830756 37.29275 0.0268 0.0 43.0
6.9830756 38.205685 0.0268 0.0 43.0
6.9830756 38.205685 0.0269 0.0 44.0
6.9830756 39.118618 0.0269 0.0 44.0
6.9830756 37.29275 0.0270 0.0 43.0
7.4964633 38.047653 0.0270 0.0 43.0
7.4964633 38.047653 0.0271 0.0 44.0
8.009851 38.802555 0.0271 0.0 44.0
6.9830756 37.29275 0.0272 2.0 43.0
7.2516556 38.165283 0.0272 2.0 43.0
7.2516556 38.165283 0.0273 1.0 44.0
7.5202355 39.037815 0.0273 1.0 44.0
7.5202355 39.037815 0.0274 0.0 45.0
7.7888155 39.910347 0.0274 0.0 45.0
7.7888155 39.910347 0.0275 0.0 46.0
8.057395 40.78288 0.0275 0.0 46.0
0.0 14.606922 0.0276 44.0 17.0
0.0 15.519855 0.0276 44.0 17.0
0.0 15.519855 0.0277 43.0 18.0
0.0 16.432787 0.0277 43.0 18.0
0.0 16.432787 0.0278 42.0 19.0
0.0 17.34572 0.0278 42.0 19.0
0.0 17.34572 0.0279 41.0 20.0
0.0 18.258654 0.0279 41.0 20.0
0.0 18.258654 0.0280 40.0 21.0
0.0 19.171587 0.0280 40.0 21.0
0.0 19.171587 0.0281 39.0 22.0
0.0 20.08452 0.0281 39.0 22.0
0.0 20.08452 0.0282 38.0 23.0
0.0 20.997454 0.0282 38.0 23.0
0.0 20.997454 0.0283 37.0 24.0
0.0 21.910387 0.0283 37.0 24.0
0.0 21.910387 0.0284 36.0 25.0
0.0 22.82332 0.0284 36.0 25.0
0.0 22.82332 0.0285 35.0 26.0
0.0 23.736254 0.0285 35.0 26.0
0.0 23.736254 0.0286 34.0 27.0
0.0 24.649187 0.0286 34.0 27.0
0.0 24.649187 0.0287 33.0 28.0
0.0 25.56212 0.0287 33.0 28.0
0.0 25.56212 0.0288 32.0 29.0
0.0 26.475054 0.0288 32.0 29.0
0.0 26.475054 0.0289 31.0 30.0
0.0 27.387987 0.0289 31.0 30.0
0.0 27.387987 0.0290 30.0 31.0
0.0 28.30092 0.0290 30.0 31.0
0.0 28.30092 0.0291 29.0 32.0
0.0 29.213854 0.0291 29.0 32.0
0.0 29.213854 0.0292 28.0 33.0
0.0 30.126787 0.0292 28.0 33.0
0.0 30.126787 0.0293 27.0 34.0
0.0 31.03972 0.0293 27.0 34.0
0.0 31.03972 0.0294 26.0 35.0
0.0 31.952654 0.0294 26.0 35.0
0.0 31.952654 0.0295 25.0 36.0
0.0 32.865585 0.0295 25.0 36.0
0.0 32.865585 0.0296 24.0 37.0
0.0 33.77852 0.0296 24.0 37.0
0.0 33.77852 0.0297 23.0 38.0
0.0 34.691452 0.0297 23.0 38.0
0.0 34.691452 0.0298 22.0 39.0
0.0 35.604385 0.0298 22.0 39.0
0.0 35.604385 0.0299 21.0 40.0
0.0 36.51732 0.0299 21.0 40.0
0.0 36.51732 0.0300 12.0 41.0
-0.26857978 37.38985 0.0300 12.0 41.0
-0.26857978 37.38985 0.0301 11.0 42.0
-0.53715956 38.262383 0.0301 11.0 42.0
-0.53715956 38.262383 0.0302 10.0 43.0
-0.80573934 39.134914 0.0302 10.0 43.0
-0.80573934 39.134914 0.0303 9.0 44.0
-1.0743191 40.007446 0.0303 9.0 44.0
-1.0743191 40.007446 0.0304 4.0 45.0
-1.587707 40.76235 0.0304 4.0 45.0
-1.587707 40.76235 0.0305 3.0 46.0
-2.101095 41.51725 0.0305 3.0 46.0
-2.101095 41.51725 0.0306 0.0 47.0
-2.8138516 42.08771 0.0306 0.0 47.0
-2.8138516 42.08771 0.0307 0.0 48.0
-3.5266082 42.658173 0.0307 0.0 48.0
-2.101095 41.51725 0.0308 0.0 47.0
-2.3696747 42.389782 0.0308 0.0 47.0
-2.3696747 42.389782 0.0309 0.0 48.0
-2.6382544 43.262314 0.0309 0.0 48.0
-2.101095 41.51725 0.0310 2.0 47.0
-2.6144829 42.272152 0.0310 2.0 47.0
-2.6144829 42.272152 0.0311 1.0 48.0
-3.1278708 43.027054 0.0311 1.0 48.0
-3.1278708 43.027054 0.0312 0.0 49.0
-3.6412587 43.781956 0.0312 0.0 49.0
-3.6412587 43.781956 0.0313 0.0 50.0
-4.1546464 44.536858 0.0313 0.0 50.0
-1.0743191 40.007446 0.0314 4.0 45.0
-1.0743191 40.92038 0.0314 4.0 45.0
-1.0743191 40.92038 0.0315 3.0 46.0
-1.0743191 41.833313 0.0315 3.0 46.0
-1.0743191 41.833313 0.0316 0.0 47.0
-1.3428988 42.705845 0.0316 0.0 47.0
-1.3428988 42.705845 0.0317 0.0 48.0
-1.6114786 43.578377 0.0317 0.0 48.0
-1.0743191 41.833313 0.0318 0.0 47.0
-0.80573934 42.705845 0.0318 0.0 47.0
-0.80573934 42.705845 0.0319 0.0 48.0
-0.53715956 43.578377 0.0319 0.0 48.0
-1.0743191 41.833313 0.0320 2.0 47.0
-1.0743191 42.746246 0.0320 2.0 47.0
-1.0743191 42.746246 0.0321 1.0 48.0
-1.0743191 43.65918 0.0321 1.0 48.0
-1.0743191 43.65918 0.0322 0.0 49.0
-1.0743191 44.572113 0.0322 0.0 49.0
-1.0743191 44.572113 0.0323 0.0 50.0
-1.0743191 45.485046 0.0323 0.0 50.0
-1.0743191 40.007446 0.0324 8.0 45.0
-1.3428988 40.87998 0.0324 8.0 45.0
-1.3428988 40.87998 0.0325 7.0 46.0
-1.6114786 41.75251 0.0325 7.0 46.0
-1.6114786 41.75251 0.0326 6.0 47.0
-1.8800583 42.625042 0.0326 6.0 47.0
-1.8800583 42.625042 0.0327 5.0 48.0
-2.148638 43.497574 0.0327 5.0 48.0
-2.148638 43.497574 0.0328 4.0 49.0
-2.4172177 44.370106 0.0328 4.0 49.0
-2.4172177 44.370106 0.0329 3.0 50.0
-2.6857975 45.242638 0.0329 3.0 50.0
-2.6857975 45.242638 0.0330 0.0 51.0
-3.1991854 45.99754 0.0330 0.0 51.0
-3.1991854 45.99754 0.0331 0.0 52.0
-3.7125733 46.75244 0.0331 0.0 52.0
-2.6857975 45.242638 0.0332 0.0 51.0
-2.6857975 46.15557 0.0332 0.0 51.0
-2.6857975 46.15557 0.0333 0.0 52.0
-2.6857975 47.068504 0.0333 0.0 52.0
-2.6857975 45.242638 0.0334 2.0 51.0
-2.9543772 46.11517 0.0334 2.0 51.0
-2.9543772 46.11517 0.0335 1.0 52.0
-3.222957 46.9877 0.0335 1.0 52.0
-3.222957 46.9877 0.0336 0.0 53.0
-3.4915366 47.860233 0.0336 0.0 53.0
-3.4915366 47.860233 0.0337 0.0 54.0
-3.7601163 48.732765 0.0337 0.0 54.0
0.0 36.51732 0.0338 12.0 41.0
0.26857978 37.38985 0.0338 12.0 41.0
0.26857978 37.38985 0.0339 11.0 42.0
0.53715956 38.262383 0.0339 11.0 42.0
0.53715956 38.262383 0.0340 10.0 43.0
0.80573934 39.134914 0.0340 10.0 43.0
0.80573934 39.134914 0.0341 9.0 44.0
1.0743191 40.007446 0.0341 9.0 44.0
1.0743191 40.007446 0.0342 4.0 45.0
1.0743191 40.92038 0.0342 4.0 45.0
1.0743191 40.92038 0.0343 3.0 46.0
1.0743191 41.833313 0.0343 3.0 46.0
1.0743191 41.833313 0.0344 0.0 47.0
0.80573934 42.705845 0.0344 0.0 47.0
0.80573934 42.705845 0.0345 0.0 48.0
0.53715956 43.578377 0.0345 0.0 48.0
1.0743191 41.833313 0.0346 0.0 47.0
1.3428988 42.705845 0.0346 0.0 47.0
1.3428988 42.705845 0.0347 0.0 48.0
1.6114786 43.578377 0.0347 0.0 48.0
1.0743191 41.833313 0.0348 2.0 47.0
1.0743191 42.746246 0.0348 2.0 47.0
1.0743191 42.746246 0.0349 1.0 48.0
1.0743191 43.65918 0.0349 1.0 48.0
1.0743191 43.65918 0.0350 0.0 49.0
1.0743191 44.572113 0.0350 0.0 49.0
1.0743191 44.572113 0.0351 0.0 50.0
1.0743191 45.485046 0.0351 0.0 50.0
1.0743191 40.007446 0.0352 4.0 45.0
1.587707 40.76235 0.0352 4.0 45.0
1.587707 40.76235 0.0353 3.0 46.0
2.101095 41.51725 0.0353 3.0 46.0
2.101095 41.51725 0.0354 0.0 47.0
2.3696747 42.389782 0.0354 0.0 47.0
2.3696747 42.389782 0.0355 0.0 48.0
2.6382544 43.262314 0.0355 0.0 48.0
2.101095 41.51725 0.0356 0.0 47.0
2.8138516 42.08771 0.0356 0.0 47.0
2.8138516 42.08771 0.0357 0.0 48.0
3.5266082 42.658173 0.0357 0.0 48.0
2.101095 41.51725 0.0358 2.0 47.0
2.6144829 42.272152 0.0358 2.0 47.0
2.6144829 42.272152 0.0359 1.0 48.0
3.1278708 43.027054 0.0359 1.0 48.0
3.1278708 43.027054 0.0360 0.0 49.0
3.6412587 43.781956 0.0360 0.0 49.0
3.6412587 43.781956 0.0361 0.0 50.0
4.1546464 44.536858 0.0361 0.0 50.0
1.0743191 40.007446 0.0362 8.0 45.0
1.3428988 40.87998 0.0362 8.0 45.0
1.3428988 40.87998 0.0363 7.0 46.0
1.6114786 41.75251 0.0363 7.0 46.0
1.6114786 41.75251 0.0364 6.0 47.0
1.8800583 42.625042 0.0364 6.0 47.0
1.8800583 42.625042 0.0365 5.0 48.0
2.148638 43.497574 0.0365 5.0 48.0
2.148638 43.497574 0.0366 4.0 49.0
2.4172177 44.370106 0.0366 4.0 49.0
2.4172177 44.370106 0.0367 3.0 50.0
2.6857975 45.242638 0.0367 3.0 50.0
2.6857975 45.242638 0.0368 0.0 51.0
2.6857975 46.15557 0.0368 0.0 51.0
2.6857975 46.15557 0.0369 0.0 52.0
2.6857975 47.068504 0.0369 0.0 52.0
2.6857975 45.242638 0.0370 0.0 51.0
3.1991854 45.99754 0.0370 0.0 51.0
3.1991854 45.99754 0.0371 0.0 52.0
3.7125733 46.75244 0.0371 0.0 52.0
2.6857975 45.242638 0.0372 2.0 51.0
2.9543772 46.11517 0.0372 2.0 51.0
2.9543772 46.11517 0.0373 1.0 52.0
3.222957 46.9877 0.0373 1.0 52.0
3.222957 46.9877 0.0374 0.0 53.0
3.4915366 47.860233 0.0374 0.0 53.0
3.4915366 47.860233 0.0375 0.0 54.0
3.7601163 48.732765 0.0375 0.0 54.0
0.0 36.51732 0.0376 20.0 41.0
0.0 37.430252 0.0376 20.0 41.0
0.0 37.430252 0.0377 19.0 42.0
0.0 38.343185 0.0377 19.0 42.0
0.0 38.343185 0.0378 18.0 43.0
0.0 39.25612 0.0378 18.0 43.0
0.0 39.25612 0.0379 17.0 44.0
0.0 40.169052 0.0379 17.0 44.0
0.0 40.169052 0.0380 16.0 45.0
0.0 41.081985 0.0380 16.0 45.0
0.0 41.081985 0.0381 15.0 46.0
0.0 41.99492 0.0381 15.0 46.0
0.0 41.99492 0.0382 14.0 47.0
0.0 42.907852 0.0382 14.0 47.0
0.0 42.907852 0.0383 13.0 48.0
0.0 43.820786 0.0383 13.0 48.0
0.0 43.820786 0.0384 12.0 49.0
0.0 44.73372 0.0384 12.0 49.0
0.0 44.73372 0.0385 11.0 50.0
0.0 45.646652 0.0385 11.0 50.0
0.0 45.646652 0.0386 10.0 51.0
0.0 46.559586 0.0386 10.0 51.0
0.0 46.559586 0.0387 9.0 52.0
0.0 47.47252 0.0387 9.0 52.0
0.0 47.47252 0.0388 4.0 53.0
-0.26857978 48.34505 0.0388 4.0 53.0
-0.26857978 48.34505 0.0389 3.0 54.0
-0.53715956 49.217583 0.0389 3.0 54.0
-0.53715956 49.217583 0.0390 0.0 55.0
-1.0505474 49.972485 0.0390 0.0 55.0
-1.0505474 49.972485 0.0391 0.0 56.0
-1.5639353 50.727386 0.0391 0.0 56.0
-0.53715956 49.217583 0.0392 0.0 55.0
-0.53715956 50.130516 0.0392 0.0 55.0
-0.53715956 50.130516 0.0393 0.0 56.0
-0.53715956 51.04345 0.0393 0.0 56.0
-0.53715956 49.217583 0.0394 2.0 55.0
-0.80573934 50.090115 0.0394 2.0 55.0
-0.80573934 50.090115 0.0395 1.0 56.0
-1.0743191 50.962646 0.0395 1.0 56.0
-1.0743191 50.962646 0.0396 0.0 57.0
-1.3428988 51.83518 0.0396 0.0 57.0
-1.3428988 51.83518 0.0397 0.0 58.0
-1.6114786 52.70771 0.0397 0.0 58.0
0.0 47.47252 0.0398 4.0 53.0
0.26857978 48.34505 0.0398 4.0 53.0
0.26857978 48.34505 0.0399 3.0 54.0
0.53715956 49.217583 0.0399 3.0 54.0
0.53715956 49.217583 0.0400 0.0 55.0
0.53715956 50.130516 0.0400 0.0 55.0
0.53715956 50.130516 0.0401 0.0 56.0
0.53715956 51.04345 0.0401 0.0 56.0
0.53715956 49.217583 0.0402 0.0 55.0
1.0505474 49.972485 0.0402 0.0 55.0
1.0505474 49.972485 0.0403 0.0 56.0
1.5639353 50.727386 0.0403 0.0 56.0
0.53715956 49.217583 0.0404 2.0 55.0
0.80573934 50.090115 0.0404 2.0 55.0
0.80573934 50.090115 0.0405 1.0 56.0
1.0743191 50.962646 0.0405 1.0 56.0
1.0743191 50.962646 0.0406 0.0 57.0
1.3428988 51.83518 0.0406 0.0 57.0
1.3428988 51.83518 0.0407 0.0 58.0
1.6114786 52.70771 0.0407 0.0 58.0
0.0 47.47252 0.0408 8.0 53.0
0.0 48.385452 0.0408 8.0 53.0
0.0 48.385452 0.0409 7.0 54.0
0.0 49.298386 0.0409 7.0 54.0
0.0 49.298386 0.0410 6.0 55.0
0.0 50.21132 0.0410 6.0 55.0
0.0 50.21132 0.0411 5.0 56.0
0.0 51.124252 0.0411 5.0 56.0
0.0 51.124252 0.0412 4.0 57.0
0.0 52.037186 0.0412 4.0 57.0
0.0 52.037186 0.0413 3.0 58.0
0.0 52.95012 0.0413 3.0 58.0
0.0 52.95012 0.0414 0.0 59.0
-0.26857978 53.82265 0.0414 0.0 59.0
-0.26857978 53.82265 0.0415 0.0 60.0
-0.53715956 54.695183 0.0415 0.0 60.0
0.0 52.95012 0.0416 0.0 59.0
0.26857978 53.82265 0.0416 0.0 59.0
0.26857978 53.82265 0.0417 0.0 60.0
0.53715956 54.695183 0.0417 0.0 60.0
0.0 52.95012 0.0418 2.0 59.0
0.0 53.863052 0.0418 2.0 59.0
0.0 53.863052 0.0419 1.0 60.0
0.0 54.775986 0.0419 1.0 60.0
0.0 54.775986 0.0420 0.0 61.0
0.0 55.68892 0.0420 0.0 61.0
0.0 55.68892 0.0421 0.0 62.0
0.0 56.601852 0.0421 0.0 62.0
