0.0 0.0 0.00 27.0 1.0
0.0 1.2374325 0.00 27.0 1.0
0.0 1.2374325 0.01 26.0 2.0
0.0 2.474865 0.01 26.0 2.0
0.0 2.474865 0.02 1.0 3.0
1.080615 3.077783 0.02 1.0 3.0
1.080615 3.077783 0.03 0.0 4.0
1.7071805 4.1448607 0.03 0.0 4.0
1.7071805 4.1448607 0.04 0.0 5.0
1.7071805 5.382293 0.04 0.0 5.0
0.0 2.474865 0.05 1.0 3.0
-0.6265655 3.5419426 0.05 1.0 3.0
-0.6265655 3.5419426 0.06 0.0 4.0
-0.6265655 4.779375 0.06 0.0 4.0
-0.6265655 4.779375 0.07 0.0 5.0
0.0 5.8464527 0.07 0.0 5.0
0.0 2.474865 0.08 25.0 3.0
0.0 3.7122974 0.08 25.0 3.0
0.0 3.7122974 0.09 24.0 4.0
0.0 4.94973 0.09 24.0 4.0
0.0 4.94973 0.010 1.0 5.0
1.080615 5.552648 0.010 1.0 5.0
1.080615 5.552648 0.011 0.0 6.0
1.7071805 6.6197257 0.011 0.0 6.0
1.7071805 6.6197257 0.012 0.0 7.0
1.7071805 7.857158 0.012 0.0 7.0
0.0 4.94973 0.013 1.0 5.0
-0.6265655 6.0168076 0.013 1.0 5.0
-0.6265655 6.0168076 0.014 0.0 6.0
-0.6265655 7.25424 0.014 0.0 6.0
-0.6265655 7.25424 0.015 0.0 7.0
0.0 8.321318 0.015 0.0 7.0
0.0 4.94973 0.016 7.0 5.0
0.0 6.1871624 0.016 7.0 5.0
0.0 6.1871624 0.017 6.0 6.0
0.0 7.424595 0.017 6.0 6.0
0.0 7.424595 0.018 1.0 7.0
1.080615 8.0275135 0.018 1.0 7.0
1.080615 8.0275135 0.019 0.0 8.0
1.7071805 9.094591 0.019 0.0 8.0
1.7071805 9.094591 0.020 0.0 9.0
1.7071805 10.332024 0.020 0.0 9.0
0.0 7.424595 0.021 1.0 7.0
-0.6265655 8.4916725 0.021 1.0 7.0
-0.6265655 8.4916725 0.022 0.0 8.0
-0.6265655 9.729105 0.022 0.0 8.0
-0.6265655 9.729105 0.023 0.0 9.0
0.0 10.796183 0.023 0.0 9.0
0.0 7.424595 0.024 5.0 7.0
-0.6265655 8.4916725 0.024 5.0 7.0
-0.6265655 8.4916725 0.025 4.0 8.0
-1.253131 9.55875 0.025 4.0 8.0
-1.253131 9.55875 0.026 1.0 9.0
-0.6265655 10.625828 0.026 1.0 9.0
-0.6265655 10.625828 0.027 0.0 10.0
-0.6265655 11.86326 0.027 0.0 10.0
-0.6265655 11.86326 0.028 0.0 11.0
-1.253131 12.930338 0.028 0.0 11.0
-1.253131 9.55875 0.029 1.0 9.0
-2.333746 10.161669 0.029 1.0 9.0
-2.333746 10.161669 0.030 0.0 10.0
-2.9603114 11.228746 0.030 0.0 10.0
-2.9603114 11.228746 0.031 0.0 11.0
-2.9603114 12.466179 0.031 0.0 11.0
-1.253131 9.55875 0.032 3.0 9.0
-2.333746 10.161669 0.032 3.0 9.0
-2.333746 10.161669 0.033 2.0 10.0
-3.414361 10.764587 0.033 2.0 10.0
-3.414361 10.764587 0.034 1.0 11.0
-3.414361 12.00202 0.034 1.0 11.0
-3.414361 12.00202 0.035 0.0 12.0
-4.0409265 13.0690975 0.035 0.0 12.0
-4.0409265 13.0690975 0.036 0.0 13.0
-5.1215415 13.672016 0.036 0.0 13.0
-3.414361 10.764587 0.037 1.0 11.0
-4.6514935 10.737341 0.037 1.0 11.0
-4.6514935 10.737341 0.038 0.0 12.0
-5.7321086 11.34026 0.038 0.0 12.0
-5.7321086 11.34026 0.039 0.0 13.0
-6.358674 12.407337 0.039 0.0 13.0
0.0 4.94973 0.040 7.0 5.0
-1.2371325 4.9224834 0.040 7.0 5.0
-1.2371325 4.9224834 0.041 6.0 6.0
-2.474265 4.895237 0.041 6.0 6.0
-2.474265 4.895237 0.042 1.0 7.0
-3.1008306 5.9623146 0.042 1.0 7.0
-3.1008306 5.9623146 0.043 0.0 8.0
-4.1814456 6.5652328 0.043 0.0 8.0
-4.1814456 6.5652328 0.044 0.0 9.0
-5.418578 6.5379863 0.044 0.0 9.0
-2.474265 4.895237 0.045 1.0 7.0
-3.527288 4.245328 0.045 1.0 7.0
-3.527288 4.245328 0.046 0.0 8.0
-4.7644205 4.2180815 0.046 0.0 8.0
-4.7644205 4.2180815 0.047 0.0 9.0
-5.8450356 4.8209996 0.047 0.0 9.0
-2.474265 4.895237 0.048 5.0 7.0
-3.5548801 5.498155 0.048 5.0 7.0
-3.5548801 5.498155 0.049 4.0 8.0
-4.635495 6.1010733 0.049 4.0 8.0
-4.635495 6.1010733 0.050 1.0 9.0
-4.635495 7.3385057 0.050 1.0 9.0
-4.635495 7.3385057 0.051 0.0 10.0
-5.2620606 8.405583 0.051 0.0 10.0
-5.2620606 8.405583 0.052 0.0 11.0
-6.3426757 9.008501 0.052 0.0 11.0
-4.635495 6.1010733 0.053 1.0 9.0
-5.8726277 6.073827 0.053 1.0 9.0
-5.8726277 6.073827 0.054 0.0 10.0
-6.953243 6.676745 0.054 0.0 10.0
-6.953243 6.676745 0.055 0.0 11.0
-7.579808 7.7438226 0.055 0.0 11.0
-4.635495 6.1010733 0.056 3.0 9.0
-5.2620606 7.168151 0.056 3.0 9.0
-5.2620606 7.168151 0.057 2.0 10.0
-5.888626 8.235229 0.057 2.0 10.0
-5.888626 8.235229 0.058 1.0 11.0
-5.2620606 9.302306 0.058 1.0 11.0
-5.2620606 9.302306 0.059 0.0 12.0
-5.2620606 10.539739 0.059 0.0 12.0
-5.2620606 10.539739 0.060 0.0 13.0
-5.888626 11.606816 0.060 0.0 13.0
-5.888626 8.235229 0.061 1.0 11.0
-6.969241 8.838146 0.061 1.0 11.0
-6.969241 8.838146 0.062 0.0 12.0
-7.5958066 9.905224 0.062 0.0 12.0
-7.5958066 9.905224 0.063 0.0 13.0
-7.5958066 11.142656 0.063 0.0 13.0
0.0 4.94973 0.064 23.0 5.0
-1.080615 5.552648 0.064 23.0 5.0
-1.080615 5.552648 0.065 22.0 6.0
-2.16123 6.155566 0.065 22.0 6.0
-2.16123 6.155566 0.066 1.0 7.0
-2.16123 7.3929987 0.066 1.0 7.0
-2.16123 7.3929987 0.067 0.0 8.0
-2.7877955 8.460076 0.067 0.0 8.0
-2.7877955 8.460076 0.068 0.0 9.0
-3.8684106 9.062994 0.068 0.0 9.0
-2.16123 6.155566 0.069 1.0 7.0
-3.3983626 6.1283197 0.069 1.0 7.0
-3.3983626 6.1283197 0.070 0.0 8.0
-4.4789777 6.731238 0.070 0.0 8.0
-4.4789777 6.731238 0.071 0.0 9.0
-5.105543 7.7983155 0.071 0.0 9.0
-2.16123 6.155566 0.072 21.0 7.0
-3.2418451 6.7584844 0.072 21.0 7.0
-3.2418451 6.7584844 0.073 20.0 8.0
-4.32246 7.3614025 0.073 20.0 8.0
-4.32246 7.3614025 0.074 1.0 9.0
-4.32246 8.598835 0.074 1.0 9.0
-4.32246 8.598835 0.075 0.0 10.0
-4.9490256 9.665913 0.075 0.0 10.0
-4.9490256 9.665913 0.076 0.0 11.0
-6.0296407 10.268831 0.076 0.0 11.0
-4.32246 7.3614025 0.077 1.0 9.0
-5.5595927 7.334156 0.077 1.0 9.0
-5.5595927 7.334156 0.078 0.0 10.0
-6.640208 7.937074 0.078 0.0 10.0
-6.640208 7.937074 0.079 0.0 11.0
-7.266773 9.004152 0.079 0.0 11.0
-4.32246 7.3614025 0.080 7.0 9.0
-5.403075 7.9643207 0.080 7.0 9.0
-5.403075 7.9643207 0.081 6.0 10.0
-6.4836903 8.567239 0.081 6.0 10.0
-6.4836903 8.567239 0.082 1.0 11.0
-6.4836903 9.804671 0.082 1.0 11.0
-6.4836903 9.804671 0.083 0.0 12.0
-7.1102557 10.871749 0.083 0.0 12.0
-7.1102557 10.871749 0.084 0.0 13.0
-8.19087 11.474667 0.084 0.0 13.0
-6.4836903 8.567239 0.085 1.0 11.0
-7.720823 8.539992 0.085 1.0 11.0
-7.720823 8.539992 0.086 0.0 12.0
-8.801437 9.14291 0.086 0.0 12.0
-8.801437 9.14291 0.087 0.0 13.0
-9.428003 10.209988 0.087 0.0 13.0
-6.4836903 8.567239 0.088 5.0 11.0
-7.720823 8.539992 0.088 5.0 11.0
-7.720823 8.539992 0.089 4.0 12.0
-8.957955 8.512746 0.089 4.0 12.0
-8.957955 8.512746 0.090 1.0 13.0
-9.584521 9.5798235 0.090 1.0 13.0
-9.584521 9.5798235 0.091 0.0 14.0
-10.665136 10.182741 0.091 0.0 14.0
-10.665136 10.182741 0.092 0.0 15.0
-11.902269 10.155495 0.092 0.0 15.0
-8.957955 8.512746 0.093 1.0 13.0
-10.010979 7.862837 0.093 1.0 13.0
-10.010979 7.862837 0.094 0.0 14.0
-11.248112 7.8355904 0.094 0.0 14.0
-11.248112 7.8355904 0.095 0.0 15.0
-12.328727 8.438509 0.095 0.0 15.0
-8.957955 8.512746 0.096 3.0 13.0
-10.010979 7.862837 0.096 3.0 13.0
-10.010979 7.862837 0.097 2.0 14.0
-11.064002 7.212928 0.097 2.0 14.0
-11.064002 7.212928 0.098 1.0 15.0
-12.144617 7.815846 0.098 1.0 15.0
-12.144617 7.815846 0.099 0.0 16.0
-13.38175 7.7885995 0.099 0.0 16.0
-13.38175 7.7885995 0.0100 0.0 17.0
-14.434773 7.1386905 0.0100 0.0 17.0
-11.064002 7.212928 0.0101 1.0 15.0
-11.642981 6.1192994 0.0101 1.0 15.0
-11.642981 6.1192994 0.0102 0.0 16.0
-12.696004 5.4693904 0.0102 0.0 16.0
-12.696004 5.4693904 0.0103 0.0 17.0
-13.933136 5.442144 0.0103 0.0 17.0
-4.32246 7.3614025 0.0104 7.0 9.0
-4.9014387 6.267774 0.0104 7.0 9.0
-4.9014387 6.267774 0.0105 6.0 10.0
-5.4804173 5.1741457 0.0105 6.0 10.0
-5.4804173 5.1741457 0.0106 1.0 11.0
-6.71755 5.146899 0.0106 1.0 11.0
-6.71755 5.146899 0.0107 0.0 12.0
-7.7705727 4.49699 0.0107 0.0 12.0
-7.7705727 4.49699 0.0108 0.0 13.0
-8.349551 3.4033618 0.0108 0.0 13.0
-5.4804173 5.1741457 0.0109 1.0 11.0
-5.4259377 3.937913 0.0109 1.0 11.0
-5.4259377 3.937913 0.0110 0.0 12.0
-6.004916 2.8442845 0.0110 0.0 12.0
-6.004916 2.8442845 0.0111 0.0 13.0
-7.057939 2.1943755 0.0111 0.0 13.0
-5.4804173 5.1741457 0.0112 5.0 11.0
-6.53344 4.5242367 0.0112 5.0 11.0
-6.53344 4.5242367 0.0113 4.0 12.0
-7.586463 3.8743277 0.0113 4.0 12.0
-7.586463 3.8743277 0.0114 1.0 13.0
-8.667078 4.477246 0.0114 1.0 13.0
-8.667078 4.477246 0.0115 0.0 14.0
-9.904211 4.4499993 0.0115 0.0 14.0
-9.904211 4.4499993 0.0116 0.0 15.0
-10.957234 3.8000903 0.0116 0.0 15.0
-7.586463 3.8743277 0.0117 1.0 13.0
-8.1654415 2.7806993 0.0117 1.0 13.0
-8.1654415 2.7806993 0.0118 0.0 14.0
-9.218465 2.1307902 0.0118 0.0 14.0
-9.218465 2.1307902 0.0119 0.0 15.0
-10.455597 2.1035438 0.0119 0.0 15.0
-7.586463 3.8743277 0.0120 3.0 13.0
-8.823595 3.8470812 0.0120 3.0 13.0
-8.823595 3.8470812 0.0121 2.0 14.0
-10.060728 3.8198347 0.0121 2.0 14.0
-10.060728 3.8198347 0.0122 1.0 15.0
-10.687294 4.8869123 0.0122 1.0 15.0
-10.687294 4.8869123 0.0123 0.0 16.0
-11.767909 5.4898305 0.0123 0.0 16.0
-11.767909 5.4898305 0.0124 0.0 17.0
-13.005041 5.462584 0.0124 0.0 17.0
-10.060728 3.8198347 0.0125 1.0 15.0
-11.113751 3.1699257 0.0125 1.0 15.0
-11.113751 3.1699257 0.0126 0.0 16.0
-12.3508835 3.1426792 0.0126 0.0 16.0
-12.3508835 3.1426792 0.0127 0.0 17.0
-13.431499 3.7455974 0.0127 0.0 17.0
-4.32246 7.3614025 0.0128 19.0 9.0
-5.375483 6.7114935 0.0128 19.0 9.0
-5.375483 6.7114935 0.0129 18.0 10.0
-6.428506 6.0615845 0.0129 18.0 10.0
-6.428506 6.0615845 0.0130 1.0 11.0
-7.509121 6.6645026 0.0130 1.0 11.0
-7.509121 6.6645026 0.0131 0.0 12.0
-8.746254 6.637256 0.0131 0.0 12.0
-8.746254 6.637256 0.0132 0.0 13.0
-9.799277 5.987347 0.0132 0.0 13.0
-6.428506 6.0615845 0.0133 1.0 11.0
-7.0074844 4.967956 0.0133 1.0 11.0
-7.0074844 4.967956 0.0134 0.0 12.0
-8.060508 4.318047 0.0134 0.0 12.0
-8.060508 4.318047 0.0135 0.0 13.0
-9.29764 4.2908006 0.0135 0.0 13.0
-6.428506 6.0615845 0.0136 17.0 11.0
-7.4815288 5.4116755 0.0136 17.0 11.0
-7.4815288 5.4116755 0.0137 16.0 12.0
-8.534552 4.7617664 0.0137 16.0 12.0
-8.534552 4.7617664 0.0138 1.0 13.0
-9.615167 5.3646846 0.0138 1.0 13.0
-9.615167 5.3646846 0.0139 0.0 14.0
-10.852299 5.337438 0.0139 0.0 14.0
-10.852299 5.337438 0.0140 0.0 15.0
-11.905322 4.687529 0.0140 0.0 15.0
-8.534552 4.7617664 0.0141 1.0 13.0
-9.11353 3.668138 0.0141 1.0 13.0
-9.11353 3.668138 0.0142 0.0 14.0
-10.1665535 3.018229 0.0142 0.0 14.0
-10.1665535 3.018229 0.0143 0.0 15.0
-11.403687 2.9909825 0.0143 0.0 15.0
-8.534552 4.7617664 0.0144 7.0 13.0
-9.587575 4.1118574 0.0144 7.0 13.0
-9.587575 4.1118574 0.0145 6.0 14.0
-10.640598 3.4619484 0.0145 6.0 14.0
-10.640598 3.4619484 0.0146 1.0 15.0
-11.721213 4.0648665 0.0146 1.0 15.0
-11.721213 4.0648665 0.0147 0.0 16.0
-12.958345 4.03762 0.0147 0.0 16.0
-12.958345 4.03762 0.0148 0.0 17.0
-14.011369 3.387711 0.0148 0.0 17.0
-10.640598 3.4619484 0.0149 1.0 15.0
-11.219577 2.36832 0.0149 1.0 15.0
-11.219577 2.36832 0.0150 0.0 16.0
-12.2726 1.718411 0.0150 0.0 16.0
-12.2726 1.718411 0.0151 0.0 17.0
-13.509733 1.6911646 0.0151 0.0 17.0
-10.640598 3.4619484 0.0152 5.0 15.0
-11.219577 2.36832 0.0152 5.0 15.0
-11.219577 2.36832 0.0153 4.0 16.0
-11.798555 1.2746916 0.0153 4.0 16.0
-11.798555 1.2746916 0.0154 1.0 17.0
-13.035688 1.2474452 0.0154 1.0 17.0
-13.035688 1.2474452 0.0155 0.0 18.0
-14.088712 0.5975362 0.0155 0.0 18.0
-14.088712 0.5975362 0.0156 0.0 19.0
-14.66769 -0.4960922 0.0156 0.0 19.0
-11.798555 1.2746916 0.0157 1.0 17.0
-11.744076 0.038458943 0.0157 1.0 17.0
-11.744076 0.038458943 0.0158 0.0 18.0
-12.323054 -1.0551695 0.0158 0.0 18.0
-12.323054 -1.0551695 0.0159 0.0 19.0
-13.376078 -1.7050785 0.0159 0.0 19.0
-11.798555 1.2746916 0.0160 3.0 17.0
-11.744076 0.038458943 0.0160 3.0 17.0
-11.744076 0.038458943 0.0161 2.0 18.0
-11.689596 -1.1977737 0.0161 2.0 18.0
-11.689596 -1.1977737 0.0162 1.0 19.0
-12.7426195 -1.8476827 0.0162 1.0 19.0
-12.7426195 -1.8476827 0.0163 0.0 20.0
-13.321598 -2.9413111 0.0163 0.0 20.0
-13.321598 -2.9413111 0.0164 0.0 21.0
-13.267118 -4.1775436 0.0164 0.0 21.0
-11.689596 -1.1977737 0.0165 1.0 19.0
-11.016659 -2.2362313 0.0165 1.0 19.0
-11.016659 -2.2362313 0.0166 0.0 20.0
-10.962179 -3.472464 0.0166 0.0 20.0
-10.962179 -3.472464 0.0167 0.0 21.0
-11.541158 -4.5660925 0.0167 0.0 21.0
-8.534552 4.7617664 0.0168 7.0 13.0
-7.861614 3.7233086 0.0168 7.0 13.0
-7.861614 3.7233086 0.0169 6.0 14.0
-7.188677 2.6848507 0.0169 6.0 14.0
-7.188677 2.6848507 0.0170 1.0 15.0
-7.7676554 1.5912223 0.0170 1.0 15.0
-7.7676554 1.5912223 0.0171 0.0 16.0
-7.713176 0.35498965 0.0171 0.0 16.0
-7.713176 0.35498965 0.0172 0.0 17.0
-7.0402384 -0.6834681 0.0172 0.0 17.0
-7.188677 2.6848507 0.0173 1.0 15.0
-6.0825653 2.1300926 0.0173 1.0 15.0
-6.0825653 2.1300926 0.0174 0.0 16.0
-5.409628 1.0916349 0.0174 0.0 16.0
-5.409628 1.0916349 0.0175 0.0 17.0
-5.3551483 -0.14459777 0.0175 0.0 17.0
-7.188677 2.6848507 0.0176 5.0 15.0
-7.134197 1.448618 0.0176 5.0 15.0
-7.134197 1.448618 0.0177 4.0 16.0
-7.0797176 0.21238542 0.0177 4.0 16.0
-7.0797176 0.21238542 0.0178 1.0 17.0
-8.132741 -0.4375236 0.0178 1.0 17.0
-8.132741 -0.4375236 0.0179 0.0 18.0
-8.7117195 -1.531152 0.0179 0.0 18.0
-8.7117195 -1.531152 0.0180 0.0 19.0
-8.65724 -2.7673845 0.0180 0.0 19.0
-7.0797176 0.21238542 0.0181 1.0 17.0
-6.4067802 -0.82607234 0.0181 1.0 17.0
-6.4067802 -0.82607234 0.0182 0.0 18.0
-6.3523006 -2.062305 0.0182 0.0 18.0
-6.3523006 -2.062305 0.0183 0.0 19.0
-6.931279 -3.1559334 0.0183 0.0 19.0
-7.0797176 0.21238542 0.0184 3.0 17.0
-7.658696 -0.881243 0.0184 3.0 17.0
-7.658696 -0.881243 0.0185 2.0 18.0
-8.237675 -1.9748714 0.0185 2.0 18.0
-8.237675 -1.9748714 0.0186 1.0 19.0
-9.474808 -2.0021179 0.0186 1.0 19.0
-9.474808 -2.0021179 0.0187 0.0 20.0
-10.527831 -2.652027 0.0187 0.0 20.0
-10.527831 -2.652027 0.0188 0.0 21.0
-11.10681 -3.7456553 0.0188 0.0 21.0
-8.237675 -1.9748714 0.0189 1.0 19.0
-8.183195 -3.211104 0.0189 1.0 19.0
-8.183195 -3.211104 0.0190 0.0 20.0
-8.762174 -4.3047323 0.0190 0.0 20.0
-8.762174 -4.3047323 0.0191 0.0 21.0
-9.815197 -4.9546413 0.0191 0.0 21.0
-8.534552 4.7617664 0.0192 15.0 13.0
-7.861614 3.7233086 0.0192 15.0 13.0
-7.861614 3.7233086 0.0193 14.0 14.0
-7.188677 2.6848507 0.0193 14.0 14.0
-7.188677 2.6848507 0.0194 1.0 15.0
-7.7676554 1.5912223 0.0194 1.0 15.0
-7.7676554 1.5912223 0.0195 0.0 16.0
-7.713176 0.35498965 0.0195 0.0 16.0
-7.713176 0.35498965 0.0196 0.0 17.0
-7.0402384 -0.6834681 0.0196 0.0 17.0
-7.188677 2.6848507 0.0197 1.0 15.0
-6.0825653 2.1300926 0.0197 1.0 15.0
-6.0825653 2.1300926 0.0198 0.0 16.0
-5.409628 1.0916349 0.0198 0.0 16.0
-5.409628 1.0916349 0.0199 0.0 17.0
-5.3551483 -0.14459777 0.0199 0.0 17.0
-7.188677 2.6848507 0.0200 13.0 15.0
-6.5157394 1.646393 0.0200 13.0 15.0
-6.5157394 1.646393 0.0201 12.0 16.0
-5.842802 0.6079352 0.0201 12.0 16.0
-5.842802 0.6079352 0.0202 1.0 17.0
-6.4217806 -0.48569322 0.0202 1.0 17.0
-6.4217806 -0.48569322 0.0203 0.0 18.0
-6.367301 -1.7219259 0.0203 0.0 18.0
-6.367301 -1.7219259 0.0204 0.0 19.0
-5.6943636 -2.7603836 0.0204 0.0 19.0
-5.842802 0.6079352 0.0205 1.0 17.0
-4.7366905 0.05317712 0.0205 1.0 17.0
-4.7366905 0.05317712 0.0206 0.0 18.0
-4.063753 -0.98528063 0.0206 0.0 18.0
-4.063753 -0.98528063 0.0207 0.0 19.0
-4.0092735 -2.2215133 0.0207 0.0 19.0
-5.842802 0.6079352 0.0208 7.0 17.0
-5.1698647 -0.43052256 0.0208 7.0 17.0
-5.1698647 -0.43052256 0.0209 6.0 18.0
-4.4969273 -1.4689803 0.0209 6.0 18.0
-4.4969273 -1.4689803 0.0210 1.0 19.0
-5.075906 -2.5626087 0.0210 1.0 19.0
-5.075906 -2.5626087 0.0211 0.0 20.0
-5.021426 -3.7988415 0.0211 0.0 20.0
-5.021426 -3.7988415 0.0212 0.0 21.0
-4.348489 -4.8372993 0.0212 0.0 21.0
-4.4969273 -1.4689803 0.0213 1.0 19.0
-3.3908157 -2.0237384 0.0213 1.0 19.0
-3.3908157 -2.0237384 0.0214 0.0 20.0
-2.7178783 -3.0621963 0.0214 0.0 20.0
-2.7178783 -3.0621963 0.0215 0.0 21.0
-2.6633987 -4.298429 0.0215 0.0 21.0
-4.4969273 -1.4689803 0.0216 5.0 19.0
-3.3908157 -2.0237384 0.0216 5.0 19.0
-3.3908157 -2.0237384 0.0217 4.0 20.0
-2.2847042 -2.5784965 0.0217 4.0 20.0
-2.2847042 -2.5784965 0.0218 1.0 21.0
-2.2302246 -3.8147292 0.0218 1.0 21.0
-2.2302246 -3.8147292 0.0219 0.0 22.0
-1.5572872 -4.853187 0.0219 0.0 22.0
-1.5572872 -4.853187 0.0220 0.0 23.0
-0.4511757 -5.407945 0.0220 0.0 23.0
-2.2847042 -2.5784965 0.0221 1.0 21.0
-1.0499709 -2.4968097 0.0221 1.0 21.0
-1.0499709 -2.4968097 0.0222 0.0 22.0
0.05614066 -3.0515678 0.0222 0.0 22.0
0.05614066 -3.0515678 0.0223 0.0 23.0
0.7290781 -4.0900254 0.0223 0.0 23.0
-2.2847042 -2.5784965 0.0224 3.0 21.0
-1.0499709 -2.4968097 0.0224 3.0 21.0
-1.0499709 -2.4968097 0.0225 2.0 22.0
0.18476248 -2.415123 0.0225 2.0 22.0
0.18476248 -2.415123 0.0226 1.0 23.0
0.85769993 -3.4535809 0.0226 1.0 23.0
0.85769993 -3.4535809 0.0227 0.0 24.0
1.9638114 -4.008339 0.0227 0.0 24.0
1.9638114 -4.008339 0.0228 0.0 25.0
3.1985447 -3.9266522 0.0228 0.0 25.0
0.18476248 -2.415123 0.0229 1.0 23.0
1.208151 -1.7194829 0.0229 1.0 23.0
1.208151 -1.7194829 0.0230 0.0 24.0
2.4428844 -1.6377963 0.0230 0.0 24.0
2.4428844 -1.6377963 0.0231 0.0 25.0
3.548996 -2.1925545 0.0231 0.0 25.0
-5.842802 0.6079352 0.0232 7.0 17.0
-4.8194137 1.3035753 0.0232 7.0 17.0
-4.8194137 1.3035753 0.0233 6.0 18.0
-3.7960253 1.9992154 0.0233 6.0 18.0
-3.7960253 1.9992154 0.0234 1.0 19.0
-2.6899137 1.4444573 0.0234 1.0 19.0
-2.6899137 1.4444573 0.0235 0.0 20.0
-1.4551804 1.5261439 0.0235 0.0 20.0
-1.4551804 1.5261439 0.0236 0.0 21.0
-0.4317919 2.221784 0.0236 0.0 21.0
-3.7960253 1.9992154 0.0237 1.0 19.0
-3.2657573 3.117274 0.0237 1.0 19.0
-3.2657573 3.117274 0.0238 0.0 20.0
-2.2423687 3.8129141 0.0238 0.0 20.0
-2.2423687 3.8129141 0.0239 0.0 21.0
-1.0076354 3.8946009 0.0239 0.0 21.0
-3.7960253 1.9992154 0.0240 5.0 19.0
-2.561292 2.080902 0.0240 5.0 19.0
-2.561292 2.080902 0.0241 4.0 20.0
-1.3265586 2.1625888 0.0241 4.0 20.0
-1.3265586 2.1625888 0.0242 1.0 21.0
-0.65362114 1.1241311 0.0242 1.0 21.0
-0.65362114 1.1241311 0.0243 0.0 22.0
0.4524904 0.569373 0.0243 0.0 22.0
0.4524904 0.569373 0.0244 0.0 23.0
1.6872237 0.6510596 0.0244 0.0 23.0
-1.3265586 2.1625888 0.0245 1.0 21.0
-0.30317008 2.858229 0.0245 1.0 21.0
-0.30317008 2.858229 0.0246 0.0 22.0
0.93156326 2.9399157 0.0246 0.0 22.0
0.93156326 2.9399157 0.0247 0.0 23.0
2.037675 2.3851576 0.0247 0.0 23.0
-1.3265586 2.1625888 0.0248 3.0 21.0
-0.22044706 1.6078308 0.0248 3.0 21.0
-0.22044706 1.6078308 0.0249 2.0 22.0
0.88566446 1.0530727 0.0249 2.0 22.0
0.88566446 1.0530727 0.0250 1.0 23.0
0.940144 -0.18315995 0.0250 1.0 23.0
0.940144 -0.18315995 0.0251 0.0 24.0
1.6130815 -1.2216177 0.0251 0.0 24.0
1.6130815 -1.2216177 0.0252 0.0 25.0
2.719193 -1.7763758 0.0252 0.0 25.0
0.88566446 1.0530727 0.0253 1.0 23.0
2.1203978 1.1347593 0.0253 1.0 23.0
2.1203978 1.1347593 0.0254 0.0 24.0
3.2265093 0.58000124 0.0254 0.0 24.0
3.2265093 0.58000124 0.0255 0.0 25.0
3.8994467 -0.45845652 0.0255 0.0 25.0
-5.842802 0.6079352 0.0256 11.0 17.0
-4.8194137 1.3035753 0.0256 11.0 17.0
-4.8194137 1.3035753 0.0257 10.0 18.0
-3.7960253 1.9992154 0.0257 10.0 18.0
-3.7960253 1.9992154 0.0258 1.0 19.0
-2.6899137 1.4444573 0.0258 1.0 19.0
-2.6899137 1.4444573 0.0259 0.0 20.0
-1.4551804 1.5261439 0.0259 0.0 20.0
-1.4551804 1.5261439 0.0260 0.0 21.0
-0.4317919 2.221784 0.0260 0.0 21.0
-3.7960253 1.9992154 0.0261 1.0 19.0
-3.2657573 3.117274 0.0261 1.0 19.0
-3.2657573 3.117274 0.0262 0.0 20.0
-2.2423687 3.8129141 0.0262 0.0 20.0
-2.2423687 3.8129141 0.0263 0.0 21.0
-1.0076354 3.8946009 0.0263 0.0 21.0
-3.7960253 1.9992154 0.0264 9.0 19.0
-2.772637 2.6948555 0.0264 9.0 19.0
-2.772637 2.6948555 0.0265 8.0 20.0
-1.7492484 3.3904955 0.0265 8.0 20.0
-1.7492484 3.3904955 0.0266 1.0 21.0
-0.64313686 2.8357375 0.0266 1.0 21.0
-0.64313686 2.8357375 0.0267 0.0 22.0
0.5915965 2.9174242 0.0267 0.0 22.0
0.5915965 2.9174242 0.0268 0.0 23.0
1.614985 3.6130643 0.0268 0.0 23.0
-1.7492484 3.3904955 0.0269 1.0 21.0
-1.2189806 4.5085545 0.0269 1.0 21.0
-1.2189806 4.5085545 0.0270 0.0 22.0
-0.19559205 5.2041945 0.0270 0.0 22.0
-0.19559205 5.2041945 0.0271 0.0 23.0
1.0391413 5.285881 0.0271 0.0 23.0
-1.7492484 3.3904955 0.0272 7.0 21.0
-0.7258599 4.086136 0.0272 7.0 21.0
-0.7258599 4.086136 0.0273 6.0 22.0
0.29752862 4.781776 0.0273 6.0 22.0
0.29752862 4.781776 0.0274 1.0 23.0
1.4036402 4.227018 0.0274 1.0 23.0
1.4036402 4.227018 0.0275 0.0 24.0
2.6383734 4.3087044 0.0275 0.0 24.0
2.6383734 4.3087044 0.0276 0.0 25.0
3.6617618 5.0043445 0.0276 0.0 25.0
0.29752862 4.781776 0.0277 1.0 23.0
0.8277965 5.8998346 0.0277 1.0 23.0
0.8277965 5.8998346 0.0278 0.0 24.0
1.8511851 6.5954747 0.0278 0.0 24.0
1.8511851 6.5954747 0.0279 0.0 25.0
3.0859184 6.677161 0.0279 0.0 25.0
0.29752862 4.781776 0.0280 5.0 23.0
0.8277965 5.8998346 0.0280 5.0 23.0
0.8277965 5.8998346 0.0281 4.0 24.0
1.3580644 7.0178933 0.0281 4.0 24.0
1.3580644 7.0178933 0.0282 1.0 25.0
2.5927978 7.09958 0.0282 1.0 25.0
2.5927978 7.09958 0.0283 0.0 26.0
3.6161861 7.79522 0.0283 0.0 26.0
3.6161861 7.79522 0.0284 0.0 27.0
4.146454 8.913279 0.0284 0.0 27.0
1.3580644 7.0178933 0.0285 1.0 25.0
1.2492098 8.250528 0.0285 1.0 25.0
1.2492098 8.250528 0.0286 0.0 26.0
1.7794776 9.3685875 0.0286 0.0 26.0
1.7794776 9.3685875 0.0287 0.0 27.0
2.802866 10.064228 0.0287 0.0 27.0
1.3580644 7.0178933 0.0288 3.0 25.0
1.2492098 8.250528 0.0288 3.0 25.0
1.2492098 8.250528 0.0289 2.0 26.0
1.1403551 9.483164 0.0289 2.0 26.0
1.1403551 9.483164 0.0290 1.0 27.0
2.1637435 10.178804 0.0290 1.0 27.0
2.1637435 10.178804 0.0291 0.0 28.0
2.6940114 11.296864 0.0291 0.0 28.0
2.6940114 11.296864 0.0292 0.0 29.0
2.585157 12.529499 0.0292 0.0 29.0
1.1403551 9.483164 0.0293 1.0 27.0
0.42234957 10.490987 0.0293 1.0 27.0
0.42234957 10.490987 0.0294 0.0 28.0
0.31349492 11.723622 0.0294 0.0 28.0
0.31349492 11.723622 0.0295 0.0 29.0
0.8437628 12.841681 0.0295 0.0 29.0
-1.7492484 3.3904955 0.0296 7.0 21.0
-2.467254 4.3983183 0.0296 7.0 21.0
-2.467254 4.3983183 0.0297 6.0 22.0
-3.1852593 5.4061413 0.0297 6.0 22.0
-3.1852593 5.4061413 0.0298 1.0 23.0
-2.6549914 6.5242 0.0298 1.0 23.0
-2.6549914 6.5242 0.0299 0.0 24.0
-2.763846 7.7568355 0.0299 0.0 24.0
-2.763846 7.7568355 0.0300 0.0 25.0
-3.4818516 8.764658 0.0300 0.0 25.0
-3.1852593 5.4061413 0.0301 1.0 23.0
-4.314723 5.911662 0.0301 1.0 23.0
-4.314723 5.911662 0.0302 0.0 24.0
-5.0327287 6.919485 0.0302 0.0 24.0
-5.0327287 6.919485 0.0303 0.0 25.0
-5.1415834 8.152121 0.0303 0.0 25.0
-3.1852593 5.4061413 0.0304 5.0 23.0
-3.294114 6.638777 0.0304 5.0 23.0
-3.294114 6.638777 0.0305 4.0 24.0
-3.402969 7.8714123 0.0305 4.0 24.0
-3.402969 7.8714123 0.0306 1.0 25.0
-2.3795805 8.567053 0.0306 1.0 25.0
-2.3795805 8.567053 0.0307 0.0 26.0
-1.8493125 9.685112 0.0307 0.0 26.0
-1.8493125 9.685112 0.0308 0.0 27.0
-1.9581672 10.9177475 0.0308 0.0 27.0
-3.402969 7.8714123 0.0309 1.0 25.0
-4.1209745 8.879235 0.0309 1.0 25.0
-4.1209745 8.879235 0.0310 0.0 26.0
-4.2298293 10.111871 0.0310 0.0 26.0
-4.2298293 10.111871 0.0311 0.0 27.0
-3.6995614 11.229929 0.0311 0.0 27.0
-3.402969 7.8714123 0.0312 3.0 25.0
-2.872701 8.989471 0.0312 3.0 25.0
-2.872701 8.989471 0.0313 2.0 26.0
-2.342433 10.107531 0.0313 2.0 26.0
-2.342433 10.107531 0.0314 1.0 27.0
-1.1076996 10.189218 0.0314 1.0 27.0
-1.1076996 10.189218 0.0315 0.0 28.0
-0.08431113 10.884857 0.0315 0.0 28.0
-0.08431113 10.884857 0.0316 0.0 29.0
0.44595677 12.002916 0.0316 0.0 29.0
-2.342433 10.107531 0.0317 1.0 27.0
-2.4512877 11.340166 0.0317 1.0 27.0
-2.4512877 11.340166 0.0318 0.0 28.0
-1.9210198 12.458225 0.0318 0.0 28.0
-1.9210198 12.458225 0.0319 0.0 29.0
-0.8976313 13.153866 0.0319 0.0 29.0
-4.32246 7.3614025 0.0320 19.0 9.0
-3.6495228 6.3229446 0.0320 19.0 9.0
-3.6495228 6.3229446 0.0321 18.0 10.0
-2.9765854 5.284487 0.0321 18.0 10.0
-2.9765854 5.284487 0.0322 1.0 11.0
-3.555564 4.1908584 0.0322 1.0 11.0
-3.555564 4.1908584 0.0323 0.0 12.0
-3.5010843 2.9546256 0.0323 0.0 12.0
-3.5010843 2.9546256 0.0324 0.0 13.0
-2.828147 1.9161679 0.0324 0.0 13.0
-2.9765854 5.284487 0.0325 1.0 11.0
-1.8704739 4.7297287 0.0325 1.0 11.0
-1.8704739 4.7297287 0.0326 0.0 12.0
-1.1975365 3.6912708 0.0326 0.0 12.0
-1.1975365 3.6912708 0.0327 0.0 13.0
-1.1430569 2.455038 0.0327 0.0 13.0
-2.9765854 5.284487 0.0328 17.0 11.0
-2.303648 4.246029 0.0328 17.0 11.0
-2.303648 4.246029 0.0329 16.0 12.0
-1.6307106 3.207571 0.0329 16.0 12.0
-1.6307106 3.207571 0.0330 1.0 13.0
-2.2096891 2.1139426 0.0330 1.0 13.0
-2.2096891 2.1139426 0.0331 0.0 14.0
-2.1552095 0.87771 0.0331 0.0 14.0
-2.1552095 0.87771 0.0332 0.0 15.0
-1.4822721 -0.16074777 0.0332 0.0 15.0
-1.6307106 3.207571 0.0333 1.0 13.0
-0.5245991 2.652813 0.0333 1.0 13.0
-0.5245991 2.652813 0.0334 0.0 14.0
0.14833838 1.6143552 0.0334 0.0 14.0
0.14833838 1.6143552 0.0335 0.0 15.0
0.20281795 0.37812257 0.0335 0.0 15.0
-1.6307106 3.207571 0.0336 7.0 13.0
-0.95777315 2.1691132 0.0336 7.0 13.0
-0.95777315 2.1691132 0.0337 6.0 14.0
-0.2848357 1.1306554 0.0337 6.0 14.0
-0.2848357 1.1306554 0.0338 1.0 15.0
-0.8638142 0.037027 0.0338 1.0 15.0
-0.8638142 0.037027 0.0339 0.0 16.0
-0.80933464 -1.1992056 0.0339 0.0 16.0
-0.80933464 -1.1992056 0.0340 0.0 17.0
-0.13639718 -2.2376633 0.0340 0.0 17.0
-0.2848357 1.1306554 0.0341 1.0 15.0
0.82127583 0.57589734 0.0341 1.0 15.0
0.82127583 0.57589734 0.0342 0.0 16.0
1.4942133 -0.46256042 0.0342 0.0 16.0
1.4942133 -0.46256042 0.0343 0.0 17.0
1.548693 -1.698793 0.0343 0.0 17.0
-0.2848357 1.1306554 0.0344 5.0 15.0
0.82127583 0.57589734 0.0344 5.0 15.0
0.82127583 0.57589734 0.0345 4.0 16.0
1.9273874 0.021139264 0.0345 4.0 16.0
1.9273874 0.021139264 0.0346 1.0 17.0
1.981867 -1.2150934 0.0346 1.0 17.0
1.981867 -1.2150934 0.0347 0.0 18.0
2.6548045 -2.253551 0.0347 0.0 18.0
2.6548045 -2.253551 0.0348 0.0 19.0
3.760916 -2.808309 0.0348 0.0 19.0
1.9273874 0.021139264 0.0349 1.0 17.0
3.1621208 0.10282589 0.0349 1.0 17.0
3.1621208 0.10282589 0.0350 0.0 18.0
4.2682323 -0.4519322 0.0350 0.0 18.0
4.2682323 -0.4519322 0.0351 0.0 19.0
4.9411697 -1.49039 0.0351 0.0 19.0
1.9273874 0.021139264 0.0352 3.0 17.0
3.1621208 0.10282589 0.0352 3.0 17.0
3.1621208 0.10282589 0.0353 2.0 18.0
4.3968544 0.18451251 0.0353 2.0 18.0
4.3968544 0.18451251 0.0354 1.0 19.0
5.069792 -0.85394526 0.0354 1.0 19.0
5.069792 -0.85394526 0.0355 0.0 20.0
6.1759033 -1.4087033 0.0355 0.0 20.0
6.1759033 -1.4087033 0.0356 0.0 21.0
7.410637 -1.3270167 0.0356 0.0 21.0
4.3968544 0.18451251 0.0357 1.0 19.0
5.420243 0.8801526 0.0357 1.0 19.0
5.420243 0.8801526 0.0358 0.0 20.0
6.654976 0.9618392 0.0358 0.0 20.0
6.654976 0.9618392 0.0359 0.0 21.0
7.7610874 0.40708113 0.0359 0.0 21.0
-1.6307106 3.207571 0.0360 7.0 13.0
-0.6073221 3.903211 0.0360 7.0 13.0
-0.6073221 3.903211 0.0361 6.0 14.0
0.4160664 4.598851 0.0361 6.0 14.0
0.4160664 4.598851 0.0362 1.0 15.0
1.5221779 4.044093 0.0362 1.0 15.0
1.5221779 4.044093 0.0363 0.0 16.0
2.7569113 4.1257796 0.0363 0.0 16.0
2.7569113 4.1257796 0.0364 0.0 17.0
3.7802997 4.8214197 0.0364 0.0 17.0
0.4160664 4.598851 0.0365 1.0 15.0
0.9463343 5.71691 0.0365 1.0 15.0
0.9463343 5.71691 0.0366 0.0 16.0
1.9697227 6.41255 0.0366 0.0 16.0
1.9697227 6.41255 0.0367 0.0 17.0
3.204456 6.4942365 0.0367 0.0 17.0
0.4160664 4.598851 0.0368 5.0 15.0
1.6507998 4.6805377 0.0368 5.0 15.0
1.6507998 4.6805377 0.0369 4.0 16.0
2.885533 4.762224 0.0369 4.0 16.0
2.885533 4.762224 0.0370 1.0 17.0
3.5584705 3.7237663 0.0370 1.0 17.0
3.5584705 3.7237663 0.0371 0.0 18.0
4.6645823 3.1690083 0.0371 0.0 18.0
4.6645823 3.1690083 0.0372 0.0 19.0
5.899316 3.250695 0.0372 0.0 19.0
2.885533 4.762224 0.0373 1.0 17.0
3.9089217 5.4578643 0.0373 1.0 17.0
3.9089217 5.4578643 0.0374 0.0 18.0
5.143655 5.539551 0.0374 0.0 18.0
5.143655 5.539551 0.0375 0.0 19.0
6.2497663 4.9847927 0.0375 0.0 19.0
2.885533 4.762224 0.0376 3.0 17.0
3.9916446 4.207466 0.0376 3.0 17.0
3.9916446 4.207466 0.0377 2.0 18.0
5.0977564 3.652708 0.0377 2.0 18.0
5.0977564 3.652708 0.0378 1.0 19.0
5.152236 2.4164753 0.0378 1.0 19.0
5.152236 2.4164753 0.0379 0.0 20.0
5.8251734 1.3780175 0.0379 0.0 20.0
5.8251734 1.3780175 0.0380 0.0 21.0
6.931285 0.8232595 0.0380 0.0 21.0
5.0977564 3.652708 0.0381 1.0 19.0
6.33249 3.7343948 0.0381 1.0 19.0
6.33249 3.7343948 0.0382 0.0 20.0
7.4386015 3.1796367 0.0382 0.0 20.0
7.4386015 3.1796367 0.0383 0.0 21.0
8.111539 2.141179 0.0383 0.0 21.0
-1.6307106 3.207571 0.0384 15.0 13.0
-0.5245991 2.652813 0.0384 15.0 13.0
-0.5245991 2.652813 0.0385 14.0 14.0
0.58151245 2.098055 0.0385 14.0 14.0
0.58151245 2.098055 0.0386 1.0 15.0
0.635992 0.86182225 0.0386 1.0 15.0
0.635992 0.86182225 0.0387 0.0 16.0
1.3089294 -0.1766355 0.0387 0.0 16.0
1.3089294 -0.1766355 0.0388 0.0 17.0
2.415041 -0.7313936 0.0388 0.0 17.0
0.58151245 2.098055 0.0389 1.0 15.0
1.8162458 2.1797416 0.0389 1.0 15.0
1.8162458 2.1797416 0.0390 0.0 16.0
2.9223573 1.6249835 0.0390 0.0 16.0
2.9223573 1.6249835 0.0391 0.0 17.0
3.5952947 0.5865258 0.0391 0.0 17.0
0.58151245 2.098055 0.0392 13.0 15.0
1.687624 1.5432968 0.0392 13.0 15.0
1.687624 1.5432968 0.0393 12.0 16.0
2.7937355 0.98853874 0.0393 12.0 16.0
2.7937355 0.98853874 0.0394 1.0 17.0
2.848215 -0.2476939 0.0394 1.0 17.0
2.848215 -0.2476939 0.0395 0.0 18.0
3.5211525 -1.2861516 0.0395 0.0 18.0
3.5211525 -1.2861516 0.0396 0.0 19.0
4.627264 -1.8409097 0.0396 0.0 19.0
2.7937355 0.98853874 0.0397 1.0 17.0
4.028469 1.0702254 0.0397 1.0 17.0
4.028469 1.0702254 0.0398 0.0 18.0
5.1345806 0.5154673 0.0398 0.0 18.0
5.1345806 0.5154673 0.0399 0.0 19.0
5.807518 -0.52299047 0.0399 0.0 19.0
2.7937355 0.98853874 0.0400 7.0 17.0
3.899847 0.43378067 0.0400 7.0 17.0
3.899847 0.43378067 0.0401 6.0 18.0
5.0059586 -0.1209774 0.0401 6.0 18.0
5.0059586 -0.1209774 0.0402 1.0 19.0
5.060438 -1.35721 0.0402 1.0 19.0
5.060438 -1.35721 0.0403 0.0 20.0
5.7333755 -2.3956678 0.0403 0.0 20.0
5.7333755 -2.3956678 0.0404 0.0 21.0
6.839487 -2.9504259 0.0404 0.0 21.0
5.0059586 -0.1209774 0.0405 1.0 19.0
6.240692 -0.03929078 0.0405 1.0 19.0
6.240692 -0.03929078 0.0406 0.0 20.0
7.3468037 -0.59404886 0.0406 0.0 20.0
7.3468037 -0.59404886 0.0407 0.0 21.0
8.019741 -1.6325066 0.0407 0.0 21.0
5.0059586 -0.1209774 0.0408 5.0 19.0
6.240692 -0.03929078 0.0408 5.0 19.0
6.240692 -0.03929078 0.0409 4.0 20.0
7.4754257 0.042395845 0.0409 4.0 20.0
7.4754257 0.042395845 0.0410 1.0 21.0
8.148363 -0.9960619 0.0410 1.0 21.0
8.148363 -0.9960619 0.0411 0.0 22.0
9.254475 -1.55082 0.0411 0.0 22.0
9.254475 -1.55082 0.0412 0.0 23.0
10.489208 -1.4691334 0.0412 0.0 23.0
7.4754257 0.042395845 0.0413 1.0 21.0
8.498815 0.7380359 0.0413 1.0 21.0
8.498815 0.7380359 0.0414 0.0 22.0
9.733548 0.81972253 0.0414 0.0 22.0
9.733548 0.81972253 0.0415 0.0 23.0
10.83966 0.26496446 0.0415 0.0 23.0
7.4754257 0.042395845 0.0416 3.0 21.0
8.498815 0.7380359 0.0416 3.0 21.0
8.498815 0.7380359 0.0417 2.0 22.0
9.522203 1.433676 0.0417 2.0 22.0
9.522203 1.433676 0.0418 1.0 23.0
10.628315 0.87891793 0.0418 1.0 23.0
10.628315 0.87891793 0.0419 0.0 24.0
11.863049 0.96060455 0.0419 0.0 24.0
11.863049 0.96060455 0.0420 0.0 25.0
12.886437 1.6562446 0.0420 0.0 25.0
9.522203 1.433676 0.0421 1.0 23.0
10.052471 2.5517347 0.0421 1.0 23.0
10.052471 2.5517347 0.0422 0.0 24.0
11.07586 3.2473748 0.0422 0.0 24.0
11.07586 3.2473748 0.0423 0.0 25.0
12.310594 3.3290615 0.0423 0.0 25.0
2.7937355 0.98853874 0.0424 7.0 17.0
3.3240035 2.1065974 0.0424 7.0 17.0
3.3240035 2.1065974 0.0425 6.0 18.0
3.8542714 3.224656 0.0425 6.0 18.0
3.8542714 3.224656 0.0426 1.0 19.0
5.0890045 3.3063428 0.0426 1.0 19.0
5.0890045 3.3063428 0.0427 0.0 20.0
6.112393 4.0019827 0.0427 0.0 20.0
6.112393 4.0019827 0.0428 0.0 21.0
6.6426606 5.1200414 0.0428 0.0 21.0
3.8542714 3.224656 0.0429 1.0 19.0
3.7454166 4.4572916 0.0429 1.0 19.0
3.7454166 4.4572916 0.0430 0.0 20.0
4.2756844 5.5753503 0.0430 0.0 20.0
4.2756844 5.5753503 0.0431 0.0 21.0
5.2990727 6.2709904 0.0431 0.0 21.0
3.8542714 3.224656 0.0432 5.0 19.0
4.87766 3.9202962 0.0432 5.0 19.0
4.87766 3.9202962 0.0433 4.0 20.0
5.901048 4.6159363 0.0433 4.0 20.0
5.901048 4.6159363 0.0434 1.0 21.0
7.0071597 4.061178 0.0434 1.0 21.0
7.0071597 4.061178 0.0435 0.0 22.0
8.241893 4.1428647 0.0435 0.0 22.0
8.241893 4.1428647 0.0436 0.0 23.0
9.265282 4.838505 0.0436 0.0 23.0
5.901048 4.6159363 0.0437 1.0 21.0
6.431316 5.733995 0.0437 1.0 21.0
6.431316 5.733995 0.0438 0.0 22.0
7.4547043 6.429635 0.0438 0.0 22.0
7.4547043 6.429635 0.0439 0.0 23.0
8.689438 6.5113215 0.0439 0.0 23.0
5.901048 4.6159363 0.0440 3.0 21.0
7.1357813 4.697623 0.0440 3.0 21.0
7.1357813 4.697623 0.0441 2.0 22.0
8.370515 4.7793093 0.0441 2.0 22.0
8.370515 4.7793093 0.0442 1.0 23.0
9.043452 3.7408514 0.0442 1.0 23.0
9.043452 3.7408514 0.0443 0.0 24.0
10.149564 3.1860933 0.0443 0.0 24.0
10.149564 3.1860933 0.0444 0.0 25.0
11.384297 3.26778 0.0444 0.0 25.0
8.370515 4.7793093 0.0445 1.0 23.0
9.393904 5.4749494 0.0445 1.0 23.0
9.393904 5.4749494 0.0446 0.0 24.0
10.628637 5.556636 0.0446 0.0 24.0
10.628637 5.556636 0.0447 0.0 25.0
11.734749 5.001878 0.0447 0.0 25.0
2.7937355 0.98853874 0.0448 11.0 17.0
4.028469 1.0702254 0.0448 11.0 17.0
4.028469 1.0702254 0.0449 10.0 18.0
5.2632027 1.151912 0.0449 10.0 18.0
5.2632027 1.151912 0.0450 1.0 19.0
5.93614 0.11345422 0.0450 1.0 19.0
5.93614 0.11345422 0.0451 0.0 20.0
7.0422516 -0.44130385 0.0451 0.0 20.0
7.0422516 -0.44130385 0.0452 0.0 21.0
8.276985 -0.35961723 0.0452 0.0 21.0
5.2632027 1.151912 0.0453 1.0 19.0
6.286591 1.8475521 0.0453 1.0 19.0
6.286591 1.8475521 0.0454 0.0 20.0
7.521324 1.9292387 0.0454 0.0 20.0
7.521324 1.9292387 0.0455 0.0 21.0
8.627436 1.3744806 0.0455 0.0 21.0
5.2632027 1.151912 0.0456 9.0 19.0
6.4979362 1.2335986 0.0456 9.0 19.0
6.4979362 1.2335986 0.0457 8.0 20.0
7.73267 1.3152852 0.0457 8.0 20.0
7.73267 1.3152852 0.0458 1.0 21.0
8.405607 0.27682745 0.0458 1.0 21.0
8.405607 0.27682745 0.0459 0.0 22.0
9.511719 -0.27793062 0.0459 0.0 22.0
9.511719 -0.27793062 0.0460 0.0 23.0
10.746452 -0.196244 0.0460 0.0 23.0
7.73267 1.3152852 0.0461 1.0 21.0
8.756059 2.0109253 0.0461 1.0 21.0
8.756059 2.0109253 0.0462 0.0 22.0
9.990792 2.092612 0.0462 0.0 22.0
9.990792 2.092612 0.0463 0.0 23.0
11.096904 1.537854 0.0463 0.0 23.0
7.73267 1.3152852 0.0464 7.0 21.0
8.967403 1.3969718 0.0464 7.0 21.0
8.967403 1.3969718 0.0465 6.0 22.0
10.202137 1.4786584 0.0465 6.0 22.0
10.202137 1.4786584 0.0466 1.0 23.0
10.875074 0.4402007 0.0466 1.0 23.0
10.875074 0.4402007 0.0467 0.0 24.0
11.981186 -0.114557385 0.0467 0.0 24.0
11.981186 -0.114557385 0.0468 0.0 25.0
13.2159195 -0.032870762 0.0468 0.0 25.0
10.202137 1.4786584 0.0469 1.0 23.0
11.225526 2.1742985 0.0469 1.0 23.0
11.225526 2.1742985 0.0470 0.0 24.0
12.460259 2.2559853 0.0470 0.0 24.0
12.460259 2.2559853 0.0471 0.0 25.0
13.566371 1.7012272 0.0471 0.0 25.0
10.202137 1.4786584 0.0472 5.0 23.0
11.225526 2.1742985 0.0472 5.0 23.0
11.225526 2.1742985 0.0473 4.0 24.0
12.248915 2.8699386 0.0473 4.0 24.0
12.248915 2.8699386 0.0474 1.0 25.0
13.355026 2.3151805 0.0474 1.0 25.0
13.355026 2.3151805 0.0475 0.0 26.0
14.58976 2.3968673 0.0475 0.0 26.0
14.58976 2.3968673 0.0476 0.0 27.0
15.613149 3.0925074 0.0476 0.0 27.0
12.248915 2.8699386 0.0477 1.0 25.0
12.779182 3.9879973 0.0477 1.0 25.0
12.779182 3.9879973 0.0478 0.0 26.0
13.802571 4.6836376 0.0478 0.0 26.0
13.802571 4.6836376 0.0479 0.0 27.0
15.037305 4.765324 0.0479 0.0 27.0
12.248915 2.8699386 0.0480 3.0 25.0
12.779182 3.9879973 0.0480 3.0 25.0
12.779182 3.9879973 0.0481 2.0 26.0
13.30945 5.106056 0.0481 2.0 26.0
13.30945 5.106056 0.0482 1.0 27.0
14.544184 5.1877427 0.0482 1.0 27.0
14.544184 5.1877427 0.0483 0.0 28.0
15.567573 5.883383 0.0483 0.0 28.0
15.567573 5.883383 0.0484 0.0 29.0
16.097841 7.0014415 0.0484 0.0 29.0
13.30945 5.106056 0.0485 1.0 27.0
13.200596 6.3386917 0.0485 1.0 27.0
13.200596 6.3386917 0.0486 0.0 28.0
13.730864 7.4567504 0.0486 0.0 28.0
13.730864 7.4567504 0.0487 0.0 29.0
14.754252 8.1523905 0.0487 0.0 29.0
7.73267 1.3152852 0.0488 7.0 21.0
7.623815 2.5479207 0.0488 7.0 21.0
7.623815 2.5479207 0.0489 6.0 22.0
7.5149603 3.7805562 0.0489 6.0 22.0
7.5149603 3.7805562 0.0490 1.0 23.0
8.538349 4.4761963 0.0490 1.0 23.0
8.538349 4.4761963 0.0491 0.0 24.0
9.068617 5.594255 0.0491 0.0 24.0
9.068617 5.594255 0.0492 0.0 25.0
8.959763 6.8268905 0.0492 0.0 25.0
7.5149603 3.7805562 0.0493 1.0 23.0
6.7969546 4.788379 0.0493 1.0 23.0
6.7969546 4.788379 0.0494 0.0 24.0
6.6881 6.0210147 0.0494 0.0 24.0
6.6881 6.0210147 0.0495 0.0 25.0
7.2183676 7.1390734 0.0495 0.0 25.0
7.5149603 3.7805562 0.0496 5.0 23.0
8.045228 4.898615 0.0496 5.0 23.0
8.045228 4.898615 0.0497 4.0 24.0
8.575496 6.0166736 0.0497 4.0 24.0
8.575496 6.0166736 0.0498 1.0 25.0
9.810229 6.09836 0.0498 1.0 25.0
9.810229 6.09836 0.0499 0.0 26.0
10.833618 6.794 0.0499 0.0 26.0
10.833618 6.794 0.0500 0.0 27.0
11.363886 7.912059 0.0500 0.0 27.0
8.575496 6.0166736 0.0501 1.0 25.0
8.466641 7.249309 0.0501 1.0 25.0
8.466641 7.249309 0.0502 0.0 26.0
8.996909 8.367368 0.0502 0.0 26.0
8.996909 8.367368 0.0503 0.0 27.0
10.020298 9.063007 0.0503 0.0 27.0
8.575496 6.0166736 0.0504 3.0 25.0
9.598885 6.7123137 0.0504 3.0 25.0
9.598885 6.7123137 0.0505 2.0 26.0
10.622273 7.4079537 0.0505 2.0 26.0
10.622273 7.4079537 0.0506 1.0 27.0
11.728385 6.8531957 0.0506 1.0 27.0
11.728385 6.8531957 0.0507 0.0 28.0
12.963119 6.934882 0.0507 0.0 28.0
12.963119 6.934882 0.0508 0.0 29.0
13.986507 7.6305223 0.0508 0.0 29.0
10.622273 7.4079537 0.0509 1.0 27.0
11.152541 8.526012 0.0509 1.0 27.0
11.152541 8.526012 0.0510 0.0 28.0
12.17593 9.221653 0.0510 0.0 28.0
12.17593 9.221653 0.0511 0.0 29.0
13.410664 9.30334 0.0511 0.0 29.0
