0.0 0.0 0.00 27.0 1.0
0.0 1.8935217 0.00 27.0 1.0
0.0 1.8935217 0.01 26.0 2.0
0.0 3.7870433 0.01 26.0 2.0
0.0 3.7870433 0.02 1.0 3.0
1.88509 3.9655364 0.02 1.0 3.0
1.88509 3.9655364 0.03 0.0 4.0
3.1593435 5.366144 0.03 0.0 4.0
3.1593435 5.366144 0.04 0.0 5.0
3.1593435 7.259666 0.04 0.0 5.0
0.0 3.7870433 0.05 1.0 3.0
-1.2742535 5.187651 0.05 1.0 3.0
-1.2742535 5.187651 0.06 0.0 4.0
-1.2742535 7.081173 0.06 0.0 4.0
-1.2742535 7.081173 0.07 0.0 5.0
0.0 8.481781 0.07 0.0 5.0
0.0 3.7870433 0.08 25.0 3.0
0.0 5.680565 0.08 25.0 3.0
0.0 5.680565 0.09 24.0 4.0
0.0 7.5740867 0.09 24.0 4.0
0.0 7.5740867 0.010 1.0 5.0
1.88509 7.7525797 0.010 1.0 5.0
1.88509 7.7525797 0.011 0.0 6.0
3.1593435 9.153188 0.011 0.0 6.0
3.1593435 9.153188 0.012 0.0 7.0
3.1593435 11.046709 0.012 0.0 7.0
0.0 7.5740867 0.013 1.0 5.0
-1.2742535 8.974694 0.013 1.0 5.0
-1.2742535 8.974694 0.014 0.0 6.0
-1.2742535 10.868216 0.014 0.0 6.0
-1.2742535 10.868216 0.015 0.0 7.0
0.0 12.268824 0.015 0.0 7.0
0.0 7.5740867 0.016 7.0 5.0
0.0 9.467608 0.016 7.0 5.0
0.0 9.467608 0.017 6.0 6.0
0.0 11.36113 0.017 6.0 6.0
0.0 11.36113 0.018 1.0 7.0
1.88509 11.539622 0.018 1.0 7.0
1.88509 11.539622 0.019 0.0 8.0
3.1593435 12.94023 0.019 0.0 8.0
3.1593435 12.94023 0.020 0.0 9.0
3.1593435 14.833752 0.020 0.0 9.0
0.0 11.36113 0.021 1.0 7.0
-1.2742535 12.761738 0.021 1.0 7.0
-1.2742535 12.761738 0.022 0.0 8.0
-1.2742535 14.655259 0.022 0.0 8.0
-1.2742535 14.655259 0.023 0.0 9.0
0.0 16.055866 0.023 0.0 9.0
0.0 11.36113 0.024 5.0 7.0
-1.2742535 12.761738 0.024 5.0 7.0
-1.2742535 12.761738 0.025 4.0 8.0
-2.548507 14.162346 0.025 4.0 8.0
-2.548507 14.162346 0.026 1.0 9.0
-1.2742535 15.562954 0.026 1.0 9.0
-1.2742535 15.562954 0.027 0.0 10.0
-1.2742535 17.456476 0.027 0.0 10.0
-1.2742535 17.456476 0.028 0.0 11.0
-2.548507 18.857084 0.028 0.0 11.0
-2.548507 14.162346 0.029 1.0 9.0
-4.433597 14.340838 0.029 1.0 9.0
-4.433597 14.340838 0.030 0.0 10.0
-5.7078505 15.7414465 0.030 0.0 10.0
-5.7078505 15.7414465 0.031 0.0 11.0
-5.7078505 17.634968 0.031 0.0 11.0
-2.548507 14.162346 0.032 3.0 9.0
-4.433597 14.340838 0.032 3.0 9.0
-4.433597 14.340838 0.033 2.0 10.0
-6.318687 14.519331 0.033 2.0 10.0
-6.318687 14.519331 0.034 1.0 11.0
-6.318687 16.412853 0.034 1.0 11.0
-6.318687 16.412853 0.035 0.0 12.0
-7.5929403 17.813461 0.035 0.0 12.0
-7.5929403 17.813461 0.036 0.0 13.0
-9.47803 17.991955 0.036 0.0 13.0
-6.318687 14.519331 0.037 1.0 11.0
-7.8331757 13.38278 0.037 1.0 11.0
-7.8331757 13.38278 0.038 0.0 12.0
-9.718266 13.561273 0.038 0.0 12.0
-9.718266 13.561273 0.039 0.0 13.0
-10.992519 14.961881 0.039 0.0 13.0
0.0 7.5740867 0.040 7.0 5.0
-1.5144886 6.4375353 0.040 7.0 5.0
-1.5144886 6.4375353 0.041 6.0 6.0
-3.0289772 5.3009844 0.041 6.0 6.0
-3.0289772 5.3009844 0.042 1.0 7.0
-4.303231 6.701592 0.042 1.0 7.0
-4.303231 6.701592 0.043 0.0 8.0
-6.1883206 6.8800845 0.043 0.0 8.0
-6.1883206 6.8800845 0.044 0.0 9.0
-7.7028093 5.743533 0.044 0.0 9.0
-3.0289772 5.3009844 0.045 1.0 7.0
-3.3843734 3.441114 0.045 1.0 7.0
-3.3843734 3.441114 0.046 0.0 8.0
-4.898862 2.3045628 0.046 0.0 8.0
-4.898862 2.3045628 0.047 0.0 9.0
-6.7839518 2.4830556 0.047 0.0 9.0
-3.0289772 5.3009844 0.048 5.0 7.0
-4.9140673 5.479477 0.048 5.0 7.0
-4.9140673 5.479477 0.049 4.0 8.0
-6.799157 5.6579695 0.049 4.0 8.0
-6.799157 5.6579695 0.050 1.0 9.0
-6.799157 7.5514913 0.050 1.0 9.0
-6.799157 7.5514913 0.051 0.0 10.0
-8.073411 8.952099 0.051 0.0 10.0
-8.073411 8.952099 0.052 0.0 11.0
-9.958501 9.130591 0.052 0.0 11.0
-6.799157 5.6579695 0.053 1.0 9.0
-8.313645 4.5214186 0.053 1.0 9.0
-8.313645 4.5214186 0.054 0.0 10.0
-10.198735 4.699911 0.054 0.0 10.0
-10.198735 4.699911 0.055 0.0 11.0
-11.472989 6.1005187 0.055 0.0 11.0
-6.799157 5.6579695 0.056 3.0 9.0
-8.073411 7.058577 0.056 3.0 9.0
-8.073411 7.058577 0.057 2.0 10.0
-9.347665 8.459185 0.057 2.0 10.0
-9.347665 8.459185 0.058 1.0 11.0
-8.073412 9.859793 0.058 1.0 11.0
-8.073412 9.859793 0.059 0.0 12.0
-8.073412 11.753314 0.059 0.0 12.0
-8.073412 11.753314 0.060 0.0 13.0
-9.347666 13.153922 0.060 0.0 13.0
-9.347665 8.459185 0.061 1.0 11.0
-11.232755 8.637677 0.061 1.0 11.0
-11.232755 8.637677 0.062 0.0 12.0
-12.507009 10.038285 0.062 0.0 12.0
-12.507009 10.038285 0.063 0.0 13.0
-12.507009 11.931807 0.063 0.0 13.0
0.0 7.5740867 0.064 23.0 5.0
-1.88509 7.7525797 0.064 23.0 5.0
-1.88509 7.7525797 0.065 22.0 6.0
-3.77018 7.9310727 0.065 22.0 6.0
-3.77018 7.9310727 0.066 1.0 7.0
-3.77018 9.8245945 0.066 1.0 7.0
-3.77018 9.8245945 0.067 0.0 8.0
-5.0444336 11.225203 0.067 0.0 8.0
-5.0444336 11.225203 0.068 0.0 9.0
-6.9295235 11.403695 0.068 0.0 9.0
-3.77018 7.9310727 0.069 1.0 7.0
-5.2846684 6.7945213 0.069 1.0 7.0
-5.2846684 6.7945213 0.070 0.0 8.0
-7.1697583 6.973014 0.070 0.0 8.0
-7.1697583 6.973014 0.071 0.0 9.0
-8.444012 8.373622 0.071 0.0 9.0
-3.77018 7.9310727 0.072 21.0 7.0
-5.65527 8.109566 0.072 21.0 7.0
-5.65527 8.109566 0.073 20.0 8.0
-7.54036 8.288058 0.073 20.0 8.0
-7.54036 8.288058 0.074 1.0 9.0
-7.54036 10.18158 0.074 1.0 9.0
-7.54036 10.18158 0.075 0.0 10.0
-8.814613 11.582188 0.075 0.0 10.0
-8.814613 11.582188 0.076 0.0 11.0
-10.699703 11.76068 0.076 0.0 11.0
-7.54036 8.288058 0.077 1.0 9.0
-9.054849 7.1515074 0.077 1.0 9.0
-9.054849 7.1515074 0.078 0.0 10.0
-10.939939 7.33 0.078 0.0 10.0
-10.939939 7.33 0.079 0.0 11.0
-12.214192 8.730608 0.079 0.0 11.0
-7.54036 8.288058 0.080 7.0 9.0
-9.42545 8.466551 0.080 7.0 9.0
-9.42545 8.466551 0.081 6.0 10.0
-11.31054 8.645043 0.081 6.0 10.0
-11.31054 8.645043 0.082 1.0 11.0
-11.31054 10.538565 0.082 1.0 11.0
-11.31054 10.538565 0.083 0.0 12.0
-12.584794 11.939173 0.083 0.0 12.0
-12.584794 11.939173 0.084 0.0 13.0
-14.469884 12.117665 0.084 0.0 13.0
-11.31054 8.645043 0.085 1.0 11.0
-12.825028 7.5084925 0.085 1.0 11.0
-12.825028 7.5084925 0.086 0.0 12.0
-14.710118 7.686985 0.086 0.0 12.0
-14.710118 7.686985 0.087 0.0 13.0
-15.984372 9.087593 0.087 0.0 13.0
-11.31054 8.645043 0.088 5.0 11.0
-12.825028 7.5084925 0.088 5.0 11.0
-12.825028 7.5084925 0.089 4.0 12.0
-14.339517 6.3719416 0.089 4.0 12.0
-14.339517 6.3719416 0.090 1.0 13.0
-15.6137705 7.772549 0.090 1.0 13.0
-15.6137705 7.772549 0.091 0.0 14.0
-17.498861 7.9510417 0.091 0.0 14.0
-17.498861 7.9510417 0.092 0.0 15.0
-19.01335 6.8144903 0.092 0.0 15.0
-14.339517 6.3719416 0.093 1.0 13.0
-14.694913 4.512071 0.093 1.0 13.0
-14.694913 4.512071 0.094 0.0 14.0
-16.209402 3.37552 0.094 0.0 14.0
-16.209402 3.37552 0.095 0.0 15.0
-18.094492 3.5540128 0.095 0.0 15.0
-14.339517 6.3719416 0.096 3.0 13.0
-14.694913 4.512071 0.096 3.0 13.0
-14.694913 4.512071 0.097 2.0 14.0
-15.050309 2.6522007 0.097 2.0 14.0
-15.050309 2.6522007 0.098 1.0 15.0
-16.9354 2.8306935 0.098 1.0 15.0
-16.9354 2.8306935 0.099 0.0 16.0
-18.449888 1.6941423 0.099 0.0 16.0
-18.449888 1.6941423 0.0100 0.0 17.0
-18.805285 -0.16572797 0.0100 0.0 17.0
-15.050309 2.6522007 0.0101 1.0 15.0
-14.061583 1.0373186 0.0101 1.0 15.0
-14.061583 1.0373186 0.0102 0.0 16.0
-14.416979 -0.8225517 0.0102 0.0 16.0
-14.416979 -0.8225517 0.0103 0.0 17.0
-15.931467 -1.9591029 0.0103 0.0 17.0
-7.54036 8.288058 0.0104 7.0 9.0
-6.5516334 6.6731763 0.0104 7.0 9.0
-6.5516334 6.6731763 0.0105 6.0 10.0
-5.5629067 5.0582943 0.0105 6.0 10.0
-5.5629067 5.0582943 0.0106 1.0 11.0
-7.0773954 3.9217432 0.0106 1.0 11.0
-7.0773954 3.9217432 0.0107 0.0 12.0
-7.4327917 2.061873 0.0107 0.0 12.0
-7.4327917 2.061873 0.0108 0.0 13.0
-6.444065 0.44699085 0.0108 0.0 13.0
-5.5629067 5.0582943 0.0109 1.0 11.0
-3.7448196 4.529159 0.0109 1.0 11.0
-3.7448196 4.529159 0.0110 0.0 12.0
-2.7560933 2.914277 0.0110 0.0 12.0
-2.7560933 2.914277 0.0111 0.0 13.0
-3.1114895 1.0544068 0.0111 0.0 13.0
-5.5629067 5.0582943 0.0112 5.0 11.0
-5.918303 3.1984239 0.0112 5.0 11.0
-5.918303 3.1984239 0.0113 4.0 12.0
-6.2736993 1.3385535 0.0113 4.0 12.0
-6.2736993 1.3385535 0.0114 1.0 13.0
-8.15879 1.5170463 0.0114 1.0 13.0
-8.15879 1.5170463 0.0115 0.0 14.0
-9.673278 0.3804952 0.0115 0.0 14.0
-9.673278 0.3804952 0.0116 0.0 15.0
-10.028674 -1.4793751 0.0116 0.0 15.0
-6.2736993 1.3385535 0.0117 1.0 13.0
-5.2849727 -0.27632856 0.0117 1.0 13.0
-5.2849727 -0.27632856 0.0118 0.0 14.0
-5.640369 -2.136199 0.0118 0.0 14.0
-5.640369 -2.136199 0.0119 0.0 15.0
-7.1548576 -3.2727501 0.0119 0.0 15.0
-6.2736993 1.3385535 0.0120 3.0 13.0
-7.788188 0.2020024 0.0120 3.0 13.0
-7.788188 0.2020024 0.0121 2.0 14.0
-9.302676 -0.93454874 0.0121 2.0 14.0
-9.302676 -0.93454874 0.0122 1.0 15.0
-10.57693 0.46605897 0.0122 1.0 15.0
-10.57693 0.46605897 0.0123 0.0 16.0
-12.46202 0.64455175 0.0123 0.0 16.0
-12.46202 0.64455175 0.0124 0.0 17.0
-13.976508 -0.4919994 0.0124 0.0 17.0
-9.302676 -0.93454874 0.0125 1.0 15.0
-9.658072 -2.794419 0.0125 1.0 15.0
-9.658072 -2.794419 0.0126 0.0 16.0
-11.172561 -3.9309702 0.0126 0.0 16.0
-11.172561 -3.9309702 0.0127 0.0 17.0
-13.057651 -3.7524774 0.0127 0.0 17.0
-7.54036 8.288058 0.0128 19.0 9.0
-7.8957562 6.428188 0.0128 19.0 9.0
-7.8957562 6.428188 0.0129 18.0 10.0
-8.251153 4.5683174 0.0129 18.0 10.0
-8.251153 4.5683174 0.0130 1.0 11.0
-10.136243 4.74681 0.0130 1.0 11.0
-10.136243 4.74681 0.0131 0.0 12.0
-11.650731 3.6102588 0.0131 0.0 12.0
-11.650731 3.6102588 0.0132 0.0 13.0
-12.006127 1.7503885 0.0132 0.0 13.0
-8.251153 4.5683174 0.0133 1.0 11.0
-7.2624264 2.9534354 0.0133 1.0 11.0
-7.2624264 2.9534354 0.0134 0.0 12.0
-7.6178226 1.0935651 0.0134 0.0 12.0
-7.6178226 1.0935651 0.0135 0.0 13.0
-9.132311 -0.042986035 0.0135 0.0 13.0
-8.251153 4.5683174 0.0136 17.0 11.0
-8.606549 2.708447 0.0136 17.0 11.0
-8.606549 2.708447 0.0137 16.0 12.0
-8.961946 0.84857666 0.0137 16.0 12.0
-8.961946 0.84857666 0.0138 1.0 13.0
-10.847035 1.0270694 0.0138 1.0 13.0
-10.847035 1.0270694 0.0139 0.0 14.0
-12.361524 -0.10948169 0.0139 0.0 14.0
-12.361524 -0.10948169 0.0140 0.0 15.0
-12.71692 -1.969352 0.0140 0.0 15.0
-8.961946 0.84857666 0.0141 1.0 13.0
-7.973219 -0.76630545 0.0141 1.0 13.0
-7.973219 -0.76630545 0.0142 0.0 14.0
-8.328615 -2.6261759 0.0142 0.0 14.0
-8.328615 -2.6261759 0.0143 0.0 15.0
-9.843103 -3.762727 0.0143 0.0 15.0
-8.961946 0.84857666 0.0144 7.0 13.0
-9.317342 -1.0112936 0.0144 7.0 13.0
-9.317342 -1.0112936 0.0145 6.0 14.0
-9.672738 -2.8711638 0.0145 6.0 14.0
-9.672738 -2.8711638 0.0146 1.0 15.0
-11.557828 -2.692671 0.0146 1.0 15.0
-11.557828 -2.692671 0.0147 0.0 16.0
-13.072316 -3.8292222 0.0147 0.0 16.0
-13.072316 -3.8292222 0.0148 0.0 17.0
-13.427712 -5.6890926 0.0148 0.0 17.0
-9.672738 -2.8711638 0.0149 1.0 15.0
-8.684011 -4.486046 0.0149 1.0 15.0
-8.684011 -4.486046 0.0150 0.0 16.0
-9.039408 -6.3459163 0.0150 0.0 16.0
-9.039408 -6.3459163 0.0151 0.0 17.0
-10.553896 -7.4824677 0.0151 0.0 17.0
-9.672738 -2.8711638 0.0152 5.0 15.0
-8.684011 -4.486046 0.0152 5.0 15.0
-8.684011 -4.486046 0.0153 4.0 16.0
-7.695285 -6.100928 0.0153 4.0 16.0
-7.695285 -6.100928 0.0154 1.0 17.0
-9.209773 -7.237479 0.0154 1.0 17.0
-9.209773 -7.237479 0.0155 0.0 18.0
-9.565169 -9.097349 0.0155 0.0 18.0
-9.565169 -9.097349 0.0156 0.0 19.0
-8.576443 -10.712232 0.0156 0.0 19.0
-7.695285 -6.100928 0.0157 1.0 17.0
-5.8771977 -6.630063 0.0157 1.0 17.0
-5.8771977 -6.630063 0.0158 0.0 18.0
-4.888471 -8.244946 0.0158 0.0 18.0
-4.888471 -8.244946 0.0159 0.0 19.0
-5.2438674 -10.1048155 0.0159 0.0 19.0
-7.695285 -6.100928 0.0160 3.0 17.0
-5.8771977 -6.630063 0.0160 3.0 17.0
-5.8771977 -6.630063 0.0161 2.0 18.0
-4.0591106 -7.1591983 0.0161 2.0 18.0
-4.0591106 -7.1591983 0.0162 1.0 19.0
-4.414507 -9.019069 0.0162 1.0 19.0
-4.414507 -9.019069 0.0163 0.0 20.0
-3.4257805 -10.633951 0.0163 0.0 20.0
-3.4257805 -10.633951 0.0164 0.0 21.0
-1.6076936 -11.163086 0.0164 0.0 21.0
-4.0591106 -7.1591983 0.0165 1.0 19.0
-2.3582168 -6.3271017 0.0165 1.0 19.0
-2.3582168 -6.3271017 0.0166 0.0 20.0
-0.5401298 -6.856237 0.0166 0.0 20.0
-0.5401298 -6.856237 0.0167 0.0 21.0
0.44859666 -8.471119 0.0167 0.0 21.0
-8.961946 0.84857666 0.0168 7.0 13.0
-7.2610517 1.6806731 0.0168 7.0 13.0
-7.2610517 1.6806731 0.0169 6.0 14.0
-5.560158 2.5127695 0.0169 6.0 14.0
-5.560158 2.5127695 0.0170 1.0 15.0
-4.571431 0.89788735 0.0170 1.0 15.0
-4.571431 0.89788735 0.0171 0.0 16.0
-2.753344 0.36875224 0.0171 0.0 16.0
-2.753344 0.36875224 0.0172 0.0 17.0
-1.0524502 1.2008486 0.0172 0.0 17.0
-5.560158 2.5127695 0.0173 1.0 15.0
-4.861996 4.2728815 0.0173 1.0 15.0
-4.861996 4.2728815 0.0174 0.0 16.0
-3.1611023 5.104978 0.0174 0.0 16.0
-3.1611023 5.104978 0.0175 0.0 17.0
-1.3430153 4.575843 0.0175 0.0 17.0
-5.560158 2.5127695 0.0176 5.0 15.0
-3.7420707 1.9836344 0.0176 5.0 15.0
-3.7420707 1.9836344 0.0177 4.0 16.0
-1.9239837 1.4544992 0.0177 4.0 16.0
-1.9239837 1.4544992 0.0178 1.0 17.0
-2.27938 -0.40537107 0.0178 1.0 17.0
-2.27938 -0.40537107 0.0179 0.0 18.0
-1.2906537 -2.0202532 0.0179 0.0 18.0
-1.2906537 -2.0202532 0.0180 0.0 19.0
0.5274333 -2.5493884 0.0180 0.0 19.0
-1.9239837 1.4544992 0.0181 1.0 17.0
-0.22308981 2.2865956 0.0181 1.0 17.0
-0.22308981 2.2865956 0.0182 0.0 18.0
1.5949972 1.7574605 0.0182 0.0 18.0
1.5949972 1.7574605 0.0183 0.0 19.0
2.5837235 0.14257836 0.0183 0.0 19.0
-1.9239837 1.4544992 0.0184 3.0 17.0
-0.93525726 -0.16038287 0.0184 3.0 17.0
-0.93525726 -0.16038287 0.0185 2.0 18.0
0.05346918 -1.775265 0.0185 2.0 18.0
0.05346918 -1.775265 0.0186 1.0 19.0
-1.4610194 -2.9118161 0.0186 1.0 19.0
-1.4610194 -2.9118161 0.0187 0.0 20.0
-1.8164158 -4.7716866 0.0187 0.0 20.0
-1.8164158 -4.7716866 0.0188 0.0 21.0
-0.82768935 -6.3865685 0.0188 0.0 21.0
0.05346918 -1.775265 0.0189 1.0 19.0
1.8715562 -2.3044 0.0189 1.0 19.0
1.8715562 -2.3044 0.0190 0.0 20.0
2.8602827 -3.919282 0.0190 0.0 20.0
2.8602827 -3.919282 0.0191 0.0 21.0
2.5048864 -5.7791524 0.0191 0.0 21.0
-8.961946 0.84857666 0.0192 15.0 13.0
-7.2610517 1.6806731 0.0192 15.0 13.0
-7.2610517 1.6806731 0.0193 14.0 14.0
-5.560158 2.5127695 0.0193 14.0 14.0
-5.560158 2.5127695 0.0194 1.0 15.0
-4.571431 0.89788735 0.0194 1.0 15.0
-4.571431 0.89788735 0.0195 0.0 16.0
-2.753344 0.36875224 0.0195 0.0 16.0
-2.753344 0.36875224 0.0196 0.0 17.0
-1.0524502 1.2008486 0.0196 0.0 17.0
-5.560158 2.5127695 0.0197 1.0 15.0
-4.861996 4.2728815 0.0197 1.0 15.0
-4.861996 4.2728815 0.0198 0.0 16.0
-3.1611023 5.104978 0.0198 0.0 16.0
-3.1611023 5.104978 0.0199 0.0 17.0
-1.3430153 4.575843 0.0199 0.0 17.0
-5.560158 2.5127695 0.0200 13.0 15.0
-3.859264 3.3448658 0.0200 13.0 15.0
-3.859264 3.3448658 0.0201 12.0 16.0
-2.15837 4.1769624 0.0201 12.0 16.0
-2.15837 4.1769624 0.0202 1.0 17.0
-1.1696436 2.5620804 0.0202 1.0 17.0
-1.1696436 2.5620804 0.0203 0.0 18.0
0.64844334 2.0329452 0.0203 0.0 18.0
0.64844334 2.0329452 0.0204 0.0 19.0
2.349337 2.8650415 0.0204 0.0 19.0
-2.15837 4.1769624 0.0205 1.0 17.0
-1.4602085 5.9370747 0.0205 1.0 17.0
-1.4602085 5.9370747 0.0206 0.0 18.0
0.24068534 6.769171 0.0206 0.0 18.0
0.24068534 6.769171 0.0207 0.0 19.0
2.0587723 6.240036 0.0207 0.0 19.0
-2.15837 4.1769624 0.0208 7.0 17.0
-0.45747614 5.009059 0.0208 7.0 17.0
-0.45747614 5.009059 0.0209 6.0 18.0
1.2434177 5.8411555 0.0209 6.0 18.0
1.2434177 5.8411555 0.0210 1.0 19.0
2.232144 4.2262735 0.0210 1.0 19.0
2.232144 4.2262735 0.0211 0.0 20.0
4.050231 3.6971383 0.0211 0.0 20.0
4.050231 3.6971383 0.0212 0.0 21.0
5.751125 4.529235 0.0212 0.0 21.0
1.2434177 5.8411555 0.0213 1.0 19.0
1.9415792 7.601268 0.0213 1.0 19.0
1.9415792 7.601268 0.0214 0.0 20.0
3.6424732 8.433364 0.0214 0.0 20.0
3.6424732 8.433364 0.0215 0.0 21.0
5.4605603 7.9042287 0.0215 0.0 21.0
1.2434177 5.8411555 0.0216 5.0 19.0
1.9415792 7.601268 0.0216 5.0 19.0
1.9415792 7.601268 0.0217 4.0 20.0
2.6397407 9.36138 0.0217 4.0 20.0
2.6397407 9.36138 0.0218 1.0 21.0
4.4578276 8.832245 0.0218 1.0 21.0
4.4578276 8.832245 0.0219 0.0 22.0
6.1587214 9.664341 0.0219 0.0 22.0
6.1587214 9.664341 0.0220 0.0 23.0
6.856883 11.424453 0.0220 0.0 23.0
2.6397407 9.36138 0.0221 1.0 21.0
1.9716848 11.133138 0.0221 1.0 21.0
1.9716848 11.133138 0.0222 0.0 22.0
2.6698463 12.8932495 0.0222 0.0 22.0
2.6698463 12.8932495 0.0223 0.0 23.0
4.37074 13.725346 0.0223 0.0 23.0
2.6397407 9.36138 0.0224 3.0 21.0
1.9716848 11.133138 0.0224 3.0 21.0
1.9716848 11.133138 0.0225 2.0 22.0
1.3036289 12.904896 0.0225 2.0 22.0
1.3036289 12.904896 0.0226 1.0 23.0
3.0045228 13.736992 0.0226 1.0 23.0
3.0045228 13.736992 0.0227 0.0 24.0
3.7026844 15.497104 0.0227 0.0 24.0
3.7026844 15.497104 0.0228 0.0 25.0
3.0346284 17.268862 0.0228 0.0 25.0
1.3036289 12.904896 0.0229 1.0 23.0
-0.38283324 13.765866 0.0229 1.0 23.0
-0.38283324 13.765866 0.0230 0.0 24.0
-1.0508891 15.537624 0.0230 0.0 24.0
-1.0508891 15.537624 0.0231 0.0 25.0
-0.35272765 17.297737 0.0231 0.0 25.0
-2.15837 4.1769624 0.0232 7.0 17.0
-3.8448322 5.0379324 0.0232 7.0 17.0
-3.8448322 5.0379324 0.0233 6.0 18.0
-5.5312943 5.8989024 0.0233 6.0 18.0
-5.5312943 5.8989024 0.0234 1.0 19.0
-4.8331327 7.6590147 0.0234 1.0 19.0
-4.8331327 7.6590147 0.0235 0.0 20.0
-5.5011888 9.430773 0.0235 0.0 20.0
-5.5011888 9.430773 0.0236 0.0 21.0
-7.1876507 10.291743 0.0236 0.0 21.0
-5.5312943 5.8989024 0.0237 1.0 19.0
-7.358137 5.400836 0.0237 1.0 19.0
-7.358137 5.400836 0.0238 0.0 20.0
-9.0446 6.2618055 0.0238 0.0 20.0
-9.0446 6.2618055 0.0239 0.0 21.0
-9.712656 8.033563 0.0239 0.0 21.0
-5.5312943 5.8989024 0.0240 5.0 19.0
-6.1993504 7.67066 0.0240 5.0 19.0
-6.1993504 7.67066 0.0241 4.0 20.0
-6.8674064 9.442418 0.0241 4.0 20.0
-6.8674064 9.442418 0.0242 1.0 21.0
-5.1665125 10.274514 0.0242 1.0 21.0
-5.1665125 10.274514 0.0243 0.0 22.0
-4.468351 12.034626 0.0243 0.0 22.0
-4.468351 12.034626 0.0244 0.0 23.0
-5.136407 13.806384 0.0244 0.0 23.0
-6.8674064 9.442418 0.0245 1.0 21.0
-8.553868 10.303389 0.0245 1.0 21.0
-8.553868 10.303389 0.0246 0.0 22.0
-9.221924 12.075147 0.0246 0.0 22.0
-9.221924 12.075147 0.0247 0.0 23.0
-8.523763 13.8352585 0.0247 0.0 23.0
-6.8674064 9.442418 0.0248 3.0 21.0
-6.169245 11.20253 0.0248 3.0 21.0
-6.169245 11.20253 0.0249 2.0 22.0
-5.471083 12.962642 0.0249 2.0 22.0
-5.471083 12.962642 0.0250 1.0 23.0
-3.652996 12.433507 0.0250 1.0 23.0
-3.652996 12.433507 0.0251 0.0 24.0
-1.9521022 13.265603 0.0251 0.0 24.0
-1.9521022 13.265603 0.0252 0.0 25.0
-1.2539407 15.025715 0.0252 0.0 25.0
-5.471083 12.962642 0.0253 1.0 23.0
-6.139139 14.7344 0.0253 1.0 23.0
-6.139139 14.7344 0.0254 0.0 24.0
-5.4409776 16.494513 0.0254 0.0 24.0
-5.4409776 16.494513 0.0255 0.0 25.0
-3.7400837 17.326609 0.0255 0.0 25.0
-2.15837 4.1769624 0.0256 11.0 17.0
-3.8448322 5.0379324 0.0256 11.0 17.0
-3.8448322 5.0379324 0.0257 10.0 18.0
-5.5312943 5.8989024 0.0257 10.0 18.0
-5.5312943 5.8989024 0.0258 1.0 19.0
-4.8331327 7.6590147 0.0258 1.0 19.0
-4.8331327 7.6590147 0.0259 0.0 20.0
-5.5011888 9.430773 0.0259 0.0 20.0
-5.5011888 9.430773 0.0260 0.0 21.0
-7.1876507 10.291743 0.0260 0.0 21.0
-5.5312943 5.8989024 0.0261 1.0 19.0
-7.358137 5.400836 0.0261 1.0 19.0
-7.358137 5.400836 0.0262 0.0 20.0
-9.0446 6.2618055 0.0262 0.0 20.0
-9.0446 6.2618055 0.0263 0.0 21.0
-9.712656 8.033563 0.0263 0.0 21.0
-5.5312943 5.8989024 0.0264 9.0 19.0
-7.2177563 6.7598724 0.0264 9.0 19.0
-7.2177563 6.7598724 0.0265 8.0 20.0
-8.904219 7.6208425 0.0265 8.0 20.0
-8.904219 7.6208425 0.0266 1.0 21.0
-8.206058 9.380955 0.0266 1.0 21.0
-8.206058 9.380955 0.0267 0.0 22.0
-8.874113 11.152713 0.0267 0.0 22.0
-8.874113 11.152713 0.0268 0.0 23.0
-10.5605755 12.013683 0.0268 0.0 23.0
-8.904219 7.6208425 0.0269 1.0 21.0
-10.731061 7.122776 0.0269 1.0 21.0
-10.731061 7.122776 0.0270 0.0 22.0
-12.417523 7.9837456 0.0270 0.0 22.0
-12.417523 7.9837456 0.0271 0.0 23.0
-13.08558 9.755503 0.0271 0.0 23.0
-8.904219 7.6208425 0.0272 7.0 21.0
-10.590681 8.481812 0.0272 7.0 21.0
-10.590681 8.481812 0.0273 6.0 22.0
-12.2771435 9.342781 0.0273 6.0 22.0
-12.2771435 9.342781 0.0274 1.0 23.0
-11.578983 11.102894 0.0274 1.0 23.0
-11.578983 11.102894 0.0275 0.0 24.0
-12.24704 12.874651 0.0275 0.0 24.0
-12.24704 12.874651 0.0276 0.0 25.0
-13.933502 13.7356205 0.0276 0.0 25.0
-12.2771435 9.342781 0.0277 1.0 23.0
-14.103986 8.844714 0.0277 1.0 23.0
-14.103986 8.844714 0.0278 0.0 24.0
-15.790448 9.705684 0.0278 0.0 24.0
-15.790448 9.705684 0.0279 0.0 25.0
-16.458506 11.477441 0.0279 0.0 25.0
-12.2771435 9.342781 0.0280 5.0 23.0
-14.103986 8.844714 0.0280 5.0 23.0
-14.103986 8.844714 0.0281 4.0 24.0
-15.930828 8.346647 0.0281 4.0 24.0
-15.930828 8.346647 0.0282 1.0 25.0
-16.598885 10.118404 0.0282 1.0 25.0
-16.598885 10.118404 0.0283 0.0 26.0
-18.285347 10.979374 0.0283 0.0 26.0
-18.285347 10.979374 0.0284 0.0 27.0
-20.11219 10.481307 0.0284 0.0 27.0
-15.930828 8.346647 0.0285 1.0 25.0
-16.946938 6.7488537 0.0285 1.0 25.0
-16.946938 6.7488537 0.0286 0.0 26.0
-18.77378 6.2507873 0.0286 0.0 26.0
-18.77378 6.2507873 0.0287 0.0 27.0
-20.460243 7.1117563 0.0287 0.0 27.0
-15.930828 8.346647 0.0288 3.0 25.0
-16.946938 6.7488537 0.0288 3.0 25.0
-16.946938 6.7488537 0.0289 2.0 26.0
-17.963047 5.15106 0.0289 2.0 26.0
-17.963047 5.15106 0.0290 1.0 27.0
-19.64951 6.0120296 0.0290 1.0 27.0
-19.64951 6.0120296 0.0291 0.0 28.0
-21.476353 5.513963 0.0291 0.0 28.0
-21.476353 5.513963 0.0292 0.0 29.0
-22.492462 3.9161696 0.0292 0.0 29.0
-17.963047 5.15106 0.0293 1.0 27.0
-17.639406 3.2854018 0.0293 1.0 27.0
-17.639406 3.2854018 0.0294 0.0 28.0
-18.655518 1.6876084 0.0294 0.0 28.0
-18.655518 1.6876084 0.0295 0.0 29.0
-20.48236 1.1895417 0.0295 0.0 29.0
-8.904219 7.6208425 0.0296 7.0 21.0
-8.580578 5.755184 0.0296 7.0 21.0
-8.580578 5.755184 0.0297 6.0 22.0
-8.256937 3.889526 0.0297 6.0 22.0
-8.256937 3.889526 0.0298 1.0 23.0
-10.083779 3.3914592 0.0298 1.0 23.0
-10.083779 3.3914592 0.0299 0.0 24.0
-11.09989 1.7936658 0.0299 0.0 24.0
-11.09989 1.7936658 0.0300 0.0 25.0
-10.776249 -0.07199252 0.0300 0.0 25.0
-8.256937 3.889526 0.0301 1.0 23.0
-6.7620425 2.7273235 0.0301 1.0 23.0
-6.7620425 2.7273235 0.0302 0.0 24.0
-6.4384017 0.86166525 0.0302 0.0 24.0
-6.4384017 0.86166525 0.0303 0.0 25.0
-7.454512 -0.7361282 0.0303 0.0 25.0
-8.256937 3.889526 0.0304 5.0 23.0
-9.273047 2.2917323 0.0304 5.0 23.0
-9.273047 2.2917323 0.0305 4.0 24.0
-10.289158 0.69393885 0.0305 4.0 24.0
-10.289158 0.69393885 0.0306 1.0 25.0
-11.97562 1.5549082 0.0306 1.0 25.0
-11.97562 1.5549082 0.0307 0.0 26.0
-13.802463 1.0568415 0.0307 0.0 26.0
-13.802463 1.0568415 0.0308 0.0 27.0
-14.818573 -0.54095197 0.0308 0.0 27.0
-10.289158 0.69393885 0.0309 1.0 25.0
-9.965517 -1.1717194 0.0309 1.0 25.0
-9.965517 -1.1717194 0.0310 0.0 26.0
-10.981627 -2.769513 0.0310 0.0 26.0
-10.981627 -2.769513 0.0311 0.0 27.0
-12.80847 -3.2675796 0.0311 0.0 27.0
-10.289158 0.69393885 0.0312 3.0 25.0
-12.116 0.19587222 0.0312 3.0 25.0
-12.116 0.19587222 0.0313 2.0 26.0
-13.9428425 -0.30219442 0.0313 2.0 26.0
-13.9428425 -0.30219442 0.0314 1.0 27.0
-14.610899 1.469563 0.0314 1.0 27.0
-14.610899 1.469563 0.0315 0.0 28.0
-16.297361 2.3305323 0.0315 0.0 28.0
-16.297361 2.3305323 0.0316 0.0 29.0
-18.124205 1.8324656 0.0316 0.0 29.0
-13.9428425 -0.30219442 0.0317 1.0 27.0
-14.958953 -1.8999879 0.0317 1.0 27.0
-14.958953 -1.8999879 0.0318 0.0 28.0
-16.785795 -2.3980546 0.0318 0.0 28.0
-16.785795 -2.3980546 0.0319 0.0 29.0
-18.472258 -1.5370853 0.0319 0.0 29.0
-7.54036 8.288058 0.0320 19.0 9.0
-5.839466 9.120154 0.0320 19.0 9.0
-5.839466 9.120154 0.0321 18.0 10.0
-4.138572 9.9522505 0.0321 18.0 10.0
-4.138572 9.9522505 0.0322 1.0 11.0
-3.1498458 8.337368 0.0322 1.0 11.0
-3.1498458 8.337368 0.0323 0.0 12.0
-1.3317589 7.808233 0.0323 0.0 12.0
-1.3317589 7.808233 0.0324 0.0 13.0
0.36913502 8.640329 0.0324 0.0 13.0
-4.138572 9.9522505 0.0325 1.0 11.0
-3.4404106 11.712362 0.0325 1.0 11.0
-3.4404106 11.712362 0.0326 0.0 12.0
-1.7395167 12.544458 0.0326 0.0 12.0
-1.7395167 12.544458 0.0327 0.0 13.0
0.07857025 12.015324 0.0327 0.0 13.0
-4.138572 9.9522505 0.0328 17.0 11.0
-2.4376783 10.784347 0.0328 17.0 11.0
-2.4376783 10.784347 0.0329 16.0 12.0
-0.73678446 11.616443 0.0329 16.0 12.0
-0.73678446 11.616443 0.0330 1.0 13.0
0.25194198 10.00156 0.0330 1.0 13.0
0.25194198 10.00156 0.0331 0.0 14.0
2.070029 9.472425 0.0331 0.0 14.0
2.070029 9.472425 0.0332 0.0 15.0
3.770923 10.304522 0.0332 0.0 15.0
-0.73678446 11.616443 0.0333 1.0 13.0
-0.038622975 13.3765545 0.0333 1.0 13.0
-0.038622975 13.3765545 0.0334 0.0 14.0
1.6622709 14.208651 0.0334 0.0 14.0
1.6622709 14.208651 0.0335 0.0 15.0
3.480358 13.679516 0.0335 0.0 15.0
-0.73678446 11.616443 0.0336 7.0 13.0
0.9641094 12.448539 0.0336 7.0 13.0
0.9641094 12.448539 0.0337 6.0 14.0
2.6650033 13.280635 0.0337 6.0 14.0
2.6650033 13.280635 0.0338 1.0 15.0
3.6537297 11.665752 0.0338 1.0 15.0
3.6537297 11.665752 0.0339 0.0 16.0
5.4718165 11.136618 0.0339 0.0 16.0
5.4718165 11.136618 0.0340 0.0 17.0
7.1727104 11.968714 0.0340 0.0 17.0
2.6650033 13.280635 0.0341 1.0 15.0
3.363165 15.040747 0.0341 1.0 15.0
3.363165 15.040747 0.0342 0.0 16.0
5.064059 15.872843 0.0342 0.0 16.0
5.064059 15.872843 0.0343 0.0 17.0
6.882146 15.343708 0.0343 0.0 17.0
2.6650033 13.280635 0.0344 5.0 15.0
3.363165 15.040747 0.0344 5.0 15.0
3.363165 15.040747 0.0345 4.0 16.0
4.0613265 16.80086 0.0345 4.0 16.0
4.0613265 16.80086 0.0346 1.0 17.0
5.8794136 16.271725 0.0346 1.0 17.0
5.8794136 16.271725 0.0347 0.0 18.0
7.5803075 17.10382 0.0347 0.0 18.0
7.5803075 17.10382 0.0348 0.0 19.0
8.278469 18.863934 0.0348 0.0 19.0
4.0613265 16.80086 0.0349 1.0 17.0
3.3932705 18.572617 0.0349 1.0 17.0
3.3932705 18.572617 0.0350 0.0 18.0
4.091432 20.33273 0.0350 0.0 18.0
4.091432 20.33273 0.0351 0.0 19.0
5.792326 21.164825 0.0351 0.0 19.0
4.0613265 16.80086 0.0352 3.0 17.0
3.3932705 18.572617 0.0352 3.0 17.0
3.3932705 18.572617 0.0353 2.0 18.0
2.7252145 20.344374 0.0353 2.0 18.0
2.7252145 20.344374 0.0354 1.0 19.0
4.4261084 21.17647 0.0354 1.0 19.0
4.4261084 21.17647 0.0355 0.0 20.0
5.12427 22.936583 0.0355 0.0 20.0
5.12427 22.936583 0.0356 0.0 21.0
4.456214 24.70834 0.0356 0.0 21.0
2.7252145 20.344374 0.0357 1.0 19.0
1.0387523 21.205343 0.0357 1.0 19.0
1.0387523 21.205343 0.0358 0.0 20.0
0.37069643 22.9771 0.0358 0.0 20.0
0.37069643 22.9771 0.0359 0.0 21.0
1.0688579 24.737213 0.0359 0.0 21.0
-0.73678446 11.616443 0.0360 7.0 13.0
-2.4232466 12.477413 0.0360 7.0 13.0
-2.4232466 12.477413 0.0361 6.0 14.0
-4.109709 13.338384 0.0361 6.0 14.0
-4.109709 13.338384 0.0362 1.0 15.0
-3.4115472 15.0984955 0.0362 1.0 15.0
-3.4115472 15.0984955 0.0363 0.0 16.0
-4.079603 16.870253 0.0363 0.0 16.0
-4.079603 16.870253 0.0364 0.0 17.0
-5.7660656 17.731222 0.0364 0.0 17.0
-4.109709 13.338384 0.0365 1.0 15.0
-5.9365516 12.840317 0.0365 1.0 15.0
-5.9365516 12.840317 0.0366 0.0 16.0
-7.623014 13.701286 0.0366 0.0 16.0
-7.623014 13.701286 0.0367 0.0 17.0
-8.291071 15.473043 0.0367 0.0 17.0
-4.109709 13.338384 0.0368 5.0 15.0
-4.777765 15.110142 0.0368 5.0 15.0
-4.777765 15.110142 0.0369 4.0 16.0
-5.445821 16.881899 0.0369 4.0 16.0
-5.445821 16.881899 0.0370 1.0 17.0
-3.744927 17.713995 0.0370 1.0 17.0
-3.744927 17.713995 0.0371 0.0 18.0
-3.0467653 19.474108 0.0371 0.0 18.0
-3.0467653 19.474108 0.0372 0.0 19.0
-3.7148213 21.245865 0.0372 0.0 19.0
-5.445821 16.881899 0.0373 1.0 17.0
-7.132283 17.742868 0.0373 1.0 17.0
-7.132283 17.742868 0.0374 0.0 18.0
-7.800339 19.514626 0.0374 0.0 18.0
-7.800339 19.514626 0.0375 0.0 19.0
-7.1021776 21.274738 0.0375 0.0 19.0
-5.445821 16.881899 0.0376 3.0 17.0
-4.747659 18.642012 0.0376 3.0 17.0
-4.747659 18.642012 0.0377 2.0 18.0
-4.0494976 20.402124 0.0377 2.0 18.0
-4.0494976 20.402124 0.0378 1.0 19.0
-2.2314105 19.87299 0.0378 1.0 19.0
-2.2314105 19.87299 0.0379 0.0 20.0
-0.5305166 20.705086 0.0379 0.0 20.0
-0.5305166 20.705086 0.0380 0.0 21.0
0.16764486 22.465199 0.0380 0.0 21.0
-4.0494976 20.402124 0.0381 1.0 19.0
-4.7175536 22.173882 0.0381 1.0 19.0
-4.7175536 22.173882 0.0382 0.0 20.0
-4.019392 23.933994 0.0382 0.0 20.0
-4.019392 23.933994 0.0383 0.0 21.0
-2.3184981 24.76609 0.0383 0.0 21.0
-0.73678446 11.616443 0.0384 15.0 13.0
-0.038622975 13.3765545 0.0384 15.0 13.0
-0.038622975 13.3765545 0.0385 14.0 14.0
0.6595385 15.136666 0.0385 14.0 14.0
0.6595385 15.136666 0.0386 1.0 15.0
2.4776254 14.607532 0.0386 1.0 15.0
2.4776254 14.607532 0.0387 0.0 16.0
4.1785192 15.439628 0.0387 0.0 16.0
4.1785192 15.439628 0.0388 0.0 17.0
4.876681 17.19974 0.0388 0.0 17.0
0.6595385 15.136666 0.0389 1.0 15.0
-0.0085173845 16.908424 0.0389 1.0 15.0
-0.0085173845 16.908424 0.0390 0.0 16.0
0.6896441 18.668537 0.0390 0.0 16.0
0.6896441 18.668537 0.0391 0.0 17.0
2.390538 19.500633 0.0391 0.0 17.0
0.6595385 15.136666 0.0392 13.0 15.0
1.3577 16.896778 0.0392 13.0 15.0
1.3577 16.896778 0.0393 12.0 16.0
2.0558615 18.65689 0.0393 12.0 16.0
2.0558615 18.65689 0.0394 1.0 17.0
3.8739486 18.127756 0.0394 1.0 17.0
3.8739486 18.127756 0.0395 0.0 18.0
5.5748425 18.959852 0.0395 0.0 18.0
5.5748425 18.959852 0.0396 0.0 19.0
6.273004 20.719965 0.0396 0.0 19.0
2.0558615 18.65689 0.0397 1.0 17.0
1.3878056 20.428648 0.0397 1.0 17.0
1.3878056 20.428648 0.0398 0.0 18.0
2.085967 22.18876 0.0398 0.0 18.0
2.085967 22.18876 0.0399 0.0 19.0
3.786861 23.020857 0.0399 0.0 19.0
2.0558615 18.65689 0.0400 7.0 17.0
2.754023 20.417004 0.0400 7.0 17.0
2.754023 20.417004 0.0401 6.0 18.0
3.4521847 22.177116 0.0401 6.0 18.0
3.4521847 22.177116 0.0402 1.0 19.0
5.270272 21.647982 0.0402 1.0 19.0
5.270272 21.647982 0.0403 0.0 20.0
6.9711657 22.480078 0.0403 0.0 20.0
6.9711657 22.480078 0.0404 0.0 21.0
7.6693273 24.24019 0.0404 0.0 21.0
3.4521847 22.177116 0.0405 1.0 19.0
2.7841287 23.948874 0.0405 1.0 19.0
2.7841287 23.948874 0.0406 0.0 20.0
3.4822903 25.708986 0.0406 0.0 20.0
3.4822903 25.708986 0.0407 0.0 21.0
5.183184 26.541082 0.0407 0.0 21.0
3.4521847 22.177116 0.0408 5.0 19.0
2.7841287 23.948874 0.0408 5.0 19.0
2.7841287 23.948874 0.0409 4.0 20.0
2.1160727 25.72063 0.0409 4.0 20.0
2.1160727 25.72063 0.0410 1.0 21.0
3.8169665 26.552727 0.0410 1.0 21.0
3.8169665 26.552727 0.0411 0.0 22.0
4.515128 28.31284 0.0411 0.0 22.0
4.515128 28.31284 0.0412 0.0 23.0
3.8470721 30.084597 0.0412 0.0 23.0
2.1160727 25.72063 0.0413 1.0 21.0
0.4296105 26.5816 0.0413 1.0 21.0
0.4296105 26.5816 0.0414 0.0 22.0
-0.2384454 28.353357 0.0414 0.0 22.0
-0.2384454 28.353357 0.0415 0.0 23.0
0.45971608 30.11347 0.0415 0.0 23.0
2.1160727 25.72063 0.0416 3.0 21.0
0.4296105 26.5816 0.0416 3.0 21.0
0.4296105 26.5816 0.0417 2.0 22.0
-1.2568517 27.44257 0.0417 2.0 22.0
-1.2568517 27.44257 0.0418 1.0 23.0
-0.5586902 29.202682 0.0418 1.0 23.0
-0.5586902 29.202682 0.0419 0.0 24.0
-1.2267461 30.97444 0.0419 0.0 24.0
-1.2267461 30.97444 0.0420 0.0 25.0
-2.9132082 31.83541 0.0420 0.0 25.0
-1.2568517 27.44257 0.0421 1.0 23.0
-3.0836945 26.944504 0.0421 1.0 23.0
-3.0836945 26.944504 0.0422 0.0 24.0
-4.770157 27.805473 0.0422 0.0 24.0
-4.770157 27.805473 0.0423 0.0 25.0
-5.438214 29.57723 0.0423 0.0 25.0
2.0558615 18.65689 0.0424 7.0 17.0
0.2290188 18.158825 0.0424 7.0 17.0
0.2290188 18.158825 0.0425 6.0 18.0
-1.5978239 17.660759 0.0425 6.0 18.0
-1.5978239 17.660759 0.0426 1.0 19.0
-2.2658806 19.432516 0.0426 1.0 19.0
-2.2658806 19.432516 0.0427 0.0 20.0
-3.952343 20.293486 0.0427 0.0 20.0
-3.952343 20.293486 0.0428 0.0 21.0
-5.779186 19.79542 0.0428 0.0 21.0
-1.5978239 17.660759 0.0429 1.0 19.0
-2.6139343 16.062965 0.0429 1.0 19.0
-2.6139343 16.062965 0.0430 0.0 20.0
-4.440777 15.5648985 0.0430 0.0 20.0
-4.440777 15.5648985 0.0431 0.0 21.0
-6.127239 16.425867 0.0431 0.0 21.0
-1.5978239 17.660759 0.0432 5.0 19.0
-3.2842865 18.521729 0.0432 5.0 19.0
-3.2842865 18.521729 0.0433 4.0 20.0
-4.970749 19.382698 0.0433 4.0 20.0
-4.970749 19.382698 0.0434 1.0 21.0
-4.2725883 21.14281 0.0434 1.0 21.0
-4.2725883 21.14281 0.0435 0.0 22.0
-4.940645 22.914568 0.0435 0.0 22.0
-4.940645 22.914568 0.0436 0.0 23.0
-6.6271076 23.775537 0.0436 0.0 23.0
-4.970749 19.382698 0.0437 1.0 21.0
-6.7975917 18.884632 0.0437 1.0 21.0
-6.7975917 18.884632 0.0438 0.0 22.0
-8.484055 19.745602 0.0438 0.0 22.0
-8.484055 19.745602 0.0439 0.0 23.0
-9.152111 21.517359 0.0439 0.0 23.0
-4.970749 19.382698 0.0440 3.0 21.0
-5.638806 21.154455 0.0440 3.0 21.0
-5.638806 21.154455 0.0441 2.0 22.0
-6.306863 22.926212 0.0441 2.0 22.0
-6.306863 22.926212 0.0442 1.0 23.0
-4.6059694 23.75831 0.0442 1.0 23.0
-4.6059694 23.75831 0.0443 0.0 24.0
-3.9078088 25.518423 0.0443 0.0 24.0
-3.9078088 25.518423 0.0444 0.0 25.0
-4.5758657 27.29018 0.0444 0.0 25.0
-6.306863 22.926212 0.0445 1.0 23.0
-7.993325 23.787182 0.0445 1.0 23.0
-7.993325 23.787182 0.0446 0.0 24.0
-8.661382 25.558939 0.0446 0.0 24.0
-8.661382 25.558939 0.0447 0.0 25.0
-7.963221 27.319052 0.0447 0.0 25.0
2.0558615 18.65689 0.0448 11.0 17.0
1.3878056 20.428648 0.0448 11.0 17.0
1.3878056 20.428648 0.0449 10.0 18.0
0.7197497 22.200405 0.0449 10.0 18.0
0.7197497 22.200405 0.0450 1.0 19.0
2.4206436 23.032501 0.0450 1.0 19.0
2.4206436 23.032501 0.0451 0.0 20.0
3.118805 24.792614 0.0451 0.0 20.0
3.118805 24.792614 0.0452 0.0 21.0
2.450749 26.564371 0.0452 0.0 21.0
0.7197497 22.200405 0.0453 1.0 19.0
-0.9667125 23.061375 0.0453 1.0 19.0
-0.9667125 23.061375 0.0454 0.0 20.0
-1.6347684 24.833132 0.0454 0.0 20.0
-1.6347684 24.833132 0.0455 0.0 21.0
-0.9366069 26.593245 0.0455 0.0 21.0
0.7197497 22.200405 0.0456 9.0 19.0
0.051693797 23.972162 0.0456 9.0 19.0
0.051693797 23.972162 0.0457 8.0 20.0
-0.6163621 25.74392 0.0457 8.0 20.0
-0.6163621 25.74392 0.0458 1.0 21.0
1.0845318 26.576015 0.0458 1.0 21.0
1.0845318 26.576015 0.0459 0.0 22.0
1.7826933 28.336128 0.0459 0.0 22.0
1.7826933 28.336128 0.0460 0.0 23.0
1.1146374 30.107885 0.0460 0.0 23.0
-0.6163621 25.74392 0.0461 1.0 21.0
-2.3028243 26.604889 0.0461 1.0 21.0
-2.3028243 26.604889 0.0462 0.0 22.0
-2.97088 28.376646 0.0462 0.0 22.0
-2.97088 28.376646 0.0463 0.0 23.0
-2.2727184 30.136759 0.0463 0.0 23.0
-0.6163621 25.74392 0.0464 7.0 21.0
-1.284418 27.515676 0.0464 7.0 21.0
-1.284418 27.515676 0.0465 6.0 22.0
-1.9524739 29.287434 0.0465 6.0 22.0
-1.9524739 29.287434 0.0466 1.0 23.0
-0.25158 30.11953 0.0466 1.0 23.0
-0.25158 30.11953 0.0467 0.0 24.0
0.44658148 31.879642 0.0467 0.0 24.0
0.44658148 31.879642 0.0468 0.0 25.0
-0.22147441 33.6514 0.0468 0.0 25.0
-1.9524739 29.287434 0.0469 1.0 23.0
-3.638936 30.148403 0.0469 1.0 23.0
-3.638936 30.148403 0.0470 0.0 24.0
-4.306992 31.92016 0.0470 0.0 24.0
-4.306992 31.92016 0.0471 0.0 25.0
-3.6088305 33.68027 0.0471 0.0 25.0
-1.9524739 29.287434 0.0472 5.0 23.0
-3.638936 30.148403 0.0472 5.0 23.0
-3.638936 30.148403 0.0473 4.0 24.0
-5.3253984 31.009373 0.0473 4.0 24.0
-5.3253984 31.009373 0.0474 1.0 25.0
-4.627237 32.769485 0.0474 1.0 25.0
-4.627237 32.769485 0.0475 0.0 26.0
-5.295293 34.541245 0.0475 0.0 26.0
-5.295293 34.541245 0.0476 0.0 27.0
-6.9817553 35.402214 0.0476 0.0 27.0
-5.3253984 31.009373 0.0477 1.0 25.0
-7.152241 30.511307 0.0477 1.0 25.0
-7.152241 30.511307 0.0478 0.0 26.0
-8.838704 31.372276 0.0478 0.0 26.0
-8.838704 31.372276 0.0479 0.0 27.0
-9.506761 33.144035 0.0479 0.0 27.0
-5.3253984 31.009373 0.0480 3.0 25.0
-7.152241 30.511307 0.0480 3.0 25.0
-7.152241 30.511307 0.0481 2.0 26.0
-8.979084 30.01324 0.0481 2.0 26.0
-8.979084 30.01324 0.0482 1.0 27.0
-9.6471405 31.784998 0.0482 1.0 27.0
-9.6471405 31.784998 0.0483 0.0 28.0
-11.333603 32.645966 0.0483 0.0 28.0
-11.333603 32.645966 0.0484 0.0 29.0
-13.160445 32.1479 0.0484 0.0 29.0
-8.979084 30.01324 0.0485 1.0 27.0
-9.995194 28.415447 0.0485 1.0 27.0
-9.995194 28.415447 0.0486 0.0 28.0
-11.822037 27.917381 0.0486 0.0 28.0
-11.822037 27.917381 0.0487 0.0 29.0
-13.508499 28.77835 0.0487 0.0 29.0
-0.6163621 25.74392 0.0488 7.0 21.0
-1.6324725 24.146126 0.0488 7.0 21.0
-1.6324725 24.146126 0.0489 6.0 22.0
-2.648583 22.548332 0.0489 6.0 22.0
-2.648583 22.548332 0.0490 1.0 23.0
-4.3350453 23.409302 0.0490 1.0 23.0
-4.3350453 23.409302 0.0491 0.0 24.0
-6.161888 22.911236 0.0491 0.0 24.0
-6.161888 22.911236 0.0492 0.0 25.0
-7.1779985 21.313442 0.0492 0.0 25.0
-2.648583 22.548332 0.0493 1.0 23.0
-2.324942 20.682674 0.0493 1.0 23.0
-2.324942 20.682674 0.0494 0.0 24.0
-3.3410525 19.08488 0.0494 0.0 24.0
-3.3410525 19.08488 0.0495 0.0 25.0
-5.1678953 18.586815 0.0495 0.0 25.0
-2.648583 22.548332 0.0496 5.0 23.0
-4.4754257 22.050266 0.0496 5.0 23.0
-4.4754257 22.050266 0.0497 4.0 24.0
-6.3022685 21.5522 0.0497 4.0 24.0
-6.3022685 21.5522 0.0498 1.0 25.0
-6.9703255 23.323957 0.0498 1.0 25.0
-6.9703255 23.323957 0.0499 0.0 26.0
-8.656788 24.184927 0.0499 0.0 26.0
-8.656788 24.184927 0.0500 0.0 27.0
-10.48363 23.686861 0.0500 0.0 27.0
-6.3022685 21.5522 0.0501 1.0 25.0
-7.318379 19.954407 0.0501 1.0 25.0
-7.318379 19.954407 0.0502 0.0 26.0
-9.145222 19.45634 0.0502 0.0 26.0
-9.145222 19.45634 0.0503 0.0 27.0
-10.831684 20.31731 0.0503 0.0 27.0
-6.3022685 21.5522 0.0504 3.0 25.0
-7.988731 22.41317 0.0504 3.0 25.0
-7.988731 22.41317 0.0505 2.0 26.0
-9.675194 23.27414 0.0505 2.0 26.0
-9.675194 23.27414 0.0506 1.0 27.0
-8.977034 25.034252 0.0506 1.0 27.0
-8.977034 25.034252 0.0507 0.0 28.0
-9.64509 26.80601 0.0507 0.0 28.0
-9.64509 26.80601 0.0508 0.0 29.0
-11.3315525 27.666979 0.0508 0.0 29.0
-9.675194 23.27414 0.0509 1.0 27.0
-11.502036 22.776073 0.0509 1.0 27.0
-11.502036 22.776073 0.0510 0.0 28.0
-13.1884985 23.637043 0.0510 0.0 28.0
-13.1884985 23.637043 0.0511 0.0 29.0
-13.856555 25.4088 0.0511 0.0 29.0
