0.0 0.0 0.00 60.0 1.0
0.0 0.8702802 0.00 60.0 1.0
0.0 0.8702802 0.01 59.0 2.0
0.0 1.7405604 0.01 59.0 2.0
0.0 1.7405604 0.02 58.0 3.0
0.0 2.6108406 0.02 58.0 3.0
0.0 2.6108406 0.03 57.0 4.0
0.0 3.4811208 0.03 57.0 4.0
0.0 3.4811208 0.04 56.0 5.0
0.0 4.351401 0.04 56.0 5.0
0.0 4.351401 0.05 55.0 6.0
0.0 5.221681 0.05 55.0 6.0
0.0 5.221681 0.06 54.0 7.0
0.0 6.0919614 0.06 54.0 7.0
0.0 6.0919614 0.07 53.0 8.0
0.0 6.9622416 0.07 53.0 8.0
0.0 6.9622416 0.08 52.0 9.0
0.0 7.832522 0.08 52.0 9.0
0.0 7.832522 0.09 51.0 10.0
0.0 8.702802 0.09 51.0 10.0
0.0 8.702802 0.010 50.0 11.0
0.0 9.573082 0.010 50.0 11.0
0.0 9.573082 0.011 49.0 12.0
0.0 10.443362 0.011 49.0 12.0
0.0 10.443362 0.012 48.0 13.0
0.0 11.3136425 0.012 48.0 13.0
0.0 11.3136425 0.013 47.0 14.0
0.0 12.183923 0.013 47.0 14.0
0.0 12.183923 0.014 46.0 15.0
0.0 13.054203 0.014 46.0 15.0
0.0 13.054203 0.015 45.0 16.0
0.0 13.924483 0.015 45.0 16.0
0.0 13.924483 0.016 28.0 17.0
-0.19869055 14.771779 0.016 28.0 17.0
-0.19869055 14.771779 0.017 27.0 18.0
-0.3973811 15.619075 0.017 27.0 18.0
-0.3973811 15.619075 0.018 26.0 19.0
-0.59607166 16.46637 0.018 26.0 19.0
-0.59607166 16.46637 0.019 25.0 20.0
-0.7947622 17.313665 0.019 25.0 20.0
-0.7947622 17.313665 0.020 24.0 21.0
-0.9934527 18.160961 0.020 24.0 21.0
-0.9934527 18.160961 0.021 23.0 22.0
-1.1921433 19.008257 0.021 23.0 22.0
-1.1921433 19.008257 0.022 22.0 23.0
-1.3908339 19.855553 0.022 22.0 23.0
-1.3908339 19.855553 0.023 21.0 24.0
-1.5895244 20.702848 0.023 21.0 24.0
-1.5895244 20.702848 0.024 12.0 25.0
-1.9764104 21.482405 0.024 12.0 25.0
-1.9764104 21.482405 0.025 11.0 26.0
-2.3632965 22.261961 0.025 11.0 26.0
-2.3632965 22.261961 0.026 10.0 27.0
-2.7501826 23.041517 0.026 10.0 27.0
-2.7501826 23.041517 0.027 9.0 28.0
-3.1370687 23.821074 0.027 9.0 28.0
-3.1370687 23.821074 0.028 4.0 29.0
-3.6917143 24.491713 0.028 4.0 29.0
-3.6917143 24.491713 0.029 3.0 30.0
-4.24636 25.162352 0.029 3.0 30.0
-4.24636 25.162352 0.030 0.0 31.0
-4.939468 25.688648 0.030 0.0 31.0
-4.939468 25.688648 0.031 0.0 32.0
-5.632576 26.214945 0.031 0.0 32.0
-4.24636 25.162352 0.032 0.0 31.0
-4.633246 25.941908 0.032 0.0 31.0
-4.633246 25.941908 0.033 0.0 32.0
-5.020132 26.721464 0.033 0.0 32.0
-4.24636 25.162352 0.034 2.0 31.0
-4.8010054 25.83299 0.034 2.0 31.0
-4.8010054 25.83299 0.035 1.0 32.0
-5.355651 26.50363 0.035 1.0 32.0
-5.355651 26.50363 0.036 0.0 33.0
-5.9102964 27.174269 0.036 0.0 33.0
-5.9102964 27.174269 0.037 0.0 34.0
-6.464942 27.844908 0.037 0.0 34.0
-3.1370687 23.821074 0.038 4.0 29.0
-3.3357594 24.66837 0.038 4.0 29.0
-3.3357594 24.66837 0.039 3.0 30.0
-3.53445 25.515665 0.039 3.0 30.0
-3.53445 25.515665 0.040 0.0 31.0
-3.9213362 26.295221 0.040 0.0 31.0
-3.9213362 26.295221 0.041 0.0 32.0
-4.3082223 27.074778 0.041 0.0 32.0
-3.53445 25.515665 0.042 0.0 31.0
-3.53445 26.385944 0.042 0.0 31.0
-3.53445 26.385944 0.043 0.0 32.0
-3.53445 27.256224 0.043 0.0 32.0
-3.53445 25.515665 0.044 2.0 31.0
-3.7331407 26.36296 0.044 2.0 31.0
-3.7331407 26.36296 0.045 1.0 32.0
-3.9318314 27.210257 0.045 1.0 32.0
-3.9318314 27.210257 0.046 0.0 33.0
-4.130522 28.057552 0.046 0.0 33.0
-4.130522 28.057552 0.047 0.0 34.0
-4.329212 28.904848 0.047 0.0 34.0
-3.1370687 23.821074 0.048 8.0 29.0
-3.5239549 24.60063 0.048 8.0 29.0
-3.5239549 24.60063 0.049 7.0 30.0
-3.910841 25.380186 0.049 7.0 30.0
-3.910841 25.380186 0.050 6.0 31.0
-4.297727 26.159742 0.050 6.0 31.0
-4.297727 26.159742 0.051 5.0 32.0
-4.684613 26.939299 0.051 5.0 32.0
-4.684613 26.939299 0.052 4.0 33.0
-5.0714993 27.718855 0.052 4.0 33.0
-5.0714993 27.718855 0.053 3.0 34.0
-5.4583855 28.498411 0.053 3.0 34.0
-5.4583855 28.498411 0.054 0.0 35.0
-6.013031 29.16905 0.054 0.0 35.0
-6.013031 29.16905 0.055 0.0 36.0
-6.5676765 29.83969 0.055 0.0 36.0
-5.4583855 28.498411 0.056 0.0 35.0
-5.657076 29.345707 0.056 0.0 35.0
-5.657076 29.345707 0.057 0.0 36.0
-5.8557663 30.193003 0.057 0.0 36.0
-5.4583855 28.498411 0.058 2.0 35.0
-5.8452716 29.277967 0.058 2.0 35.0
-5.8452716 29.277967 0.059 1.0 36.0
-6.2321577 30.057524 0.059 1.0 36.0
-6.2321577 30.057524 0.060 0.0 37.0
-6.619044 30.83708 0.060 0.0 37.0
-6.619044 30.83708 0.061 0.0 38.0
-7.00593 31.616636 0.061 0.0 38.0
-1.5895244 20.702848 0.062 12.0 25.0
-1.5895244 21.573128 0.062 12.0 25.0
-1.5895244 21.573128 0.063 11.0 26.0
-1.5895244 22.443407 0.063 11.0 26.0
-1.5895244 22.443407 0.064 10.0 27.0
-1.5895244 23.313686 0.064 10.0 27.0
-1.5895244 23.313686 0.065 9.0 28.0
-1.5895244 24.183966 0.065 9.0 28.0
-1.5895244 24.183966 0.066 4.0 29.0
-1.7882149 25.031261 0.066 4.0 29.0
-1.7882149 25.031261 0.067 3.0 30.0
-1.9869055 25.878557 0.067 3.0 30.0
-1.9869055 25.878557 0.068 0.0 31.0
-2.3737915 26.658113 0.068 0.0 31.0
-2.3737915 26.658113 0.069 0.0 32.0
-2.7606773 27.43767 0.069 0.0 32.0
-1.9869055 25.878557 0.070 0.0 31.0
-1.9869055 26.748837 0.070 0.0 31.0
-1.9869055 26.748837 0.071 0.0 32.0
-1.9869055 27.619116 0.071 0.0 32.0
-1.9869055 25.878557 0.072 2.0 31.0
-2.185596 26.725853 0.072 2.0 31.0
-2.185596 26.725853 0.073 1.0 32.0
-2.3842866 27.573149 0.073 1.0 32.0
-2.3842866 27.573149 0.074 0.0 33.0
-2.5829773 28.420444 0.074 0.0 33.0
-2.5829773 28.420444 0.075 0.0 34.0
-2.781668 29.26774 0.075 0.0 34.0
-1.5895244 24.183966 0.076 4.0 29.0
-1.3908339 25.031261 0.076 4.0 29.0
-1.3908339 25.031261 0.077 3.0 30.0
-1.1921433 25.878557 0.077 3.0 30.0
-1.1921433 25.878557 0.078 0.0 31.0
-1.1921433 26.748837 0.078 0.0 31.0
-1.1921433 26.748837 0.079 0.0 32.0
-1.1921433 27.619116 0.079 0.0 32.0
-1.1921433 25.878557 0.080 0.0 31.0
-0.8052573 26.658113 0.080 0.0 31.0
-0.8052573 26.658113 0.081 0.0 32.0
-0.41837132 27.43767 0.081 0.0 32.0
-1.1921433 25.878557 0.082 2.0 31.0
-0.9934528 26.725853 0.082 2.0 31.0
-0.9934528 26.725853 0.083 1.0 32.0
-0.79476225 27.573149 0.083 1.0 32.0
-0.79476225 27.573149 0.084 0.0 33.0
-0.5960717 28.420444 0.084 0.0 33.0
-0.5960717 28.420444 0.085 0.0 34.0
-0.3973812 29.26774 0.085 0.0 34.0
-1.5895244 24.183966 0.086 8.0 29.0
-1.5895244 25.054245 0.086 8.0 29.0
-1.5895244 25.054245 0.087 7.0 30.0
-1.5895244 25.924524 0.087 7.0 30.0
-1.5895244 25.924524 0.088 6.0 31.0
-1.5895244 26.794804 0.088 6.0 31.0
-1.5895244 26.794804 0.089 5.0 32.0
-1.5895244 27.665083 0.089 5.0 32.0
-1.5895244 27.665083 0.090 4.0 33.0
-1.5895244 28.535362 0.090 4.0 33.0
-1.5895244 28.535362 0.091 3.0 34.0
-1.5895244 29.405642 0.091 3.0 34.0
-1.5895244 29.405642 0.092 0.0 35.0
-1.7882149 30.252937 0.092 0.0 35.0
-1.7882149 30.252937 0.093 0.0 36.0
-1.9869055 31.100233 0.093 0.0 36.0
-1.5895244 29.405642 0.094 0.0 35.0
-1.3908339 30.252937 0.094 0.0 35.0
-1.3908339 30.252937 0.095 0.0 36.0
-1.1921433 31.100233 0.095 0.0 36.0
-1.5895244 29.405642 0.096 2.0 35.0
-1.5895244 30.27592 0.096 2.0 35.0
-1.5895244 30.27592 0.097 1.0 36.0
-1.5895244 31.1462 0.097 1.0 36.0
-1.5895244 31.1462 0.098 0.0 37.0
-1.5895244 32.01648 0.098 0.0 37.0
-1.5895244 32.01648 0.099 0.0 38.0
-1.5895244 32.88676 0.099 0.0 38.0
-1.5895244 20.702848 0.0100 20.0 25.0
-1.7882149 21.550144 0.0100 20.0 25.0
-1.7882149 21.550144 0.0101 19.0 26.0
-1.9869055 22.39744 0.0101 19.0 26.0
-1.9869055 22.39744 0.0102 18.0 27.0
-2.185596 23.244736 0.0102 18.0 27.0
-2.185596 23.244736 0.0103 17.0 28.0
-2.3842866 24.092031 0.0103 17.0 28.0
-2.3842866 24.092031 0.0104 16.0 29.0
-2.5829773 24.939327 0.0104 16.0 29.0
-2.5829773 24.939327 0.0105 15.0 30.0
-2.781668 25.786623 0.0105 15.0 30.0
-2.781668 25.786623 0.0106 14.0 31.0
-2.9803586 26.633919 0.0106 14.0 31.0
-2.9803586 26.633919 0.0107 13.0 32.0
-3.1790493 27.481215 0.0107 13.0 32.0
-3.1790493 27.481215 0.0108 12.0 33.0
-3.37774 28.32851 0.0108 12.0 33.0
-3.37774 28.32851 0.0109 11.0 34.0
-3.5764306 29.175806 0.0109 11.0 34.0
-3.5764306 29.175806 0.0110 10.0 35.0
-3.7751212 30.023102 0.0110 10.0 35.0
-3.7751212 30.023102 0.0111 9.0 36.0
-3.9738119 30.870398 0.0111 9.0 36.0
-3.9738119 30.870398 0.0112 4.0 37.0
-4.3606977 31.649954 0.0112 4.0 37.0
-4.3606977 31.649954 0.0113 3.0 38.0
-4.747584 32.42951 0.0113 3.0 38.0
-4.747584 32.42951 0.0114 0.0 39.0
-5.3022294 33.100147 0.0114 0.0 39.0
-5.3022294 33.100147 0.0115 0.0 40.0
-5.856875 33.770786 0.0115 0.0 40.0
-4.747584 32.42951 0.0116 0.0 39.0
-4.9462743 33.276802 0.0116 0.0 39.0
-4.9462743 33.276802 0.0117 0.0 40.0
-5.1449647 34.124096 0.0117 0.0 40.0
-4.747584 32.42951 0.0118 2.0 39.0
-5.13447 33.209064 0.0118 2.0 39.0
-5.13447 33.209064 0.0119 1.0 40.0
-5.521356 33.98862 0.0119 1.0 40.0
-5.521356 33.98862 0.0120 0.0 41.0
-5.908242 34.768177 0.0120 0.0 41.0
-5.908242 34.768177 0.0121 0.0 42.0
-6.2951283 35.547733 0.0121 0.0 42.0
-3.9738119 30.870398 0.0122 4.0 37.0
-3.9738119 31.740677 0.0122 4.0 37.0
-3.9738119 31.740677 0.0123 3.0 38.0
-3.9738119 32.61096 0.0123 3.0 38.0
-3.9738119 32.61096 0.0124 0.0 39.0
-4.1725025 33.458252 0.0124 0.0 39.0
-4.1725025 33.458252 0.0125 0.0 40.0
-4.371193 34.305546 0.0125 0.0 40.0
-3.9738119 32.61096 0.0126 0.0 39.0
-3.7751212 33.458252 0.0126 0.0 39.0
-3.7751212 33.458252 0.0127 0.0 40.0
-3.5764306 34.305546 0.0127 0.0 40.0
-3.9738119 32.61096 0.0128 2.0 39.0
-3.9738119 33.48124 0.0128 2.0 39.0
-3.9738119 33.48124 0.0129 1.0 40.0
-3.9738119 34.35152 0.0129 1.0 40.0
-3.9738119 34.35152 0.0130 0.0 41.0
-3.9738119 35.2218 0.0130 0.0 41.0
-3.9738119 35.2218 0.0131 0.0 42.0
-3.9738119 36.092083 0.0131 0.0 42.0
-3.9738119 30.870398 0.0132 8.0 37.0
-4.1725025 31.717693 0.0132 8.0 37.0
-4.1725025 31.717693 0.0133 7.0 38.0
-4.371193 32.564987 0.0133 7.0 38.0
-4.371193 32.564987 0.0134 6.0 39.0
-4.5698833 33.41228 0.0134 6.0 39.0
-4.5698833 33.41228 0.0135 5.0 40.0
-4.7685738 34.259575 0.0135 5.0 40.0
-4.7685738 34.259575 0.0136 4.0 41.0
-4.967264 35.10687 0.0136 4.0 41.0
-4.967264 35.10687 0.0137 3.0 42.0
-5.1659546 35.954163 0.0137 3.0 42.0
-5.1659546 35.954163 0.0138 0.0 43.0
-5.5528407 36.73372 0.0138 0.0 43.0
-5.5528407 36.73372 0.0139 0.0 44.0
-5.939727 37.513275 0.0139 0.0 44.0
-5.1659546 35.954163 0.0140 0.0 43.0
-5.1659546 36.824444 0.0140 0.0 43.0
-5.1659546 36.824444 0.0141 0.0 44.0
-5.1659546 37.694725 0.0141 0.0 44.0
-5.1659546 35.954163 0.0142 2.0 43.0
-5.364645 36.801456 0.0142 2.0 43.0
-5.364645 36.801456 0.0143 1.0 44.0
-5.5633354 37.64875 0.0143 1.0 44.0
-5.5633354 37.64875 0.0144 0.0 45.0
-5.762026 38.496044 0.0144 0.0 45.0
-5.762026 38.496044 0.0145 0.0 46.0
-5.9607162 39.343338 0.0145 0.0 46.0
0.0 13.924483 0.0146 28.0 17.0
0.19869055 14.771779 0.0146 28.0 17.0
0.19869055 14.771779 0.0147 27.0 18.0
0.3973811 15.619075 0.0147 27.0 18.0
0.3973811 15.619075 0.0148 26.0 19.0
0.59607166 16.46637 0.0148 26.0 19.0
0.59607166 16.46637 0.0149 25.0 20.0
0.7947622 17.313665 0.0149 25.0 20.0
0.7947622 17.313665 0.0150 24.0 21.0
0.9934527 18.160961 0.0150 24.0 21.0
0.9934527 18.160961 0.0151 23.0 22.0
1.1921433 19.008257 0.0151 23.0 22.0
1.1921433 19.008257 0.0152 22.0 23.0
1.3908339 19.855553 0.0152 22.0 23.0
1.3908339 19.855553 0.0153 21.0 24.0
1.5895244 20.702848 0.0153 21.0 24.0
1.5895244 20.702848 0.0154 12.0 25.0
1.5895244 21.573128 0.0154 12.0 25.0
1.5895244 21.573128 0.0155 11.0 26.0
1.5895244 22.443407 0.0155 11.0 26.0
1.5895244 22.443407 0.0156 10.0 27.0
1.5895244 23.313686 0.0156 10.0 27.0
1.5895244 23.313686 0.0157 9.0 28.0
1.5895244 24.183966 0.0157 9.0 28.0
1.5895244 24.183966 0.0158 4.0 29.0
1.3908339 25.031261 0.0158 4.0 29.0
1.3908339 25.031261 0.0159 3.0 30.0
1.1921433 25.878557 0.0159 3.0 30.0
1.1921433 25.878557 0.0160 0.0 31.0
0.8052573 26.658113 0.0160 0.0 31.0
0.8052573 26.658113 0.0161 0.0 32.0
0.41837132 27.43767 0.0161 0.0 32.0
1.1921433 25.878557 0.0162 0.0 31.0
1.1921433 26.748837 0.0162 0.0 31.0
1.1921433 26.748837 0.0163 0.0 32.0
1.1921433 27.619116 0.0163 0.0 32.0
1.1921433 25.878557 0.0164 2.0 31.0
0.9934528 26.725853 0.0164 2.0 31.0
0.9934528 26.725853 0.0165 1.0 32.0
0.79476225 27.573149 0.0165 1.0 32.0
0.79476225 27.573149 0.0166 0.0 33.0
0.5960717 28.420444 0.0166 0.0 33.0
0.5960717 28.420444 0.0167 0.0 34.0
0.3973812 29.26774 0.0167 0.0 34.0
1.5895244 24.183966 0.0168 4.0 29.0
1.7882149 25.031261 0.0168 4.0 29.0
1.7882149 25.031261 0.0169 3.0 30.0
1.9869055 25.878557 0.0169 3.0 30.0
1.9869055 25.878557 0.0170 0.0 31.0
1.9869055 26.748837 0.0170 0.0 31.0
1.9869055 26.748837 0.0171 0.0 32.0
1.9869055 27.619116 0.0171 0.0 32.0
1.9869055 25.878557 0.0172 0.0 31.0
2.3737915 26.658113 0.0172 0.0 31.0
2.3737915 26.658113 0.0173 0.0 32.0
2.7606773 27.43767 0.0173 0.0 32.0
1.9869055 25.878557 0.0174 2.0 31.0
2.185596 26.725853 0.0174 2.0 31.0
2.185596 26.725853 0.0175 1.0 32.0
2.3842866 27.573149 0.0175 1.0 32.0
2.3842866 27.573149 0.0176 0.0 33.0
2.5829773 28.420444 0.0176 0.0 33.0
2.5829773 28.420444 0.0177 0.0 34.0
2.781668 29.26774 0.0177 0.0 34.0
1.5895244 24.183966 0.0178 8.0 29.0
1.5895244 25.054245 0.0178 8.0 29.0
1.5895244 25.054245 0.0179 7.0 30.0
1.5895244 25.924524 0.0179 7.0 30.0
1.5895244 25.924524 0.0180 6.0 31.0
1.5895244 26.794804 0.0180 6.0 31.0
1.5895244 26.794804 0.0181 5.0 32.0
1.5895244 27.665083 0.0181 5.0 32.0
1.5895244 27.665083 0.0182 4.0 33.0
1.5895244 28.535362 0.0182 4.0 33.0
1.5895244 28.535362 0.0183 3.0 34.0
1.5895244 29.405642 0.0183 3.0 34.0
1.5895244 29.405642 0.0184 0.0 35.0
1.3908339 30.252937 0.0184 0.0 35.0
1.3908339 30.252937 0.0185 0.0 36.0
1.1921433 31.100233 0.0185 0.0 36.0
1.5895244 29.405642 0.0186 0.0 35.0
1.7882149 30.252937 0.0186 0.0 35.0
1.7882149 30.252937 0.0187 0.0 36.0
1.9869055 31.100233 0.0187 0.0 36.0
1.5895244 29.405642 0.0188 2.0 35.0
1.5895244 30.27592 0.0188 2.0 35.0
1.5895244 30.27592 0.0189 1.0 36.0
1.5895244 31.1462 0.0189 1.0 36.0
1.5895244 31.1462 0.0190 0.0 37.0
1.5895244 32.01648 0.0190 0.0 37.0
1.5895244 32.01648 0.0191 0.0 38.0
1.5895244 32.88676 0.0191 0.0 38.0
1.5895244 20.702848 0.0192 12.0 25.0
1.9764104 21.482405 0.0192 12.0 25.0
1.9764104 21.482405 0.0193 11.0 26.0
2.3632965 22.261961 0.0193 11.0 26.0
2.3632965 22.261961 0.0194 10.0 27.0
2.7501826 23.041517 0.0194 10.0 27.0
2.7501826 23.041517 0.0195 9.0 28.0
3.1370687 23.821074 0.0195 9.0 28.0
3.1370687 23.821074 0.0196 4.0 29.0
3.3357594 24.66837 0.0196 4.0 29.0
3.3357594 24.66837 0.0197 3.0 30.0
3.53445 25.515665 0.0197 3.0 30.0
3.53445 25.515665 0.0198 0.0 31.0
3.53445 26.385944 0.0198 0.0 31.0
3.53445 26.385944 0.0199 0.0 32.0
3.53445 27.256224 0.0199 0.0 32.0
3.53445 25.515665 0.0200 0.0 31.0
3.9213362 26.295221 0.0200 0.0 31.0
3.9213362 26.295221 0.0201 0.0 32.0
4.3082223 27.074778 0.0201 0.0 32.0
3.53445 25.515665 0.0202 2.0 31.0
3.7331407 26.36296 0.0202 2.0 31.0
3.7331407 26.36296 0.0203 1.0 32.0
3.9318314 27.210257 0.0203 1.0 32.0
3.9318314 27.210257 0.0204 0.0 33.0
4.130522 28.057552 0.0204 0.0 33.0
4.130522 28.057552 0.0205 0.0 34.0
4.329212 28.904848 0.0205 0.0 34.0
3.1370687 23.821074 0.0206 4.0 29.0
3.6917143 24.491713 0.0206 4.0 29.0
3.6917143 24.491713 0.0207 3.0 30.0
4.24636 25.162352 0.0207 3.0 30.0
4.24636 25.162352 0.0208 0.0 31.0
4.633246 25.941908 0.0208 0.0 31.0
4.633246 25.941908 0.0209 0.0 32.0
5.020132 26.721464 0.0209 0.0 32.0
4.24636 25.162352 0.0210 0.0 31.0
4.939468 25.688648 0.0210 0.0 31.0
4.939468 25.688648 0.0211 0.0 32.0
5.632576 26.214945 0.0211 0.0 32.0
4.24636 25.162352 0.0212 2.0 31.0
4.8010054 25.83299 0.0212 2.0 31.0
4.8010054 25.83299 0.0213 1.0 32.0
5.355651 26.50363 0.0213 1.0 32.0
5.355651 26.50363 0.0214 0.0 33.0
5.9102964 27.174269 0.0214 0.0 33.0
5.9102964 27.174269 0.0215 0.0 34.0
6.464942 27.844908 0.0215 0.0 34.0
3.1370687 23.821074 0.0216 8.0 29.0
3.5239549 24.60063 0.0216 8.0 29.0
3.5239549 24.60063 0.0217 7.0 30.0
3.910841 25.380186 0.0217 7.0 30.0
3.910841 25.380186 0.0218 6.0 31.0
4.297727 26.159742 0.0218 6.0 31.0
4.297727 26.159742 0.0219 5.0 32.0
4.684613 26.939299 0.0219 5.0 32.0
4.684613 26.939299 0.0220 4.0 33.0
5.0714993 27.718855 0.0220 4.0 33.0
5.0714993 27.718855 0.0221 3.0 34.0
5.4583855 28.498411 0.0221 3.0 34.0
5.4583855 28.498411 0.0222 0.0 35.0
5.657076 29.345707 0.0222 0.0 35.0
5.657076 29.345707 0.0223 0.0 36.0
5.8557663 30.193003 0.0223 0.0 36.0
5.4583855 28.498411 0.0224 0.0 35.0
6.013031 29.16905 0.0224 0.0 35.0
6.013031 29.16905 0.0225 0.0 36.0
6.5676765 29.83969 0.0225 0.0 36.0
5.4583855 28.498411 0.0226 2.0 35.0
5.8452716 29.277967 0.0226 2.0 35.0
5.8452716 29.277967 0.0227 1.0 36.0
6.2321577 30.057524 0.0227 1.0 36.0
6.2321577 30.057524 0.0228 0.0 37.0
6.619044 30.83708 0.0228 0.0 37.0
6.619044 30.83708 0.0229 0.0 38.0
7.00593 31.616636 0.0229 0.0 38.0
1.5895244 20.702848 0.0230 20.0 25.0
1.7882149 21.550144 0.0230 20.0 25.0
1.7882149 21.550144 0.0231 19.0 26.0
1.9869055 22.39744 0.0231 19.0 26.0
1.9869055 22.39744 0.0232 18.0 27.0
2.185596 23.244736 0.0232 18.0 27.0
2.185596 23.244736 0.0233 17.0 28.0
2.3842866 24.092031 0.0233 17.0 28.0
2.3842866 24.092031 0.0234 16.0 29.0
2.5829773 24.939327 0.0234 16.0 29.0
2.5829773 24.939327 0.0235 15.0 30.0
2.781668 25.786623 0.0235 15.0 30.0
2.781668 25.786623 0.0236 14.0 31.0
2.9803586 26.633919 0.0236 14.0 31.0
2.9803586 26.633919 0.0237 13.0 32.0
3.1790493 27.481215 0.0237 13.0 32.0
3.1790493 27.481215 0.0238 12.0 33.0
3.37774 28.32851 0.0238 12.0 33.0
3.37774 28.32851 0.0239 11.0 34.0
3.5764306 29.175806 0.0239 11.0 34.0
3.5764306 29.175806 0.0240 10.0 35.0
3.7751212 30.023102 0.0240 10.0 35.0
3.7751212 30.023102 0.0241 9.0 36.0
3.9738119 30.870398 0.0241 9.0 36.0
3.9738119 30.870398 0.0242 4.0 37.0
3.9738119 31.740677 0.0242 4.0 37.0
3.9738119 31.740677 0.0243 3.0 38.0
3.9738119 32.61096 0.0243 3.0 38.0
3.9738119 32.61096 0.0244 0.0 39.0
3.7751212 33.458252 0.0244 0.0 39.0
3.7751212 33.458252 0.0245 0.0 40.0
3.5764306 34.305546 0.0245 0.0 40.0
3.9738119 32.61096 0.0246 0.0 39.0
4.1725025 33.458252 0.0246 0.0 39.0
4.1725025 33.458252 0.0247 0.0 40.0
4.371193 34.305546 0.0247 0.0 40.0
3.9738119 32.61096 0.0248 2.0 39.0
3.9738119 33.48124 0.0248 2.0 39.0
3.9738119 33.48124 0.0249 1.0 40.0
3.9738119 34.35152 0.0249 1.0 40.0
3.9738119 34.35152 0.0250 0.0 41.0
3.9738119 35.2218 0.0250 0.0 41.0
3.9738119 35.2218 0.0251 0.0 42.0
3.9738119 36.092083 0.0251 0.0 42.0
3.9738119 30.870398 0.0252 4.0 37.0
4.3606977 31.649954 0.0252 4.0 37.0
4.3606977 31.649954 0.0253 3.0 38.0
4.747584 32.42951 0.0253 3.0 38.0
4.747584 32.42951 0.0254 0.0 39.0
4.9462743 33.276802 0.0254 0.0 39.0
4.9462743 33.276802 0.0255 0.0 40.0
5.1449647 34.124096 0.0255 0.0 40.0
4.747584 32.42951 0.0256 0.0 39.0
5.3022294 33.100147 0.0256 0.0 39.0
5.3022294 33.100147 0.0257 0.0 40.0
5.856875 33.770786 0.0257 0.0 40.0
4.747584 32.42951 0.0258 2.0 39.0
5.13447 33.209064 0.0258 2.0 39.0
5.13447 33.209064 0.0259 1.0 40.0
5.521356 33.98862 0.0259 1.0 40.0
5.521356 33.98862 0.0260 0.0 41.0
5.908242 34.768177 0.0260 0.0 41.0
5.908242 34.768177 0.0261 0.0 42.0
6.2951283 35.547733 0.0261 0.0 42.0
3.9738119 30.870398 0.0262 8.0 37.0
4.1725025 31.717693 0.0262 8.0 37.0
4.1725025 31.717693 0.0263 7.0 38.0
4.371193 32.564987 0.0263 7.0 38.0
4.371193 32.564987 0.0264 6.0 39.0
4.5698833 33.41228 0.0264 6.0 39.0
4.5698833 33.41228 0.0265 5.0 40.0
4.7685738 34.259575 0.0265 5.0 40.0
4.7685738 34.259575 0.0266 4.0 41.0
4.967264 35.10687 0.0266 4.0 41.0
4.967264 35.10687 0.0267 3.0 42.0
5.1659546 35.954163 0.0267 3.0 42.0
5.1659546 35.954163 0.0268 0.0 43.0
5.1659546 36.824444 0.0268 0.0 43.0
5.1659546 36.824444 0.0269 0.0 44.0
5.1659546 37.694725 0.0269 0.0 44.0
5.1659546 35.954163 0.0270 0.0 43.0
5.5528407 36.73372 0.0270 0.0 43.0
5.5528407 36.73372 0.0271 0.0 44.0
5.939727 37.513275 0.0271 0.0 44.0
5.1659546 35.954163 0.0272 2.0 43.0
5.364645 36.801456 0.0272 2.0 43.0
5.364645 36.801456 0.0273 1.0 44.0
5.5633354 37.64875 0.0273 1.0 44.0
5.5633354 37.64875 0.0274 0.0 45.0
5.762026 38.496044 0.0274 0.0 45.0
5.762026 38.496044 0.0275 0.0 46.0
5.9607162 39.343338 0.0275 0.0 46.0
0.0 13.924483 0.0276 44.0 17.0
0.0 14.794764 0.0276 44.0 17.0
0.0 14.794764 0.0277 43.0 18.0
0.0 15.665044 0.0277 43.0 18.0
0.0 15.665044 0.0278 42.0 19.0
0.0 16.535324 0.0278 42.0 19.0
0.0 16.535324 0.0279 41.0 20.0
0.0 17.405603 0.0279 41.0 20.0
0.0 17.405603 0.0280 40.0 21.0
0.0 18.275883 0.0280 40.0 21.0
0.0 18.275883 0.0281 39.0 22.0
0.0 19.146162 0.0281 39.0 22.0
0.0 19.146162 0.0282 38.0 23.0
0.0 20.016441 0.0282 38.0 23.0
0.0 20.016441 0.0283 37.0 24.0
0.0 20.88672 0.0283 37.0 24.0
0.0 20.88672 0.0284 36.0 25.0
0.0 21.757 0.0284 36.0 25.0
0.0 21.757 0.0285 35.0 26.0
0.0 22.62728 0.0285 35.0 26.0
0.0 22.62728 0.0286 34.0 27.0
0.0 23.497559 0.0286 34.0 27.0
0.0 23.497559 0.0287 33.0 28.0
0.0 24.367838 0.0287 33.0 28.0
0.0 24.367838 0.0288 32.0 29.0
0.0 25.238117 0.0288 32.0 29.0
0.0 25.238117 0.0289 31.0 30.0
0.0 26.108397 0.0289 31.0 30.0
0.0 26.108397 0.0290 30.0 31.0
0.0 26.978676 0.0290 30.0 31.0
0.0 26.978676 0.0291 29.0 32.0
0.0 27.848955 0.0291 29.0 32.0
0.0 27.848955 0.0292 28.0 33.0
0.0 28.719234 0.0292 28.0 33.0
0.0 28.719234 0.0293 27.0 34.0
0.0 29.589514 0.0293 27.0 34.0
0.0 29.589514 0.0294 26.0 35.0
0.0 30.459793 0.0294 26.0 35.0
0.0 30.459793 0.0295 25.0 36.0
0.0 31.330072 0.0295 25.0 36.0
0.0 31.330072 0.0296 24.0 37.0
0.0 32.20035 0.0296 24.0 37.0
0.0 32.20035 0.0297 23.0 38.0
0.0 33.070633 0.0297 23.0 38.0
0.0 33.070633 0.0298 22.0 39.0
0.0 33.940914 0.0298 22.0 39.0
0.0 33.940914 0.0299 21.0 40.0
0.0 34.811195 0.0299 21.0 40.0
0.0 34.811195 0.0300 12.0 41.0
-0.19869055 35.65849 0.0300 12.0 41.0
-0.19869055 35.65849 0.0301 11.0 42.0
-0.3973811 36.505783 0.0301 11.0 42.0
-0.3973811 36.505783 0.0302 10.0 43.0
-0.59607166 37.353077 0.0302 10.0 43.0
-0.59607166 37.353077 0.0303 9.0 44.0
-0.7947622 38.20037 0.0303 9.0 44.0
-0.7947622 38.20037 0.0304 4.0 45.0
-1.1816483 38.979927 0.0304 4.0 45.0
-1.1816483 38.979927 0.0305 3.0 46.0
-1.5685343 39.759483 0.0305 3.0 46.0
-1.5685343 39.759483 0.0306 0.0 47.0
-2.12318 40.430122 0.0306 0.0 47.0
-2.12318 40.430122 0.0307 0.0 48.0
-2.6778255 41.10076 0.0307 0.0 48.0
-1.5685343 39.759483 0.0308 0.0 47.0
-1.7672248 40.606777 0.0308 0.0 47.0
-1.7672248 40.606777 0.0309 0.0 48.0
-1.9659153 41.45407 0.0309 0.0 48.0
-1.5685343 39.759483 0.0310 2.0 47.0
-1.9554203 40.53904 0.0310 2.0 47.0
-1.9554203 40.53904 0.0311 1.0 48.0
-2.3423061 41.318596 0.0311 1.0 48.0
-2.3423061 41.318596 0.0312 0.0 49.0
-2.7291923 42.098152 0.0312 0.0 49.0
-2.7291923 42.098152 0.0313 0.0 50.0
-3.1160784 42.87771 0.0313 0.0 50.0
-0.7947622 38.20037 0.0314 4.0 45.0
-0.7947622 39.070652 0.0314 4.0 45.0
-0.7947622 39.070652 0.0315 3.0 46.0
-0.7947622 39.940933 0.0315 3.0 46.0
-0.7947622 39.940933 0.0316 0.0 47.0
-0.9934527 40.788227 0.0316 0.0 47.0
-0.9934527 40.788227 0.0317 0.0 48.0
-1.1921433 41.63552 0.0317 0.0 48.0
-0.7947622 39.940933 0.0318 0.0 47.0
-0.59607166 40.788227 0.0318 0.0 47.0
-0.59607166 40.788227 0.0319 0.0 48.0
-0.39738113 41.63552 0.0319 0.0 48.0
-0.7947622 39.940933 0.0320 2.0 47.0
-0.7947622 40.811214 0.0320 2.0 47.0
-0.7947622 40.811214 0.0321 1.0 48.0
-0.7947622 41.681496 0.0321 1.0 48.0
-0.7947622 41.681496 0.0322 0.0 49.0
-0.7947622 42.551777 0.0322 0.0 49.0
-0.7947622 42.551777 0.0323 0.0 50.0
-0.7947622 43.42206 0.0323 0.0 50.0
-0.7947622 38.20037 0.0324 8.0 45.0
-0.9934527 39.047665 0.0324 8.0 45.0
-0.9934527 39.047665 0.0325 7.0 46.0
-1.1921433 39.89496 0.0325 7.0 46.0
-1.1921433 39.89496 0.0326 6.0 47.0
-1.3908339 40.742252 0.0326 6.0 47.0
-1.3908339 40.742252 0.0327 5.0 48.0
-1.5895244 41.589546 0.0327 5.0 48.0
-1.5895244 41.589546 0.0328 4.0 49.0
-1.7882149 42.43684 0.0328 4.0 49.0
-1.7882149 42.43684 0.0329 3.0 50.0
-1.9869055 43.284134 0.0329 3.0 50.0
-1.9869055 43.284134 0.0330 0.0 51.0
-2.3737915 44.06369 0.0330 0.0 51.0
-2.3737915 44.06369 0.0331 0.0 52.0
-2.7606773 44.843246 0.0331 0.0 52.0
-1.9869055 43.284134 0.0332 0.0 51.0
-1.9869055 44.154415 0.0332 0.0 51.0
-1.9869055 44.154415 0.0333 0.0 52.0
-1.9869055 45.024696 0.0333 0.0 52.0
-1.9869055 43.284134 0.0334 2.0 51.0
-2.185596 44.131428 0.0334 2.0 51.0
-2.185596 44.131428 0.0335 1.0 52.0
-2.3842866 44.97872 0.0335 1.0 52.0
-2.3842866 44.97872 0.0336 0.0 53.0
-2.5829773 45.826015 0.0336 0.0 53.0
-2.5829773 45.826015 0.0337 0.0 54.0
-2.781668 46.67331 0.0337 0.0 54.0
0.0 34.811195 0.0338 12.0 41.0
0.19869055 35.65849 0.0338 12.0 41.0
0.19869055 35.65849 0.0339 11.0 42.0
0.3973811 36.505783 0.0339 11.0 42.0
0.3973811 36.505783 0.0340 10.0 43.0
0.59607166 37.353077 0.0340 10.0 43.0
0.59607166 37.353077 0.0341 9.0 44.0
0.7947622 38.20037 0.0341 9.0 44.0
0.7947622 38.20037 0.0342 4.0 45.0
0.7947622 39.070652 0.0342 4.0 45.0
0.7947622 39.070652 0.0343 3.0 46.0
0.7947622 39.940933 0.0343 3.0 46.0
0.7947622 39.940933 0.0344 0.0 47.0
0.59607166 40.788227 0.0344 0.0 47.0
0.59607166 40.788227 0.0345 0.0 48.0
0.39738113 41.63552 0.0345 0.0 48.0
0.7947622 39.940933 0.0346 0.0 47.0
0.9934527 40.788227 0.0346 0.0 47.0
0.9934527 40.788227 0.0347 0.0 48.0
1.1921433 41.63552 0.0347 0.0 48.0
0.7947622 39.940933 0.0348 2.0 47.0
0.7947622 40.811214 0.0348 2.0 47.0
0.7947622 40.811214 0.0349 1.0 48.0
0.7947622 41.681496 0.0349 1.0 48.0
0.7947622 41.681496 0.0350 0.0 49.0
0.7947622 42.551777 0.0350 0.0 49.0
0.7947622 42.551777 0.0351 0.0 50.0
0.7947622 43.42206 0.0351 0.0 50.0
0.7947622 38.20037 0.0352 4.0 45.0
1.1816483 38.979927 0.0352 4.0 45.0
1.1816483 38.979927 0.0353 3.0 46.0
1.5685343 39.759483 0.0353 3.0 46.0
1.5685343 39.759483 0.0354 0.0 47.0
1.7672248 40.606777 0.0354 0.0 47.0
1.7672248 40.606777 0.0355 0.0 48.0
1.9659153 41.45407 0.0355 0.0 48.0
1.5685343 39.759483 0.0356 0.0 47.0
2.12318 40.430122 0.0356 0.0 47.0
2.12318 40.430122 0.0357 0.0 48.0
2.6778255 41.10076 0.0357 0.0 48.0
1.5685343 39.759483 0.0358 2.0 47.0
1.9554203 40.53904 0.0358 2.0 47.0
1.9554203 40.53904 0.0359 1.0 48.0
2.3423061 41.318596 0.0359 1.0 48.0
2.3423061 41.318596 0.0360 0.0 49.0
2.7291923 42.098152 0.0360 0.0 49.0
2.7291923 42.098152 0.0361 0.0 50.0
3.1160784 42.87771 0.0361 0.0 50.0
0.7947622 38.20037 0.0362 8.0 45.0
0.9934527 39.047665 0.0362 8.0 45.0
0.9934527 39.047665 0.0363 7.0 46.0
1.1921433 39.89496 0.0363 7.0 46.0
1.1921433 39.89496 0.0364 6.0 47.0
1.3908339 40.742252 0.0364 6.0 47.0
1.3908339 40.742252 0.0365 5.0 48.0
1.5895244 41.589546 0.0365 5.0 48.0
1.5895244 41.589546 0.0366 4.0 49.0
1.7882149 42.43684 0.0366 4.0 49.0
1.7882149 42.43684 0.0367 3.0 50.0
1.9869055 43.284134 0.0367 3.0 50.0
1.9869055 43.284134 0.0368 0.0 51.0
1.9869055 44.154415 0.0368 0.0 51.0
1.9869055 44.154415 0.0369 0.0 52.0
1.9869055 45.024696 0.0369 0.0 52.0
1.9869055 43.284134 0.0370 0.0 51.0
2.3737915 44.06369 0.0370 0.0 51.0
2.3737915 44.06369 0.0371 0.0 52.0
2.7606773 44.843246 0.0371 0.0 52.0
1.9869055 43.284134 0.0372 2.0 51.0
2.185596 44.131428 0.0372 2.0 51.0
2.185596 44.131428 0.0373 1.0 52.0
2.3842866 44.97872 0.0373 1.0 52.0
2.3842866 44.97872 0.0374 0.0 53.0
2.5829773 45.826015 0.0374 0.0 53.0
2.5829773 45.826015 0.0375 0.0 54.0
2.781668 46.67331 0.0375 0.0 54.0
0.0 34.811195 0.0376 20.0 41.0
0.0 35.681477 0.0376 20.0 41.0
0.0 35.681477 0.0377 19.0 42.0
0.0 36.551758 0.0377 19.0 42.0
0.0 36.551758 0.0378 18.0 43.0
0.0 37.42204 0.0378 18.0 43.0
0.0 37.42204 0.0379 17.0 44.0
0.0 38.29232 0.0379 17.0 44.0
0.0 38.29232 0.0380 16.0 45.0
0.0 39.1626 0.0380 16.0 45.0
0.0 39.1626 0.0381 15.0 46.0
0.0 40.032883 0.0381 15.0 46.0
0.0 40.032883 0.0382 14.0 47.0
0.0 40.903164 0.0382 14.0 47.0
0.0 40.903164 0.0383 13.0 48.0
0.0 41.773445 0.0383 13.0 48.0
0.0 41.773445 0.0384 12.0 49.0
0.0 42.643726 0.0384 12.0 49.0
0.0 42.643726 0.0385 11.0 50.0
0.0 43.514008 0.0385 11.0 50.0
0.0 43.514008 0.0386 10.0 51.0
0.0 44.38429 0.0386 10.0 51.0
0.0 44.38429 0.0387 9.0 52.0
0.0 45.25457 0.0387 9.0 52.0
0.0 45.25457 0.0388 4.0 53.0
-0.19869055 46.101864 0.0388 4.0 53.0
-0.19869055 46.101864 0.0389 3.0 54.0
-0.3973811 46.949158 0.0389 3.0 54.0
-0.3973811 46.949158 0.0390 0.0 55.0
-0.78426707 47.728714 0.0390 0.0 55.0
-0.78426707 47.728714 0.0391 0.0 56.0
-1.1711531 48.50827 0.0391 0.0 56.0
-0.3973811 46.949158 0.0392 0.0 55.0
-0.3973811 47.81944 0.0392 0.0 55.0
-0.3973811 47.81944 0.0393 0.0 56.0
-0.3973811 48.68972 0.0393 0.0 56.0
-0.3973811 46.949158 0.0394 2.0 55.0
-0.59607166 47.79645 0.0394 2.0 55.0
-0.59607166 47.79645 0.0395 1.0 56.0
-0.7947622 48.643745 0.0395 1.0 56.0
-0.7947622 48.643745 0.0396 0.0 57.0
-0.9934527 49.49104 0.0396 0.0 57.0
-0.9934527 49.49104 0.0397 0.0 58.0
-1.1921433 50.338333 0.0397 0.0 58.0
0.0 45.25457 0.0398 4.0 53.0
0.19869055 46.101864 0.0398 4.0 53.0
0.19869055 46.101864 0.0399 3.0 54.0
0.3973811 46.949158 0.0399 3.0 54.0
0.3973811 46.949158 0.0400 0.0 55.0
0.3973811 47.81944 0.0400 0.0 55.0
0.3973811 47.81944 0.0401 0.0 56.0
0.3973811 48.68972 0.0401 0.0 56.0
0.3973811 46.949158 0.0402 0.0 55.0
0.78426707 47.728714 0.0402 0.0 55.0
0.78426707 47.728714 0.0403 0.0 56.0
1.1711531 48.50827 0.0403 0.0 56.0
0.3973811 46.949158 0.0404 2.0 55.0
0.59607166 47.79645 0.0404 2.0 55.0
0.59607166 47.79645 0.0405 1.0 56.0
0.7947622 48.643745 0.0405 1.0 56.0
0.7947622 48.643745 0.0406 0.0 57.0
0.9934527 49.49104 0.0406 0.0 57.0
0.9934527 49.49104 0.0407 0.0 58.0
1.1921433 50.338333 0.0407 0.0 58.0
0.0 45.25457 0.0408 8.0 53.0
0.0 46.12485 0.0408 8.0 53.0
0.0 46.12485 0.0409 7.0 54.0
0.0 46.995132 0.0409 7.0 54.0
0.0 46.995132 0.0410 6.0 55.0
0.0 47.865414 0.0410 6.0 55.0
0.0 47.865414 0.0411 5.0 56.0
0.0 48.735695 0.0411 5.0 56.0
0.0 48.735695 0.0412 4.0 57.0
0.0 49.605976 0.0412 4.0 57.0
0.0 49.605976 0.0413 3.0 58.0
0.0 50.476257 0.0413 3.0 58.0
0.0 50.476257 0.0414 0.0 59.0
-0.19869055 51.32355 0.0414 0.0 59.0
-0.19869055 51.32355 0.0415 0.0 60.0
-0.3973811 52.170845 0.0415 0.0 60.0
0.0 50.476257 0.0416 0.0 59.0
0.19869055 51.32355 0.0416 0.0 59.0
0.19869055 51.32355 0.0417 0.0 60.0
0.3973811 52.170845 0.0417 0.0 60.0
0.0 50.476257 0.0418 2.0 59.0
0.0 51.34654 0.0418 2.0 59.0
0.0 51.34654 0.0419 1.0 60.0
0.0 52.21682 0.0419 1.0 60.0
0.0 52.21682 0.0420 0.0 61.0
0.0 53.0871 0.0420 0.0 61.0
0.0 53.0871 0.0421 0.0 62.0
0.0 53.957382 0.0421 0.0 62.0
