0.0 0.0 0.00 43.0 1.0
0.0 3.1729646 0.00 43.0 1.0
0.0 3.1729646 0.01 42.0 2.0
0.0 6.345929 0.01 42.0 2.0
0.0 6.345929 0.02 41.0 3.0
0.0 9.518894 0.02 41.0 3.0
0.0 9.518894 0.03 40.0 4.0
0.0 12.691858 0.03 40.0 4.0
0.0 12.691858 0.04 39.0 5.0
0.0 15.864822 0.04 39.0 5.0
0.0 15.864822 0.05 38.0 6.0
0.0 19.037786 0.05 38.0 6.0
0.0 19.037786 0.06 37.0 7.0
0.0 22.21075 0.06 37.0 7.0
0.0 22.21075 0.07 36.0 8.0
0.0 25.383715 0.07 36.0 8.0
0.0 25.383715 0.08 19.0 9.0
1.5508571 28.151846 0.08 19.0 9.0
1.5508571 28.151846 0.09 18.0 10.0
3.1017141 30.919977 0.09 18.0 10.0
3.1017141 30.919977 0.010 17.0 11.0
4.652571 33.688107 0.010 17.0 11.0
4.652571 33.688107 0.011 16.0 12.0
6.2034283 36.456238 0.011 16.0 12.0
6.2034283 36.456238 0.012 7.0 13.0
8.909399 38.11317 0.012 7.0 13.0
8.909399 38.11317 0.013 6.0 14.0
11.61537 39.770103 0.013 6.0 14.0
11.61537 39.770103 0.014 1.0 15.0
14.785953 39.89303 0.014 1.0 15.0
14.785953 39.89303 0.015 0.0 16.0
17.956535 40.015953 0.015 0.0 16.0
17.956535 40.015953 0.016 0.0 17.0
20.78267 38.5735 0.016 0.0 17.0
11.61537 39.770103 0.017 1.0 15.0
14.441504 38.327652 0.017 1.0 15.0
14.441504 38.327652 0.018 0.0 16.0
17.267637 36.8852 0.018 0.0 16.0
17.267637 36.8852 0.019 0.0 17.0
19.028158 34.245453 0.019 0.0 17.0
11.61537 39.770103 0.020 5.0 15.0
14.321341 41.427036 0.020 5.0 15.0
14.321341 41.427036 0.021 4.0 16.0
17.027311 43.08397 0.021 4.0 16.0
17.027311 43.08397 0.022 3.0 17.0
20.197893 43.206894 0.022 3.0 17.0
20.197893 43.206894 0.023 2.0 18.0
23.368475 43.32982 0.023 2.0 18.0
23.368475 43.32982 0.024 1.0 19.0
26.539057 43.452744 0.024 1.0 19.0
26.539057 43.452744 0.025 0.0 20.0
29.709639 43.57567 0.025 0.0 20.0
29.709639 43.57567 0.026 0.0 21.0
32.535774 42.133217 0.026 0.0 21.0
17.027311 43.08397 0.027 1.0 17.0
20.197893 43.206894 0.027 1.0 17.0
20.197893 43.206894 0.028 0.0 18.0
23.368475 43.32982 0.028 0.0 18.0
23.368475 43.32982 0.029 0.0 19.0
26.194609 41.887367 0.029 0.0 19.0
6.2034283 36.456238 0.030 7.0 13.0
9.374011 36.579163 0.030 7.0 13.0
9.374011 36.579163 0.031 6.0 14.0
12.544594 36.702087 0.031 6.0 14.0
12.544594 36.702087 0.032 1.0 15.0
15.370728 35.259636 0.032 1.0 15.0
15.370728 35.259636 0.033 0.0 16.0
18.196861 33.817184 0.033 0.0 16.0
18.196861 33.817184 0.034 0.0 17.0
19.957382 31.177437 0.034 0.0 17.0
12.544594 36.702087 0.035 1.0 15.0
14.305115 34.06234 0.035 1.0 15.0
14.305115 34.06234 0.036 0.0 16.0
16.065636 31.422592 0.036 0.0 16.0
16.065636 31.422592 0.037 0.0 17.0
16.311298 28.259151 0.037 0.0 17.0
12.544594 36.702087 0.038 5.0 15.0
15.715177 36.825012 0.038 5.0 15.0
15.715177 36.825012 0.039 4.0 16.0
18.88576 36.947937 0.039 4.0 16.0
18.88576 36.947937 0.040 3.0 17.0
21.711893 35.505486 0.040 3.0 17.0
21.711893 35.505486 0.041 2.0 18.0
24.538027 34.063034 0.041 2.0 18.0
24.538027 34.063034 0.042 1.0 19.0
27.36416 32.620583 0.042 1.0 19.0
27.36416 32.620583 0.043 0.0 20.0
30.190294 31.17813 0.043 0.0 20.0
30.190294 31.17813 0.044 0.0 21.0
31.950815 28.53838 0.044 0.0 21.0
18.88576 36.947937 0.045 1.0 17.0
21.711893 35.505486 0.045 1.0 17.0
21.711893 35.505486 0.046 0.0 18.0
24.538027 34.063034 0.046 0.0 18.0
24.538027 34.063034 0.047 0.0 19.0
26.298548 31.423286 0.047 0.0 19.0
6.2034283 36.456238 0.048 15.0 13.0
7.7542853 39.22437 0.048 15.0 13.0
7.7542853 39.22437 0.049 14.0 14.0
9.305142 41.9925 0.049 14.0 14.0
9.305142 41.9925 0.050 13.0 15.0
10.855999 44.76063 0.050 13.0 15.0
10.855999 44.76063 0.051 12.0 16.0
12.406857 47.528763 0.051 12.0 16.0
12.406857 47.528763 0.052 11.0 17.0
15.112827 49.185696 0.052 11.0 17.0
15.112827 49.185696 0.053 10.0 18.0
17.818798 50.84263 0.053 10.0 18.0
17.818798 50.84263 0.054 9.0 19.0
20.524769 52.49956 0.054 9.0 19.0
20.524769 52.49956 0.055 8.0 20.0
23.23074 54.156494 0.055 8.0 20.0
23.23074 54.156494 0.056 7.0 21.0
25.93671 55.813427 0.056 7.0 21.0
25.93671 55.813427 0.057 6.0 22.0
28.642681 57.47036 0.057 6.0 22.0
28.642681 57.47036 0.058 1.0 23.0
31.813263 57.593285 0.058 1.0 23.0
31.813263 57.593285 0.059 0.0 24.0
34.983845 57.71621 0.059 0.0 24.0
34.983845 57.71621 0.060 0.0 25.0
37.80998 56.273758 0.060 0.0 25.0
28.642681 57.47036 0.061 1.0 23.0
31.468815 56.02791 0.061 1.0 23.0
31.468815 56.02791 0.062 0.0 24.0
34.29495 54.585457 0.062 0.0 24.0
34.29495 54.585457 0.063 0.0 25.0
36.05547 51.94571 0.063 0.0 25.0
28.642681 57.47036 0.064 5.0 23.0
31.348652 59.127293 0.064 5.0 23.0
31.348652 59.127293 0.065 4.0 24.0
34.054623 60.784225 0.065 4.0 24.0
34.054623 60.784225 0.066 3.0 25.0
37.225204 60.90715 0.066 3.0 25.0
37.225204 60.90715 0.067 2.0 26.0
40.395786 61.030075 0.067 2.0 26.0
40.395786 61.030075 0.068 1.0 27.0
43.56637 61.153 0.068 1.0 27.0
43.56637 61.153 0.069 0.0 28.0
46.73695 61.275925 0.069 0.0 28.0
46.73695 61.275925 0.070 0.0 29.0
49.563084 59.833473 0.070 0.0 29.0
34.054623 60.784225 0.071 1.0 25.0
37.225204 60.90715 0.071 1.0 25.0
37.225204 60.90715 0.072 0.0 26.0
40.395786 61.030075 0.072 0.0 26.0
40.395786 61.030075 0.073 0.0 27.0
43.22192 59.587624 0.073 0.0 27.0
12.406857 47.528763 0.074 7.0 17.0
15.112827 49.185696 0.074 7.0 17.0
15.112827 49.185696 0.075 6.0 18.0
17.818798 50.84263 0.075 6.0 18.0
17.818798 50.84263 0.076 1.0 19.0
20.98938 50.965553 0.076 1.0 19.0
20.98938 50.965553 0.077 0.0 20.0
24.159962 51.088478 0.077 0.0 20.0
24.159962 51.088478 0.078 0.0 21.0
26.986095 49.646027 0.078 0.0 21.0
17.818798 50.84263 0.079 1.0 19.0
20.644932 49.400177 0.079 1.0 19.0
20.644932 49.400177 0.080 0.0 20.0
23.471066 47.957726 0.080 0.0 20.0
23.471066 47.957726 0.081 0.0 21.0
25.231586 45.317978 0.081 0.0 21.0
17.818798 50.84263 0.082 5.0 19.0
20.524769 52.49956 0.082 5.0 19.0
20.524769 52.49956 0.083 4.0 20.0
23.23074 54.156494 0.083 4.0 20.0
23.23074 54.156494 0.084 3.0 21.0
26.401321 54.27942 0.084 3.0 21.0
26.401321 54.27942 0.085 2.0 22.0
29.571903 54.402344 0.085 2.0 22.0
29.571903 54.402344 0.086 1.0 23.0
32.742485 54.52527 0.086 1.0 23.0
32.742485 54.52527 0.087 0.0 24.0
35.913067 54.648193 0.087 0.0 24.0
35.913067 54.648193 0.088 0.0 25.0
38.7392 53.20574 0.088 0.0 25.0
23.23074 54.156494 0.089 1.0 21.0
26.401321 54.27942 0.089 1.0 21.0
26.401321 54.27942 0.090 0.0 22.0
29.571903 54.402344 0.090 0.0 22.0
29.571903 54.402344 0.091 0.0 23.0
32.398037 52.959892 0.091 0.0 23.0
0.0 25.383715 0.092 19.0 9.0
0.0 28.556679 0.092 19.0 9.0
0.0 28.556679 0.093 18.0 10.0
0.0 31.729643 0.093 18.0 10.0
0.0 31.729643 0.094 17.0 11.0
0.0 34.902607 0.094 17.0 11.0
0.0 34.902607 0.095 16.0 12.0
0.0 38.075573 0.095 16.0 12.0
0.0 38.075573 0.096 7.0 13.0
1.5508571 40.843704 0.096 7.0 13.0
1.5508571 40.843704 0.097 6.0 14.0
3.1017141 43.611835 0.097 6.0 14.0
3.1017141 43.611835 0.098 1.0 15.0
5.807685 45.26877 0.098 1.0 15.0
5.807685 45.26877 0.099 0.0 16.0
8.513657 46.9257 0.099 0.0 16.0
8.513657 46.9257 0.0100 0.0 17.0
11.684239 47.048626 0.0100 0.0 17.0
3.1017141 43.611835 0.0101 1.0 15.0
6.272297 43.73476 0.0101 1.0 15.0
6.272297 43.73476 0.0102 0.0 16.0
9.44288 43.857685 0.0102 0.0 16.0
9.44288 43.857685 0.0103 0.0 17.0
12.269013 42.415234 0.0103 0.0 17.0
3.1017141 43.611835 0.0104 5.0 15.0
4.652571 46.379967 0.0104 5.0 15.0
4.652571 46.379967 0.0105 4.0 16.0
6.2034283 49.148098 0.0105 4.0 16.0
6.2034283 49.148098 0.0106 3.0 17.0
8.909399 50.80503 0.0106 3.0 17.0
8.909399 50.80503 0.0107 2.0 18.0
11.61537 52.461964 0.0107 2.0 18.0
11.61537 52.461964 0.0108 1.0 19.0
14.321341 54.118896 0.0108 1.0 19.0
14.321341 54.118896 0.0109 0.0 20.0
17.027311 55.77583 0.0109 0.0 20.0
17.027311 55.77583 0.0110 0.0 21.0
20.197893 55.898754 0.0110 0.0 21.0
6.2034283 49.148098 0.0111 1.0 17.0
8.909399 50.80503 0.0111 1.0 17.0
8.909399 50.80503 0.0112 0.0 18.0
11.61537 52.461964 0.0112 0.0 18.0
11.61537 52.461964 0.0113 0.0 19.0
14.785953 52.58489 0.0113 0.0 19.0
0.0 38.075573 0.0114 7.0 13.0
2.705971 39.732506 0.0114 7.0 13.0
2.705971 39.732506 0.0115 6.0 14.0
5.411942 41.38944 0.0115 6.0 14.0
5.411942 41.38944 0.0116 1.0 15.0
8.582524 41.512363 0.0116 1.0 15.0
8.582524 41.512363 0.0117 0.0 16.0
11.753107 41.63529 0.0117 0.0 16.0
11.753107 41.63529 0.0118 0.0 17.0
14.579241 40.192837 0.0118 0.0 17.0
5.411942 41.38944 0.0119 1.0 15.0
8.238076 39.946987 0.0119 1.0 15.0
8.238076 39.946987 0.0120 0.0 16.0
11.06421 38.504536 0.0120 0.0 16.0
11.06421 38.504536 0.0121 0.0 17.0
12.82473 35.864788 0.0121 0.0 17.0
5.411942 41.38944 0.0122 5.0 15.0
8.117913 43.04637 0.0122 5.0 15.0
8.117913 43.04637 0.0123 4.0 16.0
10.823885 44.703304 0.0123 4.0 16.0
10.823885 44.703304 0.0124 3.0 17.0
13.994468 44.82623 0.0124 3.0 17.0
13.994468 44.82623 0.0125 2.0 18.0
17.16505 44.949154 0.0125 2.0 18.0
17.16505 44.949154 0.0126 1.0 19.0
20.335632 45.07208 0.0126 1.0 19.0
20.335632 45.07208 0.0127 0.0 20.0
23.506214 45.195004 0.0127 0.0 20.0
23.506214 45.195004 0.0128 0.0 21.0
26.332348 43.752552 0.0128 0.0 21.0
10.823885 44.703304 0.0129 1.0 17.0
13.994468 44.82623 0.0129 1.0 17.0
13.994468 44.82623 0.0130 0.0 18.0
17.16505 44.949154 0.0130 0.0 18.0
17.16505 44.949154 0.0131 0.0 19.0
19.991184 43.506702 0.0131 0.0 19.0
0.0 38.075573 0.0132 15.0 13.0
0.0 41.24854 0.0132 15.0 13.0
0.0 41.24854 0.0133 14.0 14.0
0.0 44.421505 0.0133 14.0 14.0
0.0 44.421505 0.0134 13.0 15.0
0.0 47.59447 0.0134 13.0 15.0
0.0 47.59447 0.0135 12.0 16.0
0.0 50.767437 0.0135 12.0 16.0
0.0 50.767437 0.0136 11.0 17.0
1.5508571 53.53557 0.0136 11.0 17.0
1.5508571 53.53557 0.0137 10.0 18.0
3.1017141 56.3037 0.0137 10.0 18.0
3.1017141 56.3037 0.0138 9.0 19.0
4.652571 59.07183 0.0138 9.0 19.0
4.652571 59.07183 0.0139 8.0 20.0
6.2034283 61.839962 0.0139 8.0 20.0
6.2034283 61.839962 0.0140 7.0 21.0
7.7542853 64.60809 0.0140 7.0 21.0
7.7542853 64.60809 0.0141 6.0 22.0
9.305142 67.37622 0.0141 6.0 22.0
9.305142 67.37622 0.0142 1.0 23.0
12.011113 69.03315 0.0142 1.0 23.0
12.011113 69.03315 0.0143 0.0 24.0
14.717085 70.69008 0.0143 0.0 24.0
14.717085 70.69008 0.0144 0.0 25.0
17.887667 70.813 0.0144 0.0 25.0
9.305142 67.37622 0.0145 1.0 23.0
12.475725 67.499146 0.0145 1.0 23.0
12.475725 67.499146 0.0146 0.0 24.0
15.646308 67.62207 0.0146 0.0 24.0
15.646308 67.62207 0.0147 0.0 25.0
18.472443 66.17962 0.0147 0.0 25.0
9.305142 67.37622 0.0148 5.0 23.0
10.855999 70.14435 0.0148 5.0 23.0
10.855999 70.14435 0.0149 4.0 24.0
12.406857 72.912476 0.0149 4.0 24.0
12.406857 72.912476 0.0150 3.0 25.0
15.112827 74.569405 0.0150 3.0 25.0
15.112827 74.569405 0.0151 2.0 26.0
17.818798 76.22633 0.0151 2.0 26.0
17.818798 76.22633 0.0152 1.0 27.0
20.524769 77.88326 0.0152 1.0 27.0
20.524769 77.88326 0.0153 0.0 28.0
23.23074 79.54019 0.0153 0.0 28.0
23.23074 79.54019 0.0154 0.0 29.0
26.401321 79.66312 0.0154 0.0 29.0
12.406857 72.912476 0.0155 1.0 25.0
15.112827 74.569405 0.0155 1.0 25.0
15.112827 74.569405 0.0156 0.0 26.0
17.818798 76.22633 0.0156 0.0 26.0
17.818798 76.22633 0.0157 0.0 27.0
20.98938 76.34926 0.0157 0.0 27.0
0.0 50.767437 0.0158 7.0 17.0
1.5508571 53.53557 0.0158 7.0 17.0
1.5508571 53.53557 0.0159 6.0 18.0
3.1017141 56.3037 0.0159 6.0 18.0
3.1017141 56.3037 0.0160 1.0 19.0
5.807685 57.960632 0.0160 1.0 19.0
5.807685 57.960632 0.0161 0.0 20.0
8.513657 59.617565 0.0161 0.0 20.0
8.513657 59.617565 0.0162 0.0 21.0
11.684239 59.74049 0.0162 0.0 21.0
3.1017141 56.3037 0.0163 1.0 19.0
6.272297 56.426624 0.0163 1.0 19.0
6.272297 56.426624 0.0164 0.0 20.0
9.44288 56.54955 0.0164 0.0 20.0
9.44288 56.54955 0.0165 0.0 21.0
12.269013 55.107098 0.0165 0.0 21.0
3.1017141 56.3037 0.0166 5.0 19.0
4.652571 59.07183 0.0166 5.0 19.0
4.652571 59.07183 0.0167 4.0 20.0
6.2034283 61.839962 0.0167 4.0 20.0
6.2034283 61.839962 0.0168 3.0 21.0
8.909399 63.496895 0.0168 3.0 21.0
8.909399 63.496895 0.0169 2.0 22.0
11.61537 65.153824 0.0169 2.0 22.0
11.61537 65.153824 0.0170 1.0 23.0
14.321341 66.81075 0.0170 1.0 23.0
14.321341 66.81075 0.0171 0.0 24.0
17.027311 68.46768 0.0171 0.0 24.0
17.027311 68.46768 0.0172 0.0 25.0
20.197893 68.59061 0.0172 0.0 25.0
6.2034283 61.839962 0.0173 1.0 21.0
8.909399 63.496895 0.0173 1.0 21.0
8.909399 63.496895 0.0174 0.0 22.0
11.61537 65.153824 0.0174 0.0 22.0
11.61537 65.153824 0.0175 0.0 23.0
14.785953 65.27675 0.0175 0.0 23.0
0.0 25.383715 0.0176 35.0 9.0
0.0 28.556679 0.0176 35.0 9.0
0.0 28.556679 0.0177 34.0 10.0
0.0 31.729643 0.0177 34.0 10.0
0.0 31.729643 0.0178 33.0 11.0
0.0 34.902607 0.0178 33.0 11.0
0.0 34.902607 0.0179 32.0 12.0
0.0 38.075573 0.0179 32.0 12.0
0.0 38.075573 0.0180 31.0 13.0
0.0 41.24854 0.0180 31.0 13.0
0.0 41.24854 0.0181 30.0 14.0
0.0 44.421505 0.0181 30.0 14.0
0.0 44.421505 0.0182 29.0 15.0
0.0 47.59447 0.0182 29.0 15.0
0.0 47.59447 0.0183 28.0 16.0
0.0 50.767437 0.0183 28.0 16.0
0.0 50.767437 0.0184 27.0 17.0
-1.5508571 53.53557 0.0184 27.0 17.0
-1.5508571 53.53557 0.0185 26.0 18.0
-3.1017141 56.3037 0.0185 26.0 18.0
-3.1017141 56.3037 0.0186 25.0 19.0
-4.652571 59.07183 0.0186 25.0 19.0
-4.652571 59.07183 0.0187 24.0 20.0
-6.2034283 61.839962 0.0187 24.0 20.0
-6.2034283 61.839962 0.0188 23.0 21.0
-7.7542853 64.60809 0.0188 23.0 21.0
-7.7542853 64.60809 0.0189 22.0 22.0
-9.305142 67.37622 0.0189 22.0 22.0
-9.305142 67.37622 0.0190 21.0 23.0
-10.855999 70.14435 0.0190 21.0 23.0
-10.855999 70.14435 0.0191 20.0 24.0
-12.406857 72.912476 0.0191 20.0 24.0
-12.406857 72.912476 0.0192 19.0 25.0
-13.957714 75.6806 0.0192 19.0 25.0
-13.957714 75.6806 0.0193 18.0 26.0
-15.508572 78.44873 0.0193 18.0 26.0
-15.508572 78.44873 0.0194 17.0 27.0
-17.05943 81.21686 0.0194 17.0 27.0
-17.05943 81.21686 0.0195 16.0 28.0
-18.610287 83.984985 0.0195 16.0 28.0
-18.610287 83.984985 0.0196 7.0 29.0
-18.610287 87.15795 0.0196 7.0 29.0
-18.610287 87.15795 0.0197 6.0 30.0
-18.610287 90.33092 0.0197 6.0 30.0
-18.610287 90.33092 0.0198 1.0 31.0
-17.05943 93.099045 0.0198 1.0 31.0
-17.05943 93.099045 0.0199 0.0 32.0
-15.508572 95.86717 0.0199 0.0 32.0
-15.508572 95.86717 0.0200 0.0 33.0
-12.802601 97.5241 0.0200 0.0 33.0
-18.610287 90.33092 0.0201 1.0 31.0
-15.904316 91.98785 0.0201 1.0 31.0
-15.904316 91.98785 0.0202 0.0 32.0
-13.198345 93.644775 0.0202 0.0 32.0
-13.198345 93.644775 0.0203 0.0 33.0
-10.027762 93.7677 0.0203 0.0 33.0
-18.610287 90.33092 0.0204 5.0 31.0
-18.610287 93.50388 0.0204 5.0 31.0
-18.610287 93.50388 0.0205 4.0 32.0
-18.610287 96.67685 0.0205 4.0 32.0
-18.610287 96.67685 0.0206 3.0 33.0
-17.05943 99.44498 0.0206 3.0 33.0
-17.05943 99.44498 0.0207 2.0 34.0
-15.508572 102.213104 0.0207 2.0 34.0
-15.508572 102.213104 0.0208 1.0 35.0
-13.957714 104.98123 0.0208 1.0 35.0
-13.957714 104.98123 0.0209 0.0 36.0
-12.406857 107.74936 0.0209 0.0 36.0
-12.406857 107.74936 0.0210 0.0 37.0
-9.700886 109.40629 0.0210 0.0 37.0
-18.610287 96.67685 0.0211 1.0 33.0
-17.05943 99.44498 0.0211 1.0 33.0
-17.05943 99.44498 0.0212 0.0 34.0
-15.508572 102.213104 0.0212 0.0 34.0
-15.508572 102.213104 0.0213 0.0 35.0
-12.802601 103.87003 0.0213 0.0 35.0
-18.610287 83.984985 0.0214 7.0 29.0
-17.05943 86.75311 0.0214 7.0 29.0
-17.05943 86.75311 0.0215 6.0 30.0
-15.508572 89.52124 0.0215 6.0 30.0
-15.508572 89.52124 0.0216 1.0 31.0
-12.802601 91.17817 0.0216 1.0 31.0
-12.802601 91.17817 0.0217 0.0 32.0
-10.09663 92.8351 0.0217 0.0 32.0
-10.09663 92.8351 0.0218 0.0 33.0
-6.9260473 92.95802 0.0218 0.0 33.0
-15.508572 89.52124 0.0219 1.0 31.0
-12.337989 89.644165 0.0219 1.0 31.0
-12.337989 89.644165 0.0220 0.0 32.0
-9.167406 89.76709 0.0220 0.0 32.0
-9.167406 89.76709 0.0221 0.0 33.0
-6.3412724 88.32464 0.0221 0.0 33.0
-15.508572 89.52124 0.0222 5.0 31.0
-13.957714 92.28937 0.0222 5.0 31.0
-13.957714 92.28937 0.0223 4.0 32.0
-12.406857 95.057495 0.0223 4.0 32.0
-12.406857 95.057495 0.0224 3.0 33.0
-9.700886 96.714424 0.0224 3.0 33.0
-9.700886 96.714424 0.0225 2.0 34.0
-6.994915 98.37135 0.0225 2.0 34.0
-6.994915 98.37135 0.0226 1.0 35.0
-4.2889442 100.02828 0.0226 1.0 35.0
-4.2889442 100.02828 0.0227 0.0 36.0
-1.582973 101.68521 0.0227 0.0 36.0
-1.582973 101.68521 0.0228 0.0 37.0
1.5876095 101.808136 0.0228 0.0 37.0
-12.406857 95.057495 0.0229 1.0 33.0
-9.700886 96.714424 0.0229 1.0 33.0
-9.700886 96.714424 0.0230 0.0 34.0
-6.9949145 98.37135 0.0230 0.0 34.0
-6.9949145 98.37135 0.0231 0.0 35.0
-3.824332 98.49428 0.0231 0.0 35.0
-18.610287 83.984985 0.0232 15.0 29.0
-20.161144 86.75311 0.0232 15.0 29.0
-20.161144 86.75311 0.0233 14.0 30.0
-21.712002 89.52124 0.0233 14.0 30.0
-21.712002 89.52124 0.0234 13.0 31.0
-23.26286 92.28937 0.0234 13.0 31.0
-23.26286 92.28937 0.0235 12.0 32.0
-24.813717 95.057495 0.0235 12.0 32.0
-24.813717 95.057495 0.0236 11.0 33.0
-24.813717 98.23046 0.0236 11.0 33.0
-24.813717 98.23046 0.0237 10.0 34.0
-24.813717 101.40343 0.0237 10.0 34.0
-24.813717 101.40343 0.0238 9.0 35.0
-24.813717 104.57639 0.0238 9.0 35.0
-24.813717 104.57639 0.0239 8.0 36.0
-24.813717 107.74936 0.0239 8.0 36.0
-24.813717 107.74936 0.0240 7.0 37.0
-24.813717 110.922325 0.0240 7.0 37.0
-24.813717 110.922325 0.0241 6.0 38.0
-24.813717 114.09529 0.0241 6.0 38.0
-24.813717 114.09529 0.0242 1.0 39.0
-23.26286 116.86342 0.0242 1.0 39.0
-23.26286 116.86342 0.0243 0.0 40.0
-21.712002 119.631546 0.0243 0.0 40.0
-21.712002 119.631546 0.0244 0.0 41.0
-19.006031 121.288475 0.0244 0.0 41.0
-24.813717 114.09529 0.0245 1.0 39.0
-22.107746 115.75222 0.0245 1.0 39.0
-22.107746 115.75222 0.0246 0.0 40.0
-19.401775 117.40915 0.0246 0.0 40.0
-19.401775 117.40915 0.0247 0.0 41.0
-16.231194 117.532074 0.0247 0.0 41.0
-24.813717 114.09529 0.0248 5.0 39.0
-24.813717 117.26826 0.0248 5.0 39.0
-24.813717 117.26826 0.0249 4.0 40.0
-24.813717 120.44122 0.0249 4.0 40.0
-24.813717 120.44122 0.0250 3.0 41.0
-23.26286 123.20935 0.0250 3.0 41.0
-23.26286 123.20935 0.0251 2.0 42.0
-21.712002 125.97748 0.0251 2.0 42.0
-21.712002 125.97748 0.0252 1.0 43.0
-20.161144 128.7456 0.0252 1.0 43.0
-20.161144 128.7456 0.0253 0.0 44.0
-18.610287 131.51373 0.0253 0.0 44.0
-18.610287 131.51373 0.0254 0.0 45.0
-15.904316 133.17067 0.0254 0.0 45.0
-24.813717 120.44122 0.0255 1.0 41.0
-23.26286 123.20935 0.0255 1.0 41.0
-23.26286 123.20935 0.0256 0.0 42.0
-21.712002 125.97748 0.0256 0.0 42.0
-21.712002 125.97748 0.0257 0.0 43.0
-19.006031 127.63441 0.0257 0.0 43.0
-24.813717 95.057495 0.0258 7.0 33.0
-24.813717 98.23046 0.0258 7.0 33.0
-24.813717 98.23046 0.0259 6.0 34.0
-24.813717 101.40343 0.0259 6.0 34.0
-24.813717 101.40343 0.0260 1.0 35.0
-23.26286 104.171555 0.0260 1.0 35.0
-23.26286 104.171555 0.0261 0.0 36.0
-21.712002 106.93968 0.0261 0.0 36.0
-21.712002 106.93968 0.0262 0.0 37.0
-19.006031 108.59661 0.0262 0.0 37.0
-24.813717 101.40343 0.0263 1.0 35.0
-22.107746 103.060356 0.0263 1.0 35.0
-22.107746 103.060356 0.0264 0.0 36.0
-19.401775 104.717285 0.0264 0.0 36.0
-19.401775 104.717285 0.0265 0.0 37.0
-16.231194 104.84021 0.0265 0.0 37.0
-24.813717 101.40343 0.0266 5.0 35.0
-24.813717 104.57639 0.0266 5.0 35.0
-24.813717 104.57639 0.0267 4.0 36.0
-24.813717 107.74936 0.0267 4.0 36.0
-24.813717 107.74936 0.0268 3.0 37.0
-23.26286 110.51749 0.0268 3.0 37.0
-23.26286 110.51749 0.0269 2.0 38.0
-21.712002 113.285614 0.0269 2.0 38.0
-21.712002 113.285614 0.0270 1.0 39.0
-20.161144 116.05374 0.0270 1.0 39.0
-20.161144 116.05374 0.0271 0.0 40.0
-18.610287 118.82187 0.0271 0.0 40.0
-18.610287 118.82187 0.0272 0.0 41.0
-15.904316 120.4788 0.0272 0.0 41.0
-24.813717 107.74936 0.0273 1.0 37.0
-23.26286 110.51749 0.0273 1.0 37.0
-23.26286 110.51749 0.0274 0.0 38.0
-21.712002 113.285614 0.0274 0.0 38.0
-21.712002 113.285614 0.0275 0.0 39.0
-19.006031 114.94254 0.0275 0.0 39.0
0.0 50.767437 0.0276 19.0 17.0
1.5508571 53.53557 0.0276 19.0 17.0
1.5508571 53.53557 0.0277 18.0 18.0
3.1017141 56.3037 0.0277 18.0 18.0
3.1017141 56.3037 0.0278 17.0 19.0
4.652571 59.07183 0.0278 17.0 19.0
4.652571 59.07183 0.0279 16.0 20.0
6.2034283 61.839962 0.0279 16.0 20.0
6.2034283 61.839962 0.0280 7.0 21.0
8.909399 63.496895 0.0280 7.0 21.0
8.909399 63.496895 0.0281 6.0 22.0
11.61537 65.153824 0.0281 6.0 22.0
11.61537 65.153824 0.0282 1.0 23.0
14.785953 65.27675 0.0282 1.0 23.0
14.785953 65.27675 0.0283 0.0 24.0
17.956535 65.39967 0.0283 0.0 24.0
17.956535 65.39967 0.0284 0.0 25.0
20.78267 63.957222 0.0284 0.0 25.0
11.61537 65.153824 0.0285 1.0 23.0
14.441504 63.711372 0.0285 1.0 23.0
14.441504 63.711372 0.0286 0.0 24.0
17.267637 62.26892 0.0286 0.0 24.0
17.267637 62.26892 0.0287 0.0 25.0
19.028158 59.629173 0.0287 0.0 25.0
11.61537 65.153824 0.0288 5.0 23.0
14.321341 66.81075 0.0288 5.0 23.0
14.321341 66.81075 0.0289 4.0 24.0
17.027311 68.46768 0.0289 4.0 24.0
17.027311 68.46768 0.0290 3.0 25.0
20.197893 68.59061 0.0290 3.0 25.0
20.197893 68.59061 0.0291 2.0 26.0
23.368475 68.71353 0.0291 2.0 26.0
23.368475 68.71353 0.0292 1.0 27.0
26.539057 68.83646 0.0292 1.0 27.0
26.539057 68.83646 0.0293 0.0 28.0
29.709639 68.95938 0.0293 0.0 28.0
29.709639 68.95938 0.0294 0.0 29.0
32.535774 67.51693 0.0294 0.0 29.0
17.027311 68.46768 0.0295 1.0 25.0
20.197893 68.59061 0.0295 1.0 25.0
20.197893 68.59061 0.0296 0.0 26.0
23.368475 68.71353 0.0296 0.0 26.0
23.368475 68.71353 0.0297 0.0 27.0
26.194609 67.27108 0.0297 0.0 27.0
6.2034283 61.839962 0.0298 7.0 21.0
9.374011 61.962887 0.0298 7.0 21.0
9.374011 61.962887 0.0299 6.0 22.0
12.544594 62.08581 0.0299 6.0 22.0
12.544594 62.08581 0.0300 1.0 23.0
15.370728 60.64336 0.0300 1.0 23.0
15.370728 60.64336 0.0301 0.0 24.0
18.196861 59.20091 0.0301 0.0 24.0
18.196861 59.20091 0.0302 0.0 25.0
19.957382 56.56116 0.0302 0.0 25.0
12.544594 62.08581 0.0303 1.0 23.0
14.305115 59.446064 0.0303 1.0 23.0
14.305115 59.446064 0.0304 0.0 24.0
16.065636 56.806316 0.0304 0.0 24.0
16.065636 56.806316 0.0305 0.0 25.0
16.311298 53.642876 0.0305 0.0 25.0
12.544594 62.08581 0.0306 5.0 23.0
15.715177 62.208736 0.0306 5.0 23.0
15.715177 62.208736 0.0307 4.0 24.0
18.88576 62.33166 0.0307 4.0 24.0
18.88576 62.33166 0.0308 3.0 25.0
21.711893 60.88921 0.0308 3.0 25.0
21.711893 60.88921 0.0309 2.0 26.0
24.538027 59.44676 0.0309 2.0 26.0
24.538027 59.44676 0.0310 1.0 27.0
27.36416 58.004307 0.0310 1.0 27.0
27.36416 58.004307 0.0311 0.0 28.0
30.190294 56.561855 0.0311 0.0 28.0
30.190294 56.561855 0.0312 0.0 29.0
31.950815 53.922108 0.0312 0.0 29.0
18.88576 62.33166 0.0313 1.0 25.0
21.711893 60.88921 0.0313 1.0 25.0
21.711893 60.88921 0.0314 0.0 26.0
24.538027 59.44676 0.0314 0.0 26.0
24.538027 59.44676 0.0315 0.0 27.0
26.298548 56.80701 0.0315 0.0 27.0
6.2034283 61.839962 0.0316 15.0 21.0
7.7542853 64.60809 0.0316 15.0 21.0
7.7542853 64.60809 0.0317 14.0 22.0
9.305142 67.37622 0.0317 14.0 22.0
9.305142 67.37622 0.0318 13.0 23.0
10.855999 70.14435 0.0318 13.0 23.0
10.855999 70.14435 0.0319 12.0 24.0
12.406857 72.912476 0.0319 12.0 24.0
12.406857 72.912476 0.0320 11.0 25.0
15.112827 74.569405 0.0320 11.0 25.0
15.112827 74.569405 0.0321 10.0 26.0
17.818798 76.22633 0.0321 10.0 26.0
17.818798 76.22633 0.0322 9.0 27.0
20.524769 77.88326 0.0322 9.0 27.0
20.524769 77.88326 0.0323 8.0 28.0
23.23074 79.54019 0.0323 8.0 28.0
23.23074 79.54019 0.0324 7.0 29.0
25.93671 81.19712 0.0324 7.0 29.0
25.93671 81.19712 0.0325 6.0 30.0
28.642681 82.85405 0.0325 6.0 30.0
28.642681 82.85405 0.0326 1.0 31.0
31.813263 82.976974 0.0326 1.0 31.0
31.813263 82.976974 0.0327 0.0 32.0
34.983845 83.0999 0.0327 0.0 32.0
34.983845 83.0999 0.0328 0.0 33.0
37.80998 81.65745 0.0328 0.0 33.0
28.642681 82.85405 0.0329 1.0 31.0
31.468815 81.4116 0.0329 1.0 31.0
31.468815 81.4116 0.0330 0.0 32.0
34.29495 79.96915 0.0330 0.0 32.0
34.29495 79.96915 0.0331 0.0 33.0
36.05547 77.3294 0.0331 0.0 33.0
28.642681 82.85405 0.0332 5.0 31.0
31.348652 84.51098 0.0332 5.0 31.0
31.348652 84.51098 0.0333 4.0 32.0
34.054623 86.16791 0.0333 4.0 32.0
34.054623 86.16791 0.0334 3.0 33.0
37.225204 86.29083 0.0334 3.0 33.0
37.225204 86.29083 0.0335 2.0 34.0
40.395786 86.41376 0.0335 2.0 34.0
40.395786 86.41376 0.0336 1.0 35.0
43.56637 86.53668 0.0336 1.0 35.0
43.56637 86.53668 0.0337 0.0 36.0
46.73695 86.65961 0.0337 0.0 36.0
46.73695 86.65961 0.0338 0.0 37.0
49.563084 85.217155 0.0338 0.0 37.0
34.054623 86.16791 0.0339 1.0 33.0
37.225204 86.29083 0.0339 1.0 33.0
37.225204 86.29083 0.0340 0.0 34.0
40.395786 86.41376 0.0340 0.0 34.0
40.395786 86.41376 0.0341 0.0 35.0
43.22192 84.971306 0.0341 0.0 35.0
12.406857 72.912476 0.0342 7.0 25.0
15.112827 74.569405 0.0342 7.0 25.0
15.112827 74.569405 0.0343 6.0 26.0
17.818798 76.22633 0.0343 6.0 26.0
17.818798 76.22633 0.0344 1.0 27.0
20.98938 76.34926 0.0344 1.0 27.0
20.98938 76.34926 0.0345 0.0 28.0
24.159962 76.47218 0.0345 0.0 28.0
24.159962 76.47218 0.0346 0.0 29.0
26.986095 75.02973 0.0346 0.0 29.0
17.818798 76.22633 0.0347 1.0 27.0
20.644932 74.78388 0.0347 1.0 27.0
20.644932 74.78388 0.0348 0.0 28.0
23.471066 73.34143 0.0348 0.0 28.0
23.471066 73.34143 0.0349 0.0 29.0
25.231586 70.70168 0.0349 0.0 29.0
17.818798 76.22633 0.0350 5.0 27.0
20.524769 77.88326 0.0350 5.0 27.0
20.524769 77.88326 0.0351 4.0 28.0
23.23074 79.54019 0.0351 4.0 28.0
23.23074 79.54019 0.0352 3.0 29.0
26.401321 79.66312 0.0352 3.0 29.0
26.401321 79.66312 0.0353 2.0 30.0
29.571903 79.78604 0.0353 2.0 30.0
29.571903 79.78604 0.0354 1.0 31.0
32.742485 79.908966 0.0354 1.0 31.0
32.742485 79.908966 0.0355 0.0 32.0
35.913067 80.03189 0.0355 0.0 32.0
35.913067 80.03189 0.0356 0.0 33.0
38.7392 78.58944 0.0356 0.0 33.0
23.23074 79.54019 0.0357 1.0 29.0
26.401321 79.66312 0.0357 1.0 29.0
26.401321 79.66312 0.0358 0.0 30.0
29.571903 79.78604 0.0358 0.0 30.0
29.571903 79.78604 0.0359 0.0 31.0
32.398037 78.34359 0.0359 0.0 31.0
