0.0 0.0 0.00 60.0 1.0
0.0 0.44211382 0.00 60.0 1.0
0.0 0.44211382 0.01 59.0 2.0
0.0 0.88422763 0.01 59.0 2.0
0.0 0.88422763 0.02 58.0 3.0
0.0 1.3263414 0.02 58.0 3.0
0.0 1.3263414 0.03 57.0 4.0
0.0 1.7684553 0.03 57.0 4.0
0.0 1.7684553 0.04 56.0 5.0
0.0 2.2105691 0.04 56.0 5.0
0.0 2.2105691 0.05 55.0 6.0
0.0 2.652683 0.05 55.0 6.0
0.0 2.652683 0.06 54.0 7.0
0.0 3.094797 0.06 54.0 7.0
0.0 3.094797 0.07 53.0 8.0
0.0 3.5369108 0.07 53.0 8.0
0.0 3.5369108 0.08 52.0 9.0
0.0 3.9790246 0.08 52.0 9.0
0.0 3.9790246 0.09 51.0 10.0
0.0 4.4211383 0.09 51.0 10.0
0.0 4.4211383 0.010 50.0 11.0
0.0 4.863252 0.010 50.0 11.0
0.0 4.863252 0.011 49.0 12.0
0.0 5.305366 0.011 49.0 12.0
0.0 5.305366 0.012 48.0 13.0
0.0 5.74748 0.012 48.0 13.0
0.0 5.74748 0.013 47.0 14.0
0.0 6.189594 0.013 47.0 14.0
0.0 6.189594 0.014 46.0 15.0
0.0 6.6317077 0.014 46.0 15.0
0.0 6.6317077 0.015 45.0 16.0
0.0 7.0738215 0.015 45.0 16.0
0.0 7.0738215 0.016 28.0 17.0
-0.21142264 7.462106 0.016 28.0 17.0
-0.21142264 7.462106 0.017 27.0 18.0
-0.42284527 7.850391 0.017 27.0 18.0
-0.42284527 7.850391 0.018 26.0 19.0
-0.6342679 8.238676 0.018 26.0 19.0
-0.6342679 8.238676 0.019 25.0 20.0
-0.84569055 8.626961 0.019 25.0 20.0
-0.84569055 8.626961 0.020 24.0 21.0
-1.0571132 9.015245 0.020 24.0 21.0
-1.0571132 9.015245 0.021 23.0 22.0
-1.2685359 9.40353 0.021 23.0 22.0
-1.2685359 9.40353 0.022 22.0 23.0
-1.4799585 9.791815 0.022 22.0 23.0
-1.4799585 9.791815 0.023 21.0 24.0
-1.6913812 10.1800995 0.023 21.0 24.0
-1.6913812 10.1800995 0.024 12.0 25.0
-2.0627434 10.420005 0.024 12.0 25.0
-2.0627434 10.420005 0.025 11.0 26.0
-2.4341056 10.65991 0.025 11.0 26.0
-2.4341056 10.65991 0.026 10.0 27.0
-2.8054678 10.899816 0.026 10.0 27.0
-2.8054678 10.899816 0.027 9.0 28.0
-3.17683 11.139721 0.027 9.0 28.0
-3.17683 11.139721 0.028 4.0 29.0
-3.6177025 11.172829 0.028 4.0 29.0
-3.6177025 11.172829 0.029 3.0 30.0
-4.058575 11.205936 0.029 3.0 30.0
-4.058575 11.205936 0.030 0.0 31.0
-4.461602 11.024184 0.030 0.0 31.0
-4.461602 11.024184 0.031 0.0 32.0
-4.8646293 10.842432 0.031 0.0 32.0
-4.058575 11.205936 0.032 0.0 31.0
-4.4299374 11.445842 0.032 0.0 31.0
-4.4299374 11.445842 0.033 0.0 32.0
-4.8012996 11.685747 0.033 0.0 32.0
-4.058575 11.205936 0.034 2.0 31.0
-4.499448 11.239044 0.034 2.0 31.0
-4.499448 11.239044 0.035 1.0 32.0
-4.9403205 11.272152 0.035 1.0 32.0
-4.9403205 11.272152 0.036 0.0 33.0
-5.381193 11.30526 0.036 0.0 33.0
-5.381193 11.30526 0.037 0.0 34.0
-5.822066 11.338367 0.037 0.0 34.0
-3.17683 11.139721 0.038 4.0 29.0
-3.3882527 11.528006 0.038 4.0 29.0
-3.3882527 11.528006 0.039 3.0 30.0
-3.5996754 11.91629 0.039 3.0 30.0
-3.5996754 11.91629 0.040 0.0 31.0
-3.9710376 12.156196 0.040 0.0 31.0
-3.9710376 12.156196 0.041 0.0 32.0
-4.3424 12.396101 0.041 0.0 32.0
-3.5996754 11.91629 0.042 0.0 31.0
-3.5996754 12.358404 0.042 0.0 31.0
-3.5996754 12.358404 0.043 0.0 32.0
-3.5996754 12.800518 0.043 0.0 32.0
-3.5996754 11.91629 0.044 2.0 31.0
-3.811098 12.304575 0.044 2.0 31.0
-3.811098 12.304575 0.045 1.0 32.0
-4.0225205 12.69286 0.045 1.0 32.0
-4.0225205 12.69286 0.046 0.0 33.0
-4.233943 13.081144 0.046 0.0 33.0
-4.233943 13.081144 0.047 0.0 34.0
-4.4453654 13.469429 0.047 0.0 34.0
-3.17683 11.139721 0.048 8.0 29.0
-3.5481923 11.379626 0.048 8.0 29.0
-3.5481923 11.379626 0.049 7.0 30.0
-3.9195545 11.619532 0.049 7.0 30.0
-3.9195545 11.619532 0.050 6.0 31.0
-4.290917 11.859437 0.050 6.0 31.0
-4.290917 11.859437 0.051 5.0 32.0
-4.662279 12.099342 0.051 5.0 32.0
-4.662279 12.099342 0.052 4.0 33.0
-5.0336413 12.339248 0.052 4.0 33.0
-5.0336413 12.339248 0.053 3.0 34.0
-5.4050035 12.579153 0.053 3.0 34.0
-5.4050035 12.579153 0.054 0.0 35.0
-5.845876 12.612261 0.054 0.0 35.0
-5.845876 12.612261 0.055 0.0 36.0
-6.286749 12.645369 0.055 0.0 36.0
-5.4050035 12.579153 0.056 0.0 35.0
-5.616426 12.967438 0.056 0.0 35.0
-5.616426 12.967438 0.057 0.0 36.0
-5.8278484 13.355722 0.057 0.0 36.0
-5.4050035 12.579153 0.058 2.0 35.0
-5.7763658 12.819058 0.058 2.0 35.0
-5.7763658 12.819058 0.059 1.0 36.0
-6.147728 13.058964 0.059 1.0 36.0
-6.147728 13.058964 0.060 0.0 37.0
-6.51909 13.298869 0.060 0.0 37.0
-6.51909 13.298869 0.061 0.0 38.0
-6.8904524 13.5387745 0.061 0.0 38.0
-1.6913812 10.1800995 0.062 12.0 25.0
-1.6913812 10.622213 0.062 12.0 25.0
-1.6913812 10.622213 0.063 11.0 26.0
-1.6913812 11.064327 0.063 11.0 26.0
-1.6913812 11.064327 0.064 10.0 27.0
-1.6913812 11.506441 0.064 10.0 27.0
-1.6913812 11.506441 0.065 9.0 28.0
-1.6913812 11.948555 0.065 9.0 28.0
-1.6913812 11.948555 0.066 4.0 29.0
-1.9028039 12.33684 0.066 4.0 29.0
-1.9028039 12.33684 0.067 3.0 30.0
-2.1142266 12.725124 0.067 3.0 30.0
-2.1142266 12.725124 0.068 0.0 31.0
-2.4855888 12.96503 0.068 0.0 31.0
-2.4855888 12.96503 0.069 0.0 32.0
-2.856951 13.204935 0.069 0.0 32.0
-2.1142266 12.725124 0.070 0.0 31.0
-2.1142266 13.167238 0.070 0.0 31.0
-2.1142266 13.167238 0.071 0.0 32.0
-2.1142266 13.609352 0.071 0.0 32.0
-2.1142266 12.725124 0.072 2.0 31.0
-2.3256493 13.113409 0.072 2.0 31.0
-2.3256493 13.113409 0.073 1.0 32.0
-2.537072 13.501694 0.073 1.0 32.0
-2.537072 13.501694 0.074 0.0 33.0
-2.7484946 13.889978 0.074 0.0 33.0
-2.7484946 13.889978 0.075 0.0 34.0
-2.9599173 14.278263 0.075 0.0 34.0
-1.6913812 11.948555 0.076 4.0 29.0
-1.4799585 12.33684 0.076 4.0 29.0
-1.4799585 12.33684 0.077 3.0 30.0
-1.2685359 12.725124 0.077 3.0 30.0
-1.2685359 12.725124 0.078 0.0 31.0
-1.2685359 13.167238 0.078 0.0 31.0
-1.2685359 13.167238 0.079 0.0 32.0
-1.2685359 13.609352 0.079 0.0 32.0
-1.2685359 12.725124 0.080 0.0 31.0
-0.8971735 12.96503 0.080 0.0 31.0
-0.8971735 12.96503 0.081 0.0 32.0
-0.5258112 13.204935 0.081 0.0 32.0
-1.2685359 12.725124 0.082 2.0 31.0
-1.0571132 13.113409 0.082 2.0 31.0
-1.0571132 13.113409 0.083 1.0 32.0
-0.84569055 13.501694 0.083 1.0 32.0
-0.84569055 13.501694 0.084 0.0 33.0
-0.6342679 13.889978 0.084 0.0 33.0
-0.6342679 13.889978 0.085 0.0 34.0
-0.4228453 14.278263 0.085 0.0 34.0
-1.6913812 11.948555 0.086 8.0 29.0
-1.6913812 12.390669 0.086 8.0 29.0
-1.6913812 12.390669 0.087 7.0 30.0
-1.6913812 12.832783 0.087 7.0 30.0
-1.6913812 12.832783 0.088 6.0 31.0
-1.6913812 13.274897 0.088 6.0 31.0
-1.6913812 13.274897 0.089 5.0 32.0
-1.6913812 13.7170105 0.089 5.0 32.0
-1.6913812 13.7170105 0.090 4.0 33.0
-1.6913812 14.159124 0.090 4.0 33.0
-1.6913812 14.159124 0.091 3.0 34.0
-1.6913812 14.601238 0.091 3.0 34.0
-1.6913812 14.601238 0.092 0.0 35.0
-1.9028039 14.989523 0.092 0.0 35.0
-1.9028039 14.989523 0.093 0.0 36.0
-2.1142266 15.377808 0.093 0.0 36.0
-1.6913812 14.601238 0.094 0.0 35.0
-1.4799585 14.989523 0.094 0.0 35.0
-1.4799585 14.989523 0.095 0.0 36.0
-1.2685359 15.377808 0.095 0.0 36.0
-1.6913812 14.601238 0.096 2.0 35.0
-1.6913812 15.043352 0.096 2.0 35.0
-1.6913812 15.043352 0.097 1.0 36.0
-1.6913812 15.485466 0.097 1.0 36.0
-1.6913812 15.485466 0.098 0.0 37.0
-1.6913812 15.92758 0.098 0.0 37.0
-1.6913812 15.92758 0.099 0.0 38.0
-1.6913812 16.369694 0.099 0.0 38.0
-1.6913812 10.1800995 0.0100 20.0 25.0
-1.9028039 10.568384 0.0100 20.0 25.0
-1.9028039 10.568384 0.0101 19.0 26.0
-2.1142266 10.956669 0.0101 19.0 26.0
-2.1142266 10.956669 0.0102 18.0 27.0
-2.3256493 11.344954 0.0102 18.0 27.0
-2.3256493 11.344954 0.0103 17.0 28.0
-2.537072 11.733238 0.0103 17.0 28.0
-2.537072 11.733238 0.0104 16.0 29.0
-2.7484946 12.121523 0.0104 16.0 29.0
-2.7484946 12.121523 0.0105 15.0 30.0
-2.9599173 12.509808 0.0105 15.0 30.0
-2.9599173 12.509808 0.0106 14.0 31.0
-3.17134 12.898092 0.0106 14.0 31.0
-3.17134 12.898092 0.0107 13.0 32.0
-3.3827627 13.286377 0.0107 13.0 32.0
-3.3827627 13.286377 0.0108 12.0 33.0
-3.5941854 13.674662 0.0108 12.0 33.0
-3.5941854 13.674662 0.0109 11.0 34.0
-3.805608 14.062946 0.0109 11.0 34.0
-3.805608 14.062946 0.0110 10.0 35.0
-4.0170307 14.451231 0.0110 10.0 35.0
-4.0170307 14.451231 0.0111 9.0 36.0
-4.228453 14.839516 0.0111 9.0 36.0
-4.228453 14.839516 0.0112 4.0 37.0
-4.5998154 15.079421 0.0112 4.0 37.0
-4.5998154 15.079421 0.0113 3.0 38.0
-4.9711776 15.319326 0.0113 3.0 38.0
-4.9711776 15.319326 0.0114 0.0 39.0
-5.4120502 15.352434 0.0114 0.0 39.0
-5.4120502 15.352434 0.0115 0.0 40.0
-5.852923 15.385542 0.0115 0.0 40.0
-4.9711776 15.319326 0.0116 0.0 39.0
-5.1826 15.707611 0.0116 0.0 39.0
-5.1826 15.707611 0.0117 0.0 40.0
-5.3940225 16.095896 0.0117 0.0 40.0
-4.9711776 15.319326 0.0118 2.0 39.0
-5.34254 15.559232 0.0118 2.0 39.0
-5.34254 15.559232 0.0119 1.0 40.0
-5.713902 15.799137 0.0119 1.0 40.0
-5.713902 15.799137 0.0120 0.0 41.0
-6.085264 16.039043 0.0120 0.0 41.0
-6.085264 16.039043 0.0121 0.0 42.0
-6.4566264 16.27895 0.0121 0.0 42.0
-4.228453 14.839516 0.0122 4.0 37.0
-4.228453 15.28163 0.0122 4.0 37.0
-4.228453 15.28163 0.0123 3.0 38.0
-4.228453 15.723743 0.0123 3.0 38.0
-4.228453 15.723743 0.0124 0.0 39.0
-4.4398756 16.112028 0.0124 0.0 39.0
-4.4398756 16.112028 0.0125 0.0 40.0
-4.651298 16.500313 0.0125 0.0 40.0
-4.228453 15.723743 0.0126 0.0 39.0
-4.0170307 16.112028 0.0126 0.0 39.0
-4.0170307 16.112028 0.0127 0.0 40.0
-3.805608 16.500313 0.0127 0.0 40.0
-4.228453 15.723743 0.0128 2.0 39.0
-4.228453 16.165857 0.0128 2.0 39.0
-4.228453 16.165857 0.0129 1.0 40.0
-4.228453 16.607971 0.0129 1.0 40.0
-4.228453 16.607971 0.0130 0.0 41.0
-4.228453 17.050085 0.0130 0.0 41.0
-4.228453 17.050085 0.0131 0.0 42.0
-4.228453 17.492199 0.0131 0.0 42.0
-4.228453 14.839516 0.0132 8.0 37.0
-4.4398756 15.2278 0.0132 8.0 37.0
-4.4398756 15.2278 0.0133 7.0 38.0
-4.651298 15.616085 0.0133 7.0 38.0
-4.651298 15.616085 0.0134 6.0 39.0
-4.8627205 16.00437 0.0134 6.0 39.0
-4.8627205 16.00437 0.0135 5.0 40.0
-5.074143 16.392654 0.0135 5.0 40.0
-5.074143 16.392654 0.0136 4.0 41.0
-5.2855654 16.78094 0.0136 4.0 41.0
-5.2855654 16.78094 0.0137 3.0 42.0
-5.496988 17.169224 0.0137 3.0 42.0
-5.496988 17.169224 0.0138 0.0 43.0
-5.86835 17.40913 0.0138 0.0 43.0
-5.86835 17.40913 0.0139 0.0 44.0
-6.239712 17.649036 0.0139 0.0 44.0
-5.496988 17.169224 0.0140 0.0 43.0
-5.496988 17.611338 0.0140 0.0 43.0
-5.496988 17.611338 0.0141 0.0 44.0
-5.496988 18.053452 0.0141 0.0 44.0
-5.496988 17.169224 0.0142 2.0 43.0
-5.7084103 17.557508 0.0142 2.0 43.0
-5.7084103 17.557508 0.0143 1.0 44.0
-5.9198327 17.945793 0.0143 1.0 44.0
-5.9198327 17.945793 0.0144 0.0 45.0
-6.131255 18.334078 0.0144 0.0 45.0
-6.131255 18.334078 0.0145 0.0 46.0
-6.3426776 18.722363 0.0145 0.0 46.0
0.0 7.0738215 0.0146 28.0 17.0
0.21142264 7.462106 0.0146 28.0 17.0
0.21142264 7.462106 0.0147 27.0 18.0
0.42284527 7.850391 0.0147 27.0 18.0
0.42284527 7.850391 0.0148 26.0 19.0
0.6342679 8.238676 0.0148 26.0 19.0
0.6342679 8.238676 0.0149 25.0 20.0
0.84569055 8.626961 0.0149 25.0 20.0
0.84569055 8.626961 0.0150 24.0 21.0
1.0571132 9.015245 0.0150 24.0 21.0
1.0571132 9.015245 0.0151 23.0 22.0
1.2685359 9.40353 0.0151 23.0 22.0
1.2685359 9.40353 0.0152 22.0 23.0
1.4799585 9.791815 0.0152 22.0 23.0
1.4799585 9.791815 0.0153 21.0 24.0
1.6913812 10.1800995 0.0153 21.0 24.0
1.6913812 10.1800995 0.0154 12.0 25.0
1.6913812 10.622213 0.0154 12.0 25.0
1.6913812 10.622213 0.0155 11.0 26.0
1.6913812 11.064327 0.0155 11.0 26.0
1.6913812 11.064327 0.0156 10.0 27.0
1.6913812 11.506441 0.0156 10.0 27.0
1.6913812 11.506441 0.0157 9.0 28.0
1.6913812 11.948555 0.0157 9.0 28.0
1.6913812 11.948555 0.0158 4.0 29.0
1.4799585 12.33684 0.0158 4.0 29.0
1.4799585 12.33684 0.0159 3.0 30.0
1.2685359 12.725124 0.0159 3.0 30.0
1.2685359 12.725124 0.0160 0.0 31.0
0.8971735 12.96503 0.0160 0.0 31.0
0.8971735 12.96503 0.0161 0.0 32.0
0.5258112 13.204935 0.0161 0.0 32.0
1.2685359 12.725124 0.0162 0.0 31.0
1.2685359 13.167238 0.0162 0.0 31.0
1.2685359 13.167238 0.0163 0.0 32.0
1.2685359 13.609352 0.0163 0.0 32.0
1.2685359 12.725124 0.0164 2.0 31.0
1.0571132 13.113409 0.0164 2.0 31.0
1.0571132 13.113409 0.0165 1.0 32.0
0.84569055 13.501694 0.0165 1.0 32.0
0.84569055 13.501694 0.0166 0.0 33.0
0.6342679 13.889978 0.0166 0.0 33.0
0.6342679 13.889978 0.0167 0.0 34.0
0.4228453 14.278263 0.0167 0.0 34.0
1.6913812 11.948555 0.0168 4.0 29.0
1.9028039 12.33684 0.0168 4.0 29.0
1.9028039 12.33684 0.0169 3.0 30.0
2.1142266 12.725124 0.0169 3.0 30.0
2.1142266 12.725124 0.0170 0.0 31.0
2.1142266 13.167238 0.0170 0.0 31.0
2.1142266 13.167238 0.0171 0.0 32.0
2.1142266 13.609352 0.0171 0.0 32.0
2.1142266 12.725124 0.0172 0.0 31.0
2.4855888 12.96503 0.0172 0.0 31.0
2.4855888 12.96503 0.0173 0.0 32.0
2.856951 13.204935 0.0173 0.0 32.0
2.1142266 12.725124 0.0174 2.0 31.0
2.3256493 13.113409 0.0174 2.0 31.0
2.3256493 13.113409 0.0175 1.0 32.0
2.537072 13.501694 0.0175 1.0 32.0
2.537072 13.501694 0.0176 0.0 33.0
2.7484946 13.889978 0.0176 0.0 33.0
2.7484946 13.889978 0.0177 0.0 34.0
2.9599173 14.278263 0.0177 0.0 34.0
1.6913812 11.948555 0.0178 8.0 29.0
1.6913812 12.390669 0.0178 8.0 29.0
1.6913812 12.390669 0.0179 7.0 30.0
1.6913812 12.832783 0.0179 7.0 30.0
1.6913812 12.832783 0.0180 6.0 31.0
1.6913812 13.274897 0.0180 6.0 31.0
1.6913812 13.274897 0.0181 5.0 32.0
1.6913812 13.7170105 0.0181 5.0 32.0
1.6913812 13.7170105 0.0182 4.0 33.0
1.6913812 14.159124 0.0182 4.0 33.0
1.6913812 14.159124 0.0183 3.0 34.0
1.6913812 14.601238 0.0183 3.0 34.0
1.6913812 14.601238 0.0184 0.0 35.0
1.4799585 14.989523 0.0184 0.0 35.0
1.4799585 14.989523 0.0185 0.0 36.0
1.2685359 15.377808 0.0185 0.0 36.0
1.6913812 14.601238 0.0186 0.0 35.0
1.9028039 14.989523 0.0186 0.0 35.0
1.9028039 14.989523 0.0187 0.0 36.0
2.1142266 15.377808 0.0187 0.0 36.0
1.6913812 14.601238 0.0188 2.0 35.0
1.6913812 15.043352 0.0188 2.0 35.0
1.6913812 15.043352 0.0189 1.0 36.0
1.6913812 15.485466 0.0189 1.0 36.0
1.6913812 15.485466 0.0190 0.0 37.0
1.6913812 15.92758 0.0190 0.0 37.0
1.6913812 15.92758 0.0191 0.0 38.0
1.6913812 16.369694 0.0191 0.0 38.0
1.6913812 10.1800995 0.0192 12.0 25.0
2.0627434 10.420005 0.0192 12.0 25.0
2.0627434 10.420005 0.0193 11.0 26.0
2.4341056 10.65991 0.0193 11.0 26.0
2.4341056 10.65991 0.0194 10.0 27.0
2.8054678 10.899816 0.0194 10.0 27.0
2.8054678 10.899816 0.0195 9.0 28.0
3.17683 11.139721 0.0195 9.0 28.0
3.17683 11.139721 0.0196 4.0 29.0
3.3882527 11.528006 0.0196 4.0 29.0
3.3882527 11.528006 0.0197 3.0 30.0
3.5996754 11.91629 0.0197 3.0 30.0
3.5996754 11.91629 0.0198 0.0 31.0
3.5996754 12.358404 0.0198 0.0 31.0
3.5996754 12.358404 0.0199 0.0 32.0
3.5996754 12.800518 0.0199 0.0 32.0
3.5996754 11.91629 0.0200 0.0 31.0
3.9710376 12.156196 0.0200 0.0 31.0
3.9710376 12.156196 0.0201 0.0 32.0
4.3424 12.396101 0.0201 0.0 32.0
3.5996754 11.91629 0.0202 2.0 31.0
3.811098 12.304575 0.0202 2.0 31.0
3.811098 12.304575 0.0203 1.0 32.0
4.0225205 12.69286 0.0203 1.0 32.0
4.0225205 12.69286 0.0204 0.0 33.0
4.233943 13.081144 0.0204 0.0 33.0
4.233943 13.081144 0.0205 0.0 34.0
4.4453654 13.469429 0.0205 0.0 34.0
3.17683 11.139721 0.0206 4.0 29.0
3.6177025 11.172829 0.0206 4.0 29.0
3.6177025 11.172829 0.0207 3.0 30.0
4.058575 11.205936 0.0207 3.0 30.0
4.058575 11.205936 0.0208 0.0 31.0
4.4299374 11.445842 0.0208 0.0 31.0
4.4299374 11.445842 0.0209 0.0 32.0
4.8012996 11.685747 0.0209 0.0 32.0
4.058575 11.205936 0.0210 0.0 31.0
4.461602 11.024184 0.0210 0.0 31.0
4.461602 11.024184 0.0211 0.0 32.0
4.8646293 10.842432 0.0211 0.0 32.0
4.058575 11.205936 0.0212 2.0 31.0
4.499448 11.239044 0.0212 2.0 31.0
4.499448 11.239044 0.0213 1.0 32.0
4.9403205 11.272152 0.0213 1.0 32.0
4.9403205 11.272152 0.0214 0.0 33.0
5.381193 11.30526 0.0214 0.0 33.0
5.381193 11.30526 0.0215 0.0 34.0
5.822066 11.338367 0.0215 0.0 34.0
3.17683 11.139721 0.0216 8.0 29.0
3.5481923 11.379626 0.0216 8.0 29.0
3.5481923 11.379626 0.0217 7.0 30.0
3.9195545 11.619532 0.0217 7.0 30.0
3.9195545 11.619532 0.0218 6.0 31.0
4.290917 11.859437 0.0218 6.0 31.0
4.290917 11.859437 0.0219 5.0 32.0
4.662279 12.099342 0.0219 5.0 32.0
4.662279 12.099342 0.0220 4.0 33.0
5.0336413 12.339248 0.0220 4.0 33.0
5.0336413 12.339248 0.0221 3.0 34.0
5.4050035 12.579153 0.0221 3.0 34.0
5.4050035 12.579153 0.0222 0.0 35.0
5.616426 12.967438 0.0222 0.0 35.0
5.616426 12.967438 0.0223 0.0 36.0
5.8278484 13.355722 0.0223 0.0 36.0
5.4050035 12.579153 0.0224 0.0 35.0
5.845876 12.612261 0.0224 0.0 35.0
5.845876 12.612261 0.0225 0.0 36.0
6.286749 12.645369 0.0225 0.0 36.0
5.4050035 12.579153 0.0226 2.0 35.0
5.7763658 12.819058 0.0226 2.0 35.0
5.7763658 12.819058 0.0227 1.0 36.0
6.147728 13.058964 0.0227 1.0 36.0
6.147728 13.058964 0.0228 0.0 37.0
6.51909 13.298869 0.0228 0.0 37.0
6.51909 13.298869 0.0229 0.0 38.0
6.8904524 13.5387745 0.0229 0.0 38.0
1.6913812 10.1800995 0.0230 20.0 25.0
1.9028039 10.568384 0.0230 20.0 25.0
1.9028039 10.568384 0.0231 19.0 26.0
2.1142266 10.956669 0.0231 19.0 26.0
2.1142266 10.956669 0.0232 18.0 27.0
2.3256493 11.344954 0.0232 18.0 27.0
2.3256493 11.344954 0.0233 17.0 28.0
2.537072 11.733238 0.0233 17.0 28.0
2.537072 11.733238 0.0234 16.0 29.0
2.7484946 12.121523 0.0234 16.0 29.0
2.7484946 12.121523 0.0235 15.0 30.0
2.9599173 12.509808 0.0235 15.0 30.0
2.9599173 12.509808 0.0236 14.0 31.0
3.17134 12.898092 0.0236 14.0 31.0
3.17134 12.898092 0.0237 13.0 32.0
3.3827627 13.286377 0.0237 13.0 32.0
3.3827627 13.286377 0.0238 12.0 33.0
3.5941854 13.674662 0.0238 12.0 33.0
3.5941854 13.674662 0.0239 11.0 34.0
3.805608 14.062946 0.0239 11.0 34.0
3.805608 14.062946 0.0240 10.0 35.0
4.0170307 14.451231 0.0240 10.0 35.0
4.0170307 14.451231 0.0241 9.0 36.0
4.228453 14.839516 0.0241 9.0 36.0
4.228453 14.839516 0.0242 4.0 37.0
4.228453 15.28163 0.0242 4.0 37.0
4.228453 15.28163 0.0243 3.0 38.0
4.228453 15.723743 0.0243 3.0 38.0
4.228453 15.723743 0.0244 0.0 39.0
4.0170307 16.112028 0.0244 0.0 39.0
4.0170307 16.112028 0.0245 0.0 40.0
3.805608 16.500313 0.0245 0.0 40.0
4.228453 15.723743 0.0246 0.0 39.0
4.4398756 16.112028 0.0246 0.0 39.0
4.4398756 16.112028 0.0247 0.0 40.0
4.651298 16.500313 0.0247 0.0 40.0
4.228453 15.723743 0.0248 2.0 39.0
4.228453 16.165857 0.0248 2.0 39.0
4.228453 16.165857 0.0249 1.0 40.0
4.228453 16.607971 0.0249 1.0 40.0
4.228453 16.607971 0.0250 0.0 41.0
4.228453 17.050085 0.0250 0.0 41.0
4.228453 17.050085 0.0251 0.0 42.0
4.228453 17.492199 0.0251 0.0 42.0
4.228453 14.839516 0.0252 4.0 37.0
4.5998154 15.079421 0.0252 4.0 37.0
4.5998154 15.079421 0.0253 3.0 38.0
4.9711776 15.319326 0.0253 3.0 38.0
4.9711776 15.319326 0.0254 0.0 39.0
5.1826 15.707611 0.0254 0.0 39.0
5.1826 15.707611 0.0255 0.0 40.0
5.3940225 16.095896 0.0255 0.0 40.0
4.9711776 15.319326 0.0256 0.0 39.0
5.4120502 15.352434 0.0256 0.0 39.0
5.4120502 15.352434 0.0257 0.0 40.0
5.852923 15.385542 0.0257 0.0 40.0
4.9711776 15.319326 0.0258 2.0 39.0
5.34254 15.559232 0.0258 2.0 39.0
5.34254 15.559232 0.0259 1.0 40.0
5.713902 15.799137 0.0259 1.0 40.0
5.713902 15.799137 0.0260 0.0 41.0
6.085264 16.039043 0.0260 0.0 41.0
6.085264 16.039043 0.0261 0.0 42.0
6.4566264 16.27895 0.0261 0.0 42.0
4.228453 14.839516 0.0262 8.0 37.0
4.4398756 15.2278 0.0262 8.0 37.0
4.4398756 15.2278 0.0263 7.0 38.0
4.651298 15.616085 0.0263 7.0 38.0
4.651298 15.616085 0.0264 6.0 39.0
4.8627205 16.00437 0.0264 6.0 39.0
4.8627205 16.00437 0.0265 5.0 40.0
5.074143 16.392654 0.0265 5.0 40.0
5.074143 16.392654 0.0266 4.0 41.0
5.2855654 16.78094 0.0266 4.0 41.0
5.2855654 16.78094 0.0267 3.0 42.0
5.496988 17.169224 0.0267 3.0 42.0
5.496988 17.169224 0.0268 0.0 43.0
5.496988 17.611338 0.0268 0.0 43.0
5.496988 17.611338 0.0269 0.0 44.0
5.496988 18.053452 0.0269 0.0 44.0
5.496988 17.169224 0.0270 0.0 43.0
5.86835 17.40913 0.0270 0.0 43.0
5.86835 17.40913 0.0271 0.0 44.0
6.239712 17.649036 0.0271 0.0 44.0
5.496988 17.169224 0.0272 2.0 43.0
5.7084103 17.557508 0.0272 2.0 43.0
5.7084103 17.557508 0.0273 1.0 44.0
5.9198327 17.945793 0.0273 1.0 44.0
5.9198327 17.945793 0.0274 0.0 45.0
6.131255 18.334078 0.0274 0.0 45.0
6.131255 18.334078 0.0275 0.0 46.0
6.3426776 18.722363 0.0275 0.0 46.0
0.0 7.0738215 0.0276 44.0 17.0
0.0 7.5159354 0.0276 44.0 17.0
0.0 7.5159354 0.0277 43.0 18.0
0.0 7.9580493 0.0277 43.0 18.0
0.0 7.9580493 0.0278 42.0 19.0
0.0 8.400163 0.0278 42.0 19.0
0.0 8.400163 0.0279 41.0 20.0
0.0 8.842277 0.0279 41.0 20.0
0.0 8.842277 0.0280 40.0 21.0
0.0 9.28439 0.0280 40.0 21.0
0.0 9.28439 0.0281 39.0 22.0
0.0 9.726504 0.0281 39.0 22.0
0.0 9.726504 0.0282 38.0 23.0
0.0 10.168618 0.0282 38.0 23.0
0.0 10.168618 0.0283 37.0 24.0
0.0 10.610732 0.0283 37.0 24.0
0.0 10.610732 0.0284 36.0 25.0
0.0 11.052846 0.0284 36.0 25.0
0.0 11.052846 0.0285 35.0 26.0
0.0 11.49496 0.0285 35.0 26.0
0.0 11.49496 0.0286 34.0 27.0
0.0 11.937074 0.0286 34.0 27.0
0.0 11.937074 0.0287 33.0 28.0
0.0 12.379188 0.0287 33.0 28.0
0.0 12.379188 0.0288 32.0 29.0
0.0 12.821301 0.0288 32.0 29.0
0.0 12.821301 0.0289 31.0 30.0
0.0 13.263415 0.0289 31.0 30.0
0.0 13.263415 0.0290 30.0 31.0
0.0 13.705529 0.0290 30.0 31.0
0.0 13.705529 0.0291 29.0 32.0
0.0 14.147643 0.0291 29.0 32.0
0.0 14.147643 0.0292 28.0 33.0
0.0 14.589757 0.0292 28.0 33.0
0.0 14.589757 0.0293 27.0 34.0
0.0 15.031871 0.0293 27.0 34.0
0.0 15.031871 0.0294 26.0 35.0
0.0 15.473985 0.0294 26.0 35.0
0.0 15.473985 0.0295 25.0 36.0
0.0 15.916099 0.0295 25.0 36.0
0.0 15.916099 0.0296 24.0 37.0
0.0 16.358212 0.0296 24.0 37.0
0.0 16.358212 0.0297 23.0 38.0
0.0 16.800325 0.0297 23.0 38.0
0.0 16.800325 0.0298 22.0 39.0
0.0 17.24244 0.0298 22.0 39.0
0.0 17.24244 0.0299 21.0 40.0
0.0 17.684553 0.0299 21.0 40.0
0.0 17.684553 0.0300 12.0 41.0
-0.21142264 18.072838 0.0300 12.0 41.0
-0.21142264 18.072838 0.0301 11.0 42.0
-0.42284527 18.461123 0.0301 11.0 42.0
-0.42284527 18.461123 0.0302 10.0 43.0
-0.6342679 18.849407 0.0302 10.0 43.0
-0.6342679 18.849407 0.0303 9.0 44.0
-0.84569055 19.237692 0.0303 9.0 44.0
-0.84569055 19.237692 0.0304 4.0 45.0
-1.2170528 19.477598 0.0304 4.0 45.0
-1.2170528 19.477598 0.0305 3.0 46.0
-1.5884151 19.717505 0.0305 3.0 46.0
-1.5884151 19.717505 0.0306 0.0 47.0
-2.0292876 19.750612 0.0306 0.0 47.0
-2.0292876 19.750612 0.0307 0.0 48.0
-2.47016 19.78372 0.0307 0.0 48.0
-1.5884151 19.717505 0.0308 0.0 47.0
-1.7998378 20.10579 0.0308 0.0 47.0
-1.7998378 20.10579 0.0309 0.0 48.0
-2.0112605 20.494074 0.0309 0.0 48.0
-1.5884151 19.717505 0.0310 2.0 47.0
-1.9597775 19.95741 0.0310 2.0 47.0
-1.9597775 19.95741 0.0311 1.0 48.0
-2.3311398 20.197317 0.0311 1.0 48.0
-2.3311398 20.197317 0.0312 0.0 49.0
-2.702502 20.437223 0.0312 0.0 49.0
-2.702502 20.437223 0.0313 0.0 50.0
-3.0738642 20.67713 0.0313 0.0 50.0
-0.84569055 19.237692 0.0314 4.0 45.0
-0.84569055 19.679806 0.0314 4.0 45.0
-0.84569055 19.679806 0.0315 3.0 46.0
-0.84569055 20.12192 0.0315 3.0 46.0
-0.84569055 20.12192 0.0316 0.0 47.0
-1.0571132 20.510204 0.0316 0.0 47.0
-1.0571132 20.510204 0.0317 0.0 48.0
-1.2685359 20.898489 0.0317 0.0 48.0
-0.84569055 20.12192 0.0318 0.0 47.0
-0.6342679 20.510204 0.0318 0.0 47.0
-0.6342679 20.510204 0.0319 0.0 48.0
-0.4228453 20.898489 0.0319 0.0 48.0
-0.84569055 20.12192 0.0320 2.0 47.0
-0.84569055 20.564034 0.0320 2.0 47.0
-0.84569055 20.564034 0.0321 1.0 48.0
-0.84569055 21.006147 0.0321 1.0 48.0
-0.84569055 21.006147 0.0322 0.0 49.0
-0.84569055 21.448261 0.0322 0.0 49.0
-0.84569055 21.448261 0.0323 0.0 50.0
-0.84569055 21.890375 0.0323 0.0 50.0
-0.84569055 19.237692 0.0324 8.0 45.0
-1.0571132 19.625977 0.0324 8.0 45.0
-1.0571132 19.625977 0.0325 7.0 46.0
-1.2685359 20.014261 0.0325 7.0 46.0
-1.2685359 20.014261 0.0326 6.0 47.0
-1.4799585 20.402546 0.0326 6.0 47.0
-1.4799585 20.402546 0.0327 5.0 48.0
-1.6913812 20.79083 0.0327 5.0 48.0
-1.6913812 20.79083 0.0328 4.0 49.0
-1.9028039 21.179115 0.0328 4.0 49.0
-1.9028039 21.179115 0.0329 3.0 50.0
-2.1142266 21.5674 0.0329 3.0 50.0
-2.1142266 21.5674 0.0330 0.0 51.0
-2.4855888 21.807306 0.0330 0.0 51.0
-2.4855888 21.807306 0.0331 0.0 52.0
-2.856951 22.047213 0.0331 0.0 52.0
-2.1142266 21.5674 0.0332 0.0 51.0
-2.1142266 22.009514 0.0332 0.0 51.0
-2.1142266 22.009514 0.0333 0.0 52.0
-2.1142266 22.451628 0.0333 0.0 52.0
-2.1142266 21.5674 0.0334 2.0 51.0
-2.3256493 21.955685 0.0334 2.0 51.0
-2.3256493 21.955685 0.0335 1.0 52.0
-2.537072 22.34397 0.0335 1.0 52.0
-2.537072 22.34397 0.0336 0.0 53.0
-2.7484946 22.732254 0.0336 0.0 53.0
-2.7484946 22.732254 0.0337 0.0 54.0
-2.9599173 23.120539 0.0337 0.0 54.0
0.0 17.684553 0.0338 12.0 41.0
0.21142264 18.072838 0.0338 12.0 41.0
0.21142264 18.072838 0.0339 11.0 42.0
0.42284527 18.461123 0.0339 11.0 42.0
0.42284527 18.461123 0.0340 10.0 43.0
0.6342679 18.849407 0.0340 10.0 43.0
0.6342679 18.849407 0.0341 9.0 44.0
0.84569055 19.237692 0.0341 9.0 44.0
0.84569055 19.237692 0.0342 4.0 45.0
0.84569055 19.679806 0.0342 4.0 45.0
0.84569055 19.679806 0.0343 3.0 46.0
0.84569055 20.12192 0.0343 3.0 46.0
0.84569055 20.12192 0.0344 0.0 47.0
0.6342679 20.510204 0.0344 0.0 47.0
0.6342679 20.510204 0.0345 0.0 48.0
0.4228453 20.898489 0.0345 0.0 48.0
0.84569055 20.12192 0.0346 0.0 47.0
1.0571132 20.510204 0.0346 0.0 47.0
1.0571132 20.510204 0.0347 0.0 48.0
1.2685359 20.898489 0.0347 0.0 48.0
0.84569055 20.12192 0.0348 2.0 47.0
0.84569055 20.564034 0.0348 2.0 47.0
0.84569055 20.564034 0.0349 1.0 48.0
0.84569055 21.006147 0.0349 1.0 48.0
0.84569055 21.006147 0.0350 0.0 49.0
0.84569055 21.448261 0.0350 0.0 49.0
0.84569055 21.448261 0.0351 0.0 50.0
0.84569055 21.890375 0.0351 0.0 50.0
0.84569055 19.237692 0.0352 4.0 45.0
1.2170528 19.477598 0.0352 4.0 45.0
1.2170528 19.477598 0.0353 3.0 46.0
1.5884151 19.717505 0.0353 3.0 46.0
1.5884151 19.717505 0.0354 0.0 47.0
1.7998378 20.10579 0.0354 0.0 47.0
1.7998378 20.10579 0.0355 0.0 48.0
2.0112605 20.494074 0.0355 0.0 48.0
1.5884151 19.717505 0.0356 0.0 47.0
2.0292876 19.750612 0.0356 0.0 47.0
2.0292876 19.750612 0.0357 0.0 48.0
2.47016 19.78372 0.0357 0.0 48.0
1.5884151 19.717505 0.0358 2.0 47.0
1.9597775 19.95741 0.0358 2.0 47.0
1.9597775 19.95741 0.0359 1.0 48.0
2.3311398 20.197317 0.0359 1.0 48.0
2.3311398 20.197317 0.0360 0.0 49.0
2.702502 20.437223 0.0360 0.0 49.0
2.702502 20.437223 0.0361 0.0 50.0
3.0738642 20.67713 0.0361 0.0 50.0
0.84569055 19.237692 0.0362 8.0 45.0
1.0571132 19.625977 0.0362 8.0 45.0
1.0571132 19.625977 0.0363 7.0 46.0
1.2685359 20.014261 0.0363 7.0 46.0
1.2685359 20.014261 0.0364 6.0 47.0
1.4799585 20.402546 0.0364 6.0 47.0
1.4799585 20.402546 0.0365 5.0 48.0
1.6913812 20.79083 0.0365 5.0 48.0
1.6913812 20.79083 0.0366 4.0 49.0
1.9028039 21.179115 0.0366 4.0 49.0
1.9028039 21.179115 0.0367 3.0 50.0
2.1142266 21.5674 0.0367 3.0 50.0
2.1142266 21.5674 0.0368 0.0 51.0
2.1142266 22.009514 0.0368 0.0 51.0
2.1142266 22.009514 0.0369 0.0 52.0
2.1142266 22.451628 0.0369 0.0 52.0
2.1142266 21.5674 0.0370 0.0 51.0
2.4855888 21.807306 0.0370 0.0 51.0
2.4855888 21.807306 0.0371 0.0 52.0
2.856951 22.047213 0.0371 0.0 52.0
2.1142266 21.5674 0.0372 2.0 51.0
2.3256493 21.955685 0.0372 2.0 51.0
2.3256493 21.955685 0.0373 1.0 52.0
2.537072 22.34397 0.0373 1.0 52.0
2.537072 22.34397 0.0374 0.0 53.0
2.7484946 22.732254 0.0374 0.0 53.0
2.7484946 22.732254 0.0375 0.0 54.0
2.9599173 23.120539 0.0375 0.0 54.0
0.0 17.684553 0.0376 20.0 41.0
0.0 18.126667 0.0376 20.0 41.0
0.0 18.126667 0.0377 19.0 42.0
0.0 18.56878 0.0377 19.0 42.0
0.0 18.56878 0.0378 18.0 43.0
0.0 19.010895 0.0378 18.0 43.0
0.0 19.010895 0.0379 17.0 44.0
0.0 19.453009 0.0379 17.0 44.0
0.0 19.453009 0.0380 16.0 45.0
0.0 19.895123 0.0380 16.0 45.0
0.0 19.895123 0.0381 15.0 46.0
0.0 20.337236 0.0381 15.0 46.0
0.0 20.337236 0.0382 14.0 47.0
0.0 20.77935 0.0382 14.0 47.0
0.0 20.77935 0.0383 13.0 48.0
0.0 21.221464 0.0383 13.0 48.0
0.0 21.221464 0.0384 12.0 49.0
0.0 21.663578 0.0384 12.0 49.0
0.0 21.663578 0.0385 11.0 50.0
0.0 22.105692 0.0385 11.0 50.0
0.0 22.105692 0.0386 10.0 51.0
0.0 22.547806 0.0386 10.0 51.0
0.0 22.547806 0.0387 9.0 52.0
0.0 22.98992 0.0387 9.0 52.0
0.0 22.98992 0.0388 4.0 53.0
-0.21142264 23.378204 0.0388 4.0 53.0
-0.21142264 23.378204 0.0389 3.0 54.0
-0.42284527 23.766489 0.0389 3.0 54.0
-0.42284527 23.766489 0.0390 0.0 55.0
-0.7942076 24.006395 0.0390 0.0 55.0
-0.7942076 24.006395 0.0391 0.0 56.0
-1.1655699 24.246302 0.0391 0.0 56.0
-0.42284527 23.766489 0.0392 0.0 55.0
-0.42284527 24.208603 0.0392 0.0 55.0
-0.42284527 24.208603 0.0393 0.0 56.0
-0.42284527 24.650717 0.0393 0.0 56.0
-0.42284527 23.766489 0.0394 2.0 55.0
-0.6342679 24.154774 0.0394 2.0 55.0
-0.6342679 24.154774 0.0395 1.0 56.0
-0.84569055 24.543058 0.0395 1.0 56.0
-0.84569055 24.543058 0.0396 0.0 57.0
-1.0571132 24.931343 0.0396 0.0 57.0
-1.0571132 24.931343 0.0397 0.0 58.0
-1.2685359 25.319628 0.0397 0.0 58.0
0.0 22.98992 0.0398 4.0 53.0
0.21142264 23.378204 0.0398 4.0 53.0
0.21142264 23.378204 0.0399 3.0 54.0
0.42284527 23.766489 0.0399 3.0 54.0
0.42284527 23.766489 0.0400 0.0 55.0
0.42284527 24.208603 0.0400 0.0 55.0
0.42284527 24.208603 0.0401 0.0 56.0
0.42284527 24.650717 0.0401 0.0 56.0
0.42284527 23.766489 0.0402 0.0 55.0
0.7942076 24.006395 0.0402 0.0 55.0
0.7942076 24.006395 0.0403 0.0 56.0
1.1655699 24.246302 0.0403 0.0 56.0
0.42284527 23.766489 0.0404 2.0 55.0
0.6342679 24.154774 0.0404 2.0 55.0
0.6342679 24.154774 0.0405 1.0 56.0
0.84569055 24.543058 0.0405 1.0 56.0
0.84569055 24.543058 0.0406 0.0 57.0
1.0571132 24.931343 0.0406 0.0 57.0
1.0571132 24.931343 0.0407 0.0 58.0
1.2685359 25.319628 0.0407 0.0 58.0
0.0 22.98992 0.0408 8.0 53.0
0.0 23.432034 0.0408 8.0 53.0
0.0 23.432034 0.0409 7.0 54.0
0.0 23.874147 0.0409 7.0 54.0
0.0 23.874147 0.0410 6.0 55.0
0.0 24.316261 0.0410 6.0 55.0
0.0 24.316261 0.0411 5.0 56.0
0.0 24.758375 0.0411 5.0 56.0
0.0 24.758375 0.0412 4.0 57.0
0.0 25.200489 0.0412 4.0 57.0
0.0 25.200489 0.0413 3.0 58.0
0.0 25.642603 0.0413 3.0 58.0
0.0 25.642603 0.0414 0.0 59.0
-0.21142264 26.030888 0.0414 0.0 59.0
-0.21142264 26.030888 0.0415 0.0 60.0
-0.42284527 26.419172 0.0415 0.0 60.0
0.0 25.642603 0.0416 0.0 59.0
0.21142264 26.030888 0.0416 0.0 59.0
0.21142264 26.030888 0.0417 0.0 60.0
0.42284527 26.419172 0.0417 0.0 60.0
0.0 25.642603 0.0418 2.0 59.0
0.0 26.084717 0.0418 2.0 59.0
0.0 26.084717 0.0419 1.0 60.0
0.0 26.52683 0.0419 1.0 60.0
0.0 26.52683 0.0420 0.0 61.0
0.0 26.968945 0.0420 0.0 61.0
0.0 26.968945 0.0421 0.0 62.0
0.0 27.411058 0.0421 0.0 62.0
