0.0 0.0 0.00 27.0 1.0
0.0 1.1380271 0.00 27.0 1.0
0.0 1.1380271 0.01 26.0 2.0
0.0 2.2760541 0.01 26.0 2.0
0.0 2.2760541 0.02 1.0 3.0
0.0 3.414081 0.02 1.0 3.0
0.0 3.414081 0.03 0.0 4.0
-0.6857802 4.3222723 0.03 0.0 4.0
-0.6857802 4.3222723 0.04 0.0 5.0
-1.7803404 4.633791 0.04 0.0 5.0
0.0 2.2760541 0.05 1.0 3.0
-1.0612253 1.8650717 0.05 1.0 3.0
-1.0612253 1.8650717 0.06 0.0 4.0
-2.1557856 2.1765902 0.06 0.0 4.0
-2.1557856 2.1765902 0.07 0.0 5.0
-2.8415658 3.0847812 0.07 0.0 5.0
0.0 2.2760541 0.08 25.0 3.0
-1.0945601 2.5875728 0.08 25.0 3.0
-1.0945601 2.5875728 0.09 24.0 4.0
-2.1891203 2.8990915 0.09 24.0 4.0
-2.1891203 2.8990915 0.010 1.0 5.0
-3.2836804 3.2106102 0.010 1.0 5.0
-3.2836804 3.2106102 0.011 0.0 6.0
-4.344906 2.7996278 0.011 0.0 6.0
-4.344906 2.7996278 0.012 0.0 7.0
-4.944146 1.8321483 0.012 0.0 7.0
-2.1891203 2.8990915 0.013 1.0 5.0
-2.0843306 1.7658992 0.013 1.0 5.0
-2.0843306 1.7658992 0.014 0.0 6.0
-2.6835709 0.79841965 0.014 0.0 6.0
-2.6835709 0.79841965 0.015 0.0 7.0
-3.7447963 0.38743716 0.015 0.0 7.0
-2.1891203 2.8990915 0.016 7.0 5.0
-2.7883606 1.931612 0.016 7.0 5.0
-2.7883606 1.931612 0.017 6.0 6.0
-3.387601 0.9641325 0.017 6.0 6.0
-3.387601 0.9641325 0.018 1.0 7.0
-3.9868412 -0.0033470392 0.018 1.0 7.0
-3.9868412 -0.0033470392 0.019 0.0 8.0
-3.8820515 -1.1365393 0.019 0.0 8.0
-3.8820515 -1.1365393 0.020 0.0 9.0
-3.1155581 -1.9777253 0.020 0.0 9.0
-3.387601 0.9641325 0.021 1.0 7.0
-2.2690063 0.7547244 0.021 1.0 7.0
-2.2690063 0.7547244 0.022 0.0 8.0
-1.5025133 -0.08646172 0.022 0.0 8.0
-1.5025133 -0.08646172 0.023 0.0 9.0
-1.3977238 -1.2196541 0.023 0.0 9.0
-3.387601 0.9641325 0.024 5.0 7.0
-2.2690063 0.7547244 0.024 5.0 7.0
-2.2690063 0.7547244 0.025 4.0 8.0
-1.1504117 0.54531634 0.025 4.0 8.0
-1.1504117 0.54531634 0.026 1.0 9.0
-0.031817198 0.33590826 0.026 1.0 9.0
-0.031817198 0.33590826 0.027 0.0 10.0
0.98705614 0.8428626 0.027 0.0 10.0
0.98705614 0.8428626 0.028 0.0 11.0
1.4946647 1.8614103 0.028 0.0 11.0
-1.1504117 0.54531634 0.029 1.0 9.0
-1.3591015 1.6640452 0.029 1.0 9.0
-1.3591015 1.6640452 0.030 0.0 10.0
-0.85149306 2.6825929 0.030 0.0 10.0
-0.85149306 2.6825929 0.031 0.0 11.0
0.16738027 3.1895473 0.031 0.0 11.0
-1.1504117 0.54531634 0.032 3.0 9.0
-1.3591015 1.6640452 0.032 3.0 9.0
-1.3591015 1.6640452 0.033 2.0 10.0
-1.5677912 2.782774 0.033 2.0 10.0
-1.5677912 2.782774 0.034 1.0 11.0
-1.7764809 3.9015028 0.034 1.0 11.0
-1.7764809 3.9015028 0.035 0.0 12.0
-2.6171749 4.6685357 0.035 0.0 12.0
-2.6171749 4.6685357 0.036 0.0 13.0
-3.7502997 4.774052 0.036 0.0 13.0
-1.5677912 2.782774 0.037 1.0 11.0
-2.5356548 2.184154 0.037 1.0 11.0
-2.5356548 2.184154 0.038 0.0 12.0
-3.6687796 2.2896707 0.038 0.0 12.0
-3.6687796 2.2896707 0.039 0.0 13.0
-4.509474 3.0567036 0.039 0.0 13.0
-2.1891203 2.8990915 0.040 7.0 5.0
-1.0705258 2.6896834 0.040 7.0 5.0
-1.0705258 2.6896834 0.041 6.0 6.0
0.04806876 2.4802754 0.041 6.0 6.0
0.04806876 2.4802754 0.042 1.0 7.0
1.1666633 2.2708673 0.042 1.0 7.0
1.1666633 2.2708673 0.043 0.0 8.0
2.1855366 2.7778218 0.043 0.0 8.0
2.1855366 2.7778218 0.044 0.0 9.0
2.693145 3.7963696 0.044 0.0 9.0
0.04806876 2.4802754 0.045 1.0 7.0
-0.16062099 3.5990043 0.045 1.0 7.0
-0.16062099 3.5990043 0.046 0.0 8.0
0.3469875 4.617552 0.046 0.0 8.0
0.3469875 4.617552 0.047 0.0 9.0
1.3658608 5.124506 0.047 0.0 9.0
0.04806876 2.4802754 0.048 5.0 7.0
1.0669421 2.9872298 0.048 5.0 7.0
1.0669421 2.9872298 0.049 4.0 8.0
2.0858154 3.4941843 0.049 4.0 8.0
2.0858154 3.4941843 0.050 1.0 9.0
3.1046886 4.0011387 0.050 1.0 9.0
3.1046886 4.0011387 0.051 0.0 10.0
3.612297 5.019686 0.051 0.0 10.0
3.612297 5.019686 0.052 0.0 11.0
3.4036074 6.1384153 0.052 0.0 11.0
2.0858154 3.4941843 0.053 1.0 9.0
1.2451215 4.261217 0.053 1.0 9.0
1.2451215 4.261217 0.054 0.0 10.0
1.0364318 5.3799458 0.054 0.0 10.0
1.0364318 5.3799458 0.055 0.0 11.0
1.5440402 6.3984933 0.055 0.0 11.0
2.0858154 3.4941843 0.056 3.0 9.0
2.5934238 4.512732 0.056 3.0 9.0
2.5934238 4.512732 0.057 2.0 10.0
3.1010323 5.5312796 0.057 2.0 10.0
3.1010323 5.5312796 0.058 1.0 11.0
3.6086407 6.549827 0.058 1.0 11.0
3.6086407 6.549827 0.059 0.0 12.0
3.399951 7.668556 0.059 0.0 12.0
3.399951 7.668556 0.060 0.0 13.0
2.559257 8.435589 0.060 0.0 13.0
3.1010323 5.5312796 0.061 1.0 11.0
1.9679074 5.636796 0.061 1.0 11.0
1.9679074 5.636796 0.062 0.0 12.0
1.1272135 6.4038286 0.062 0.0 12.0
1.1272135 6.4038286 0.063 0.0 13.0
0.9185237 7.5225573 0.063 0.0 13.0
-2.1891203 2.8990915 0.064 23.0 5.0
-1.4226271 2.0579057 0.064 23.0 5.0
-1.4226271 2.0579057 0.065 22.0 6.0
-0.6561339 1.2167197 0.065 22.0 6.0
-0.6561339 1.2167197 0.066 1.0 7.0
0.11035907 0.37553364 0.066 1.0 7.0
0.11035907 0.37553364 0.067 0.0 8.0
1.2289536 0.16612557 0.067 0.0 8.0
1.2289536 0.16612557 0.068 0.0 9.0
2.247827 0.67307997 0.068 0.0 9.0
-0.6561339 1.2167197 0.069 1.0 7.0
-0.14852542 2.2352674 0.069 1.0 7.0
-0.14852542 2.2352674 0.070 0.0 8.0
0.8703479 2.7422218 0.070 0.0 8.0
0.8703479 2.7422218 0.071 0.0 9.0
1.9889424 2.5328138 0.071 0.0 9.0
-0.6561339 1.2167197 0.072 21.0 7.0
0.36273944 1.723674 0.072 21.0 7.0
0.36273944 1.723674 0.073 20.0 8.0
1.3816128 2.2306285 0.073 20.0 8.0
1.3816128 2.2306285 0.074 1.0 9.0
2.400486 2.737583 0.074 1.0 9.0
2.400486 2.737583 0.075 0.0 10.0
2.9080944 3.7561307 0.075 0.0 10.0
2.9080944 3.7561307 0.076 0.0 11.0
2.6994047 4.87486 0.076 0.0 11.0
1.3816128 2.2306285 0.077 1.0 9.0
0.5409188 2.9976614 0.077 1.0 9.0
0.5409188 2.9976614 0.078 0.0 10.0
0.33222908 4.11639 0.078 0.0 10.0
0.33222908 4.11639 0.079 0.0 11.0
0.83983755 5.134938 0.079 0.0 11.0
1.3816128 2.2306285 0.080 7.0 9.0
1.1729231 3.3493574 0.080 7.0 9.0
1.1729231 3.3493574 0.081 6.0 10.0
0.96423334 4.4680862 0.081 6.0 10.0
0.96423334 4.4680862 0.082 1.0 11.0
0.7555436 5.586815 0.082 1.0 11.0
0.7555436 5.586815 0.083 0.0 12.0
-0.08515036 6.3538475 0.083 0.0 12.0
-0.08515036 6.3538475 0.084 0.0 13.0
-1.2182752 6.459364 0.084 0.0 13.0
0.96423334 4.4680862 0.085 1.0 11.0
-0.003630221 3.8694663 0.085 1.0 11.0
-0.003630221 3.8694663 0.086 0.0 12.0
-1.136755 3.974983 0.086 0.0 12.0
-1.136755 3.974983 0.087 0.0 13.0
-1.9774489 4.742016 0.087 0.0 13.0
0.96423334 4.4680862 0.088 5.0 11.0
-0.003630221 3.8694663 0.088 5.0 11.0
-0.003630221 3.8694663 0.089 4.0 12.0
-0.9714938 3.2708464 0.089 4.0 12.0
-0.9714938 3.2708464 0.090 1.0 13.0
-1.9393573 2.6722264 0.090 1.0 13.0
-1.9393573 2.6722264 0.091 0.0 14.0
-2.3510199 1.6112648 0.091 0.0 14.0
-2.3510199 1.6112648 0.092 0.0 15.0
-2.0402026 0.51650536 0.092 0.0 15.0
-0.9714938 3.2708464 0.093 1.0 13.0
-0.06374204 2.5844846 0.093 1.0 13.0
-0.06374204 2.5844846 0.094 0.0 14.0
0.24707526 1.4897251 0.094 0.0 14.0
0.24707526 1.4897251 0.095 0.0 15.0
-0.16458732 0.4287635 0.095 0.0 15.0
-0.9714938 3.2708464 0.096 3.0 13.0
-0.06374204 2.5844846 0.096 3.0 13.0
-0.06374204 2.5844846 0.097 2.0 14.0
0.8440097 1.8981229 0.097 2.0 14.0
0.8440097 1.8981229 0.098 1.0 15.0
1.7517614 1.2117612 0.098 1.0 15.0
1.7517614 1.2117612 0.099 0.0 16.0
2.8897882 1.2110326 0.099 0.0 16.0
2.8897882 1.2110326 0.0100 0.0 17.0
3.798418 1.8962314 0.0100 0.0 17.0
0.8440097 1.8981229 0.0101 1.0 15.0
1.1562284 2.9924836 0.0101 1.0 15.0
1.1562284 2.9924836 0.0102 0.0 16.0
2.0648582 3.6776824 0.0102 0.0 16.0
2.0648582 3.6776824 0.0103 0.0 17.0
3.2028852 3.6769538 0.0103 0.0 17.0
1.3816128 2.2306285 0.0104 7.0 9.0
0.41374922 1.6320087 0.0104 7.0 9.0
0.41374922 1.6320087 0.0105 6.0 10.0
-0.55411434 1.0333889 0.0105 6.0 10.0
-0.55411434 1.0333889 0.0106 1.0 11.0
-1.5219779 0.43476903 0.0106 1.0 11.0
-1.5219779 0.43476903 0.0107 0.0 12.0
-1.9336405 -0.62619257 0.0107 0.0 12.0
-1.9336405 -0.62619257 0.0108 0.0 13.0
-1.6228232 -1.720952 0.0108 0.0 13.0
-0.55411434 1.0333889 0.0109 1.0 11.0
0.3536374 0.34702718 0.0109 1.0 11.0
0.3536374 0.34702718 0.0110 0.0 12.0
0.6644547 -0.7477323 0.0110 0.0 12.0
0.6644547 -0.7477323 0.0111 0.0 13.0
0.25279212 -1.8086939 0.0111 0.0 13.0
-0.55411434 1.0333889 0.0112 5.0 11.0
-0.9657769 -0.027572751 0.0112 5.0 11.0
-0.9657769 -0.027572751 0.0113 4.0 12.0
-1.3774395 -1.0885344 0.0113 4.0 12.0
-1.3774395 -1.0885344 0.0114 1.0 13.0
-1.7891021 -2.149496 0.0114 1.0 13.0
-1.7891021 -2.149496 0.0115 0.0 14.0
-1.4782848 -3.2442555 0.0115 0.0 14.0
-1.4782848 -3.2442555 0.0116 0.0 15.0
-0.5705331 -3.9306173 0.0116 0.0 15.0
-1.3774395 -1.0885344 0.0117 1.0 13.0
-0.23941267 -1.089263 0.0117 1.0 13.0
-0.23941267 -1.089263 0.0118 0.0 14.0
0.6683391 -1.7756246 0.0118 0.0 14.0
0.6683391 -1.7756246 0.0119 0.0 15.0
0.9791564 -2.8703842 0.0119 0.0 15.0
-1.3774395 -1.0885344 0.0120 3.0 13.0
-1.0666223 -2.1832938 0.0120 3.0 13.0
-1.0666223 -2.1832938 0.0121 2.0 14.0
-0.75580496 -3.2780533 0.0121 2.0 14.0
-0.75580496 -3.2780533 0.0122 1.0 15.0
-0.44498765 -4.3728127 0.0122 1.0 15.0
-0.44498765 -4.3728127 0.0123 0.0 16.0
0.46276408 -5.0591745 0.0123 0.0 16.0
0.46276408 -5.0591745 0.0124 0.0 17.0
1.600791 -5.059903 0.0124 0.0 17.0
-0.75580496 -3.2780533 0.0125 1.0 15.0
0.15282488 -2.5928545 0.0125 1.0 15.0
0.15282488 -2.5928545 0.0126 0.0 16.0
1.2908517 -2.593583 0.0126 0.0 16.0
1.2908517 -2.593583 0.0127 0.0 17.0
2.1986034 -3.279945 0.0127 0.0 17.0
1.3816128 2.2306285 0.0128 19.0 9.0
0.24848795 2.3361452 0.0128 19.0 9.0
0.24848795 2.3361452 0.0129 18.0 10.0
-0.8846369 2.4416618 0.0129 18.0 10.0
-0.8846369 2.4416618 0.0130 1.0 11.0
-2.0177617 2.5471785 0.0130 1.0 11.0
-2.0177617 2.5471785 0.0131 0.0 12.0
-2.9856253 1.9485587 0.0131 0.0 12.0
-2.9856253 1.9485587 0.0132 0.0 13.0
-3.3972878 0.8875971 0.0132 0.0 13.0
-0.8846369 2.4416618 0.0133 1.0 11.0
-0.5738196 1.3469024 0.0133 1.0 11.0
-0.5738196 1.3469024 0.0134 0.0 12.0
-0.98548216 0.28594077 0.0134 0.0 12.0
-0.98548216 0.28594077 0.0135 0.0 13.0
-1.9533458 -0.31267905 0.0135 0.0 13.0
-0.8846369 2.4416618 0.0136 17.0 11.0
-1.2962995 1.3807002 0.0136 17.0 11.0
-1.2962995 1.3807002 0.0137 16.0 12.0
-1.707962 0.31973863 0.0137 16.0 12.0
-1.707962 0.31973863 0.0138 1.0 13.0
-2.1196246 -0.741223 0.0138 1.0 13.0
-2.1196246 -0.741223 0.0139 0.0 14.0
-1.8088074 -1.8359824 0.0139 0.0 14.0
-1.8088074 -1.8359824 0.0140 0.0 15.0
-0.90105563 -2.522344 0.0140 0.0 15.0
-1.707962 0.31973863 0.0141 1.0 13.0
-0.5699352 0.31901005 0.0141 1.0 13.0
-0.5699352 0.31901005 0.0142 0.0 14.0
0.33781654 -0.36735162 0.0142 0.0 14.0
0.33781654 -0.36735162 0.0143 0.0 15.0
0.64863384 -1.4621111 0.0143 0.0 15.0
-1.707962 0.31973863 0.0144 7.0 13.0
-0.8002103 -0.36662304 0.0144 7.0 13.0
-0.8002103 -0.36662304 0.0145 6.0 14.0
0.10754144 -1.0529847 0.0145 6.0 14.0
0.10754144 -1.0529847 0.0146 1.0 15.0
1.0152931 -1.7393464 0.0146 1.0 15.0
1.0152931 -1.7393464 0.0147 0.0 16.0
2.1533198 -1.740075 0.0147 0.0 16.0
2.1533198 -1.740075 0.0148 0.0 17.0
3.0619497 -1.0548761 0.0148 0.0 17.0
0.10754144 -1.0529847 0.0149 1.0 15.0
0.4197602 0.041375875 0.0149 1.0 15.0
0.4197602 0.041375875 0.0150 0.0 16.0
1.32839 0.7265747 0.0150 0.0 16.0
1.32839 0.7265747 0.0151 0.0 17.0
2.4664168 0.7258462 0.0151 0.0 17.0
0.10754144 -1.0529847 0.0152 5.0 15.0
0.4197602 0.041375875 0.0152 5.0 15.0
0.4197602 0.041375875 0.0153 4.0 16.0
0.73197895 1.1357365 0.0153 4.0 16.0
0.73197895 1.1357365 0.0154 1.0 17.0
1.0441977 2.230097 0.0154 1.0 17.0
1.0441977 2.230097 0.0155 0.0 18.0
0.6338939 3.291585 0.0155 0.0 18.0
0.6338939 3.291585 0.0156 0.0 19.0
-0.33320236 3.8914437 0.0156 0.0 19.0
0.73197895 1.1357365 0.0157 1.0 17.0
-0.40128 1.0316708 0.0157 1.0 17.0
-0.40128 1.0316708 0.0158 0.0 18.0
-1.3683763 1.6315295 0.0158 0.0 18.0
-1.3683763 1.6315295 0.0159 0.0 19.0
-1.7786801 2.6930172 0.0159 0.0 19.0
0.73197895 1.1357365 0.0160 3.0 17.0
-0.40128 1.0316708 0.0160 3.0 17.0
-0.40128 1.0316708 0.0161 2.0 18.0
-1.534539 0.92760515 0.0161 2.0 18.0
-1.534539 0.92760515 0.0162 1.0 19.0
-2.667798 0.8235395 0.0162 1.0 19.0
-2.667798 0.8235395 0.0163 0.0 20.0
-3.5094733 0.05758381 0.0163 0.0 20.0
-3.5094733 0.05758381 0.0164 0.0 21.0
-3.7195954 -1.0608768 0.0164 0.0 21.0
-1.534539 0.92760515 0.0165 1.0 19.0
-1.0282351 -0.0915916 0.0165 1.0 19.0
-1.0282351 -0.0915916 0.0166 0.0 20.0
-1.2383571 -1.2100523 0.0166 0.0 20.0
-1.2383571 -1.2100523 0.0167 0.0 21.0
-2.0800323 -1.9760079 0.0167 0.0 21.0
-1.707962 0.31973863 0.0168 7.0 13.0
-1.3957433 1.4140992 0.0168 7.0 13.0
-1.3957433 1.4140992 0.0169 6.0 14.0
-1.0835245 2.5084598 0.0169 6.0 14.0
-1.0835245 2.5084598 0.0170 1.0 15.0
-0.7713057 3.6028204 0.0170 1.0 15.0
-0.7713057 3.6028204 0.0171 0.0 16.0
-1.1816094 4.664308 0.0171 0.0 16.0
-1.1816094 4.664308 0.0172 0.0 17.0
-2.1487057 5.264167 0.0172 0.0 17.0
-1.0835245 2.5084598 0.0173 1.0 15.0
-2.2167835 2.4043941 0.0173 1.0 15.0
-2.2167835 2.4043941 0.0174 0.0 16.0
-3.1838799 3.004253 0.0174 0.0 16.0
-3.1838799 3.004253 0.0175 0.0 17.0
-3.5941837 4.0657406 0.0175 0.0 17.0
-1.0835245 2.5084598 0.0176 5.0 15.0
-1.4938283 3.5699477 0.0176 5.0 15.0
-1.4938283 3.5699477 0.0177 4.0 16.0
-1.9041321 4.6314354 0.0177 4.0 16.0
-1.9041321 4.6314354 0.0178 1.0 17.0
-2.314436 5.692923 0.0178 1.0 17.0
-2.314436 5.692923 0.0179 0.0 18.0
-3.2815323 6.292782 0.0179 0.0 18.0
-3.2815323 6.292782 0.0180 0.0 19.0
-4.414791 6.188716 0.0180 0.0 19.0
-1.9041321 4.6314354 0.0181 1.0 17.0
-2.7458076 3.8654797 0.0181 1.0 17.0
-2.7458076 3.8654797 0.0182 0.0 18.0
-3.8790665 3.761414 0.0182 0.0 18.0
-3.8790665 3.761414 0.0183 0.0 19.0
-4.846163 4.361273 0.0183 0.0 19.0
-1.9041321 4.6314354 0.0184 3.0 17.0
-2.8712285 5.231294 0.0184 3.0 17.0
-2.8712285 5.231294 0.0185 2.0 18.0
-3.8383248 5.831153 0.0185 2.0 18.0
-3.8383248 5.831153 0.0186 1.0 19.0
-4.805421 6.4310117 0.0186 1.0 19.0
-4.805421 6.4310117 0.0187 0.0 20.0
-5.9386797 6.3269463 0.0187 0.0 20.0
-5.9386797 6.3269463 0.0188 0.0 21.0
-6.780355 5.5609903 0.0188 0.0 21.0
-3.8383248 5.831153 0.0189 1.0 19.0
-4.0484467 4.7126923 0.0189 1.0 19.0
-4.0484467 4.7126923 0.0190 0.0 20.0
-4.890122 3.9467366 0.0190 0.0 20.0
-4.890122 3.9467366 0.0191 0.0 21.0
-6.0233808 3.842671 0.0191 0.0 21.0
-1.707962 0.31973863 0.0192 15.0 13.0
-1.3957433 1.4140992 0.0192 15.0 13.0
-1.3957433 1.4140992 0.0193 14.0 14.0
-1.0835245 2.5084598 0.0193 14.0 14.0
-1.0835245 2.5084598 0.0194 1.0 15.0
-0.7713057 3.6028204 0.0194 1.0 15.0
-0.7713057 3.6028204 0.0195 0.0 16.0
-1.1816094 4.664308 0.0195 0.0 16.0
-1.1816094 4.664308 0.0196 0.0 17.0
-2.1487057 5.264167 0.0196 0.0 17.0
-1.0835245 2.5084598 0.0197 1.0 15.0
-2.2167835 2.4043941 0.0197 1.0 15.0
-2.2167835 2.4043941 0.0198 0.0 16.0
-3.1838799 3.004253 0.0198 0.0 16.0
-3.1838799 3.004253 0.0199 0.0 17.0
-3.5941837 4.0657406 0.0199 0.0 17.0
-1.0835245 2.5084598 0.0200 13.0 15.0
-2.0506208 3.1083183 0.0200 13.0 15.0
-2.0506208 3.1083183 0.0201 12.0 16.0
-3.0177171 3.708177 0.0201 12.0 16.0
-3.0177171 3.708177 0.0202 1.0 17.0
-3.9848135 4.308036 0.0202 1.0 17.0
-3.9848135 4.308036 0.0203 0.0 18.0
-5.1180725 4.20397 0.0203 0.0 18.0
-5.1180725 4.20397 0.0204 0.0 19.0
-5.959748 3.4380143 0.0204 0.0 19.0
-3.0177171 3.708177 0.0205 1.0 17.0
-3.2278392 2.5897164 0.0205 1.0 17.0
-3.2278392 2.5897164 0.0206 0.0 18.0
-4.0695148 1.8237607 0.0206 0.0 18.0
-4.0695148 1.8237607 0.0207 0.0 19.0
-5.2027736 1.7196951 0.0207 0.0 19.0
-3.0177171 3.708177 0.0208 7.0 17.0
-3.8593926 2.9422214 0.0208 7.0 17.0
-3.8593926 2.9422214 0.0209 6.0 18.0
-4.701068 2.1762657 0.0209 6.0 18.0
-4.701068 2.1762657 0.0210 1.0 19.0
-5.542743 1.41031 0.0210 1.0 19.0
-5.542743 1.41031 0.0211 0.0 20.0
-5.7528653 0.29184937 0.0211 0.0 20.0
-5.7528653 0.29184937 0.0212 0.0 21.0
-5.2465615 -0.7273474 0.0212 0.0 21.0
-4.701068 2.1762657 0.0213 1.0 19.0
-3.6828446 1.6680071 0.0213 1.0 19.0
-3.6828446 1.6680071 0.0214 0.0 20.0
-3.1765409 0.6488104 0.0214 0.0 20.0
-3.1765409 0.6488104 0.0215 0.0 21.0
-3.386663 -0.46965027 0.0215 0.0 21.0
-4.701068 2.1762657 0.0216 5.0 19.0
-3.6828446 1.6680071 0.0216 5.0 19.0
-3.6828446 1.6680071 0.0217 4.0 20.0
-2.6646214 1.1597486 0.0217 4.0 20.0
-2.6646214 1.1597486 0.0218 1.0 21.0
-1.646398 0.65149003 0.0218 1.0 21.0
-1.646398 0.65149003 0.0219 0.0 22.0
-0.52753615 0.85946566 0.0219 0.0 22.0
-0.52753615 0.85946566 0.0220 0.0 23.0
0.24003303 1.6996698 0.0220 0.0 23.0
-2.6646214 1.1597486 0.0221 1.0 21.0
-2.5583816 2.2928057 0.0221 1.0 21.0
-2.5583816 2.2928057 0.0222 0.0 22.0
-1.7908124 3.13301 0.0222 0.0 22.0
-1.7908124 3.13301 0.0223 0.0 23.0
-0.6719506 3.3409855 0.0223 0.0 23.0
-2.6646214 1.1597486 0.0224 3.0 21.0
-2.5583816 2.2928057 0.0224 3.0 21.0
-2.5583816 2.2928057 0.0225 2.0 22.0
-2.4521418 3.4258628 0.0225 2.0 22.0
-2.4521418 3.4258628 0.0226 1.0 23.0
-2.345902 4.55892 0.0226 1.0 23.0
-2.345902 4.55892 0.0227 0.0 24.0
-2.943904 5.5271654 0.0227 0.0 24.0
-2.943904 5.5271654 0.0228 0.0 25.0
-4.0046024 5.939505 0.0228 0.0 25.0
-2.4521418 3.4258628 0.0229 1.0 23.0
-3.5470994 3.1157444 0.0229 1.0 23.0
-3.5470994 3.1157444 0.0230 0.0 24.0
-4.607798 3.528084 0.0230 0.0 24.0
-4.607798 3.528084 0.0231 0.0 25.0
-5.2058 4.4963293 0.0231 0.0 25.0
-3.0177171 3.708177 0.0232 7.0 17.0
-1.9994937 3.1999185 0.0232 7.0 17.0
-1.9994937 3.1999185 0.0233 6.0 18.0
-0.9812703 2.69166 0.0233 6.0 18.0
-0.9812703 2.69166 0.0234 1.0 19.0
0.03695309 2.1834013 0.0234 1.0 19.0
0.03695309 2.1834013 0.0235 0.0 20.0
1.1558149 2.391377 0.0235 0.0 20.0
1.1558149 2.391377 0.0236 0.0 21.0
1.9233841 3.2315812 0.0236 0.0 21.0
-0.9812703 2.69166 0.0237 1.0 19.0
-0.87503046 3.824717 0.0237 1.0 19.0
-0.87503046 3.824717 0.0238 0.0 20.0
-0.10746127 4.6649213 0.0238 0.0 20.0
-0.10746127 4.6649213 0.0239 0.0 21.0
1.0114005 4.872897 0.0239 0.0 21.0
-0.9812703 2.69166 0.0240 5.0 19.0
0.13759148 2.8996356 0.0240 5.0 19.0
0.13759148 2.8996356 0.0241 4.0 20.0
1.2564533 3.1076112 0.0241 4.0 20.0
1.2564533 3.1076112 0.0242 1.0 21.0
2.3753152 3.3155868 0.0242 1.0 21.0
2.3753152 3.3155868 0.0243 0.0 22.0
3.1428843 4.155791 0.0243 0.0 22.0
3.1428843 4.155791 0.0244 0.0 23.0
3.249124 5.288848 0.0244 0.0 23.0
1.2564533 3.1076112 0.0245 1.0 21.0
0.6584513 4.0758567 0.0245 1.0 21.0
0.6584513 4.0758567 0.0246 0.0 22.0
0.7646912 5.208914 0.0246 0.0 22.0
0.7646912 5.208914 0.0247 0.0 23.0
1.5322604 6.049118 0.0247 0.0 23.0
1.2564533 3.1076112 0.0248 3.0 21.0
2.0240226 3.9478154 0.0248 3.0 21.0
2.0240226 3.9478154 0.0249 2.0 22.0
2.7915916 4.7880197 0.0249 2.0 22.0
2.7915916 4.7880197 0.0250 1.0 23.0
3.5591607 5.628224 0.0250 1.0 23.0
3.5591607 5.628224 0.0251 0.0 24.0
3.6654005 6.761281 0.0251 0.0 24.0
3.6654005 6.761281 0.0252 0.0 25.0
3.0673985 7.7295265 0.0252 0.0 25.0
2.7915916 4.7880197 0.0253 1.0 23.0
1.730893 5.2003593 0.0253 1.0 23.0
1.730893 5.2003593 0.0254 0.0 24.0
1.132891 6.168605 0.0254 0.0 24.0
1.132891 6.168605 0.0255 0.0 25.0
1.239131 7.301662 0.0255 0.0 25.0
-3.0177171 3.708177 0.0256 11.0 17.0
-1.9994937 3.1999185 0.0256 11.0 17.0
-1.9994937 3.1999185 0.0257 10.0 18.0
-0.9812703 2.69166 0.0257 10.0 18.0
-0.9812703 2.69166 0.0258 1.0 19.0
0.03695309 2.1834013 0.0258 1.0 19.0
0.03695309 2.1834013 0.0259 0.0 20.0
1.1558149 2.391377 0.0259 0.0 20.0
1.1558149 2.391377 0.0260 0.0 21.0
1.9233841 3.2315812 0.0260 0.0 21.0
-0.9812703 2.69166 0.0261 1.0 19.0
-0.87503046 3.824717 0.0261 1.0 19.0
-0.87503046 3.824717 0.0262 0.0 20.0
-0.10746127 4.6649213 0.0262 0.0 20.0
-0.10746127 4.6649213 0.0263 0.0 21.0
1.0114005 4.872897 0.0263 0.0 21.0
-0.9812703 2.69166 0.0264 9.0 19.0
-0.21370113 3.5318642 0.0264 9.0 19.0
-0.21370113 3.5318642 0.0265 8.0 20.0
0.55386806 4.3720684 0.0265 8.0 20.0
0.55386806 4.3720684 0.0266 1.0 21.0
1.3214372 5.2122726 0.0266 1.0 21.0
1.3214372 5.2122726 0.0267 0.0 22.0
1.4276772 6.3453298 0.0267 0.0 22.0
1.4276772 6.3453298 0.0268 0.0 23.0
0.8296752 7.3135753 0.0268 0.0 23.0
0.55386806 4.3720684 0.0269 1.0 21.0
-0.5068306 4.784408 0.0269 1.0 21.0
-0.5068306 4.784408 0.0270 0.0 22.0
-1.1048325 5.7526536 0.0270 0.0 22.0
-1.1048325 5.7526536 0.0271 0.0 23.0
-0.9985927 6.8857107 0.0271 0.0 23.0
0.55386806 4.3720684 0.0272 7.0 21.0
-0.0441339 5.340314 0.0272 7.0 21.0
-0.0441339 5.340314 0.0273 6.0 22.0
-0.64213586 6.3085594 0.0273 6.0 22.0
-0.64213586 6.3085594 0.0274 1.0 23.0
-1.2401378 7.276805 0.0274 1.0 23.0
-1.2401378 7.276805 0.0275 0.0 24.0
-2.3008366 7.6891446 0.0275 0.0 24.0
-2.3008366 7.6891446 0.0276 0.0 25.0
-3.3957942 7.3790264 0.0276 0.0 25.0
-0.64213586 6.3085594 0.0277 1.0 23.0
-1.3290768 5.401246 0.0277 1.0 23.0
-1.3290768 5.401246 0.0278 0.0 24.0
-2.4240344 5.0911274 0.0278 0.0 24.0
-2.4240344 5.0911274 0.0279 0.0 25.0
-3.484733 5.503467 0.0279 0.0 25.0
-0.64213586 6.3085594 0.0280 5.0 23.0
-1.3290768 5.401246 0.0280 5.0 23.0
-1.3290768 5.401246 0.0281 4.0 24.0
-2.0160177 4.4939327 0.0281 4.0 24.0
-2.0160177 4.4939327 0.0282 1.0 25.0
-2.7029586 3.5866194 0.0282 1.0 25.0
-2.7029586 3.5866194 0.0283 0.0 26.0
-2.7044137 2.4485931 0.0283 0.0 26.0
-2.7044137 2.4485931 0.0284 0.0 27.0
-2.019795 1.5395262 0.0284 0.0 27.0
-2.0160177 4.4939327 0.0285 1.0 25.0
-0.92185664 4.1810155 0.0285 1.0 25.0
-0.92185664 4.1810155 0.0286 0.0 26.0
-0.23723787 3.2719486 0.0286 0.0 26.0
-0.23723787 3.2719486 0.0287 0.0 27.0
-0.23869283 2.1339226 0.0287 0.0 27.0
-2.0160177 4.4939327 0.0288 3.0 25.0
-0.92185664 4.1810155 0.0288 3.0 25.0
-0.92185664 4.1810155 0.0289 2.0 26.0
0.17230439 3.8680983 0.0289 2.0 26.0
0.17230439 3.8680983 0.0290 1.0 27.0
1.2664654 3.555181 0.0290 1.0 27.0
1.2664654 3.555181 0.0291 0.0 28.0
2.328215 3.964807 0.0291 0.0 28.0
2.328215 3.964807 0.0292 0.0 29.0
2.9286907 4.9315205 0.0292 0.0 29.0
0.17230439 3.8680983 0.0293 1.0 27.0
0.06896211 5.0014234 0.0293 1.0 27.0
0.06896211 5.0014234 0.0294 0.0 28.0
0.6694379 5.968137 0.0294 0.0 28.0
0.6694379 5.968137 0.0295 0.0 29.0
1.7311873 6.377763 0.0295 0.0 29.0
0.55386806 4.3720684 0.0296 7.0 21.0
-0.13307291 3.464755 0.0296 7.0 21.0
-0.13307291 3.464755 0.0297 6.0 22.0
-0.8200139 2.5574417 0.0297 6.0 22.0
-0.8200139 2.5574417 0.0298 1.0 23.0
-1.5069549 1.6501284 0.0298 1.0 23.0
-1.5069549 1.6501284 0.0299 0.0 24.0
-1.5084099 0.51210225 0.0299 0.0 24.0
-1.5084099 0.51210225 0.0300 0.0 25.0
-0.8237911 -0.39696473 0.0300 0.0 25.0
-0.8200139 2.5574417 0.0301 1.0 23.0
0.27414715 2.2445245 0.0301 1.0 23.0
0.27414715 2.2445245 0.0302 0.0 24.0
0.9587659 1.3354576 0.0302 0.0 24.0
0.9587659 1.3354576 0.0303 0.0 25.0
0.957311 0.19743145 0.0303 0.0 25.0
-0.8200139 2.5574417 0.0304 5.0 23.0
-0.82146883 1.4194156 0.0304 5.0 23.0
-0.82146883 1.4194156 0.0305 4.0 24.0
-0.8229238 0.28138947 0.0305 4.0 24.0
-0.8229238 0.28138947 0.0306 1.0 25.0
-0.8243787 -0.85663664 0.0306 1.0 25.0
-0.8243787 -0.85663664 0.0307 0.0 26.0
-0.13975996 -1.7657037 0.0307 0.0 26.0
-0.13975996 -1.7657037 0.0308 0.0 27.0
0.9544011 -2.078621 0.0308 0.0 27.0
-0.8229238 0.28138947 0.0309 1.0 25.0
0.23882568 0.6910156 0.0309 1.0 25.0
0.23882568 0.6910156 0.0310 0.0 26.0
1.3329867 0.37809837 0.0310 0.0 26.0
1.3329867 0.37809837 0.0311 0.0 27.0
2.0176055 -0.5309686 0.0311 0.0 27.0
-0.8229238 0.28138947 0.0312 3.0 25.0
-0.13830501 -0.6276775 0.0312 3.0 25.0
-0.13830501 -0.6276775 0.0313 2.0 26.0
0.54631376 -1.5367445 0.0313 2.0 26.0
0.54631376 -1.5367445 0.0314 1.0 27.0
1.2309325 -2.4458115 0.0314 1.0 27.0
1.2309325 -2.4458115 0.0315 0.0 28.0
2.3250935 -2.7587287 0.0315 0.0 28.0
2.3250935 -2.7587287 0.0316 0.0 29.0
3.386843 -2.3491025 0.0316 0.0 29.0
0.54631376 -1.5367445 0.0317 1.0 27.0
1.1467896 -0.5700312 0.0317 1.0 27.0
1.1467896 -0.5700312 0.0318 0.0 28.0
2.208539 -0.1604051 0.0318 0.0 28.0
2.208539 -0.1604051 0.0319 0.0 29.0
3.3027 -0.47332233 0.0319 0.0 29.0
1.3816128 2.2306285 0.0320 19.0 9.0
1.69243 1.135869 0.0320 19.0 9.0
1.69243 1.135869 0.0321 18.0 10.0
2.0032473 0.041109562 0.0321 18.0 10.0
2.0032473 0.041109562 0.0322 1.0 11.0
2.3140645 -1.0536499 0.0322 1.0 11.0
2.3140645 -1.0536499 0.0323 0.0 12.0
3.2218163 -1.7400116 0.0323 0.0 12.0
3.2218163 -1.7400116 0.0324 0.0 13.0
4.3598433 -1.7407402 0.0324 0.0 13.0
2.0032473 0.041109562 0.0325 1.0 11.0
2.9118772 0.7263084 0.0325 1.0 11.0
2.9118772 0.7263084 0.0326 0.0 12.0
4.049904 0.72557986 0.0326 0.0 12.0
4.049904 0.72557986 0.0327 0.0 13.0
4.9576554 0.039218187 0.0327 0.0 13.0
2.0032473 0.041109562 0.0328 17.0 11.0
3.141274 0.040380992 0.0328 17.0 11.0
3.141274 0.040380992 0.0329 16.0 12.0
4.2793007 0.039652422 0.0329 16.0 12.0
4.2793007 0.039652422 0.0330 1.0 13.0
5.4173274 0.038923852 0.0330 1.0 13.0
5.4173274 0.038923852 0.0331 0.0 14.0
6.3259573 0.7241227 0.0331 0.0 14.0
6.3259573 0.7241227 0.0332 0.0 15.0
6.638176 1.8184834 0.0332 0.0 15.0
4.2793007 0.039652422 0.0333 1.0 13.0
3.8689969 1.1011403 0.0333 1.0 13.0
3.8689969 1.1011403 0.0334 0.0 14.0
4.181216 2.1955009 0.0334 0.0 14.0
4.181216 2.1955009 0.0335 0.0 15.0
5.0898457 2.8806996 0.0335 0.0 15.0
4.2793007 0.039652422 0.0336 7.0 13.0
4.5915194 1.134013 0.0336 7.0 13.0
4.5915194 1.134013 0.0337 6.0 14.0
4.903738 2.2283735 0.0337 6.0 14.0
4.903738 2.2283735 0.0338 1.0 15.0
5.2159567 3.322734 0.0338 1.0 15.0
5.2159567 3.322734 0.0339 0.0 16.0
4.805653 4.384222 0.0339 0.0 16.0
4.805653 4.384222 0.0340 0.0 17.0
3.8385568 4.984081 0.0340 0.0 17.0
4.903738 2.2283735 0.0341 1.0 15.0
3.7704792 2.1243079 0.0341 1.0 15.0
3.7704792 2.1243079 0.0342 0.0 16.0
2.8033829 2.7241664 0.0342 0.0 16.0
2.8033829 2.7241664 0.0343 0.0 17.0
2.393079 3.785654 0.0343 0.0 17.0
4.903738 2.2283735 0.0344 5.0 15.0
3.7704792 2.1243079 0.0344 5.0 15.0
3.7704792 2.1243079 0.0345 4.0 16.0
2.6372204 2.0202422 0.0345 4.0 16.0
2.6372204 2.0202422 0.0346 1.0 17.0
1.5039614 1.9161766 0.0346 1.0 17.0
1.5039614 1.9161766 0.0347 0.0 18.0
0.66228604 1.1502209 0.0347 0.0 18.0
0.66228604 1.1502209 0.0348 0.0 19.0
0.45216402 0.031760216 0.0348 0.0 19.0
2.6372204 2.0202422 0.0349 1.0 17.0
3.1435242 1.0010455 0.0349 1.0 17.0
3.1435242 1.0010455 0.0350 0.0 18.0
2.933402 -0.11741519 0.0350 0.0 18.0
2.933402 -0.11741519 0.0351 0.0 19.0
2.0917268 -0.8833709 0.0351 0.0 19.0
2.6372204 2.0202422 0.0352 3.0 17.0
3.1435242 1.0010455 0.0352 3.0 17.0
3.1435242 1.0010455 0.0353 2.0 18.0
3.649828 -0.018151283 0.0353 2.0 18.0
3.649828 -0.018151283 0.0354 1.0 19.0
4.1561317 -1.037348 0.0354 1.0 19.0
4.1561317 -1.037348 0.0355 0.0 20.0
5.174355 -1.5456066 0.0355 0.0 20.0
5.174355 -1.5456066 0.0356 0.0 21.0
6.2932167 -1.337631 0.0356 0.0 21.0
3.649828 -0.018151283 0.0357 1.0 19.0
4.417397 0.8220529 0.0357 1.0 19.0
4.417397 0.8220529 0.0358 0.0 20.0
5.5362587 1.0300286 0.0358 0.0 20.0
5.5362587 1.0300286 0.0359 0.0 21.0
6.554482 0.52177006 0.0359 0.0 21.0
4.2793007 0.039652422 0.0360 7.0 13.0
3.1460419 -0.064413235 0.0360 7.0 13.0
3.1460419 -0.064413235 0.0361 6.0 14.0
2.012783 -0.16847889 0.0361 6.0 14.0
2.012783 -0.16847889 0.0362 1.0 15.0
0.8795241 -0.27254456 0.0362 1.0 15.0
0.8795241 -0.27254456 0.0363 0.0 16.0
0.03784871 -1.0385003 0.0363 0.0 16.0
0.03784871 -1.0385003 0.0364 0.0 17.0
-0.17227331 -2.156961 0.0364 0.0 17.0
2.012783 -0.16847889 0.0365 1.0 15.0
2.5190868 -1.1876756 0.0365 1.0 15.0
2.5190868 -1.1876756 0.0366 0.0 16.0
2.3089647 -2.3061361 0.0366 0.0 16.0
2.3089647 -2.3061361 0.0367 0.0 17.0
1.4672893 -3.0720918 0.0367 0.0 17.0
2.012783 -0.16847889 0.0368 5.0 15.0
1.1711076 -0.9344346 0.0368 5.0 15.0
1.1711076 -0.9344346 0.0369 4.0 16.0
0.32943225 -1.7003903 0.0369 4.0 16.0
0.32943225 -1.7003903 0.0370 1.0 17.0
-0.51224315 -2.466346 0.0370 1.0 17.0
-0.51224315 -2.466346 0.0371 0.0 18.0
-0.72236514 -3.5848067 0.0371 0.0 18.0
-0.72236514 -3.5848067 0.0372 0.0 19.0
-0.21606123 -4.6040034 0.0372 0.0 19.0
0.32943225 -1.7003903 0.0373 1.0 17.0
1.3476557 -2.208649 0.0373 1.0 17.0
1.3476557 -2.208649 0.0374 0.0 18.0
1.8539596 -3.2278457 0.0374 0.0 18.0
1.8539596 -3.2278457 0.0375 0.0 19.0
1.6438376 -4.3463063 0.0375 0.0 19.0
0.32943225 -1.7003903 0.0376 3.0 17.0
0.11931023 -2.818851 0.0376 3.0 17.0
0.11931023 -2.818851 0.0377 2.0 18.0
-0.09081179 -3.9373116 0.0377 2.0 18.0
-0.09081179 -3.9373116 0.0378 1.0 19.0
-0.3009338 -5.0557723 0.0378 1.0 19.0
-0.3009338 -5.0557723 0.0379 0.0 20.0
0.2053701 -6.0749693 0.0379 0.0 20.0
0.2053701 -6.0749693 0.0380 0.0 21.0
1.2235935 -6.5832276 0.0380 0.0 21.0
-0.09081179 -3.9373116 0.0381 1.0 19.0
1.02805 -3.729336 0.0381 1.0 19.0
1.02805 -3.729336 0.0382 0.0 20.0
2.0462732 -4.2375946 0.0382 0.0 20.0
2.0462732 -4.2375946 0.0383 0.0 21.0
2.552577 -5.256791 0.0383 0.0 21.0
4.2793007 0.039652422 0.0384 15.0 13.0
3.8689969 1.1011403 0.0384 15.0 13.0
3.8689969 1.1011403 0.0385 14.0 14.0
3.458693 2.1626282 0.0385 14.0 14.0
3.458693 2.1626282 0.0386 1.0 15.0
3.0483892 3.2241158 0.0386 1.0 15.0
3.0483892 3.2241158 0.0387 0.0 16.0
2.0812929 3.8239746 0.0387 0.0 16.0
2.0812929 3.8239746 0.0388 0.0 17.0
0.9480339 3.719909 0.0388 0.0 17.0
3.458693 2.1626282 0.0389 1.0 15.0
2.6170177 1.3966725 0.0389 1.0 15.0
2.6170177 1.3966725 0.0390 0.0 16.0
1.4837588 1.2926068 0.0390 0.0 16.0
1.4837588 1.2926068 0.0391 0.0 17.0
0.51666254 1.8924655 0.0391 0.0 17.0
3.458693 2.1626282 0.0392 13.0 15.0
2.3254342 2.0585625 0.0392 13.0 15.0
2.3254342 2.0585625 0.0393 12.0 16.0
1.1921753 1.9544969 0.0393 12.0 16.0
1.1921753 1.9544969 0.0394 1.0 17.0
0.05891633 1.8504312 0.0394 1.0 17.0
0.05891633 1.8504312 0.0395 0.0 18.0
-0.7827591 1.0844755 0.0395 0.0 18.0
-0.7827591 1.0844755 0.0396 0.0 19.0
-0.99288106 -0.033985138 0.0396 0.0 19.0
1.1921753 1.9544969 0.0397 1.0 17.0
1.6984792 0.9353001 0.0397 1.0 17.0
1.6984792 0.9353001 0.0398 0.0 18.0
1.4883572 -0.18316054 0.0398 0.0 18.0
1.4883572 -0.18316054 0.0399 0.0 19.0
0.6466818 -0.94911623 0.0399 0.0 19.0
1.1921753 1.9544969 0.0400 7.0 17.0
0.9820533 0.8360362 0.0400 7.0 17.0
0.9820533 0.8360362 0.0401 6.0 18.0
0.7719313 -0.28242445 0.0401 6.0 18.0
0.7719313 -0.28242445 0.0402 1.0 19.0
0.5618093 -1.4008851 0.0402 1.0 19.0
0.5618093 -1.4008851 0.0403 0.0 20.0
1.0681132 -2.4200819 0.0403 0.0 20.0
1.0681132 -2.4200819 0.0404 0.0 21.0
2.0863366 -2.9283404 0.0404 0.0 21.0
0.7719313 -0.28242445 0.0405 1.0 19.0
1.8907931 -0.07444881 0.0405 1.0 19.0
1.8907931 -0.07444881 0.0406 0.0 20.0
2.9090166 -0.58270735 0.0406 0.0 20.0
2.9090166 -0.58270735 0.0407 0.0 21.0
3.4153204 -1.6019042 0.0407 0.0 21.0
0.7719313 -0.28242445 0.0408 5.0 19.0
1.8907931 -0.07444881 0.0408 5.0 19.0
1.8907931 -0.07444881 0.0409 4.0 20.0
3.009655 0.13352683 0.0409 4.0 20.0
3.009655 0.13352683 0.0410 1.0 21.0
4.1285167 0.3415025 0.0410 1.0 21.0
4.1285167 0.3415025 0.0411 0.0 22.0
4.8960857 1.1817067 0.0411 0.0 22.0
4.8960857 1.1817067 0.0412 0.0 23.0
5.0023255 2.314764 0.0412 0.0 23.0
3.009655 0.13352683 0.0413 1.0 21.0
2.411653 1.1017723 0.0413 1.0 21.0
2.411653 1.1017723 0.0414 0.0 22.0
2.5178928 2.2348294 0.0414 0.0 22.0
2.5178928 2.2348294 0.0415 0.0 23.0
3.285462 3.0750337 0.0415 0.0 23.0
3.009655 0.13352683 0.0416 3.0 21.0
2.411653 1.1017723 0.0416 3.0 21.0
2.411653 1.1017723 0.0417 2.0 22.0
1.8136511 2.0700178 0.0417 2.0 22.0
1.8136511 2.0700178 0.0418 1.0 23.0
1.2156491 3.0382633 0.0418 1.0 23.0
1.2156491 3.0382633 0.0419 0.0 24.0
0.1549505 3.450603 0.0419 0.0 24.0
0.1549505 3.450603 0.0420 0.0 25.0
-0.9400071 3.1404846 0.0420 0.0 25.0
1.8136511 2.0700178 0.0421 1.0 23.0
1.1267102 1.1627045 0.0421 1.0 23.0
1.1267102 1.1627045 0.0422 0.0 24.0
0.031752586 0.85258603 0.0422 0.0 24.0
0.031752586 0.85258603 0.0423 0.0 25.0
-1.028946 1.2649257 0.0423 0.0 25.0
1.1921753 1.9544969 0.0424 7.0 17.0
2.311037 2.1624725 0.0424 7.0 17.0
2.311037 2.1624725 0.0425 6.0 18.0
3.4298987 2.370448 0.0425 6.0 18.0
3.4298987 2.370448 0.0426 1.0 19.0
4.5487604 2.5784237 0.0426 1.0 19.0
4.5487604 2.5784237 0.0427 0.0 20.0
5.3163295 3.418628 0.0427 0.0 20.0
5.3163295 3.418628 0.0428 0.0 21.0
5.4225693 4.5516853 0.0428 0.0 21.0
3.4298987 2.370448 0.0429 1.0 19.0
2.8318968 3.3386936 0.0429 1.0 19.0
2.8318968 3.3386936 0.0430 0.0 20.0
2.9381366 4.4717507 0.0430 0.0 20.0
2.9381366 4.4717507 0.0431 0.0 21.0
3.7057056 5.311955 0.0431 0.0 21.0
3.4298987 2.370448 0.0432 5.0 19.0
4.197468 3.2106524 0.0432 5.0 19.0
4.197468 3.2106524 0.0433 4.0 20.0
4.965037 4.0508566 0.0433 4.0 20.0
4.965037 4.0508566 0.0434 1.0 21.0
5.732606 4.891061 0.0434 1.0 21.0
5.732606 4.891061 0.0435 0.0 22.0
5.8388457 6.024118 0.0435 0.0 22.0
5.8388457 6.024118 0.0436 0.0 23.0
5.240844 6.9923635 0.0436 0.0 23.0
4.965037 4.0508566 0.0437 1.0 21.0
3.9043384 4.4631963 0.0437 1.0 21.0
3.9043384 4.4631963 0.0438 0.0 22.0
3.3063364 5.431442 0.0438 0.0 22.0
3.3063364 5.431442 0.0439 0.0 23.0
3.4125762 6.564499 0.0439 0.0 23.0
4.965037 4.0508566 0.0440 3.0 21.0
5.0712767 5.1839137 0.0440 3.0 21.0
5.0712767 5.1839137 0.0441 2.0 22.0
5.1775165 6.316971 0.0441 2.0 22.0
5.1775165 6.316971 0.0442 1.0 23.0
5.2837563 7.450028 0.0442 1.0 23.0
5.2837563 7.450028 0.0443 0.0 24.0
4.6857543 8.418274 0.0443 0.0 24.0
4.6857543 8.418274 0.0444 0.0 25.0
3.6250558 8.830614 0.0444 0.0 25.0
5.1775165 6.316971 0.0445 1.0 23.0
4.0825586 6.006852 0.0445 1.0 23.0
4.0825586 6.006852 0.0446 0.0 24.0
3.0218601 6.419192 0.0446 0.0 24.0
3.0218601 6.419192 0.0447 0.0 25.0
2.4238582 7.3874373 0.0447 0.0 25.0
1.1921753 1.9544969 0.0448 11.0 17.0
1.6984792 0.9353001 0.0448 11.0 17.0
1.6984792 0.9353001 0.0449 10.0 18.0
2.204783 -0.08389664 0.0449 10.0 18.0
2.204783 -0.08389664 0.0450 1.0 19.0
2.7110868 -1.1030934 0.0450 1.0 19.0
2.7110868 -1.1030934 0.0451 0.0 20.0
3.72931 -1.611352 0.0451 0.0 20.0
3.72931 -1.611352 0.0452 0.0 21.0
4.8481717 -1.4033763 0.0452 0.0 21.0
2.204783 -0.08389664 0.0453 1.0 19.0
2.972352 0.75630754 0.0453 1.0 19.0
2.972352 0.75630754 0.0454 0.0 20.0
4.0912137 0.96428317 0.0454 0.0 20.0
4.0912137 0.96428317 0.0455 0.0 21.0
5.109437 0.45602465 0.0455 0.0 21.0
2.204783 -0.08389664 0.0456 9.0 19.0
3.3236446 0.124079004 0.0456 9.0 19.0
3.3236446 0.124079004 0.0457 8.0 20.0
4.4425063 0.33205464 0.0457 8.0 20.0
4.4425063 0.33205464 0.0458 1.0 21.0
5.561368 0.5400303 0.0458 1.0 21.0
5.561368 0.5400303 0.0459 0.0 22.0
6.328937 1.3802345 0.0459 0.0 22.0
6.328937 1.3802345 0.0460 0.0 23.0
6.435177 2.5132918 0.0460 0.0 23.0
4.4425063 0.33205464 0.0461 1.0 21.0
3.8445044 1.3003001 0.0461 1.0 21.0
3.8445044 1.3003001 0.0462 0.0 22.0
3.9507442 2.4333572 0.0462 0.0 22.0
3.9507442 2.4333572 0.0463 0.0 23.0
4.718313 3.2735615 0.0463 0.0 23.0
4.4425063 0.33205464 0.0464 7.0 21.0
4.548746 1.4651119 0.0464 7.0 21.0
4.548746 1.4651119 0.0465 6.0 22.0
4.654986 2.598169 0.0465 6.0 22.0
4.654986 2.598169 0.0466 1.0 23.0
4.7612257 3.7312264 0.0466 1.0 23.0
4.7612257 3.7312264 0.0467 0.0 24.0
4.1632237 4.699472 0.0467 0.0 24.0
4.1632237 4.699472 0.0468 0.0 25.0
3.1025252 5.1118116 0.0468 0.0 25.0
4.654986 2.598169 0.0469 1.0 23.0
3.5600283 2.2880507 0.0469 1.0 23.0
3.5600283 2.2880507 0.0470 0.0 24.0
2.4993296 2.7003903 0.0470 0.0 24.0
2.4993296 2.7003903 0.0471 0.0 25.0
1.9013276 3.6686358 0.0471 0.0 25.0
4.654986 2.598169 0.0472 5.0 23.0
3.5600283 2.2880507 0.0472 5.0 23.0
3.5600283 2.2880507 0.0473 4.0 24.0
2.4650707 1.9779322 0.0473 4.0 24.0
2.4650707 1.9779322 0.0474 1.0 25.0
1.3701131 1.6678138 0.0474 1.0 25.0
1.3701131 1.6678138 0.0475 0.0 26.0
0.68317217 0.7605004 0.0475 0.0 26.0
0.68317217 0.7605004 0.0476 0.0 27.0
0.6817172 -0.37752575 0.0476 0.0 27.0
2.4650707 1.9779322 0.0477 1.0 25.0
3.1496894 1.0688653 0.0477 1.0 25.0
3.1496894 1.0688653 0.0478 0.0 26.0
3.1482344 -0.06916082 0.0478 0.0 26.0
3.1482344 -0.06916082 0.0479 0.0 27.0
2.4612935 -0.9764742 0.0479 0.0 27.0
2.4650707 1.9779322 0.0480 3.0 25.0
3.1496894 1.0688653 0.0480 3.0 25.0
3.1496894 1.0688653 0.0481 2.0 26.0
3.8343081 0.15979832 0.0481 2.0 26.0
3.8343081 0.15979832 0.0482 1.0 27.0
4.518927 -0.74926865 0.0482 1.0 27.0
4.518927 -0.74926865 0.0483 0.0 28.0
5.613088 -1.0621859 0.0483 0.0 28.0
5.613088 -1.0621859 0.0484 0.0 29.0
6.6748376 -0.65255976 0.0484 0.0 29.0
3.8343081 0.15979832 0.0485 1.0 27.0
4.434784 1.1265116 0.0485 1.0 27.0
4.434784 1.1265116 0.0486 0.0 28.0
5.4965334 1.5361377 0.0486 0.0 28.0
5.4965334 1.5361377 0.0487 0.0 29.0
6.5906944 1.2232205 0.0487 0.0 29.0
4.4425063 0.33205464 0.0488 7.0 21.0
3.3475487 0.021936208 0.0488 7.0 21.0
3.3475487 0.021936208 0.0489 6.0 22.0
2.2525911 -0.28818223 0.0489 6.0 22.0
2.2525911 -0.28818223 0.0490 1.0 23.0
1.1576335 -0.5983007 0.0490 1.0 23.0
1.1576335 -0.5983007 0.0491 0.0 24.0
0.47069257 -1.505614 0.0491 0.0 24.0
0.47069257 -1.505614 0.0492 0.0 25.0
0.4692376 -2.64364 0.0492 0.0 25.0
2.2525911 -0.28818223 0.0493 1.0 23.0
2.9372098 -1.1972492 0.0493 1.0 23.0
2.9372098 -1.1972492 0.0494 0.0 24.0
2.9357548 -2.3352752 0.0494 0.0 24.0
2.9357548 -2.3352752 0.0495 0.0 25.0
2.2488139 -3.2425885 0.0495 0.0 25.0
2.2525911 -0.28818223 0.0496 5.0 23.0
1.5656502 -1.1954956 0.0496 5.0 23.0
1.5656502 -1.1954956 0.0497 4.0 24.0
0.87870926 -2.102809 0.0497 4.0 24.0
0.87870926 -2.102809 0.0498 1.0 25.0
0.19176829 -3.0101223 0.0498 1.0 25.0
0.19176829 -3.0101223 0.0499 0.0 26.0
0.19031332 -4.1481485 0.0499 0.0 26.0
0.19031332 -4.1481485 0.0500 0.0 27.0
0.8749321 -5.0572157 0.0500 0.0 27.0
0.87870926 -2.102809 0.0501 1.0 25.0
1.9728703 -2.4157262 0.0501 1.0 25.0
1.9728703 -2.4157262 0.0502 0.0 26.0
2.657489 -3.324793 0.0502 0.0 26.0
2.657489 -3.324793 0.0503 0.0 27.0
2.656034 -4.462819 0.0503 0.0 27.0
0.87870926 -2.102809 0.0504 3.0 25.0
0.8772543 -3.2408352 0.0504 3.0 25.0
0.8772543 -3.2408352 0.0505 2.0 26.0
0.87579936 -4.3788614 0.0505 2.0 26.0
0.87579936 -4.3788614 0.0506 1.0 27.0
0.8743444 -5.5168877 0.0506 1.0 27.0
0.8743444 -5.5168877 0.0507 0.0 28.0
1.5589632 -6.425955 0.0507 0.0 28.0
1.5589632 -6.425955 0.0508 0.0 29.0
2.6531243 -6.738872 0.0508 0.0 29.0
0.87579936 -4.3788614 0.0509 1.0 27.0
1.9375489 -3.9692354 0.0509 1.0 27.0
1.9375489 -3.9692354 0.0510 0.0 28.0
3.03171 -4.2821527 0.0510 0.0 28.0
3.03171 -4.2821527 0.0511 0.0 29.0
3.7163286 -5.19122 0.0511 0.0 29.0
