0.0 0.0 0.00 43.0 1.0
0.0 3.2264128 0.00 43.0 1.0
0.0 3.2264128 0.01 42.0 2.0
0.0 6.4528255 0.01 42.0 2.0
0.0 6.4528255 0.02 41.0 3.0
0.0 9.679238 0.02 41.0 3.0
0.0 9.679238 0.03 40.0 4.0
0.0 12.905651 0.03 40.0 4.0
0.0 12.905651 0.04 39.0 5.0
0.0 16.132065 0.04 39.0 5.0
0.0 16.132065 0.05 38.0 6.0
0.0 19.358479 0.05 38.0 6.0
0.0 19.358479 0.06 37.0 7.0
0.0 22.584892 0.06 37.0 7.0
0.0 22.584892 0.07 36.0 8.0
0.0 25.811306 0.07 36.0 8.0
0.0 25.811306 0.08 19.0 9.0
1.3987697 28.718742 0.08 19.0 9.0
1.3987697 28.718742 0.09 18.0 10.0
2.7975395 31.626179 0.09 18.0 10.0
2.7975395 31.626179 0.010 17.0 11.0
4.196309 34.533615 0.010 17.0 11.0
4.196309 34.533615 0.011 16.0 12.0
5.595079 37.44105 0.011 16.0 12.0
5.595079 37.44105 0.012 7.0 13.0
8.116041 39.454628 0.012 7.0 13.0
8.116041 39.454628 0.013 6.0 14.0
10.637004 41.468204 0.013 6.0 14.0
10.637004 41.468204 0.014 1.0 15.0
13.781693 42.189777 0.014 1.0 15.0
13.781693 42.189777 0.015 0.0 16.0
16.926382 42.91135 0.015 0.0 16.0
16.926382 42.91135 0.016 0.0 17.0
20.073002 42.198246 0.016 0.0 17.0
10.637004 41.468204 0.017 1.0 15.0
13.783625 40.7551 0.017 1.0 15.0
13.783625 40.7551 0.018 0.0 16.0
16.930244 40.041996 0.018 0.0 16.0
16.930244 40.041996 0.019 0.0 17.0
19.45662 38.035217 0.019 0.0 17.0
10.637004 41.468204 0.020 5.0 15.0
13.157967 43.48178 0.020 5.0 15.0
13.157967 43.48178 0.021 4.0 16.0
15.678929 45.495358 0.021 4.0 16.0
15.678929 45.495358 0.022 3.0 17.0
18.823618 46.21693 0.022 3.0 17.0
18.823618 46.21693 0.023 2.0 18.0
21.968307 46.938503 0.023 2.0 18.0
21.968307 46.938503 0.024 1.0 19.0
25.112997 47.660076 0.024 1.0 19.0
25.112997 47.660076 0.025 0.0 20.0
28.257687 48.38165 0.025 0.0 20.0
28.257687 48.38165 0.026 0.0 21.0
31.404308 47.668545 0.026 0.0 21.0
15.678929 45.495358 0.027 1.0 17.0
18.823618 46.21693 0.027 1.0 17.0
18.823618 46.21693 0.028 0.0 18.0
21.968307 46.938503 0.028 0.0 18.0
21.968307 46.938503 0.029 0.0 19.0
25.11493 46.2254 0.029 0.0 19.0
5.595079 37.44105 0.030 7.0 13.0
6.993849 40.348488 0.030 7.0 13.0
6.993849 40.348488 0.031 6.0 14.0
8.392618 43.255924 0.031 6.0 14.0
8.392618 43.255924 0.032 1.0 15.0
10.913581 45.2695 0.032 1.0 15.0
10.913581 45.2695 0.033 0.0 16.0
13.434544 47.283077 0.033 0.0 16.0
13.434544 47.283077 0.034 0.0 17.0
16.579233 48.00465 0.034 0.0 17.0
8.392618 43.255924 0.035 1.0 15.0
11.537308 43.977497 0.035 1.0 15.0
11.537308 43.977497 0.036 0.0 16.0
14.681997 44.69907 0.036 0.0 16.0
14.681997 44.69907 0.037 0.0 17.0
17.828617 43.985966 0.037 0.0 17.0
8.392618 43.255924 0.038 5.0 15.0
9.791388 46.16336 0.038 5.0 15.0
9.791388 46.16336 0.039 4.0 16.0
11.190157 49.070797 0.039 4.0 16.0
11.190157 49.070797 0.040 3.0 17.0
13.71112 51.084373 0.040 3.0 17.0
13.71112 51.084373 0.041 2.0 18.0
16.232082 53.09795 0.041 2.0 18.0
16.232082 53.09795 0.042 1.0 19.0
18.753044 55.111526 0.042 1.0 19.0
18.753044 55.111526 0.043 0.0 20.0
21.274006 57.125103 0.043 0.0 20.0
21.274006 57.125103 0.044 0.0 21.0
24.418695 57.846676 0.044 0.0 21.0
11.190157 49.070797 0.045 1.0 17.0
13.71112 51.084373 0.045 1.0 17.0
13.71112 51.084373 0.046 0.0 18.0
16.232082 53.09795 0.046 0.0 18.0
16.232082 53.09795 0.047 0.0 19.0
19.376772 53.819523 0.047 0.0 19.0
5.595079 37.44105 0.048 15.0 13.0
6.993849 40.348488 0.048 15.0 13.0
6.993849 40.348488 0.049 14.0 14.0
8.392618 43.255924 0.049 14.0 14.0
8.392618 43.255924 0.050 13.0 15.0
9.791388 46.16336 0.050 13.0 15.0
9.791388 46.16336 0.051 12.0 16.0
11.190157 49.070797 0.051 12.0 16.0
11.190157 49.070797 0.052 11.0 17.0
11.190157 52.29721 0.052 11.0 17.0
11.190157 52.29721 0.053 10.0 18.0
11.190157 55.523624 0.053 10.0 18.0
11.190157 55.523624 0.054 9.0 19.0
11.190157 58.75004 0.054 9.0 19.0
11.190157 58.75004 0.055 8.0 20.0
11.190157 61.97645 0.055 8.0 20.0
11.190157 61.97645 0.056 7.0 21.0
11.190157 65.202866 0.056 7.0 21.0
11.190157 65.202866 0.057 6.0 22.0
11.190157 68.429276 0.057 6.0 22.0
11.190157 68.429276 0.058 1.0 23.0
12.588926 71.33671 0.058 1.0 23.0
12.588926 71.33671 0.059 0.0 24.0
13.987696 74.24414 0.059 0.0 24.0
13.987696 74.24414 0.060 0.0 25.0
16.50866 76.25771 0.060 0.0 25.0
11.190157 68.429276 0.061 1.0 23.0
13.71112 70.44285 0.061 1.0 23.0
13.71112 70.44285 0.062 0.0 24.0
16.232082 72.45642 0.062 0.0 24.0
16.232082 72.45642 0.063 0.0 25.0
19.376772 73.17799 0.063 0.0 25.0
11.190157 68.429276 0.064 5.0 23.0
11.190157 71.655685 0.064 5.0 23.0
11.190157 71.655685 0.065 4.0 24.0
11.190157 74.882095 0.065 4.0 24.0
11.190157 74.882095 0.066 3.0 25.0
12.588926 77.78953 0.066 3.0 25.0
12.588926 77.78953 0.067 2.0 26.0
13.987696 80.69696 0.067 2.0 26.0
13.987696 80.69696 0.068 1.0 27.0
15.386465 83.60439 0.068 1.0 27.0
15.386465 83.60439 0.069 0.0 28.0
16.785234 86.511826 0.069 0.0 28.0
16.785234 86.511826 0.070 0.0 29.0
19.306198 88.5254 0.070 0.0 29.0
11.190157 74.882095 0.071 1.0 25.0
12.588926 77.78953 0.071 1.0 25.0
12.588926 77.78953 0.072 0.0 26.0
13.987696 80.69696 0.072 0.0 26.0
13.987696 80.69696 0.073 0.0 27.0
16.50866 82.71053 0.073 0.0 27.0
11.190157 49.070797 0.074 7.0 17.0
13.71112 51.084373 0.074 7.0 17.0
13.71112 51.084373 0.075 6.0 18.0
16.232082 53.09795 0.075 6.0 18.0
16.232082 53.09795 0.076 1.0 19.0
19.376772 53.819523 0.076 1.0 19.0
19.376772 53.819523 0.077 0.0 20.0
22.521461 54.541096 0.077 0.0 20.0
22.521461 54.541096 0.078 0.0 21.0
25.668083 53.82799 0.078 0.0 21.0
16.232082 53.09795 0.079 1.0 19.0
19.378704 52.384846 0.079 1.0 19.0
19.378704 52.384846 0.080 0.0 20.0
22.525326 51.67174 0.080 0.0 20.0
22.525326 51.67174 0.081 0.0 21.0
25.0517 49.664963 0.081 0.0 21.0
16.232082 53.09795 0.082 5.0 19.0
18.753044 55.111526 0.082 5.0 19.0
18.753044 55.111526 0.083 4.0 20.0
21.274006 57.125103 0.083 4.0 20.0
21.274006 57.125103 0.084 3.0 21.0
24.418695 57.846676 0.084 3.0 21.0
24.418695 57.846676 0.085 2.0 22.0
27.563385 58.56825 0.085 2.0 22.0
27.563385 58.56825 0.086 1.0 23.0
30.708075 59.28982 0.086 1.0 23.0
30.708075 59.28982 0.087 0.0 24.0
33.852764 60.011395 0.087 0.0 24.0
33.852764 60.011395 0.088 0.0 25.0
36.999386 59.29829 0.088 0.0 25.0
21.274006 57.125103 0.089 1.0 21.0
24.418695 57.846676 0.089 1.0 21.0
24.418695 57.846676 0.090 0.0 22.0
27.563385 58.56825 0.090 0.0 22.0
27.563385 58.56825 0.091 0.0 23.0
30.710007 57.855145 0.091 0.0 23.0
0.0 25.811306 0.092 19.0 9.0
0.0 29.03772 0.092 19.0 9.0
0.0 29.03772 0.093 18.0 10.0
0.0 32.264133 0.093 18.0 10.0
0.0 32.264133 0.094 17.0 11.0
0.0 35.490547 0.094 17.0 11.0
0.0 35.490547 0.095 16.0 12.0
0.0 38.71696 0.095 16.0 12.0
0.0 38.71696 0.096 7.0 13.0
1.3987697 41.624397 0.096 7.0 13.0
1.3987697 41.624397 0.097 6.0 14.0
2.7975395 44.531834 0.097 6.0 14.0
2.7975395 44.531834 0.098 1.0 15.0
5.3185024 46.54541 0.098 1.0 15.0
5.3185024 46.54541 0.099 0.0 16.0
7.839465 48.558987 0.099 0.0 16.0
7.839465 48.558987 0.0100 0.0 17.0
10.984155 49.28056 0.0100 0.0 17.0
2.7975395 44.531834 0.0101 1.0 15.0
5.942229 45.253407 0.0101 1.0 15.0
5.942229 45.253407 0.0102 0.0 16.0
9.086918 45.97498 0.0102 0.0 16.0
9.086918 45.97498 0.0103 0.0 17.0
12.233539 45.261875 0.0103 0.0 17.0
2.7975395 44.531834 0.0104 5.0 15.0
4.196309 47.43927 0.0104 5.0 15.0
4.196309 47.43927 0.0105 4.0 16.0
5.595079 50.346706 0.0105 4.0 16.0
5.595079 50.346706 0.0106 3.0 17.0
8.116041 52.360283 0.0106 3.0 17.0
8.116041 52.360283 0.0107 2.0 18.0
10.637004 54.37386 0.0107 2.0 18.0
10.637004 54.37386 0.0108 1.0 19.0
13.157967 56.387436 0.0108 1.0 19.0
13.157967 56.387436 0.0109 0.0 20.0
15.678929 58.401012 0.0109 0.0 20.0
15.678929 58.401012 0.0110 0.0 21.0
18.823618 59.122585 0.0110 0.0 21.0
5.595079 50.346706 0.0111 1.0 17.0
8.116041 52.360283 0.0111 1.0 17.0
8.116041 52.360283 0.0112 0.0 18.0
10.637004 54.37386 0.0112 0.0 18.0
10.637004 54.37386 0.0113 0.0 19.0
13.781693 55.095432 0.0113 0.0 19.0
0.0 38.71696 0.0114 7.0 13.0
0.0 41.943375 0.0114 7.0 13.0
0.0 41.943375 0.0115 6.0 14.0
0.0 45.16979 0.0115 6.0 14.0
0.0 45.16979 0.0116 1.0 15.0
1.3987697 48.077225 0.0116 1.0 15.0
1.3987697 48.077225 0.0117 0.0 16.0
2.7975395 50.98466 0.0117 0.0 16.0
2.7975395 50.98466 0.0118 0.0 17.0
5.3185024 52.998238 0.0118 0.0 17.0
0.0 45.16979 0.0119 1.0 15.0
2.5209627 47.183365 0.0119 1.0 15.0
2.5209627 47.183365 0.0120 0.0 16.0
5.0419254 49.19694 0.0120 0.0 16.0
5.0419254 49.19694 0.0121 0.0 17.0
8.186615 49.918514 0.0121 0.0 17.0
0.0 45.16979 0.0122 5.0 15.0
0.0 48.396202 0.0122 5.0 15.0
0.0 48.396202 0.0123 4.0 16.0
0.0 51.622616 0.0123 4.0 16.0
0.0 51.622616 0.0124 3.0 17.0
1.3987697 54.530052 0.0124 3.0 17.0
1.3987697 54.530052 0.0125 2.0 18.0
2.7975395 57.43749 0.0125 2.0 18.0
2.7975395 57.43749 0.0126 1.0 19.0
4.196309 60.344925 0.0126 1.0 19.0
4.196309 60.344925 0.0127 0.0 20.0
5.595079 63.25236 0.0127 0.0 20.0
5.595079 63.25236 0.0128 0.0 21.0
8.116041 65.26594 0.0128 0.0 21.0
0.0 51.622616 0.0129 1.0 17.0
1.3987697 54.530052 0.0129 1.0 17.0
1.3987697 54.530052 0.0130 0.0 18.0
2.7975395 57.43749 0.0130 0.0 18.0
2.7975395 57.43749 0.0131 0.0 19.0
5.3185024 59.451065 0.0131 0.0 19.0
0.0 38.71696 0.0132 15.0 13.0
0.0 41.943375 0.0132 15.0 13.0
0.0 41.943375 0.0133 14.0 14.0
0.0 45.16979 0.0133 14.0 14.0
0.0 45.16979 0.0134 13.0 15.0
0.0 48.396202 0.0134 13.0 15.0
0.0 48.396202 0.0135 12.0 16.0
0.0 51.622616 0.0135 12.0 16.0
0.0 51.622616 0.0136 11.0 17.0
-1.3987697 54.530052 0.0136 11.0 17.0
-1.3987697 54.530052 0.0137 10.0 18.0
-2.7975395 57.43749 0.0137 10.0 18.0
-2.7975395 57.43749 0.0138 9.0 19.0
-4.196309 60.344925 0.0138 9.0 19.0
-4.196309 60.344925 0.0139 8.0 20.0
-5.595079 63.25236 0.0139 8.0 20.0
-5.595079 63.25236 0.0140 7.0 21.0
-6.993849 66.1598 0.0140 7.0 21.0
-6.993849 66.1598 0.0141 6.0 22.0
-8.392618 69.06723 0.0141 6.0 22.0
-8.392618 69.06723 0.0142 1.0 23.0
-8.392618 72.29364 0.0142 1.0 23.0
-8.392618 72.29364 0.0143 0.0 24.0
-8.392618 75.52005 0.0143 0.0 24.0
-8.392618 75.52005 0.0144 0.0 25.0
-6.9938483 78.42748 0.0144 0.0 25.0
-8.392618 69.06723 0.0145 1.0 23.0
-6.9938483 71.97466 0.0145 1.0 23.0
-6.9938483 71.97466 0.0146 0.0 24.0
-5.5950785 74.882095 0.0146 0.0 24.0
-5.5950785 74.882095 0.0147 0.0 25.0
-3.0741158 76.89567 0.0147 0.0 25.0
-8.392618 69.06723 0.0148 5.0 23.0
-9.791388 71.97466 0.0148 5.0 23.0
-9.791388 71.97466 0.0149 4.0 24.0
-11.190157 74.882095 0.0149 4.0 24.0
-11.190157 74.882095 0.0150 3.0 25.0
-11.190157 78.108505 0.0150 3.0 25.0
-11.190157 78.108505 0.0151 2.0 26.0
-11.190157 81.334915 0.0151 2.0 26.0
-11.190157 81.334915 0.0152 1.0 27.0
-11.190157 84.561325 0.0152 1.0 27.0
-11.190157 84.561325 0.0153 0.0 28.0
-11.190157 87.787735 0.0153 0.0 28.0
-11.190157 87.787735 0.0154 0.0 29.0
-9.791388 90.69517 0.0154 0.0 29.0
-11.190157 74.882095 0.0155 1.0 25.0
-11.190157 78.108505 0.0155 1.0 25.0
-11.190157 78.108505 0.0156 0.0 26.0
-11.190157 81.334915 0.0156 0.0 26.0
-11.190157 81.334915 0.0157 0.0 27.0
-9.791388 84.24235 0.0157 0.0 27.0
0.0 51.622616 0.0158 7.0 17.0
1.3987697 54.530052 0.0158 7.0 17.0
1.3987697 54.530052 0.0159 6.0 18.0
2.7975395 57.43749 0.0159 6.0 18.0
2.7975395 57.43749 0.0160 1.0 19.0
5.3185024 59.451065 0.0160 1.0 19.0
5.3185024 59.451065 0.0161 0.0 20.0
7.839465 61.46464 0.0161 0.0 20.0
7.839465 61.46464 0.0162 0.0 21.0
10.984155 62.186214 0.0162 0.0 21.0
2.7975395 57.43749 0.0163 1.0 19.0
5.942229 58.15906 0.0163 1.0 19.0
5.942229 58.15906 0.0164 0.0 20.0
9.086918 58.880634 0.0164 0.0 20.0
9.086918 58.880634 0.0165 0.0 21.0
12.233539 58.16753 0.0165 0.0 21.0
2.7975395 57.43749 0.0166 5.0 19.0
4.196309 60.344925 0.0166 5.0 19.0
4.196309 60.344925 0.0167 4.0 20.0
5.595079 63.25236 0.0167 4.0 20.0
5.595079 63.25236 0.0168 3.0 21.0
8.116041 65.26594 0.0168 3.0 21.0
8.116041 65.26594 0.0169 2.0 22.0
10.637004 67.27951 0.0169 2.0 22.0
10.637004 67.27951 0.0170 1.0 23.0
13.157967 69.29308 0.0170 1.0 23.0
13.157967 69.29308 0.0171 0.0 24.0
15.678929 71.306656 0.0171 0.0 24.0
15.678929 71.306656 0.0172 0.0 25.0
18.823618 72.02823 0.0172 0.0 25.0
5.595079 63.25236 0.0173 1.0 21.0
8.116041 65.26594 0.0173 1.0 21.0
8.116041 65.26594 0.0174 0.0 22.0
10.637004 67.27951 0.0174 0.0 22.0
10.637004 67.27951 0.0175 0.0 23.0
13.781693 68.00108 0.0175 0.0 23.0
0.0 25.811306 0.0176 35.0 9.0
0.0 29.03772 0.0176 35.0 9.0
0.0 29.03772 0.0177 34.0 10.0
0.0 32.264133 0.0177 34.0 10.0
0.0 32.264133 0.0178 33.0 11.0
0.0 35.490547 0.0178 33.0 11.0
0.0 35.490547 0.0179 32.0 12.0
0.0 38.71696 0.0179 32.0 12.0
0.0 38.71696 0.0180 31.0 13.0
0.0 41.943375 0.0180 31.0 13.0
0.0 41.943375 0.0181 30.0 14.0
0.0 45.16979 0.0181 30.0 14.0
0.0 45.16979 0.0182 29.0 15.0
0.0 48.396202 0.0182 29.0 15.0
0.0 48.396202 0.0183 28.0 16.0
0.0 51.622616 0.0183 28.0 16.0
0.0 51.622616 0.0184 27.0 17.0
-1.3987697 54.530052 0.0184 27.0 17.0
-1.3987697 54.530052 0.0185 26.0 18.0
-2.7975395 57.43749 0.0185 26.0 18.0
-2.7975395 57.43749 0.0186 25.0 19.0
-4.196309 60.344925 0.0186 25.0 19.0
-4.196309 60.344925 0.0187 24.0 20.0
-5.595079 63.25236 0.0187 24.0 20.0
-5.595079 63.25236 0.0188 23.0 21.0
-6.993849 66.1598 0.0188 23.0 21.0
-6.993849 66.1598 0.0189 22.0 22.0
-8.392618 69.06723 0.0189 22.0 22.0
-8.392618 69.06723 0.0190 21.0 23.0
-9.791388 71.97466 0.0190 21.0 23.0
-9.791388 71.97466 0.0191 20.0 24.0
-11.190157 74.882095 0.0191 20.0 24.0
-11.190157 74.882095 0.0192 19.0 25.0
-12.588926 77.78953 0.0192 19.0 25.0
-12.588926 77.78953 0.0193 18.0 26.0
-13.987696 80.69696 0.0193 18.0 26.0
-13.987696 80.69696 0.0194 17.0 27.0
-15.386465 83.60439 0.0194 17.0 27.0
-15.386465 83.60439 0.0195 16.0 28.0
-16.785234 86.511826 0.0195 16.0 28.0
-16.785234 86.511826 0.0196 7.0 29.0
-16.785234 89.738235 0.0196 7.0 29.0
-16.785234 89.738235 0.0197 6.0 30.0
-16.785234 92.964645 0.0197 6.0 30.0
-16.785234 92.964645 0.0198 1.0 31.0
-15.386465 95.87208 0.0198 1.0 31.0
-15.386465 95.87208 0.0199 0.0 32.0
-13.987696 98.77951 0.0199 0.0 32.0
-13.987696 98.77951 0.0200 0.0 33.0
-11.466733 100.79308 0.0200 0.0 33.0
-16.785234 92.964645 0.0201 1.0 31.0
-14.264272 94.97822 0.0201 1.0 31.0
-14.264272 94.97822 0.0202 0.0 32.0
-11.743309 96.99179 0.0202 0.0 32.0
-11.743309 96.99179 0.0203 0.0 33.0
-8.598619 97.71336 0.0203 0.0 33.0
-16.785234 92.964645 0.0204 5.0 31.0
-16.785234 96.191055 0.0204 5.0 31.0
-16.785234 96.191055 0.0205 4.0 32.0
-16.785234 99.417465 0.0205 4.0 32.0
-16.785234 99.417465 0.0206 3.0 33.0
-15.386465 102.3249 0.0206 3.0 33.0
-15.386465 102.3249 0.0207 2.0 34.0
-13.987696 105.23233 0.0207 2.0 34.0
-13.987696 105.23233 0.0208 1.0 35.0
-12.588926 108.13976 0.0208 1.0 35.0
-12.588926 108.13976 0.0209 0.0 36.0
-11.190157 111.047195 0.0209 0.0 36.0
-11.190157 111.047195 0.0210 0.0 37.0
-8.669194 113.06077 0.0210 0.0 37.0
-16.785234 99.417465 0.0211 1.0 33.0
-15.386465 102.3249 0.0211 1.0 33.0
-15.386465 102.3249 0.0212 0.0 34.0
-13.987696 105.23233 0.0212 0.0 34.0
-13.987696 105.23233 0.0213 0.0 35.0
-11.466733 107.2459 0.0213 0.0 35.0
-16.785234 86.511826 0.0214 7.0 29.0
-18.184004 89.41926 0.0214 7.0 29.0
-18.184004 89.41926 0.0215 6.0 30.0
-19.582773 92.32669 0.0215 6.0 30.0
-19.582773 92.32669 0.0216 1.0 31.0
-19.582773 95.5531 0.0216 1.0 31.0
-19.582773 95.5531 0.0217 0.0 32.0
-19.582773 98.77951 0.0217 0.0 32.0
-19.582773 98.77951 0.0218 0.0 33.0
-18.184004 101.68694 0.0218 0.0 33.0
-19.582773 92.32669 0.0219 1.0 31.0
-18.184004 95.23412 0.0219 1.0 31.0
-18.184004 95.23412 0.0220 0.0 32.0
-16.785234 98.141556 0.0220 0.0 32.0
-16.785234 98.141556 0.0221 0.0 33.0
-14.264272 100.15513 0.0221 0.0 33.0
-19.582773 92.32669 0.0222 5.0 31.0
-20.981543 95.23412 0.0222 5.0 31.0
-20.981543 95.23412 0.0223 4.0 32.0
-22.380312 98.141556 0.0223 4.0 32.0
-22.380312 98.141556 0.0224 3.0 33.0
-22.380312 101.367966 0.0224 3.0 33.0
-22.380312 101.367966 0.0225 2.0 34.0
-22.380312 104.594376 0.0225 2.0 34.0
-22.380312 104.594376 0.0226 1.0 35.0
-22.380312 107.820786 0.0226 1.0 35.0
-22.380312 107.820786 0.0227 0.0 36.0
-22.380312 111.047195 0.0227 0.0 36.0
-22.380312 111.047195 0.0228 0.0 37.0
-20.981543 113.95463 0.0228 0.0 37.0
-22.380312 98.141556 0.0229 1.0 33.0
-22.380312 101.367966 0.0229 1.0 33.0
-22.380312 101.367966 0.0230 0.0 34.0
-22.380312 104.594376 0.0230 0.0 34.0
-22.380312 104.594376 0.0231 0.0 35.0
-20.981543 107.50181 0.0231 0.0 35.0
-16.785234 86.511826 0.0232 15.0 29.0
-18.184004 89.41926 0.0232 15.0 29.0
-18.184004 89.41926 0.0233 14.0 30.0
-19.582773 92.32669 0.0233 14.0 30.0
-19.582773 92.32669 0.0234 13.0 31.0
-20.981543 95.23412 0.0234 13.0 31.0
-20.981543 95.23412 0.0235 12.0 32.0
-22.380312 98.141556 0.0235 12.0 32.0
-22.380312 98.141556 0.0236 11.0 33.0
-24.901276 100.15513 0.0236 11.0 33.0
-24.901276 100.15513 0.0237 10.0 34.0
-27.422237 102.1687 0.0237 10.0 34.0
-27.422237 102.1687 0.0238 9.0 35.0
-29.9432 104.182274 0.0238 9.0 35.0
-29.9432 104.182274 0.0239 8.0 36.0
-32.46416 106.19585 0.0239 8.0 36.0
-32.46416 106.19585 0.0240 7.0 37.0
-34.985123 108.20942 0.0240 7.0 37.0
-34.985123 108.20942 0.0241 6.0 38.0
-37.506084 110.22299 0.0241 6.0 38.0
-37.506084 110.22299 0.0242 1.0 39.0
-38.904854 113.130424 0.0242 1.0 39.0
-38.904854 113.130424 0.0243 0.0 40.0
-40.303623 116.03786 0.0243 0.0 40.0
-40.303623 116.03786 0.0244 0.0 41.0
-40.303623 119.26427 0.0244 0.0 41.0
-37.506084 110.22299 0.0245 1.0 39.0
-37.506084 113.4494 0.0245 1.0 39.0
-37.506084 113.4494 0.0246 0.0 40.0
-37.506084 116.67581 0.0246 0.0 40.0
-37.506084 116.67581 0.0247 0.0 41.0
-36.107315 119.583244 0.0247 0.0 41.0
-37.506084 110.22299 0.0248 5.0 39.0
-40.027046 112.236565 0.0248 5.0 39.0
-40.027046 112.236565 0.0249 4.0 40.0
-42.548008 114.25014 0.0249 4.0 40.0
-42.548008 114.25014 0.0250 3.0 41.0
-43.946777 117.15757 0.0250 3.0 41.0
-43.946777 117.15757 0.0251 2.0 42.0
-45.345547 120.065 0.0251 2.0 42.0
-45.345547 120.065 0.0252 1.0 43.0
-46.744316 122.972435 0.0252 1.0 43.0
-46.744316 122.972435 0.0253 0.0 44.0
-48.143085 125.87987 0.0253 0.0 44.0
-48.143085 125.87987 0.0254 0.0 45.0
-48.143085 129.10628 0.0254 0.0 45.0
-42.548008 114.25014 0.0255 1.0 41.0
-43.946777 117.15757 0.0255 1.0 41.0
-43.946777 117.15757 0.0256 0.0 42.0
-45.345547 120.065 0.0256 0.0 42.0
-45.345547 120.065 0.0257 0.0 43.0
-45.345547 123.29141 0.0257 0.0 43.0
-22.380312 98.141556 0.0258 7.0 33.0
-22.380312 101.367966 0.0258 7.0 33.0
-22.380312 101.367966 0.0259 6.0 34.0
-22.380312 104.594376 0.0259 6.0 34.0
-22.380312 104.594376 0.0260 1.0 35.0
-20.981543 107.50181 0.0260 1.0 35.0
-20.981543 107.50181 0.0261 0.0 36.0
-19.582773 110.40924 0.0261 0.0 36.0
-19.582773 110.40924 0.0262 0.0 37.0
-17.06181 112.42281 0.0262 0.0 37.0
-22.380312 104.594376 0.0263 1.0 35.0
-19.859348 106.60795 0.0263 1.0 35.0
-19.859348 106.60795 0.0264 0.0 36.0
-17.338387 108.62152 0.0264 0.0 36.0
-17.338387 108.62152 0.0265 0.0 37.0
-14.193697 109.343094 0.0265 0.0 37.0
-22.380312 104.594376 0.0266 5.0 35.0
-22.380312 107.820786 0.0266 5.0 35.0
-22.380312 107.820786 0.0267 4.0 36.0
-22.380312 111.047195 0.0267 4.0 36.0
-22.380312 111.047195 0.0268 3.0 37.0
-20.981543 113.95463 0.0268 3.0 37.0
-20.981543 113.95463 0.0269 2.0 38.0
-19.582773 116.86206 0.0269 2.0 38.0
-19.582773 116.86206 0.0270 1.0 39.0
-18.184004 119.76949 0.0270 1.0 39.0
-18.184004 119.76949 0.0271 0.0 40.0
-16.785234 122.676926 0.0271 0.0 40.0
-16.785234 122.676926 0.0272 0.0 41.0
-14.264272 124.6905 0.0272 0.0 41.0
-22.380312 111.047195 0.0273 1.0 37.0
-20.981543 113.95463 0.0273 1.0 37.0
-20.981543 113.95463 0.0274 0.0 38.0
-19.582773 116.86206 0.0274 0.0 38.0
-19.582773 116.86206 0.0275 0.0 39.0
-17.06181 118.87563 0.0275 0.0 39.0
0.0 51.622616 0.0276 19.0 17.0
1.3987697 54.530052 0.0276 19.0 17.0
1.3987697 54.530052 0.0277 18.0 18.0
2.7975395 57.43749 0.0277 18.0 18.0
2.7975395 57.43749 0.0278 17.0 19.0
4.196309 60.344925 0.0278 17.0 19.0
4.196309 60.344925 0.0279 16.0 20.0
5.595079 63.25236 0.0279 16.0 20.0
5.595079 63.25236 0.0280 7.0 21.0
8.116041 65.26594 0.0280 7.0 21.0
8.116041 65.26594 0.0281 6.0 22.0
10.637004 67.27951 0.0281 6.0 22.0
10.637004 67.27951 0.0282 1.0 23.0
13.781693 68.00108 0.0282 1.0 23.0
13.781693 68.00108 0.0283 0.0 24.0
16.926382 68.72266 0.0283 0.0 24.0
16.926382 68.72266 0.0284 0.0 25.0
20.073002 68.00955 0.0284 0.0 25.0
10.637004 67.27951 0.0285 1.0 23.0
13.783625 66.56641 0.0285 1.0 23.0
13.783625 66.56641 0.0286 0.0 24.0
16.930244 65.8533 0.0286 0.0 24.0
16.930244 65.8533 0.0287 0.0 25.0
19.45662 63.846523 0.0287 0.0 25.0
10.637004 67.27951 0.0288 5.0 23.0
13.157967 69.29308 0.0288 5.0 23.0
13.157967 69.29308 0.0289 4.0 24.0
15.678929 71.306656 0.0289 4.0 24.0
15.678929 71.306656 0.0290 3.0 25.0
18.823618 72.02823 0.0290 3.0 25.0
18.823618 72.02823 0.0291 2.0 26.0
21.968307 72.7498 0.0291 2.0 26.0
21.968307 72.7498 0.0292 1.0 27.0
25.112997 73.471375 0.0292 1.0 27.0
25.112997 73.471375 0.0293 0.0 28.0
28.257687 74.19295 0.0293 0.0 28.0
28.257687 74.19295 0.0294 0.0 29.0
31.404308 73.47984 0.0294 0.0 29.0
15.678929 71.306656 0.0295 1.0 25.0
18.823618 72.02823 0.0295 1.0 25.0
18.823618 72.02823 0.0296 0.0 26.0
21.968307 72.7498 0.0296 0.0 26.0
21.968307 72.7498 0.0297 0.0 27.0
25.11493 72.0367 0.0297 0.0 27.0
5.595079 63.25236 0.0298 7.0 21.0
6.993849 66.1598 0.0298 7.0 21.0
6.993849 66.1598 0.0299 6.0 22.0
8.392618 69.06723 0.0299 6.0 22.0
8.392618 69.06723 0.0300 1.0 23.0
10.913581 71.0808 0.0300 1.0 23.0
10.913581 71.0808 0.0301 0.0 24.0
13.434544 73.094376 0.0301 0.0 24.0
13.434544 73.094376 0.0302 0.0 25.0
16.579233 73.81595 0.0302 0.0 25.0
8.392618 69.06723 0.0303 1.0 23.0
11.537308 69.7888 0.0303 1.0 23.0
11.537308 69.7888 0.0304 0.0 24.0
14.681997 70.510376 0.0304 0.0 24.0
14.681997 70.510376 0.0305 0.0 25.0
17.828617 69.79727 0.0305 0.0 25.0
8.392618 69.06723 0.0306 5.0 23.0
9.791388 71.97466 0.0306 5.0 23.0
9.791388 71.97466 0.0307 4.0 24.0
11.190157 74.882095 0.0307 4.0 24.0
11.190157 74.882095 0.0308 3.0 25.0
13.71112 76.89567 0.0308 3.0 25.0
13.71112 76.89567 0.0309 2.0 26.0
16.232082 78.90924 0.0309 2.0 26.0
16.232082 78.90924 0.0310 1.0 27.0
18.753044 80.92281 0.0310 1.0 27.0
18.753044 80.92281 0.0311 0.0 28.0
21.274006 82.936386 0.0311 0.0 28.0
21.274006 82.936386 0.0312 0.0 29.0
24.418695 83.65796 0.0312 0.0 29.0
11.190157 74.882095 0.0313 1.0 25.0
13.71112 76.89567 0.0313 1.0 25.0
13.71112 76.89567 0.0314 0.0 26.0
16.232082 78.90924 0.0314 0.0 26.0
16.232082 78.90924 0.0315 0.0 27.0
19.376772 79.63081 0.0315 0.0 27.0
5.595079 63.25236 0.0316 15.0 21.0
6.993849 66.1598 0.0316 15.0 21.0
6.993849 66.1598 0.0317 14.0 22.0
8.392618 69.06723 0.0317 14.0 22.0
8.392618 69.06723 0.0318 13.0 23.0
9.791388 71.97466 0.0318 13.0 23.0
9.791388 71.97466 0.0319 12.0 24.0
11.190157 74.882095 0.0319 12.0 24.0
11.190157 74.882095 0.0320 11.0 25.0
11.190157 78.108505 0.0320 11.0 25.0
11.190157 78.108505 0.0321 10.0 26.0
11.190157 81.334915 0.0321 10.0 26.0
11.190157 81.334915 0.0322 9.0 27.0
11.190157 84.561325 0.0322 9.0 27.0
11.190157 84.561325 0.0323 8.0 28.0
11.190157 87.787735 0.0323 8.0 28.0
11.190157 87.787735 0.0324 7.0 29.0
11.190157 91.014145 0.0324 7.0 29.0
11.190157 91.014145 0.0325 6.0 30.0
11.190157 94.240555 0.0325 6.0 30.0
11.190157 94.240555 0.0326 1.0 31.0
12.588926 97.14799 0.0326 1.0 31.0
12.588926 97.14799 0.0327 0.0 32.0
13.987696 100.05542 0.0327 0.0 32.0
13.987696 100.05542 0.0328 0.0 33.0
16.50866 102.06899 0.0328 0.0 33.0
11.190157 94.240555 0.0329 1.0 31.0
13.71112 96.25413 0.0329 1.0 31.0
13.71112 96.25413 0.0330 0.0 32.0
16.232082 98.2677 0.0330 0.0 32.0
16.232082 98.2677 0.0331 0.0 33.0
19.376772 98.98927 0.0331 0.0 33.0
11.190157 94.240555 0.0332 5.0 31.0
11.190157 97.466965 0.0332 5.0 31.0
11.190157 97.466965 0.0333 4.0 32.0
11.190157 100.693375 0.0333 4.0 32.0
11.190157 100.693375 0.0334 3.0 33.0
12.588926 103.60081 0.0334 3.0 33.0
12.588926 103.60081 0.0335 2.0 34.0
13.987696 106.50824 0.0335 2.0 34.0
13.987696 106.50824 0.0336 1.0 35.0
15.386465 109.41567 0.0336 1.0 35.0
15.386465 109.41567 0.0337 0.0 36.0
16.785234 112.323105 0.0337 0.0 36.0
16.785234 112.323105 0.0338 0.0 37.0
19.306198 114.33668 0.0338 0.0 37.0
11.190157 100.693375 0.0339 1.0 33.0
12.588926 103.60081 0.0339 1.0 33.0
12.588926 103.60081 0.0340 0.0 34.0
13.987696 106.50824 0.0340 0.0 34.0
13.987696 106.50824 0.0341 0.0 35.0
16.50866 108.52181 0.0341 0.0 35.0
11.190157 74.882095 0.0342 7.0 25.0
13.71112 76.89567 0.0342 7.0 25.0
13.71112 76.89567 0.0343 6.0 26.0
16.232082 78.90924 0.0343 6.0 26.0
16.232082 78.90924 0.0344 1.0 27.0
19.376772 79.63081 0.0344 1.0 27.0
19.376772 79.63081 0.0345 0.0 28.0
22.521461 80.35239 0.0345 0.0 28.0
22.521461 80.35239 0.0346 0.0 29.0
25.668083 79.63928 0.0346 0.0 29.0
16.232082 78.90924 0.0347 1.0 27.0
19.378704 78.19614 0.0347 1.0 27.0
19.378704 78.19614 0.0348 0.0 28.0
22.525326 77.48303 0.0348 0.0 28.0
22.525326 77.48303 0.0349 0.0 29.0
25.0517 75.47625 0.0349 0.0 29.0
16.232082 78.90924 0.0350 5.0 27.0
18.753044 80.92281 0.0350 5.0 27.0
18.753044 80.92281 0.0351 4.0 28.0
21.274006 82.936386 0.0351 4.0 28.0
21.274006 82.936386 0.0352 3.0 29.0
24.418695 83.65796 0.0352 3.0 29.0
24.418695 83.65796 0.0353 2.0 30.0
27.563385 84.37953 0.0353 2.0 30.0
27.563385 84.37953 0.0354 1.0 31.0
30.708075 85.101105 0.0354 1.0 31.0
30.708075 85.101105 0.0355 0.0 32.0
33.852764 85.82268 0.0355 0.0 32.0
33.852764 85.82268 0.0356 0.0 33.0
36.999386 85.10957 0.0356 0.0 33.0
21.274006 82.936386 0.0357 1.0 29.0
24.418695 83.65796 0.0357 1.0 29.0
24.418695 83.65796 0.0358 0.0 30.0
27.563385 84.37953 0.0358 0.0 30.0
27.563385 84.37953 0.0359 0.0 31.0
30.710007 83.66643 0.0359 0.0 31.0
