0.0 0.0 0.00 27.0 1.0
0.0 1.1647445 0.00 27.0 1.0
0.0 1.1647445 0.01 26.0 2.0
0.0 2.329489 0.01 26.0 2.0
0.0 2.329489 0.02 1.0 3.0
0.9865481 2.9486437 0.02 1.0 3.0
0.9865481 2.9486437 0.03 0.0 4.0
1.5502292 3.967905 0.03 0.0 4.0
1.5502292 3.967905 0.04 0.0 5.0
1.5502292 5.1326494 0.04 0.0 5.0
0.0 2.329489 0.05 1.0 3.0
-0.56368107 3.34875 0.05 1.0 3.0
-0.56368107 3.34875 0.06 0.0 4.0
-0.56368107 4.5134945 0.06 0.0 4.0
-0.56368107 4.5134945 0.07 0.0 5.0
0.0 5.532756 0.07 0.0 5.0
0.0 2.329489 0.08 25.0 3.0
0.0 3.4942336 0.08 25.0 3.0
0.0 3.4942336 0.09 24.0 4.0
0.0 4.658978 0.09 24.0 4.0
0.0 4.658978 0.010 1.0 5.0
0.9865481 5.2781324 0.010 1.0 5.0
0.9865481 5.2781324 0.011 0.0 6.0
1.5502292 6.297394 0.011 0.0 6.0
1.5502292 6.297394 0.012 0.0 7.0
1.5502292 7.462138 0.012 0.0 7.0
0.0 4.658978 0.013 1.0 5.0
-0.56368107 5.6782393 0.013 1.0 5.0
-0.56368107 5.6782393 0.014 0.0 6.0
-0.56368107 6.8429837 0.014 0.0 6.0
-0.56368107 6.8429837 0.015 0.0 7.0
0.0 7.862245 0.015 0.0 7.0
0.0 4.658978 0.016 7.0 5.0
0.9865481 5.2781324 0.016 7.0 5.0
0.9865481 5.2781324 0.017 6.0 6.0
1.9730963 5.8972874 0.017 6.0 6.0
1.9730963 5.8972874 0.018 1.0 7.0
3.0219545 5.3908033 0.018 1.0 7.0
3.0219545 5.3908033 0.019 0.0 8.0
4.1849184 5.4551797 0.019 0.0 8.0
4.1849184 5.4551797 0.020 0.0 9.0
5.1714664 6.074334 0.020 0.0 9.0
1.9730963 5.8972874 0.021 1.0 7.0
2.5367773 6.9165487 0.021 1.0 7.0
2.5367773 6.9165487 0.022 0.0 8.0
3.5233254 7.5357037 0.022 0.0 8.0
3.5233254 7.5357037 0.023 0.0 9.0
4.6862893 7.60008 0.023 0.0 9.0
1.9730963 5.8972874 0.024 5.0 7.0
2.5367773 6.9165487 0.024 5.0 7.0
2.5367773 6.9165487 0.025 4.0 8.0
3.1004584 7.93581 0.025 4.0 8.0
3.1004584 7.93581 0.026 1.0 9.0
4.2634225 8.000186 0.026 1.0 9.0
4.2634225 8.000186 0.027 0.0 10.0
5.2499704 8.619341 0.027 0.0 10.0
5.2499704 8.619341 0.028 0.0 11.0
5.8136516 9.638602 0.028 0.0 11.0
3.1004584 7.93581 0.029 1.0 9.0
3.1004584 9.100554 0.029 1.0 9.0
3.1004584 9.100554 0.030 0.0 10.0
3.6641395 10.119816 0.030 0.0 10.0
3.6641395 10.119816 0.031 0.0 11.0
4.6506877 10.738971 0.031 0.0 11.0
3.1004584 7.93581 0.032 3.0 9.0
3.1004584 9.100554 0.032 3.0 9.0
3.1004584 9.100554 0.033 2.0 10.0
3.1004584 10.265299 0.033 2.0 10.0
3.1004584 10.265299 0.034 1.0 11.0
4.0870066 10.884454 0.034 1.0 11.0
4.0870066 10.884454 0.035 0.0 12.0
4.6506877 11.903715 0.035 0.0 12.0
4.6506877 11.903715 0.036 0.0 13.0
4.6506877 13.0684595 0.036 0.0 13.0
3.1004584 10.265299 0.037 1.0 11.0
2.5367773 11.28456 0.037 1.0 11.0
2.5367773 11.28456 0.038 0.0 12.0
2.5367773 12.449305 0.038 0.0 12.0
2.5367773 12.449305 0.039 0.0 13.0
3.1004584 13.468566 0.039 0.0 13.0
0.0 4.658978 0.040 7.0 5.0
-0.56368107 5.6782393 0.040 7.0 5.0
-0.56368107 5.6782393 0.041 6.0 6.0
-1.1273621 6.6975007 0.041 6.0 6.0
-1.1273621 6.6975007 0.042 1.0 7.0
-0.56368107 7.716762 0.042 1.0 7.0
-0.56368107 7.716762 0.043 0.0 8.0
-0.56368107 8.881507 0.043 0.0 8.0
-0.56368107 8.881507 0.044 0.0 9.0
-1.1273621 9.900768 0.044 0.0 9.0
-1.1273621 6.6975007 0.045 1.0 7.0
-2.1139102 7.316655 0.045 1.0 7.0
-2.1139102 7.316655 0.046 0.0 8.0
-2.6775913 8.3359165 0.046 0.0 8.0
-2.6775913 8.3359165 0.047 0.0 9.0
-2.6775913 9.500661 0.047 0.0 9.0
-1.1273621 6.6975007 0.048 5.0 7.0
-1.1273621 7.862245 0.048 5.0 7.0
-1.1273621 7.862245 0.049 4.0 8.0
-1.1273621 9.02699 0.049 4.0 8.0
-1.1273621 9.02699 0.050 1.0 9.0
-0.140814 9.646145 0.050 1.0 9.0
-0.140814 9.646145 0.051 0.0 10.0
0.42286706 10.665406 0.051 0.0 10.0
0.42286706 10.665406 0.052 0.0 11.0
0.42286706 11.830151 0.052 0.0 11.0
-1.1273621 9.02699 0.053 1.0 9.0
-1.6910431 10.046251 0.053 1.0 9.0
-1.6910431 10.046251 0.054 0.0 10.0
-1.6910431 11.210996 0.054 0.0 10.0
-1.6910431 11.210996 0.055 0.0 11.0
-1.127362 12.230257 0.055 0.0 11.0
-1.1273621 9.02699 0.056 3.0 9.0
-0.56368107 10.046251 0.056 3.0 9.0
-0.56368107 10.046251 0.057 2.0 10.0
0.0 11.065513 0.057 2.0 10.0
0.0 11.065513 0.058 1.0 11.0
1.162964 11.129889 0.058 1.0 11.0
1.162964 11.129889 0.059 0.0 12.0
2.149512 11.749043 0.059 0.0 12.0
2.149512 11.749043 0.060 0.0 13.0
2.7131932 12.768305 0.060 0.0 13.0
0.0 11.065513 0.061 1.0 11.0
0.0 12.230257 0.061 1.0 11.0
0.0 12.230257 0.062 0.0 12.0
0.56368107 13.249518 0.062 0.0 12.0
0.56368107 13.249518 0.063 0.0 13.0
1.5502292 13.868673 0.063 0.0 13.0
0.0 4.658978 0.064 23.0 5.0
0.0 5.8237224 0.064 23.0 5.0
0.0 5.8237224 0.065 22.0 6.0
0.0 6.9884667 0.065 22.0 6.0
0.0 6.9884667 0.066 1.0 7.0
0.9865481 7.607621 0.066 1.0 7.0
0.9865481 7.607621 0.067 0.0 8.0
1.5502292 8.626883 0.067 0.0 8.0
1.5502292 8.626883 0.068 0.0 9.0
1.5502292 9.791627 0.068 0.0 9.0
0.0 6.9884667 0.069 1.0 7.0
-0.56368107 8.007728 0.069 1.0 7.0
-0.56368107 8.007728 0.070 0.0 8.0
-0.56368107 9.172472 0.070 0.0 8.0
-0.56368107 9.172472 0.071 0.0 9.0
0.0 10.191733 0.071 0.0 9.0
0.0 6.9884667 0.072 21.0 7.0
0.0 8.153212 0.072 21.0 7.0
0.0 8.153212 0.073 20.0 8.0
0.0 9.317956 0.073 20.0 8.0
0.0 9.317956 0.074 1.0 9.0
0.9865481 9.937111 0.074 1.0 9.0
0.9865481 9.937111 0.075 0.0 10.0
1.5502292 10.956372 0.075 0.0 10.0
1.5502292 10.956372 0.076 0.0 11.0
1.5502292 12.121117 0.076 0.0 11.0
0.0 9.317956 0.077 1.0 9.0
-0.56368107 10.337217 0.077 1.0 9.0
-0.56368107 10.337217 0.078 0.0 10.0
-0.56368107 11.501962 0.078 0.0 10.0
-0.56368107 11.501962 0.079 0.0 11.0
0.0 12.521223 0.079 0.0 11.0
0.0 9.317956 0.080 7.0 9.0
0.9865481 9.937111 0.080 7.0 9.0
0.9865481 9.937111 0.081 6.0 10.0
1.9730963 10.556266 0.081 6.0 10.0
1.9730963 10.556266 0.082 1.0 11.0
3.0219545 10.049782 0.082 1.0 11.0
3.0219545 10.049782 0.083 0.0 12.0
4.1849184 10.114158 0.083 0.0 12.0
4.1849184 10.114158 0.084 0.0 13.0
5.1714664 10.733313 0.084 0.0 13.0
1.9730963 10.556266 0.085 1.0 11.0
2.5367773 11.575527 0.085 1.0 11.0
2.5367773 11.575527 0.086 0.0 12.0
3.5233254 12.194682 0.086 0.0 12.0
3.5233254 12.194682 0.087 0.0 13.0
4.6862893 12.259058 0.087 0.0 13.0
1.9730963 10.556266 0.088 5.0 11.0
2.5367773 11.575527 0.088 5.0 11.0
2.5367773 11.575527 0.089 4.0 12.0
3.1004584 12.594789 0.089 4.0 12.0
3.1004584 12.594789 0.090 1.0 13.0
4.2634225 12.659164 0.090 1.0 13.0
4.2634225 12.659164 0.091 0.0 14.0
5.2499704 13.278319 0.091 0.0 14.0
5.2499704 13.278319 0.092 0.0 15.0
5.8136516 14.297581 0.092 0.0 15.0
3.1004584 12.594789 0.093 1.0 13.0
3.1004584 13.759533 0.093 1.0 13.0
3.1004584 13.759533 0.094 0.0 14.0
3.6641395 14.778794 0.094 0.0 14.0
3.6641395 14.778794 0.095 0.0 15.0
4.6506877 15.397949 0.095 0.0 15.0
3.1004584 12.594789 0.096 3.0 13.0
3.1004584 13.759533 0.096 3.0 13.0
3.1004584 13.759533 0.097 2.0 14.0
3.1004584 14.924277 0.097 2.0 14.0
3.1004584 14.924277 0.098 1.0 15.0
4.0870066 15.543432 0.098 1.0 15.0
4.0870066 15.543432 0.099 0.0 16.0
4.6506877 16.562693 0.099 0.0 16.0
4.6506877 16.562693 0.0100 0.0 17.0
4.6506877 17.727438 0.0100 0.0 17.0
3.1004584 14.924277 0.0101 1.0 15.0
2.5367773 15.943539 0.0101 1.0 15.0
2.5367773 15.943539 0.0102 0.0 16.0
2.5367773 17.108284 0.0102 0.0 16.0
2.5367773 17.108284 0.0103 0.0 17.0
3.1004584 18.127544 0.0103 0.0 17.0
0.0 9.317956 0.0104 7.0 9.0
-0.56368107 10.337217 0.0104 7.0 9.0
-0.56368107 10.337217 0.0105 6.0 10.0
-1.1273621 11.356479 0.0105 6.0 10.0
-1.1273621 11.356479 0.0106 1.0 11.0
-0.56368107 12.37574 0.0106 1.0 11.0
-0.56368107 12.37574 0.0107 0.0 12.0
-0.56368107 13.540484 0.0107 0.0 12.0
-0.56368107 13.540484 0.0108 0.0 13.0
-1.1273621 14.559746 0.0108 0.0 13.0
-1.1273621 11.356479 0.0109 1.0 11.0
-2.1139102 11.975634 0.0109 1.0 11.0
-2.1139102 11.975634 0.0110 0.0 12.0
-2.6775913 12.994895 0.0110 0.0 12.0
-2.6775913 12.994895 0.0111 0.0 13.0
-2.6775913 14.159639 0.0111 0.0 13.0
-1.1273621 11.356479 0.0112 5.0 11.0
-1.1273621 12.521223 0.0112 5.0 11.0
-1.1273621 12.521223 0.0113 4.0 12.0
-1.1273621 13.685967 0.0113 4.0 12.0
-1.1273621 13.685967 0.0114 1.0 13.0
-0.140814 14.305122 0.0114 1.0 13.0
-0.140814 14.305122 0.0115 0.0 14.0
0.42286706 15.324384 0.0115 0.0 14.0
0.42286706 15.324384 0.0116 0.0 15.0
0.42286706 16.489128 0.0116 0.0 15.0
-1.1273621 13.685967 0.0117 1.0 13.0
-1.6910431 14.705229 0.0117 1.0 13.0
-1.6910431 14.705229 0.0118 0.0 14.0
-1.6910431 15.869973 0.0118 0.0 14.0
-1.6910431 15.869973 0.0119 0.0 15.0
-1.127362 16.889235 0.0119 0.0 15.0
-1.1273621 13.685967 0.0120 3.0 13.0
-0.56368107 14.705229 0.0120 3.0 13.0
-0.56368107 14.705229 0.0121 2.0 14.0
0.0 15.72449 0.0121 2.0 14.0
0.0 15.72449 0.0122 1.0 15.0
1.162964 15.788866 0.0122 1.0 15.0
1.162964 15.788866 0.0123 0.0 16.0
2.149512 16.40802 0.0123 0.0 16.0
2.149512 16.40802 0.0124 0.0 17.0
2.7131932 17.42728 0.0124 0.0 17.0
0.0 15.72449 0.0125 1.0 15.0
0.0 16.889235 0.0125 1.0 15.0
0.0 16.889235 0.0126 0.0 16.0
0.56368107 17.908495 0.0126 0.0 16.0
0.56368107 17.908495 0.0127 0.0 17.0
1.5502292 18.527649 0.0127 0.0 17.0
0.0 9.317956 0.0128 19.0 9.0
0.0 10.4827 0.0128 19.0 9.0
0.0 10.4827 0.0129 18.0 10.0
0.0 11.647445 0.0129 18.0 10.0
0.0 11.647445 0.0130 1.0 11.0
0.9865481 12.2666 0.0130 1.0 11.0
0.9865481 12.2666 0.0131 0.0 12.0
1.5502292 13.285861 0.0131 0.0 12.0
1.5502292 13.285861 0.0132 0.0 13.0
1.5502292 14.450605 0.0132 0.0 13.0
0.0 11.647445 0.0133 1.0 11.0
-0.56368107 12.666706 0.0133 1.0 11.0
-0.56368107 12.666706 0.0134 0.0 12.0
-0.56368107 13.83145 0.0134 0.0 12.0
-0.56368107 13.83145 0.0135 0.0 13.0
0.0 14.850712 0.0135 0.0 13.0
0.0 11.647445 0.0136 17.0 11.0
0.0 12.812189 0.0136 17.0 11.0
0.0 12.812189 0.0137 16.0 12.0
0.0 13.9769335 0.0137 16.0 12.0
0.0 13.9769335 0.0138 1.0 13.0
0.9865481 14.596088 0.0138 1.0 13.0
0.9865481 14.596088 0.0139 0.0 14.0
1.5502292 15.61535 0.0139 0.0 14.0
1.5502292 15.61535 0.0140 0.0 15.0
1.5502292 16.780094 0.0140 0.0 15.0
0.0 13.9769335 0.0141 1.0 13.0
-0.56368107 14.996195 0.0141 1.0 13.0
-0.56368107 14.996195 0.0142 0.0 14.0
-0.56368107 16.16094 0.0142 0.0 14.0
-0.56368107 16.16094 0.0143 0.0 15.0
0.0 17.1802 0.0143 0.0 15.0
0.0 13.9769335 0.0144 7.0 13.0
0.9865481 14.596088 0.0144 7.0 13.0
0.9865481 14.596088 0.0145 6.0 14.0
1.9730963 15.215243 0.0145 6.0 14.0
1.9730963 15.215243 0.0146 1.0 15.0
3.0219545 14.708759 0.0146 1.0 15.0
3.0219545 14.708759 0.0147 0.0 16.0
4.1849184 14.773135 0.0147 0.0 16.0
4.1849184 14.773135 0.0148 0.0 17.0
5.1714664 15.39229 0.0148 0.0 17.0
1.9730963 15.215243 0.0149 1.0 15.0
2.5367773 16.234505 0.0149 1.0 15.0
2.5367773 16.234505 0.0150 0.0 16.0
3.5233254 16.853659 0.0150 0.0 16.0
3.5233254 16.853659 0.0151 0.0 17.0
4.6862893 16.918036 0.0151 0.0 17.0
1.9730963 15.215243 0.0152 5.0 15.0
2.5367773 16.234505 0.0152 5.0 15.0
2.5367773 16.234505 0.0153 4.0 16.0
3.1004584 17.253765 0.0153 4.0 16.0
3.1004584 17.253765 0.0154 1.0 17.0
4.2634225 17.318142 0.0154 1.0 17.0
4.2634225 17.318142 0.0155 0.0 18.0
5.2499704 17.937296 0.0155 0.0 18.0
5.2499704 17.937296 0.0156 0.0 19.0
5.8136516 18.956556 0.0156 0.0 19.0
3.1004584 17.253765 0.0157 1.0 17.0
3.1004584 18.41851 0.0157 1.0 17.0
3.1004584 18.41851 0.0158 0.0 18.0
3.6641395 19.43777 0.0158 0.0 18.0
3.6641395 19.43777 0.0159 0.0 19.0
4.6506877 20.056925 0.0159 0.0 19.0
3.1004584 17.253765 0.0160 3.0 17.0
3.1004584 18.41851 0.0160 3.0 17.0
3.1004584 18.41851 0.0161 2.0 18.0
3.1004584 19.583256 0.0161 2.0 18.0
3.1004584 19.583256 0.0162 1.0 19.0
4.0870066 20.20241 0.0162 1.0 19.0
4.0870066 20.20241 0.0163 0.0 20.0
4.6506877 21.22167 0.0163 0.0 20.0
4.6506877 21.22167 0.0164 0.0 21.0
4.6506877 22.386415 0.0164 0.0 21.0
3.1004584 19.583256 0.0165 1.0 19.0
2.5367773 20.602516 0.0165 1.0 19.0
2.5367773 20.602516 0.0166 0.0 20.0
2.5367773 21.767262 0.0166 0.0 20.0
2.5367773 21.767262 0.0167 0.0 21.0
3.1004584 22.786522 0.0167 0.0 21.0
0.0 13.9769335 0.0168 7.0 13.0
-0.56368107 14.996195 0.0168 7.0 13.0
-0.56368107 14.996195 0.0169 6.0 14.0
-1.1273621 16.015455 0.0169 6.0 14.0
-1.1273621 16.015455 0.0170 1.0 15.0
-0.56368107 17.034716 0.0170 1.0 15.0
-0.56368107 17.034716 0.0171 0.0 16.0
-0.56368107 18.199461 0.0171 0.0 16.0
-0.56368107 18.199461 0.0172 0.0 17.0
-1.1273621 19.218721 0.0172 0.0 17.0
-1.1273621 16.015455 0.0173 1.0 15.0
-2.1139102 16.63461 0.0173 1.0 15.0
-2.1139102 16.63461 0.0174 0.0 16.0
-2.6775913 17.65387 0.0174 0.0 16.0
-2.6775913 17.65387 0.0175 0.0 17.0
-2.6775913 18.818615 0.0175 0.0 17.0
-1.1273621 16.015455 0.0176 5.0 15.0
-1.1273621 17.1802 0.0176 5.0 15.0
-1.1273621 17.1802 0.0177 4.0 16.0
-1.1273621 18.344946 0.0177 4.0 16.0
-1.1273621 18.344946 0.0178 1.0 17.0
-0.140814 18.9641 0.0178 1.0 17.0
-0.140814 18.9641 0.0179 0.0 18.0
0.42286706 19.98336 0.0179 0.0 18.0
0.42286706 19.98336 0.0180 0.0 19.0
0.42286706 21.148106 0.0180 0.0 19.0
-1.1273621 18.344946 0.0181 1.0 17.0
-1.6910431 19.364206 0.0181 1.0 17.0
-1.6910431 19.364206 0.0182 0.0 18.0
-1.6910431 20.528952 0.0182 0.0 18.0
-1.6910431 20.528952 0.0183 0.0 19.0
-1.127362 21.548212 0.0183 0.0 19.0
-1.1273621 18.344946 0.0184 3.0 17.0
-0.56368107 19.364206 0.0184 3.0 17.0
-0.56368107 19.364206 0.0185 2.0 18.0
0.0 20.383467 0.0185 2.0 18.0
0.0 20.383467 0.0186 1.0 19.0
1.162964 20.447844 0.0186 1.0 19.0
1.162964 20.447844 0.0187 0.0 20.0
2.149512 21.066998 0.0187 0.0 20.0
2.149512 21.066998 0.0188 0.0 21.0
2.7131932 22.086258 0.0188 0.0 21.0
0.0 20.383467 0.0189 1.0 19.0
0.0 21.548212 0.0189 1.0 19.0
0.0 21.548212 0.0190 0.0 20.0
0.56368107 22.567472 0.0190 0.0 20.0
0.56368107 22.567472 0.0191 0.0 21.0
1.5502292 23.186626 0.0191 0.0 21.0
0.0 13.9769335 0.0192 15.0 13.0
-0.56368107 14.996195 0.0192 15.0 13.0
-0.56368107 14.996195 0.0193 14.0 14.0
-1.1273621 16.015455 0.0193 14.0 14.0
-1.1273621 16.015455 0.0194 1.0 15.0
-0.56368107 17.034716 0.0194 1.0 15.0
-0.56368107 17.034716 0.0195 0.0 16.0
-0.56368107 18.199461 0.0195 0.0 16.0
-0.56368107 18.199461 0.0196 0.0 17.0
-1.1273621 19.218721 0.0196 0.0 17.0
-1.1273621 16.015455 0.0197 1.0 15.0
-2.1139102 16.63461 0.0197 1.0 15.0
-2.1139102 16.63461 0.0198 0.0 16.0
-2.6775913 17.65387 0.0198 0.0 16.0
-2.6775913 17.65387 0.0199 0.0 17.0
-2.6775913 18.818615 0.0199 0.0 17.0
-1.1273621 16.015455 0.0200 13.0 15.0
-1.6910431 17.034716 0.0200 13.0 15.0
-1.6910431 17.034716 0.0201 12.0 16.0
-2.2547243 18.053976 0.0201 12.0 16.0
-2.2547243 18.053976 0.0202 1.0 17.0
-1.6910431 19.073236 0.0202 1.0 17.0
-1.6910431 19.073236 0.0203 0.0 18.0
-1.6910431 20.237982 0.0203 0.0 18.0
-1.6910431 20.237982 0.0204 0.0 19.0
-2.2547243 21.257242 0.0204 0.0 19.0
-2.2547243 18.053976 0.0205 1.0 17.0
-3.2412724 18.67313 0.0205 1.0 17.0
-3.2412724 18.67313 0.0206 0.0 18.0
-3.8049536 19.69239 0.0206 0.0 18.0
-3.8049536 19.69239 0.0207 0.0 19.0
-3.8049536 20.857136 0.0207 0.0 19.0
-2.2547243 18.053976 0.0208 7.0 17.0
-1.6910431 19.073236 0.0208 7.0 17.0
-1.6910431 19.073236 0.0209 6.0 18.0
-1.127362 20.092497 0.0209 6.0 18.0
-1.127362 20.092497 0.0210 1.0 19.0
0.035601974 20.156874 0.0210 1.0 19.0
0.035601974 20.156874 0.0211 0.0 20.0
1.02215 20.776028 0.0211 0.0 20.0
1.02215 20.776028 0.0212 0.0 21.0
1.5858312 21.795288 0.0212 0.0 21.0
-1.127362 20.092497 0.0213 1.0 19.0
-1.127362 21.257242 0.0213 1.0 19.0
-1.127362 21.257242 0.0214 0.0 20.0
-0.56368095 22.276503 0.0214 0.0 20.0
-0.56368095 22.276503 0.0215 0.0 21.0
0.42286718 22.895657 0.0215 0.0 21.0
-1.127362 20.092497 0.0216 5.0 19.0
-1.127362 21.257242 0.0216 5.0 19.0
-1.127362 21.257242 0.0217 4.0 20.0
-1.127362 22.421988 0.0217 4.0 20.0
-1.127362 22.421988 0.0218 1.0 21.0
-0.14081389 23.041142 0.0218 1.0 21.0
-0.14081389 23.041142 0.0219 0.0 22.0
0.42286718 24.060402 0.0219 0.0 22.0
0.42286718 24.060402 0.0220 0.0 23.0
0.42286718 25.225147 0.0220 0.0 23.0
-1.127362 22.421988 0.0221 1.0 21.0
-1.6910431 23.441248 0.0221 1.0 21.0
-1.6910431 23.441248 0.0222 0.0 22.0
-1.6910431 24.605993 0.0222 0.0 22.0
-1.6910431 24.605993 0.0223 0.0 23.0
-1.127362 25.625254 0.0223 0.0 23.0
-1.127362 22.421988 0.0224 3.0 21.0
-1.6910431 23.441248 0.0224 3.0 21.0
-1.6910431 23.441248 0.0225 2.0 22.0
-2.2547243 24.460508 0.0225 2.0 22.0
-2.2547243 24.460508 0.0226 1.0 23.0
-1.6910431 25.479769 0.0226 1.0 23.0
-1.6910431 25.479769 0.0227 0.0 24.0
-1.6910431 26.644514 0.0227 0.0 24.0
-1.6910431 26.644514 0.0228 0.0 25.0
-2.2547243 27.663774 0.0228 0.0 25.0
-2.2547243 24.460508 0.0229 1.0 23.0
-3.2412724 25.079662 0.0229 1.0 23.0
-3.2412724 25.079662 0.0230 0.0 24.0
-3.8049536 26.098923 0.0230 0.0 24.0
-3.8049536 26.098923 0.0231 0.0 25.0
-3.8049536 27.263668 0.0231 0.0 25.0
-2.2547243 18.053976 0.0232 7.0 17.0
-3.2412724 18.67313 0.0232 7.0 17.0
-3.2412724 18.67313 0.0233 6.0 18.0
-4.2278204 19.292284 0.0233 6.0 18.0
-4.2278204 19.292284 0.0234 1.0 19.0
-4.2278204 20.45703 0.0234 1.0 19.0
-4.2278204 20.45703 0.0235 0.0 20.0
-4.7915015 21.47629 0.0235 0.0 20.0
-4.7915015 21.47629 0.0236 0.0 21.0
-5.7780495 22.095444 0.0236 0.0 21.0
-4.2278204 19.292284 0.0237 1.0 19.0
-5.3907843 19.35666 0.0237 1.0 19.0
-5.3907843 19.35666 0.0238 0.0 20.0
-6.377332 19.975815 0.0238 0.0 20.0
-6.377332 19.975815 0.0239 0.0 21.0
-6.9410133 20.995075 0.0239 0.0 21.0
-4.2278204 19.292284 0.0240 5.0 19.0
-4.7915015 20.311544 0.0240 5.0 19.0
-4.7915015 20.311544 0.0241 4.0 20.0
-5.3551826 21.330805 0.0241 4.0 20.0
-5.3551826 21.330805 0.0242 1.0 21.0
-4.7915015 22.350065 0.0242 1.0 21.0
-4.7915015 22.350065 0.0243 0.0 22.0
-4.7915015 23.51481 0.0243 0.0 22.0
-4.7915015 23.51481 0.0244 0.0 23.0
-5.3551826 24.534071 0.0244 0.0 23.0
-5.3551826 21.330805 0.0245 1.0 21.0
-6.3417306 21.949959 0.0245 1.0 21.0
-6.3417306 21.949959 0.0246 0.0 22.0
-6.9054117 22.96922 0.0246 0.0 22.0
-6.9054117 22.96922 0.0247 0.0 23.0
-6.9054117 24.133965 0.0247 0.0 23.0
-5.3551826 21.330805 0.0248 3.0 21.0
-5.3551826 22.49555 0.0248 3.0 21.0
-5.3551826 22.49555 0.0249 2.0 22.0
-5.3551826 23.660295 0.0249 2.0 22.0
-5.3551826 23.660295 0.0250 1.0 23.0
-4.3686347 24.27945 0.0250 1.0 23.0
-4.3686347 24.27945 0.0251 0.0 24.0
-3.8049536 25.29871 0.0251 0.0 24.0
-3.8049536 25.29871 0.0252 0.0 25.0
-3.8049536 26.463455 0.0252 0.0 25.0
-5.3551826 23.660295 0.0253 1.0 23.0
-5.918864 24.679556 0.0253 1.0 23.0
-5.918864 24.679556 0.0254 0.0 24.0
-5.918864 25.844301 0.0254 0.0 24.0
-5.918864 25.844301 0.0255 0.0 25.0
-5.3551826 26.863562 0.0255 0.0 25.0
-2.2547243 18.053976 0.0256 11.0 17.0
-3.2412724 18.67313 0.0256 11.0 17.0
-3.2412724 18.67313 0.0257 10.0 18.0
-4.2278204 19.292284 0.0257 10.0 18.0
-4.2278204 19.292284 0.0258 1.0 19.0
-4.2278204 20.45703 0.0258 1.0 19.0
-4.2278204 20.45703 0.0259 0.0 20.0
-4.7915015 21.47629 0.0259 0.0 20.0
-4.7915015 21.47629 0.0260 0.0 21.0
-5.7780495 22.095444 0.0260 0.0 21.0
-4.2278204 19.292284 0.0261 1.0 19.0
-5.3907843 19.35666 0.0261 1.0 19.0
-5.3907843 19.35666 0.0262 0.0 20.0
-6.377332 19.975815 0.0262 0.0 20.0
-6.377332 19.975815 0.0263 0.0 21.0
-6.9410133 20.995075 0.0263 0.0 21.0
-4.2278204 19.292284 0.0264 9.0 19.0
-5.2143683 19.911438 0.0264 9.0 19.0
-5.2143683 19.911438 0.0265 8.0 20.0
-6.2009163 20.530592 0.0265 8.0 20.0
-6.2009163 20.530592 0.0266 1.0 21.0
-6.2009163 21.695337 0.0266 1.0 21.0
-6.2009163 21.695337 0.0267 0.0 22.0
-6.7645974 22.714598 0.0267 0.0 22.0
-6.7645974 22.714598 0.0268 0.0 23.0
-7.7511454 23.333752 0.0268 0.0 23.0
-6.2009163 20.530592 0.0269 1.0 21.0
-7.36388 20.594969 0.0269 1.0 21.0
-7.36388 20.594969 0.0270 0.0 22.0
-8.350429 21.214123 0.0270 0.0 22.0
-8.350429 21.214123 0.0271 0.0 23.0
-8.914109 22.233383 0.0271 0.0 23.0
-6.2009163 20.530592 0.0272 7.0 21.0
-6.2009163 21.695337 0.0272 7.0 21.0
-6.2009163 21.695337 0.0273 6.0 22.0
-6.2009163 22.860083 0.0273 6.0 22.0
-6.2009163 22.860083 0.0274 1.0 23.0
-5.2143683 23.479237 0.0274 1.0 23.0
-5.2143683 23.479237 0.0275 0.0 24.0
-4.650687 24.498497 0.0275 0.0 24.0
-4.650687 24.498497 0.0276 0.0 25.0
-4.650687 25.663242 0.0276 0.0 25.0
-6.2009163 22.860083 0.0277 1.0 23.0
-6.7645974 23.879343 0.0277 1.0 23.0
-6.7645974 23.879343 0.0278 0.0 24.0
-6.7645974 25.044088 0.0278 0.0 24.0
-6.7645974 25.044088 0.0279 0.0 25.0
-6.2009163 26.063349 0.0279 0.0 25.0
-6.2009163 22.860083 0.0280 5.0 23.0
-6.7645974 23.879343 0.0280 5.0 23.0
-6.7645974 23.879343 0.0281 4.0 24.0
-7.3282785 24.898603 0.0281 4.0 24.0
-7.3282785 24.898603 0.0282 1.0 25.0
-6.7645974 25.917864 0.0282 1.0 25.0
-6.7645974 25.917864 0.0283 0.0 26.0
-6.7645974 27.08261 0.0283 0.0 26.0
-6.7645974 27.08261 0.0284 0.0 27.0
-7.3282785 28.10187 0.0284 0.0 27.0
-7.3282785 24.898603 0.0285 1.0 25.0
-8.314827 25.517757 0.0285 1.0 25.0
-8.314827 25.517757 0.0286 0.0 26.0
-8.878508 26.537018 0.0286 0.0 26.0
-8.878508 26.537018 0.0287 0.0 27.0
-8.878508 27.701763 0.0287 0.0 27.0
-7.3282785 24.898603 0.0288 3.0 25.0
-8.314827 25.517757 0.0288 3.0 25.0
-8.314827 25.517757 0.0289 2.0 26.0
-9.301375 26.136911 0.0289 2.0 26.0
-9.301375 26.136911 0.0290 1.0 27.0
-9.301375 27.301657 0.0290 1.0 27.0
-9.301375 27.301657 0.0291 0.0 28.0
-9.865056 28.320917 0.0291 0.0 28.0
-9.865056 28.320917 0.0292 0.0 29.0
-10.851604 28.940071 0.0292 0.0 29.0
-9.301375 26.136911 0.0293 1.0 27.0
-10.464339 26.201288 0.0293 1.0 27.0
-10.464339 26.201288 0.0294 0.0 28.0
-11.450888 26.820442 0.0294 0.0 28.0
-11.450888 26.820442 0.0295 0.0 29.0
-12.014568 27.839703 0.0295 0.0 29.0
-6.2009163 20.530592 0.0296 7.0 21.0
-7.36388 20.594969 0.0296 7.0 21.0
-7.36388 20.594969 0.0297 6.0 22.0
-8.526844 20.659346 0.0297 6.0 22.0
-8.526844 20.659346 0.0298 1.0 23.0
-9.090525 21.678606 0.0298 1.0 23.0
-9.090525 21.678606 0.0299 0.0 24.0
-10.077073 22.29776 0.0299 0.0 24.0
-10.077073 22.29776 0.0300 0.0 25.0
-11.240037 22.362137 0.0300 0.0 25.0
-8.526844 20.659346 0.0301 1.0 23.0
-9.575703 20.15286 0.0301 1.0 23.0
-9.575703 20.15286 0.0302 0.0 24.0
-10.738667 20.217237 0.0302 0.0 24.0
-10.738667 20.217237 0.0303 0.0 25.0
-11.725215 20.836391 0.0303 0.0 25.0
-8.526844 20.659346 0.0304 5.0 23.0
-9.513392 21.2785 0.0304 5.0 23.0
-9.513392 21.2785 0.0305 4.0 24.0
-10.499941 21.897654 0.0305 4.0 24.0
-10.499941 21.897654 0.0306 1.0 25.0
-10.499941 23.062399 0.0306 1.0 25.0
-10.499941 23.062399 0.0307 0.0 26.0
-11.0636215 24.08166 0.0307 0.0 26.0
-11.0636215 24.08166 0.0308 0.0 27.0
-12.05017 24.700813 0.0308 0.0 27.0
-10.499941 21.897654 0.0309 1.0 25.0
-11.662905 21.96203 0.0309 1.0 25.0
-11.662905 21.96203 0.0310 0.0 26.0
-12.649453 22.581184 0.0310 0.0 26.0
-12.649453 22.581184 0.0311 0.0 27.0
-13.213134 23.600445 0.0311 0.0 27.0
-10.499941 21.897654 0.0312 3.0 25.0
-11.0636215 22.916914 0.0312 3.0 25.0
-11.0636215 22.916914 0.0313 2.0 26.0
-11.627302 23.936174 0.0313 2.0 26.0
-11.627302 23.936174 0.0314 1.0 27.0
-11.0636215 24.955435 0.0314 1.0 27.0
-11.0636215 24.955435 0.0315 0.0 28.0
-11.0636215 26.12018 0.0315 0.0 28.0
-11.0636215 26.12018 0.0316 0.0 29.0
-11.627302 27.13944 0.0316 0.0 29.0
-11.627302 23.936174 0.0317 1.0 27.0
-12.613851 24.555328 0.0317 1.0 27.0
-12.613851 24.555328 0.0318 0.0 28.0
-13.177531 25.574589 0.0318 0.0 28.0
-13.177531 25.574589 0.0319 0.0 29.0
-13.177531 26.739334 0.0319 0.0 29.0
0.0 9.317956 0.0320 19.0 9.0
-1.162964 9.382332 0.0320 19.0 9.0
-1.162964 9.382332 0.0321 18.0 10.0
-2.325928 9.446708 0.0321 18.0 10.0
-2.325928 9.446708 0.0322 1.0 11.0
-2.889609 10.465969 0.0322 1.0 11.0
-2.889609 10.465969 0.0323 0.0 12.0
-3.8761573 11.085124 0.0323 0.0 12.0
-3.8761573 11.085124 0.0324 0.0 13.0
-5.039121 11.1495 0.0324 0.0 13.0
-2.325928 9.446708 0.0325 1.0 11.0
-3.3747861 8.940224 0.0325 1.0 11.0
-3.3747861 8.940224 0.0326 0.0 12.0
-4.5377502 9.0046 0.0326 0.0 12.0
-4.5377502 9.0046 0.0327 0.0 13.0
-5.524298 9.6237545 0.0327 0.0 13.0
-2.325928 9.446708 0.0328 17.0 11.0
-3.488892 9.511084 0.0328 17.0 11.0
-3.488892 9.511084 0.0329 16.0 12.0
-4.651856 9.5754595 0.0329 16.0 12.0
-4.651856 9.5754595 0.0330 1.0 13.0
-5.215537 10.594721 0.0330 1.0 13.0
-5.215537 10.594721 0.0331 0.0 14.0
-6.202085 11.213876 0.0331 0.0 14.0
-6.202085 11.213876 0.0332 0.0 15.0
-7.365049 11.278252 0.0332 0.0 15.0
-4.651856 9.5754595 0.0333 1.0 13.0
-5.700714 9.068975 0.0333 1.0 13.0
-5.700714 9.068975 0.0334 0.0 14.0
-6.863678 9.133351 0.0334 0.0 14.0
-6.863678 9.133351 0.0335 0.0 15.0
-7.850226 9.752506 0.0335 0.0 15.0
-4.651856 9.5754595 0.0336 7.0 13.0
-5.215537 10.594721 0.0336 7.0 13.0
-5.215537 10.594721 0.0337 6.0 14.0
-5.779218 11.613982 0.0337 6.0 14.0
-5.779218 11.613982 0.0338 1.0 15.0
-5.215537 12.633244 0.0338 1.0 15.0
-5.215537 12.633244 0.0339 0.0 16.0
-5.215537 13.797988 0.0339 0.0 16.0
-5.215537 13.797988 0.0340 0.0 17.0
-5.779218 14.817249 0.0340 0.0 17.0
-5.779218 11.613982 0.0341 1.0 15.0
-6.765766 12.233137 0.0341 1.0 15.0
-6.765766 12.233137 0.0342 0.0 16.0
-7.3294473 13.2523985 0.0342 0.0 16.0
-7.3294473 13.2523985 0.0343 0.0 17.0
-7.3294473 14.417143 0.0343 0.0 17.0
-5.779218 11.613982 0.0344 5.0 15.0
-6.765766 12.233137 0.0344 5.0 15.0
-6.765766 12.233137 0.0345 4.0 16.0
-7.752314 12.852292 0.0345 4.0 16.0
-7.752314 12.852292 0.0346 1.0 17.0
-7.752314 14.017036 0.0346 1.0 17.0
-7.752314 14.017036 0.0347 0.0 18.0
-8.315995 15.036298 0.0347 0.0 18.0
-8.315995 15.036298 0.0348 0.0 19.0
-9.302544 15.655453 0.0348 0.0 19.0
-7.752314 12.852292 0.0349 1.0 17.0
-8.915278 12.916668 0.0349 1.0 17.0
-8.915278 12.916668 0.0350 0.0 18.0
-9.901827 13.535823 0.0350 0.0 18.0
-9.901827 13.535823 0.0351 0.0 19.0
-10.4655075 14.555084 0.0351 0.0 19.0
-7.752314 12.852292 0.0352 3.0 17.0
-8.915278 12.916668 0.0352 3.0 17.0
-8.915278 12.916668 0.0353 2.0 18.0
-10.078242 12.981044 0.0353 2.0 18.0
-10.078242 12.981044 0.0354 1.0 19.0
-10.641923 14.000305 0.0354 1.0 19.0
-10.641923 14.000305 0.0355 0.0 20.0
-11.628471 14.61946 0.0355 0.0 20.0
-11.628471 14.61946 0.0356 0.0 21.0
-12.791435 14.683836 0.0356 0.0 21.0
-10.078242 12.981044 0.0357 1.0 19.0
-11.1271 12.47456 0.0357 1.0 19.0
-11.1271 12.47456 0.0358 0.0 20.0
-12.290064 12.538936 0.0358 0.0 20.0
-12.290064 12.538936 0.0359 0.0 21.0
-13.276612 13.158091 0.0359 0.0 21.0
-4.651856 9.5754595 0.0360 7.0 13.0
-5.700714 9.068975 0.0360 7.0 13.0
-5.700714 9.068975 0.0361 6.0 14.0
-6.7495723 8.562491 0.0361 6.0 14.0
-6.7495723 8.562491 0.0362 1.0 15.0
-7.73612 9.181646 0.0362 1.0 15.0
-7.73612 9.181646 0.0363 0.0 16.0
-8.899084 9.246022 0.0363 0.0 16.0
-8.899084 9.246022 0.0364 0.0 17.0
-9.947943 8.739538 0.0364 0.0 17.0
-6.7495723 8.562491 0.0365 1.0 15.0
-7.422308 7.6116724 0.0365 1.0 15.0
-7.422308 7.6116724 0.0366 0.0 16.0
-8.471167 7.1051884 0.0366 0.0 16.0
-8.471167 7.1051884 0.0367 0.0 17.0
-9.6341305 7.1695647 0.0367 0.0 17.0
-6.7495723 8.562491 0.0368 5.0 15.0
-7.912536 8.626867 0.0368 5.0 15.0
-7.912536 8.626867 0.0369 4.0 16.0
-9.0755005 8.691243 0.0369 4.0 16.0
-9.0755005 8.691243 0.0370 1.0 17.0
-9.639181 9.710505 0.0370 1.0 17.0
-9.639181 9.710505 0.0371 0.0 18.0
-10.62573 10.329659 0.0371 0.0 18.0
-10.62573 10.329659 0.0372 0.0 19.0
-11.788693 10.394035 0.0372 0.0 19.0
-9.0755005 8.691243 0.0373 1.0 17.0
-10.124359 8.184759 0.0373 1.0 17.0
-10.124359 8.184759 0.0374 0.0 18.0
-11.287323 8.249135 0.0374 0.0 18.0
-11.287323 8.249135 0.0375 0.0 19.0
-12.273871 8.86829 0.0375 0.0 19.0
-9.0755005 8.691243 0.0376 3.0 17.0
-10.062049 9.310398 0.0376 3.0 17.0
-10.062049 9.310398 0.0377 2.0 18.0
-11.048597 9.929553 0.0377 2.0 18.0
-11.048597 9.929553 0.0378 1.0 19.0
-11.048597 11.094297 0.0378 1.0 19.0
-11.048597 11.094297 0.0379 0.0 20.0
-11.612278 12.113559 0.0379 0.0 20.0
-11.612278 12.113559 0.0380 0.0 21.0
-12.598826 12.732714 0.0380 0.0 21.0
-11.048597 9.929553 0.0381 1.0 19.0
-12.211561 9.993929 0.0381 1.0 19.0
-12.211561 9.993929 0.0382 0.0 20.0
-13.19811 10.613084 0.0382 0.0 20.0
-13.19811 10.613084 0.0383 0.0 21.0
-13.76179 11.632345 0.0383 0.0 21.0
-4.651856 9.5754595 0.0384 15.0 13.0
-5.638404 10.194614 0.0384 15.0 13.0
-5.638404 10.194614 0.0385 14.0 14.0
-6.624952 10.813769 0.0385 14.0 14.0
-6.624952 10.813769 0.0386 1.0 15.0
-6.624952 11.978514 0.0386 1.0 15.0
-6.624952 11.978514 0.0387 0.0 16.0
-7.188633 12.997775 0.0387 0.0 16.0
-7.188633 12.997775 0.0388 0.0 17.0
-8.175181 13.61693 0.0388 0.0 17.0
-6.624952 10.813769 0.0389 1.0 15.0
-7.7879157 10.878145 0.0389 1.0 15.0
-7.7879157 10.878145 0.0390 0.0 16.0
-8.774464 11.4973 0.0390 0.0 16.0
-8.774464 11.4973 0.0391 0.0 17.0
-9.338144 12.5165615 0.0391 0.0 17.0
-6.624952 10.813769 0.0392 13.0 15.0
-7.6115 11.432924 0.0392 13.0 15.0
-7.6115 11.432924 0.0393 12.0 16.0
-8.598048 12.052079 0.0393 12.0 16.0
-8.598048 12.052079 0.0394 1.0 17.0
-8.598048 13.216824 0.0394 1.0 17.0
-8.598048 13.216824 0.0395 0.0 18.0
-9.161729 14.236085 0.0395 0.0 18.0
-9.161729 14.236085 0.0396 0.0 19.0
-10.148277 14.85524 0.0396 0.0 19.0
-8.598048 12.052079 0.0397 1.0 17.0
-9.761012 12.116455 0.0397 1.0 17.0
-9.761012 12.116455 0.0398 0.0 18.0
-10.7475605 12.73561 0.0398 0.0 18.0
-10.7475605 12.73561 0.0399 0.0 19.0
-11.311241 13.754871 0.0399 0.0 19.0
-8.598048 12.052079 0.0400 7.0 17.0
-8.598048 13.216824 0.0400 7.0 17.0
-8.598048 13.216824 0.0401 6.0 18.0
-8.598048 14.381568 0.0401 6.0 18.0
-8.598048 14.381568 0.0402 1.0 19.0
-7.6115003 15.000723 0.0402 1.0 19.0
-7.6115003 15.000723 0.0403 0.0 20.0
-7.047819 16.019983 0.0403 0.0 20.0
-7.047819 16.019983 0.0404 0.0 21.0
-7.047819 17.184729 0.0404 0.0 21.0
-8.598048 14.381568 0.0405 1.0 19.0
-9.161729 15.400829 0.0405 1.0 19.0
-9.161729 15.400829 0.0406 0.0 20.0
-9.161729 16.565575 0.0406 0.0 20.0
-9.161729 16.565575 0.0407 0.0 21.0
-8.598048 17.584835 0.0407 0.0 21.0
-8.598048 14.381568 0.0408 5.0 19.0
-9.161729 15.400829 0.0408 5.0 19.0
-9.161729 15.400829 0.0409 4.0 20.0
-9.7254095 16.42009 0.0409 4.0 20.0
-9.7254095 16.42009 0.0410 1.0 21.0
-9.161729 17.43935 0.0410 1.0 21.0
-9.161729 17.43935 0.0411 0.0 22.0
-9.161729 18.604095 0.0411 0.0 22.0
-9.161729 18.604095 0.0412 0.0 23.0
-9.7254095 19.623356 0.0412 0.0 23.0
-9.7254095 16.42009 0.0413 1.0 21.0
-10.711958 17.039244 0.0413 1.0 21.0
-10.711958 17.039244 0.0414 0.0 22.0
-11.275639 18.058504 0.0414 0.0 22.0
-11.275639 18.058504 0.0415 0.0 23.0
-11.275639 19.22325 0.0415 0.0 23.0
-9.7254095 16.42009 0.0416 3.0 21.0
-10.711958 17.039244 0.0416 3.0 21.0
-10.711958 17.039244 0.0417 2.0 22.0
-11.698506 17.658398 0.0417 2.0 22.0
-11.698506 17.658398 0.0418 1.0 23.0
-11.698506 18.823143 0.0418 1.0 23.0
-11.698506 18.823143 0.0419 0.0 24.0
-12.262187 19.842403 0.0419 0.0 24.0
-12.262187 19.842403 0.0420 0.0 25.0
-13.248735 20.461557 0.0420 0.0 25.0
-11.698506 17.658398 0.0421 1.0 23.0
-12.86147 17.722775 0.0421 1.0 23.0
-12.86147 17.722775 0.0422 0.0 24.0
-13.848019 18.341928 0.0422 0.0 24.0
-13.848019 18.341928 0.0423 0.0 25.0
-14.411699 19.361189 0.0423 0.0 25.0
-8.598048 12.052079 0.0424 7.0 17.0
-9.761012 12.116455 0.0424 7.0 17.0
-9.761012 12.116455 0.0425 6.0 18.0
-10.923976 12.180831 0.0425 6.0 18.0
-10.923976 12.180831 0.0426 1.0 19.0
-11.487657 13.200092 0.0426 1.0 19.0
-11.487657 13.200092 0.0427 0.0 20.0
-12.474205 13.819247 0.0427 0.0 20.0
-12.474205 13.819247 0.0428 0.0 21.0
-13.637169 13.883623 0.0428 0.0 21.0
-10.923976 12.180831 0.0429 1.0 19.0
-11.972834 11.674347 0.0429 1.0 19.0
-11.972834 11.674347 0.0430 0.0 20.0
-13.1357975 11.738723 0.0430 0.0 20.0
-13.1357975 11.738723 0.0431 0.0 21.0
-14.122346 12.357878 0.0431 0.0 21.0
-10.923976 12.180831 0.0432 5.0 19.0
-11.910524 12.799986 0.0432 5.0 19.0
-11.910524 12.799986 0.0433 4.0 20.0
-12.897073 13.419141 0.0433 4.0 20.0
-12.897073 13.419141 0.0434 1.0 21.0
-12.897073 14.583885 0.0434 1.0 21.0
-12.897073 14.583885 0.0435 0.0 22.0
-13.460753 15.603147 0.0435 0.0 22.0
-13.460753 15.603147 0.0436 0.0 23.0
-14.447302 16.222301 0.0436 0.0 23.0
-12.897073 13.419141 0.0437 1.0 21.0
-14.060037 13.483517 0.0437 1.0 21.0
-14.060037 13.483517 0.0438 0.0 22.0
-15.046585 14.102672 0.0438 0.0 22.0
-15.046585 14.102672 0.0439 0.0 23.0
-15.610266 15.121933 0.0439 0.0 23.0
-12.897073 13.419141 0.0440 3.0 21.0
-13.460753 14.438402 0.0440 3.0 21.0
-13.460753 14.438402 0.0441 2.0 22.0
-14.024434 15.457664 0.0441 2.0 22.0
-14.024434 15.457664 0.0442 1.0 23.0
-13.460753 16.476925 0.0442 1.0 23.0
-13.460753 16.476925 0.0443 0.0 24.0
-13.460753 17.64167 0.0443 0.0 24.0
-13.460753 17.64167 0.0444 0.0 25.0
-14.024434 18.66093 0.0444 0.0 25.0
-14.024434 15.457664 0.0445 1.0 23.0
-15.0109825 16.076818 0.0445 1.0 23.0
-15.0109825 16.076818 0.0446 0.0 24.0
-15.574663 17.096079 0.0446 0.0 24.0
-15.574663 17.096079 0.0447 0.0 25.0
-15.574663 18.260824 0.0447 0.0 25.0
-8.598048 12.052079 0.0448 11.0 17.0
-9.161729 13.071341 0.0448 11.0 17.0
-9.161729 13.071341 0.0449 10.0 18.0
-9.7254095 14.090602 0.0449 10.0 18.0
-9.7254095 14.090602 0.0450 1.0 19.0
-9.161729 15.109863 0.0450 1.0 19.0
-9.161729 15.109863 0.0451 0.0 20.0
-9.161729 16.274609 0.0451 0.0 20.0
-9.161729 16.274609 0.0452 0.0 21.0
-9.7254095 17.293869 0.0452 0.0 21.0
-9.7254095 14.090602 0.0453 1.0 19.0
-10.711958 14.709757 0.0453 1.0 19.0
-10.711958 14.709757 0.0454 0.0 20.0
-11.275639 15.729018 0.0454 0.0 20.0
-11.275639 15.729018 0.0455 0.0 21.0
-11.275639 16.893763 0.0455 0.0 21.0
-9.7254095 14.090602 0.0456 9.0 19.0
-10.28909 15.109863 0.0456 9.0 19.0
-10.28909 15.109863 0.0457 8.0 20.0
-10.852771 16.129124 0.0457 8.0 20.0
-10.852771 16.129124 0.0458 1.0 21.0
-10.28909 17.148384 0.0458 1.0 21.0
-10.28909 17.148384 0.0459 0.0 22.0
-10.28909 18.31313 0.0459 0.0 22.0
-10.28909 18.31313 0.0460 0.0 23.0
-10.852771 19.33239 0.0460 0.0 23.0
-10.852771 16.129124 0.0461 1.0 21.0
-11.839319 16.748278 0.0461 1.0 21.0
-11.839319 16.748278 0.0462 0.0 22.0
-12.403 17.767538 0.0462 0.0 22.0
-12.403 17.767538 0.0463 0.0 23.0
-12.403 18.932283 0.0463 0.0 23.0
-10.852771 16.129124 0.0464 7.0 21.0
-10.28909 17.148384 0.0464 7.0 21.0
-10.28909 17.148384 0.0465 6.0 22.0
-9.7254095 18.167645 0.0465 6.0 22.0
-9.7254095 18.167645 0.0466 1.0 23.0
-8.562446 18.232021 0.0466 1.0 23.0
-8.562446 18.232021 0.0467 0.0 24.0
-7.5758977 18.851175 0.0467 0.0 24.0
-7.5758977 18.851175 0.0468 0.0 25.0
-7.0122166 19.870436 0.0468 0.0 25.0
-9.7254095 18.167645 0.0469 1.0 23.0
-9.7254095 19.33239 0.0469 1.0 23.0
-9.7254095 19.33239 0.0470 0.0 24.0
-9.161729 20.35165 0.0470 0.0 24.0
-9.161729 20.35165 0.0471 0.0 25.0
-8.17518 20.970804 0.0471 0.0 25.0
-9.7254095 18.167645 0.0472 5.0 23.0
-9.7254095 19.33239 0.0472 5.0 23.0
-9.7254095 19.33239 0.0473 4.0 24.0
-9.7254095 20.497135 0.0473 4.0 24.0
-9.7254095 20.497135 0.0474 1.0 25.0
-8.738861 21.11629 0.0474 1.0 25.0
-8.738861 21.11629 0.0475 0.0 26.0
-8.17518 22.13555 0.0475 0.0 26.0
-8.17518 22.13555 0.0476 0.0 27.0
-8.17518 23.300295 0.0476 0.0 27.0
-9.7254095 20.497135 0.0477 1.0 25.0
-10.28909 21.516396 0.0477 1.0 25.0
-10.28909 21.516396 0.0478 0.0 26.0
-10.28909 22.68114 0.0478 0.0 26.0
-10.28909 22.68114 0.0479 0.0 27.0
-9.7254095 23.700401 0.0479 0.0 27.0
-9.7254095 20.497135 0.0480 3.0 25.0
-10.28909 21.516396 0.0480 3.0 25.0
-10.28909 21.516396 0.0481 2.0 26.0
-10.852771 22.535656 0.0481 2.0 26.0
-10.852771 22.535656 0.0482 1.0 27.0
-10.28909 23.554916 0.0482 1.0 27.0
-10.28909 23.554916 0.0483 0.0 28.0
-10.28909 24.719662 0.0483 0.0 28.0
-10.28909 24.719662 0.0484 0.0 29.0
-10.852771 25.738922 0.0484 0.0 29.0
-10.852771 22.535656 0.0485 1.0 27.0
-11.839319 23.15481 0.0485 1.0 27.0
-11.839319 23.15481 0.0486 0.0 28.0
-12.403 24.17407 0.0486 0.0 28.0
-12.403 24.17407 0.0487 0.0 29.0
-12.403 25.338816 0.0487 0.0 29.0
-10.852771 16.129124 0.0488 7.0 21.0
-11.839319 16.748278 0.0488 7.0 21.0
-11.839319 16.748278 0.0489 6.0 22.0
-12.825868 17.367432 0.0489 6.0 22.0
-12.825868 17.367432 0.0490 1.0 23.0
-12.825868 18.532177 0.0490 1.0 23.0
-12.825868 18.532177 0.0491 0.0 24.0
-13.389548 19.551437 0.0491 0.0 24.0
-13.389548 19.551437 0.0492 0.0 25.0
-14.376097 20.170591 0.0492 0.0 25.0
-12.825868 17.367432 0.0493 1.0 23.0
-13.9888315 17.431808 0.0493 1.0 23.0
-13.9888315 17.431808 0.0494 0.0 24.0
-14.97538 18.050962 0.0494 0.0 24.0
-14.97538 18.050962 0.0495 0.0 25.0
-15.539061 19.070223 0.0495 0.0 25.0
-12.825868 17.367432 0.0496 5.0 23.0
-13.389548 18.386692 0.0496 5.0 23.0
-13.389548 18.386692 0.0497 4.0 24.0
-13.953229 19.405952 0.0497 4.0 24.0
-13.953229 19.405952 0.0498 1.0 25.0
-13.389548 20.425213 0.0498 1.0 25.0
-13.389548 20.425213 0.0499 0.0 26.0
-13.389548 21.589958 0.0499 0.0 26.0
-13.389548 21.589958 0.0500 0.0 27.0
-13.953229 22.609219 0.0500 0.0 27.0
-13.953229 19.405952 0.0501 1.0 25.0
-14.939777 20.025106 0.0501 1.0 25.0
-14.939777 20.025106 0.0502 0.0 26.0
-15.503458 21.044367 0.0502 0.0 26.0
-15.503458 21.044367 0.0503 0.0 27.0
-15.503458 22.209112 0.0503 0.0 27.0
-13.953229 19.405952 0.0504 3.0 25.0
-13.953229 20.570698 0.0504 3.0 25.0
-13.953229 20.570698 0.0505 2.0 26.0
-13.953229 21.735443 0.0505 2.0 26.0
-13.953229 21.735443 0.0506 1.0 27.0
-12.966681 22.354597 0.0506 1.0 27.0
-12.966681 22.354597 0.0507 0.0 28.0
-12.403 23.373857 0.0507 0.0 28.0
-12.403 23.373857 0.0508 0.0 29.0
-12.403 24.538603 0.0508 0.0 29.0
-13.953229 21.735443 0.0509 1.0 27.0
-14.51691 22.754704 0.0509 1.0 27.0
-14.51691 22.754704 0.0510 0.0 28.0
-14.51691 23.919449 0.0510 0.0 28.0
-14.51691 23.919449 0.0511 0.0 29.0
-13.953229 24.93871 0.0511 0.0 29.0
