0.0 0.0 0.00 43.0 1.0
0.0 1.2338443 0.00 43.0 1.0
0.0 1.2338443 0.01 42.0 2.0
0.0 2.4676886 0.01 42.0 2.0
0.0 2.4676886 0.02 41.0 3.0
0.0 3.7015328 0.02 41.0 3.0
0.0 3.7015328 0.03 40.0 4.0
0.0 4.935377 0.03 40.0 4.0
0.0 4.935377 0.04 39.0 5.0
0.0 6.1692214 0.04 39.0 5.0
0.0 6.1692214 0.05 38.0 6.0
0.0 7.4030657 0.05 38.0 6.0
0.0 7.4030657 0.06 37.0 7.0
0.0 8.6369095 0.06 37.0 7.0
0.0 8.6369095 0.07 36.0 8.0
0.0 9.870754 0.07 36.0 8.0
0.0 9.870754 0.08 19.0 9.0
0.5555884 10.972432 0.08 19.0 9.0
0.5555884 10.972432 0.09 18.0 10.0
1.1111768 12.07411 0.09 18.0 10.0
1.1111768 12.07411 0.010 17.0 11.0
1.6667652 13.175788 0.010 17.0 11.0
1.6667652 13.175788 0.011 16.0 12.0
2.2223537 14.277466 0.011 16.0 12.0
2.2223537 14.277466 0.012 7.0 13.0
3.2145035 15.010958 0.012 7.0 13.0
3.2145035 15.010958 0.013 6.0 14.0
4.2066536 15.74445 0.013 6.0 14.0
4.2066536 15.74445 0.014 1.0 15.0
5.422811 15.952616 0.014 1.0 15.0
5.422811 15.952616 0.015 0.0 16.0
6.6389685 16.160782 0.015 0.0 16.0
6.6389685 16.160782 0.016 0.0 17.0
7.6311183 16.894274 0.016 0.0 17.0
4.2066536 15.74445 0.017 1.0 15.0
5.1988034 16.477942 0.017 1.0 15.0
5.1988034 16.477942 0.018 0.0 16.0
6.1909533 17.211433 0.018 0.0 16.0
6.1909533 17.211433 0.019 0.0 17.0
6.7465415 18.31311 0.019 0.0 17.0
4.2066536 15.74445 0.020 5.0 15.0
5.1988034 16.477942 0.020 5.0 15.0
5.1988034 16.477942 0.021 4.0 16.0
6.1909533 17.211433 0.021 4.0 16.0
6.1909533 17.211433 0.022 3.0 17.0
6.7465415 18.31311 0.022 3.0 17.0
6.7465415 18.31311 0.023 2.0 18.0
7.3021297 19.414787 0.023 2.0 18.0
7.3021297 19.414787 0.024 1.0 19.0
7.857718 20.516464 0.024 1.0 19.0
7.857718 20.516464 0.025 0.0 20.0
8.413306 21.618141 0.025 0.0 20.0
8.413306 21.618141 0.026 0.0 21.0
8.413306 22.851986 0.026 0.0 21.0
6.1909533 17.211433 0.027 1.0 17.0
7.4071107 17.4196 0.027 1.0 17.0
7.4071107 17.4196 0.028 0.0 18.0
8.623268 17.627766 0.028 0.0 18.0
8.623268 17.627766 0.029 0.0 19.0
9.615418 18.361258 0.029 0.0 19.0
2.2223537 14.277466 0.030 7.0 13.0
3.438511 14.485632 0.030 7.0 13.0
3.438511 14.485632 0.031 6.0 14.0
4.6546683 14.693798 0.031 6.0 14.0
4.6546683 14.693798 0.032 1.0 15.0
5.8342886 14.332042 0.032 1.0 15.0
5.8342886 14.332042 0.033 0.0 16.0
7.013909 13.970285 0.033 0.0 16.0
7.013909 13.970285 0.034 0.0 17.0
8.230066 14.178452 0.034 0.0 17.0
4.6546683 14.693798 0.035 1.0 15.0
5.870826 14.901964 0.035 1.0 15.0
5.870826 14.901964 0.036 0.0 16.0
7.086983 15.11013 0.036 0.0 16.0
7.086983 15.11013 0.037 0.0 17.0
8.079133 15.843622 0.037 0.0 17.0
4.6546683 14.693798 0.038 5.0 15.0
5.870826 14.901964 0.038 5.0 15.0
5.870826 14.901964 0.039 4.0 16.0
7.086983 15.11013 0.039 4.0 16.0
7.086983 15.11013 0.040 3.0 17.0
8.079133 15.843622 0.040 3.0 17.0
8.079133 15.843622 0.041 2.0 18.0
9.071283 16.577114 0.041 2.0 18.0
9.071283 16.577114 0.042 1.0 19.0
10.063434 17.310606 0.042 1.0 19.0
10.063434 17.310606 0.043 0.0 20.0
11.055584 18.044098 0.043 0.0 20.0
11.055584 18.044098 0.044 0.0 21.0
11.611173 19.145775 0.044 0.0 21.0
7.086983 15.11013 0.045 1.0 17.0
8.266603 14.748374 0.045 1.0 17.0
8.266603 14.748374 0.046 0.0 18.0
9.446224 14.386618 0.046 0.0 18.0
9.446224 14.386618 0.047 0.0 19.0
10.662381 14.594784 0.047 0.0 19.0
2.2223537 14.277466 0.048 15.0 13.0
2.7779422 15.379144 0.048 15.0 13.0
2.7779422 15.379144 0.049 14.0 14.0
3.3335307 16.480822 0.049 14.0 14.0
3.3335307 16.480822 0.050 13.0 15.0
3.8891191 17.582499 0.050 13.0 15.0
3.8891191 17.582499 0.051 12.0 16.0
4.4447074 18.684175 0.051 12.0 16.0
4.4447074 18.684175 0.052 11.0 17.0
5.436857 19.417667 0.052 11.0 17.0
5.436857 19.417667 0.053 10.0 18.0
6.429007 20.15116 0.053 10.0 18.0
6.429007 20.15116 0.054 9.0 19.0
7.421157 20.884651 0.054 9.0 19.0
7.421157 20.884651 0.055 8.0 20.0
8.413307 21.618143 0.055 8.0 20.0
8.413307 21.618143 0.056 7.0 21.0
9.4054575 22.351635 0.056 7.0 21.0
9.4054575 22.351635 0.057 6.0 22.0
10.397608 23.085127 0.057 6.0 22.0
10.397608 23.085127 0.058 1.0 23.0
11.613765 23.293293 0.058 1.0 23.0
11.613765 23.293293 0.059 0.0 24.0
12.829922 23.50146 0.059 0.0 24.0
12.829922 23.50146 0.060 0.0 25.0
13.822072 24.234951 0.060 0.0 25.0
10.397608 23.085127 0.061 1.0 23.0
11.389758 23.818619 0.061 1.0 23.0
11.389758 23.818619 0.062 0.0 24.0
12.381908 24.55211 0.062 0.0 24.0
12.381908 24.55211 0.063 0.0 25.0
12.937497 25.653788 0.063 0.0 25.0
10.397608 23.085127 0.064 5.0 23.0
11.389758 23.818619 0.064 5.0 23.0
11.389758 23.818619 0.065 4.0 24.0
12.381908 24.55211 0.065 4.0 24.0
12.381908 24.55211 0.066 3.0 25.0
12.937497 25.653788 0.066 3.0 25.0
12.937497 25.653788 0.067 2.0 26.0
13.493086 26.755465 0.067 2.0 26.0
13.493086 26.755465 0.068 1.0 27.0
14.048675 27.857141 0.068 1.0 27.0
14.048675 27.857141 0.069 0.0 28.0
14.604263 28.958818 0.069 0.0 28.0
14.604263 28.958818 0.070 0.0 29.0
14.604263 30.192663 0.070 0.0 29.0
12.381908 24.55211 0.071 1.0 25.0
13.598065 24.760277 0.071 1.0 25.0
13.598065 24.760277 0.072 0.0 26.0
14.814222 24.968443 0.072 0.0 26.0
14.814222 24.968443 0.073 0.0 27.0
15.806373 25.701935 0.073 0.0 27.0
4.4447074 18.684175 0.074 7.0 17.0
5.436857 19.417667 0.074 7.0 17.0
5.436857 19.417667 0.075 6.0 18.0
6.429007 20.15116 0.075 6.0 18.0
6.429007 20.15116 0.076 1.0 19.0
7.6451645 20.359325 0.076 1.0 19.0
7.6451645 20.359325 0.077 0.0 20.0
8.861321 20.567492 0.077 0.0 20.0
8.861321 20.567492 0.078 0.0 21.0
9.853472 21.300983 0.078 0.0 21.0
6.429007 20.15116 0.079 1.0 19.0
7.421157 20.884651 0.079 1.0 19.0
7.421157 20.884651 0.080 0.0 20.0
8.413307 21.618143 0.080 0.0 20.0
8.413307 21.618143 0.081 0.0 21.0
8.968896 22.71982 0.081 0.0 21.0
6.429007 20.15116 0.082 5.0 19.0
7.421157 20.884651 0.082 5.0 19.0
7.421157 20.884651 0.083 4.0 20.0
8.413307 21.618143 0.083 4.0 20.0
8.413307 21.618143 0.084 3.0 21.0
8.968896 22.71982 0.084 3.0 21.0
8.968896 22.71982 0.085 2.0 22.0
9.524485 23.821497 0.085 2.0 22.0
9.524485 23.821497 0.086 1.0 23.0
10.080073 24.923174 0.086 1.0 23.0
10.080073 24.923174 0.087 0.0 24.0
10.635662 26.02485 0.087 0.0 24.0
10.635662 26.02485 0.088 0.0 25.0
10.635662 27.258696 0.088 0.0 25.0
8.413307 21.618143 0.089 1.0 21.0
9.629464 21.82631 0.089 1.0 21.0
9.629464 21.82631 0.090 0.0 22.0
10.845621 22.034475 0.090 0.0 22.0
10.845621 22.034475 0.091 0.0 23.0
11.837771 22.767967 0.091 0.0 23.0
0.0 9.870754 0.092 19.0 9.0
0.0 11.104599 0.092 19.0 9.0
0.0 11.104599 0.093 18.0 10.0
0.0 12.338444 0.093 18.0 10.0
0.0 12.338444 0.094 17.0 11.0
0.0 13.5722885 0.094 17.0 11.0
0.0 13.5722885 0.095 16.0 12.0
0.0 14.806133 0.095 16.0 12.0
0.0 14.806133 0.096 7.0 13.0
0.5555884 15.907811 0.096 7.0 13.0
0.5555884 15.907811 0.097 6.0 14.0
1.1111768 17.00949 0.097 6.0 14.0
1.1111768 17.00949 0.098 1.0 15.0
2.1033268 17.742981 0.098 1.0 15.0
2.1033268 17.742981 0.099 0.0 16.0
3.0954766 18.476473 0.099 0.0 16.0
3.0954766 18.476473 0.0100 0.0 17.0
3.651065 19.57815 0.0100 0.0 17.0
1.1111768 17.00949 0.0101 1.0 15.0
1.6667652 18.111166 0.0101 1.0 15.0
1.6667652 18.111166 0.0102 0.0 16.0
2.2223537 19.212843 0.0102 0.0 16.0
2.2223537 19.212843 0.0103 0.0 17.0
2.2223537 20.446688 0.0103 0.0 17.0
1.1111768 17.00949 0.0104 5.0 15.0
1.6667652 18.111166 0.0104 5.0 15.0
1.6667652 18.111166 0.0105 4.0 16.0
2.2223537 19.212843 0.0105 4.0 16.0
2.2223537 19.212843 0.0106 3.0 17.0
2.2223537 20.446688 0.0106 3.0 17.0
2.2223537 20.446688 0.0107 2.0 18.0
2.2223537 21.680532 0.0107 2.0 18.0
2.2223537 21.680532 0.0108 1.0 19.0
2.2223537 22.914377 0.0108 1.0 19.0
2.2223537 22.914377 0.0109 0.0 20.0
2.2223537 24.148222 0.0109 0.0 20.0
2.2223537 24.148222 0.0110 0.0 21.0
1.6667652 25.249899 0.0110 0.0 21.0
2.2223537 19.212843 0.0111 1.0 17.0
3.2145035 19.946335 0.0111 1.0 17.0
3.2145035 19.946335 0.0112 0.0 18.0
4.2066536 20.679827 0.0112 0.0 18.0
4.2066536 20.679827 0.0113 0.0 19.0
4.762242 21.781504 0.0113 0.0 19.0
0.0 14.806133 0.0114 7.0 13.0
0.9921499 15.539625 0.0114 7.0 13.0
0.9921499 15.539625 0.0115 6.0 14.0
1.9842998 16.273117 0.0115 6.0 14.0
1.9842998 16.273117 0.0116 1.0 15.0
3.200457 16.481283 0.0116 1.0 15.0
3.200457 16.481283 0.0117 0.0 16.0
4.4166145 16.68945 0.0117 0.0 16.0
4.4166145 16.68945 0.0118 0.0 17.0
5.4087644 17.422941 0.0118 0.0 17.0
1.9842998 16.273117 0.0119 1.0 15.0
2.9764497 17.006609 0.0119 1.0 15.0
2.9764497 17.006609 0.0120 0.0 16.0
3.9685996 17.7401 0.0120 0.0 16.0
3.9685996 17.7401 0.0121 0.0 17.0
4.524188 18.841778 0.0121 0.0 17.0
1.9842998 16.273117 0.0122 5.0 15.0
2.9764497 17.006609 0.0122 5.0 15.0
2.9764497 17.006609 0.0123 4.0 16.0
3.9685996 17.7401 0.0123 4.0 16.0
3.9685996 17.7401 0.0124 3.0 17.0
4.524188 18.841778 0.0124 3.0 17.0
4.524188 18.841778 0.0125 2.0 18.0
5.0797763 19.943455 0.0125 2.0 18.0
5.0797763 19.943455 0.0126 1.0 19.0
5.6353645 21.045132 0.0126 1.0 19.0
5.6353645 21.045132 0.0127 0.0 20.0
6.190953 22.146809 0.0127 0.0 20.0
6.190953 22.146809 0.0128 0.0 21.0
6.190953 23.380653 0.0128 0.0 21.0
3.9685996 17.7401 0.0129 1.0 17.0
5.1847568 17.948267 0.0129 1.0 17.0
5.1847568 17.948267 0.0130 0.0 18.0
6.400914 18.156433 0.0130 0.0 18.0
6.400914 18.156433 0.0131 0.0 19.0
7.393064 18.889925 0.0131 0.0 19.0
0.0 14.806133 0.0132 15.0 13.0
0.0 16.039978 0.0132 15.0 13.0
0.0 16.039978 0.0133 14.0 14.0
0.0 17.273823 0.0133 14.0 14.0
0.0 17.273823 0.0134 13.0 15.0
0.0 18.507668 0.0134 13.0 15.0
0.0 18.507668 0.0135 12.0 16.0
0.0 19.741512 0.0135 12.0 16.0
0.0 19.741512 0.0136 11.0 17.0
0.5555884 20.84319 0.0136 11.0 17.0
0.5555884 20.84319 0.0137 10.0 18.0
1.1111768 21.944866 0.0137 10.0 18.0
1.1111768 21.944866 0.0138 9.0 19.0
1.6667652 23.046543 0.0138 9.0 19.0
1.6667652 23.046543 0.0139 8.0 20.0
2.2223537 24.14822 0.0139 8.0 20.0
2.2223537 24.14822 0.0140 7.0 21.0
2.7779422 25.249897 0.0140 7.0 21.0
2.7779422 25.249897 0.0141 6.0 22.0
3.3335307 26.351574 0.0141 6.0 22.0
3.3335307 26.351574 0.0142 1.0 23.0
4.3256807 27.085066 0.0142 1.0 23.0
4.3256807 27.085066 0.0143 0.0 24.0
5.3178306 27.818558 0.0143 0.0 24.0
5.3178306 27.818558 0.0144 0.0 25.0
5.873419 28.920235 0.0144 0.0 25.0
3.3335307 26.351574 0.0145 1.0 23.0
3.8891191 27.45325 0.0145 1.0 23.0
3.8891191 27.45325 0.0146 0.0 24.0
4.4447074 28.554928 0.0146 0.0 24.0
4.4447074 28.554928 0.0147 0.0 25.0
4.4447074 29.788773 0.0147 0.0 25.0
3.3335307 26.351574 0.0148 5.0 23.0
3.8891191 27.45325 0.0148 5.0 23.0
3.8891191 27.45325 0.0149 4.0 24.0
4.4447074 28.554928 0.0149 4.0 24.0
4.4447074 28.554928 0.0150 3.0 25.0
4.4447074 29.788773 0.0150 3.0 25.0
4.4447074 29.788773 0.0151 2.0 26.0
4.4447074 31.022617 0.0151 2.0 26.0
4.4447074 31.022617 0.0152 1.0 27.0
4.4447074 32.256462 0.0152 1.0 27.0
4.4447074 32.256462 0.0153 0.0 28.0
4.4447074 33.490307 0.0153 0.0 28.0
4.4447074 33.490307 0.0154 0.0 29.0
3.889119 34.591984 0.0154 0.0 29.0
4.4447074 28.554928 0.0155 1.0 25.0
5.436857 29.28842 0.0155 1.0 25.0
5.436857 29.28842 0.0156 0.0 26.0
6.429007 30.021912 0.0156 0.0 26.0
6.429007 30.021912 0.0157 0.0 27.0
6.9845953 31.123589 0.0157 0.0 27.0
0.0 19.741512 0.0158 7.0 17.0
0.5555884 20.84319 0.0158 7.0 17.0
0.5555884 20.84319 0.0159 6.0 18.0
1.1111768 21.944866 0.0159 6.0 18.0
1.1111768 21.944866 0.0160 1.0 19.0
2.1033268 22.678358 0.0160 1.0 19.0
2.1033268 22.678358 0.0161 0.0 20.0
3.0954766 23.41185 0.0161 0.0 20.0
3.0954766 23.41185 0.0162 0.0 21.0
3.651065 24.513527 0.0162 0.0 21.0
1.1111768 21.944866 0.0163 1.0 19.0
1.6667652 23.046543 0.0163 1.0 19.0
1.6667652 23.046543 0.0164 0.0 20.0
2.2223537 24.14822 0.0164 0.0 20.0
2.2223537 24.14822 0.0165 0.0 21.0
2.2223537 25.382065 0.0165 0.0 21.0
1.1111768 21.944866 0.0166 5.0 19.0
1.6667652 23.046543 0.0166 5.0 19.0
1.6667652 23.046543 0.0167 4.0 20.0
2.2223537 24.14822 0.0167 4.0 20.0
2.2223537 24.14822 0.0168 3.0 21.0
2.2223537 25.382065 0.0168 3.0 21.0
2.2223537 25.382065 0.0169 2.0 22.0
2.2223537 26.61591 0.0169 2.0 22.0
2.2223537 26.61591 0.0170 1.0 23.0
2.2223537 27.849754 0.0170 1.0 23.0
2.2223537 27.849754 0.0171 0.0 24.0
2.2223537 29.0836 0.0171 0.0 24.0
2.2223537 29.0836 0.0172 0.0 25.0
1.6667652 30.185276 0.0172 0.0 25.0
2.2223537 24.14822 0.0173 1.0 21.0
3.2145035 24.881712 0.0173 1.0 21.0
3.2145035 24.881712 0.0174 0.0 22.0
4.2066536 25.615204 0.0174 0.0 22.0
4.2066536 25.615204 0.0175 0.0 23.0
4.762242 26.71688 0.0175 0.0 23.0
0.0 9.870754 0.0176 35.0 9.0
0.0 11.104599 0.0176 35.0 9.0
0.0 11.104599 0.0177 34.0 10.0
0.0 12.338444 0.0177 34.0 10.0
0.0 12.338444 0.0178 33.0 11.0
0.0 13.5722885 0.0178 33.0 11.0
0.0 13.5722885 0.0179 32.0 12.0
0.0 14.806133 0.0179 32.0 12.0
0.0 14.806133 0.0180 31.0 13.0
0.0 16.039978 0.0180 31.0 13.0
0.0 16.039978 0.0181 30.0 14.0
0.0 17.273823 0.0181 30.0 14.0
0.0 17.273823 0.0182 29.0 15.0
0.0 18.507668 0.0182 29.0 15.0
0.0 18.507668 0.0183 28.0 16.0
0.0 19.741512 0.0183 28.0 16.0
0.0 19.741512 0.0184 27.0 17.0
-0.5555884 20.84319 0.0184 27.0 17.0
-0.5555884 20.84319 0.0185 26.0 18.0
-1.1111768 21.944866 0.0185 26.0 18.0
-1.1111768 21.944866 0.0186 25.0 19.0
-1.6667652 23.046543 0.0186 25.0 19.0
-1.6667652 23.046543 0.0187 24.0 20.0
-2.2223537 24.14822 0.0187 24.0 20.0
-2.2223537 24.14822 0.0188 23.0 21.0
-2.7779422 25.249897 0.0188 23.0 21.0
-2.7779422 25.249897 0.0189 22.0 22.0
-3.3335307 26.351574 0.0189 22.0 22.0
-3.3335307 26.351574 0.0190 21.0 23.0
-3.8891191 27.45325 0.0190 21.0 23.0
-3.8891191 27.45325 0.0191 20.0 24.0
-4.4447074 28.554928 0.0191 20.0 24.0
-4.4447074 28.554928 0.0192 19.0 25.0
-5.0002956 29.656605 0.0192 19.0 25.0
-5.0002956 29.656605 0.0193 18.0 26.0
-5.555884 30.758282 0.0193 18.0 26.0
-5.555884 30.758282 0.0194 17.0 27.0
-6.111472 31.859959 0.0194 17.0 27.0
-6.111472 31.859959 0.0195 16.0 28.0
-6.6670604 32.961636 0.0195 16.0 28.0
-6.6670604 32.961636 0.0196 7.0 29.0
-6.6670604 34.19548 0.0196 7.0 29.0
-6.6670604 34.19548 0.0197 6.0 30.0
-6.6670604 35.429325 0.0197 6.0 30.0
-6.6670604 35.429325 0.0198 1.0 31.0
-6.111472 36.531002 0.0198 1.0 31.0
-6.111472 36.531002 0.0199 0.0 32.0
-5.555884 37.63268 0.0199 0.0 32.0
-5.555884 37.63268 0.0200 0.0 33.0
-5.555884 38.866524 0.0200 0.0 33.0
-6.6670604 35.429325 0.0201 1.0 31.0
-6.6670604 36.66317 0.0201 1.0 31.0
-6.6670604 36.66317 0.0202 0.0 32.0
-6.6670604 37.897015 0.0202 0.0 32.0
-6.6670604 37.897015 0.0203 0.0 33.0
-7.2226486 38.99869 0.0203 0.0 33.0
-6.6670604 35.429325 0.0204 5.0 31.0
-6.6670604 36.66317 0.0204 5.0 31.0
-6.6670604 36.66317 0.0205 4.0 32.0
-6.6670604 37.897015 0.0205 4.0 32.0
-6.6670604 37.897015 0.0206 3.0 33.0
-7.2226486 38.99869 0.0206 3.0 33.0
-7.2226486 38.99869 0.0207 2.0 34.0
-7.778237 40.10037 0.0207 2.0 34.0
-7.778237 40.10037 0.0208 1.0 35.0
-8.333825 41.202045 0.0208 1.0 35.0
-8.333825 41.202045 0.0209 0.0 36.0
-8.889414 42.303722 0.0209 0.0 36.0
-8.889414 42.303722 0.0210 0.0 37.0
-9.881564 43.037212 0.0210 0.0 37.0
-6.6670604 37.897015 0.0211 1.0 33.0
-6.111472 38.99869 0.0211 1.0 33.0
-6.111472 38.99869 0.0212 0.0 34.0
-5.555884 40.10037 0.0212 0.0 34.0
-5.555884 40.10037 0.0213 0.0 35.0
-5.555884 41.334213 0.0213 0.0 35.0
-6.6670604 32.961636 0.0214 7.0 29.0
-6.111472 34.063313 0.0214 7.0 29.0
-6.111472 34.063313 0.0215 6.0 30.0
-5.555884 35.16499 0.0215 6.0 30.0
-5.555884 35.16499 0.0216 1.0 31.0
-4.563734 35.89848 0.0216 1.0 31.0
-4.563734 35.89848 0.0217 0.0 32.0
-3.5715842 36.63197 0.0217 0.0 32.0
-3.5715842 36.63197 0.0218 0.0 33.0
-3.0159957 37.733646 0.0218 0.0 33.0
-5.555884 35.16499 0.0219 1.0 31.0
-5.0002956 36.266666 0.0219 1.0 31.0
-5.0002956 36.266666 0.0220 0.0 32.0
-4.4447074 37.368343 0.0220 0.0 32.0
-4.4447074 37.368343 0.0221 0.0 33.0
-4.4447074 38.60219 0.0221 0.0 33.0
-5.555884 35.16499 0.0222 5.0 31.0
-5.0002956 36.266666 0.0222 5.0 31.0
-5.0002956 36.266666 0.0223 4.0 32.0
-4.4447074 37.368343 0.0223 4.0 32.0
-4.4447074 37.368343 0.0224 3.0 33.0
-4.4447074 38.60219 0.0224 3.0 33.0
-4.4447074 38.60219 0.0225 2.0 34.0
-4.4447074 39.836033 0.0225 2.0 34.0
-4.4447074 39.836033 0.0226 1.0 35.0
-4.4447074 41.069878 0.0226 1.0 35.0
-4.4447074 41.069878 0.0227 0.0 36.0
-4.4447074 42.303722 0.0227 0.0 36.0
-4.4447074 42.303722 0.0228 0.0 37.0
-5.0002956 43.4054 0.0228 0.0 37.0
-4.4447074 37.368343 0.0229 1.0 33.0
-3.4525576 38.101833 0.0229 1.0 33.0
-3.4525576 38.101833 0.0230 0.0 34.0
-2.4604077 38.835323 0.0230 0.0 34.0
-2.4604077 38.835323 0.0231 0.0 35.0
-1.9048193 39.937 0.0231 0.0 35.0
-6.6670604 32.961636 0.0232 15.0 29.0
-7.2226486 34.063313 0.0232 15.0 29.0
-7.2226486 34.063313 0.0233 14.0 30.0
-7.778237 35.16499 0.0233 14.0 30.0
-7.778237 35.16499 0.0234 13.0 31.0
-8.333825 36.266666 0.0234 13.0 31.0
-8.333825 36.266666 0.0235 12.0 32.0
-8.889414 37.368343 0.0235 12.0 32.0
-8.889414 37.368343 0.0236 11.0 33.0
-8.889414 38.60219 0.0236 11.0 33.0
-8.889414 38.60219 0.0237 10.0 34.0
-8.889414 39.836033 0.0237 10.0 34.0
-8.889414 39.836033 0.0238 9.0 35.0
-8.889414 41.069878 0.0238 9.0 35.0
-8.889414 41.069878 0.0239 8.0 36.0
-8.889414 42.303722 0.0239 8.0 36.0
-8.889414 42.303722 0.0240 7.0 37.0
-8.889414 43.537567 0.0240 7.0 37.0
-8.889414 43.537567 0.0241 6.0 38.0
-8.889414 44.77141 0.0241 6.0 38.0
-8.889414 44.77141 0.0242 1.0 39.0
-8.333825 45.87309 0.0242 1.0 39.0
-8.333825 45.87309 0.0243 0.0 40.0
-7.778237 46.974766 0.0243 0.0 40.0
-7.778237 46.974766 0.0244 0.0 41.0
-7.778237 48.20861 0.0244 0.0 41.0
-8.889414 44.77141 0.0245 1.0 39.0
-8.889414 46.005257 0.0245 1.0 39.0
-8.889414 46.005257 0.0246 0.0 40.0
-8.889414 47.2391 0.0246 0.0 40.0
-8.889414 47.2391 0.0247 0.0 41.0
-9.445003 48.34078 0.0247 0.0 41.0
-8.889414 44.77141 0.0248 5.0 39.0
-8.889414 46.005257 0.0248 5.0 39.0
-8.889414 46.005257 0.0249 4.0 40.0
-8.889414 47.2391 0.0249 4.0 40.0
-8.889414 47.2391 0.0250 3.0 41.0
-9.445003 48.34078 0.0250 3.0 41.0
-9.445003 48.34078 0.0251 2.0 42.0
-10.000591 49.442455 0.0251 2.0 42.0
-10.000591 49.442455 0.0252 1.0 43.0
-10.55618 50.544132 0.0252 1.0 43.0
-10.55618 50.544132 0.0253 0.0 44.0
-11.111769 51.64581 0.0253 0.0 44.0
-11.111769 51.64581 0.0254 0.0 45.0
-12.103919 52.3793 0.0254 0.0 45.0
-8.889414 47.2391 0.0255 1.0 41.0
-8.333825 48.34078 0.0255 1.0 41.0
-8.333825 48.34078 0.0256 0.0 42.0
-7.778237 49.442455 0.0256 0.0 42.0
-7.778237 49.442455 0.0257 0.0 43.0
-7.778237 50.6763 0.0257 0.0 43.0
-8.889414 37.368343 0.0258 7.0 33.0
-8.889414 38.60219 0.0258 7.0 33.0
-8.889414 38.60219 0.0259 6.0 34.0
-8.889414 39.836033 0.0259 6.0 34.0
-8.889414 39.836033 0.0260 1.0 35.0
-8.333825 40.93771 0.0260 1.0 35.0
-8.333825 40.93771 0.0261 0.0 36.0
-7.778237 42.039387 0.0261 0.0 36.0
-7.778237 42.039387 0.0262 0.0 37.0
-7.778237 43.27323 0.0262 0.0 37.0
-8.889414 39.836033 0.0263 1.0 35.0
-8.889414 41.069878 0.0263 1.0 35.0
-8.889414 41.069878 0.0264 0.0 36.0
-8.889414 42.303722 0.0264 0.0 36.0
-8.889414 42.303722 0.0265 0.0 37.0
-9.445003 43.4054 0.0265 0.0 37.0
-8.889414 39.836033 0.0266 5.0 35.0
-8.889414 41.069878 0.0266 5.0 35.0
-8.889414 41.069878 0.0267 4.0 36.0
-8.889414 42.303722 0.0267 4.0 36.0
-8.889414 42.303722 0.0268 3.0 37.0
-9.445003 43.4054 0.0268 3.0 37.0
-9.445003 43.4054 0.0269 2.0 38.0
-10.000591 44.507076 0.0269 2.0 38.0
-10.000591 44.507076 0.0270 1.0 39.0
-10.55618 45.608753 0.0270 1.0 39.0
-10.55618 45.608753 0.0271 0.0 40.0
-11.111769 46.71043 0.0271 0.0 40.0
-11.111769 46.71043 0.0272 0.0 41.0
-12.103919 47.44392 0.0272 0.0 41.0
-8.889414 42.303722 0.0273 1.0 37.0
-8.333825 43.4054 0.0273 1.0 37.0
-8.333825 43.4054 0.0274 0.0 38.0
-7.778237 44.507076 0.0274 0.0 38.0
-7.778237 44.507076 0.0275 0.0 39.0
-7.778237 45.74092 0.0275 0.0 39.0
0.0 19.741512 0.0276 19.0 17.0
0.5555884 20.84319 0.0276 19.0 17.0
0.5555884 20.84319 0.0277 18.0 18.0
1.1111768 21.944866 0.0277 18.0 18.0
1.1111768 21.944866 0.0278 17.0 19.0
1.6667652 23.046543 0.0278 17.0 19.0
1.6667652 23.046543 0.0279 16.0 20.0
2.2223537 24.14822 0.0279 16.0 20.0
2.2223537 24.14822 0.0280 7.0 21.0
3.2145035 24.881712 0.0280 7.0 21.0
3.2145035 24.881712 0.0281 6.0 22.0
4.2066536 25.615204 0.0281 6.0 22.0
4.2066536 25.615204 0.0282 1.0 23.0
5.422811 25.82337 0.0282 1.0 23.0
5.422811 25.82337 0.0283 0.0 24.0
6.6389685 26.031536 0.0283 0.0 24.0
6.6389685 26.031536 0.0284 0.0 25.0
7.6311183 26.765028 0.0284 0.0 25.0
4.2066536 25.615204 0.0285 1.0 23.0
5.1988034 26.348696 0.0285 1.0 23.0
5.1988034 26.348696 0.0286 0.0 24.0
6.1909533 27.082188 0.0286 0.0 24.0
6.1909533 27.082188 0.0287 0.0 25.0
6.7465415 28.183865 0.0287 0.0 25.0
4.2066536 25.615204 0.0288 5.0 23.0
5.1988034 26.348696 0.0288 5.0 23.0
5.1988034 26.348696 0.0289 4.0 24.0
6.1909533 27.082188 0.0289 4.0 24.0
6.1909533 27.082188 0.0290 3.0 25.0
6.7465415 28.183865 0.0290 3.0 25.0
6.7465415 28.183865 0.0291 2.0 26.0
7.3021297 29.285542 0.0291 2.0 26.0
7.3021297 29.285542 0.0292 1.0 27.0
7.857718 30.387218 0.0292 1.0 27.0
7.857718 30.387218 0.0293 0.0 28.0
8.413306 31.488895 0.0293 0.0 28.0
8.413306 31.488895 0.0294 0.0 29.0
8.413306 32.72274 0.0294 0.0 29.0
6.1909533 27.082188 0.0295 1.0 25.0
7.4071107 27.290354 0.0295 1.0 25.0
7.4071107 27.290354 0.0296 0.0 26.0
8.623268 27.49852 0.0296 0.0 26.0
8.623268 27.49852 0.0297 0.0 27.0
9.615418 28.232012 0.0297 0.0 27.0
2.2223537 24.14822 0.0298 7.0 21.0
3.438511 24.356386 0.0298 7.0 21.0
3.438511 24.356386 0.0299 6.0 22.0
4.6546683 24.564552 0.0299 6.0 22.0
4.6546683 24.564552 0.0300 1.0 23.0
5.8342886 24.202795 0.0300 1.0 23.0
5.8342886 24.202795 0.0301 0.0 24.0
7.013909 23.841038 0.0301 0.0 24.0
7.013909 23.841038 0.0302 0.0 25.0
8.230066 24.049204 0.0302 0.0 25.0
4.6546683 24.564552 0.0303 1.0 23.0
5.870826 24.772718 0.0303 1.0 23.0
5.870826 24.772718 0.0304 0.0 24.0
7.086983 24.980885 0.0304 0.0 24.0
7.086983 24.980885 0.0305 0.0 25.0
8.079133 25.714376 0.0305 0.0 25.0
4.6546683 24.564552 0.0306 5.0 23.0
5.870826 24.772718 0.0306 5.0 23.0
5.870826 24.772718 0.0307 4.0 24.0
7.086983 24.980885 0.0307 4.0 24.0
7.086983 24.980885 0.0308 3.0 25.0
8.079133 25.714376 0.0308 3.0 25.0
8.079133 25.714376 0.0309 2.0 26.0
9.071283 26.447868 0.0309 2.0 26.0
9.071283 26.447868 0.0310 1.0 27.0
10.063434 27.18136 0.0310 1.0 27.0
10.063434 27.18136 0.0311 0.0 28.0
11.055584 27.914852 0.0311 0.0 28.0
11.055584 27.914852 0.0312 0.0 29.0
11.611173 29.01653 0.0312 0.0 29.0
7.086983 24.980885 0.0313 1.0 25.0
8.266603 24.619127 0.0313 1.0 25.0
8.266603 24.619127 0.0314 0.0 26.0
9.446224 24.25737 0.0314 0.0 26.0
9.446224 24.25737 0.0315 0.0 27.0
10.662381 24.465536 0.0315 0.0 27.0
2.2223537 24.14822 0.0316 15.0 21.0
2.7779422 25.249897 0.0316 15.0 21.0
2.7779422 25.249897 0.0317 14.0 22.0
3.3335307 26.351574 0.0317 14.0 22.0
3.3335307 26.351574 0.0318 13.0 23.0
3.8891191 27.45325 0.0318 13.0 23.0
3.8891191 27.45325 0.0319 12.0 24.0
4.4447074 28.554928 0.0319 12.0 24.0
4.4447074 28.554928 0.0320 11.0 25.0
5.436857 29.28842 0.0320 11.0 25.0
5.436857 29.28842 0.0321 10.0 26.0
6.429007 30.021912 0.0321 10.0 26.0
6.429007 30.021912 0.0322 9.0 27.0
7.421157 30.755404 0.0322 9.0 27.0
7.421157 30.755404 0.0323 8.0 28.0
8.413307 31.488895 0.0323 8.0 28.0
8.413307 31.488895 0.0324 7.0 29.0
9.4054575 32.222385 0.0324 7.0 29.0
9.4054575 32.222385 0.0325 6.0 30.0
10.397608 32.955875 0.0325 6.0 30.0
10.397608 32.955875 0.0326 1.0 31.0
11.613765 33.16404 0.0326 1.0 31.0
11.613765 33.16404 0.0327 0.0 32.0
12.829922 33.372204 0.0327 0.0 32.0
12.829922 33.372204 0.0328 0.0 33.0
13.822072 34.105694 0.0328 0.0 33.0
10.397608 32.955875 0.0329 1.0 31.0
11.389758 33.689365 0.0329 1.0 31.0
11.389758 33.689365 0.0330 0.0 32.0
12.381908 34.422855 0.0330 0.0 32.0
12.381908 34.422855 0.0331 0.0 33.0
12.937497 35.524532 0.0331 0.0 33.0
10.397608 32.955875 0.0332 5.0 31.0
11.389758 33.689365 0.0332 5.0 31.0
11.389758 33.689365 0.0333 4.0 32.0
12.381908 34.422855 0.0333 4.0 32.0
12.381908 34.422855 0.0334 3.0 33.0
12.937497 35.524532 0.0334 3.0 33.0
12.937497 35.524532 0.0335 2.0 34.0
13.493086 36.62621 0.0335 2.0 34.0
13.493086 36.62621 0.0336 1.0 35.0
14.048675 37.727886 0.0336 1.0 35.0
14.048675 37.727886 0.0337 0.0 36.0
14.604263 38.829563 0.0337 0.0 36.0
14.604263 38.829563 0.0338 0.0 37.0
14.604263 40.063408 0.0338 0.0 37.0
12.381908 34.422855 0.0339 1.0 33.0
13.598065 34.63102 0.0339 1.0 33.0
13.598065 34.63102 0.0340 0.0 34.0
14.814222 34.839184 0.0340 0.0 34.0
14.814222 34.839184 0.0341 0.0 35.0
15.806373 35.572674 0.0341 0.0 35.0
4.4447074 28.554928 0.0342 7.0 25.0
5.436857 29.28842 0.0342 7.0 25.0
5.436857 29.28842 0.0343 6.0 26.0
6.429007 30.021912 0.0343 6.0 26.0
6.429007 30.021912 0.0344 1.0 27.0
7.6451645 30.230078 0.0344 1.0 27.0
7.6451645 30.230078 0.0345 0.0 28.0
8.861321 30.438244 0.0345 0.0 28.0
8.861321 30.438244 0.0346 0.0 29.0
9.853472 31.171736 0.0346 0.0 29.0
6.429007 30.021912 0.0347 1.0 27.0
7.421157 30.755404 0.0347 1.0 27.0
7.421157 30.755404 0.0348 0.0 28.0
8.413307 31.488895 0.0348 0.0 28.0
8.413307 31.488895 0.0349 0.0 29.0
8.968896 32.590572 0.0349 0.0 29.0
6.429007 30.021912 0.0350 5.0 27.0
7.421157 30.755404 0.0350 5.0 27.0
7.421157 30.755404 0.0351 4.0 28.0
8.413307 31.488895 0.0351 4.0 28.0
8.413307 31.488895 0.0352 3.0 29.0
8.968896 32.590572 0.0352 3.0 29.0
8.968896 32.590572 0.0353 2.0 30.0
9.524485 33.69225 0.0353 2.0 30.0
9.524485 33.69225 0.0354 1.0 31.0
10.080073 34.793926 0.0354 1.0 31.0
10.080073 34.793926 0.0355 0.0 32.0
10.635662 35.895603 0.0355 0.0 32.0
10.635662 35.895603 0.0356 0.0 33.0
10.635662 37.129448 0.0356 0.0 33.0
8.413307 31.488895 0.0357 1.0 29.0
9.629464 31.697062 0.0357 1.0 29.0
9.629464 31.697062 0.0358 0.0 30.0
10.845621 31.905228 0.0358 0.0 30.0
10.845621 31.905228 0.0359 0.0 31.0
11.837771 32.638718 0.0359 0.0 31.0
